14 16 13 16 15 13 15 15
9 10 12 10 11 12 10 12
9 11 10 9 11 10 10 9
1 2 2 2 1 1 2 1
8 7 7 8 8 8 8 7
2 1 1 1 1 1 2 1
16 16 14 15 15 15 16 16
5 6 5 6 6 5 5 6
3 4 4 3 3 4 3 4
10 11 11 9 11 9 8 8
16 15 13 16 13 15 14 16
14 11 13 13 11 12 12 13
8 8 8 7 8 7 7 8
9 8 8 9 11 11 10 8
9 9 9 10 8 9 11 10
11 14 13 12 13 14 14 14
13 12 11 11 13 14 11 13
5 4 4 5 5 5 5 5
7 6 6 6 7 7 6 7
1 2 2 1 1 1 1 1
6 6 7 6 7 7 6 7
2 2 3 3 3 3 2 3
4 4 4 3 3 3 4 4
15 15 15 12 15 13 14 13
12 11 13 13 11 11 12 12
2 2 3 3 2 3 2 3
6 7 6 7 7 6 6 7
2 3 2 3 2 3 3 3
11 12 11 12 13 14 11 11
14 15 13 12 14 13 12 14
11 12 13 13 14 14 13 11
3 2 3 2 3 3 3 2
8 7 7 8 7 8 8 8
14 12 13 15 12 15 14 14
11 9 8 8 11 9 8 9
3 3 3 3 2 2 2 2
12 11 11 10 11 11 13 12
15 14 13 15 15 14 14 12
13 12 15 14 12 15 13 13
6 5 6 5 5 5 5 5
9 9 9 8 9 8 9 8
10 9 12 9 9 9 10 9
12 12 10 11 11 12 12 13
6 6 5 6 6 5 5 6
13 15 12 14 12 12 15 12
4 4 5 4 4 4 4 4
2 3 2 2 3 2 2 3
13 16 15 13 15 16 15 16
3 4 3 4 4 4 4 4
12 15 15 14 15 14 15 13
3 2 2 2 3 2 3 3
7 6 7 7 7 7 6 6
6 6 5 6 5 6 6 5
6 6 5 6 6 5 5 6
4 5 4 5 4 4 4 5
7 7 8 7 7 7 8 8
6 5 6 6 5 5 5 6
9 7 7 8 9 8 8 9
7 6 6 7 7 7 6 7
7 8 8 8 7 7 7 8
3 3 4 3 3 3 3 4
2 3 2 2 3 2 3 2
12 12 10 11 12 13 12 10
12 13 11 12 12 10 13 11
3 4 4 4 3 4 3 3
3 3 3 3 3 4 3 3
7 9 8 9 9 7 9 8
7 7 8 7 8 8 9 8
8 7 7 8 8 9 9 9
7 7 7 7 9 7 7 7
13 14 15 15 13 14 13 12
8 8 10 9 11 10 11 8
10 9 10 11 12 10 12 9
12 14 12 12 14 11 13 13
3 3 2 3 3 3 3 3
13 16 16 14 15 13 13 16
10 9 9 9 10 9 10 8
5 4 5 4 5 4 5 5
6 5 5 5 6 5 6 6
5 4 5 4 4 4 5 4
10 8 10 9 8 9 9 11
9 11 12 12 12 10 11 11
8 8 9 10 10 11 10 9
7 7 7 8 8 8 7 7
13 12 14 15 14 15 15 15
5 6 6 6 6 5 6 5
6 6 6 5 6 6 6 5
2 2 3 3 2 3 3 3
3 2 3 3 2 3 3 2
13 10 11 12 11 12 12 10
12 11 9 11 10 9 10 10
4 3 4 3 4 3 3 4
7 7 7 8 8 7 7 8
16 15 13 15 13 14 16 13
11 11 9 9 11 11 9 12
9 10 12 12 9 9 9 10
12 14 12 11 14 14 11 11
7 8 7 8 8 7 7 7
9 10 10 11 10 11 8 8
4 5 5 4 4 5 4 4
11 13 11 12 11 12 13 13
5 4 4 4 4 4 4 4
7 7 6 6 7 6 7 7
7 6 6 6 6 7 7 7
9 7 9 8 9 7 7 8
3 2 2 2 2 2 2 3
11 11 11 10 9 11 8 9
16 16 13 15 14 15 16 13
11 12 10 12 12 10 10 11
13 11 10 10 12 10 10 13
2 3 2 3 3 3 3 2
3 4 4 3 4 3 4 3
4 4 5 5 4 5 5 5
7 8 7 7 8 7 8 7
5 4 5 5 5 4 4 5
9 9 7 8 7 8 9 7
13 13 13 12 13 15 12 15
2 3 3 2 3 2 3 2
13 13 15 16 14 16 16 16
12 12 13 12 12 12 12 12
7 6 6 6 6 6 6 6
6 6 7 7 7 7 7 7
14 12 11 11 12 11 12 13
6 6 5 6 5 6 6 5
1 1 1 1 2 1 1 1
10 12 10 13 10 11 12 12
8 10 9 11 10 10 9 11
13 12 14 12 13 12 13 14
7 7 7 7 7 7 8 7
8 7 8 7 7 7 7 7
9 8 9 11 11 8 11 10
10 10 11 9 11 8 10 8
5 6 6 6 6 5 6 6
2 3 2 3 3 3 2 2
12 14 13 14 11 14 11 11
15 13 16 16 15 14 15 16
14 12 12 12 11 14 11 14
11 13 11 10 10 13 12 10
12 10 12 12 10 12 10 11
11 10 11 11 9 12 11 12
12 11 11 13 13 10 11 12
14 15 13 16 15 16 14 16
12 12 10 11 12 12 9 9
10 10 10 12 10 10 12 13
5 5 6 5 6 6 6 5
8 7 8 8 7 7 7 7
14 13 14 13 11 12 13 12
7 7 6 7 6 7 6 7
8 9 7 7 8 7 8 9
7 6 6 7 6 6 7 7
12 9 10 9 10 9 12 9
13 13 11 11 10 10 13 12
2 1 2 2 2 2 1 1
9 8 9 7 9 7 8 8
8 7 8 7 7 7 9 9
5 5 6 5 6 6 5 6
11 9 12 11 12 9 11 10
10 9 8 10 10 10 11 10
4 4 4 5 4 5 4 5
13 15 13 15 14 14 13 13
11 10 9 12 12 11 12 12
6 6 6 7 7 6 7 7
5 4 4 5 5 4 4 5
7 8 8 7 7 8 7 7
10 9 8 11 8 8 10 11
6 7 7 6 6 7 7 7
2 3 2 3 2 3 2 3
8 7 7 7 7 8 7 7
7 8 8 7 7 7 8 7
10 11 12 12 10 10 11 12
14 12 12 14 13 13 12 15
12 13 13 11 10 10 10 12
6 6 6 5 6 6 6 5
10 9 10 12 9 9 12 12
13 12 10 12 11 13 11 12
7 7 6 7 6 6 7 6
14 13 13 15 14 13 14 16
14 13 13 11 14 12 12 12
6 6 7 7 6 7 6 6
7 7 7 8 8 7 8 8
4 5 5 4 5 4 5 4
5 4 5 4 4 5 5 5
8 8 7 8 8 7 7 7
7 7 8 8 7 8 8 7
13 12 14 12 11 13 11 11
11 13 12 12 11 14 12 12
8 7 7 9 9 7 9 9
9 7 7 7 9 7 7 9
14 16 13 14 16 14 16 16
7 7 8 9 8 8 9 9
14 13 15 13 15 12 15 14
7 7 6 6 7 7 7 6
4 3 4 3 3 4 4 4
12 9 10 12 9 11 10 10
5 5 4 5 5 5 5 5
8 8 7 7 9 7 9 8
8 7 8 8 7 7 7 8
12 14 14 13 12 12 14 12
11 13 12 11 13 10 10 11
16 16 13 15 13 15 15 16
5 4 5 5 5 4 5 4
8 10 11 9 8 8 8 8
10 12 13 13 12 13 13 12
8 7 7 7 8 7 8 7
15 14 16 14 14 13 16 15
7 6 7 6 7 6 6 7
6 7 6 7 6 6 7 6
7 8 9 9 8 7 8 9
10 8 10 10 10 10 11 11
13 13 12 15 12 15 15 15
7 7 7 7 7 8 8 7
9 9 7 9 9 9 7 8
7 9 7 7 8 8 7 8
5 5 5 5 4 5 4 4
2 1 2 2 2 2 1 2
4 4 4 4 4 3 4 3
9 11 8 8 10 10 8 10
4 5 4 4 5 5 4 4
5 5 5 5 5 5 4 5
8 9 9 8 8 8 8 9
12 13 10 10 10 12 12 10
11 12 12 12 11 11 14 12
13 16 13 13 13 15 15 13
5 5 4 4 5 4 4 4
3 2 3 2 2 3 2 2
2 1 1 1 1 2 2 1
15 14 13 14 13 14 14 15
12 13 15 12 14 13 15 14
9 9 8 7 7 8 7 9
12 11 10 11 10 11 10 10
1 2 2 1 1 2 2 2
6 6 6 7 6 6 7 6
5 5 4 5 5 5 5 4
2 2 1 2 2 1 1 1
13 12 10 13 12 11 13 10
9 11 10 10 8 10 10 9
2 2 2 2 2 2 3 3
6 5 6 5 6 5 5 5
7 9 9 7 9 7 7 7
3 3 4 3 3 3 3 4
11 12 13 13 13 13 13 11
1 1 2 1 1 2 2 1
7 8 7 7 8 7 8 7
5 5 5 5 6 5 6 6
2 2 3 3 2 3 3 2
13 13 14 13 13 15 16 16
11 10 10 13 12 12 13 13
7 6 6 6 6 6 6 7
11 9 9 11 8 9 8 10
10 9 12 9 12 12 12 11
11 11 12 10 11 11 11 12
8 9 7 7 7 8 9 9
12 13 13 13 11 12 14 14
13 16 15 14 14 16 16 14
7 7 8 8 7 7 8 7
5 5 5 4 4 4 4 5
4 4 3 3 3 4 4 4
9 8 9 10 10 9 11 8
6 5 6 6 5 5 6 5
11 10 10 11 11 12 11 11
10 10 10 10 9 9 11 9
3 3 3 2 3 2 2 2
12 11 9 9 12 9 10 12
1 2 1 1 1 2 1 2
6 5 6 6 5 5 5 6
13 13 15 14 16 15 14 14
4 3 3 4 3 3 4 3
1 2 1 1 1 2 2 2
7 7 7 7 8 8 8 8
9 11 9 9 11 10 8 10
10 10 11 9 11 11 9 11
7 7 8 7 8 8 7 8
8 10 8 8 9 9 8 10
12 13 12 11 13 12 12 13
1 1 1 1 2 2 1 1
13 16 16 16 15 13 15 16
15 14 13 16 16 14 15 15
9 8 11 11 8 10 10 11
12 13 12 15 15 13 13 14
16 15 13 15 13 13 13 15
2 2 2 3 3 2 2 3
8 7 9 9 7 9 9 7
11 10 12 11 9 11 10 11
10 13 11 10 13 11 11 13
13 14 12 12 13 13 12 13
3 3 3 4 3 3 3 4
4 4 4 4 5 5 5 4
13 14 15 16 16 13 13 15
7 6 7 6 7 6 7 7
12 14 15 15 14 14 13 12
11 14 12 13 13 11 11 14
9 8 7 9 9 9 9 9
2 2 2 2 1 1 2 2
13 14 14 13 11 14 14 12
11 8 8 10 9 10 9 10
7 9 9 9 7 8 7 8
10 12 10 12 11 12 12 9
2 2 2 1 1 1 2 2
10 12 13 12 13 13 13 11
11 10 10 11 9 11 9 12
14 13 16 14 13 14 15 16
12 10 12 12 11 10 9 11
14 15 14 15 16 15 13 14
14 13 11 14 11 14 13 14
11 11 12 12 9 12 9 9
7 8 8 7 8 7 8 8
8 11 11 9 9 11 11 9
7 6 6 6 7 6 7 7
8 8 9 9 7 7 8 7
1 2 1 2 1 2 2 1
8 9 11 10 11 8 9 9
12 11 10 10 11 11 9 12
14 14 13 13 11 14 13 13
6 6 7 7 7 6 7 7
12 12 12 14 15 14 14 14
7 8 7 7 9 9 9 8
13 15 13 14 16 15 15 13
8 8 7 8 8 8 8 8
4 3 4 4 3 4 4 4
9 12 12 11 12 10 10 10
15 13 14 14 13 14 15 16
7 7 7 7 7 7 8 8
2 1 2 2 2 2 1 1
4 3 3 4 3 4 4 4
14 11 12 13 14 13 13 14
2 3 3 2 3 3 3 2
12 12 10 10 12 10 10 10
12 13 13 14 14 14 13 15
3 3 3 3 4 3 4 4
6 6 6 5 5 5 6 5
2 2 2 3 3 3 2 2
11 12 12 11 11 13 12 11
5 5 4 4 4 4 5 4
4 5 5 4 5 4 5 4
3 3 4 3 3 4 4 3
2 2 1 1 2 1 2 1
6 7 7 6 6 7 7 6
14 12 12 15 13 14 14 15
13 13 15 13 14 12 12 14
14 12 14 12 11 13 13 12
12 11 14 13 12 14 12 12
7 7 6 7 7 6 6 6
5 6 5 5 5 6 5 5
2 1 2 1 1 2 1 2
9 10 10 8 10 11 9 10
13 13 14 13 12 14 15 15
14 14 13 15 14 14 15 16
7 8 7 9 7 8 9 9
8 7 7 7 8 8 8 8
14 14 16 13 14 15 15 14
2 3 2 3 3 3 2 3
8 7 7 8 7 8 8 8
9 7 7 9 7 8 9 9
7 8 7 7 7 7 7 7
10 9 12 9 9 10 9 9
5 6 5 5 6 6 6 5
2 3 2 3 2 3 3 2
7 7 8 8 7 7 8 8
12 14 13 15 12 15 12 13
9 12 11 12 12 10 10 12
2 2 1 1 1 2 2 1
10 12 12 11 11 11 11 10
13 14 13 13 15 12 12 14
13 13 11 13 10 10 13 11
11 12 12 12 13 12 13 14
14 13 16 14 13 14 16 16
5 5 4 5 5 4 4 4
1 1 1 2 2 1 2 2
8 7 7 8 8 7 8 7
4 5 5 5 5 4 4 4
4 5 5 4 5 5 4 4
11 10 12 10 10 9 10 11
8 8 8 8 7 8 8 8
14 13 11 13 13 13 13 11
11 8 9 10 11 8 8 10
6 5 5 5 5 5 5 5
4 3 3 3 3 3 4 3
13 13 16 13 14 14 16 16
12 13 11 13 14 12 11 14
8 8 8 7 8 8 7 8
2 2 1 2 2 1 1 2
13 13 14 14 12 12 11 13
6 6 5 5 5 6 6 6
12 14 13 12 12 14 14 14
5 5 6 5 5 5 5 5
15 13 14 14 16 16 15 16
4 4 4 3 4 4 3 3
13 11 12 13 13 14 13 11
2 2 3 3 3 2 2 3
13 13 10 13 13 10 12 12
8 9 8 7 8 8 9 7
4 4 4 4 4 3 3 4
4 4 4 5 5 5 5 5
14 13 13 14 15 12 15 13
6 6 6 6 7 7 7 6
8 8 7 7 7 8 7 7
9 8 10 11 10 10 11 10
13 13 12 12 13 13 12 13
13 11 14 11 13 11 12 14
2 2 3 3 3 2 2 2
13 15 16 15 13 13 14 16
7 7 7 7 7 8 8 7
1 1 1 2 2 2 2 2
11 10 12 9 11 10 11 10
8 8 10 8 8 8 9 8
9 9 8 8 9 8 8 7
9 7 9 8 7 7 8 9
10 11 11 13 11 12 13 10
3 4 3 3 3 4 3 3
5 5 6 6 6 6 6 5
2 1 2 2 1 1 2 2
8 9 8 8 7 8 7 7
3 3 2 2 2 2 2 2
10 11 11 10 9 10 9 10
14 15 13 13 15 15 14 13
5 4 4 5 5 4 5 5
3 2 3 3 3 2 3 3
7 7 7 7 6 7 6 7
11 11 13 11 13 13 11 14
14 13 16 15 16 16 14 14
14 15 14 15 16 14 13 16
8 8 7 8 7 8 8 8
8 8 9 10 9 11 10 10
7 7 7 7 8 8 7 7
2 2 2 2 1 1 1 2
13 14 15 13 15 15 16 16
6 5 6 5 5 6 6 5
11 11 10 12 12 10 11 10
7 7 8 7 7 8 7 8
10 10 12 9 11 10 11 9
11 11 10 13 11 13 11 10
6 6 6 5 6 6 6 5
10 12 12 10 10 10 12 10
5 5 6 6 6 6 5 5
2 3 2 3 3 3 3 2
15 14 13 13 15 13 13 12
8 7 8 8 8 7 9 8
4 3 4 3 4 4 3 3
8 8 8 8 7 8 8 7
10 10 10 9 11 9 9 12
6 6 6 6 7 6 6 6
4 4 4 4 4 4 3 3
5 5 5 6 6 5 6 5
8 8 7 8 7 7 8 8
14 15 15 13 16 14 15 14
6 5 6 5 6 5 6 6
10 10 13 13 12 13 12 11
14 13 15 16 15 15 14 13
13 12 12 12 12 12 13 15
13 13 11 12 11 12 13 12
12 12 12 13 14 13 14 13
11 11 9 8 10 8 11 10
12 11 10 10 13 10 13 13
16 16 16 15 16 15 14 15
9 12 12 9 9 10 12 11
7 7 9 7 8 7 8 7
3 3 4 3 4 4 3 4
7 7 6 7 7 7 7 6
11 10 8 9 8 8 9 11
12 13 13 11 13 11 13 10
12 13 10 13 12 12 10 12
1 1 1 2 1 1 2 1
12 15 14 15 15 13 15 13
6 5 6 5 6 6 6 6
15 13 15 13 13 15 13 14
2 3 2 3 2 2 2 3
1 1 2 2 2 2 2 1
3 3 4 3 4 3 3 4
13 14 14 14 13 16 14 16
6 6 6 6 7 6 7 6
2 1 2 2 2 1 1 1
9 9 10 9 11 11 9 8
7 8 7 8 9 7 8 7
13 13 12 13 12 10 12 11
12 13 11 11 14 12 11 13
12 12 12 14 12 13 13 13
9 9 7 7 8 8 8 8
9 8 9 7 7 8 9 8
5 4 5 4 4 5 5 4
4 4 5 4 4 5 5 4
3 2 2 3 3 2 2 2
12 10 10 13 12 12 11 10
10 9 11 10 9 8 8 10
10 8 9 8 8 10 8 9
8 7 8 8 7 8 7 8
10 10 10 13 13 11 11 13
16 15 13 14 14 15 13 13
3 3 3 4 4 4 3 3
7 7 8 9 8 9 9 8
6 7 7 6 6 7 7 7
9 10 9 11 11 12 10 9
7 7 7 7 8 7 8 7
13 16 13 13 16 15 14 14
1 2 2 1 2 1 2 2
11 11 13 12 13 13 11 13
5 5 6 5 5 5 5 5
12 14 13 14 13 13 12 12
13 12 12 10 11 13 11 11
1 2 1 1 2 1 2 1
1 1 1 1 1 1 2 1
9 11 10 10 8 8 9 9
7 7 6 6 7 6 6 6
7 7 7 8 7 8 7 7
14 12 11 11 12 12 11 13
6 6 6 5 5 6 5 5
7 8 8 7 7 7 7 8
13 13 16 15 16 16 15 15
4 5 5 4 4 5 5 4
7 6 7 7 6 6 7 6
4 5 5 4 5 4 5 5
6 5 6 6 5 5 5 5
15 15 14 14 14 14 14 16
11 9 9 12 12 9 11 12
10 9 11 10 11 9 9 10
8 9 11 9 8 10 11 10
7 8 8 8 8 8 7 8
1 2 2 1 2 2 1 2
5 5 4 5 5 5 5 4
5 6 5 6 5 5 5 5
12 11 11 13 12 14 13 13
1 2 1 1 1 1 2 2
9 10 9 9 11 9 11 9
7 8 9 9 8 7 8 9
11 11 9 10 11 8 9 10
2 1 2 2 2 1 1 1
11 8 8 8 10 11 9 10
14 14 12 12 12 14 13 14
6 7 7 7 6 6 7 7
8 8 7 9 7 9 9 9
14 12 13 11 12 12 14 13
3 3 3 2 3 3 2 3
4 4 4 4 4 4 4 5
14 16 14 13 15 15 15 13
10 11 10 9 10 10 10 10
2 2 2 3 2 3 2 2
10 9 9 10 8 10 9 10
11 9 11 11 10 8 8 11
7 6 7 6 7 7 6 6
10 12 10 10 9 10 9 12
5 5 5 6 5 5 6 5
4 3 3 3 3 4 4 4
5 5 5 4 5 5 4 5
8 7 9 8 8 9 8 7
12 14 14 15 15 12 12 14
14 14 14 15 15 15 13 15
14 14 14 12 13 15 15 12
6 7 7 7 7 6 7 7
8 8 8 7 7 7 7 8
7 6 6 7 6 6 6 6
4 5 4 5 5 5 5 4
11 14 12 12 14 12 12 13
13 12 12 10 12 10 12 10
4 4 5 4 5 5 4 5
11 14 14 13 11 13 14 11
7 8 7 7 7 7 7 8
4 4 5 4 4 5 4 4
6 6 6 6 6 7 7 6
8 11 8 10 8 10 8 8
13 14 15 14 16 16 13 13
7 7 7 7 8 8 8 8
14 12 11 14 13 13 11 11
12 12 9 10 12 12 12 12
3 3 2 3 3 2 3 3
7 8 7 7 8 8 7 8
8 8 7 7 8 8 8 8
4 4 3 4 4 4 4 4
4 4 4 3 3 3 4 3
3 4 4 3 4 3 3 3
6 6 6 7 7 7 6 6
11 13 12 12 11 13 13 11
10 13 12 12 11 12 11 12
12 14 14 15 15 14 15 15
7 6 7 6 6 7 7 7
7 7 7 7 6 6 6 6
14 14 13 11 12 13 12 13
6 6 6 5 5 5 6 5
11 12 13 10 12 10 12 10
13 10 10 11 11 11 12 11
15 14 15 15 16 16 16 14
6 7 6 7 7 6 7 6
11 11 11 11 8 8 9 9
7 7 8 7 8 9 8 7
13 12 12 14 12 15 15 13
4 3 4 3 4 4 4 4
12 10 9 10 10 9 10 11
8 8 7 7 7 7 7 8
3 3 2 2 3 2 2 2
3 2 3 3 2 2 2 2
9 7 7 7 8 7 8 9
12 12 13 12 11 12 10 12
15 12 13 12 12 14 14 12
7 7 7 7 7 8 7 7
3 4 3 4 3 4 3 4
7 7 8 7 9 8 8 8
7 8 8 7 7 7 7 8
4 3 3 3 3 3 4 3
11 8 8 9 8 10 10 11
13 15 12 13 15 12 14 12
4 5 4 4 5 4 5 5
15 14 13 12 15 15 13 12
3 4 3 3 4 3 4 4
14 12 13 15 13 12 15 15
13 13 13 12 13 11 12 13
4 4 5 4 4 5 4 5
13 14 13 12 14 14 12 12
6 6 5 5 6 6 6 5
4 3 4 4 4 4 3 3
12 14 12 12 12 12 13 12
16 15 15 13 13 15 14 13
8 7 7 8 8 9 9 8
8 7 9 9 9 9 9 7
13 13 15 14 16 13 15 14
8 8 9 8 10 8 8 9
8 10 8 10 9 9 9 10
4 3 3 3 4 3 3 4
5 5 5 6 6 6 5 5
1 1 1 1 1 2 2 2
13 14 12 12 11 11 11 11
16 16 14 13 14 14 16 16
11 10 10 9 10 12 9 11
6 6 6 7 6 7 6 6
4 4 3 3 4 3 4 4
15 16 16 14 16 16 16 15
4 4 4 4 3 4 3 4
5 5 6 5 6 5 6 6
9 9 8 7 9 7 7 8
14 16 15 16 15 15 16 15
3 2 2 2 3 3 2 3
9 7 7 7 8 7 8 9
3 3 3 3 4 4 3 3
6 7 7 6 6 7 7 7
14 13 13 14 16 14 13 14
13 13 14 13 13 14 13 14
14 13 13 15 13 15 14 15
6 7 6 7 7 7 6 6
6 6 5 5 5 5 6 6
11 9 8 9 11 10 8 10
11 13 10 11 13 13 11 11
7 7 8 7 7 8 8 8
5 4 4 4 4 4 4 4
14 15 13 16 15 13 14 16
3 4 4 4 3 3 3 3
2 3 3 3 2 2 2 3
8 8 8 7 8 7 9 7
4 3 3 3 3 4 4 4
15 14 12 13 13 13 14 14
3 4 3 4 4 4 3 3
8 8 8 7 7 8 8 7
3 3 2 2 2 3 2 2
9 7 9 7 7 9 8 7
13 16 16 15 13 13 15 14
14 16 14 13 16 16 13 15
15 15 12 12 12 13 14 14
13 10 12 13 11 12 13 10
4 4 4 3 3 4 3 3
4 4 5 4 5 4 4 4
6 7 6 6 7 6 7 6
11 8 11 10 10 9 11 8
14 14 13 13 15 13 12 15
3 4 4 4 4 3 4 3
5 4 4 4 4 4 5 4
14 13 13 16 16 16 14 14
3 3 3 3 4 3 3 4
8 9 9 9 8 8 7 8
12 13 14 14 12 11 13 12
10 12 9 11 9 9 9 9
1 1 2 1 1 2 1 1
6 6 5 6 5 5 5 6
11 14 14 13 14 11 12 11
6 7 7 7 7 7 7 7
2 2 3 3 2 3 3 2
5 4 4 4 4 4 5 4
4 3 4 4 3 3 4 3
3 2 2 3 2 3 3 3
7 7 7 7 6 7 7 6
9 9 8 9 8 7 9 8
9 8 8 10 9 8 10 9
3 2 3 2 3 2 3 3
12 10 11 11 12 12 10 12
11 13 10 11 10 10 11 10
7 7 7 8 8 8 7 7
4 4 3 4 3 4 3 4
9 9 8 11 10 8 10 8
7 7 7 8 8 7 7 8
11 9 11 11 10 10 9 8
13 10 10 10 10 10 12 13
10 13 11 11 13 12 13 11
11 13 11 14 13 14 14 12
12 13 12 13 11 12 13 11
7 6 7 7 7 6 7 7
9 10 11 10 11 11 11 12
3 4 4 4 3 3 4 4
12 12 14 14 14 12 14 13
7 6 7 6 7 7 6 7
1 1 2 1 2 2 1 2
2 2 2 2 3 2 3 3
3 3 4 3 3 3 3 3
8 8 10 10 11 11 10 8
8 11 10 9 9 8 10 11
11 8 9 8 10 10 11 8
