1 2 4
1 3 6
1 4 3
1 5 1
1 6 3
2 7 5
3 8 3
3 9 2
3 10 5
4 11 1
4 12 7
5 13 1
5 14 9
5 15 8
5 16 1
6 17 3
6 18 8
6 19 7
6 20 5
6 21 9
7 22 4
8 23 4
9 24 5
10 25 7
11 25 7
12 26 3
13 26 8
14 27 5
15 27 4
16 28 1
17 29 5
18 30 1
19 31 4
20 31 4
21 32 5
22 33 1
23 34 5
24 35 4
24 36 2
24 37 4
24 38 3
25 39 8
26 40 4
27 41 4
28 42 8
28 43 4
29 44 6
29 45 7
30 46 4
30 47 8
31 48 7
32 49 4
32 50 8
33 51 9
34 52 6
35 53 3
36 54 1
37 55 8
38 56 6
39 57 1
40 58 8
41 59 5
42 60 6
43 61 4
44 61 8
45 62 1
46 63 6
47 64 9
48 65 1
49 66 5
50 67 8
51 68 8
52 68 8
53 69 1
54 70 6
55 71 9
56 72 4
57 73 3
58 74 5
59 75 9
60 75 8
61 76 2
62 76 8
63 77 4
64 78 7
65 79 3
66 79 3
67 80 9
68 81 7
68 82 2
69 83 2
69 84 4
70 85 8
71 86 2
72 87 7
73 88 8
74 89 9
75 90 1
76 91 6
77 92 2
78 93 2
79 94 8
80 95 2
81 96 9
82 97 3
83 98 7
84 98 7
85 99 7
86 100 1
87 101 2
88 102 7
89 103 5
90 104 8
91 105 4
92 106 3
93 107 6
94 108 6
95 109 7
96 110 6
97 111 7
98 112 5
99 113 2
100 114 7
100 115 3
101 116 1
102 117 3
103 118 5
104 119 6
105 120 2
106 121 4
107 122 2
107 123 8
108 124 8
109 125 2
109 126 2
109 127 9
110 128 2
111 129 3
112 130 9
113 131 2
114 132 8
115 133 3
116 134 7
117 135 1
117 136 9
118 137 7
119 138 4
120 139 5
121 140 9
121 141 7
122 142 2
122 143 8
123 144 1
124 145 8
125 146 9
126 147 9
127 148 8
128 149 5
129 149 7
130 150 5
131 151 3
132 152 6
133 152 7
134 153 1
135 154 9
136 154 9
137 155 8
138 156 3
139 157 6
140 158 4
141 159 1
142 160 3
143 161 4
144 162 3
145 162 9
146 163 4
147 164 7
148 165 3
149 166 5
150 167 5
151 168 9
152 169 1
153 170 3
154 171 7
155 172 4
156 173 7
157 174 1
158 175 2
159 176 7
160 177 4
161 178 6
162 179 1
163 180 6
164 181 1
165 182 4
166 183 5
167 184 3
168 185 8
169 186 5
170 187 9
171 188 4
172 189 6
173 190 6
174 191 9
175 192 5
176 193 1
177 194 5
178 195 3
179 196 4
180 197 4
181 198 8
182 199 5
183 200 3
184 201 4
185 202 4
185 203 1
186 204 1
187 205 7
188 206 8
188 207 1
189 208 3
190 209 9
191 210 2
192 211 8
193 212 3
194 213 5
195 214 3
195 215 2
196 216 1
197 217 9
198 218 8
199 219 7
199 220 9
200 221 5
201 222 2
202 223 6
203 223 1
204 223 2
205 224 9
206 224 5
207 224 1
208 225 5
209 225 4
210 226 8
211 226 9
212 227 1
213 228 2
214 228 5
215 229 7
216 230 9
217 230 5
218 230 7
219 231 4
220 231 3
221 232 6
222 233 9
222 234 9
223 235 6
224 236 7
225 237 6
226 238 6
227 239 4
228 240 9
229 241 4
230 242 2
231 243 9
232 244 2
233 245 8
234 246 8
235 247 8
236 248 4
237 249 4
238 250 3
239 251 4
240 252 6
241 253 3
242 254 3
242 255 2
243 256 7
244 257 2
244 258 1
245 259 1
246 260 6
247 261 9
248 262 1
249 263 2
250 264 5
250 265 5
251 266 8
251 267 9
252 268 5
253 269 5
253 270 2
254 271 8
254 272 7
255 273 4
256 274 9
257 275 3
258 275 3
259 276 7
260 276 2
261 277 1
262 277 3
263 278 3
264 278 6
265 278 2
266 279 6
267 280 8
268 281 1
269 282 4
270 283 5
271 284 4
272 284 7
273 285 3
274 285 7
275 286 1
276 287 5
276 288 5
277 289 2
278 290 2
279 291 3
280 292 6
281 293 9
282 294 6
283 295 2
284 296 6
285 297 1
286 298 7
287 299 3
288 300 8
289 301 3
290 302 4
291 303 4
292 304 3
292 305 5
293 306 5
293 307 6
294 308 5
294 309 7
295 310 5
296 311 3
297 312 4
297 313 6
297 314 7
298 315 7
299 316 7
300 317 5
301 318 7
302 319 6
303 320 7
304 321 8
305 322 3
306 323 1
307 324 4
308 325 1
309 326 7
310 327 5
311 328 8
312 329 4
313 330 9
314 331 8
315 332 8
316 333 5
317 334 8
318 334 9
319 335 1
320 336 9
321 337 1
322 338 2
323 339 2
324 339 8
325 340 4
326 341 5
327 342 8
328 342 3
329 343 7
330 344 6
331 345 7
332 346 9
332 347 6
333 348 9
334 349 3
335 350 1
335 351 8
335 352 6
335 353 6
336 354 4
336 355 5
337 356 1
338 357 3
339 358 9
340 359 1
341 360 8
342 361 9
343 362 3
343 363 6
344 364 4
344 365 5
345 366 9
346 367 2
347 368 6
348 369 5
349 370 5
350 371 5
351 372 2
352 373 1
353 374 1
354 375 3
355 376 5
356 377 9
357 378 8
358 379 1
359 380 4
360 381 4
361 382 9
362 383 6
363 384 4
364 385 9
365 386 2
366 387 7
367 388 9
368 389 8
369 389 7
370 389 2
371 390 6
372 390 4
373 390 2
374 390 3
375 391 8
376 391 5
377 392 7
378 393 5
379 393 6
380 393 5
381 394 3
382 395 1
383 396 3
384 397 9
385 398 8
386 398 7
387 399 3
388 400 7
389 400 6
390 400 5
391 400 1
392 400 3
393 400 3
394 400 4
395 400 4
396 400 1
397 400 2
398 400 2
399 400 9
