1 2 44
1 3 4
2 4 54
2 5 17
2 6 64
2 7 33
3 8 27
3 9 21
4 10 61
4 11 44
5 12 74
6 13 21
7 14 65
8 15 43
8 16 26
9 17 75
9 18 1
10 19 51
11 20 72
12 21 37
13 22 57
14 23 14
15 24 30
16 25 2
17 26 70
18 27 12
19 28 18
20 29 45
21 30 44
22 31 47
23 31 41
24 32 28
25 33 18
26 34 50
27 35 21
28 36 25
29 37 5
30 38 75
31 39 71
32 39 15
33 40 26
34 41 77
35 42 30
36 43 33
37 43 16
38 43 61
39 44 35
40 45 69
41 45 1
42 46 58
43 47 63
44 48 11
44 49 23
45 50 37
46 51 43
46 52 15
46 53 6
46 54 78
47 55 9
47 56 23
48 57 64
49 58 15
50 59 45
51 60 3
52 61 29
53 62 59
53 63 68
54 64 41
54 65 65
55 66 31
56 66 16
57 66 23
58 66 68
59 67 32
60 67 52
61 67 13
62 68 78
63 69 21
64 69 25
65 69 41
66 70 75
66 71 20
66 72 40
67 73 59
67 74 38
68 75 44
68 76 66
69 77 13
69 78 21
70 79 77
71 79 69
72 80 75
73 80 5
74 80 24
75 81 43
76 81 67
77 81 39
78 81 58
79 82 29
79 83 56
79 84 76
80 85 20
80 86 56
80 87 21
80 88 43
81 89 69
82 90 8
82 91 52
83 92 40
83 93 45
84 94 60
84 95 50
84 96 50
84 97 58
85 98 7
85 99 64
85 100 19
85 101 75
86 102 7
86 103 77
86 104 18
87 105 59
87 106 74
87 107 65
88 108 7
89 109 51
89 110 69
89 111 7
90 112 10
91 112 43
92 112 32
93 112 65
94 112 4
95 112 32
96 112 41
97 112 36
98 112 20
99 112 64
100 113 17
101 113 34
102 113 75
103 113 46
104 114 62
105 114 10
106 114 8
107 114 11
108 114 45
109 114 6
110 114 9
111 114 54
112 115 30
112 116 22
112 117 79
113 118 35
113 119 33
113 120 27
113 121 36
113 122 39
114 123 38
114 124 72
115 125 25
116 126 31
117 126 25
118 127 55
119 127 2
120 127 75
121 128 69
122 128 78
123 129 79
124 129 54
125 130 34
125 131 73
126 132 9
126 133 56
126 134 67
127 135 54
127 136 43
128 137 24
129 138 69
130 139 9
131 140 13
132 141 17
133 142 71
134 143 53
135 144 9
135 145 12
136 146 16
137 147 46
138 148 26
139 149 76
140 150 24
141 151 10
142 152 35
143 153 64
144 154 51
145 155 74
146 156 48
147 157 3
148 158 67
149 159 43
150 159 47
151 159 62
152 160 28
153 160 22
154 161 17
155 162 48
156 162 43
157 162 18
158 162 18
159 163 48
159 164 9
159 165 60
160 166 25
160 167 70
161 168 49
162 169 20
162 170 45
163 171 32
164 172 74
165 172 43
166 173 59
167 174 63
168 175 62
169 176 11
170 176 50
171 177 73
172 178 45
173 179 37
173 180 8
174 181 69
175 182 53
175 183 13
176 184 40
177 185 55
178 186 36
179 187 57
180 188 29
181 189 16
182 190 6
183 191 24
184 191 67
185 192 36
185 193 42
186 194 45
187 195 45
188 196 27
189 197 63
190 198 66
191 199 46
192 200 43
193 200 64
194 200 71
195 200 1
196 200 10
197 200 74
198 200 11
199 200 40
