1 2 7
1 3 14
1 4 13
2 5 1
2 6 5
2 7 1
2 8 13
2 9 4
3 10 1
3 11 5
3 12 5
3 13 2
3 14 14
4 15 4
4 16 3
4 17 8
4 18 13
4 19 13
5 20 1
6 21 2
7 22 14
8 23 9
9 24 13
10 25 11
11 26 3
12 27 15
13 28 6
14 29 14
15 29 4
16 30 6
17 30 1
18 31 11
19 32 12
20 33 6
20 34 7
21 35 11
22 36 2
23 37 5
24 38 1
25 39 14
26 40 3
27 41 5
28 42 4
29 43 10
30 44 2
31 45 7
32 46 11
32 47 12
33 48 3
34 49 15
35 50 6
36 51 6
37 52 3
38 53 10
39 53 1
40 53 14
41 54 7
42 55 8
43 55 13
44 56 12
45 56 15
46 57 6
47 58 9
48 59 11
48 60 14
49 61 2
49 62 8
50 63 12
50 64 9
51 65 3
51 66 2
52 67 13
53 68 15
53 69 1
53 70 5
54 71 1
55 72 3
56 73 7
57 74 8
58 75 4
59 76 2
60 77 14
61 78 8
62 79 2
63 80 7
64 80 13
65 80 15
66 81 1
67 81 14
68 82 9
69 82 5
70 83 14
71 84 5
72 85 10
73 86 14
74 86 6
75 87 2
76 88 14
76 89 12
77 90 10
78 91 6
78 92 5
79 93 14
80 94 5
81 95 7
82 96 2
83 97 8
84 98 13
85 99 2
86 100 8
87 101 13
88 102 12
89 103 8
90 104 1
91 105 10
92 106 8
93 107 13
94 108 3
95 109 4
95 110 6
96 111 3
97 112 14
98 113 12
99 114 2
100 115 15
101 116 15
101 117 9
102 118 7
103 119 8
104 120 12
105 121 15
106 122 3
107 123 5
108 123 9
109 124 4
110 125 2
111 126 10
112 127 13
113 128 7
114 129 12
115 130 6
116 131 8
117 132 9
118 133 9
119 133 14
120 134 5
121 134 1
122 135 2
123 135 2
124 136 3
125 137 13
126 137 12
127 138 13
128 139 5
129 140 4
130 141 8
131 142 7
132 143 2
133 144 9
134 145 3
134 146 13
135 147 1
136 148 3
137 149 15
137 150 10
138 151 10
138 152 15
139 153 3
140 154 13
141 155 14
142 156 14
142 157 5
143 158 6
144 159 4
145 160 4
146 161 8
147 162 9
148 163 5
149 164 10
149 165 9
150 166 15
150 167 6
151 168 6
152 169 9
153 170 11
154 171 13
155 172 7
156 173 1
157 174 13
158 175 11
159 176 8
160 176 5
161 177 3
162 178 14
163 179 5
164 180 12
165 181 1
166 182 6
167 182 6
168 183 13
169 184 15
170 185 5
171 186 13
172 186 7
173 187 14
174 188 4
175 189 2
176 190 11
177 191 14
178 192 12
179 192 12
180 193 9
181 194 9
182 195 6
183 196 5
184 197 13
185 197 10
186 198 7
187 199 4
188 200 15
189 201 13
190 202 14
191 203 15
192 204 5
192 205 7
192 206 3
193 207 15
193 208 1
194 209 7
195 210 9
196 211 10
196 212 1
197 213 11
197 214 15
198 215 6
199 216 14
200 217 12
201 218 10
202 219 8
203 220 10
204 221 9
205 222 14
206 223 7
207 223 12
208 224 13
209 225 14
210 226 3
211 227 13
212 228 6
213 228 7
214 229 1
215 230 5
216 231 7
217 232 9
218 233 7
219 234 9
220 234 3
221 235 5
222 236 5
223 236 13
224 237 3
225 238 2
226 239 12
227 240 3
228 240 13
229 241 15
230 241 1
231 242 2
232 243 2
233 244 10
234 245 8
235 246 4
235 247 8
236 248 2
236 249 3
237 250 4
237 251 11
238 252 5
238 253 13
238 254 2
239 255 9
240 256 6
240 257 8
241 258 6
242 259 14
243 260 8
244 261 3
245 262 13
246 263 9
247 264 10
248 265 3
249 266 14
250 267 2
251 268 14
252 269 14
253 270 7
254 271 15
255 272 15
256 273 10
257 274 12
258 275 3
259 275 15
260 276 11
261 277 10
262 278 13
263 278 10
264 279 11
265 280 8
266 281 6
267 282 2
268 283 14
269 284 3
270 285 4
271 286 4
272 286 14
273 287 13
274 287 7
275 288 4
276 289 3
277 290 7
278 291 8
279 292 9
280 293 11
281 293 6
282 294 14
283 295 5
284 295 12
285 296 6
286 297 2
287 298 12
288 299 12
289 299 6
290 300 7
291 301 9
292 302 4
292 303 10
293 304 10
294 305 3
295 306 12
296 307 3
297 308 8
297 309 9
298 310 10
298 311 3
299 312 8
300 313 4
301 314 3
302 315 5
303 316 5
304 317 7
305 318 9
306 318 15
307 319 7
308 319 9
309 320 1
310 320 3
311 320 14
312 321 12
313 322 6
314 323 5
315 324 9
315 325 6
315 326 9
315 327 6
316 328 8
317 329 8
317 330 7
318 331 11
319 332 8
320 333 7
320 334 1
321 335 3
322 336 6
323 337 14
324 338 2
325 339 6
326 340 11
327 341 7
328 342 2
329 343 1
330 344 2
331 345 7
332 346 7
333 347 2
334 348 2
335 349 3
336 350 12
337 351 11
338 352 3
339 353 15
340 353 6
341 354 6
342 355 5
343 356 4
344 357 13
345 358 2
346 358 9
347 359 9
348 360 13
349 360 4
350 361 13
351 362 5
352 363 9
353 364 2
354 365 4
355 366 2
355 367 3
356 368 11
357 369 4
358 370 7
359 371 10
360 372 8
361 373 1
362 374 4
363 375 15
364 376 7
365 377 2
365 378 1
365 379 15
366 380 2
367 381 2
367 382 15
368 383 14
369 384 9
370 385 15
371 386 3
372 387 3
373 388 2
374 389 5
375 390 9
376 390 3
377 391 13
378 392 2
379 393 8
380 394 2
381 394 4
382 395 11
383 395 15
384 396 10
385 396 6
386 397 12
387 398 2
388 399 14
389 400 15
390 400 3
391 400 3
392 400 9
393 400 3
394 400 12
395 400 12
396 400 6
397 400 11
398 400 11
399 400 15
