1 2 19
1 3 16
1 4 16
1 5 13
2 6 4
2 7 10
2 8 2
2 9 2
3 10 10
3 11 29
3 12 19
3 13 39
4 14 1
4 15 7
4 16 10
4 17 16
5 18 19
5 19 1
5 20 16
6 21 26
7 22 1
8 22 11
9 23 1
10 24 3
11 24 6
12 25 12
13 26 7
14 27 29
15 28 10
16 29 31
17 30 9
18 31 22
19 32 37
20 33 32
21 34 17
22 35 38
23 36 8
24 37 27
25 38 39
26 39 10
27 40 14
28 41 17
29 42 24
30 43 2
31 44 22
32 45 29
32 46 15
33 47 2
34 48 11
35 49 12
36 50 15
37 51 16
38 52 24
39 53 19
40 54 33
41 55 35
42 56 15
43 57 12
44 58 22
45 59 30
45 60 6
46 61 37
47 62 28
48 63 25
49 64 11
50 65 8
51 66 22
52 67 10
53 68 1
54 69 16
55 70 24
56 71 28
57 72 28
58 73 32
59 74 17
60 75 7
61 75 16
62 76 37
63 77 27
64 78 26
65 79 26
66 80 27
67 81 26
68 82 39
69 83 22
70 84 7
71 84 2
72 85 20
73 86 24
74 87 20
75 88 11
76 88 11
77 89 34
78 90 6
79 91 31
80 92 37
81 93 28
82 94 39
83 95 13
84 96 11
85 97 37
86 98 22
87 99 21
88 100 8
89 101 2
90 102 39
91 103 5
92 104 28
93 105 29
94 106 4
95 107 24
96 108 12
97 109 8
97 110 27
98 111 21
99 112 13
100 113 2
101 114 16
102 115 1
102 116 5
103 117 8
104 118 29
105 119 38
106 120 28
107 121 14
108 122 39
108 123 14
109 124 34
109 125 24
110 126 18
111 127 26
112 128 3
113 129 35
114 130 30
115 131 20
116 132 8
117 133 22
118 134 1
119 135 38
120 136 29
121 137 25
122 138 23
123 139 39
124 140 15
125 141 29
126 142 4
127 143 39
128 144 7
129 145 13
130 146 25
131 146 7
132 147 18
133 148 38
134 149 7
135 150 33
136 151 39
137 152 2
138 152 22
139 152 8
140 153 3
141 154 31
142 155 2
143 156 36
144 157 34
145 158 21
146 159 12
147 160 32
148 161 27
149 162 35
150 163 23
150 164 34
151 165 10
152 166 29
153 167 13
154 168 6
155 169 7
156 170 19
157 171 26
158 172 21
158 173 20
159 174 36
160 175 27
161 176 37
162 177 30
163 178 24
164 179 27
165 179 16
166 180 14
167 181 35
168 182 25
169 183 22
170 183 9
171 184 25
172 185 34
173 186 22
174 187 15
175 187 24
176 188 11
177 189 27
178 190 36
179 191 27
180 192 10
181 193 8
182 194 2
183 195 26
184 195 33
185 196 10
186 197 36
187 198 28
187 199 23
188 200 25
189 201 35
190 202 25
191 203 10
192 204 28
193 205 9
194 206 37
195 207 25
196 208 4
197 209 27
198 210 25
198 211 26
199 212 3
200 213 4
201 214 25
201 215 38
202 216 14
203 217 5
204 218 37
205 219 38
206 220 3
207 221 36
207 222 22
208 223 39
209 224 12
210 225 1
211 226 19
212 226 33
213 227 5
214 228 14
215 229 4
216 230 27
217 231 12
218 232 34
219 232 16
220 233 7
221 234 22
222 234 10
223 235 34
224 236 32
225 237 15
226 238 30
227 239 3
228 240 16
229 241 31
230 242 6
231 243 39
232 244 15
233 245 30
234 246 27
235 247 22
236 248 10
237 249 28
238 250 22
239 251 6
240 252 13
241 253 7
242 254 3
242 255 37
243 256 14
244 257 17
245 258 39
245 259 35
246 260 22
246 261 38
247 262 4
248 263 1
249 264 38
250 265 35
251 266 22
252 267 21
253 268 29
254 269 10
255 269 22
256 270 9
257 271 37
258 272 4
259 273 28
260 274 6
261 275 2
262 276 22
263 277 39
264 278 10
265 279 35
266 280 20
267 281 5
268 282 35
269 283 37
270 284 29
271 285 33
272 286 10
273 287 24
274 288 6
275 289 39
276 290 23
277 291 10
278 292 6
279 293 5
280 294 19
280 295 4
280 296 1
281 297 25
282 298 2
283 299 17
284 300 2
285 301 38
286 302 21
287 303 26
288 304 39
289 305 15
290 306 2
291 307 14
292 308 30
293 309 2
294 310 12
295 310 13
296 311 29
297 312 6
298 313 9
299 313 17
300 314 31
301 315 6
302 316 29
303 317 19
304 318 31
305 318 25
306 318 16
307 318 14
308 319 4
309 320 12
310 321 8
311 322 23
312 323 37
313 324 32
314 325 15
315 326 17
316 327 4
317 328 8
318 329 35
319 330 20
320 331 31
321 332 8
322 333 13
323 334 11
324 335 19
325 336 8
326 337 19
327 338 10
328 339 30
329 340 20
330 341 7
330 342 1
331 343 2
332 344 9
333 345 22
334 346 25
335 347 26
336 348 36
336 349 32
337 350 6
338 351 34
339 352 36
340 353 25
341 354 3
342 355 3
343 356 20
344 357 26
345 358 33
346 359 32
347 359 28
348 360 17
349 360 38
350 361 12
351 362 8
352 363 12
353 364 30
354 365 36
355 366 20
356 367 14
357 368 38
358 369 10
358 370 5
359 371 20
360 372 31
361 373 30
362 374 18
362 375 16
363 376 33
364 377 3
365 378 37
366 379 30
367 380 25
368 381 22
369 382 27
370 383 9
371 384 35
372 385 29
373 386 11
373 387 24
374 388 18
375 389 34
376 390 7
377 391 9
378 392 1
379 393 6
380 394 25
381 395 14
382 396 35
383 397 26
384 398 25
385 399 39
386 400 3
387 401 28
388 402 30
388 403 38
389 404 29
389 405 24
390 406 31
391 407 11
392 408 15
393 409 4
394 410 11
395 411 28
396 412 34
397 413 34
398 414 11
399 415 5
400 416 13
401 417 27
402 418 5
403 419 1
404 420 13
405 421 14
406 422 30
407 423 38
408 424 11
409 425 25
410 426 15
411 427 38
412 428 17
413 429 12
414 430 3
415 431 6
416 432 19
417 433 34
418 434 11
419 435 25
420 436 26
421 437 30
422 438 11
423 439 7
424 440 7
425 441 18
426 442 25
427 443 1
428 444 16
429 445 13
430 446 1
431 447 31
432 448 24
433 449 12
434 450 34
435 451 14
436 451 11
437 452 22
438 453 4
439 454 17
440 455 4
441 456 4
442 456 2
443 457 32
444 458 19
445 459 15
446 460 17
447 460 11
448 461 8
449 462 1
450 463 24
451 464 32
452 465 34
453 466 14
454 467 2
455 468 32
456 469 5
457 470 2
458 471 37
459 472 13
460 472 15
461 473 33
462 474 37
463 475 21
464 476 36
465 477 33
466 478 32
467 479 24
468 480 37
469 481 9
470 482 28
471 483 19
471 484 24
472 485 17
472 486 5
472 487 25
473 488 38
474 489 3
474 490 33
475 491 1
476 492 26
477 493 34
478 494 26
479 495 32
480 496 1
481 496 19
482 497 23
483 498 7
484 498 32
485 499 30
486 500 15
487 501 6
488 502 31
489 502 19
490 503 15
491 503 33
492 504 13
493 505 8
494 506 15
495 507 37
496 508 23
496 509 20
497 510 6
498 511 7
498 512 14
498 513 20
499 514 33
499 515 11
500 516 25
501 517 2
502 518 6
503 519 28
504 520 11
505 521 1
506 522 22
507 523 33
508 524 7
509 525 20
510 526 32
511 527 9
512 528 25
513 529 9
514 530 2
515 531 35
516 532 39
517 533 19
518 534 25
519 535 1
520 536 16
521 537 33
522 538 33
523 539 24
524 540 36
525 541 28
526 542 18
527 543 12
528 544 33
529 545 20
530 546 22
531 547 10
532 548 2
533 549 39
534 550 4
535 551 15
536 552 7
537 553 26
538 554 13
539 555 2
540 556 32
541 557 18
542 558 28
543 558 10
544 558 34
545 559 12
546 560 28
547 561 28
548 562 27
549 563 10
550 564 14
551 564 21
552 565 32
553 565 22
554 566 16
555 566 18
556 567 5
557 568 3
558 569 23
559 569 6
560 570 7
561 571 9
562 572 13
563 573 18
564 574 39
565 575 12
566 576 5
567 577 29
568 578 14
568 579 12
569 580 32
570 581 34
571 582 28
572 583 14
573 584 11
574 585 32
575 586 12
576 587 38
576 588 17
577 589 22
578 590 1
579 591 5
580 592 33
581 593 16
582 594 6
583 595 32
584 596 16
585 597 13
586 597 11
587 598 36
588 599 16
589 600 6
590 600 26
591 600 30
592 600 4
593 600 39
594 600 37
595 600 21
596 600 20
597 600 31
598 600 25
599 600 23
