1 2 55
1 3 46
1 4 76
1 5 21
1 6 90
2 7 77
2 8 10
2 9 27
2 10 2
2 11 20
3 12 42
3 13 59
3 14 93
3 15 79
4 16 32
4 17 16
5 18 22
5 19 98
5 20 54
5 21 90
5 22 98
6 23 44
6 24 66
6 25 90
7 26 69
8 26 73
9 27 29
10 27 89
11 28 17
12 29 17
13 29 7
14 30 18
15 30 92
16 30 94
17 30 92
18 31 88
19 31 2
20 32 30
21 32 23
22 33 55
23 33 94
24 34 51
25 34 73
26 35 4
27 36 12
27 37 3
28 38 81
28 39 5
29 40 40
30 41 94
31 42 92
32 43 81
32 44 79
33 45 29
34 46 36
35 47 95
36 48 26
36 49 27
37 50 3
38 51 19
39 52 1
39 53 76
40 54 49
40 55 83
41 56 93
42 57 13
43 58 16
44 59 84
45 60 79
46 61 47
47 62 30
48 63 48
48 64 99
49 65 1
50 66 49
51 67 88
51 68 33
51 69 18
52 70 75
52 71 91
53 72 17
54 73 22
55 74 7
56 75 3
57 76 67
58 77 16
59 78 38
59 79 18
60 80 12
61 81 76
61 82 72
62 83 79
63 83 2
64 83 99
65 84 5
66 84 68
67 85 95
68 85 23
69 86 89
70 87 38
71 87 20
72 88 20
73 88 75
74 89 43
75 90 76
76 90 65
77 91 85
78 92 88
79 92 25
80 93 94
81 94 85
82 95 73
83 96 63
84 96 55
85 97 28
86 97 51
87 98 58
88 99 47
89 100 7
90 101 78
91 102 12
92 103 72
93 104 43
94 105 95
95 106 68
96 107 45
96 108 39
97 109 17
97 110 13
98 111 55
99 112 96
100 113 15
101 114 80
102 115 27
103 116 9
104 117 26
105 118 79
106 119 72
107 120 5
108 120 74
109 121 86
110 122 52
111 122 77
112 123 45
113 124 56
114 125 46
115 126 86
116 127 83
117 128 6
118 129 68
119 130 34
120 131 27
121 132 14
122 133 52
123 134 38
124 135 7
124 136 30
125 137 75
126 138 94
127 139 57
128 140 4
129 141 95
129 142 2
130 143 15
131 144 92
132 145 71
133 146 28
134 147 49
134 148 96
135 149 4
136 150 25
137 151 17
138 152 52
139 153 38
139 154 20
140 155 26
141 156 59
142 157 12
142 158 69
142 159 27
143 160 43
144 161 75
145 161 16
146 162 63
147 163 29
148 163 52
149 164 6
150 165 33
151 166 6
152 167 74
153 168 68
154 169 97
155 170 19
156 170 2
157 171 24
158 172 88
159 173 34
160 174 91
161 175 92
162 176 28
163 177 23
164 178 8
164 179 37
164 180 53
165 181 27
166 182 64
167 183 17
167 184 2
168 185 37
168 186 63
169 187 3
170 188 65
171 189 22
172 190 17
172 191 46
173 192 15
174 193 87
174 194 57
175 195 79
176 196 94
177 197 79
178 197 28
179 197 60
180 198 37
181 199 14
182 199 66
183 199 2
184 200 82
185 201 20
186 202 20
187 203 26
188 204 5
189 204 96
190 205 24
191 206 53
192 207 67
193 208 9
194 208 49
195 209 86
196 210 51
197 211 31
198 212 30
199 213 96
199 214 95
200 215 35
201 216 48
202 217 12
203 218 89
204 219 15
205 220 91
206 221 70
207 222 82
208 223 44
209 224 93
210 225 30
211 225 50
212 226 25
213 226 29
214 227 40
215 228 23
216 229 6
217 230 66
218 230 32
219 231 41
220 232 50
221 232 87
222 232 12
223 233 61
224 234 3
225 235 30
226 236 53
227 237 41
228 238 54
229 239 45
230 240 48
231 241 44
232 242 53
233 243 57
234 244 61
235 245 93
236 246 39
237 247 38
238 248 47
239 248 40
240 249 60
241 250 82
242 251 99
243 251 80
244 252 4
244 253 55
245 254 90
246 255 50
247 256 53
247 257 23
248 258 90
249 259 88
249 260 95
250 261 18
251 262 33
252 263 67
253 264 44
254 265 11
255 266 17
255 267 20
255 268 18
256 269 21
257 270 85
257 271 16
258 272 28
258 273 76
259 274 10
259 275 14
260 276 26
261 277 2
262 278 90
263 279 83
264 280 32
265 281 91
266 282 49
267 283 69
268 284 75
269 284 43
270 284 80
271 285 87
272 285 67
273 286 71
274 287 64
275 288 32
276 289 35
277 290 3
278 290 57
279 291 80
280 292 66
281 293 70
282 294 40
283 294 23
284 295 15
285 295 46
286 296 99
287 297 83
288 298 58
289 299 26
290 300 17
291 301 17
291 302 60
291 303 25
292 304 61
292 305 3
292 306 55
293 307 41
294 308 87
294 309 45
294 310 70
295 311 43
296 312 95
296 313 52
297 314 93
297 315 18
297 316 84
298 317 86
298 318 11
299 319 38
299 320 15
300 321 92
300 322 83
301 323 66
302 323 33
303 324 17
304 324 19
305 325 8
306 325 34
307 325 74
308 326 35
309 327 68
310 328 56
311 329 28
312 330 8
313 331 54
314 331 34
315 332 13
316 332 69
317 333 74
318 333 34
319 334 79
320 334 25
321 335 75
322 336 9
323 337 3
324 338 55
325 339 78
326 340 72
327 341 65
328 342 13
329 343 44
330 344 35
331 345 34
332 346 60
333 347 85
334 348 84
335 349 90
336 350 28
337 351 26
338 352 83
339 353 59
340 354 15
341 355 75
342 356 54
343 357 40
344 358 21
345 359 73
346 360 22
347 361 28
348 362 42
349 363 24
350 364 67
351 365 34
351 366 74
352 367 27
353 368 40
354 369 74
355 370 50
356 371 62
356 372 86
357 373 38
357 374 4
358 375 62
359 376 89
360 377 33
361 378 2
362 379 67
363 380 93
364 381 46
365 382 78
366 383 4
367 384 46
368 385 30
369 386 3
370 387 61
371 388 58
372 389 27
373 390 39
374 391 68
375 392 59
376 393 48
377 394 30
378 395 90
379 396 79
380 397 66
381 398 50
382 399 68
383 399 62
384 400 4
385 401 47
386 402 94
387 402 17
388 403 19
389 403 92
390 403 25
391 404 23
392 404 71
393 405 80
394 406 83
395 406 72
396 407 40
397 407 85
398 407 51
399 408 32
400 409 46
401 410 75
402 411 33
403 412 66
404 413 62
404 414 43
405 415 21
406 416 76
407 417 82
408 418 35
409 419 95
410 420 9
410 421 24
411 422 86
412 423 81
413 424 97
414 425 14
415 426 40
415 427 74
416 428 20
417 429 46
418 430 62
419 431 75
420 432 48
421 432 38
422 433 7
423 434 1
424 434 81
425 435 72
426 436 74
427 436 42
428 437 12
429 437 91
430 438 15
431 439 98
432 440 90
432 441 63
433 442 66
434 443 4
435 444 84
436 445 18
437 446 87
438 447 3
439 448 45
440 449 74
441 450 3
441 451 71
441 452 25
442 453 44
442 454 17
442 455 3
443 456 84
444 457 61
445 458 62
446 459 13
446 460 62
447 461 73
448 462 45
449 462 28
450 463 58
451 463 51
452 464 2
453 465 24
454 466 47
455 467 23
456 468 97
457 468 98
458 469 97
459 470 11
460 471 62
461 472 56
462 473 8
462 474 93
462 475 65
463 476 42
464 477 63
464 478 59
465 479 4
465 480 31
465 481 65
466 482 22
467 483 41
467 484 6
468 485 22
468 486 52
469 487 79
470 488 33
471 489 42
471 490 21
472 491 41
473 492 48
474 492 97
475 493 93
476 494 5
477 495 23
478 495 20
479 496 29
480 496 8
481 497 91
482 497 61
483 498 64
484 499 15
485 499 4
486 500 56
487 501 79
488 502 95
489 502 56
490 503 86
491 504 84
492 505 83
493 506 2
494 507 27
495 508 84
496 508 77
497 509 42
498 510 20
499 511 65
500 512 3
501 513 36
502 514 52
503 515 24
504 516 72
505 517 89
506 518 27
507 519 17
508 519 3
509 520 95
510 521 39
511 522 75
512 523 31
513 524 70
514 525 79
515 526 78
516 527 78
517 528 98
518 529 23
519 530 50
519 531 89
520 532 96
521 533 30
522 534 99
523 535 28
524 536 91
525 537 83
526 538 65
527 539 15
528 540 32
529 541 63
530 542 75
531 543 75
532 544 36
533 545 29
534 546 6
535 547 89
536 548 69
536 549 33
537 550 98
538 551 98
539 552 45
540 553 19
541 554 44
542 555 97
543 556 56
544 557 86
545 558 94
545 559 79
546 560 80
547 561 1
548 562 66
549 563 54
550 564 46
551 565 99
552 566 96
553 566 84
554 566 40
555 567 44
556 567 5
557 567 90
558 568 8
559 569 64
560 570 19
561 571 58
562 572 97
563 572 35
564 573 69
565 573 57
566 574 17
566 575 40
567 576 8
568 577 58
569 578 97
570 579 24
570 580 33
570 581 79
570 582 66
571 583 5
572 584 82
573 585 58
574 586 74
575 587 78
576 588 2
577 589 46
578 590 84
579 591 44
580 592 36
581 593 47
582 594 26
583 595 79
584 596 45
585 597 6
585 598 82
585 599 85
586 600 65
587 600 86
588 600 6
589 600 75
590 600 87
591 600 73
592 600 54
593 600 63
594 600 43
595 600 30
596 600 76
597 600 29
598 600 78
599 600 50
