1 2 30
1 3 85
1 4 61
1 5 39
2 6 79
2 7 13
2 8 13
3 9 21
3 10 42
3 11 6
3 12 38
4 13 5
4 14 87
5 15 77
5 16 55
5 17 3
5 18 39
5 19 55
6 20 40
7 21 87
8 22 7
9 23 63
10 23 67
11 24 79
12 25 60
13 26 39
14 27 43
15 28 20
16 29 54
17 30 51
18 31 59
19 32 87
20 33 16
21 34 30
22 35 2
23 36 76
24 37 71
24 38 84
25 39 60
26 40 85
27 41 13
28 42 60
29 43 54
30 44 85
31 45 50
32 46 9
33 47 63
33 48 30
34 49 54
35 50 13
36 51 10
37 52 57
37 53 55
37 54 38
38 55 65
39 56 18
40 57 30
40 58 88
41 59 15
42 60 82
43 61 8
44 62 42
44 63 64
45 64 53
46 65 21
46 66 38
47 67 5
48 68 46
49 68 5
50 69 46
51 69 74
52 70 49
53 70 77
54 70 84
55 71 14
56 72 18
57 73 53
58 73 13
59 74 62
60 74 12
61 74 28
62 75 85
63 75 10
64 76 79
65 77 76
66 77 19
67 78 44
68 79 32
69 80 72
69 81 37
70 82 68
71 83 35
71 84 15
72 85 64
72 86 3
73 87 88
73 88 40
74 89 80
74 90 62
74 91 32
75 92 77
76 93 58
77 94 56
78 95 34
79 96 85
80 97 76
81 98 51
82 99 48
83 100 29
84 101 13
84 102 29
85 103 43
85 104 18
86 105 70
86 106 67
87 107 53
87 108 49
88 109 26
88 110 53
89 111 19
90 112 39
91 113 6
92 114 56
93 115 29
94 116 33
95 117 13
96 118 61
97 119 18
98 120 23
99 121 16
100 122 20
101 123 33
102 124 29
103 125 68
104 126 45
105 127 33
106 128 48
107 129 72
108 130 3
109 131 38
110 132 30
111 133 38
112 133 42
113 134 52
114 135 76
115 136 67
116 137 9
117 138 65
118 139 84
119 140 59
120 141 61
121 141 21
122 142 53
123 143 49
124 144 74
125 145 49
126 146 33
127 147 58
128 148 7
129 149 22
130 150 33
131 151 66
132 152 63
133 153 34
134 154 26
135 155 55
136 156 25
137 157 1
138 158 9
139 159 81
140 160 40
141 160 15
142 161 48
143 161 65
144 162 86
145 162 35
146 163 65
147 164 30
148 164 87
149 164 57
150 165 18
151 165 37
152 166 26
153 167 76
154 168 12
155 168 87
156 169 68
157 169 37
158 170 14
159 171 87
159 172 56
159 173 39
160 174 74
161 175 82
162 176 29
162 177 13
163 178 32
164 179 51
165 180 25
165 181 18
166 182 38
167 183 58
168 184 6
169 185 59
170 186 23
171 187 20
172 188 3
172 189 62
173 190 78
173 191 42
174 192 75
174 193 29
175 194 41
176 195 53
176 196 30
177 197 21
178 198 54
179 199 78
180 200 31
181 201 10
181 202 53
182 203 69
182 204 40
183 205 54
183 206 89
184 207 19
185 208 45
185 209 48
186 210 16
187 211 46
188 212 53
189 213 43
190 214 67
191 215 7
192 215 67
193 215 89
194 216 33
195 217 16
196 217 48
197 217 27
198 218 88
199 219 12
200 219 50
201 220 51
202 221 37
203 222 67
204 223 45
205 223 19
206 224 13
207 225 30
208 226 41
209 227 42
210 228 55
211 228 63
212 228 27
213 229 36
214 230 47
215 231 79
216 232 82
217 233 53
218 233 36
219 234 45
220 235 74
221 236 64
222 237 61
223 237 47
224 238 1
225 239 28
226 239 80
227 240 8
228 241 66
228 242 5
229 243 66
230 244 66
230 245 68
231 246 61
232 247 26
233 248 2
234 249 49
235 250 9
235 251 80
236 252 83
237 253 36
237 254 9
238 255 24
239 256 12
239 257 39
240 258 72
241 259 18
242 260 57
243 261 64
244 262 81
245 263 14
246 264 40
247 265 22
248 266 78
249 267 74
250 268 43
251 269 42
252 270 16
253 271 7
254 272 72
255 273 83
256 274 67
257 275 17
257 276 32
258 277 18
259 278 3
260 279 76
261 280 38
262 281 86
263 282 67
264 282 63
265 283 10
266 283 45
267 284 24
268 285 80
269 286 12
270 287 87
271 288 54
272 289 67
273 290 60
274 291 69
275 292 42
276 293 25
277 294 3
278 295 80
279 296 54
280 297 47
280 298 89
281 299 76
282 300 60
283 301 27
283 302 41
284 303 5
284 304 29
285 305 82
285 306 46
286 307 6
287 308 33
288 309 64
289 310 30
290 311 8
290 312 84
291 313 55
292 314 23
293 315 43
293 316 34
294 317 74
294 318 60
294 319 31
295 320 36
296 320 73
297 321 36
298 321 35
299 322 19
300 323 50
301 323 77
302 324 89
303 325 89
304 325 35
305 326 39
306 327 20
307 328 65
308 329 84
309 330 59
310 331 26
311 332 21
312 332 15
313 332 54
314 332 41
315 333 18
316 333 61
317 334 70
318 334 75
319 334 62
320 335 79
320 336 2
321 337 65
321 338 89
322 339 67
323 340 87
324 341 39
325 342 65
326 343 25
326 344 2
327 345 2
328 346 39
329 347 57
330 348 14
331 349 36
332 350 16
333 351 7
334 352 54
335 353 78
336 354 24
337 355 55
338 356 73
339 357 76
340 358 19
341 359 56
342 360 26
343 361 38
344 362 69
345 363 67
346 364 53
347 365 65
348 366 57
349 367 79
350 368 86
351 369 83
352 369 26
353 370 76
354 371 66
355 372 88
356 373 16
357 374 24
358 374 61
359 375 4
360 376 17
361 377 55
362 378 49
363 379 72
364 379 14
365 380 88
366 381 18
367 382 27
368 383 33
369 383 79
370 384 22
370 385 53
371 386 6
371 387 44
372 388 76
373 389 21
374 390 46
374 391 85
375 392 54
376 393 62
377 394 52
378 395 14
379 396 77
380 397 75
380 398 30
380 399 76
381 400 55
382 401 33
383 402 56
384 403 23
385 404 30
386 405 71
387 406 35
388 407 78
389 408 86
390 409 41
391 410 75
392 411 58
393 412 58
394 413 72
395 414 31
396 415 17
397 416 1
398 417 68
399 418 51
400 419 82
401 420 10
402 421 28
403 422 49
404 423 25
405 424 74
406 425 71
407 426 6
408 427 34
409 428 81
410 429 6
411 430 44
412 431 78
413 431 26
414 432 25
415 432 72
416 433 37
417 434 65
418 435 81
419 436 35
420 437 84
421 438 24
422 439 80
423 440 4
424 441 43
425 442 80
426 442 43
427 443 68
428 444 42
429 445 66
430 446 77
431 447 32
432 448 18
433 449 44
434 450 85
435 451 48
436 452 16
437 453 31
438 453 76
439 454 34
440 455 11
441 456 23
442 457 13
443 458 55
444 459 10
445 460 78
446 461 29
447 462 89
448 463 72
449 464 5
450 465 82
450 466 21
451 467 34
452 468 3
453 469 42
454 470 56
455 471 63
456 472 53
457 473 28
457 474 29
458 475 10
459 476 86
460 477 42
461 478 57
462 479 74
463 480 2
464 481 13
465 482 29
466 483 37
467 484 77
468 485 31
469 486 52
470 487 31
471 488 2
472 488 86
473 489 65
474 490 11
475 491 23
476 492 71
477 493 9
478 493 5
479 494 79
480 494 19
481 495 58
482 496 57
483 497 36
484 498 39
485 498 32
486 499 28
487 500 53
488 501 56
489 502 2
489 503 71
490 504 35
491 505 61
491 506 79
492 507 78
492 508 58
493 509 27
494 510 28
495 511 52
495 512 27
496 513 35
497 514 21
497 515 50
498 516 36
499 517 84
500 518 21
501 518 70
502 518 23
503 518 52
504 519 8
505 520 23
506 521 10
507 522 41
508 522 57
509 523 77
510 523 23
511 523 86
512 523 38
513 524 49
514 525 20
515 526 57
516 527 13
517 528 18
518 529 61
519 530 70
520 531 78
521 532 83
522 533 33
523 534 56
523 535 71
524 536 14
525 537 79
526 538 81
527 539 3
528 540 56
528 541 25
529 542 79
530 543 76
531 544 11
531 545 7
532 546 18
533 547 46
534 548 37
534 549 40
535 550 13
536 551 51
537 552 6
537 553 46
537 554 86
538 555 74
539 556 78
540 557 75
541 558 18
542 559 29
543 560 78
544 561 43
545 562 36
546 563 86
547 564 37
548 565 39
549 566 77
550 567 22
551 568 80
552 569 13
553 570 45
554 571 6
555 572 58
556 573 37
557 574 76
558 575 8
559 576 16
560 577 28
561 578 77
562 579 86
563 580 45
563 581 53
564 582 6
565 583 17
566 584 4
567 585 40
568 586 74
568 587 75
569 588 52
569 589 73
570 590 83
570 591 35
570 592 65
571 593 35
571 594 61
572 595 40
573 596 58
573 597 17
574 598 39
575 599 32
576 600 57
577 600 1
578 600 37
579 600 85
580 600 6
581 600 28
582 600 12
583 600 67
584 600 31
585 600 6
586 600 12
587 600 78
588 600 1
589 600 59
590 600 67
591 600 26
592 600 25
593 600 58
594 600 57
595 600 42
596 600 44
597 600 65
598 600 65
599 600 79
