1 2 48
1 3 32
1 4 43
1 5 22
2 6 4
2 7 1
3 8 54
3 9 14
4 10 22
4 11 16
5 12 9
5 13 1
5 14 56
5 15 35
5 16 49
6 17 8
7 18 31
8 19 51
8 20 10
9 21 19
10 22 1
10 23 1
11 24 18
12 25 41
13 26 59
14 27 12
15 28 28
15 29 40
16 30 46
17 31 50
18 32 27
19 32 28
20 33 49
21 33 42
22 34 13
23 35 24
24 36 5
25 36 51
26 37 19
27 37 12
28 38 54
29 38 36
30 39 58
31 40 26
32 41 36
33 42 19
34 43 31
35 44 11
36 45 16
37 46 26
38 47 39
39 48 34
39 49 4
40 50 46
41 50 14
42 51 7
43 52 34
44 53 36
45 54 11
46 55 1
47 56 18
48 56 32
49 57 3
50 58 32
50 59 54
51 60 43
52 61 31
52 62 21
53 63 47
53 64 13
54 65 56
55 66 9
56 67 43
57 68 19
57 69 37
57 70 46
58 71 11
59 71 7
60 72 47
61 72 9
62 73 15
63 74 59
64 75 53
65 75 11
66 76 41
67 76 23
68 77 28
69 77 26
70 78 11
71 79 20
72 80 42
72 81 15
73 82 28
73 83 59
74 84 3
74 85 48
75 86 42
76 87 55
76 88 41
77 89 36
77 90 19
78 91 14
79 92 28
80 93 46
81 94 59
82 95 47
83 96 30
84 97 17
85 98 32
86 99 29
87 100 57
88 101 52
89 101 22
90 102 37
91 103 48
92 104 50
93 105 19
94 106 52
95 107 38
96 108 23
97 109 52
98 110 57
99 111 49
99 112 45
100 113 35
101 114 18
102 115 15
103 116 55
104 117 18
105 118 41
106 119 49
107 120 36
108 121 38
109 122 22
110 123 51
111 124 13
112 125 6
113 125 46
114 126 7
115 127 31
116 128 37
117 129 45
118 130 17
119 131 33
120 131 24
121 132 7
122 133 38
123 134 59
124 135 9
125 136 50
126 136 46
127 137 2
128 137 50
129 138 15
129 139 59
130 140 4
130 141 22
131 142 15
131 143 28
131 144 39
132 145 32
132 146 49
133 147 57
133 148 4
134 149 57
135 150 43
135 151 30
136 152 16
137 153 5
137 154 11
137 155 48
138 156 36
139 156 21
140 157 12
141 157 2
142 158 7
143 158 20
144 159 19
145 159 25
146 160 28
147 161 45
148 161 14
149 162 35
150 162 38
151 162 28
152 163 27
153 163 50
154 164 53
155 165 22
156 166 32
157 167 44
158 168 17
159 169 53
160 170 46
160 171 41
161 172 46
162 173 14
162 174 38
163 175 19
164 176 4
164 177 15
165 178 19
166 179 2
167 180 27
168 181 53
169 182 22
170 183 19
171 184 27
172 185 10
173 186 39
174 187 40
175 188 40
176 189 29
177 190 2
178 191 14
178 192 39
179 193 3
180 193 27
181 193 4
182 193 31
183 194 54
184 195 23
185 195 12
186 196 19
187 197 7
188 198 56
189 198 25
190 199 11
191 199 58
192 200 47
193 201 59
194 202 40
195 203 54
196 204 45
197 205 21
198 206 42
199 207 10
199 208 41
200 209 57
200 210 6
201 211 35
202 212 41
202 213 7
203 214 31
204 215 26
205 216 25
206 217 58
207 218 12
207 219 28
208 220 35
209 221 2
210 222 33
211 223 8
212 224 57
213 225 58
214 226 33
215 227 10
215 228 8
216 229 49
217 230 56
218 231 47
218 232 4
219 233 39
219 234 22
220 235 42
220 236 36
221 237 51
221 238 7
222 239 45
223 240 10
224 241 2
225 242 46
226 243 52
227 244 15
228 245 6
229 245 13
230 246 45
231 247 16
232 247 8
233 248 19
234 249 51
235 249 35
236 250 47
237 251 54
238 252 14
239 253 34
240 254 52
241 254 51
242 255 37
243 256 5
244 257 10
245 257 18
246 258 34
247 258 18
248 259 44
249 259 39
250 260 52
251 261 25
252 261 26
253 261 43
254 262 1
255 263 26
256 264 3
257 265 39
258 266 52
259 267 57
259 268 12
259 269 21
260 270 7
261 271 10
261 272 38
262 273 4
263 274 59
264 275 58
265 276 16
266 277 6
267 278 2
268 278 13
269 279 54
270 279 11
271 280 12
272 281 55
273 282 57
273 283 55
274 284 39
275 285 51
276 286 1
277 287 18
278 288 40
279 289 15
280 290 52
281 291 25
282 292 25
283 293 38
284 294 48
285 295 13
286 296 41
287 297 19
288 298 58
289 298 37
290 298 39
291 299 55
292 300 43
293 300 14
294 300 43
295 300 42
296 300 12
297 300 5
298 300 47
299 300 38
