1 2 54
1 3 42
1 4 58
1 5 87
1 6 22
2 7 58
3 8 97
3 9 88
4 10 12
5 11 15
5 12 55
6 13 40
7 14 47
8 15 30
9 16 97
10 17 22
11 18 31
12 19 34
13 20 49
14 21 32
14 22 86
14 23 44
14 24 15
15 25 17
15 26 98
16 27 86
16 28 48
17 29 46
17 30 97
18 31 41
18 32 69
18 33 31
18 34 46
18 35 18
19 36 18
19 37 3
19 38 84
19 39 19
20 40 65
21 41 62
22 42 33
23 43 92
24 44 40
25 44 66
26 45 97
27 46 57
28 47 41
29 48 5
30 49 64
31 50 40
32 51 19
33 52 83
34 53 78
35 53 29
36 54 4
37 55 53
38 56 16
39 56 47
40 56 16
41 57 70
42 57 43
43 58 82
44 59 30
45 60 73
46 61 50
47 62 75
48 63 19
49 64 42
50 65 20
51 66 77
52 67 75
53 68 86
54 69 7
55 70 99
56 71 2
57 72 28
58 73 4
59 74 91
60 75 97
61 76 64
62 77 33
63 78 69
64 79 45
65 80 46
66 81 38
67 82 59
68 82 11
69 83 21
70 84 42
71 85 44
72 86 89
73 87 54
74 88 9
74 89 48
75 90 6
75 91 69
76 92 50
76 93 37
76 94 49
77 95 43
78 96 68
78 97 38
79 98 51
80 99 53
81 100 74
81 101 10
82 102 75
83 103 74
83 104 25
84 105 83
84 106 94
85 107 23
86 108 8
87 109 12
88 110 1
89 111 54
90 111 60
91 112 14
92 113 66
93 114 99
94 115 55
95 116 60
96 117 89
97 118 51
98 119 83
99 119 84
100 120 7
101 121 54
102 122 69
103 123 83
104 124 78
105 124 2
106 125 47
107 126 29
108 127 31
109 128 95
110 129 69
111 130 38
112 131 98
113 132 74
114 133 73
115 134 85
116 135 24
117 136 3
118 136 70
119 137 75
120 138 55
121 138 11
122 139 81
123 140 35
124 140 17
125 140 44
126 141 67
127 142 53
128 143 44
129 144 18
130 145 19
131 146 72
132 147 17
133 148 93
134 149 54
135 150 85
136 151 93
137 151 19
138 152 81
139 153 76
140 154 20
141 155 96
142 156 78
143 156 55
144 157 6
145 157 29
146 158 80
147 159 10
148 160 81
149 160 24
150 161 58
151 162 53
152 162 47
153 163 59
154 164 38
155 164 84
156 165 69
156 166 98
157 167 87
158 168 22
158 169 84
159 170 27
159 171 5
160 172 32
160 173 28
161 174 49
162 175 97
163 176 68
164 177 31
164 178 93
165 179 5
166 180 90
167 181 48
168 182 88
169 183 3
170 184 39
171 185 86
172 186 61
173 187 43
174 188 27
175 189 70
176 190 18
177 191 48
178 192 62
179 193 79
180 194 87
180 195 15
181 196 13
182 197 1
183 198 64
184 199 41
185 200 84
185 201 29
186 202 29
187 203 96
188 204 96
189 205 83
189 206 38
190 207 10
191 208 49
192 209 98
193 210 52
194 210 96
195 211 27
196 211 44
197 212 5
198 212 45
199 212 10
200 213 11
201 214 59
202 214 78
203 215 96
204 215 9
205 216 59
206 216 76
207 217 64
208 217 60
209 218 54
210 219 8
211 220 97
211 221 60
211 222 3
212 223 55
212 224 76
212 225 71
213 226 43
213 227 42
214 228 31
215 229 24
215 230 16
216 231 62
216 232 13
217 233 10
217 234 22
217 235 17
218 236 95
218 237 35
218 238 31
219 239 65
219 240 40
219 241 65
219 242 71
219 243 34
220 244 76
220 245 6
221 246 35
222 247 66
223 248 89
224 249 67
224 250 58
224 251 38
225 252 25
225 253 71
226 254 28
227 255 23
227 256 34
228 257 22
229 258 77
229 259 75
230 260 39
231 261 2
232 262 58
233 263 94
233 264 71
234 265 27
234 266 11
235 267 84
236 268 96
236 269 14
236 270 71
237 271 4
238 272 8
239 273 95
240 274 21
241 274 90
242 275 77
243 276 67
244 276 96
245 277 74
246 277 39
247 278 28
248 279 61
249 280 4
250 280 92
251 281 90
252 281 82
253 282 69
254 283 23
255 284 6
256 284 79
257 285 79
258 285 25
259 285 83
260 286 2
261 287 13
262 287 86
263 288 10
264 289 44
265 290 64
266 290 46
267 290 55
268 291 27
269 292 26
270 292 9
271 293 7
272 293 2
273 294 36
274 295 62
275 295 63
276 296 50
277 297 26
278 298 37
279 299 82
280 300 62
281 300 54
282 301 39
283 302 30
284 303 34
285 304 91
286 305 94
287 306 11
288 307 14
289 308 57
290 309 84
291 310 57
292 311 3
293 312 83
294 313 2
295 314 59
296 315 97
297 316 7
298 317 61
299 318 40
300 319 55
301 319 30
302 320 66
303 321 84
304 321 56
305 322 17
306 323 94
307 324 96
308 325 26
309 326 70
310 327 15
311 328 41
312 329 87
313 330 7
314 330 50
315 331 4
316 332 4
317 333 14
318 333 81
319 334 16
320 335 62
321 336 9
322 337 64
323 337 30
324 338 80
325 338 6
326 339 85
327 340 50
328 341 63
329 341 15
330 342 24
331 343 82
332 344 42
332 345 44
333 346 38
333 347 69
334 348 79
334 349 43
335 350 52
335 351 13
336 352 89
337 353 68
338 354 12
339 355 95
340 356 98
340 357 48
341 358 37
342 359 8
343 359 85
344 360 13
345 361 69
346 362 56
347 363 31
348 364 8
349 364 3
350 365 4
351 366 84
352 367 60
353 368 47
354 369 20
355 370 10
356 371 93
357 372 46
358 373 81
359 374 47
360 374 70
361 375 51
362 376 31
363 376 93
364 377 61
365 377 95
366 378 64
367 378 60
368 379 1
369 380 7
370 380 28
371 381 86
372 382 31
373 383 39
374 384 26
375 385 14
376 386 87
377 386 73
378 387 54
379 388 91
380 389 14
381 390 15
382 391 67
383 392 19
384 393 34
384 394 53
385 395 14
385 396 48
386 397 81
386 398 69
387 399 18
388 400 36
388 401 34
389 402 32
390 403 55
390 404 12
391 405 6
392 406 24
392 407 16
393 408 52
394 408 20
395 408 60
396 409 35
397 410 53
398 410 9
399 411 42
400 412 85
401 413 73
402 414 85
403 415 70
404 416 95
405 417 50
406 418 25
407 418 74
408 419 56
409 420 64
410 421 21
410 422 32
411 423 48
412 424 35
412 425 20
413 426 63
414 427 4
414 428 74
415 429 89
415 430 83
416 431 15
416 432 92
417 433 62
418 434 47
418 435 63
419 436 36
420 437 74
421 438 20
422 439 40
423 440 7
424 440 61
425 441 35
426 442 25
427 443 2
428 444 39
429 445 91
430 446 20
431 447 15
432 448 34
433 449 57
434 450 46
435 450 17
436 451 18
437 452 31
438 452 96
439 453 86
440 453 4
441 453 93
442 454 26
443 455 98
444 455 47
445 456 59
446 456 58
447 456 16
448 456 95
449 457 36
450 457 11
451 458 71
452 459 90
452 460 40
452 461 66
452 462 62
452 463 56
453 464 30
453 465 31
453 466 8
454 467 29
455 468 67
456 469 23
456 470 82
456 471 70
457 472 81
458 473 97
459 474 52
460 475 18
461 476 71
462 477 14
463 478 74
464 479 19
465 480 47
466 481 80
467 482 64
468 483 70
469 484 58
470 485 17
471 486 92
472 487 42
473 488 94
474 489 27
475 490 93
476 491 10
477 491 11
478 492 26
479 493 66
480 493 46
481 494 68
482 495 17
483 496 37
484 496 42
485 497 42
486 498 38
487 499 4
488 500 26
489 500 91
490 500 32
491 500 56
492 500 25
493 500 97
494 500 6
495 500 70
496 500 10
497 500 49
498 500 13
499 500 9
