1 2 34
1 3 33
1 4 54
2 5 31
2 6 6
2 7 6
3 8 34
3 9 44
3 10 51
4 11 18
4 12 13
5 13 39
6 14 34
6 15 20
7 16 1
7 17 58
7 18 7
8 19 14
8 20 17
9 21 46
9 22 4
10 23 43
10 24 53
11 25 59
11 26 13
11 27 23
12 28 9
12 29 42
13 30 53
14 31 57
15 32 50
16 33 46
17 34 59
18 35 3
19 36 43
20 37 16
21 38 48
22 39 59
23 40 46
24 41 2
25 42 7
26 43 59
27 44 30
28 45 39
29 46 9
30 47 5
31 48 28
32 49 55
33 50 48
34 51 6
35 51 55
36 52 13
37 53 36
38 54 7
39 55 8
40 55 4
41 56 53
42 57 28
43 58 23
44 58 28
45 59 26
46 60 39
47 61 22
48 62 8
48 63 15
49 64 11
50 65 55
51 66 45
52 67 29
53 68 36
54 69 37
55 70 13
56 71 22
57 72 3
58 73 41
59 74 28
60 75 29
61 76 44
62 76 55
63 77 40
64 77 52
65 78 45
66 78 14
67 79 15
68 79 1
69 80 15
70 81 4
71 81 11
72 81 19
73 82 46
74 83 42
75 83 26
76 84 17
76 85 14
77 86 16
77 87 7
77 88 18
78 89 30
78 90 29
78 91 49
79 92 12
79 93 54
80 94 18
80 95 10
80 96 55
81 97 59
81 98 50
82 99 18
82 100 41
83 101 16
83 102 3
84 103 52
85 104 46
86 104 46
87 105 16
88 106 58
89 107 40
90 108 43
91 109 3
92 110 22
93 111 56
94 112 47
95 113 6
96 113 15
97 114 39
98 115 29
99 116 6
100 117 33
101 118 41
102 119 40
103 120 38
104 120 14
105 121 23
106 121 2
107 122 32
108 123 48
109 124 7
110 124 29
111 124 17
112 125 7
113 126 54
114 127 4
115 127 4
116 128 49
117 129 5
118 130 40
119 131 25
120 132 14
121 133 21
122 134 31
123 135 27
124 135 47
125 136 43
126 137 20
127 138 50
128 139 26
129 139 2
130 140 4
131 141 30
132 142 40
132 143 2
133 144 50
133 145 51
134 146 37
135 147 50
136 148 36
137 149 24
138 150 10
139 151 59
140 152 28
140 153 19
141 154 10
142 155 6
143 156 49
144 157 8
145 158 29
146 159 6
147 160 7
148 161 35
149 162 58
150 163 54
151 164 37
152 165 34
153 166 6
154 167 9
155 168 55
156 169 19
157 170 30
158 171 18
159 172 7
160 173 1
161 174 20
162 175 24
163 176 1
164 177 58
165 178 44
166 179 25
167 180 48
168 181 1
169 182 50
169 183 45
170 184 23
171 185 37
172 186 51
172 187 8
172 188 58
173 189 15
173 190 32
174 191 41
175 192 14
176 193 6
177 194 22
178 195 14
179 196 15
180 197 15
181 198 43
182 198 43
183 198 40
184 199 30
185 200 32
186 201 58
187 202 1
188 203 15
189 204 56
190 205 9
191 206 5
192 207 41
193 208 59
194 209 11
195 210 29
196 211 33
197 211 40
198 212 42
199 213 11
200 214 24
200 215 12
201 216 48
201 217 10
202 218 14
203 219 4
204 220 20
205 221 36
206 222 5
207 223 7
208 224 41
208 225 20
208 226 25
209 227 48
210 228 16
211 229 9
211 230 56
212 231 1
213 232 49
214 233 52
215 234 39
216 235 11
217 236 40
218 236 46
219 236 13
220 237 53
221 238 5
222 239 8
223 240 52
224 241 44
225 242 49
226 243 40
227 244 53
228 245 23
229 245 8
230 246 8
231 247 12
232 248 52
233 249 44
234 250 35
235 251 58
236 252 18
237 253 13
238 254 38
239 255 30
240 256 21
241 257 52
242 258 19
243 259 16
244 260 43
245 261 45
246 262 24
247 263 32
247 264 30
248 265 42
249 266 42
249 267 13
250 268 12
251 269 26
252 270 20
253 271 52
254 272 24
255 273 15
256 274 11
257 275 24
258 276 19
259 277 15
260 278 32
261 279 53
261 280 41
262 281 10
263 282 12
264 283 40
265 284 39
266 285 45
267 286 3
268 287 8
269 288 52
270 288 33
271 289 43
272 290 26
273 291 12
274 292 4
275 293 58
276 293 29
277 294 3
278 295 4
279 295 32
280 296 32
281 297 24
282 298 28
283 299 39
283 300 15
284 301 53
285 302 11
286 303 28
287 304 6
288 305 40
289 306 10
290 307 45
291 308 17
292 309 5
293 310 23
294 311 32
295 312 23
296 313 15
297 314 58
298 315 59
299 315 7
300 316 27
301 317 4
302 318 33
303 319 20
304 320 50
305 320 52
306 321 2
307 322 28
308 323 47
309 324 4
310 325 42
311 326 20
312 327 7
313 327 2
314 328 33
315 329 16
316 330 19
316 331 35
317 332 19
318 333 16
318 334 51
319 335 24
320 336 25
321 337 36
322 338 41
322 339 59
323 340 5
324 341 9
325 342 51
326 343 54
327 344 38
328 345 57
329 346 50
330 346 33
331 347 31
332 348 6
333 349 17
334 350 26
335 351 30
336 352 19
337 353 13
338 354 32
339 355 32
340 355 7
341 356 21
342 357 47
343 358 42
344 359 54
345 359 8
346 360 2
347 361 7
348 361 16
349 362 43
350 363 56
351 363 29
352 364 4
353 364 26
354 365 43
355 366 52
356 366 15
357 367 17
358 368 24
359 368 49
360 369 54
360 370 51
360 371 48
361 372 47
361 373 3
361 374 50
362 375 42
362 376 53
363 377 37
364 378 23
364 379 48
364 380 36
365 381 49
365 382 1
366 383 54
366 384 50
367 385 3
367 386 3
368 387 44
368 388 40
369 389 55
369 390 11
369 391 52
370 392 28
370 393 3
371 394 29
371 395 5
371 396 41
372 397 53
372 398 11
373 399 11
373 400 18
374 401 36
374 402 55
375 403 57
375 404 13
376 405 9
376 406 15
377 407 31
377 408 5
377 409 59
378 410 48
378 411 12
378 412 49
379 413 37
379 414 9
379 415 50
380 416 3
381 417 31
382 418 44
383 419 1
383 420 39
384 421 40
384 422 4
385 423 33
385 424 52
385 425 20
386 426 21
387 427 45
388 428 48
388 429 43
388 430 20
389 431 40
390 431 7
391 431 38
392 431 23
393 432 23
394 432 19
395 432 42
396 432 24
397 433 56
398 433 20
399 433 37
400 434 46
401 434 3
402 434 32
403 434 58
404 434 11
405 434 25
406 435 45
407 435 43
408 435 17
409 436 11
410 436 4
411 436 22
412 437 6
413 437 52
414 437 28
415 437 4
416 437 2
417 438 52
418 438 6
419 438 26
420 438 3
421 438 50
422 438 13
423 438 27
424 438 32
425 439 15
426 439 31
427 439 25
428 440 17
429 440 39
430 440 2
431 441 47
432 442 14
432 443 10
433 444 4
433 445 2
434 446 37
435 447 27
435 448 9
436 449 8
437 450 46
438 451 38
438 452 40
439 453 5
440 454 56
441 455 13
441 456 28
442 457 35
443 458 38
443 459 28
444 460 17
445 461 9
446 462 34
446 463 32
447 464 46
448 465 4
449 466 24
450 467 58
451 468 15
452 469 14
452 470 50
453 471 37
454 472 11
455 473 21
456 474 41
457 475 27
458 476 39
459 477 36
460 478 33
461 479 14
462 480 27
463 481 33
464 482 11
465 483 26
465 484 56
466 485 54
466 486 38
467 487 5
468 488 47
469 489 29
470 490 58
471 491 58
472 492 38
473 493 27
474 493 23
475 494 51
476 495 7
477 495 52
478 495 17
479 496 55
480 497 11
481 497 46
482 498 13
483 499 27
484 499 5
485 500 28
486 500 57
487 501 9
488 502 30
489 502 22
490 502 23
491 503 45
492 503 3
493 504 55
493 505 33
494 506 18
494 507 52
494 508 58
495 509 32
495 510 28
496 511 21
496 512 40
497 513 24
498 514 7
498 515 6
498 516 15
499 517 21
500 518 16
501 519 42
501 520 59
502 521 37
502 522 12
502 523 19
503 524 33
504 525 26
505 525 7
506 525 50
507 526 28
508 526 59
509 527 44
510 527 20
511 527 50
512 528 46
513 528 3
514 528 14
515 529 23
516 529 21
517 529 44
518 530 50
519 531 41
520 532 55
521 532 23
522 533 41
523 534 52
524 534 51
525 535 56
525 536 53
526 537 24
527 538 35
528 539 30
529 540 59
529 541 28
530 542 36
531 543 58
531 544 37
532 545 58
532 546 1
533 547 1
534 548 22
535 549 12
536 550 39
537 551 10
538 552 1
539 552 20
540 553 41
541 554 54
542 555 51
543 556 23
544 557 34
545 558 39
546 559 54
547 559 3
548 560 49
549 561 52
549 562 49
550 563 58
551 564 25
552 565 41
552 566 29
553 567 17
554 568 8
554 569 9
554 570 34
555 571 43
556 572 8
556 573 6
557 574 23
558 575 18
559 576 40
560 577 25
560 578 10
561 579 17
562 579 54
563 580 32
564 580 19
565 581 33
566 581 17
567 581 5
568 582 58
569 582 53
570 583 22
571 584 49
572 584 56
573 585 39
574 585 18
575 586 1
576 587 33
577 588 43
578 588 43
579 589 7
579 590 27
580 591 37
580 592 20
580 593 32
581 594 17
582 595 2
582 596 21
583 597 32
583 598 17
584 599 11
585 600 18
586 601 37
587 602 23
588 603 37
589 604 24
590 605 24
591 605 36
592 606 5
593 607 57
594 608 49
595 609 41
596 610 46
597 611 15
598 612 51
599 613 18
600 614 57
601 615 48
602 616 36
603 617 11
604 618 21
605 618 37
606 619 50
607 620 23
608 621 36
609 622 46
610 623 54
611 624 24
612 625 28
613 626 21
614 626 58
615 627 2
616 628 39
617 628 9
618 629 28
619 630 43
620 631 53
621 632 42
622 633 58
623 634 13
623 635 27
624 636 58
625 637 20
626 638 19
626 639 48
627 640 11
627 641 57
627 642 8
628 643 13
629 644 39
630 645 41
631 646 28
631 647 30
632 648 45
633 649 12
634 650 9
635 651 21
636 652 35
637 653 50
638 654 20
639 655 55
640 656 8
641 657 13
642 658 39
643 659 45
644 660 31
645 661 39
646 662 39
647 663 12
648 663 43
649 664 45
650 665 56
651 666 36
652 667 39
653 668 40
654 669 51
655 669 35
656 670 52
657 671 17
658 672 39
659 673 37
660 674 12
661 675 24
662 676 50
663 676 18
664 677 5
665 678 26
666 679 30
667 679 15
668 679 53
669 680 11
670 680 10
671 681 27
672 682 28
673 683 57
674 684 39
675 685 12
676 686 55
677 686 22
678 687 44
679 688 59
680 689 16
681 690 11
682 691 40
683 692 18
684 693 52
684 694 29
685 695 2
686 696 2
686 697 24
687 698 45
688 699 27
688 700 26
689 701 32
689 702 35
690 703 55
690 704 4
690 705 22
691 706 58
691 707 40
691 708 49
692 709 30
692 710 28
693 711 38
694 712 13
695 713 12
696 714 56
697 715 12
698 716 50
699 717 14
700 718 37
701 719 13
702 720 1
703 721 9
704 722 28
705 723 56
706 724 8
707 724 50
708 725 2
709 726 21
710 727 50
711 728 59
712 729 12
713 730 57
714 731 54
714 732 30
715 733 10
716 734 14
716 735 2
717 736 58
717 737 4
718 738 59
718 739 51
718 740 49
719 741 50
719 742 54
719 743 2
720 744 5
721 745 58
722 746 5
723 747 26
724 748 39
725 749 48
726 750 53
726 751 15
727 752 35
727 753 41
728 754 53
729 754 27
730 754 51
731 754 58
732 755 15
733 755 5
734 756 1
735 756 36
736 756 46
737 757 40
738 757 21
739 757 17
740 757 43
741 757 13
742 758 17
743 758 11
744 758 11
745 758 28
746 758 59
747 758 27
748 759 34
749 759 6
750 760 12
751 760 57
752 760 25
753 761 7
754 762 24
755 763 31
755 764 39
756 765 14
757 766 21
757 767 58
757 768 16
758 769 23
758 770 18
759 771 17
759 772 26
760 773 51
760 774 52
761 775 14
762 776 33
763 777 13
764 778 39
765 779 4
766 780 16
767 780 1
768 781 7
769 782 32
770 783 3
771 784 12
772 785 8
773 786 15
774 787 48
775 788 36
776 789 14
777 789 38
778 790 7
779 791 17
780 792 30
781 793 44
782 793 25
783 794 5
784 795 30
785 796 52
786 797 37
787 798 33
788 799 18
789 800 1
790 800 38
791 800 53
792 800 6
793 800 23
794 800 57
795 800 16
796 800 27
797 800 29
798 800 32
799 800 12
