1 2 1
1 3 1
1 4 1
2 5 1
2 6 1
2 7 1
2 8 1
3 9 1
3 10 1
3 11 1
4 12 1
4 13 1
5 14 1
6 14 1
7 15 1
8 15 1
9 16 1
10 17 1
11 18 1
12 19 1
13 20 1
14 21 1
15 22 1
16 23 1
17 24 1
18 25 1
19 26 1
20 27 1
21 28 1
22 29 1
23 30 1
24 31 1
24 32 1
25 33 1
25 34 1
26 35 1
27 36 1
28 37 1
29 38 1
30 39 1
31 40 1
32 41 1
33 42 1
34 43 1
35 44 1
36 44 1
37 45 1
38 45 1
39 46 1
40 47 1
41 47 1
42 47 1
43 47 1
44 48 1
45 49 1
45 50 1
46 51 1
47 52 1
48 53 1
48 54 1
49 55 1
50 56 1
51 57 1
52 57 1
53 58 1
54 59 1
55 60 1
56 61 1
57 62 1
58 63 1
58 64 1
58 65 1
59 66 1
60 67 1
61 68 1
62 69 1
63 70 1
64 71 1
65 72 1
66 72 1
67 73 1
67 74 1
67 75 1
68 76 1
69 77 1
69 78 1
69 79 1
70 80 1
70 81 1
71 82 1
72 83 1
73 84 1
73 85 1
74 86 1
75 87 1
75 88 1
76 89 1
76 90 1
77 91 1
77 92 1
77 93 1
78 94 1
79 95 1
79 96 1
80 97 1
80 98 1
81 99 1
81 100 1
82 101 1
82 102 1
82 103 1
83 104 1
83 105 1
83 106 1
84 107 1
85 107 1
86 107 1
87 107 1
88 107 1
89 107 1
90 107 1
91 107 1
92 108 1
93 108 1
94 108 1
95 108 1
96 108 1
97 108 1
98 109 1
99 109 1
100 109 1
101 109 1
102 109 1
103 109 1
104 110 1
105 110 1
106 110 1
107 111 1
107 112 1
108 113 1
108 114 1
108 115 1
109 116 1
110 117 1
110 118 1
110 119 1
111 120 1
112 121 1
113 122 1
114 123 1
115 124 1
116 125 1
117 126 1
117 127 1
117 128 1
118 129 1
118 130 1
119 131 1
120 132 1
121 133 1
122 133 1
123 134 1
124 134 1
125 134 1
126 135 1
127 135 1
128 135 1
129 135 1
130 136 1
131 137 1
132 138 1
133 139 1
134 140 1
135 141 1
136 142 1
137 142 1
138 143 1
139 144 1
140 145 1
141 146 1
142 146 1
143 147 1
144 148 1
145 149 1
146 150 1
146 151 1
146 152 1
147 153 1
148 154 1
149 155 1
150 156 1
150 157 1
151 158 1
152 159 1
152 160 1
153 161 1
154 162 1
155 163 1
156 164 1
157 165 1
158 166 1
159 167 1
160 168 1
161 169 1
162 170 1
163 171 1
164 172 1
165 173 1
166 173 1
167 174 1
168 175 1
169 176 1
170 177 1
170 178 1
171 179 1
171 180 1
172 181 1
173 182 1
174 183 1
175 184 1
176 185 1
177 186 1
178 186 1
179 187 1
180 188 1
181 188 1
182 189 1
183 189 1
184 190 1
185 191 1
186 192 1
187 193 1
188 194 1
189 195 1
190 196 1
191 197 1
192 197 1
193 198 1
194 198 1
195 198 1
196 199 1
197 200 1
198 200 1
199 200 1
