1 2 2
1 3 2
1 4 1
1 5 2
2 6 3
2 7 2
3 8 2
3 9 2
3 10 3
3 11 2
4 12 1
5 13 1
5 14 1
5 15 1
6 16 1
7 17 3
8 18 2
9 19 3
10 20 1
11 21 1
11 22 1
12 23 2
12 24 2
13 25 2
14 26 1
14 27 2
14 28 1
15 29 1
16 30 3
17 31 3
18 32 2
19 33 1
20 34 2
21 35 3
22 36 2
23 37 1
24 38 2
25 39 3
26 40 2
27 41 3
28 42 3
29 43 1
30 44 2
31 45 2
32 46 3
33 47 3
34 48 1
35 49 1
36 49 1
37 50 2
38 51 1
39 52 2
40 53 3
41 54 2
42 55 2
43 56 3
44 57 2
45 58 3
46 59 2
47 60 1
48 61 1
49 62 3
50 63 3
51 64 3
52 65 1
53 66 2
54 67 3
55 68 2
56 68 2
57 69 1
58 70 1
59 71 2
60 72 3
61 72 3
62 73 2
63 74 1
64 75 2
65 76 2
66 76 2
67 76 3
68 77 1
69 78 1
70 79 2
71 80 1
72 81 1
73 81 3
74 82 1
75 83 2
76 84 3
77 85 1
78 86 1
79 87 2
80 88 3
81 89 2
82 90 1
83 90 1
84 91 1
85 92 1
86 93 2
86 94 1
87 95 3
87 96 2
88 97 3
89 98 3
89 99 3
90 100 1
90 101 3
91 102 2
92 103 3
92 104 2
92 105 2
93 106 1
94 106 1
95 107 3
96 107 2
97 107 3
98 108 2
99 108 2
100 109 2
101 109 2
102 110 3
103 111 1
104 111 3
105 111 2
106 112 2
106 113 2
107 114 3
107 115 2
108 116 3
108 117 2
109 118 1
110 119 1
110 120 2
110 121 1
111 122 1
111 123 1
111 124 3
112 125 3
113 126 3
114 127 2
115 128 2
116 129 2
117 130 1
118 131 1
119 132 3
120 133 2
121 134 2
122 134 3
123 135 2
124 136 3
125 137 3
126 138 3
126 139 3
127 140 3
128 141 1
129 142 3
130 143 2
130 144 2
131 145 3
132 146 3
133 147 2
133 148 3
133 149 1
133 150 3
134 151 1
134 152 2
135 153 1
135 154 2
136 155 3
136 156 1
136 157 2
137 158 2
138 158 3
139 158 1
140 159 2
141 160 3
142 160 3
143 161 3
144 161 1
145 162 2
146 162 3
147 163 3
148 163 3
149 163 2
150 164 3
151 164 2
152 164 1
153 164 2
154 165 3
155 166 3
156 166 2
157 166 3
158 167 2
159 168 2
160 169 2
161 170 1
162 171 1
163 172 2
164 173 1
165 173 2
166 174 3
167 175 2
168 176 2
169 177 2
169 178 3
170 179 3
170 180 2
171 181 1
171 182 3
172 183 3
172 184 2
173 185 2
174 186 1
174 187 3
175 188 2
175 189 2
176 190 2
176 191 3
177 192 2
178 193 2
179 194 1
180 195 1
181 196 1
182 197 3
183 198 1
183 199 3
183 200 2
184 201 3
185 202 2
185 203 3
186 204 3
187 205 1
188 206 2
189 207 3
190 208 1
191 209 2
192 209 1
193 210 2
194 210 1
195 211 3
196 212 2
197 213 2
198 214 3
199 215 1
200 216 3
201 217 3
202 218 3
203 219 1
204 220 2
205 221 3
206 222 3
207 223 2
208 224 2
209 225 1
210 226 2
211 227 1
212 227 3
213 228 2
214 228 3
215 229 2
216 229 2
217 230 1
218 230 3
219 231 2
220 231 3
221 232 2
222 233 1
223 234 1
224 235 2
225 236 3
226 237 1
227 238 1
228 239 3
229 240 1
230 241 3
231 242 1
232 243 2
233 244 3
234 245 3
235 246 2
236 247 2
237 248 3
238 249 1
239 250 2
240 251 2
241 252 2
242 253 3
242 254 2
243 255 2
244 256 2
245 257 3
246 258 3
247 259 2
248 260 2
249 260 3
250 261 1
251 262 3
252 263 1
253 264 2
254 265 3
255 265 1
256 266 1
257 267 2
258 268 3
258 269 2
259 270 2
260 271 3
261 272 1
262 273 1
263 274 1
264 275 3
265 276 1
266 277 1
267 278 1
268 279 3
268 280 3
269 281 1
270 282 3
271 283 2
272 284 3
273 285 1
274 286 1
275 287 2
276 288 1
277 289 3
278 290 2
279 291 1
280 292 3
281 293 2
282 294 3
283 295 3
284 296 2
285 296 1
286 297 3
287 298 3
288 299 1
289 300 1
290 300 2
291 300 1
292 300 2
293 300 2
294 300 1
295 300 3
296 300 1
297 300 1
298 300 1
299 300 1
