1 2 5
1 3 4
1 4 7
2 5 7
2 6 5
2 7 4
2 8 3
2 9 4
3 10 6
3 11 6
3 12 4
4 13 2
4 14 6
4 15 7
4 16 6
5 17 7
5 18 5
6 19 6
7 20 1
8 21 7
9 22 4
10 23 2
11 24 4
12 25 5
13 26 6
14 27 7
15 28 4
16 29 2
17 30 2
18 31 1
19 32 3
20 33 7
21 34 7
22 35 2
23 36 1
24 37 7
25 38 1
26 39 2
27 40 7
28 41 4
29 42 3
30 43 7
31 43 4
32 44 3
33 45 4
34 45 5
35 46 5
36 47 5
37 47 5
38 48 6
39 49 4
40 50 2
41 51 3
42 52 3
43 53 4
44 54 6
44 55 4
45 56 6
45 57 7
46 58 4
47 59 2
48 60 6
48 61 6
48 62 6
48 63 3
49 64 7
49 65 6
49 66 5
50 67 3
51 68 7
52 69 5
53 70 1
54 71 6
55 71 5
56 72 1
57 73 3
58 73 2
59 74 1
60 74 5
61 74 7
62 75 7
63 76 1
64 77 4
65 78 6
66 79 2
67 80 4
68 81 1
69 81 7
70 82 2
71 83 4
72 84 2
73 85 4
74 86 5
75 86 7
76 87 6
77 88 1
78 89 1
79 89 3
80 90 1
81 90 3
82 91 4
83 92 4
84 93 7
85 94 1
86 95 3
87 96 5
88 97 6
89 98 5
90 99 5
91 100 7
92 101 7
93 102 3
94 103 4
95 104 1
96 105 5
97 106 5
98 107 1
99 108 6
100 109 6
101 110 2
102 111 7
103 112 6
104 113 7
105 114 2
106 115 5
107 116 2
108 117 7
109 118 1
109 119 1
109 120 5
110 121 1
110 122 7
111 123 7
111 124 4
112 125 5
112 126 1
112 127 6
112 128 2
112 129 3
113 130 3
113 131 7
113 132 3
113 133 6
114 134 1
114 135 4
114 136 6
114 137 3
114 138 3
115 139 4
115 140 3
115 141 6
115 142 3
115 143 3
116 144 1
116 145 2
117 146 5
117 147 6
117 148 5
117 149 2
117 150 3
118 151 1
119 152 5
120 152 3
121 153 7
122 153 2
123 154 3
124 155 7
125 155 6
126 155 4
127 156 7
128 156 3
129 157 6
130 158 5
131 158 6
132 158 6
133 159 7
134 159 2
135 159 5
136 160 4
137 161 2
138 161 2
139 162 7
140 162 3
141 162 7
142 163 5
143 164 3
144 164 3
145 164 1
146 165 4
147 166 5
148 166 6
149 167 5
150 167 7
151 168 1
152 169 2
153 170 5
154 171 4
155 172 4
156 173 5
157 174 2
158 175 6
159 176 4
160 177 5
161 177 2
162 178 5
163 178 1
164 179 7
165 179 2
166 180 4
167 180 6
168 181 7
169 182 1
170 183 6
170 184 5
171 185 6
172 186 5
173 187 6
174 188 4
175 189 6
176 190 3
177 191 3
178 192 7
179 193 5
180 194 7
180 195 4
181 196 1
182 196 3
183 197 5
184 197 5
185 198 3
186 199 3
187 200 3
188 201 3
189 202 4
190 203 7
191 204 6
192 204 5
193 205 2
194 205 3
195 205 4
196 206 7
196 207 7
197 208 4
197 209 2
198 210 2
198 211 4
199 212 5
200 213 6
200 214 5
201 215 4
201 216 5
202 217 1
202 218 2
203 219 2
204 220 4
204 221 2
204 222 7
205 223 3
205 224 5
206 225 1
207 225 1
208 225 1
209 226 6
210 227 4
211 228 4
212 229 7
213 229 4
214 230 1
215 230 5
216 231 5
217 231 1
218 231 5
219 232 6
220 232 1
221 232 6
222 233 5
223 234 2
224 234 5
225 235 6
225 236 3
226 237 6
226 238 3
226 239 7
227 240 2
227 241 3
228 242 3
228 243 4
228 244 3
229 245 4
230 246 5
231 247 7
231 248 4
232 249 7
233 250 3
234 251 7
235 252 5
236 253 2
237 253 4
238 253 5
239 254 1
240 255 2
241 256 5
242 256 4
243 257 7
244 258 4
245 259 2
246 260 3
247 261 5
248 262 3
249 262 7
250 263 6
251 264 1
252 265 4
252 266 2
253 267 1
254 268 5
255 269 5
256 270 5
257 271 5
258 272 4
259 273 2
259 274 1
260 275 1
261 276 2
262 277 5
263 278 2
264 279 6
265 280 6
266 280 5
267 281 5
268 281 4
269 282 4
270 283 7
271 283 4
272 284 3
273 284 3
274 285 3
275 286 3
276 287 5
277 288 7
278 289 3
279 290 5
280 291 6
281 292 6
282 292 4
283 293 1
284 294 1
285 295 7
286 296 5
287 297 3
288 298 6
289 299 1
290 299 6
291 300 4
292 300 7
293 300 1
294 300 4
295 300 4
296 300 5
297 300 6
298 300 1
299 300 6
