1 2 10
1 3 1
1 4 12
1 5 12
2 6 9
2 7 4
2 8 5
2 9 3
3 10 5
3 11 6
3 12 1
3 13 5
4 14 4
4 15 3
4 16 9
4 17 7
5 18 10
5 19 4
5 20 2
5 21 10
6 22 1
7 23 5
8 23 8
9 24 8
10 25 3
11 26 10
12 27 5
13 28 5
14 29 5
15 30 8
16 31 5
17 32 3
18 33 5
19 34 13
20 35 9
21 36 13
22 37 7
23 38 4
24 39 1
25 40 8
26 41 5
27 42 12
28 43 13
29 44 13
30 45 9
31 46 12
31 47 13
32 48 11
33 49 1
34 50 11
35 51 10
36 52 7
37 53 5
38 54 13
39 55 11
40 56 10
41 57 4
42 58 12
43 59 2
44 60 6
44 61 9
45 62 9
46 63 4
47 64 6
48 65 4
49 66 1
50 67 12
50 68 7
51 69 3
52 70 9
53 71 5
54 72 5
55 73 4
55 74 3
56 75 12
57 76 10
58 77 1
59 78 2
60 79 11
60 80 4
61 81 8
61 82 3
62 83 13
62 84 11
63 85 2
64 86 6
65 87 10
66 88 6
67 89 1
68 90 10
69 91 7
70 92 13
71 93 1
72 94 6
73 94 2
74 94 13
75 95 12
76 96 12
77 97 11
78 97 5
79 98 1
80 99 10
81 100 12
82 101 4
83 102 2
84 103 6
85 103 2
86 104 4
87 104 4
88 105 4
89 105 10
90 106 9
91 107 13
92 108 6
93 109 11
94 110 2
95 111 4
96 112 7
97 113 7
98 114 9
99 115 6
100 116 6
101 117 12
101 118 3
102 119 4
103 120 11
104 121 5
105 122 13
106 123 11
107 124 5
108 125 13
109 126 10
110 127 11
111 128 3
112 129 8
113 130 12
114 131 12
115 132 7
116 133 7
117 134 13
118 135 3
119 135 12
120 136 3
121 137 10
122 138 11
123 139 13
124 140 7
125 141 9
126 142 10
127 143 3
128 144 6
129 145 7
130 146 11
131 147 4
132 148 2
133 149 12
134 149 13
135 150 10
136 151 2
137 152 2
138 153 8
139 154 10
140 155 10
141 156 2
142 157 9
143 157 12
144 158 10
145 158 7
146 159 7
147 160 3
148 161 8
149 162 10
150 162 10
151 163 7
152 163 11
153 164 13
154 165 11
155 165 5
156 166 10
157 167 7
158 168 9
159 169 9
160 170 1
161 171 8
162 172 10
163 173 1
164 174 4
165 175 10
166 176 8
167 177 10
168 178 12
168 179 13
168 180 9
169 181 12
170 182 10
170 183 6
171 184 6
171 185 8
172 186 4
172 187 1
173 188 10
173 189 2
174 190 7
175 191 12
176 192 10
176 193 6
177 194 4
178 195 6
179 196 12
180 196 1
181 197 13
182 198 1
183 199 2
184 200 5
185 201 4
186 202 6
187 203 5
188 203 11
189 204 10
190 204 2
191 205 6
192 206 4
193 207 6
194 208 2
195 209 11
195 210 8
195 211 7
196 212 10
197 213 3
198 214 2
199 215 2
200 216 6
201 217 9
202 218 7
202 219 13
203 220 10
204 221 13
204 222 11
204 223 11
204 224 3
205 225 2
205 226 6
205 227 9
206 228 5
206 229 12
207 230 2
208 231 2
209 232 8
210 233 8
211 234 2
212 235 8
213 236 5
214 237 2
215 238 3
216 238 7
217 239 7
218 240 5
219 241 1
220 242 7
221 243 8
222 244 4
223 245 6
224 246 1
225 247 4
226 248 10
227 249 11
228 250 11
229 251 11
230 252 11
231 253 13
232 254 11
233 254 5
234 255 13
235 256 4
236 257 11
237 258 7
238 259 1
239 259 5
240 259 13
241 260 7
242 260 5
243 261 4
244 262 10
245 262 6
246 263 11
247 263 4
248 263 10
249 263 1
250 264 2
251 264 8
252 265 1
253 266 6
253 267 2
254 268 7
255 269 10
255 270 13
256 271 3
256 272 7
257 273 11
257 274 8
258 275 6
259 276 8
260 277 10
260 278 3
261 279 5
262 280 12
262 281 2
263 282 1
264 283 5
264 284 9
265 285 9
265 286 12
266 287 3
267 288 8
268 288 13
269 289 5
270 290 11
271 290 6
272 290 2
273 291 5
274 292 5
275 293 8
276 294 12
277 295 2
278 295 1
279 295 2
280 295 3
281 295 3
282 295 8
283 296 1
284 296 11
285 297 2
286 298 4
287 299 12
287 300 2
288 301 7
288 302 13
289 303 5
290 304 13
290 305 9
291 306 11
291 307 7
291 308 9
292 309 5
292 310 3
293 311 11
293 312 8
293 313 9
294 314 2
294 315 13
295 316 10
295 317 4
295 318 13
296 319 4
296 320 4
297 321 1
298 322 1
299 323 4
300 323 10
301 324 10
302 324 7
303 325 6
304 325 5
305 326 11
306 327 13
307 328 11
308 328 13
309 329 12
310 330 13
311 331 11
312 332 11
313 333 10
314 333 9
315 334 6
316 335 5
317 336 10
318 337 9
319 338 8
320 338 6
321 339 4
322 340 12
323 341 4
324 342 5
325 343 5
326 344 9
327 345 6
328 346 13
329 347 7
330 348 10
331 349 3
332 350 10
333 351 6
334 352 7
335 353 1
336 354 11
337 355 4
338 356 9
339 357 1
340 358 8
340 359 5
341 360 13
341 361 12
341 362 5
341 363 1
342 364 1
342 365 13
342 366 7
343 367 10
343 368 9
343 369 1
343 370 11
344 371 2
344 372 2
344 373 3
345 374 2
345 375 10
345 376 8
346 377 12
346 378 7
346 379 4
346 380 8
347 381 12
347 382 6
348 383 13
348 384 7
348 385 11
348 386 9
349 387 1
349 388 5
350 389 9
350 390 7
351 391 5
351 392 7
352 393 13
352 394 5
353 395 11
353 396 5
354 397 10
354 398 1
355 399 1
355 400 9
356 401 1
356 402 13
356 403 10
356 404 3
357 405 1
357 406 4
357 407 3
358 408 6
358 409 3
358 410 3
359 411 1
359 412 10
360 413 6
361 413 12
362 413 12
363 413 5
364 414 6
365 414 13
366 414 1
367 415 10
368 415 6
369 416 8
370 416 3
371 417 1
372 417 11
373 417 8
374 418 6
375 418 9
376 418 4
377 418 13
378 419 7
379 419 3
380 420 11
381 420 7
382 420 13
383 421 10
384 421 13
385 421 7
386 421 3
387 421 11
388 422 6
389 422 8
390 423 10
391 424 7
392 424 8
393 424 6
394 424 3
395 424 8
396 425 12
397 425 7
398 426 13
399 426 10
400 426 12
401 427 11
402 427 5
403 427 6
404 427 1
405 427 6
406 428 8
407 428 12
408 429 1
409 429 10
410 430 13
411 430 8
412 430 12
413 431 2
414 432 5
415 433 10
416 434 8
417 435 12
418 436 3
419 436 11
420 437 8
421 438 6
422 439 6
423 440 8
424 441 2
425 442 11
426 443 11
427 444 1
428 444 5
429 445 7
430 446 4
431 447 3
432 448 10
433 448 7
434 448 13
435 449 6
436 449 13
437 450 8
438 451 10
439 451 7
440 452 4
441 453 13
442 454 11
443 455 5
444 455 7
445 456 3
446 457 5
447 458 13
448 459 12
449 460 2
450 461 8
451 462 7
451 463 3
452 464 10
453 465 10
454 466 2
455 467 4
455 468 11
456 469 2
457 470 6
458 471 10
458 472 6
459 473 13
459 474 8
460 475 1
461 476 2
462 477 10
463 478 3
464 479 10
465 480 8
466 481 7
467 482 2
467 483 9
467 484 3
468 485 2
469 486 13
470 487 7
470 488 3
471 489 5
472 490 1
473 491 7
474 492 7
475 493 7
476 494 4
477 495 5
477 496 10
478 497 7
478 498 10
479 499 5
480 500 2
481 501 8
481 502 13
481 503 6
482 504 9
483 505 9
484 506 6
485 507 4
485 508 11
485 509 13
486 510 13
486 511 10
487 512 8
488 513 3
489 514 4
490 515 12
491 516 3
492 517 5
493 518 5
494 519 10
495 520 7
496 521 2
497 522 13
498 522 2
499 523 10
500 523 12
501 524 3
502 524 12
503 525 2
504 526 2
505 527 10
506 528 11
507 528 12
508 529 11
509 530 7
510 531 7
511 532 6
512 532 7
513 533 11
514 534 7
515 535 11
516 535 2
517 536 5
518 536 13
519 537 5
520 537 6
521 538 8
522 538 7
523 539 1
524 539 2
525 540 5
526 540 13
527 541 3
528 542 1
529 542 7
530 543 11
531 543 4
532 543 11
533 544 9
534 545 7
534 546 9
535 547 1
535 548 6
535 549 2
535 550 2
536 551 6
536 552 13
537 553 8
537 554 2
537 555 13
538 556 3
539 557 6
539 558 6
540 559 7
541 560 9
541 561 11
542 562 2
542 563 2
543 564 6
543 565 11
544 566 4
545 567 9
546 568 11
547 569 9
548 569 1
549 570 7
550 571 9
551 572 12
552 573 5
553 574 7
554 575 4
555 576 4
556 577 10
557 577 4
558 577 1
559 578 12
560 578 13
561 579 6
562 580 9
563 580 13
564 581 1
565 582 6
566 583 12
567 584 11
567 585 13
568 586 6
569 587 13
570 588 6
571 589 4
571 590 9
571 591 7
572 592 11
573 593 7
574 594 2
575 595 10
576 596 10
577 597 10
577 598 8
577 599 2
578 600 13
579 601 1
579 602 11
580 603 8
580 604 10
581 605 5
582 606 13
583 607 13
584 608 8
585 609 4
586 609 13
587 610 7
588 610 12
589 611 12
590 611 5
591 612 13
592 612 8
593 613 9
594 614 12
595 614 12
596 614 4
597 615 2
598 615 9
599 616 11
600 616 12
601 617 8
602 618 7
603 619 5
604 620 6
605 621 11
606 622 7
607 622 10
608 623 3
609 624 9
610 625 1
611 626 2
611 627 1
612 628 2
613 629 10
614 630 5
615 631 6
616 632 2
617 633 4
618 634 2
619 635 1
620 636 2
621 637 2
621 638 10
622 639 10
623 640 2
624 641 3
625 642 10
626 643 6
626 644 10
627 645 9
627 646 9
628 647 10
629 648 9
630 649 10
631 650 10
632 651 10
633 652 5
634 653 13
635 654 11
636 655 13
637 656 2
638 657 1
639 658 10
640 659 4
641 660 13
642 661 1
642 662 9
643 663 12
644 664 10
645 665 8
646 666 2
647 667 5
648 668 12
649 669 5
649 670 12
650 671 7
651 672 11
652 673 1
653 674 12
654 675 6
655 676 9
656 677 13
657 678 8
658 679 8
659 680 7
660 681 1
661 682 11
662 683 13
663 684 10
664 685 4
665 686 5
666 687 2
667 688 8
668 689 5
669 690 13
670 691 2
671 692 11
672 692 1
673 693 2
674 694 3
675 695 7
676 696 2
677 697 13
678 698 12
679 699 11
680 700 7
681 701 5
682 701 8
683 702 5
684 703 5
685 703 1
686 704 6
687 704 9
688 704 6
689 705 4
690 705 11
691 706 4
692 707 2
693 708 3
694 708 13
695 709 3
696 710 8
697 711 3
698 712 2
699 713 9
700 714 7
701 715 3
701 716 1
702 717 13
702 718 2
703 719 12
704 720 1
705 721 1
706 722 13
706 723 5
706 724 6
707 725 1
708 726 13
709 727 10
710 728 10
710 729 9
710 730 1
711 731 13
712 732 11
713 733 6
714 734 9
715 735 10
716 736 10
717 737 12
718 737 5
719 738 13
720 739 11
721 740 8
722 741 4
723 741 5
724 742 7
725 743 5
726 744 6
727 745 3
728 746 12
729 747 3
730 747 13
731 748 4
732 749 5
733 749 13
734 750 11
735 751 1
736 752 4
737 753 1
738 754 12
739 755 1
740 756 12
741 757 6
742 758 13
743 759 3
744 760 5
745 761 5
746 762 8
747 763 9
748 763 13
749 764 9
750 765 12
750 766 5
750 767 13
751 768 12
752 769 4
752 770 11
753 771 1
753 772 1
754 773 5
755 774 2
756 775 10
757 776 5
758 777 1
758 778 10
759 779 9
760 780 11
761 781 6
761 782 12
761 783 4
762 784 1
762 785 4
763 786 1
763 787 2
764 788 8
765 789 13
766 789 6
767 789 9
768 790 3
769 791 12
770 791 2
771 791 13
772 792 13
773 792 1
774 793 10
775 793 1
776 793 13
777 794 6
778 794 1
779 794 6
780 794 11
781 795 4
782 795 8
783 796 11
784 797 8
785 797 10
786 798 7
787 799 12
788 799 6
789 800 6
790 800 6
791 800 10
792 800 4
793 800 11
794 800 7
795 800 10
796 800 11
797 800 12
798 800 7
799 800 11
