1 2 1
1 3 1
1 4 1
2 5 1
2 6 1
2 7 1
2 8 1
3 9 1
3 10 1
3 11 1
3 12 1
4 13 1
4 14 1
4 15 1
4 16 1
5 17 1
6 17 1
7 18 1
8 19 1
9 20 1
10 21 1
11 22 1
12 23 1
13 24 1
14 25 1
15 26 1
16 27 1
17 28 1
18 29 1
19 30 1
20 31 1
21 32 1
22 33 1
23 34 1
24 34 1
25 35 1
26 36 1
27 37 1
28 38 1
29 39 1
30 40 1
31 41 1
32 42 1
33 43 1
34 44 1
35 45 1
36 46 1
37 47 1
38 48 1
38 49 1
39 50 1
39 51 1
40 52 1
41 53 1
41 54 1
42 55 1
42 56 1
43 57 1
43 58 1
44 59 1
45 60 1
45 61 1
45 62 1
46 63 1
47 64 1
48 65 1
49 65 1
50 65 1
51 66 1
52 66 1
53 67 1
54 67 1
55 67 1
56 68 1
57 69 1
58 69 1
59 70 1
60 70 1
61 71 1
62 71 1
63 71 1
64 72 1
65 73 1
66 74 1
67 75 1
68 76 1
68 77 1
69 78 1
70 79 1
71 80 1
72 81 1
73 82 1
73 83 1
73 84 1
73 85 1
74 86 1
74 87 1
75 88 1
75 89 1
76 90 1
76 91 1
77 92 1
78 93 1
78 94 1
79 95 1
79 96 1
80 97 1
80 98 1
81 99 1
82 100 1
83 101 1
84 102 1
85 102 1
86 103 1
87 104 1
88 105 1
89 105 1
90 106 1
91 106 1
92 107 1
93 108 1
94 109 1
95 110 1
96 111 1
97 112 1
98 113 1
99 114 1
100 115 1
101 116 1
102 117 1
103 118 1
104 118 1
105 118 1
106 119 1
107 119 1
108 120 1
109 120 1
110 121 1
111 121 1
112 122 1
113 123 1
114 124 1
115 125 1
115 126 1
115 127 1
116 128 1
116 129 1
117 130 1
117 131 1
118 132 1
118 133 1
119 134 1
120 135 1
120 136 1
121 137 1
122 138 1
122 139 1
123 140 1
123 141 1
123 142 1
124 143 1
125 144 1
126 145 1
127 145 1
128 146 1
129 146 1
130 146 1
131 147 1
132 147 1
133 148 1
134 149 1
135 150 1
136 150 1
137 150 1
138 151 1
139 152 1
140 153 1
141 153 1
142 153 1
143 154 1
144 155 1
145 156 1
146 157 1
147 158 1
148 159 1
149 160 1
150 161 1
151 162 1
152 163 1
153 164 1
154 165 1
154 166 1
155 167 1
155 168 1
156 169 1
157 170 1
158 171 1
159 172 1
160 173 1
160 174 1
161 175 1
162 176 1
163 177 1
164 178 1
165 179 1
165 180 1
166 181 1
167 182 1
168 183 1
169 184 1
170 185 1
171 186 1
172 187 1
173 188 1
174 189 1
174 190 1
175 191 1
175 192 1
176 193 1
177 194 1
178 195 1
179 196 1
179 197 1
179 198 1
180 199 1
181 200 1
182 201 1
183 201 1
184 201 1
185 202 1
186 202 1
187 203 1
188 203 1
189 204 1
190 205 1
191 205 1
192 205 1
193 206 1
194 207 1
195 208 1
196 208 1
197 209 1
198 209 1
199 210 1
200 211 1
201 212 1
202 212 1
203 213 1
204 214 1
205 215 1
206 216 1
207 216 1
208 217 1
209 218 1
210 219 1
211 220 1
212 221 1
212 222 1
213 223 1
213 224 1
213 225 1
213 226 1
214 227 1
215 228 1
216 229 1
216 230 1
217 231 1
217 232 1
218 233 1
219 234 1
220 235 1
221 236 1
222 237 1
223 237 1
224 237 1
225 238 1
226 238 1
227 239 1
228 240 1
229 241 1
230 242 1
231 242 1
232 243 1
233 244 1
234 245 1
235 246 1
236 247 1
237 248 1
238 249 1
239 250 1
240 251 1
241 252 1
242 253 1
243 254 1
244 255 1
245 256 1
246 257 1
247 258 1
248 259 1
248 260 1
248 261 1
249 262 1
250 263 1
250 264 1
251 265 1
252 266 1
253 267 1
254 268 1
254 269 1
255 270 1
255 271 1
256 272 1
256 273 1
256 274 1
256 275 1
257 276 1
258 277 1
259 277 1
260 278 1
261 278 1
262 279 1
263 280 1
264 281 1
265 281 1
266 282 1
267 283 1
268 284 1
269 285 1
270 286 1
271 287 1
272 287 1
273 288 1
274 288 1
275 289 1
276 290 1
277 291 1
278 291 1
279 292 1
280 293 1
281 294 1
282 294 1
283 294 1
284 295 1
285 296 1
286 297 1
287 297 1
288 297 1
289 298 1
290 299 1
291 300 1
292 301 1
292 302 1
292 303 1
293 304 1
294 305 1
294 306 1
295 307 1
296 308 1
296 309 1
297 310 1
297 311 1
298 312 1
299 313 1
299 314 1
300 315 1
301 316 1
302 317 1
303 318 1
304 318 1
305 319 1
306 320 1
307 321 1
308 322 1
309 323 1
310 324 1
311 325 1
312 326 1
313 327 1
314 328 1
315 329 1
316 330 1
317 331 1
318 332 1
319 333 1
320 334 1
321 335 1
322 336 1
323 337 1
324 338 1
324 339 1
325 340 1
326 341 1
327 342 1
328 343 1
329 344 1
330 345 1
331 345 1
332 346 1
333 347 1
334 348 1
335 349 1
336 350 1
337 351 1
338 352 1
339 353 1
340 354 1
341 355 1
342 356 1
343 356 1
344 357 1
345 358 1
346 359 1
347 360 1
348 361 1
349 362 1
350 363 1
351 364 1
352 365 1
353 366 1
353 367 1
354 368 1
354 369 1
355 370 1
355 371 1
356 372 1
357 373 1
358 374 1
359 375 1
360 375 1
361 376 1
362 377 1
363 377 1
364 378 1
365 379 1
366 380 1
367 380 1
368 381 1
369 382 1
370 383 1
371 384 1
372 385 1
373 386 1
374 387 1
375 388 1
376 389 1
377 390 1
378 391 1
379 392 1
380 393 1
380 394 1
381 395 1
382 396 1
383 397 1
384 398 1
385 399 1
386 400 1
387 400 1
388 400 1
389 400 1
390 400 1
391 400 1
392 400 1
393 400 1
394 400 1
395 400 1
396 400 1
397 400 1
398 400 1
399 400 1
