1 2 1
1 3 1
1 4 1
1 5 1
2 6 1
2 7 1
2 8 1
2 9 1
2 10 1
3 11 1
3 12 1
3 13 1
4 14 1
4 15 1
4 16 1
4 17 1
5 18 1
5 19 1
5 20 1
6 21 1
7 22 1
8 23 1
9 24 1
10 25 1
11 25 1
12 26 1
13 27 1
14 28 1
15 28 1
16 29 1
17 30 1
18 31 1
19 32 1
20 32 1
21 33 1
22 34 1
23 34 1
24 35 1
25 35 1
26 36 1
27 36 1
28 36 1
29 37 1
30 38 1
31 38 1
32 39 1
33 40 1
33 41 1
34 42 1
34 43 1
35 44 1
36 45 1
37 46 1
38 47 1
38 48 1
39 49 1
40 50 1
41 51 1
41 52 1
41 53 1
42 54 1
43 55 1
44 56 1
45 57 1
46 58 1
46 59 1
47 60 1
47 61 1
48 62 1
48 63 1
49 64 1
49 65 1
50 66 1
51 67 1
52 68 1
53 69 1
54 70 1
55 71 1
56 72 1
57 73 1
58 74 1
59 75 1
60 76 1
61 77 1
62 78 1
63 79 1
64 80 1
65 81 1
66 82 1
67 83 1
68 84 1
69 85 1
69 86 1
70 87 1
71 88 1
72 89 1
73 90 1
74 91 1
75 92 1
76 93 1
77 94 1
78 95 1
79 96 1
80 97 1
81 98 1
82 99 1
83 100 1
84 101 1
85 102 1
86 103 1
87 104 1
88 105 1
89 106 1
90 107 1
91 108 1
92 109 1
93 110 1
94 111 1
95 112 1
96 113 1
97 114 1
98 115 1
99 116 1
100 116 1
101 117 1
102 117 1
103 117 1
104 118 1
105 118 1
106 119 1
107 119 1
108 120 1
109 120 1
110 120 1
111 121 1
112 122 1
113 123 1
114 123 1
115 124 1
116 125 1
116 126 1
116 127 1
117 128 1
117 129 1
117 130 1
118 131 1
119 132 1
120 133 1
121 134 1
122 135 1
123 136 1
124 137 1
125 138 1
126 139 1
127 139 1
128 140 1
129 141 1
130 141 1
131 141 1
132 141 1
133 142 1
134 142 1
135 143 1
136 144 1
137 144 1
138 145 1
138 146 1
138 147 1
139 148 1
139 149 1
139 150 1
139 151 1
140 152 1
140 153 1
140 154 1
141 155 1
141 156 1
142 157 1
143 158 1
144 159 1
145 160 1
146 161 1
147 162 1
148 163 1
149 163 1
150 164 1
151 165 1
152 165 1
153 166 1
154 167 1
155 168 1
156 168 1
157 169 1
158 170 1
159 170 1
160 171 1
161 172 1
161 173 1
162 174 1
162 175 1
162 176 1
163 177 1
163 178 1
163 179 1
164 180 1
164 181 1
164 182 1
165 183 1
166 184 1
166 185 1
167 186 1
167 187 1
168 188 1
169 189 1
169 190 1
169 191 1
169 192 1
170 193 1
171 194 1
172 195 1
173 195 1
174 196 1
175 196 1
176 196 1
177 197 1
178 198 1
179 198 1
180 199 1
181 199 1
182 200 1
183 200 1
184 201 1
185 202 1
186 202 1
187 202 1
188 203 1
189 203 1
190 204 1
191 204 1
192 205 1
193 205 1
194 206 1
195 207 1
196 208 1
197 209 1
198 210 1
199 211 1
200 212 1
201 213 1
202 214 1
203 215 1
204 216 1
205 217 1
206 218 1
207 219 1
208 220 1
209 221 1
209 222 1
210 223 1
211 224 1
212 225 1
212 226 1
213 227 1
214 228 1
215 229 1
216 230 1
216 231 1
217 232 1
218 233 1
219 234 1
220 235 1
221 236 1
222 237 1
223 237 1
224 238 1
225 239 1
226 240 1
227 241 1
228 242 1
229 243 1
230 244 1
231 245 1
232 246 1
233 247 1
234 248 1
234 249 1
235 250 1
236 251 1
236 252 1
236 253 1
237 254 1
238 255 1
239 256 1
240 257 1
241 258 1
241 259 1
242 260 1
243 261 1
243 262 1
244 263 1
245 264 1
246 265 1
247 266 1
248 267 1
249 268 1
250 269 1
251 270 1
252 271 1
253 272 1
254 273 1
255 273 1
256 274 1
257 274 1
258 275 1
259 276 1
260 276 1
261 277 1
262 277 1
263 277 1
264 278 1
265 279 1
266 280 1
267 281 1
268 282 1
269 283 1
270 284 1
271 285 1
272 286 1
273 287 1
274 288 1
275 289 1
276 290 1
277 291 1
278 292 1
279 293 1
280 294 1
281 295 1
281 296 1
282 297 1
282 298 1
283 299 1
284 300 1
285 301 1
286 302 1
287 303 1
288 304 1
289 305 1
290 306 1
291 307 1
292 308 1
293 309 1
294 310 1
294 311 1
295 312 1
296 313 1
297 314 1
298 315 1
299 316 1
299 317 1
300 318 1
301 319 1
302 320 1
303 321 1
304 322 1
304 323 1
305 324 1
306 325 1
307 326 1
308 327 1
309 328 1
310 329 1
311 330 1
312 330 1
313 331 1
314 332 1
315 333 1
316 333 1
317 334 1
318 334 1
319 334 1
320 335 1
321 336 1
322 337 1
323 338 1
324 339 1
325 340 1
326 341 1
327 341 1
328 342 1
329 343 1
330 344 1
330 345 1
331 346 1
332 347 1
333 348 1
334 349 1
335 350 1
336 351 1
337 352 1
338 353 1
339 354 1
340 355 1
340 356 1
341 357 1
342 358 1
343 359 1
344 360 1
345 361 1
346 362 1
347 363 1
348 364 1
349 365 1
350 366 1
351 367 1
352 368 1
353 369 1
354 370 1
355 370 1
356 371 1
357 372 1
358 373 1
359 374 1
360 375 1
361 376 1
362 377 1
363 378 1
364 379 1
365 380 1
366 381 1
367 382 1
368 383 1
369 384 1
370 385 1
371 386 1
372 387 1
373 388 1
374 389 1
375 389 1
376 390 1
377 391 1
378 392 1
379 393 1
380 393 1
381 394 1
382 395 1
383 396 1
384 396 1
385 397 1
386 398 1
387 399 1
388 399 1
389 400 1
390 400 1
391 400 1
392 400 1
393 400 1
394 400 1
395 400 1
396 400 1
397 400 1
398 400 1
399 400 1
