1 2 1
1 3 1
1 4 1
1 5 1
1 6 1
2 7 1
2 8 1
2 9 1
3 10 1
3 11 1
3 12 1
3 13 1
4 14 1
4 15 1
4 16 1
4 17 1
4 18 1
5 19 1
5 20 1
5 21 1
5 22 1
5 23 1
6 24 1
6 25 1
6 26 1
6 27 1
7 28 1
8 29 1
9 30 1
10 31 1
11 32 1
12 33 1
13 34 1
14 35 1
15 36 1
16 37 1
17 38 1
18 39 1
18 40 1
19 41 1
20 42 1
21 43 1
22 44 1
23 45 1
24 46 1
25 47 1
26 48 1
27 49 1
28 50 1
29 51 1
30 52 1
31 53 1
32 54 1
33 55 1
34 56 1
35 56 1
36 57 1
37 58 1
38 58 1
39 58 1
40 59 1
41 60 1
42 61 1
43 61 1
44 62 1
45 63 1
46 64 1
47 65 1
48 66 1
49 67 1
50 68 1
50 69 1
51 70 1
51 71 1
51 72 1
52 73 1
53 74 1
53 75 1
54 76 1
54 77 1
55 78 1
55 79 1
56 80 1
56 81 1
56 82 1
57 83 1
58 84 1
58 85 1
58 86 1
59 87 1
60 88 1
60 89 1
61 90 1
61 91 1
62 92 1
63 93 1
64 94 1
65 95 1
66 96 1
67 97 1
68 98 1
69 99 1
70 100 1
71 101 1
72 102 1
73 103 1
74 104 1
75 105 1
76 106 1
77 107 1
78 108 1
79 109 1
80 110 1
81 111 1
82 112 1
83 112 1
84 113 1
85 113 1
86 114 1
87 115 1
88 115 1
89 116 1
90 117 1
91 118 1
92 119 1
93 120 1
94 121 1
95 122 1
96 123 1
97 124 1
98 125 1
99 126 1
100 127 1
101 128 1
102 129 1
103 130 1
104 131 1
105 132 1
106 133 1
107 134 1
108 135 1
109 136 1
110 137 1
111 138 1
112 139 1
113 140 1
114 141 1
115 142 1
116 143 1
117 144 1
118 145 1
119 146 1
120 147 1
121 148 1
122 149 1
123 150 1
124 151 1
125 152 1
126 153 1
127 154 1
128 155 1
129 156 1
130 157 1
131 157 1
132 158 1
133 159 1
134 160 1
135 161 1
136 162 1
137 163 1
138 164 1
139 165 1
140 166 1
141 167 1
142 168 1
143 169 1
144 170 1
145 171 1
146 172 1
147 173 1
148 174 1
149 175 1
150 175 1
151 176 1
152 177 1
153 178 1
154 179 1
155 180 1
156 181 1
157 182 1
157 183 1
158 184 1
159 185 1
160 186 1
161 187 1
162 188 1
162 189 1
163 190 1
163 191 1
164 192 1
165 193 1
166 194 1
167 195 1
168 196 1
169 197 1
169 198 1
170 199 1
171 200 1
172 201 1
173 202 1
174 203 1
175 204 1
176 205 1
177 206 1
178 207 1
179 208 1
180 209 1
181 210 1
182 211 1
183 212 1
184 213 1
185 214 1
186 214 1
187 215 1
188 216 1
189 217 1
190 218 1
191 219 1
192 220 1
193 221 1
194 222 1
195 223 1
196 224 1
197 225 1
198 226 1
199 227 1
200 228 1
201 229 1
202 230 1
203 231 1
204 232 1
205 233 1
206 234 1
207 235 1
208 236 1
208 237 1
208 238 1
209 239 1
209 240 1
210 241 1
211 242 1
211 243 1
211 244 1
212 245 1
213 246 1
214 247 1
215 248 1
215 249 1
215 250 1
216 251 1
216 252 1
217 253 1
218 254 1
218 255 1
219 256 1
220 257 1
221 258 1
222 259 1
222 260 1
223 261 1
224 262 1
224 263 1
225 264 1
226 265 1
227 266 1
227 267 1
227 268 1
228 269 1
228 270 1
229 271 1
230 272 1
230 273 1
230 274 1
231 275 1
232 276 1
232 277 1
233 278 1
234 279 1
235 280 1
236 281 1
237 282 1
238 282 1
239 283 1
240 284 1
241 285 1
242 286 1
243 286 1
244 287 1
245 288 1
246 288 1
247 289 1
248 289 1
249 290 1
250 291 1
251 292 1
252 293 1
253 294 1
254 295 1
255 295 1
256 295 1
257 296 1
258 297 1
259 297 1
260 298 1
261 299 1
262 299 1
263 300 1
264 300 1
265 301 1
266 302 1
267 302 1
268 303 1
269 303 1
270 304 1
271 305 1
272 305 1
273 306 1
274 306 1
275 307 1
276 308 1
277 308 1
278 309 1
279 310 1
280 311 1
281 312 1
282 313 1
283 314 1
284 315 1
285 316 1
286 316 1
287 317 1
288 317 1
289 318 1
290 319 1
291 320 1
292 321 1
293 321 1
294 322 1
295 323 1
296 324 1
297 325 1
298 326 1
299 326 1
300 327 1
301 327 1
302 328 1
303 329 1
304 330 1
305 330 1
306 331 1
307 331 1
308 331 1
309 332 1
310 333 1
311 334 1
312 335 1
313 336 1
314 337 1
315 338 1
316 339 1
317 340 1
318 341 1
319 342 1
320 343 1
321 344 1
322 345 1
323 346 1
324 347 1
325 348 1
326 349 1
327 350 1
328 351 1
329 352 1
330 353 1
331 354 1
332 355 1
333 356 1
334 357 1
334 358 1
335 359 1
335 360 1
336 361 1
337 362 1
338 363 1
338 364 1
339 365 1
340 366 1
341 367 1
341 368 1
341 369 1
342 370 1
343 371 1
344 372 1
344 373 1
345 374 1
346 375 1
347 376 1
348 377 1
349 378 1
350 379 1
351 380 1
351 381 1
352 382 1
353 383 1
353 384 1
353 385 1
354 386 1
354 387 1
354 388 1
355 389 1
356 390 1
357 390 1
358 391 1
359 392 1
360 392 1
361 393 1
362 393 1
363 394 1
364 395 1
365 396 1
366 397 1
367 397 1
368 397 1
369 398 1
370 399 1
371 399 1
372 400 1
373 401 1
374 401 1
375 402 1
376 402 1
377 403 1
378 404 1
379 405 1
380 406 1
381 407 1
382 407 1
383 408 1
384 409 1
385 409 1
386 410 1
387 411 1
388 411 1
389 412 1
390 413 1
391 414 1
392 415 1
393 415 1
394 416 1
395 417 1
396 418 1
397 419 1
398 419 1
399 420 1
400 421 1
401 422 1
402 423 1
403 424 1
404 425 1
405 426 1
406 427 1
407 428 1
408 429 1
409 430 1
410 431 1
411 431 1
412 432 1
413 433 1
414 434 1
415 435 1
416 436 1
417 437 1
418 438 1
419 439 1
419 440 1
420 441 1
421 442 1
421 443 1
422 444 1
422 445 1
423 446 1
424 447 1
425 448 1
426 449 1
427 450 1
427 451 1
428 452 1
428 453 1
428 454 1
429 455 1
430 456 1
431 457 1
431 458 1
432 459 1
433 460 1
434 461 1
435 461 1
436 462 1
437 462 1
438 462 1
439 463 1
440 464 1
441 464 1
442 465 1
443 466 1
444 467 1
445 468 1
446 469 1
447 469 1
448 470 1
449 470 1
450 471 1
451 472 1
452 473 1
453 474 1
454 475 1
455 475 1
456 476 1
457 477 1
458 477 1
459 477 1
460 478 1
461 479 1
462 480 1
463 481 1
464 482 1
465 483 1
466 484 1
467 485 1
468 486 1
469 487 1
470 488 1
471 489 1
471 490 1
472 491 1
472 492 1
473 493 1
473 494 1
474 495 1
474 496 1
475 497 1
476 498 1
477 499 1
478 500 1
479 500 1
480 500 1
481 500 1
482 500 1
483 500 1
484 500 1
485 500 1
486 500 1
487 500 1
488 500 1
489 500 1
490 500 1
491 500 1
492 500 1
493 500 1
494 500 1
495 500 1
496 500 1
497 500 1
498 500 1
499 500 1
