1 2 18
1 3 18
1 4 28
2 5 12
2 6 6
2 7 9
2 8 2
2 9 24
3 10 29
3 11 19
4 12 15
4 13 12
4 14 7
4 15 11
5 16 6
6 17 18
7 18 29
8 18 16
9 19 22
10 20 3
11 20 15
12 20 2
13 21 10
14 22 19
15 22 14
16 23 15
17 24 27
18 25 19
19 26 21
20 27 12
21 28 4
22 29 11
23 30 11
24 31 15
25 32 13
26 33 3
27 34 18
27 35 26
28 36 3
29 37 21
30 38 29
31 39 13
32 40 29
33 40 8
34 41 3
35 41 13
36 41 25
37 42 9
38 43 15
38 44 12
38 45 20
39 46 19
39 47 9
39 48 13
39 49 22
39 50 7
40 51 24
40 52 18
41 53 16
41 54 16
41 55 10
41 56 4
42 57 21
42 58 17
42 59 12
42 60 2
43 61 10
44 61 11
45 61 27
46 61 21
47 61 7
48 62 5
49 62 4
50 62 17
51 63 16
52 63 4
53 63 14
54 64 15
55 64 21
56 64 7
57 65 15
58 65 2
59 65 23
60 66 10
61 67 26
61 68 11
61 69 13
62 70 23
63 71 2
64 72 10
65 73 13
66 74 29
67 75 5
68 76 20
69 77 20
70 78 4
71 79 12
72 80 8
73 81 18
74 82 19
75 83 7
76 84 3
77 85 24
78 86 8
78 87 21
78 88 10
79 89 29
80 90 1
80 91 24
81 92 6
82 93 14
83 94 23
84 95 25
85 95 12
86 95 9
87 96 29
88 97 9
89 97 11
90 98 28
91 98 12
92 99 13
93 99 6
94 100 9
95 100 20
96 100 26
97 100 23
98 100 8
99 100 3
