1 2 8
1 3 6
1 4 3
1 5 3
1 6 3
2 7 2
3 8 6
3 9 4
4 10 9
4 11 3
5 12 7
5 13 5
6 14 3
7 15 5
7 16 6
8 17 2
8 18 4
9 19 3
9 20 8
10 21 6
10 22 1
11 23 2
11 24 7
12 25 5
13 26 7
13 27 3
14 28 1
14 29 8
15 30 1
16 31 3
17 31 5
18 32 3
19 33 9
20 33 4
21 34 3
22 35 8
23 36 3
24 37 7
25 38 4
26 39 7
27 39 4
28 39 3
29 40 8
30 41 4
31 42 9
32 43 9
33 44 1
34 45 9
35 46 3
36 47 8
37 47 2
38 48 5
39 49 7
40 50 2
41 51 6
42 52 3
42 53 2
43 54 7
43 55 4
44 56 4
45 57 8
45 58 9
46 59 3
46 60 5
46 61 9
47 62 4
48 63 6
49 64 3
49 65 9
50 66 8
51 67 7
52 68 1
53 69 5
54 70 1
55 71 5
56 72 5
57 73 8
58 74 2
59 75 7
60 76 7
61 77 8
62 77 7
63 78 3
64 79 1
65 80 9
66 81 6
67 82 3
68 83 2
68 84 2
69 85 5
69 86 9
70 87 9
71 88 5
72 89 9
73 90 9
74 91 3
75 92 7
75 93 6
75 94 3
76 95 9
76 96 5
76 97 4
77 98 1
78 99 7
79 100 5
80 101 3
80 102 2
81 103 3
82 104 3
83 105 1
84 105 8
85 106 6
86 107 4
87 107 6
88 108 8
89 108 1
90 109 6
91 110 8
92 110 8
93 111 9
94 112 9
95 112 5
96 112 2
97 113 5
98 114 5
99 115 2
100 115 6
101 116 7
102 116 3
103 117 5
104 118 5
104 119 5
104 120 2
105 121 3
106 122 8
107 123 4
108 124 3
109 125 6
109 126 3
110 127 1
111 128 4
112 129 8
113 130 1
114 131 1
115 132 5
116 133 4
117 134 5
118 135 7
119 136 5
120 137 2
121 138 9
122 139 9
122 140 6
123 141 4
124 142 9
125 143 3
125 144 2
126 145 4
127 146 4
128 147 5
129 148 8
129 149 6
130 150 4
130 151 8
131 152 4
132 153 7
133 154 9
133 155 3
134 156 4
135 157 6
136 158 5
137 159 3
138 159 3
139 159 6
140 160 1
141 160 7
142 160 7
143 160 6
144 161 7
145 161 7
146 161 3
147 162 3
148 162 6
149 163 7
150 164 8
151 164 5
152 164 7
153 165 6
154 165 5
155 165 1
156 165 1
157 166 2
157 167 2
157 168 6
158 169 6
159 170 5
159 171 4
160 172 5
161 173 3
162 174 3
162 175 2
163 176 1
164 177 9
165 178 3
165 179 4
166 180 2
167 181 5
168 182 8
168 183 8
169 184 5
170 185 8
171 186 8
171 187 5
172 188 5
173 189 5
174 190 7
174 191 8
175 192 6
175 193 3
176 194 1
176 195 6
177 196 5
177 197 5
178 198 1
179 199 5
180 200 6
181 200 3
182 200 9
183 200 4
184 200 1
185 200 2
186 200 8
187 200 9
188 200 2
189 200 4
190 200 7
191 200 8
192 200 2
193 200 1
194 200 5
195 200 6
196 200 8
197 200 7
198 200 2
199 200 1
