1 2 6
1 3 4
2 4 7
2 5 7
2 6 7
2 7 6
2 8 4
3 9 7
3 10 4
3 11 7
3 12 4
3 13 4
4 14 7
4 15 2
4 16 5
5 17 6
5 18 3
6 19 1
7 20 6
8 21 2
9 22 3
9 23 1
10 24 7
11 25 1
11 26 4
12 27 3
13 28 1
14 29 2
15 29 1
16 29 3
17 30 4
18 30 5
19 30 6
20 31 5
21 32 1
22 33 7
23 33 4
24 34 5
25 35 2
26 36 2
27 36 5
28 37 1
29 38 7
30 39 2
31 40 5
32 41 1
33 42 2
34 42 3
35 43 3
36 44 6
37 44 5
38 45 6
39 46 1
40 47 3
41 47 5
42 48 6
43 49 4
44 50 4
45 51 5
45 52 7
45 53 5
45 54 5
46 55 5
46 56 7
47 57 4
48 58 7
48 59 4
49 60 2
49 61 5
49 62 2
50 63 2
50 64 6
51 65 4
52 65 1
53 66 1
54 67 1
55 68 6
56 69 6
57 69 5
58 70 7
59 70 1
60 71 3
61 71 6
62 72 4
63 73 3
64 73 7
65 74 2
65 75 1
65 76 4
66 77 2
66 78 3
67 79 3
67 80 2
68 81 3
68 82 1
69 83 6
69 84 5
69 85 3
69 86 5
70 87 3
70 88 3
70 89 2
70 90 2
71 91 5
71 92 7
72 93 3
72 94 4
72 95 3
72 96 4
73 97 2
73 98 5
74 99 3
75 100 4
76 100 2
77 101 7
78 101 6
79 102 1
80 103 4
81 103 5
82 104 2
83 104 4
84 105 6
85 106 1
86 107 6
87 107 3
88 108 5
89 109 2
90 109 7
91 109 2
92 109 4
93 109 6
94 110 3
95 111 6
96 112 7
97 112 2
98 113 3
99 114 5
100 115 2
101 116 1
102 117 6
103 117 2
104 118 6
105 119 3
106 120 6
107 121 7
108 122 6
109 123 3
110 124 3
111 124 1
112 125 5
113 125 3
114 126 6
115 126 4
116 127 5
117 128 2
118 129 2
119 130 7
120 131 6
121 132 2
122 133 6
123 134 3
124 135 2
125 135 5
126 136 6
127 137 5
128 138 6
128 139 5
129 140 2
130 141 1
131 142 6
132 143 7
133 144 6
134 145 7
135 146 7
136 147 3
137 148 3
138 149 6
139 150 5
140 151 6
140 152 4
141 153 6
141 154 1
142 155 7
143 156 7
144 157 6
145 158 4
146 159 7
147 160 1
148 161 6
149 162 4
149 163 6
149 164 3
150 165 6
151 166 2
151 167 3
152 168 7
153 169 2
154 170 4
154 171 3
155 172 5
155 173 7
155 174 4
156 175 2
157 176 1
158 177 2
158 178 1
159 179 6
160 180 3
161 181 2
162 181 3
163 182 2
164 183 3
165 183 7
166 184 7
167 185 1
168 185 3
169 185 2
170 186 7
171 186 1
172 187 7
173 188 5
174 188 6
175 189 6
176 189 3
177 190 7
178 191 4
179 191 6
180 192 2
181 193 7
182 193 6
183 193 4
184 194 6
185 194 1
186 195 4
187 195 5
188 196 2
189 197 3
190 198 7
191 199 2
192 200 2
193 200 4
194 200 3
195 200 4
196 200 2
197 200 5
198 200 5
199 200 2
