19 19 19 18 19 18 18 19 19 18 18 18 18 18 19 19
16 15 16 16 16 16 16 15 16 16 16 15 16 15 16 15
19 19 20 19 20 20 19 20 20 20 20 19 20 20 19 20
15 16 15 16 16 16 16 15 16 16 16 16 15 15 15 16
11 12 11 12 11 11 12 11 11 11 12 11 11 11 11 11
4 4 3 3 3 4 4 4 4 4 4 3 3 4 4 4
7 8 8 7 8 7 7 7 8 7 7 8 8 8 7 8
20 20 20 19 20 20 20 19 19 20 19 19 20 19 20 19
7 7 6 6 7 6 7 6 6 6 6 7 6 7 7 6
8 7 8 8 7 7 7 7 8 8 8 7 8 7 8 7
11 11 11 10 11 10 10 10 10 11 11 10 10 11 10 11
5 5 4 4 4 4 5 5 4 5 4 4 4 4 4 4
19 19 19 18 18 18 19 18 19 18 19 19 19 19 18 19
8 9 9 8 9 8 9 9 9 8 8 9 9 8 8 8
18 18 18 19 19 19 19 18 18 18 19 19 19 19 18 18
13 13 14 14 14 13 13 13 14 14 14 14 13 14 13 13
6 6 7 7 6 6 7 7 6 7 7 6 7 6 7 7
9 9 9 8 9 9 8 8 9 8 8 8 8 8 9 9
19 20 20 21 20 19 19 20 20 20 19 19 20 20 20 19
2 3 3 2 3 2 2 3 2 2 2 3 2 2 2 2
3 4 3 3 3 4 3 3 3 3 4 4 4 4 4 3
10 11 10 11 11 11 11 10 11 11 11 11 11 11 10 11
5 5 6 6 5 6 5 5 5 5 5 6 5 5 6 6
6 6 5 6 5 5 5 6 5 6 6 5 6 6 5 5
10 11 10 11 10 11 10 11 10 10 10 10 10 11 11 11
12 12 12 11 11 12 12 11 11 12 12 12 12 11 12 12
18 19 18 19 18 18 18 18 19 19 19 19 19 18 19 19
15 15 16 16 15 15 16 15 16 15 15 16 16 16 16 15
14 15 14 15 14 14 15 15 14 14 15 14 14 14 15 14
12 12 12 12 13 12 13 12 13 13 13 13 12 12 12 12
6 6 6 6 7 6 7 6 7 6 7 6 6 6 7 6
16 15 15 16 16 16 15 15 15 15 15 16 16 16 16 16
19 19 20 19 20 20 20 20 20 20 20 20 20 19 19 20
3 4 3 4 3 3 4 4 4 3 4 4 4 3 3 3
2 2 1 1 1 2 2 2 1 2 1 1 1 2 1 2
12 11 11 11 12 12 11 11 12 12 12 11 11 12 11 12
15 16 16 15 15 16 15 15 16 16 15 15 15 15 16 16
18 18 18 18 19 19 19 19 18 19 18 19 18 19 19 19
13 13 14 14 13 14 14 14 14 13 14 13 13 13 13 14
2 3 2 3 2 3 2 2 2 3 2 2 2 3 3 3
10 11 11 11 10 11 10 10 10 10 10 11 10 11 10 11
9 8 8 9 8 8 9 8 9 8 8 9 8 8 9 8
2 2 2 3 3 3 2 3 2 2 2 2 3 3 3 2
16 17 16 17 17 16 16 16 17 16 17 16 17 16 17 16
9 10 9 10 10 9 10 9 10 9 10 10 10 9 10 9
7 7 6 7 7 7 6 7 7 6 6 6 7 7 7 6
12 12 12 13 13 12 12 13 12 12 13 12 12 13 13 13
1 2 2 2 1 1 2 2 2 2 2 2 2 2 2 1
18 18 18 19 19 18 18 18 18 19 18 18 18 19 18 19
4 4 4 4 4 5 5 5 4 4 5 4 4 4 5 5
1 2 1 1 1 2 2 2 1 1 2 2 1 2 2 2
19 20 21 20 20 20 20 20 19 19 19 19 19 20 19 21
11 11 12 12 11 12 12 11 11 12 12 11 11 12 12 11
5 5 5 6 5 6 5 6 6 5 6 5 6 6 6 5
3 3 3 3 3 3 3 3 4 3 3 3 4 3 4 3
3 2 3 2 2 3 3 2 2 3 2 3 3 3 2 2
19 20 19 19 20 20 19 20 20 20 20 20 19 20 19 20
10 9 10 10 9 9 9 10 9 10 9 9 9 10 9 9
14 15 15 14 14 14 15 14 15 14 15 14 15 14 14 15
2 2 1 1 2 1 2 1 2 1 2 1 1 2 1 2
5 5 5 5 4 5 5 5 4 5 5 5 5 5 5 5
11 12 11 12 12 12 11 11 11 11 11 12 11 11 11 11
11 11 12 12 12 11 12 12 11 12 11 12 11 12 12 12
9 10 10 10 9 10 10 10 10 10 9 9 10 10 10 9
10 10 11 11 11 11 11 10 10 10 11 11 11 10 10 11
4 5 4 4 5 5 4 4 4 4 4 4 4 4 5 4
18 18 18 18 17 17 17 18 17 18 17 17 17 18 18 17
1 1 1 1 1 1 1 1 2 1 2 1 2 1 1 1
20 20 19 19 19 19 19 20 20 20 20 20 19 19 20 19
19 19 18 19 19 18 19 19 18 18 19 19 18 19 19 19
16 17 17 16 16 16 17 17 16 17 17 16 17 17 16 17
8 7 8 7 8 8 8 7 8 7 7 7 7 8 8 7
16 15 16 16 15 16 15 16 16 15 16 16 16 16 15 16
16 17 17 17 17 16 17 16 17 17 17 16 17 17 16 17
10 9 10 9 10 9 9 10 10 10 10 10 10 9 10 10
13 14 14 14 13 14 14 13 13 14 13 13 14 14 14 14
18 18 19 19 19 19 18 19 19 19 18 18 19 18 19 19
10 9 10 10 9 9 10 10 9 9 10 9 9 9 10 10
16 16 16 16 16 16 16 16 16 15 15 16 16 16 15 16
10 10 10 10 11 10 10 11 11 11 10 11 11 10 10 10
11 10 10 11 11 11 10 11 11 10 11 10 11 11 10 10
8 8 7 8 7 8 7 8 7 8 7 8 8 8 8 7
18 19 18 18 18 18 18 19 18 18 19 19 18 18 18 19
15 15 15 14 14 14 15 15 15 14 14 15 15 14 14 15
9 8 8 8 9 9 9 8 9 9 9 9 9 9 9 9
19 20 19 19 19 20 19 19 19 19 19 19 19 19 19 19
17 17 18 17 18 17 17 18 17 18 18 18 18 17 17 18
19 21 19 21 20 20 19 20 21 21 19 21 19 20 21 21
6 6 6 6 6 7 7 6 6 7 6 7 6 7 7 7
7 6 6 6 7 7 6 7 6 7 7 6 7 7 7 6
16 16 16 16 17 16 17 16 17 17 17 16 17 17 17 17
8 7 8 7 8 7 8 8 8 8 7 7 8 7 8 7
20 20 20 19 19 19 20 19 19 19 19 19 19 20 19 19
19 18 18 18 19 19 18 18 19 18 18 19 18 19 19 19
6 5 6 6 5 5 5 5 6 5 5 6 6 6 5 6
19 20 20 21 21 20 19 20 20 19 21 19 19 21 19 19
8 8 9 9 9 8 9 9 8 8 9 8 8 9 9 9
17 17 16 17 17 16 17 17 17 17 16 16 17 17 17 17
12 11 12 11 11 11 11 11 12 12 11 12 12 12 12 12
18 18 18 19 19 18 18 19 18 19 19 18 19 19 18 19
13 13 13 12 13 13 12 13 13 13 13 13 13 12 13 12
18 18 19 18 18 18 19 18 19 18 18 19 19 18 19 18
6 5 5 6 5 6 6 5 5 5 6 6 5 5 5 5
9 9 9 9 8 9 8 9 9 9 8 9 9 8 9 9
8 8 7 7 7 8 7 7 7 8 8 7 7 7 7 8
12 12 13 13 13 13 12 13 12 13 13 13 13 12 12 13
14 13 13 14 13 13 13 13 14 14 14 14 14 14 14 13
5 5 4 4 4 4 4 5 4 4 4 5 5 4 5 4
11 12 12 11 11 11 12 12 12 11 11 11 12 12 11 12
7 8 8 8 8 8 8 7 8 8 8 8 8 8 8 7
14 13 13 13 13 13 13 13 13 14 13 14 13 13 14 14
20 19 20 20 19 19 20 20 19 19 20 20 20 19 19 20
2 3 2 3 2 2 3 3 2 3 2 3 3 2 3 3
2 2 1 1 1 1 2 1 1 1 1 1 2 2 2 2
7 7 7 7 7 7 7 7 6 7 7 6 7 6 6 7
1 2 2 2 2 1 2 2 2 1 2 1 1 2 1 1
14 15 14 14 15 15 15 14 15 15 15 14 15 15 14 15
10 9 10 10 9 10 9 10 9 9 10 9 10 9 9 9
16 17 16 17 16 16 17 17 16 17 16 16 16 17 17 16
11 11 11 11 11 11 11 10 11 11 10 11 11 11 10 10
5 5 5 5 5 5 6 6 5 6 6 6 5 5 5 5
3 4 4 4 4 4 4 4 4 3 3 3 3 4 3 4
17 16 17 16 16 16 16 16 17 16 17 17 17 17 17 17
11 11 11 11 10 11 11 11 11 11 10 11 10 11 10 11
5 4 4 5 4 4 4 4 4 4 5 4 4 4 5 4
10 10 11 10 11 11 10 11 11 11 11 11 10 10 11 10
5 4 5 5 5 5 4 4 5 4 4 4 4 5 4 4
17 17 17 17 16 17 17 16 16 16 16 17 17 16 17 16
13 14 14 14 14 14 13 14 14 13 13 13 13 13 13 14
5 5 6 6 5 6 6 6 5 6 5 5 6 5 6 5
8 7 7 8 7 8 8 8 7 7 8 7 7 7 8 7
13 12 12 13 12 12 13 12 12 12 13 13 13 12 12 13
3 3 2 3 3 3 2 2 2 2 2 2 2 3 2 3
5 5 4 4 4 5 5 5 4 5 4 4 4 4 5 5
9 9 9 9 8 8 8 9 9 8 8 8 9 9 9 8
16 16 15 16 15 16 16 15 16 15 15 16 16 16 15 16
19 18 19 19 19 19 18 18 18 19 18 18 18 19 19 19
4 3 3 3 4 4 4 4 3 3 4 4 3 4 3 4
18 17 17 18 17 18 17 18 17 18 17 18 18 17 17 18
4 3 3 4 4 3 3 4 4 4 4 4 3 3 4 3
10 11 10 10 11 11 10 11 10 10 11 10 11 10 11 11
17 17 16 16 17 16 17 17 17 16 17 17 16 17 16 16
14 15 14 15 15 14 15 14 15 15 15 14 14 14 15 15
12 11 12 12 11 11 12 11 11 12 12 11 12 12 12 11
10 9 9 9 10 9 10 10 10 9 10 9 10 10 9 10
11 10 11 10 10 10 11 11 10 11 11 10 10 11 10 11
12 11 11 12 11 11 12 12 12 12 12 11 12 11 11 12
17 17 18 17 18 18 18 17 17 18 17 18 17 18 17 18
17 16 17 16 17 16 17 16 16 17 17 16 16 16 16 17
3 4 4 3 4 4 3 4 3 3 3 4 4 4 4 4
10 10 10 9 9 10 10 10 10 9 10 10 10 9 9 10
10 11 11 10 10 11 10 11 10 10 10 11 10 11 11 10
4 5 5 4 4 4 4 4 5 5 5 4 5 5 5 4
9 9 10 10 10 9 10 10 10 10 9 9 9 10 9 10
13 13 14 14 13 13 14 14 14 13 14 13 13 14 13 14
5 5 5 5 5 5 6 5 5 5 6 5 6 6 6 5
16 17 16 16 16 17 17 16 17 16 17 17 17 16 16 16
5 4 5 4 5 4 5 4 4 5 4 5 5 4 5 5
4 4 3 3 4 3 3 3 3 4 4 3 4 3 4 4
3 4 3 3 4 3 3 4 4 3 3 4 3 3 3 4
16 17 16 16 16 17 17 16 16 16 16 17 17 17 16 16
11 10 11 11 11 10 10 10 10 10 10 11 11 11 10 10
12 11 11 12 11 12 11 12 11 11 11 12 12 12 12 12
3 3 3 3 2 3 2 3 2 2 2 3 2 2 2 3
14 13 13 13 13 14 14 14 13 14 13 13 13 13 13 13
8 9 8 8 8 9 8 8 9 9 8 9 8 9 8 9
19 20 20 20 19 19 19 20 19 19 20 20 19 20 20 20
15 14 14 14 14 14 14 14 15 14 15 14 15 15 15 14
13 14 13 14 14 13 13 14 13 13 13 14 14 13 14 13
4 5 4 5 4 4 5 4 5 5 5 5 5 5 4 4
19 21 20 21 19 19 19 19 20 21 21 21 19 19 20 20
3 4 4 3 3 3 4 4 4 3 4 4 3 3 3 3
18 18 18 19 18 18 18 19 19 18 18 18 19 18 18 18
9 10 10 10 9 10 9 9 10 10 10 9 9 9 10 10
6 6 5 6 6 5 6 6 6 6 5 6 5 5 6 6
18 18 17 17 18 17 18 17 17 18 18 17 17 17 17 18
7 8 8 7 7 7 7 7 8 8 7 8 7 7 8 7
13 14 13 14 13 14 14 14 14 13 13 14 13 14 14 13
17 16 16 16 17 16 16 17 16 16 17 17 17 16 16 17
14 14 14 14 13 14 13 14 14 13 14 13 14 13 14 13
8 8 7 8 8 8 7 8 8 7 7 7 7 8 8 8
17 18 17 17 17 18 18 17 18 17 18 17 18 17 18 18
8 8 9 8 8 8 9 8 8 8 9 9 8 8 9 8
7 6 6 7 6 7 7 7 7 6 7 6 7 7 7 6
10 10 10 10 11 10 10 11 10 10 10 10 11 11 10 11
8 7 7 8 7 7 8 7 7 7 7 7 8 7 7 8
12 13 12 12 12 13 13 13 13 12 12 13 13 12 13 12
6 6 7 6 7 7 7 6 7 7 7 7 7 7 7 7
9 9 10 10 9 10 9 9 10 10 10 9 9 10 9 9
12 13 12 13 12 13 13 12 13 12 13 13 13 12 13 13
4 4 4 3 3 3 3 3 4 4 3 4 4 4 4 4
18 17 17 18 17 18 18 18 17 18 17 18 18 17 17 18
15 15 14 14 15 15 14 14 14 15 15 15 14 14 15 14
4 4 3 3 4 3 4 4 4 4 3 4 4 3 3 3
19 20 20 19 19 20 19 21 21 20 19 21 21 20 20 19
9 8 8 9 9 8 9 9 9 8 8 9 9 9 9 8
5 4 5 5 5 5 4 4 5 4 4 5 5 4 4 4
16 15 15 16 16 15 15 15 16 16 16 15 16 16 15 15
7 6 6 7 6 7 6 7 6 6 6 7 6 7 6 6
2 3 2 3 2 2 2 2 3 3 2 3 2 2 3 2
3 3 4 4 4 4 3 4 4 4 4 3 3 4 3 4
11 10 11 11 11 10 10 10 11 11 10 10 11 11 10 11
20 21 19 21 19 20 20 21 20 21 20 20 19 19 20 19
10 10 10 10 11 10 11 10 11 11 10 10 10 10 11 10
10 11 10 10 10 11 11 11 11 10 11 11 10 11 10 10
19 20 20 19 20 19 20 19 19 20 19 20 19 20 19 19
12 12 12 13 12 12 13 12 12 12 12 12 12 13 13 13
14 15 14 14 14 14 14 15 15 15 14 14 14 14 15 15
21 21 20 21 21 19 21 19 19 21 20 19 20 20 19 20
11 10 10 10 11 11 11 11 11 11 11 11 10 11 10 11
20 21 19 21 20 19 21 21 19 21 20 21 21 19 20 20
21 21 21 20 19 21 20 19 20 19 21 19 19 20 21 19
9 9 8 8 8 8 8 8 9 8 8 9 9 8 8 8
5 5 4 5 4 4 4 5 4 5 4 4 5 5 5 4
16 16 16 16 16 16 16 15 15 16 15 16 15 16 16 16
5 4 4 4 5 5 5 5 4 4 5 4 4 4 5 5
18 18 17 18 17 18 17 18 17 17 17 17 17 18 18 18
14 15 14 15 14 14 14 14 15 14 15 15 14 14 14 14
5 6 5 6 6 6 6 6 6 6 6 5 6 6 5 5
15 15 16 16 16 15 15 15 16 15 15 16 15 16 15 16
14 14 14 14 13 13 13 13 14 14 13 14 13 14 14 13
4 3 3 3 4 3 4 3 4 4 4 4 4 4 3 4
4 3 3 3 3 4 4 4 4 3 4 3 4 3 3 4
1 2 1 2 2 1 2 2 1 2 2 2 1 2 1 1
15 16 16 15 16 16 15 16 15 16 15 16 15 15 15 16
12 12 13 12 13 12 12 13 13 13 12 13 13 12 12 12
16 17 17 16 17 16 17 16 16 16 16 16 17 17 16 16
6 6 5 6 6 6 5 6 5 6 6 5 6 5 5 5
1 2 2 1 2 1 2 2 1 2 1 1 1 1 1 2
9 9 8 8 9 8 8 8 8 8 9 8 9 9 9 9
6 5 5 5 6 6 5 5 5 6 6 6 5 6 5 5
10 11 10 10 10 10 10 11 11 11 10 10 10 11 10 11
14 14 14 14 15 14 15 15 15 15 15 14 14 15 14 14
12 13 13 12 13 12 13 12 13 12 12 13 12 12 12 12
17 17 17 16 17 17 16 17 16 17 17 17 16 17 16 17
8 7 8 8 7 8 7 7 7 7 8 8 8 7 8 7
14 13 13 14 14 13 13 14 14 13 13 14 14 14 14 13
9 8 9 9 8 9 8 8 9 8 9 9 9 9 8 9
19 18 19 18 19 18 18 19 18 18 18 19 19 19 19 19
20 19 20 20 20 20 20 19 19 19 19 20 19 20 20 19
19 19 19 19 19 20 19 19 19 19 20 20 19 19 20 19
17 16 16 16 17 16 17 17 16 16 16 16 16 16 17 16
7 7 7 6 6 6 7 7 6 7 7 6 6 7 6 7
17 18 18 17 17 18 17 18 18 18 17 18 18 18 18 17
21 20 19 21 21 20 19 20 20 19 21 20 19 19 21 21
12 13 13 12 13 12 13 12 13 12 12 12 13 13 12 13
20 19 19 19 20 20 19 19 19 19 20 19 20 19 20 19
19 19 19 18 18 19 19 18 18 18 18 18 19 19 19 18
9 8 9 8 9 9 9 9 8 8 9 8 8 8 8 8
3 3 2 3 2 2 3 2 2 3 3 3 3 2 2 2
9 9 9 9 8 9 9 9 9 8 8 9 8 8 8 9
10 9 10 10 10 10 10 9 9 10 9 10 10 10 9 9
7 6 7 7 7 6 6 6 7 7 6 6 6 7 7 7
14 13 13 14 14 13 14 14 13 13 14 14 14 13 13 13
7 8 7 7 7 8 8 8 8 7 8 7 8 8 7 8
15 15 15 15 16 15 16 16 15 16 15 15 15 16 16 16
2 1 2 2 2 1 1 1 2 1 2 1 2 1 2 1
9 10 10 10 10 9 9 10 9 9 10 10 9 10 10 9
11 12 11 12 11 12 11 11 12 12 12 11 12 11 11 12
3 3 2 3 3 3 3 3 3 3 2 2 2 2 3 2
3 3 4 3 4 4 4 4 3 3 4 3 3 4 4 3
14 14 13 13 14 13 13 13 14 14 14 14 13 14 13 13
14 14 15 15 15 15 15 15 15 15 14 15 15 15 14 14
2 3 2 3 2 3 2 2 2 2 2 2 2 2 2 3
13 12 13 13 13 13 13 12 12 13 13 12 12 12 12 13
7 7 6 7 7 6 7 6 6 6 7 7 6 7 6 6
19 20 20 19 19 19 20 19 20 20 20 19 19 20 19 19
17 16 16 17 17 17 16 16 16 16 16 17 17 17 16 17
3 2 3 3 2 3 3 2 3 3 3 2 2 2 2 3
4 3 3 3 3 4 4 4 4 4 4 4 3 3 3 3
18 18 19 18 18 19 19 18 18 18 18 19 18 19 19 19
11 12 12 11 12 12 11 12 12 11 11 11 11 11 11 12
1 1 2 2 2 1 1 2 2 2 1 1 2 2 1 2
19 19 19 19 20 20 20 19 19 19 20 20 19 20 19 19
11 11 10 10 10 11 11 10 11 10 11 11 11 10 10 10
7 7 8 8 8 7 8 7 8 8 8 7 8 8 7 7
11 10 10 11 11 10 11 10 10 10 11 11 10 11 11 10
14 13 13 14 13 14 13 14 13 14 14 13 13 13 13 14
12 13 13 13 13 12 13 13 13 13 12 12 12 13 12 13
18 19 18 18 18 19 19 18 18 18 18 18 18 18 19 19
15 15 16 15 15 16 15 16 15 15 15 16 16 16 16 16
9 9 9 8 9 9 8 9 9 9 8 9 9 8 8 9
7 7 7 7 7 8 7 7 8 8 7 8 8 7 7 8
17 18 17 18 17 17 18 17 17 18 17 18 17 17 17 18
16 16 17 16 16 16 17 17 16 17 17 17 17 16 17 16
13 13 12 12 12 12 12 13 12 12 13 13 13 13 13 12
15 15 16 16 15 16 15 15 16 16 16 15 15 16 15 16
10 10 9 9 9 9 9 9 10 10 10 10 10 10 10 9
9 8 9 8 9 8 8 9 9 8 9 9 9 8 9 9
19 19 19 18 19 18 18 18 18 18 18 19 18 18 18 18
4 5 4 5 5 5 4 4 5 4 4 4 5 5 5 4
15 14 15 14 15 15 15 14 14 14 14 15 14 14 15 14
1 2 1 2 1 2 1 1 1 2 2 1 2 2 2 2
4 3 3 4 4 3 4 3 4 3 4 3 3 3 3 4
14 14 14 13 14 14 13 14 14 13 13 13 13 13 14 14
10 10 9 10 9 9 10 9 10 9 10 10 9 10 9 9
4 4 4 4 4 4 4 4 4 5 5 5 4 4 5 5
2 3 3 3 2 2 2 2 2 3 2 3 3 2 3 3
19 19 18 19 19 18 19 18 19 18 19 18 19 18 18 19
13 13 13 13 13 13 14 13 14 14 14 13 14 13 13 13
6 7 7 6 7 7 6 7 7 7 6 6 7 6 7 6
21 19 21 21 21 20 19 19 19 21 21 19 21 21 21 21
20 20 21 20 21 21 21 20 20 20 19 19 19 19 21 19
5 4 4 4 5 4 4 4 5 5 5 4 5 5 5 4
16 16 16 16 17 16 16 16 17 17 17 17 16 17 17 16
11 11 10 10 11 10 10 11 11 10 11 11 11 10 11 11
11 10 11 11 11 11 10 11 10 11 11 11 10 11 11 11
9 9 9 9 10 10 9 9 10 9 9 10 10 10 9 10
15 15 15 15 16 16 15 15 15 15 16 15 15 15 15 16
19 20 19 20 20 19 19 20 19 20 20 19 20 19 19 19
20 21 19 21 19 19 19 21 19 21 19 19 19 21 20 19
7 6 6 6 7 7 7 6 7 7 7 7 6 7 7 7
11 10 11 10 10 11 11 10 11 10 11 11 11 11 11 10
17 17 16 17 16 16 16 16 17 17 16 17 16 17 17 17
12 13 13 13 13 12 13 13 13 12 12 12 13 13 13 13
7 8 7 7 7 7 7 8 7 7 8 8 8 8 7 7
1 2 2 1 1 1 2 2 2 1 1 1 2 1 1 1
18 17 17 17 17 17 17 18 18 18 18 18 17 18 17 17
19 19 20 20 20 19 20 19 20 19 19 20 20 20 20 20
12 13 12 13 13 12 13 12 13 13 13 13 12 12 13 12
11 11 11 11 12 12 12 11 12 11 11 12 11 12 11 12
18 19 18 19 19 18 19 18 19 19 19 19 19 18 18 19
4 4 4 4 5 4 4 5 5 5 5 4 5 5 5 5
9 9 9 9 10 9 10 10 10 9 9 9 9 9 9 10
12 13 12 13 12 12 13 12 12 12 13 13 12 13 12 13
13 12 13 13 13 12 12 13 13 12 13 13 13 12 13 12
4 5 4 4 5 5 4 5 5 5 4 5 4 5 5 5
13 12 12 13 13 13 13 12 13 13 13 13 13 13 13 13
16 15 16 15 16 16 15 16 16 15 15 15 16 15 16 15
6 6 5 5 5 6 5 6 6 5 6 6 5 6 6 5
10 10 10 9 9 10 10 10 9 10 10 10 9 10 10 10
9 10 9 9 9 9 9 10 9 10 10 9 9 10 9 10
15 15 15 15 14 14 15 14 15 15 15 14 15 14 15 14
2 2 2 1 2 2 1 2 2 1 2 1 2 2 2 1
14 13 13 14 13 14 13 14 13 14 13 14 14 13 14 14
17 17 18 17 17 18 17 17 17 18 18 17 18 17 17 17
16 16 17 16 17 17 17 16 17 17 17 16 16 16 16 17
13 12 12 13 12 12 13 12 12 12 12 13 13 13 13 12
5 5 4 4 5 4 4 5 5 5 4 5 5 4 4 4
15 14 15 14 14 14 14 14 15 15 15 15 14 15 15 14
15 14 15 14 14 14 15 15 15 15 14 14 14 15 14 15
11 11 10 10 10 11 11 10 11 11 11 11 11 11 10 10
7 7 8 7 7 8 7 7 7 7 8 7 7 8 8 7
20 19 19 19 19 19 19 20 19 19 19 19 19 19 20 19
20 20 20 20 19 19 21 21 19 20 21 19 19 20 20 21
15 15 15 16 15 16 16 15 16 15 15 15 16 15 15 15
20 20 19 20 20 19 19 20 19 20 20 20 20 20 19 20
13 13 12 12 13 12 13 13 13 12 12 13 13 13 13 13
3 4 4 3 3 3 4 4 4 4 4 3 4 3 3 3
14 14 14 13 14 13 13 13 13 13 13 13 14 13 13 14
12 11 12 11 11 12 11 12 11 11 11 11 12 11 12 11
1 2 2 2 1 2 2 2 2 2 2 1 2 1 2 2
2 1 1 2 2 1 2 2 1 2 1 1 1 1 2 2
20 21 21 21 19 21 21 19 19 21 19 20 19 20 21 20
13 13 12 13 13 12 13 13 13 13 12 12 12 12 13 13
13 13 13 13 13 13 13 12 12 12 12 12 12 12 13 13
13 13 12 13 13 12 12 12 12 13 13 12 13 13 12 12
6 5 6 5 5 5 6 5 6 5 5 6 6 5 5 6
16 17 16 17 16 17 16 17 17 17 16 16 16 17 17 16
5 4 5 5 5 4 5 5 5 4 5 5 5 5 4 4
8 9 9 9 9 9 8 8 8 9 9 8 8 9 8 8
12 11 11 12 12 12 11 11 12 11 12 11 11 12 11 12
19 20 19 20 19 20 20 19 20 21 21 20 19 19 19 19
3 4 4 3 3 3 3 4 4 4 4 3 3 3 4 3
9 10 10 9 10 10 9 10 9 10 10 10 9 9 10 10
19 20 21 20 19 21 21 21 21 19 20 21 19 20 21 21
13 13 12 13 13 12 13 13 12 13 13 12 13 13 13 12
18 19 18 19 18 19 18 18 18 18 19 18 18 18 19 18
12 13 13 13 12 12 13 13 13 12 13 12 12 13 13 12
21 19 19 21 20 20 20 20 21 20 19 21 21 19 19 20
20 21 21 21 21 19 20 19 19 21 19 19 20 20 20 19
7 6 7 6 6 6 7 7 6 7 7 7 7 7 6 6
5 5 5 5 6 5 5 5 5 6 6 5 6 6 5 5
5 6 6 6 6 6 6 6 6 6 6 6 6 6 5 6
11 12 12 12 11 12 12 11 11 12 11 12 11 12 11 12
3 3 2 2 3 2 3 3 3 3 3 3 2 3 2 2
5 5 5 5 5 5 5 6 6 6 5 5 5 5 6 6
17 16 16 16 16 17 17 17 16 17 17 17 17 16 16 17
10 10 10 10 9 9 9 10 10 9 10 9 9 9 10 10
3 2 2 3 2 3 2 3 2 2 3 2 3 3 3 3
8 8 9 9 8 8 8 8 9 8 9 9 8 8 9 9
18 18 17 17 17 17 17 17 18 18 17 17 17 18 18 18
20 20 19 20 20 19 20 20 19 19 20 20 19 20 19 19
12 11 12 11 12 11 11 11 11 11 11 11 11 12 11 11
7 8 8 8 7 7 8 8 7 7 8 7 8 8 8 8
21 20 19 19 19 21 19 19 19 20 19 20 21 20 19 19
11 12 11 12 11 11 11 12 11 12 11 11 12 12 12 11
14 14 14 13 14 13 14 14 14 14 13 13 14 14 14 14
3 3 2 2 3 3 2 2 3 3 2 3 2 3 2 3
2 3 2 2 2 2 2 2 3 3 3 2 2 2 3 2
14 15 14 15 14 15 15 15 14 15 15 15 14 14 15 14
18 19 18 19 18 19 19 19 19 18 19 18 18 18 19 19
19 20 20 20 20 20 20 19 20 20 19 19 19 20 19 20
5 4 5 5 5 4 4 4 4 5 4 5 5 4 5 4
10 10 9 9 10 9 10 10 9 9 10 10 9 9 9 9
11 11 11 10 11 11 11 10 11 11 11 11 10 11 11 11
13 13 13 13 13 13 12 13 13 12 13 12 13 13 12 13
8 9 9 9 9 8 8 8 9 8 9 9 9 8 8 9
13 13 13 13 13 13 12 12 12 12 13 12 13 12 13 12
9 9 8 8 8 9 8 9 8 8 8 8 9 8 8 9
1 2 2 1 2 1 2 2 2 2 2 2 2 2 2 1
2 1 1 2 1 1 1 2 2 2 1 2 1 2 1 1
5 4 5 5 5 5 5 4 5 4 4 4 4 4 5 5
13 13 12 13 12 12 12 12 12 12 13 13 12 13 12 13
10 11 10 11 11 11 10 11 10 11 10 10 11 10 11 10
7 7 6 7 6 7 6 6 6 6 6 7 6 6 6 6
21 20 21 20 19 21 19 21 19 20 20 19 20 21 20 20
14 13 13 14 13 13 14 14 13 13 13 14 13 14 14 13
6 6 6 6 6 5 5 6 5 6 6 6 5 6 6 5
17 16 17 17 17 16 16 17 17 16 16 17 16 17 17 17
12 12 11 12 11 11 12 11 11 11 11 11 11 12 12 11
12 13 12 13 13 12 12 12 12 12 12 12 12 12 13 12
21 20 20 19 21 20 19 19 21 20 20 19 19 20 20 19
17 17 18 18 18 18 17 17 18 17 17 18 17 17 17 18
9 10 9 9 9 9 10 9 10 10 9 9 10 9 10 10
1 1 1 2 1 1 1 1 2 2 2 1 2 2 1 1
21 21 19 20 20 19 21 20 20 20 20 21 19 21 20 20
13 12 13 12 13 13 12 13 13 13 13 12 12 13 13 12
8 8 7 8 7 8 7 7 8 7 7 7 8 7 8 7
17 16 17 17 17 17 17 17 16 17 16 17 16 16 16 16
10 10 10 10 11 11 10 10 10 10 11 11 10 10 10 10
8 9 8 9 9 8 8 8 9 8 8 8 8 8 9 8
15 16 15 16 16 15 16 15 15 16 15 16 16 15 15 16
3 4 3 3 4 3 4 4 3 4 4 3 4 4 4 3
8 8 7 7 7 7 7 8 8 8 8 7 7 8 7 7
2 2 2 3 3 3 3 3 2 3 2 3 3 3 2 2
5 5 4 5 4 4 4 4 4 5 5 5 4 4 5 5
15 15 14 14 14 15 14 14 15 15 15 15 15 14 15 14
4 3 3 4 4 4 4 3 4 3 3 3 3 4 3 4
16 15 15 16 15 15 15 16 15 16 16 15 16 15 15 16
21 21 20 21 21 20 21 19 19 19 20 20 21 19 21 19
11 12 11 12 12 11 12 11 12 12 12 12 12 11 12 11
18 18 19 19 19 18 19 19 18 18 19 19 19 19 19 19
8 9 8 9 8 8 9 8 8 9 9 9 9 8 9 8
9 9 9 9 9 10 10 10 9 10 9 10 9 9 9 10
2 2 2 2 2 2 3 2 2 3 2 3 3 2 2 2
15 15 15 15 15 16 16 15 16 15 15 16 15 16 15 16
7 8 7 7 7 7 7 7 7 7 7 8 8 7 8 8
2 3 2 2 2 2 2 3 3 2 3 2 3 3 3 3
2 2 2 2 3 2 3 2 3 3 3 3 3 2 2 3
15 16 16 16 16 15 15 16 16 16 16 16 15 15 15 16
6 6 7 7 6 7 6 7 6 6 6 7 6 6 7 6
4 3 4 4 3 4 3 4 4 3 3 3 3 4 3 3
20 19 19 19 21 20 20 21 19 20 21 21 20 19 20 20
7 6 7 7 7 6 6 7 7 7 6 7 6 7 7 6
15 15 15 15 15 14 15 15 15 14 15 15 14 15 15 14
14 14 14 14 14 15 14 14 14 15 15 14 15 15 15 14
9 8 9 8 9 9 9 8 9 8 9 9 8 8 9 9
4 3 3 4 4 3 3 3 4 3 3 4 4 3 4 3
5 5 5 5 6 6 6 6 6 5 5 6 5 6 6 6
17 17 18 18 18 18 17 17 18 18 18 17 17 18 18 17
14 14 15 15 15 14 14 15 14 15 14 14 15 15 14 15
11 12 11 11 11 11 11 11 12 12 12 11 12 12 11 12
6 7 6 7 7 7 7 6 6 6 6 7 7 7 7 6
1 1 1 2 1 2 2 1 1 2 1 2 2 1 2 1
6 6 5 6 6 6 5 5 5 6 5 6 5 6 5 6
15 16 16 16 15 16 15 15 16 15 15 16 16 15 16 15
2 3 3 3 3 3 3 2 2 3 3 2 2 3 3 2
6 5 6 6 5 6 6 6 6 5 5 5 6 5 6 6
15 15 14 14 15 15 14 15 15 15 14 14 14 15 14 15
6 6 6 6 6 7 6 7 7 6 7 6 6 6 7 6
18 17 18 18 17 17 18 18 17 18 17 17 17 18 17 18
18 18 17 17 18 18 18 18 17 17 17 18 17 17 18 18
3 3 3 3 3 3 3 3 3 3 3 3 4 4 3 3
5 5 4 4 5 4 4 4 4 4 4 5 4 5 5 4
15 15 16 15 15 16 16 16 16 16 15 16 15 16 15 16
3 3 3 3 4 3 4 3 4 4 3 3 4 3 3 3
14 15 15 15 14 14 15 14 14 14 14 15 14 15 15 14
21 19 19 19 21 20 19 21 19 19 20 19 20 19 19 19
2 2 3 2 2 3 2 2 2 3 2 3 3 3 3 3
21 21 19 20 20 19 20 21 21 21 21 21 21 19 19 20
20 21 19 21 21 21 21 20 20 19 20 21 21 21 19 19
2 2 3 3 3 2 2 2 2 2 2 3 3 2 3 2
7 7 6 6 6 6 6 6 7 7 6 6 6 7 6 6
20 21 19 19 19 20 19 19 21 21 20 21 21 21 21 21
2 2 1 2 2 2 2 2 1 1 1 2 2 1 1 2
13 13 14 14 13 14 14 13 14 14 14 13 13 13 13 14
3 2 2 3 2 3 3 2 2 2 3 3 2 3 3 3
8 9 9 8 9 9 8 8 9 9 9 8 8 8 9 9
18 18 19 19 18 18 18 18 19 18 19 18 18 18 18 18
8 9 9 8 8 9 9 9 8 8 9 9 9 8 8 9
3 3 2 3 3 3 3 3 3 3 3 2 2 3 3 3
3 2 2 3 2 2 2 2 3 3 3 2 2 2 2 3
16 16 15 15 15 15 16 16 16 15 15 16 16 16 15 15
6 6 6 7 6 7 6 7 6 6 6 7 7 7 6 6
20 20 19 21 21 21 19 21 21 20 21 19 20 19 20 20
13 13 12 12 12 13 12 13 13 13 13 12 12 13 12 13
6 7 6 6 7 7 6 7 7 7 7 6 7 6 6 7
10 10 10 9 10 9 10 9 9 10 9 10 9 10 10 9
5 4 5 5 5 4 4 5 5 5 5 4 5 5 5 4
14 14 13 13 13 13 13 14 13 14 13 13 13 13 13 14
10 10 10 10 9 9 9 9 10 9 10 10 10 10 10 9
4 4 4 5 4 5 5 4 4 5 4 4 4 4 5 4
19 21 20 21 20 20 20 21 21 21 21 20 20 21 19 21
19 19 18 18 18 19 19 19 19 18 18 18 18 19 18 18
20 21 21 20 19 20 21 20 19 19 20 21 19 19 19 19
9 9 10 9 9 9 9 9 9 10 10 9 9 9 9 9
16 17 17 17 16 17 17 16 16 17 17 17 16 16 16 17
15 15 15 16 15 15 16 15 15 16 16 15 15 15 16 15
7 6 7 7 6 6 7 7 6 6 6 6 7 7 6 6
