1 2 1
1 3 1
1 4 1
1 5 1
2 6 1
2 7 1
2 8 1
2 9 1
3 10 1
4 11 1
4 12 1
4 13 1
5 14 1
5 15 1
5 16 1
5 17 1
6 18 1
7 19 1
8 20 1
9 21 1
10 22 1
11 23 1
12 24 1
13 25 1
14 26 1
14 27 1
15 28 1
16 29 1
17 30 1
18 31 1
19 32 1
20 32 1
21 32 1
22 33 1
23 34 1
24 35 1
25 35 1
26 36 1
27 37 1
28 38 1
29 39 1
30 40 1
31 41 1
32 42 1
33 43 1
34 43 1
35 44 1
36 44 1
37 45 1
38 46 1
39 47 1
40 48 1
41 49 1
41 50 1
42 51 1
42 52 1
43 53 1
44 54 1
45 55 1
46 56 1
47 57 1
48 58 1
49 59 1
50 60 1
51 61 1
51 62 1
52 63 1
53 64 1
54 65 1
55 66 1
55 67 1
56 68 1
57 69 1
57 70 1
58 71 1
59 72 1
60 73 1
61 74 1
62 74 1
63 74 1
64 75 1
65 76 1
66 77 1
67 77 1
68 78 1
69 79 1
70 80 1
71 81 1
72 82 1
73 83 1
74 84 1
75 85 1
76 86 1
77 86 1
78 87 1
79 88 1
80 88 1
81 89 1
82 90 1
83 91 1
84 92 1
84 93 1
85 94 1
86 95 1
87 96 1
88 97 1
89 98 1
90 99 1
90 100 1
90 101 1
91 102 1
92 103 1
93 104 1
94 105 1
95 106 1
96 107 1
97 108 1
98 109 1
99 110 1
100 111 1
101 112 1
102 112 1
103 113 1
104 114 1
105 115 1
106 115 1
107 116 1
108 117 1
109 117 1
110 118 1
111 119 1
112 120 1
113 121 1
114 122 1
115 123 1
116 124 1
117 125 1
118 126 1
119 127 1
120 128 1
121 129 1
122 130 1
123 131 1
124 132 1
125 133 1
125 134 1
126 135 1
127 136 1
127 137 1
128 138 1
129 139 1
130 140 1
130 141 1
131 142 1
131 143 1
132 144 1
133 145 1
133 146 1
134 147 1
135 148 1
136 149 1
137 150 1
138 151 1
139 152 1
140 153 1
141 154 1
142 155 1
143 156 1
144 157 1
145 158 1
146 159 1
147 160 1
148 161 1
149 162 1
150 163 1
151 163 1
152 164 1
153 165 1
154 166 1
155 167 1
156 168 1
157 169 1
158 170 1
159 171 1
160 171 1
161 172 1
162 173 1
163 174 1
164 175 1
165 175 1
166 176 1
167 177 1
168 177 1
169 178 1
170 179 1
171 180 1
172 181 1
173 182 1
174 183 1
175 184 1
176 185 1
177 186 1
178 187 1
179 188 1
180 189 1
181 190 1
181 191 1
182 192 1
183 193 1
184 194 1
185 195 1
186 196 1
186 197 1
186 198 1
187 199 1
187 200 1
188 201 1
189 202 1
190 203 1
191 203 1
192 204 1
193 205 1
194 206 1
195 206 1
196 207 1
197 207 1
198 207 1
199 208 1
200 208 1
201 209 1
202 209 1
203 210 1
204 211 1
205 212 1
206 213 1
207 214 1
207 215 1
207 216 1
207 217 1
208 218 1
208 219 1
209 220 1
210 221 1
211 222 1
212 223 1
213 224 1
214 225 1
215 226 1
216 226 1
217 227 1
218 227 1
219 228 1
220 229 1
221 230 1
222 231 1
223 232 1
224 233 1
225 234 1
226 235 1
227 236 1
228 237 1
229 237 1
230 238 1
231 239 1
232 240 1
233 241 1
234 242 1
235 243 1
236 244 1
237 245 1
238 246 1
239 247 1
240 248 1
241 249 1
242 250 1
243 251 1
243 252 1
244 253 1
245 254 1
245 255 1
246 256 1
247 257 1
248 258 1
248 259 1
249 260 1
250 261 1
251 262 1
252 263 1
253 264 1
254 265 1
255 266 1
256 267 1
257 268 1
258 269 1
259 270 1
260 271 1
261 271 1
262 272 1
263 273 1
264 274 1
265 275 1
266 275 1
267 276 1
268 277 1
269 278 1
269 279 1
269 280 1
270 281 1
270 282 1
271 283 1
272 284 1
273 285 1
273 286 1
274 287 1
275 288 1
276 289 1
277 290 1
278 291 1
279 291 1
280 292 1
281 293 1
282 294 1
283 294 1
284 295 1
285 296 1
286 297 1
287 298 1
288 299 1
289 300 1
290 300 1
291 300 1
292 300 1
293 300 1
294 300 1
295 300 1
296 300 1
297 300 1
298 300 1
299 300 1
