1 2 5
1 3 2
1 4 4
1 5 6
2 6 8
2 7 7
2 8 9
2 9 9
3 10 7
3 11 4
3 12 5
3 13 1
4 14 7
4 15 9
4 16 9
4 17 7
5 18 6
5 19 4
5 20 4
5 21 3
6 22 9
7 23 8
8 23 5
9 23 9
10 24 1
11 25 6
12 26 2
13 27 3
14 27 4
15 28 7
16 29 6
17 30 4
18 31 9
19 32 2
20 33 4
21 33 5
22 34 2
23 35 6
24 36 4
25 37 3
26 38 4
26 39 2
27 40 5
27 41 7
28 42 5
28 43 2
29 44 8
29 45 6
29 46 3
29 47 4
30 48 6
30 49 5
31 50 1
31 51 5
32 52 1
33 53 1
33 54 6
34 55 5
35 56 7
36 56 7
37 56 7
38 56 8
39 57 5
40 57 5
41 57 4
42 57 7
43 57 6
44 57 8
45 57 3
46 57 6
47 58 2
48 59 9
49 59 7
50 60 8
51 60 4
52 61 9
53 61 7
54 62 8
55 63 8
56 64 8
56 65 3
56 66 4
57 67 2
57 68 9
58 69 2
58 70 7
59 71 5
60 72 7
60 73 2
61 74 8
61 75 5
61 76 7
62 77 7
62 78 4
63 79 6
64 80 1
65 81 1
66 82 6
67 83 2
68 84 6
69 84 9
70 85 1
71 86 2
72 87 6
73 88 3
74 89 1
75 90 6
76 91 9
77 92 9
78 93 9
79 94 5
80 95 8
81 96 5
82 97 3
82 98 8
83 99 8
84 100 1
84 101 8
85 102 7
86 103 7
87 104 2
87 105 6
88 106 6
89 107 7
90 108 1
91 109 8
92 110 5
93 111 1
93 112 9
94 113 9
95 114 5
96 115 2
97 115 1
98 116 3
99 117 6
100 117 6
101 118 3
102 119 8
103 120 2
104 121 5
105 122 2
106 123 4
107 124 3
108 125 8
109 126 7
110 126 4
111 127 6
112 128 4
113 129 9
114 130 1
115 131 6
116 132 8
117 133 2
118 134 3
119 135 9
120 136 6
121 137 6
122 138 3
123 139 9
124 140 1
125 141 6
126 141 5
127 142 4
128 143 9
129 144 9
130 145 9
131 146 9
132 147 3
133 148 9
134 149 1
135 150 6
136 151 4
137 152 9
138 153 9
138 154 2
139 155 5
140 156 3
141 157 9
141 158 2
142 159 4
143 160 2
144 161 8
145 161 2
146 162 6
147 163 8
148 163 5
149 163 4
150 164 5
151 164 6
152 165 9
153 166 6
154 167 6
155 168 6
156 169 8
157 170 7
158 171 1
159 172 1
160 172 3
161 173 5
161 174 2
162 175 5
162 176 5
162 177 2
163 178 7
164 179 1
165 180 1
166 181 3
166 182 2
166 183 3
167 184 2
167 185 3
168 186 5
169 187 8
169 188 3
169 189 7
170 190 6
171 191 4
171 192 6
172 193 9
173 194 7
173 195 7
174 196 5
175 197 5
175 198 9
176 199 2
176 200 9
177 201 2
178 202 4
178 203 3
179 204 5
179 205 2
180 206 6
181 207 5
181 208 8
182 209 1
183 210 2
184 211 1
185 212 6
185 213 4
186 214 6
186 215 4
187 216 5
187 217 3
188 218 6
188 219 9
188 220 5
188 221 3
189 222 1
190 223 1
191 224 9
191 225 9
192 226 6
192 227 7
193 228 3
194 229 3
195 229 9
196 229 7
197 229 2
198 230 8
199 231 8
200 231 1
201 232 9
202 232 2
203 232 3
204 232 8
205 233 8
206 233 5
207 234 5
208 234 6
209 235 7
210 235 9
211 235 7
212 235 2
213 236 9
214 236 7
215 236 3
216 236 7
217 237 8
218 237 6
219 238 1
220 238 4
221 238 3
222 239 4
223 239 9
224 240 1
225 240 8
226 241 1
227 241 7
228 241 9
229 242 2
230 243 9
231 244 4
232 245 8
233 246 6
234 246 5
235 247 1
236 248 4
237 249 6
238 250 8
239 251 1
240 252 8
241 253 6
242 254 8
242 255 7
243 256 2
243 257 8
244 258 4
244 259 5
245 260 8
245 261 2
245 262 5
246 263 5
246 264 6
246 265 3
246 266 3
247 267 2
248 268 7
248 269 4
249 270 5
249 271 1
250 272 5
251 273 1
252 274 9
252 275 4
253 276 5
253 277 8
253 278 7
254 279 4
255 280 9
256 281 6
257 281 1
258 282 9
259 282 6
260 282 2
261 283 5
262 283 2
263 283 5
264 283 7
265 284 9
266 285 2
267 286 5
268 287 8
269 287 8
270 287 9
271 287 8
272 288 1
273 288 3
274 288 8
275 288 7
276 289 3
277 290 5
278 291 8
279 292 5
280 293 4
281 294 9
282 295 6
283 296 4
284 297 6
285 298 2
286 299 8
287 300 5
288 301 2
289 302 6
290 303 9
291 304 7
292 305 7
293 306 3
294 307 9
295 308 9
296 309 5
297 310 8
297 311 5
298 312 4
298 313 6
298 314 1
299 315 3
300 316 9
301 317 3
302 318 3
303 319 6
303 320 3
304 321 3
305 322 1
306 323 7
307 324 3
308 324 6
309 325 9
310 326 3
311 326 3
312 327 4
313 328 8
314 329 4
315 330 4
316 331 3
317 332 7
318 333 9
319 334 2
320 335 5
321 336 3
322 337 3
323 338 7
324 338 1
325 339 3
326 339 9
327 340 7
328 340 1
329 341 7
330 342 9
331 343 1
332 343 5
333 344 7
334 345 2
335 346 3
336 347 8
337 348 3
338 349 1
339 350 7
340 351 2
340 352 1
341 353 9
342 354 7
343 355 2
344 356 6
345 357 6
346 358 5
347 359 2
347 360 3
348 361 2
349 362 8
350 363 9
350 364 5
351 365 6
352 366 6
353 367 2
354 368 3
355 369 2
356 370 6
357 371 6
358 372 7
359 373 8
360 374 3
361 375 3
362 375 6
363 376 2
364 377 6
365 378 3
366 379 3
367 380 4
368 381 9
369 382 7
370 383 7
371 384 8
372 385 8
373 386 9
374 387 6
375 388 3
376 389 2
377 390 3
378 391 5
379 392 1
380 393 7
381 394 5
382 395 4
383 395 7
384 396 4
385 397 2
386 398 7
387 399 1
388 400 5
389 400 7
390 400 5
391 400 8
392 400 8
393 400 5
394 400 6
395 400 4
396 400 4
397 400 3
398 400 4
399 400 1
