1 2 1
1 3 3
2 4 9
3 5 9
3 6 3
4 7 9
5 8 1
6 9 6
7 10 8
7 11 9
8 12 9
9 13 6
9 14 9
9 15 2
10 16 2
10 17 2
11 18 1
11 19 4
12 20 9
12 21 6
13 22 5
13 23 1
14 24 8
15 25 6
15 26 2
16 27 1
17 28 5
18 29 1
19 29 9
20 30 7
21 31 9
22 31 8
23 31 5
24 32 4
25 32 5
26 32 6
27 33 4
28 34 2
29 35 4
30 36 8
31 37 5
32 38 6
32 39 6
33 40 2
34 40 5
35 41 5
36 42 4
37 42 1
38 43 1
39 44 8
40 45 4
40 46 7
40 47 5
41 48 2
41 49 2
42 50 4
42 51 8
42 52 4
42 53 6
42 54 5
43 55 5
43 56 7
43 57 5
44 58 2
44 59 1
44 60 2
45 61 4
46 61 5
47 61 1
48 62 2
49 62 6
50 63 1
51 63 5
52 64 5
53 64 9
54 64 8
55 65 5
56 65 9
57 65 5
58 66 7
59 66 8
60 66 2
61 67 2
62 67 7
63 68 9
64 68 4
65 68 9
66 68 6
67 69 2
67 70 6
68 71 9
68 72 9
69 73 4
70 74 6
71 75 3
72 76 1
73 77 4
74 78 2
74 79 5
75 80 1
76 81 2
77 82 7
78 83 6
79 84 5
80 85 8
81 86 2
82 87 4
83 88 5
83 89 5
84 90 8
84 91 8
85 92 7
86 93 1
87 94 5
88 95 1
89 96 4
90 96 1
91 97 5
92 98 4
93 99 3
94 100 3
95 100 6
96 100 9
97 100 8
98 100 3
99 100 8
