3  1  4  2  3  0  3  0  3  0  0  0
10  6  19  15  7  12  0  15  16  25  12  11
12  19  11  9  4  19  18  13  19  10  6  17
13  11  15  8  12  9  14  12  7  4  13  7
13  4  10  3  4  11  2  14  19  14  17  5
25  1  24  17  10  13  13  5  17  3  26  19
0  3  1  3  4  3  2  4  1  0  0  2
10  2  0  4  1  8  6  0  6  8  7  2
25  13  3  3  13  3  13  19  7  2  8  15
4  16  2  10  8  4  13  0  1  3  18  18
10  8  6  7  4  1  7  0  5  0  0  8
7  10  5  15  14  3  3  16  14  5  6  4
0  0  0  0  0  0  0  0  0  0  0  0
2  5  13  2  0  11  16  15  1  15  7  1
14  12  3  3  11  1  10  11  9  4  13  1
5  11  2  12  9  9  2  0  2  14  9  5
23  4  24  20  15  16  22  5  17  20  24  4
3  6  3  8  16  9  4  9  16  8  15  10
0  0  0  0  0  0  0  0  0  0  0  0
2  6  2  11  17  8  11  23  9  1  6  4
4  3  0  0  4  3  0  3  3  4  1  4
4  9  9  1  9  10  7  2  5  4  7  7
0  9  8  1  1  8  8  10  9  6  9  2
0  0  0  0  0  0  0  0  0  0  0  0
1  7  2  1  1  3  0  6  2  3  4  6
4  6  4  4  2  3  6  2  2  1  5  5
13  0  26  13  12  1  15  10  2  11  17  0
3  5  2  14  5  19  20  6  8  5  16  11
3  9  9  5  11  2  4  4  4  7  0  7
0  2  1  0  0  2  0  2  1  0  0  1
11  19  19  27  11  12  12  0  26  0  27  28
1  12  2  18  18  17  2  21  5  17  5  11
9  8  12  12  10  4  7  5  8  2  2  3
1  0  5  2  6  5  1  0  7  3  3  7
17  3  20  12  8  13  16  6  1  12  9  22
4  20  9  17  5  7  14  6  20  7  6  10
11  10  0  1  6  5  7  2  4  7  8  12
4  1  0  2  4  3  0  3  4  2  3  1
3  0  20  15  8  6  15  18  4  12  4  22
3  14  5  5  14  2  12  12  16  14  13  10
9  9  5  8  6  0  3  2  7  2  13  5
1  0  2  0  0  2  0  1  0  1  1  1
7  0  2  4  1  5  4  11  9  5  10  6
0  0  12  16  4  8  2  7  9  5  12  8
12  15  25  15  7  18  18  22  28  13  11  23
14  15  12  0  1  1  16  3  13  18  9  9
1  2  4  4  4  0  0  4  4  4  0  0
1  2  2  0  2  1  2  0  0  1  2  0
4  0  0  4  3  2  3  3  0  1  1  2
28  20  13  7  2  0  6  15  17  12  19  25
19  17  1  21  5  11  19  11  14  8  11  12
2  5  6  4  6  5  6  6  6  1  2  3
0  3  9  6  8  1  10  7  6  0  5  1
12  9  0  4  24  1  2  8  14  0  26  27
0  0  0  0  0  0  0  0  0  0  0  0
7  5  9  10  0  12  12  12  0  10  4  10
2  1  0  0  1  1  1  0  2  0  0  0
0  0  0  0  0  0  0  0  0  0  0  0
18  0  3  17  17  3  10  9  10  4  20  13
2  4  2  2  2  0  2  2  3  2  0  1
0  6  0  2  4  5  6  0  5  0  5  2
27  18  13  18  22  18  28  5  22  25  18  4
0  2  0  2  1  0  2  1  1  0  1  2
1  9  4  7  8  2  4  4  0  10  4  8
11  7  3  25  5  0  12  1  26  0  2  17
12  0  15  14  5  5  12  12  16  12  20  11
4  8  8  19  13  5  4  15  5  16  12  18
21  5  19  20  21  5  19  3  18  7  7  6
2  3  4  12  13  11  18  12  18  5  9  14
0  0  0  0  0  0  0  0  0  0  0  0
7  14  1  3  14  6  18  13  9  18  10  10
7  12  11  12  1  10  7  1  6  9  15  17
7  7  11  0  2  8  10  2  12  0  5  1
1  2  3  5  6  6  1  0  5  4  3  1
13  14  14  14  18  15  2  12  19  21  9  1
0  11  5  7  3  8  13  9  12  6  3  12
19  21  2  16  9  3  12  18  10  2  16  25
16  11  21  9  22  19  1  11  8  20  6  15
16  5  1  6  17  9  5  9  4  1  17  0
5  6  4  6  4  4  0  2  3  2  3  3
5  12  9  7  4  6  8  3  6  10  14  2
5  3  5  5  9  1  2  5  9  2  6  10
7  6  3  9  4  6  4  6  9  0  5  10
16  21  21  20  19  12  25  8  22  8  7  26
0  0  0  0  0  0  0  0  0  0  0  0
8  10  6  10  5  1  4  8  9  5  8  10
2  12  6  1  4  12  14  15  4  2  16  11
2  1  4  27  18  20  23  15  7  1  28  25
16  10  4  9  10  21  6  10  13  22  18  18
14  8  2  7  6  9  8  12  2  8  3  16
1  7  5  8  7  0  4  7  0  1  1  4
5  12  0  7  4  0  4  5  8  5  11  16
10  10  8  1  4  5  1  8  1  8  4  1
2  1  1  1  2  1  2  2  2  2  2  1
13  9  1  14  4  12  18  14  3  6  0  5
3  1  4  1  3  0  4  1  3  3  1  2
18  22  17  2  16  21  2  22  16  1  16  17
9  9  5  9  6  10  10  4  7  3  6  6
4  16  4  13  8  10  17  14  18  4  0  0
24  19  14  15  8  28  25  16  5  3  4  26
