1 2 1
1 3 4
1 4 1
2 5 5
2 6 4
2 7 2
2 8 2
3 9 5
3 10 2
3 11 1
4 12 4
4 13 2
4 14 3
4 15 3
5 16 3
5 17 4
6 18 1
7 19 5
8 20 2
9 21 4
10 22 2
10 23 4
11 24 1
12 25 5
12 26 4
13 27 4
14 28 2
15 29 3
15 30 5
16 31 4
17 31 1
18 31 1
19 31 4
20 32 5
21 32 3
22 33 1
23 34 5
24 34 5
25 34 4
26 35 1
27 36 2
28 37 2
29 37 5
30 38 3
31 39 3
31 40 2
32 41 3
33 42 3
33 43 5
34 44 1
35 45 2
35 46 4
36 47 4
36 48 5
36 49 2
37 50 1
37 51 5
38 52 2
39 53 2
40 54 4
41 55 2
42 56 2
43 56 1
44 57 1
45 58 1
46 58 5
47 59 3
48 60 2
49 61 2
50 61 4
51 62 1
52 63 3
53 64 1
54 65 1
55 66 5
56 67 2
57 68 3
58 69 3
59 70 4
60 71 5
61 72 2
61 73 1
61 74 5
62 75 1
63 76 2
64 77 2
65 78 5
66 79 4
67 80 1
68 81 1
69 82 4
70 83 2
71 84 1
72 85 5
73 86 2
74 87 4
75 88 4
76 89 3
77 90 4
78 91 4
79 92 2
80 93 1
81 94 2
82 95 5
83 96 1
84 97 1
85 98 5
86 99 3
87 99 4
88 100 5
89 100 5
90 101 5
91 102 5
92 103 2
92 104 5
93 105 2
93 106 5
94 107 2
95 108 5
96 109 5
96 110 2
97 111 4
98 112 4
99 113 1
100 114 5
100 115 3
101 116 2
102 117 2
103 118 1
104 118 5
105 119 1
106 120 3
107 121 5
108 122 5
109 123 1
110 124 5
111 125 1
112 126 3
113 127 5
114 128 2
115 129 5
116 130 5
117 131 1
118 132 1
119 133 3
120 134 2
121 135 5
122 136 3
123 137 1
124 138 3
125 138 4
126 139 1
127 140 4
128 141 1
129 142 4
130 143 1
131 144 1
131 145 2
131 146 1
132 147 5
133 148 4
134 149 1
134 150 4
135 151 1
136 152 1
136 153 3
137 154 3
138 155 4
139 156 4
139 157 4
140 158 1
140 159 4
141 160 4
142 161 4
142 162 2
143 163 1
144 164 2
145 165 3
146 166 1
147 167 5
148 168 4
149 169 1
150 170 4
151 171 5
152 172 2
153 173 5
154 174 5
155 175 5
156 175 3
157 176 2
158 177 3
159 178 1
160 179 5
161 180 2
162 181 1
163 182 1
164 183 3
165 184 4
166 185 3
167 185 5
168 186 5
169 187 1
170 187 3
171 188 4
172 189 2
173 190 2
174 190 5
175 191 5
176 192 5
177 192 2
178 192 3
179 193 2
180 193 4
181 194 1
182 195 4
183 196 3
184 197 2
185 198 2
186 199 1
187 200 5
188 201 5
189 202 5
190 203 2
191 204 2
192 205 2
193 206 3
194 206 1
195 207 2
196 208 1
197 209 4
198 210 5
199 211 3
200 212 3
200 213 2
201 214 4
201 215 3
201 216 3
202 217 5
203 218 3
204 219 3
205 220 4
205 221 1
206 222 2
207 223 4
208 223 2
209 224 5
210 225 1
211 226 4
212 227 4
213 227 1
214 228 1
215 229 4
216 230 1
217 231 4
218 232 4
219 232 3
220 233 2
221 234 3
222 235 4
223 236 2
223 237 5
224 238 2
224 239 2
224 240 3
224 241 1
225 242 1
226 243 1
226 244 4
227 245 5
227 246 1
228 247 4
228 248 1
229 249 3
230 250 4
230 251 4
231 252 4
231 253 1
232 254 5
233 255 1
234 256 3
234 257 2
234 258 1
235 259 4
236 260 5
237 260 1
238 260 5
239 260 3
240 261 2
241 261 1
242 261 3
243 262 3
244 262 1
245 263 4
246 264 2
247 265 5
248 265 1
249 265 1
250 266 2
251 266 5
252 266 4
253 267 2
254 267 4
255 267 3
256 267 3
257 268 1
258 268 2
259 268 3
260 269 4
261 270 3
262 271 3
263 272 2
264 273 2
265 274 3
266 275 2
266 276 4
267 277 4
268 278 3
269 279 2
270 280 4
271 281 4
272 282 5
272 283 4
273 284 3
273 285 2
274 286 3
274 287 4
275 288 1
275 289 4
276 290 4
277 291 1
277 292 2
278 293 1
279 294 5
280 295 2
281 296 3
282 297 2
283 298 2
284 299 2
285 300 1
286 301 4
287 302 1
288 303 3
289 304 5
290 305 3
291 306 1
292 307 3
293 308 4
294 309 4
295 309 5
296 310 2
297 311 3
298 312 5
299 313 2
300 314 5
301 315 2
302 315 2
303 316 1
304 317 4
305 318 1
306 319 4
307 320 4
308 321 2
309 322 3
310 323 4
311 323 5
312 324 5
313 325 1
314 326 1
315 327 2
316 328 1
317 329 1
318 330 4
319 330 1
320 331 1
321 332 1
322 333 5
323 334 2
324 335 1
325 336 4
326 337 3
327 338 2
328 338 2
329 339 2
330 340 3
331 341 5
332 341 1
333 342 4
334 343 5
335 344 5
335 345 5
336 346 1
337 347 4
338 348 3
338 349 1
339 350 1
339 351 2
339 352 2
340 353 1
341 354 1
341 355 4
342 356 1
343 357 3
344 358 3
345 359 2
346 360 2
347 361 2
348 362 3
348 363 5
349 364 1
350 365 3
351 366 1
352 367 2
353 368 3
354 369 1
355 370 1
355 371 5
356 372 5
357 373 5
358 374 4
359 375 5
360 376 5
361 377 4
362 378 3
363 378 2
364 379 1
365 379 4
366 380 1
367 381 4
368 382 4
369 383 1
370 384 1
371 385 1
372 386 4
373 387 3
374 388 2
375 388 5
376 389 4
377 390 2
378 391 1
379 392 3
380 393 1
381 394 1
382 395 2
383 396 5
384 397 3
385 398 1
386 399 4
387 400 1
388 401 5
389 402 1
390 403 2
391 404 5
392 405 2
393 406 5
394 407 4
395 408 5
396 409 5
397 410 5
398 411 3
399 412 2
400 413 3
401 414 4
402 415 4
403 416 3
404 417 3
405 418 1
406 419 5
407 420 4
408 421 4
408 422 4
409 423 4
409 424 3
410 425 1
411 426 4
412 427 3
413 427 4
414 427 4
415 428 5
416 428 4
417 428 3
418 429 2
419 429 2
420 430 5
421 431 3
422 431 5
423 431 4
424 432 5
425 432 2
426 432 4
427 433 2
427 434 1
428 435 2
428 436 4
428 437 3
429 438 4
430 439 2
430 440 5
430 441 4
430 442 4
431 443 3
431 444 1
431 445 5
431 446 2
432 447 3
432 448 3
433 449 3
434 450 4
435 451 1
436 451 1
437 452 2
438 453 4
439 454 1
440 455 2
441 456 2
442 457 3
443 458 3
444 459 5
445 460 4
446 461 2
447 461 1
448 462 5
449 463 1
450 464 3
451 465 5
452 466 1
452 467 1
453 468 4
454 469 3
454 470 5
455 471 3
456 472 1
457 473 5
458 474 1
459 475 1
460 476 5
461 477 2
462 478 1
463 479 2
464 480 1
465 481 3
466 482 2
467 483 1
468 484 1
469 485 5
470 486 2
471 487 1
471 488 1
471 489 1
472 490 2
472 491 3
473 492 4
473 493 2
474 494 2
475 495 2
476 496 3
477 497 1
477 498 2
478 499 2
479 500 3
480 500 1
481 500 1
482 500 3
483 500 4
484 500 1
485 500 4
486 500 2
487 500 3
488 500 2
489 500 5
490 500 1
491 500 4
492 500 1
493 500 5
494 500 1
495 500 5
496 500 1
497 500 4
498 500 3
499 500 3
