1 2 5
1 3 2
1 4 8
1 5 8
1 6 9
2 7 7
2 8 1
2 9 7
2 10 9
3 11 7
3 12 3
3 13 5
3 14 1
4 15 4
4 16 6
4 17 2
4 18 7
4 19 9
5 20 8
5 21 5
5 22 5
6 23 1
6 24 5
7 25 7
8 26 8
9 27 1
10 28 2
11 29 6
12 30 5
13 31 8
14 32 5
15 33 3
16 34 9
17 35 8
18 36 9
19 37 6
20 38 7
21 39 2
22 40 4
23 41 8
24 42 5
25 43 3
26 44 1
27 45 7
28 46 5
29 47 3
30 48 1
31 49 7
32 50 9
33 51 7
34 52 5
35 53 1
36 54 7
37 55 9
38 56 8
39 57 1
40 58 6
41 59 7
42 60 4
43 61 6
44 62 5
45 63 7
46 64 4
47 65 2
48 66 7
49 67 9
50 68 6
51 69 8
52 70 1
53 71 5
54 72 6
55 73 6
56 73 2
57 74 5
58 75 1
59 76 7
60 77 5
61 78 4
62 79 4
63 80 1
64 81 8
65 82 7
66 83 9
67 84 9
68 85 8
69 86 8
69 87 4
70 88 5
71 89 8
72 90 2
73 91 1
74 92 7
75 93 2
76 94 2
77 95 9
77 96 2
78 97 3
79 98 8
80 99 5
81 100 4
82 101 2
82 102 8
83 103 3
83 104 8
84 105 1
85 106 2
86 107 1
87 108 7
88 109 2
89 110 6
89 111 5
90 112 5
91 113 2
91 114 4
91 115 2
92 116 4
93 117 5
93 118 7
94 119 9
94 120 8
95 121 9
96 122 4
97 123 2
98 124 1
99 124 4
100 125 2
101 126 8
102 127 2
103 128 6
104 128 2
105 128 3
106 129 4
107 130 6
108 130 5
109 131 8
110 132 4
111 133 2
112 133 6
113 134 5
114 135 3
115 136 2
116 137 9
117 138 1
118 139 2
119 140 8
120 141 2
121 142 9
122 142 1
123 143 7
124 144 5
125 145 8
126 146 1
127 147 5
128 148 9
129 149 8
130 150 1
131 151 2
132 152 9
133 153 2
133 154 3
134 155 6
135 156 1
136 157 3
137 158 8
138 159 3
139 160 9
140 161 4
141 162 7
142 163 8
143 164 5
144 165 6
145 166 9
146 167 5
147 168 9
148 169 2
149 170 1
150 171 5
151 172 9
152 173 1
153 174 2
154 175 1
155 176 9
156 177 6
157 178 3
158 179 4
159 180 1
160 181 4
161 182 2
162 183 9
163 183 5
164 184 3
165 185 5
166 186 2
167 187 6
168 188 7
169 189 1
170 190 8
171 191 1
172 192 9
173 193 4
174 194 9
175 195 3
176 196 4
177 197 9
178 198 7
178 199 6
179 200 9
180 201 4
181 202 3
182 203 9
183 204 8
184 205 9
185 206 3
186 207 4
187 208 9
188 208 9
189 209 7
190 210 1
191 211 8
192 212 3
193 213 4
194 214 1
195 215 2
196 216 3
197 217 2
198 218 1
199 219 4
200 220 9
201 221 1
202 222 4
203 223 2
204 224 2
205 225 5
206 226 2
207 227 4
208 228 2
209 229 1
210 230 1
211 231 5
211 232 2
212 233 3
213 234 8
214 235 1
215 236 2
216 237 6
217 238 8
218 239 4
218 240 1
219 241 9
220 242 1
221 243 4
222 244 3
223 245 4
224 246 2
225 247 5
226 248 3
227 249 8
228 250 6
229 251 1
230 252 6
231 253 8
232 254 1
233 255 6
234 256 6
235 257 4
236 258 8
237 259 3
238 260 5
239 261 1
240 262 3
241 263 6
242 264 4
243 265 5
244 266 4
245 267 9
246 268 3
247 269 6
248 270 1
249 271 3
250 272 3
251 273 1
252 274 2
253 275 7
254 276 8
255 277 8
256 277 6
257 278 3
258 279 6
259 280 6
260 280 3
261 281 4
262 281 5
263 282 5
264 282 1
265 283 6
266 284 1
267 285 8
268 286 4
269 287 5
269 288 1
270 289 4
270 290 3
271 291 5
271 292 4
272 293 8
272 294 5
272 295 8
272 296 9
273 297 2
273 298 7
273 299 2
274 300 9
274 301 2
274 302 6
274 303 9
275 304 2
275 305 9
276 306 5
276 307 8
277 308 6
277 309 6
277 310 7
278 311 4
278 312 2
278 313 7
279 314 5
279 315 6
280 316 6
281 317 6
281 318 5
281 319 5
281 320 1
282 321 7
282 322 3
282 323 5
283 324 4
283 325 3
284 326 5
285 327 5
285 328 4
285 329 2
285 330 3
286 331 5
286 332 3
287 333 8
288 333 2
289 334 5
290 335 1
291 335 5
292 335 1
293 336 2
294 336 3
295 337 9
296 337 2
297 338 1
298 338 3
299 338 2
300 339 2
301 339 6
302 340 7
303 340 7
304 340 6
305 340 1
306 341 6
307 341 5
308 341 7
309 342 7
310 343 5
311 343 9
312 344 9
313 344 2
314 344 3
315 345 5
316 346 4
317 346 5
318 347 5
319 348 9
320 349 5
321 349 2
322 350 4
323 351 4
324 352 5
325 353 6
326 353 1
327 353 5
328 353 8
329 354 1
330 354 6
331 355 9
332 356 1
333 357 6
334 358 8
335 358 2
336 359 5
337 360 2
338 361 5
339 361 3
340 362 8
341 363 8
342 364 8
343 365 7
344 366 1
345 366 8
346 367 3
347 368 5
348 369 6
349 370 5
350 371 9
351 372 4
352 373 4
353 374 3
354 375 9
355 376 6
356 377 6
357 378 4
358 378 2
359 379 2
360 380 6
361 380 2
362 381 3
363 382 8
364 383 8
365 383 6
366 383 5
367 384 1
368 384 4
369 385 8
370 386 7
371 387 9
372 387 6
373 388 6
374 389 7
375 389 5
376 390 3
377 391 5
378 392 7
378 393 3
379 394 3
380 395 8
381 396 4
382 397 2
383 398 2
384 399 9
384 400 9
385 401 6
386 402 3
387 403 7
387 404 8
388 405 7
389 406 4
390 407 5
391 408 6
392 409 3
393 410 8
394 411 1
395 412 3
396 413 4
397 414 3
398 415 7
399 416 3
400 417 9
401 418 7
402 419 3
403 420 2
404 420 1
405 421 4
406 422 9
407 423 6
408 424 6
409 425 2
410 426 3
411 427 8
412 427 1
413 428 3
414 429 8
415 430 5
416 431 5
417 432 3
418 433 5
419 434 3
420 435 8
421 436 3
422 437 9
423 438 6
424 439 4
425 440 3
426 441 9
427 442 9
428 443 6
429 444 9
430 445 7
431 446 4
432 447 2
433 448 7
434 449 1
435 450 9
436 451 3
437 452 7
438 453 1
439 454 4
440 455 7
441 456 8
442 457 9
442 458 7
443 459 7
443 460 5
444 461 4
445 462 8
445 463 2
445 464 1
446 465 9
446 466 7
447 467 5
447 468 5
448 469 1
448 470 2
449 471 7
449 472 6
450 473 6
450 474 6
451 475 4
452 476 2
453 477 1
453 478 6
453 479 7
454 480 3
454 481 7
454 482 9
455 483 2
456 484 4
457 485 4
458 486 6
459 487 3
460 487 5
461 487 2
462 488 5
463 489 6
464 490 7
465 490 2
466 491 6
467 491 9
468 492 5
469 492 3
470 492 3
471 493 8
472 493 5
473 494 9
474 494 3
475 495 2
476 495 5
477 496 5
478 497 4
479 498 3
480 498 4
481 498 5
482 499 6
483 500 1
484 501 4
485 502 9
486 503 6
487 504 6
488 505 6
489 506 6
490 507 4
491 508 6
492 509 6
493 509 3
494 510 5
495 511 6
496 512 4
497 513 7
498 514 3
499 515 5
500 516 9
501 517 7
502 518 4
503 519 9
504 520 2
505 521 8
506 522 1
507 523 4
508 524 6
509 525 7
510 526 2
511 527 2
511 528 1
512 529 1
513 530 3
514 531 1
515 532 3
516 533 8
517 534 8
518 535 4
519 536 9
520 537 8
521 538 9
522 539 2
523 540 9
524 541 3
524 542 7
525 543 5
526 544 1
527 545 6
527 546 2
528 547 5
529 548 7
530 549 9
531 550 9
532 551 2
533 552 3
534 553 8
535 554 6
535 555 2
536 556 9
536 557 9
537 558 7
537 559 4
538 560 5
539 561 6
540 562 8
541 563 7
541 564 7
542 565 6
543 566 2
543 567 2
544 568 7
545 569 9
546 570 6
547 571 6
548 572 7
549 573 8
549 574 2
549 575 5
550 576 6
551 577 7
551 578 1
552 579 4
553 580 2
554 581 7
555 581 1
556 582 9
557 582 3
558 583 2
559 584 5
560 585 6
561 585 6
562 586 1
563 586 9
564 587 6
565 587 7
566 588 1
567 589 3
568 590 5
569 591 4
570 592 7
571 593 9
572 593 7
573 594 2
574 595 9
575 596 7
576 597 4
577 598 6
578 599 5
579 600 8
580 600 9
581 600 5
582 600 1
583 600 7
584 600 6
585 600 3
586 600 8
587 600 7
588 600 5
589 600 3
590 600 1
591 600 3
592 600 8
593 600 3
594 600 5
595 600 6
596 600 5
597 600 9
598 600 7
599 600 5
