1 2 120
1 3 78
1 4 49
1 5 28
2 6 49
2 7 43
2 8 8
2 9 151
3 10 38
3 11 23
4 12 152
4 13 47
5 14 149
5 15 67
5 16 98
6 17 42
7 18 60
8 19 79
9 20 130
9 21 128
10 22 44
11 23 73
12 24 90
13 25 158
14 26 63
15 27 56
15 28 107
16 29 111
17 30 56
18 31 74
19 32 104
20 32 131
21 33 13
22 34 13
23 35 18
24 36 44
25 37 119
26 38 31
27 38 132
28 39 18
29 40 29
30 41 103
31 42 34
32 43 109
33 43 4
34 44 84
35 45 153
36 46 131
37 47 145
38 48 131
39 49 2
40 50 138
41 51 18
42 52 132
42 53 72
43 54 151
44 55 16
44 56 46
45 57 70
46 58 57
47 59 24
48 60 147
49 61 134
50 62 10
50 63 147
51 64 98
52 65 41
53 66 9
54 67 150
55 67 110
56 68 152
57 69 133
58 69 13
59 70 110
60 71 109
61 71 86
62 71 62
63 72 150
64 73 50
65 74 101
66 75 127
67 76 57
68 77 41
69 78 121
70 79 124
70 80 147
71 81 111
72 82 11
72 83 38
73 84 159
74 84 19
75 85 45
76 86 10
77 86 45
78 87 130
79 88 34
80 89 47
81 90 120
82 91 64
83 92 157
84 93 9
84 94 147
85 95 79
86 96 102
86 97 14
86 98 94
87 99 105
88 100 105
89 101 68
90 102 154
91 103 32
92 104 54
93 105 40
94 106 40
95 107 13
96 108 136
97 109 73
98 110 83
99 111 20
100 112 152
101 113 80
102 114 52
103 115 9
104 116 61
105 117 113
106 118 153
107 119 62
108 119 52
109 120 58
110 120 84
111 120 52
112 121 112
113 122 22
114 122 70
115 123 159
116 124 141
117 125 10
117 126 27
118 127 147
118 128 18
119 129 29
120 130 94
120 131 51
121 132 106
121 133 23
122 134 57
123 135 151
124 136 7
125 137 4
126 138 134
126 139 82
127 140 50
127 141 100
128 142 90
129 143 23
130 144 80
131 145 48
132 146 8
133 147 82
134 148 19
135 149 150
136 150 120
137 151 158
138 152 120
139 153 26
140 154 155
141 155 134
142 155 77
143 156 67
144 157 62
145 157 73
146 157 127
147 158 37
148 158 157
149 159 56
150 159 50
151 160 42
151 161 68
151 162 18
152 163 32
153 164 5
153 165 138
153 166 31
154 167 62
154 168 147
155 169 132
156 170 96
157 171 139
157 172 29
158 173 42
159 174 82
160 175 34
160 176 11
161 177 71
161 178 29
162 179 150
163 180 32
163 181 110
163 182 95
164 183 99
164 184 62
164 185 66
165 186 32
166 187 156
166 188 74
166 189 42
166 190 110
167 191 140
168 192 85
168 193 97
169 194 113
169 195 47
169 196 126
170 197 86
171 198 10
171 199 67
172 200 99
173 201 40
173 202 118
174 203 102
174 204 32
175 205 99
176 205 61
177 206 146
178 206 6
179 206 31
180 207 115
181 207 62
182 208 88
183 209 88
184 210 38
185 211 123
186 211 45
187 211 41
188 212 1
189 213 82
190 214 22
191 215 79
192 215 107
193 216 8
194 216 45
195 216 53
196 217 106
197 217 113
198 218 67
199 218 9
200 219 62
201 220 98
202 220 155
203 220 99
204 220 87
205 221 120
206 222 62
207 223 86
208 224 76
209 224 42
210 225 39
211 225 36
212 226 38
213 226 70
214 227 119
215 228 117
216 229 159
217 229 55
218 230 29
219 231 14
220 231 41
221 232 75
221 233 93
222 234 147
223 235 64
224 236 146
225 237 58
226 238 126
227 239 31
228 240 104
229 241 6
230 242 16
231 243 71
232 244 34
233 245 29
234 246 99
235 247 157
236 248 37
237 249 132
238 250 64
239 251 62
240 252 131
241 253 57
242 254 77
243 255 58
243 256 105
243 257 105
244 258 49
245 259 137
246 260 39
247 261 125
248 261 116
249 262 10
250 262 53
251 263 29
252 263 59
253 264 92
254 265 50
255 265 57
256 266 65
257 266 61
258 267 5
258 268 15
259 269 11
260 270 75
260 271 88
261 272 93
262 273 122
263 274 92
264 275 156
265 276 9
266 277 137
266 278 149
267 279 123
268 280 58
269 281 120
270 282 134
271 283 66
272 284 34
273 285 17
274 286 57
275 286 56
276 287 89
277 287 27
278 288 134
279 289 133
280 290 77
280 291 122
281 292 53
281 293 52
282 294 54
282 295 31
283 296 120
284 297 101
285 298 77
286 299 140
286 300 124
287 301 127
288 302 59
289 303 145
290 304 114
291 305 159
292 306 101
293 307 56
294 308 9
295 309 80
296 310 147
297 311 58
298 312 127
299 312 49
300 313 108
301 314 143
302 315 104
303 316 105
304 317 100
304 318 120
305 319 54
306 320 123
307 321 82
308 322 70
309 323 64
310 324 24
311 325 11
312 326 117
313 327 126
314 328 43
315 329 34
316 330 36
317 330 98
318 331 17
319 331 114
320 332 116
321 333 93
322 334 31
323 334 152
324 335 63
325 336 116
326 337 130
327 337 13
328 338 104
329 339 96
330 340 149
331 341 125
332 342 41
333 343 3
333 344 63
334 345 131
335 346 46
336 347 153
337 348 126
338 349 80
339 350 154
340 351 12
341 352 2
341 353 32
342 354 1
343 355 75
344 356 118
344 357 12
345 358 4
346 359 9
347 360 96
348 361 8
349 362 87
350 363 77
351 364 3
352 364 35
353 364 30
354 365 114
355 365 90
356 366 74
357 367 44
358 368 15
359 368 99
360 368 79
361 369 135
362 369 76
363 370 152
364 371 31
364 372 12
364 373 50
365 374 96
366 375 142
366 376 98
366 377 126
367 378 94
367 379 47
367 380 105
368 381 18
368 382 17
369 383 119
369 384 139
369 385 36
369 386 12
370 387 121
370 388 55
371 389 82
372 390 83
373 390 75
374 391 127
375 392 88
376 392 112
377 392 13
378 393 17
379 394 49
380 394 59
381 395 92
382 395 155
383 395 105
384 396 74
385 397 106
386 398 123
387 398 79
388 399 85
389 400 77
390 400 12
391 400 37
392 400 79
393 400 135
394 400 45
395 400 45
396 400 35
397 400 93
398 400 13
399 400 65
