4 4 4 4 5 4 5 5
7 8 8 7 8 7 7 8
9 8 8 8 9 9 8 8
14 15 15 15 14 14 15 14
4 4 3 3 4 3 3 4
11 12 11 11 12 11 11 12
4 4 4 4 3 4 3 3
7 8 7 7 7 8 8 8
3 2 3 2 2 2 3 2
4 5 4 5 4 5 5 5
3 3 3 3 4 3 4 4
2 3 2 3 3 2 2 3
9 9 9 8 8 9 8 8
2 2 1 2 2 1 2 2
15 15 15 14 15 15 14 15
5 5 5 4 4 4 4 4
14 14 15 15 14 15 14 15
13 14 14 14 14 13 14 13
11 10 10 11 11 11 10 10
11 11 10 11 11 11 10 11
14 13 13 14 13 13 13 14
8 8 7 7 8 7 7 8
12 12 13 13 13 13 12 12
8 9 8 8 8 8 8 9
5 5 4 5 4 4 5 4
11 12 12 11 11 11 12 11
2 2 2 1 1 2 1 2
12 13 12 12 12 12 13 12
14 14 15 14 15 15 14 14
3 2 2 2 2 2 3 2
4 4 4 4 3 4 3 4
1 1 2 1 1 2 2 2
5 5 4 5 4 5 5 5
4 4 3 4 4 3 3 4
6 5 5 5 6 6 6 5
5 5 5 5 5 4 5 5
4 4 4 4 5 4 4 4
3 3 3 4 4 3 4 3
10 10 10 9 10 10 10 9
2 1 2 2 2 2 1 1
5 5 6 5 5 6 5 5
10 11 11 10 11 10 10 11
1 1 2 1 2 1 1 2
3 3 4 4 4 3 4 4
6 6 7 6 7 7 7 7
11 10 11 10 10 11 10 11
2 2 3 3 2 2 3 3
3 3 2 2 2 3 2 2
8 7 7 7 8 7 8 7
1 2 1 2 1 1 1 1
2 2 2 1 1 2 2 1
11 12 12 11 12 12 12 12
9 10 10 10 9 10 9 10
8 8 9 9 9 8 9 8
10 9 9 10 9 9 10 10
10 10 10 11 11 11 10 10
7 7 7 8 7 7 7 7
3 3 3 2 3 3 2 2
3 3 3 3 3 2 2 2
8 7 7 8 7 7 8 7
13 12 13 12 12 12 12 13
6 5 6 6 5 6 6 5
3 3 4 3 4 4 3 4
9 9 9 9 8 9 8 9
12 12 11 11 12 12 11 12
8 8 9 9 9 9 8 9
2 1 2 1 2 2 2 1
5 5 4 5 5 5 5 4
2 1 2 1 1 2 1 2
12 11 11 11 12 11 12 12
9 10 9 9 9 10 10 10
10 11 10 10 10 11 10 10
10 11 11 11 11 11 11 10
5 4 4 4 5 4 5 5
3 3 3 3 4 3 4 4
1 2 2 2 1 1 2 2
3 3 3 2 3 2 2 3
11 12 11 12 12 12 11 11
12 13 12 12 12 13 13 13
14 15 15 15 15 14 14 14
13 13 13 12 12 12 13 13
14 14 13 13 14 13 14 14
9 9 10 9 9 10 9 10
11 11 11 11 10 10 11 11
6 5 6 6 6 6 6 5
11 11 11 11 10 10 11 11
7 8 8 8 7 8 8 7
11 11 10 10 10 10 10 10
13 13 13 13 14 14 13 14
15 14 15 14 14 15 14 15
14 14 15 14 14 14 15 15
14 13 13 14 13 13 14 14
1 1 2 2 1 2 2 2
13 12 12 12 13 13 12 13
11 12 12 11 12 11 11 12
8 9 8 9 8 9 8 9
12 11 12 11 12 12 11 11
9 8 9 8 9 8 9 8
13 14 14 14 13 13 14 14
6 6 7 7 6 7 6 6
