1 2 5
1 3 16
1 4 23
1 5 2
1 6 29
2 7 20
3 8 8
4 9 17
5 10 9
6 10 26
7 11 6
8 12 19
8 13 20
9 14 22
10 15 21
11 16 4
12 16 29
13 17 13
14 17 3
15 17 16
16 18 24
17 19 27
17 20 14
17 21 14
18 22 18
18 23 29
19 24 19
19 25 8
20 26 7
20 27 29
21 28 15
21 29 3
22 30 7
23 30 20
24 31 3
25 31 8
26 32 11
27 33 13
28 34 6
29 35 17
30 36 13
31 37 6
32 37 21
33 37 15
34 38 3
35 38 5
36 39 14
37 40 7
37 41 14
38 42 13
38 43 6
38 44 7
39 45 6
40 46 17
41 47 21
42 48 20
43 48 12
44 49 13
45 50 19
46 50 20
47 50 12
48 50 14
49 50 13
