1 2 45
1 3 44
1 4 14
1 5 18
2 6 2
3 7 30
4 8 65
5 8 11
6 9 6
7 10 35
8 11 46
9 12 40
10 12 52
11 13 65
12 14 59
13 15 32
14 16 67
14 17 17
15 18 65
15 19 36
15 20 37
16 21 55
17 22 38
17 23 18
17 24 26
17 25 13
17 26 62
18 27 68
18 28 17
18 29 18
18 30 55
18 31 10
19 32 9
19 33 68
20 34 27
21 35 33
22 35 75
23 35 48
24 35 79
25 35 4
26 35 69
27 35 46
28 36 46
29 36 17
30 36 8
31 36 9
32 36 78
33 36 53
34 36 62
35 37 19
36 38 49
37 39 23
38 40 14
38 41 37
39 42 27
40 43 68
41 44 21
42 45 23
43 46 35
44 46 63
45 47 5
45 48 71
46 49 3
47 50 19
48 50 43
49 50 12
