1 2 85
1 3 36
1 4 148
1 5 124
2 6 135
3 6 89
4 7 138
5 8 137
6 9 157
7 10 94
8 10 91
9 11 75
9 12 121
9 13 156
10 14 40
11 15 141
12 15 94
13 16 112
14 17 108
15 18 51
15 19 102
16 20 30
16 21 112
17 22 13
18 23 106
19 24 2
20 25 93
21 26 80
22 27 9
23 28 156
24 29 40
25 30 5
26 30 62
27 31 126
28 32 111
29 33 67
29 34 10
30 35 47
31 36 150
32 37 41
33 38 54
34 39 90
35 40 66
36 40 64
37 41 12
37 42 1
38 43 42
39 44 15
40 45 133
41 46 63
42 46 159
43 47 77
44 48 13
45 49 41
46 50 151
47 50 122
48 50 142
49 50 154
