9 9 10 9 10 10 9 10 9 9 9 9 9 10 10 9
10 11 10 11 10 10 10 10 10 10 10 11 11 10 10 10
6 7 6 7 6 7 6 7 7 7 7 7 6 6 6 6
10 10 10 10 10 9 10 10 10 10 10 9 10 9 10 10
12 11 12 11 12 11 11 12 12 11 11 12 11 11 12 12
19 18 19 19 19 19 18 18 18 18 19 19 18 19 18 19
18 18 18 19 19 18 19 19 19 18 19 19 19 19 19 19
6 6 6 5 6 6 6 6 6 5 6 5 6 6 6 6
3 3 4 3 4 3 3 4 3 4 3 4 4 4 4 3
4 3 4 3 4 3 3 3 4 4 4 4 3 4 4 4
8 8 7 7 8 8 8 7 7 8 8 8 8 7 8 7
8 9 8 9 8 8 9 9 8 8 8 8 9 8 9 8
7 7 7 7 7 6 7 7 6 6 7 7 7 6 6 7
8 9 8 9 9 9 8 9 8 9 8 9 9 9 8 8
9 10 10 10 10 10 10 10 10 9 9 9 10 9 10 10
10 9 9 10 10 10 9 10 10 10 10 9 9 9 10 10
2 2 1 1 1 2 1 2 2 1 2 2 1 1 1 1
6 6 6 5 5 5 5 6 5 5 6 6 5 5 6 5
5 4 5 4 5 4 5 5 5 5 4 5 4 5 5 4
17 17 17 17 16 16 17 16 16 17 17 16 16 16 16 16
3 3 3 4 3 4 4 3 4 3 3 3 3 4 3 4
6 5 5 5 5 6 6 6 5 6 5 6 6 6 5 5
11 11 10 11 10 10 10 10 11 11 10 10 11 10 11 11
7 7 8 8 7 8 7 7 8 7 7 7 7 7 7 8
12 13 13 12 13 13 12 12 12 12 12 13 12 12 13 13
11 11 11 12 12 11 12 12 11 12 11 12 12 11 12 12
16 17 17 17 17 16 16 16 16 17 16 16 17 16 16 16
12 12 12 12 12 13 13 13 12 12 12 12 12 13 12 12
3 3 2 3 2 3 3 2 3 3 3 2 2 3 2 2
12 11 12 11 11 11 11 12 11 12 11 11 11 11 12 11
8 8 8 7 8 7 7 7 8 7 7 7 7 7 7 7
1 2 2 2 2 1 2 2 2 2 2 1 1 2 2 1
2 2 2 3 2 3 2 3 2 2 3 2 2 2 3 3
13 13 14 13 14 13 13 14 14 13 14 14 14 13 14 13
8 7 8 8 7 7 8 7 8 7 7 8 7 7 7 8
12 13 13 12 13 13 12 12 13 12 12 12 13 12 12 13
3 3 2 2 2 3 2 3 2 3 3 3 2 3 3 3
15 14 14 15 15 15 15 14 14 14 15 14 15 14 14 14
15 14 15 15 14 15 14 15 15 15 15 15 15 15 15 15
1 2 2 2 1 2 1 1 2 2 1 2 1 2 1 2
7 7 8 7 7 7 7 8 8 8 8 7 8 7 8 8
11 11 11 11 12 11 12 11 12 12 12 12 11 12 11 12
6 7 6 6 6 6 7 7 7 6 6 6 6 7 6 7
16 15 16 15 15 15 15 16 16 16 15 15 15 15 16 15
8 9 9 8 9 8 8 8 8 8 8 9 8 8 8 8
18 18 18 18 17 18 18 18 18 17 17 18 17 17 17 18
17 17 17 18 18 18 17 18 17 17 18 18 17 17 18 17
11 10 10 10 11 10 10 11 11 11 11 11 10 10 11 11
7 6 6 6 6 7 7 7 7 7 6 6 7 6 6 7
4 3 3 4 3 4 4 3 3 4 4 3 3 3 3 4
