1 2 2
1 3 4
1 4 4
1 5 4
2 6 2
2 7 3
2 8 2
3 9 3
3 10 3
3 11 5
4 12 3
4 13 3
4 14 5
4 15 1
4 16 3
5 17 1
5 18 1
5 19 5
6 20 4
7 21 1
8 22 5
9 23 1
10 24 1
11 25 5
12 26 3
13 27 5
14 28 5
15 29 1
16 30 1
17 31 1
18 32 4
18 33 1
19 34 5
20 35 5
20 36 5
21 37 2
22 38 5
23 39 2
24 40 5
25 41 5
26 42 2
27 43 1
28 44 4
29 45 2
30 46 2
31 47 4
32 48 1
33 49 4
34 50 4
34 51 2
35 52 3
36 52 3
37 53 1
38 54 4
39 55 2
40 56 2
41 57 2
42 58 4
43 58 1
44 59 4
45 60 3
46 61 3
47 62 2
48 62 4
49 63 4
50 64 4
51 64 1
52 65 1
53 66 3
54 67 2
55 68 4
56 69 4
57 70 4
58 71 1
59 72 5
59 73 5
60 74 4
61 75 3
62 76 1
63 77 5
64 78 4
65 79 1
66 80 5
67 81 4
68 82 1
69 83 5
70 84 2
70 85 5
71 86 3
72 87 4
73 88 2
74 89 4
75 90 5
76 91 3
77 92 2
78 93 5
79 94 1
80 95 1
81 96 4
82 97 1
83 98 2
84 98 2
85 99 2
86 100 3
87 101 3
88 102 1
89 103 3
90 104 2
91 105 4
92 105 1
93 106 1
94 107 5
95 107 2
96 108 2
97 108 2
98 108 5
99 109 5
100 110 2
101 111 1
102 111 2
103 112 4
104 112 1
105 113 3
106 114 5
107 115 5
108 116 1
109 117 3
110 118 5
111 118 5
112 118 5
113 118 4
114 119 2
115 120 1
115 121 3
116 122 2
116 123 5
117 124 2
117 125 2
118 126 5
119 127 2
119 128 3
119 129 2
120 130 5
120 131 1
120 132 5
121 133 1
122 134 3
123 135 1
124 136 4
125 137 2
126 138 1
126 139 4
127 140 1
128 141 5
129 142 2
130 143 2
131 144 1
132 145 5
133 146 1
134 147 2
135 147 1
136 148 3
137 149 4
138 150 2
139 151 1
140 152 3
141 153 3
142 153 3
143 154 3
143 155 4
144 156 5
145 157 3
145 158 5
146 159 3
147 160 1
147 161 5
148 162 2
149 163 1
149 164 2
149 165 3
149 166 5
150 167 3
151 168 2
152 169 3
153 170 3
153 171 2
153 172 1
154 173 4
155 173 1
156 173 1
157 174 2
158 174 4
159 175 3
160 175 5
161 175 5
162 176 5
163 176 5
164 176 5
165 177 5
166 178 3
167 178 5
168 178 2
169 179 3
170 179 4
171 180 4
172 180 3
173 181 4
173 182 4
174 183 4
174 184 5
175 185 4
175 186 4
176 187 1
177 188 2
178 189 1
178 190 5
179 191 3
179 192 1
179 193 2
180 194 1
180 195 1
180 196 4
181 197 5
182 198 4
183 199 1
184 200 4
185 201 4
186 202 2
187 203 2
188 204 2
189 205 3
190 206 5
191 207 5
192 208 5
193 209 2
194 210 3
195 210 3
196 211 1
197 212 2
198 213 4
199 214 4
200 215 4
201 216 1
202 217 4
202 218 2
203 219 1
204 220 4
205 221 3
206 222 4
207 223 3
208 224 3
209 225 3
210 226 4
211 227 3
212 228 2
213 229 2
214 230 4
215 231 5
216 232 3
217 233 4
218 234 2
219 235 1
220 236 4
221 237 3
222 238 1
223 239 5
224 240 1
225 241 1
226 242 2
227 242 2
228 243 4
229 244 2
230 245 1
231 246 4
232 247 3
233 248 4
234 249 4
235 250 2
236 251 3
237 252 2
238 252 4
239 253 2
240 254 2
241 255 4
242 256 5
243 257 5
244 258 1
245 259 5
246 260 3
247 261 3
248 262 4
249 263 4
250 264 5
251 265 4
252 266 1
253 267 2
254 268 2
255 269 1
256 270 2
257 271 3
257 272 1
257 273 5
258 274 1
258 275 1
258 276 5
258 277 5
258 278 4
259 279 3
259 280 1
259 281 3
260 282 3
260 283 1
260 284 3
260 285 3
261 286 1
261 287 5
261 288 3
262 289 2
262 290 2
262 291 2
262 292 5
263 293 3
263 294 1
263 295 3
263 296 5
263 297 1
264 298 1
264 299 4
265 300 5
265 301 5
266 302 1
266 303 5
266 304 5
266 305 3
266 306 3
267 307 4
267 308 5
268 309 3
268 310 1
269 311 4
269 312 4
269 313 4
270 314 4
270 315 1
271 316 1
272 316 1
273 316 3
274 316 4
275 317 5
276 317 5
277 317 2
278 317 2
279 318 2
280 319 5
281 319 4
282 319 5
283 319 5
284 319 2
285 320 2
286 320 2
287 321 1
288 321 3
289 321 3
290 322 1
291 322 4
292 322 3
293 322 2
294 323 2
295 324 1
296 324 1
297 324 1
298 325 5
299 325 2
300 326 1
301 326 3
302 327 3
303 327 1
304 327 4
305 327 5
306 328 2
307 328 3
308 328 4
309 328 4
310 328 2
311 328 5
312 329 5
313 329 4
314 330 3
315 330 3
316 331 2
317 332 4
318 332 1
319 333 3
320 333 5
321 334 3
322 335 1
323 336 1
324 337 3
325 338 1
326 339 4
327 340 1
328 341 2
329 342 4
330 343 1
331 344 3
332 345 5
332 346 2
333 347 2
334 348 2
335 349 4
335 350 1
336 351 2
336 352 5
337 353 2
338 354 4
339 355 5
340 356 3
341 357 1
342 358 4
343 359 5
344 360 4
345 360 5
346 361 2
347 362 2
348 363 4
349 363 2
350 363 1
351 363 3
352 364 5
353 364 5
354 364 2
355 365 2
356 366 2
357 367 1
358 368 5
359 368 1
360 369 1
361 370 5
362 371 3
362 372 1
363 373 3
364 374 3
364 375 4
365 376 1
366 377 5
367 378 3
368 379 5
368 380 4
368 381 5
369 382 3
370 383 3
371 384 5
372 385 5
373 386 5
374 387 1
375 388 2
375 389 2
376 390 1
377 391 3
378 392 4
379 393 2
380 394 2
381 395 3
382 396 2
383 397 1
384 398 2
385 399 1
386 400 3
387 401 1
388 402 3
389 403 2
390 404 4
391 405 3
392 406 5
393 407 2
394 408 5
395 409 4
396 410 1
397 411 4
398 412 1
399 413 2
400 414 3
401 414 4
402 415 4
403 416 1
404 417 1
405 418 1
406 418 5
407 418 3
408 419 4
409 419 4
410 420 1
410 421 4
411 422 4
411 423 5
412 424 5
412 425 1
413 426 2
414 427 2
415 428 3
416 429 1
417 430 1
418 431 4
419 432 3
419 433 4
419 434 3
420 435 4
420 436 5
420 437 5
421 438 4
421 439 3
422 440 3
423 441 1
423 442 3
424 443 1
425 444 3
425 445 2
426 446 1
427 447 3
428 448 2
428 449 1
429 450 5
429 451 4
430 452 5
431 453 2
431 454 5
432 455 1
433 456 4
434 457 4
435 458 1
436 459 1
437 460 2
438 461 3
439 461 1
440 462 3
441 463 1
442 463 3
443 463 3
444 464 1
445 464 4
446 465 4
447 466 5
448 466 3
449 467 1
450 467 3
451 467 3
452 468 4
453 468 5
454 468 2
455 469 2
456 469 2
457 469 2
458 470 5
459 471 4
460 472 4
461 473 2
462 474 1
463 475 4
464 476 5
465 477 4
466 478 5
467 478 2
468 479 2
469 480 4
470 481 1
471 482 1
472 483 1
473 484 1
473 485 1
474 486 3
475 487 4
476 488 5
477 489 4
478 490 4
479 491 1
480 492 1
480 493 1
481 494 2
482 495 1
482 496 5
483 497 4
484 498 4
485 499 2
486 500 1
487 501 3
488 502 4
489 503 2
490 504 4
491 505 3
492 506 3
493 507 4
494 508 2
495 509 1
495 510 3
495 511 4
496 512 5
497 513 3
498 514 5
498 515 5
499 516 4
500 517 3
501 518 4
502 519 1
503 520 3
504 521 1
505 522 5
505 523 2
506 524 2
506 525 5
507 526 2
508 527 3
509 528 1
510 529 5
511 530 2
512 531 1
513 532 5
513 533 5
514 534 2
515 535 4
516 536 4
517 537 5
518 538 4
519 539 3
519 540 4
520 541 3
521 542 3
522 543 4
523 544 3
524 545 3
525 546 1
526 547 2
527 548 1
528 548 5
529 549 2
530 549 2
531 550 5
532 550 2
533 550 3
534 551 2
535 551 2
536 551 4
537 552 4
538 552 5
539 552 2
540 552 3
541 552 4
542 552 2
543 552 2
544 553 1
545 553 1
546 554 5
547 554 3
548 555 1
549 556 3
549 557 4
549 558 3
550 559 1
550 560 1
551 561 3
552 562 2
552 563 1
553 564 4
554 565 4
554 566 4
555 567 3
556 568 4
557 569 2
558 570 3
559 571 1
560 572 3
561 573 5
561 574 2
562 575 5
563 576 5
564 577 1
564 578 2
565 579 1
566 580 2
567 581 4
568 582 5
568 583 2
569 584 1
570 585 4
571 586 4
571 587 3
572 588 2
572 589 4
572 590 5
573 591 2
573 592 5
574 593 1
575 594 1
576 595 2
577 596 3
578 597 1
579 598 3
580 599 4
581 600 1
582 600 4
583 600 1
584 600 5
585 600 1
586 600 5
587 600 1
588 600 2
589 600 1
590 600 2
591 600 1
592 600 4
593 600 2
594 600 1
595 600 2
596 600 4
597 600 4
598 600 4
599 600 3
