1 2 20
1 3 137
1 4 81
1 5 16
2 6 122
2 7 100
2 8 39
2 9 173
3 10 38
3 11 103
4 12 148
4 13 75
4 14 158
5 15 37
5 16 43
6 17 125
7 18 87
8 19 128
9 19 49
10 20 73
11 20 116
12 20 59
13 21 95
14 22 35
15 23 109
16 24 88
17 25 135
17 26 18
18 27 61
18 28 3
18 29 47
19 30 1
20 31 126
20 32 139
21 33 143
21 34 51
22 35 103
23 36 173
23 37 122
23 38 57
24 39 166
24 40 148
24 41 134
24 42 137
25 43 90
26 44 139
27 45 64
28 46 29
29 47 40
30 48 171
31 49 145
32 50 65
33 51 16
34 52 49
35 53 176
36 54 159
37 55 24
38 56 40
39 56 70
40 57 85
41 58 112
42 59 157
43 60 107
44 60 17
45 60 27
46 60 55
47 61 25
48 61 97
49 62 144
50 62 136
51 63 142
52 63 154
53 64 77
54 65 44
55 65 165
56 66 147
57 67 193
58 67 12
59 67 15
60 68 41
61 69 139
62 70 142
63 71 89
64 72 131
65 73 54
66 74 177
66 75 182
66 76 94
66 77 47
67 78 6
68 79 94
69 80 25
69 81 79
69 82 76
70 83 113
71 84 114
72 85 135
72 86 167
73 87 97
74 88 15
75 89 122
76 90 187
77 91 38
78 92 43
79 93 62
80 94 35
81 95 105
82 96 70
83 97 46
84 97 79
85 98 99
86 98 108
87 99 57
88 100 103
89 100 181
90 101 153
91 102 22
92 103 28
93 104 17
94 104 190
95 105 146
96 106 115
97 106 185
98 107 100
99 108 119
100 109 68
101 110 37
102 111 34
103 111 112
104 112 80
105 113 149
106 114 5
107 115 95
108 116 67
109 117 112
110 118 58
111 118 70
112 119 10
113 120 96
113 121 196
114 122 30
115 123 17
116 124 32
117 125 177
117 126 45
117 127 147
118 128 149
119 129 15
120 130 19
120 131 66
121 132 76
121 133 24
122 134 180
123 135 57
124 136 80
125 137 164
125 138 50
125 139 38
125 140 5
126 141 90
126 142 109
127 143 142
127 144 22
128 145 146
128 146 2
129 147 15
130 148 112
131 148 165
132 148 195
133 148 176
134 149 164
135 150 45
136 151 126
137 151 130
138 151 40
139 152 186
140 153 34
141 153 149
142 154 53
143 155 81
144 156 166
145 157 51
146 157 160
147 158 136
148 159 153
149 160 48
150 161 9
151 162 146
152 163 129
153 164 65
154 165 80
155 166 155
156 167 197
156 168 32
157 169 26
157 170 158
158 171 6
159 172 13
160 173 68
161 174 83
162 175 22
163 175 111
164 176 80
165 177 186
166 178 78
167 178 168
168 179 51
169 179 112
170 180 147
171 181 188
172 182 130
173 183 96
173 184 142
173 185 161
174 186 79
175 187 65
175 188 97
176 189 153
176 190 28
176 191 12
177 192 149
178 193 31
179 194 194
180 195 31
181 196 90
182 197 19
183 198 91
184 199 103
185 200 12
185 201 58
186 202 38
187 203 147
187 204 76
188 205 168
189 206 155
190 207 14
190 208 66
191 209 44
192 210 146
193 211 184
194 212 42
195 213 73
196 214 138
197 214 194
198 215 30
199 216 153
200 216 74
201 217 42
202 218 187
203 218 63
204 218 38
205 219 131
206 220 92
207 221 66
208 222 164
209 223 47
210 223 20
211 223 60
212 224 25
213 224 179
214 225 66
215 226 100
216 227 61
216 228 170
217 229 12
217 230 86
218 231 195
219 232 151
220 233 194
221 234 182
222 235 154
222 236 199
223 237 141
224 238 144
225 239 143
226 240 155
227 241 65
228 242 110
229 243 126
230 244 29
231 245 184
232 246 41
233 247 44
234 248 163
235 249 21
236 250 40
237 251 163
238 252 90
239 253 46
240 254 198
241 254 167
242 255 3
243 256 192
244 256 176
245 256 77
246 257 60
247 258 185
248 259 78
249 260 97
250 261 23
251 262 162
252 263 128
253 264 172
254 265 95
255 266 27
256 267 102
257 268 187
258 269 191
259 270 162
260 270 181
261 271 190
262 271 144
263 272 50
264 273 191
265 274 54
266 275 199
267 276 158
268 277 59
269 278 162
269 279 17
270 280 3
271 281 151
271 282 173
272 283 159
272 284 174
272 285 137
273 286 154
274 287 148
275 288 41
276 289 26
277 290 47
278 291 45
279 292 57
280 293 47
281 294 106
282 295 180
283 296 190
284 297 19
285 298 130
285 299 42
286 300 82
287 300 157
288 300 20
289 300 120
290 300 148
291 300 81
292 300 188
293 300 46
294 300 96
295 300 85
296 300 197
297 300 118
298 300 116
299 300 68
