1 2 7
1 3 1
1 4 2
1 5 3
1 6 1
2 7 3
2 8 5
3 9 4
4 10 7
4 11 1
5 12 2
6 13 4
7 14 4
8 15 2
9 16 6
9 17 6
9 18 3
10 19 2
11 20 6
11 21 3
12 22 2
13 23 3
14 24 3
14 25 3
14 26 6
15 27 6
16 28 1
16 29 5
16 30 2
17 31 1
18 32 7
19 33 4
19 34 2
20 35 4
21 36 2
22 37 7
23 38 4
24 39 2
25 40 3
26 40 6
27 40 5
28 40 5
29 41 1
30 41 6
31 41 4
32 41 5
33 42 2
34 43 2
35 43 3
36 44 5
37 44 7
38 45 3
39 46 4
40 47 3
41 48 1
42 49 4
43 50 1
44 51 5
45 52 5
46 53 1
47 54 7
48 55 4
49 56 2
50 57 4
50 58 7
51 59 5
51 60 7
52 61 6
52 62 7
53 63 1
54 64 4
55 65 2
56 65 3
57 66 6
58 66 6
59 67 1
60 68 4
61 68 4
62 69 1
63 70 6
63 71 3
64 72 4
64 73 2
65 74 3
66 75 3
67 76 6
67 77 1
67 78 4
68 79 2
69 80 6
69 81 5
70 82 7
71 83 4
72 84 1
73 85 4
74 86 2
74 87 4
75 88 5
76 89 3
77 90 7
78 91 5
78 92 1
79 93 6
80 94 7
81 95 7
82 96 2
82 97 5
83 98 3
84 99 6
85 100 3
86 101 5
87 102 1
88 103 2
89 104 5
90 105 3
91 106 7
92 107 4
93 108 4
94 109 7
95 110 3
96 111 1
97 111 7
98 111 3
99 112 6
100 112 6
101 112 5
102 113 1
103 113 2
104 113 1
105 114 6
106 114 5
107 115 4
108 116 2
109 117 6
110 118 1
111 119 7
111 120 5
112 121 3
112 122 6
113 123 1
114 124 6
114 125 7
115 126 3
115 127 5
116 128 4
117 129 1
117 130 6
117 131 2
118 132 1
118 133 1
119 134 1
120 134 3
121 135 7
122 136 6
123 136 2
124 137 2
125 137 4
126 137 4
127 138 7
128 138 6
129 138 5
130 139 3
131 140 7
132 140 7
133 140 1
134 141 5
134 142 3
134 143 1
135 144 4
135 145 4
135 146 7
136 147 6
136 148 2
137 149 4
138 150 5
139 151 5
139 152 1
139 153 1
140 154 2
140 155 1
141 156 4
142 157 7
143 158 2
144 159 3
145 160 2
146 160 7
147 161 7
148 162 2
149 162 5
150 163 6
151 164 2
152 165 3
153 165 6
154 165 6
155 166 3
156 167 4
157 168 5
158 169 1
159 170 4
160 171 1
161 171 3
162 171 6
163 172 7
164 173 6
165 174 3
166 174 5
167 175 5
167 176 5
167 177 5
168 178 2
169 179 3
170 180 5
171 181 2
172 182 7
173 183 6
174 184 5
175 185 4
176 185 6
177 186 3
178 187 3
179 188 2
180 189 2
181 190 7
182 191 7
183 192 3
184 193 7
185 194 5
186 194 3
187 194 4
188 195 3
189 196 2
190 197 4
191 198 3
192 199 2
193 199 5
194 200 3
195 200 2
196 200 7
197 200 2
198 200 4
199 200 5
