1 2 12
1 3 8
1 4 8
1 5 11
1 6 8
2 7 2
2 8 8
2 9 7
2 10 6
2 11 11
3 12 11
4 13 1
4 14 5
4 15 11
4 16 5
5 17 8
6 18 6
6 19 5
6 20 4
6 21 7
7 22 8
8 23 2
8 24 5
9 25 10
10 26 10
11 27 12
12 28 7
13 29 7
13 30 5
14 31 10
14 32 4
15 33 13
16 34 7
16 35 12
17 36 4
17 37 9
18 38 13
19 39 6
19 40 3
20 41 11
20 42 13
20 43 13
21 44 11
22 45 8
23 45 7
24 46 4
25 47 6
26 48 12
27 48 8
28 49 7
29 50 5
30 51 6
31 51 12
32 52 4
33 53 4
34 53 6
35 54 3
36 55 4
37 56 7
38 57 3
39 57 10
40 58 8
41 59 2
42 60 10
43 61 1
44 62 4
45 63 2
46 64 7
47 65 12
48 66 2
49 67 8
50 68 13
51 69 11
52 70 1
53 71 3
54 72 4
55 73 3
56 74 6
57 75 12
58 76 2
59 77 6
60 77 9
61 78 10
62 79 1
63 80 8
64 81 3
65 82 1
66 83 10
67 84 6
68 85 10
68 86 1
69 87 2
70 88 5
71 89 12
72 90 6
73 91 4
74 92 7
75 93 6
76 94 7
76 95 1
77 96 13
78 97 11
79 98 11
80 99 7
81 100 11
82 101 8
83 102 10
84 103 13
85 104 11
86 105 8
87 106 10
88 107 9
89 108 13
90 109 2
91 110 1
92 111 4
93 112 10
94 113 4
95 114 11
96 115 2
97 116 8
98 117 8
99 118 3
100 119 4
101 119 3
102 119 2
103 120 2
104 121 13
105 122 12
106 123 1
107 123 1
108 124 5
109 125 10
110 126 1
111 127 6
112 128 7
113 129 4
114 130 13
115 130 5
116 131 2
117 132 6
118 133 13
119 134 5
120 135 3
121 136 6
122 137 4
122 138 8
123 139 9
124 140 4
125 141 5
126 142 11
127 143 9
127 144 13
128 145 6
129 146 7
130 147 6
131 148 7
132 149 2
133 150 1
134 151 6
135 152 11
136 153 6
137 154 13
138 155 8
139 155 12
140 156 7
141 157 1
142 158 5
143 158 6
144 159 7
145 160 6
146 161 11
147 162 9
148 163 5
149 164 1
150 165 4
151 166 3
152 167 7
153 168 13
153 169 9
154 170 11
155 171 12
156 172 9
157 173 6
158 174 9
159 175 1
159 176 11
159 177 13
160 178 1
161 179 6
162 180 6
163 181 7
164 182 9
165 183 12
166 184 5
167 185 11
168 186 11
169 187 6
170 188 9
171 189 12
172 190 3
173 191 2
174 192 13
175 193 7
176 194 9
177 195 3
178 195 7
179 196 7
180 197 11
181 198 13
182 199 13
183 200 11
184 200 3
185 201 2
186 202 10
187 203 8
188 204 7
189 205 3
190 206 8
191 207 13
192 207 9
193 208 11
194 208 2
195 209 3
196 210 5
197 211 13
198 212 6
199 213 1
200 214 10
201 215 12
202 216 1
203 217 11
204 218 2
205 219 9
206 220 5
207 221 6
208 222 2
209 223 10
210 224 8
211 225 13
212 226 8
213 227 5
214 228 11
215 229 10
215 230 8
216 231 6
217 232 12
218 233 1
218 234 4
219 235 9
220 236 12
221 237 9
222 238 13
222 239 3
223 240 12
223 241 2
223 242 2
224 243 11
224 244 11
225 245 6
226 246 13
227 247 3
228 248 1
229 248 13
230 248 10
231 249 2
232 250 2
233 250 5
234 251 6
235 252 13
236 253 8
237 254 12
238 255 11
239 255 10
240 256 7
241 257 12
242 257 6
243 258 6
244 258 13
245 259 10
246 260 13
247 261 7
248 262 6
248 263 1
249 264 11
249 265 6
250 266 13
251 267 7
252 268 11
252 269 1
253 270 5
253 271 13
254 272 13
255 273 4
256 274 11
256 275 10
257 276 2
258 277 1
259 278 2
260 279 11
261 280 6
262 281 8
262 282 8
263 283 5
264 284 3
265 285 13
266 286 8
267 287 1
268 288 5
269 289 6
270 290 4
271 291 11
272 292 4
272 293 12
273 294 3
274 295 12
274 296 10
275 297 4
276 298 1
277 299 4
278 300 13
279 301 4
280 302 11
280 303 1
281 304 11
282 305 9
283 306 2
284 307 3
285 308 1
286 309 5
287 310 12
288 311 3
289 312 13
290 313 6
291 313 1
292 314 8
293 314 4
294 315 6
295 316 13
296 317 13
297 318 7
298 319 13
299 319 3
300 320 11
301 321 6
302 321 9
303 322 10
304 323 11
305 324 11
306 325 6
307 326 12
308 326 12
309 327 10
310 328 12
311 329 2
312 330 12
313 331 1
314 331 6
315 332 9
316 333 10
317 334 10
318 335 11
319 336 9
320 337 4
321 338 10
322 339 13
323 340 3
324 341 13
325 342 9
326 343 11
327 344 4
328 345 8
329 346 5
330 347 3
331 348 1
332 349 7
333 350 7
334 351 1
335 352 3
335 353 13
336 354 5
337 355 2
338 356 12
339 357 1
340 358 1
341 359 2
342 360 3
343 361 3
344 361 3
345 361 6
346 362 8
347 363 6
348 364 9
349 364 5
350 365 3
351 366 8
352 367 7
353 368 8
354 369 12
355 370 1
356 370 9
357 371 13
358 372 4
359 373 12
360 374 8
361 375 8
362 376 10
363 377 12
364 378 10
365 379 3
366 380 1
367 381 8
368 382 12
369 383 11
369 384 2
369 385 2
370 386 8
371 387 13
372 388 8
373 389 6
374 390 2
375 391 2
376 392 5
377 393 5
378 394 2
379 395 2
380 396 10
381 397 3
382 398 6
383 399 9
384 400 4
385 401 2
386 402 13
387 403 1
388 404 12
388 405 11
389 406 12
390 407 3
391 408 8
391 409 1
391 410 9
392 411 5
393 412 13
393 413 8
394 414 12
395 415 4
396 416 10
397 417 9
397 418 3
398 419 9
398 420 5
399 421 6
400 422 9
401 423 3
402 424 13
403 425 9
404 426 12
405 427 8
406 428 12
407 428 10
408 428 10
409 429 8
410 429 5
411 430 3
412 431 5
413 432 12
414 433 8
415 434 13
416 434 9
417 435 10
418 436 11
419 437 5
420 437 3
421 438 3
422 439 12
423 440 4
424 441 3
425 442 12
426 443 2
427 444 9
428 445 13
429 446 2
430 447 10
431 448 3
432 449 11
433 450 2
434 451 1
435 452 6
436 453 3
437 454 4
438 455 4
439 456 8
440 457 3
441 458 1
442 458 3
443 459 1
444 460 11
445 461 4
445 462 7
446 463 6
447 464 8
448 465 4
449 466 10
450 467 7
451 468 12
452 469 8
453 470 7
454 471 10
454 472 12
455 473 12
456 474 13
457 475 10
458 476 11
459 477 12
460 478 10
461 479 11
462 480 7
463 480 13
464 481 8
465 482 7
466 482 1
467 483 6
468 484 4
469 485 10
470 486 12
471 487 9
472 488 12
473 489 9
474 490 5
475 491 3
476 492 6
477 493 5
477 494 6
478 495 6
479 496 10
479 497 13
480 498 9
480 499 10
481 500 5
481 501 13
482 502 9
483 503 10
484 504 11
484 505 4
485 506 7
486 507 4
487 508 7
488 509 4
489 510 11
490 511 7
490 512 4
491 513 5
491 514 5
492 515 7
493 516 10
494 517 10
495 517 10
496 518 12
497 518 8
498 519 8
499 519 11
500 519 13
501 520 11
502 520 3
503 521 9
504 522 6
505 523 13
506 524 9
507 524 4
508 525 12
509 525 4
510 526 12
511 527 4
512 527 10
513 527 13
514 528 1
515 529 2
516 530 6
517 531 9
518 532 8
519 533 9
520 534 8
521 535 9
522 536 2
523 537 1
524 538 5
525 539 2
526 540 12
527 541 13
528 542 2
529 543 13
530 544 5
531 545 12
532 546 7
533 547 9
534 548 3
535 549 10
535 550 1
536 551 3
536 552 13
537 553 7
538 554 7
539 555 6
539 556 12
540 557 13
541 558 6
542 559 5
542 560 1
542 561 6
543 562 12
544 563 5
545 564 1
545 565 7
546 566 8
547 567 5
547 568 12
548 569 12
549 570 9
550 571 6
551 572 6
552 573 2
553 574 3
553 575 4
554 576 10
555 577 13
556 578 1
557 579 7
558 580 10
559 581 8
560 582 8
561 583 12
562 584 2
563 585 10
564 585 3
565 586 5
566 587 1
567 587 5
568 588 8
569 588 10
570 589 1
571 590 2
572 591 7
573 592 11
574 593 10
575 594 8
576 594 9
577 595 6
578 596 3
579 597 12
580 598 11
581 598 6
582 598 12
583 599 12
584 599 3
585 600 13
586 600 5
587 600 1
588 600 5
589 600 3
590 600 7
591 600 13
592 600 13
593 600 7
594 600 11
595 600 11
596 600 4
597 600 2
598 600 5
599 600 13
