1 2 1
1 3 1
1 4 1
1 5 1
1 6 1
2 7 1
2 8 1
3 9 1
3 10 1
3 11 1
4 12 1
4 13 1
4 14 1
4 15 1
5 16 1
5 17 1
5 18 1
5 19 1
5 20 1
6 21 1
6 22 1
7 23 1
8 24 1
9 25 1
10 25 1
11 26 1
12 27 1
13 28 1
14 29 1
15 30 1
16 31 1
17 32 1
18 33 1
19 34 1
20 35 1
21 35 1
22 36 1
23 37 1
24 38 1
25 39 1
26 40 1
27 41 1
28 42 1
29 43 1
30 44 1
31 45 1
31 46 1
32 47 1
33 48 1
33 49 1
33 50 1
34 51 1
34 52 1
34 53 1
34 54 1
34 55 1
35 56 1
36 57 1
37 58 1
38 59 1
39 60 1
40 61 1
41 62 1
42 63 1
43 64 1
44 65 1
45 66 1
46 67 1
47 68 1
48 69 1
49 70 1
50 71 1
51 72 1
51 73 1
52 74 1
53 75 1
54 76 1
55 77 1
55 78 1
56 79 1
57 80 1
57 81 1
58 82 1
59 83 1
60 84 1
61 85 1
62 86 1
63 86 1
64 86 1
65 87 1
66 88 1
67 88 1
68 89 1
69 90 1
70 90 1
71 91 1
72 92 1
73 93 1
74 93 1
75 93 1
76 94 1
77 95 1
78 96 1
79 97 1
80 97 1
81 98 1
82 99 1
83 100 1
84 101 1
85 102 1
86 103 1
87 104 1
88 105 1
89 106 1
90 107 1
90 108 1
91 109 1
92 110 1
93 111 1
94 112 1
95 113 1
95 114 1
96 115 1
97 116 1
98 117 1
99 118 1
100 119 1
101 120 1
101 121 1
102 122 1
102 123 1
103 124 1
104 125 1
105 126 1
106 127 1
107 128 1
108 129 1
109 130 1
110 131 1
111 132 1
111 133 1
112 134 1
113 135 1
114 136 1
115 137 1
115 138 1
116 139 1
117 140 1
118 141 1
119 141 1
120 142 1
121 143 1
122 143 1
123 144 1
124 145 1
125 146 1
126 147 1
127 148 1
128 149 1
129 150 1
130 151 1
131 152 1
132 153 1
133 154 1
134 155 1
135 155 1
136 156 1
137 157 1
138 157 1
139 158 1
140 159 1
141 160 1
142 161 1
143 162 1
144 163 1
144 164 1
145 165 1
146 166 1
147 167 1
148 168 1
149 169 1
150 170 1
151 171 1
152 172 1
153 173 1
154 174 1
155 175 1
156 176 1
156 177 1
157 178 1
158 179 1
159 180 1
160 181 1
161 182 1
162 183 1
163 183 1
164 183 1
165 184 1
166 185 1
167 186 1
168 187 1
169 188 1
170 189 1
171 189 1
172 189 1
173 190 1
174 191 1
175 191 1
176 192 1
177 193 1
178 193 1
179 194 1
180 195 1
181 196 1
182 197 1
183 198 1
184 199 1
185 199 1
186 200 1
187 201 1
188 202 1
189 203 1
190 204 1
191 204 1
192 205 1
193 206 1
194 207 1
195 207 1
196 208 1
196 209 1
196 210 1
196 211 1
197 212 1
197 213 1
198 214 1
199 215 1
199 216 1
199 217 1
200 218 1
201 219 1
201 220 1
202 221 1
202 222 1
203 223 1
203 224 1
204 225 1
204 226 1
205 227 1
205 228 1
205 229 1
206 230 1
207 231 1
208 232 1
209 233 1
210 234 1
211 235 1
212 236 1
213 236 1
214 237 1
215 238 1
216 239 1
217 240 1
218 240 1
219 241 1
220 242 1
221 242 1
222 243 1
223 244 1
224 245 1
225 246 1
226 247 1
227 248 1
228 249 1
229 250 1
230 251 1
231 251 1
232 252 1
233 253 1
234 253 1
235 254 1
236 254 1
237 255 1
238 255 1
239 256 1
240 257 1
241 257 1
242 258 1
243 258 1
244 259 1
245 259 1
246 260 1
247 261 1
248 262 1
249 263 1
250 263 1
251 264 1
252 265 1
252 266 1
253 267 1
254 268 1
255 269 1
255 270 1
256 271 1
257 272 1
257 273 1
258 274 1
259 275 1
260 276 1
260 277 1
260 278 1
260 279 1
261 280 1
262 281 1
263 282 1
263 283 1
264 284 1
265 285 1
265 286 1
266 287 1
266 288 1
267 289 1
268 290 1
269 291 1
269 292 1
269 293 1
270 294 1
271 295 1
272 296 1
273 297 1
274 298 1
275 299 1
276 300 1
277 301 1
278 302 1
279 303 1
280 304 1
281 305 1
282 306 1
283 307 1
284 308 1
285 309 1
286 309 1
287 310 1
288 310 1
289 311 1
290 312 1
291 313 1
292 314 1
293 314 1
294 315 1
295 315 1
296 315 1
297 316 1
298 317 1
299 318 1
300 319 1
301 319 1
302 320 1
303 320 1
304 320 1
305 321 1
306 321 1
307 322 1
308 322 1
309 323 1
310 324 1
311 325 1
312 326 1
313 327 1
314 328 1
315 329 1
316 330 1
317 331 1
317 332 1
318 333 1
319 334 1
320 335 1
321 336 1
322 337 1
323 338 1
324 339 1
325 340 1
326 341 1
327 342 1
328 343 1
329 344 1
330 345 1
331 346 1
332 347 1
333 348 1
334 349 1
334 350 1
335 351 1
336 352 1
337 353 1
338 354 1
339 355 1
340 356 1
341 357 1
342 358 1
343 359 1
344 360 1
345 361 1
346 362 1
347 363 1
348 364 1
349 365 1
350 366 1
351 366 1
352 367 1
353 368 1
354 369 1
354 370 1
355 371 1
355 372 1
355 373 1
356 374 1
356 375 1
356 376 1
356 377 1
356 378 1
357 379 1
357 380 1
357 381 1
358 382 1
358 383 1
359 384 1
360 385 1
360 386 1
360 387 1
360 388 1
361 389 1
361 390 1
362 391 1
362 392 1
362 393 1
363 394 1
363 395 1
363 396 1
363 397 1
363 398 1
364 399 1
364 400 1
364 401 1
365 402 1
365 403 1
365 404 1
365 405 1
366 406 1
366 407 1
367 408 1
368 409 1
368 410 1
368 411 1
369 412 1
370 412 1
371 412 1
372 413 1
373 414 1
374 414 1
375 414 1
376 414 1
377 415 1
378 415 1
379 416 1
380 417 1
381 417 1
382 418 1
383 418 1
384 418 1
385 419 1
386 420 1
387 420 1
388 421 1
389 421 1
390 422 1
391 423 1
392 423 1
393 424 1
394 424 1
395 424 1
396 425 1
397 425 1
398 426 1
399 427 1
400 427 1
401 427 1
402 428 1
403 428 1
404 429 1
405 429 1
406 429 1
407 429 1
408 429 1
409 430 1
410 431 1
411 432 1
412 433 1
413 434 1
414 435 1
415 436 1
416 437 1
416 438 1
417 439 1
418 440 1
419 441 1
420 442 1
421 443 1
422 444 1
423 445 1
424 446 1
425 447 1
426 448 1
427 449 1
428 450 1
429 451 1
430 452 1
430 453 1
430 454 1
431 455 1
432 456 1
433 457 1
434 458 1
435 459 1
436 460 1
437 460 1
438 460 1
439 461 1
440 462 1
441 463 1
442 464 1
443 465 1
444 465 1
445 466 1
446 467 1
447 468 1
448 469 1
449 469 1
450 470 1
451 471 1
452 472 1
453 473 1
454 474 1
455 475 1
456 476 1
457 477 1
458 478 1
459 479 1
460 479 1
461 480 1
462 480 1
463 481 1
464 482 1
465 483 1
466 484 1
467 485 1
468 486 1
469 487 1
470 487 1
471 488 1
472 488 1
473 489 1
474 490 1
475 491 1
476 492 1
477 493 1
477 494 1
478 495 1
479 496 1
480 497 1
480 498 1
481 499 1
482 500 1
483 501 1
483 502 1
484 503 1
485 504 1
485 505 1
486 506 1
487 507 1
488 508 1
488 509 1
489 510 1
490 511 1
490 512 1
491 513 1
491 514 1
492 515 1
493 516 1
494 516 1
495 516 1
496 517 1
497 518 1
498 518 1
499 518 1
500 519 1
501 519 1
502 520 1
503 521 1
504 522 1
505 522 1
506 523 1
507 524 1
508 525 1
509 526 1
510 527 1
511 528 1
512 528 1
513 529 1
514 530 1
515 531 1
516 532 1
517 533 1
518 534 1
519 535 1
520 536 1
521 537 1
522 538 1
523 539 1
524 540 1
525 541 1
526 542 1
527 543 1
528 544 1
529 545 1
530 546 1
531 547 1
532 548 1
533 549 1
533 550 1
534 551 1
535 552 1
536 553 1
537 554 1
538 555 1
539 556 1
540 557 1
540 558 1
541 559 1
542 560 1
543 561 1
544 562 1
545 563 1
546 564 1
547 565 1
548 566 1
549 567 1
550 568 1
551 569 1
552 570 1
553 571 1
554 572 1
555 573 1
556 574 1
557 575 1
558 576 1
559 577 1
560 578 1
561 579 1
562 580 1
563 581 1
564 582 1
565 583 1
565 584 1
566 585 1
567 586 1
568 587 1
569 588 1
570 589 1
571 590 1
572 591 1
573 592 1
574 593 1
575 594 1
576 595 1
577 596 1
578 597 1
579 598 1
580 599 1
581 600 1
582 601 1
582 602 1
583 603 1
584 604 1
585 605 1
586 606 1
587 607 1
588 608 1
589 609 1
590 609 1
591 610 1
592 611 1
593 612 1
594 613 1
595 613 1
596 614 1
597 615 1
598 616 1
599 616 1
600 617 1
601 618 1
602 618 1
603 618 1
604 619 1
605 620 1
605 621 1
606 622 1
607 623 1
608 624 1
608 625 1
609 626 1
610 627 1
610 628 1
611 629 1
612 630 1
613 631 1
614 632 1
615 633 1
615 634 1
616 635 1
617 636 1
618 637 1
619 638 1
619 639 1
620 640 1
621 640 1
622 641 1
623 642 1
624 642 1
625 643 1
626 644 1
627 645 1
628 646 1
629 647 1
630 648 1
631 649 1
632 650 1
633 651 1
634 652 1
635 652 1
636 652 1
637 653 1
638 654 1
639 655 1
640 656 1
641 656 1
642 657 1
643 657 1
644 657 1
645 658 1
646 658 1
647 659 1
648 660 1
649 661 1
650 662 1
651 662 1
652 663 1
653 664 1
654 665 1
655 666 1
656 667 1
656 668 1
657 669 1
657 670 1
658 671 1
659 672 1
659 673 1
660 674 1
660 675 1
660 676 1
661 677 1
662 678 1
662 679 1
663 680 1
664 681 1
664 682 1
664 683 1
665 684 1
666 685 1
667 686 1
668 687 1
669 687 1
670 688 1
671 689 1
672 690 1
673 691 1
674 692 1
675 693 1
676 694 1
677 695 1
678 696 1
679 696 1
680 697 1
681 698 1
682 698 1
683 699 1
684 699 1
685 700 1
686 701 1
687 702 1
688 702 1
689 703 1
690 704 1
691 704 1
692 705 1
693 706 1
694 706 1
695 707 1
696 708 1
697 709 1
698 710 1
699 710 1
700 711 1
701 712 1
702 713 1
702 714 1
702 715 1
703 716 1
703 717 1
704 718 1
704 719 1
704 720 1
705 721 1
706 722 1
706 723 1
706 724 1
707 725 1
707 726 1
708 727 1
708 728 1
709 729 1
710 730 1
710 731 1
710 732 1
711 733 1
712 734 1
713 735 1
714 736 1
715 737 1
716 738 1
717 739 1
718 740 1
719 741 1
720 742 1
721 743 1
722 744 1
723 745 1
724 746 1
725 747 1
726 747 1
727 748 1
728 749 1
729 750 1
730 751 1
731 752 1
732 753 1
733 754 1
734 755 1
734 756 1
735 757 1
736 758 1
737 759 1
738 760 1
738 761 1
739 762 1
740 763 1
741 764 1
741 765 1
742 766 1
743 767 1
743 768 1
744 769 1
745 770 1
745 771 1
746 772 1
747 773 1
747 774 1
748 775 1
749 776 1
749 777 1
750 778 1
750 779 1
751 780 1
751 781 1
752 782 1
753 783 1
754 784 1
754 785 1
755 786 1
756 786 1
757 787 1
758 787 1
759 788 1
760 788 1
761 789 1
762 790 1
763 790 1
764 790 1
765 791 1
766 792 1
767 792 1
768 792 1
769 792 1
770 792 1
771 793 1
772 793 1
773 793 1
774 794 1
775 794 1
776 795 1
777 795 1
778 796 1
779 796 1
780 797 1
781 797 1
782 797 1
783 798 1
784 798 1
785 799 1
786 800 1
787 800 1
788 800 1
789 800 1
790 800 1
791 800 1
792 800 1
793 800 1
794 800 1
795 800 1
796 800 1
797 800 1
798 800 1
799 800 1
