13 13 8 18 15 17 23 10 10 19 11 10 17 13 16 17 8 12 11 15 19 10 9 21 21 17 13 23 16 20 8 15
23 10 19 18 16 19 12 13 21 23 8 10 14 23 22 10 20 22 15 22 23 21 22 12 12 17 8 10 20 22 20 8
17 17 14 15 7 13 18 12 17 9 7 12 14 15 15 16 6 8 10 8 6 7 15 10 8 18 12 13 8 18 6 9
5 12 10 12 6 11 5 12 9 5 6 10 10 12 5 4 4 5 8 12 10 6 10 11 12 11 5 5 5 12 5 8
2 6 3 5 4 4 6 6 6 6 2 2 4 5 6 4 4 5 3 6 2 5 5 4 5 2 2 5 4 4 5 2
9 20 22 14 23 16 20 25 18 14 9 9 10 15 20 20 18 19 19 10 26 11 19 20 13 22 26 24 26 10 21 16
9 9 9 12 4 8 5 12 10 4 7 12 5 4 10 8 6 11 11 4 6 9 11 11 7 5 8 10 4 9 5 12
4 5 4 9 8 12 5 9 6 4 7 10 8 5 4 6 5 5 7 4 9 9 4 10 7 6 4 10 8 6 5 11
2 5 3 4 4 2 3 4 4 2 4 2 2 6 6 5 3 3 5 3 5 5 6 4 6 5 3 4 3 2 5 5
4 2 3 2 3 4 4 2 3 4 4 4 4 5 4 2 5 2 5 3 2 3 5 4 4 2 2 5 3 4 2 4
25 22 22 10 11 13 20 26 25 9 13 22 21 25 21 18 19 11 26 12 12 14 22 20 16 22 9 25 19 17 25 9
5 11 8 6 14 5 12 12 8 7 11 14 15 6 11 10 11 5 10 8 12 7 5 14 11 13 5 8 7 7 10 13
8 7 9 9 6 8 4 8 3 6 4 5 8 4 8 9 7 4 6 9 5 3 9 9 3 6 3 3 3 9 4 8
11 10 8 19 13 9 12 23 16 16 14 15 21 19 22 14 10 10 9 8 16 11 21 9 23 23 14 9 8 23 17 23
8 18 7 8 16 8 13 16 13 9 10 11 12 11 12 10 17 9 9 12 9 11 6 16 7 18 15 6 13 14 14 7
5 8 12 10 12 12 13 5 10 9 8 13 6 8 5 7 9 13 11 5 9 13 13 11 11 10 12 14 5 11 6 7
13 13 13 10 15 14 15 12 7 14 13 7 8 7 9 15 11 15 16 14 8 14 18 13 15 9 6 13 10 8 8 8
12 10 21 17 13 23 17 17 22 12 12 15 15 13 12 11 23 10 14 10 24 19 23 9 23 21 24 16 11 8 24 10
7 16 11 9 8 10 9 7 9 12 13 14 14 12 11 12 16 7 14 12 11 8 10 8 9 13 11 17 10 14 17 18
4 5 5 3 3 2 5 2 5 5 4 5 5 5 3 4 3 3 2 2 2 2 5 4 4 2 2 4 5 3 2 3
20 16 20 13 19 7 18 15 18 15 18 11 20 7 8 12 12 10 14 19 15 11 15 11 15 13 15 15 15 20 19 12
2 5 4 4 5 3 4 2 3 5 3 5 3 5 5 4 6 2 2 3 6 5 5 2 2 2 6 5 6 4 3 6
8 11 6 15 13 7 16 10 14 7 10 7 16 11 11 6 13 17 8 12 17 8 10 13 8 8 15 9 12 7 7 6
9 7 9 14 8 14 13 6 9 5 13 7 5 11 6 12 5 11 10 13 5 8 14 14 13 6 6 11 13 9 12 14
18 11 6 9 11 17 15 18 10 18 6 16 12 8 10 16 15 13 13 11 16 11 6 18 12 7 18 6 11 13 12 10
5 5 6 11 11 10 10 5 6 8 6 10 8 10 9 10 10 11 5 10 10 6 11 7 4 8 7 4 10 8 9 6
22 15 20 20 13 9 16 9 15 16 17 22 15 8 18 8 22 15 16 12 20 11 20 13 23 9 20 15 13 14 17 8
3 4 2 2 2 4 3 5 5 4 2 2 4 5 2 2 5 3 4 4 3 3 5 3 2 2 3 3 4 3 4 2
10 11 15 7 8 8 13 8 16 12 15 16 17 17 6 16 6 12 11 14 15 10 17 10 16 12 7 16 8 14 9 13
1 2 1 1 1 1 1 2 1 2 1 1 1 2 1 1 1 1 2 1 1 1 1 1 1 2 2 2 1 2 1 1
22 16 17 14 17 13 11 21 10 15 18 23 23 11 13 18 22 12 10 22 12 9 21 8 16 10 21 12 22 15 20 12
19 15 17 15 19 15 20 17 15 20 9 11 8 14 13 15 18 11 15 10 11 7 19 17 18 15 14 8 9 14 11 9
21 20 15 7 21 15 14 8 10 17 21 21 8 18 14 12 13 14 18 14 12 12 13 15 17 21 10 15 14 10 17 12
10 11 12 11 18 7 11 8 13 12 20 12 12 14 13 12 17 16 13 8 20 19 13 16 16 8 17 7 12 15 10 16
16 7 8 18 20 14 12 8 11 21 17 10 11 14 13 11 8 17 7 13 21 17 12 7 13 18 10 18 18 7 10 14
10 18 17 10 9 17 18 15 11 10 14 13 15 14 8 8 11 19 16 16 13 14 11 13 16 19 15 15 15 17 11 18
4 2 2 3 3 2 3 3 2 3 4 5 3 3 2 4 5 5 5 3 4 5 4 4 5 4 3 4 2 3 3 3
11 15 8 10 7 15 14 14 5 10 5 10 6 10 14 5 14 10 7 14 8 5 5 5 10 14 14 5 10 11 8 7
14 11 10 7 15 14 10 7 9 9 14 17 6 16 16 6 13 6 14 14 7 13 6 12 9 14 16 16 13 10 12 8
9 21 17 19 17 23 26 25 13 12 9 15 9 16 15 12 18 18 15 25 15 16 17 14 21 16 10 22 22 17 25 14
6 5 2 4 6 2 6 4 2 5 3 4 2 5 3 3 3 3 6 3 2 2 3 2 4 4 6 4 3 3 6 3
11 6 7 14 13 9 12 11 9 14 6 9 15 8 5 10 5 13 5 13 8 11 7 10 14 9 5 5 14 13 13 14
2 2 1 2 1 1 2 1 2 1 2 2 2 2 2 1 1 1 2 1 1 2 2 2 2 1 1 1 2 2 1 2
22 22 24 22 20 15 17 10 14 11 14 16 14 19 17 18 13 10 23 20 21 17 22 11 14 22 14 19 22 9 10 10
9 13 12 6 10 13 13 13 10 14 14 12 7 13 8 6 13 13 12 7 11 6 12 10 12 14 9 11 8 14 13 9
17 7 13 11 9 6 18 8 6 14 11 17 17 8 6 15 10 13 10 11 15 16 6 11 7 15 16 11 13 7 7 15
9 13 5 10 10 9 6 9 5 12 8 6 5 8 13 8 13 6 10 7 13 9 8 12 11 8 10 9 12 12 13 6
2 2 1 1 1 1 1 2 1 2 1 2 1 2 2 1 2 1 1 2 1 2 1 2 1 2 2 2 1 1 1 1
17 13 12 14 11 18 11 18 18 14 8 8 13 7 7 10 14 9 14 12 13 7 8 16 14 18 8 6 16 15 13 8
8 6 5 6 4 7 8 3 4 3 6 5 4 5 6 7 7 3 3 4 8 5 9 7 3 8 9 5 5 7 8 5
17 10 18 20 24 21 15 27 22 9 24 26 25 26 24 11 9 20 25 24 14 9 26 18 12 16 10 23 11 22 17 16
2 2 2 1 2 2 2 3 1 2 3 1 2 1 1 3 3 1 1 3 2 3 3 1 2 2 2 1 3 2 3 3
9 14 27 9 11 24 9 14 18 26 15 17 19 18 23 12 19 25 26 17 19 9 11 25 21 25 13 19 21 21 10 21
10 11 10 7 6 5 11 6 6 12 11 12 11 6 13 14 5 14 14 13 9 9 9 14 5 5 13 9 11 9 8 11
5 8 5 7 4 8 8 8 8 3 5 8 8 6 6 6 5 5 5 5 7 8 5 3 6 8 5 6 3 4 6 4
3 3 3 2 1 2 3 3 3 2 1 1 3 2 3 2 1 2 2 1 3 2 3 3 1 3 3 3 3 2 1 2
6 6 3 9 3 7 8 6 4 4 4 3 4 3 6 7 4 8 9 3 7 6 3 7 4 9 5 9 9 9 6 9
16 10 11 20 20 16 22 8 18 12 12 14 9 19 13 20 10 18 17 9 19 15 12 18 17 8 8 11 8 14 15 19
2 2 3 2 3 3 2 1 1 1 3 2 3 2 3 2 2 1 3 3 2 2 2 1 3 2 3 3 1 1 2 2
5 8 9 8 13 11 9 6 8 8 12 11 8 6 13 12 15 14 12 6 11 14 15 13 6 6 13 9 10 13 10 15
22 12 20 9 27 10 24 27 26 14 17 21 22 25 11 20 26 9 17 25 18 21 15 21 26 14 23 15 9 23 16 25
14 14 14 12 14 12 8 10 8 14 10 11 13 13 12 7 5 15 10 8 15 13 7 10 6 13 7 10 14 5 9 13
8 17 10 19 15 11 14 16 10 10 8 21 8 22 19 14 21 19 17 14 13 13 8 18 11 14 15 22 18 22 18 15
23 16 25 11 21 26 26 26 9 14 12 17 19 22 20 22 10 9 18 9 12 13 12 9 21 26 15 22 9 20 21 27
14 14 10 6 10 7 7 7 10 9 13 14 13 8 6 7 14 10 10 12 13 11 12 14 12 10 14 11 14 9 7 6
1 2 1 2 1 1 2 2 1 1 2 2 2 2 2 2 1 2 2 1 1 1 1 1 2 2 1 1 1 2 2 1
5 3 5 3 7 6 4 4 3 8 6 3 6 7 8 4 6 8 8 6 3 6 6 4 8 6 7 3 4 3 6 5
1 2 1 1 2 3 3 2 1 2 1 2 2 3 2 3 2 3 3 2 3 3 2 3 3 3 2 2 1 1 3 3
7 19 16 20 16 8 12 10 14 20 16 17 15 8 14 20 11 17 13 13 17 11 21 16 12 10 8 15 17 10 9 7
10 14 16 14 17 20 19 21 18 12 14 15 21 15 16 14 21 16 10 12 23 15 18 19 16 20 17 16 12 18 13 17
22 18 20 18 12 17 26 20 21 11 20 14 16 24 20 25 16 15 12 26 14 24 26 17 17 16 14 22 12 26 20 25
1 1 1 1 1 1 2 2 1 2 2 2 1 1 2 1 1 2 2 2 1 1 2 2 1 1 2 2 2 1 2 2
9 20 23 10 23 12 20 10 24 19 21 18 10 26 15 22 21 11 11 19 14 18 12 23 24 13 14 21 17 20 24 9
9 17 7 9 8 13 10 20 15 20 10 13 11 19 17 10 11 7 14 10 12 11 9 15 19 14 20 17 17 16 9 10
8 6 11 11 8 5 10 5 8 5 5 7 4 9 7 10 10 11 5 10 8 4 7 9 10 8 6 5 11 9 9 4
10 11 15 15 11 8 10 9 10 10 17 6 9 10 17 8 14 16 9 16 15 13 11 13 14 16 16 9 7 13 15 14
4 3 3 5 5 5 2 5 2 4 3 2 3 2 4 4 2 2 3 5 3 4 5 5 4 4 3 5 4 5 2 5
8 7 8 9 7 4 6 6 10 4 10 5 8 9 9 10 5 11 6 4 10 8 6 6 10 11 4 8 5 11 10 4
9 18 19 9 9 23 16 9 15 23 13 8 15 17 16 18 14 9 12 17 16 11 21 23 12 18 23 22 9 16 14 14
26 15 10 14 20 27 11 24 20 24 14 10 14 24 14 24 11 15 26 19 13 15 11 10 25 19 22 16 24 13 25 17
23 13 10 11 23 8 20 17 16 24 24 23 24 10 17 8 18 9 24 9 9 11 11 24 16 9 22 24 13 12 16 23
15 17 18 9 9 9 13 15 12 19 12 14 15 7 19 18 12 17 10 12 16 11 15 15 14 9 15 19 8 20 15 16
9 10 9 5 5 6 11 9 6 8 11 4 9 9 7 9 11 6 4 5 9 8 9 5 11 4 6 11 10 6 7 5
14 16 14 16 12 9 13 17 8 15 14 20 9 7 20 18 12 14 20 12 14 12 10 8 16 18 20 14 17 15 7 11
3 6 6 3 6 3 3 6 6 4 5 6 6 3 3 6 2 6 5 3 5 2 3 3 5 3 5 6 5 6 4 3
25 12 26 19 19 10 16 19 10 9 17 22 9 11 24 12 9 18 16 14 19 10 21 10 9 18 25 22 10 19 22 19
10 8 18 8 6 7 16 6 8 10 11 8 16 6 16 17 10 12 12 18 16 8 16 14 7 9 17 8 12 15 15 14
17 21 15 14 14 20 24 19 12 19 21 19 19 22 17 10 10 21 15 26 10 13 26 27 27 16 9 20 14 10 16 21
4 3 8 4 3 3 3 8 5 5 7 4 8 8 3 7 8 5 8 5 8 7 8 5 8 3 5 3 5 4 7 7
9 11 16 18 9 12 8 10 18 12 15 15 10 14 7 18 12 12 16 17 14 7 9 7 13 14 12 12 8 15 14 10
7 14 11 18 13 19 19 8 19 11 12 13 10 19 7 10 18 15 10 12 7 20 13 7 11 12 14 20 10 17 16 18
11 6 10 6 9 9 4 10 7 4 10 7 7 7 11 9 6 9 4 5 9 9 6 6 10 5 6 11 11 11 5 4
9 14 15 14 15 8 12 10 11 9 13 7 9 12 9 16 10 10 12 9 7 15 12 6 9 11 14 10 7 14 13 9
13 16 9 11 16 13 10 16 10 16 7 14 20 20 13 7 20 14 13 13 10 11 11 17 8 13 10 9 15 12 13 9
6 3 6 6 6 5 6 5 5 6 7 3 6 6 3 6 6 7 4 4 6 4 5 8 3 3 3 5 5 4 6 6
2 1 2 1 2 1 2 1 2 2 2 2 2 1 2 1 1 1 2 2 1 2 1 1 2 2 2 2 2 2 2 2
4 4 6 4 5 10 10 12 8 12 10 12 12 4 5 10 6 7 6 11 5 6 4 11 7 7 6 7 5 4 10 5
13 16 22 10 12 15 17 24 23 24 24 15 14 17 13 18 11 19 11 8 21 20 20 20 11 17 10 14 20 21 11 12
14 9 11 20 13 12 14 9 23 17 14 13 23 21 8 12 12 20 16 15 18 11 11 22 21 20 10 23 12 18 10 20
8 13 12 14 8 11 15 12 10 12 15 8 12 13 8 12 13 12 9 16 9 13 10 16 13 11 6 13 14 6 12 6
21 13 8 12 17 21 15 10 21 9 17 15 11 15 20 8 9 17 9 9 10 7 7 14 8 16 21 13 8 14 9 21
12 21 7 7 17 13 19 9 7 21 17 9 13 9 7 14 16 18 7 11 18 21 21 15 19 15 10 10 15 19 19 10
16 18 18 11 17 16 18 15 16 7 7 8 9 8 8 9 11 11 9 7 16 13 12 15 13 8 18 13 10 18 7 12
2 1 1 2 2 1 2 1 1 1 2 2 1 1 1 2 1 2 1 2 2 1 2 1 1 1 1 2 2 1 1 1
11 19 13 13 13 24 11 22 9 17 23 20 18 14 22 13 19 23 14 9 24 11 8 19 22 10 14 21 16 18 10 23
21 12 22 9 22 20 11 19 19 21 21 23 12 13 19 15 18 17 19 8 12 19 20 11 11 9 21 23 14 12 9 8
20 15 23 24 10 15 21 23 17 10 24 11 23 17 15 26 18 17 11 16 22 20 22 11 20 18 11 17 25 21 21 15
9 11 5 8 6 4 6 8 9 6 9 10 10 4 6 11 10 8 11 7 10 5 8 6 9 11 6 9 6 4 9 5
11 15 17 12 11 13 7 10 9 11 14 17 16 13 9 11 13 12 7 11 9 15 17 12 14 9 8 10 6 10 12 8
18 11 18 12 18 13 17 12 10 7 17 13 14 15 17 11 20 15 11 15 15 14 18 12 7 12 9 16 7 18 14 10
2 2 5 2 4 3 5 4 2 3 5 3 5 4 4 4 4 3 5 3 4 3 3 5 5 4 4 4 4 2 2 5
11 5 5 11 4 5 6 8 4 11 7 8 8 6 8 10 5 11 7 4 8 7 9 5 9 9 9 4 10 8 4 7
9 5 8 8 3 4 6 5 9 8 4 5 6 9 5 5 7 6 4 7 5 7 6 6 9 3 4 7 5 8 4 8
3 1 1 1 2 1 1 3 1 3 2 1 3 1 3 3 3 2 2 2 3 1 2 2 2 1 3 1 2 2 1 2
10 5 9 7 10 9 6 11 6 6 9 8 7 11 4 10 5 10 9 8 6 4 9 11 7 7 9 10 10 9 10 6
12 13 13 10 7 11 7 13 14 13 5 9 14 13 12 10 12 9 14 6 5 6 9 8 10 10 8 9 10 13 14 8
5 5 10 8 8 10 10 8 11 8 6 7 6 8 8 11 5 6 4 4 7 6 5 8 8 4 5 6 9 6 9 10
5 11 4 10 9 10 9 5 6 11 11 4 7 11 7 4 4 5 5 7 7 9 7 8 10 6 4 7 10 4 10 10
1 2 1 1 2 1 1 2 2 1 1 2 1 1 2 1 2 1 2 2 1 1 2 2 2 1 1 2 2 1 2 2
5 4 5 8 6 8 5 8 4 7 6 6 4 5 5 4 9 6 3 3 3 9 3 6 4 9 7 8 8 8 6 4
19 20 12 20 14 16 15 10 10 9 13 18 18 19 13 17 9 17 13 8 17 17 19 18 21 12 7 8 16 21 11 7
5 2 4 4 5 2 2 5 4 4 3 6 4 3 2 6 5 6 6 3 2 5 5 5 2 3 6 3 3 4 6 4
6 4 7 4 6 7 6 5 9 6 11 11 4 9 5 4 6 6 11 4 7 5 8 6 4 8 8 5 4 11 9 10
10 26 24 14 13 22 14 25 14 16 22 26 18 14 13 9 13 11 26 22 18 19 17 26 16 12 12 26 16 17 17 11
15 14 21 13 20 17 8 8 21 15 7 8 15 18 7 21 10 7 13 13 16 11 7 9 9 21 16 21 9 16 14 18
21 16 17 23 18 21 23 26 25 9 24 15 13 21 16 25 14 20 25 26 13 22 23 14 11 12 11 10 11 15 17 19
9 7 9 12 6 4 7 9 7 4 9 10 5 5 11 4 11 4 8 12 7 12 4 10 9 9 5 4 7 6 4 4
1 3 3 2 2 2 2 3 1 3 3 1 2 3 3 3 1 2 1 3 1 3 3 1 1 1 1 3 3 2 2 2
17 14 6 13 7 6 10 8 9 10 17 16 11 9 10 14 15 7 10 7 11 9 10 8 15 16 12 7 8 7 12 7
12 14 18 15 8 11 22 17 13 17 10 20 17 16 21 17 21 21 23 9 17 16 11 15 11 13 16 8 16 17 10 16
1 1 1 2 1 2 1 1 1 1 1 1 1 2 1 2 2 1 2 1 2 1 1 1 2 1 1 2 2 2 2 2
5 11 8 7 12 7 4 10 12 11 11 5 8 7 4 8 8 4 8 7 6 5 6 6 4 6 12 6 6 5 12 11
2 2 2 1 2 1 3 2 3 1 1 1 2 3 3 3 3 3 3 1 3 2 1 1 3 3 2 3 3 2 2 1
5 2 5 2 6 5 5 2 6 5 4 2 5 2 4 2 6 2 5 5 6 3 3 4 5 5 3 6 2 2 4 5
10 10 9 9 9 9 12 6 11 16 17 11 15 11 12 8 9 14 14 17 10 12 8 7 14 10 13 9 14 9 6 7
9 16 13 14 10 16 15 10 20 18 18 11 13 17 19 15 20 20 13 14 10 15 11 9 8 12 10 15 13 19 11 8
7 11 5 4 8 4 11 7 10 6 4 5 9 11 4 5 9 4 8 5 6 11 10 7 10 8 11 8 11 9 5 9
23 13 17 19 22 15 18 12 11 24 17 12 15 12 23 12 14 10 12 16 18 15 21 14 21 13 14 16 16 22 10 19
21 21 13 23 22 18 15 10 15 18 11 17 10 14 12 8 16 14 11 11 22 20 23 22 17 23 24 12 9 14 11 18
13 13 14 15 13 14 6 12 17 11 15 8 7 13 13 7 15 7 17 7 6 14 13 9 6 16 11 14 15 13 8 11
9 6 11 11 9 4 4 9 6 7 4 4 6 7 8 10 5 5 9 6 9 11 8 9 5 9 10 8 6 5 4 7
1 2 2 1 2 1 1 1 2 2 2 1 1 1 2 1 1 2 2 2 1 1 2 1 1 2 1 1 1 2 2 1
19 13 14 11 15 20 15 22 23 23 10 9 22 16 15 15 9 15 21 18 10 23 9 11 13 12 10 18 19 17 18 17
20 13 21 14 16 19 20 12 17 9 7 18 13 15 8 13 20 13 21 17 20 9 7 17 15 17 21 17 17 18 18 13
13 15 25 23 21 15 13 19 13 22 17 24 11 11 16 17 24 21 19 16 15 19 20 21 17 12 18 13 15 10 21 20
2 1 2 2 2 2 2 1 1 2 2 1 1 2 1 1 1 2 1 2 2 2 1 2 1 1 2 1 2 2 2 2
22 23 17 8 20 16 23 10 11 22 8 21 13 17 19 23 20 17 11 11 22 18 14 14 13 16 23 19 22 20 11 14
7 7 7 4 7 8 6 3 7 6 5 7 6 3 8 6 3 7 5 4 4 6 8 4 8 8 7 7 4 5 6 7
10 8 8 8 8 10 11 9 9 6 10 10 5 12 6 7 4 6 12 6 6 7 8 9 12 4 10 5 11 6 9 9
11 14 15 17 18 27 21 13 16 24 11 16 27 17 15 23 21 22 15 26 16 21 22 16 23 12 17 13 27 25 19 14
2 2 5 2 2 2 5 5 3 2 2 3 5 2 5 5 4 5 3 5 4 4 3 5 5 3 4 2 2 2 3 3
18 15 13 15 13 17 14 9 16 7 9 17 9 14 11 19 15 7 20 12 7 10 16 12 14 10 15 8 20 16 7 13
16 17 20 16 9 11 16 13 16 8 10 18 19 16 17 9 20 17 16 7 18 13 9 18 19 14 14 11 18 8 8 18
17 10 18 12 17 24 22 21 14 13 18 19 15 16 22 13 23 17 15 12 15 23 20 18 13 21 21 13 25 25 24 25
3 6 5 3 8 6 8 6 7 8 7 8 3 8 8 6 4 4 7 4 8 6 7 8 6 6 3 4 5 8 5 7
5 6 6 5 6 4 5 6 4 6 3 4 4 3 3 5 4 6 5 4 2 6 5 2 3 5 3 2 5 3 5 3
15 23 20 19 15 20 22 12 9 11 17 19 13 12 18 19 22 22 19 22 25 11 19 23 14 13 18 16 9 22 10 23
7 9 4 7 10 11 9 4 6 9 4 5 4 11 9 5 11 6 5 9 9 6 8 9 4 10 9 4 10 4 4 4
8 13 10 18 8 13 13 14 6 16 10 9 7 16 18 15 9 7 10 16 12 10 10 12 14 12 10 7 7 16 9 8
10 15 14 14 7 12 14 6 11 11 11 5 7 6 10 13 14 13 8 11 5 12 15 9 7 7 11 12 8 11 6 11
12 5 13 7 12 7 7 15 6 13 13 14 5 6 5 12 5 7 7 13 8 7 15 13 5 6 7 10 9 7 6 11
3 3 3 2 2 1 3 1 2 1 2 2 1 2 2 1 3 3 1 3 3 1 1 3 2 3 1 1 1 2 3 3
3 4 4 3 4 4 5 3 5 3 3 4 5 4 4 4 4 4 5 5 2 2 3 4 5 4 3 3 3 4 4 4
11 14 14 12 14 13 7 20 18 12 16 12 14 8 20 17 9 15 9 7 7 17 12 13 9 9 13 7 16 15 13 21
4 6 5 3 2 3 3 5 6 4 4 3 4 2 3 3 5 4 5 6 5 4 3 3 2 3 3 6 2 3 5 2
9 10 7 6 6 11 4 5 4 7 5 10 11 7 4 10 9 7 5 4 8 5 5 10 10 9 6 7 6 4 4 7
1 1 1 1 1 2 2 1 1 1 1 1 2 1 2 1 1 1 1 2 2 1 2 1 2 1 1 2 1 1 2 1
22 17 19 21 9 14 21 11 8 23 16 20 23 12 11 16 15 12 16 11 17 14 8 9 9 21 23 14 11 14 23 17
17 20 13 14 16 16 16 16 15 20 17 17 8 19 12 20 9 12 8 18 17 19 22 19 11 20 21 11 8 20 11 19
4 8 4 4 10 5 10 6 6 4 11 8 9 6 4 10 4 7 7 8 4 9 4 10 4 9 9 8 8 10 8 11
6 10 10 11 7 11 9 6 14 10 12 12 17 12 16 15 7 14 8 7 12 13 9 7 15 13 15 11 16 15 12 7
14 13 7 18 8 17 6 10 14 13 17 15 13 9 13 6 7 15 9 17 10 17 14 14 12 16 14 12 11 15 14 10
9 8 9 18 11 19 16 18 16 16 19 15 16 9 7 18 17 9 10 12 10 14 13 19 20 14 12 13 17 16 9 8
8 21 18 15 11 16 16 10 22 23 18 16 17 14 13 17 17 12 12 11 20 9 20 9 16 9 20 16 16 9 10 8
1 2 1 1 2 2 2 2 2 2 1 1 1 1 2 1 2 1 1 1 1 2 1 1 2 2 2 2 1 2 2 1
5 2 2 3 6 2 6 3 5 2 5 3 4 6 5 5 5 4 3 4 3 4 5 2 2 4 2 2 3 6 4 4
19 15 9 20 14 16 13 9 14 21 14 13 8 14 18 12 22 24 11 13 22 17 23 10 20 10 18 18 24 20 21 19
20 12 18 8 18 8 9 10 17 13 8 14 12 7 16 7 19 14 16 20 12 9 19 17 14 19 15 7 20 19 7 19
5 2 2 3 4 4 3 2 2 5 4 3 4 2 3 2 5 5 3 3 3 2 2 3 2 5 4 2 4 4 5 5
4 5 4 5 9 9 11 11 8 6 6 6 4 7 10 11 7 7 10 12 11 12 6 7 4 4 11 10 6 4 8 6
22 13 10 12 16 12 15 9 17 11 12 10 27 13 16 18 23 20 25 14 27 14 9 24 9 19 14 26 26 11 24 17
14 23 19 17 16 11 9 18 12 21 10 22 16 15 13 22 18 21 12 16 15 14 10 14 15 21 22 22 9 10 13 11
20 10 10 16 10 16 17 20 20 14 20 20 19 13 14 7 15 7 16 9 17 19 18 7 12 11 7 17 16 16 8 7
12 11 10 17 6 17 6 7 11 18 13 8 17 15 11 17 18 10 16 7 17 15 15 13 7 10 9 15 10 9 15 6
8 3 3 8 3 8 3 5 6 6 8 5 7 7 3 3 6 8 3 7 4 5 7 7 3 3 6 6 6 4 3 4
15 24 23 17 21 18 20 21 12 14 18 20 15 10 19 19 22 19 17 10 18 20 22 11 21 15 17 9 9 14 14 13
12 12 18 23 16 9 14 10 12 16 16 17 20 9 10 8 11 8 9 22 13 24 9 9 11 21 13 12 24 9 12 18
9 15 17 20 21 23 20 19 8 24 10 24 14 20 19 8 18 17 18 16 17 16 23 17 9 22 10 8 19 20 20 13
5 3 3 6 4 7 7 7 7 9 4 7 5 3 9 6 8 7 9 5 9 5 8 6 6 6 3 5 3 9 8 9
9 18 9 6 7 7 16 15 12 17 10 15 12 14 14 7 12 18 10 7 17 18 13 13 12 14 18 8 18 18 13 16
1 2 2 1 2 2 2 1 2 1 2 2 2 2 2 1 1 2 2 2 1 1 2 2 1 2 2 1 2 1 1 2
2 1 2 1 2 1 1 2 2 1 2 2 1 1 2 2 2 2 1 2 2 1 2 1 2 1 1 1 2 2 2 2
5 8 7 8 4 5 9 5 6 3 9 6 9 3 6 5 6 8 8 8 5 5 5 6 8 8 4 6 9 6 5 8
22 18 15 22 23 20 8 8 14 22 9 14 21 9 10 20 14 8 15 15 23 19 20 8 11 11 9 10 12 12 12 10
5 5 5 4 3 3 2 4 5 4 5 5 2 5 4 5 4 3 3 5 3 2 4 5 5 5 5 3 5 5 4 3
24 19 22 13 24 8 22 15 15 9 16 17 19 23 24 22 19 9 23 10 12 17 18 20 9 8 20 13 14 22 19 22
15 22 16 15 13 12 9 22 13 9 12 21 9 14 19 15 22 16 19 21 13 9 16 22 19 9 14 17 16 15 22 12
4 4 8 7 7 7 3 6 9 4 9 7 8 3 8 8 7 4 7 9 3 6 7 4 6 3 6 8 9 9 8 5
17 17 19 21 22 20 22 23 17 17 13 23 18 10 8 13 22 12 18 20 13 16 12 18 22 8 20 17 12 14 16 17
4 5 9 6 9 4 3 8 7 4 7 4 3 4 3 3 6 6 3 4 7 8 8 9 5 9 4 4 7 7 5 4
13 11 13 6 15 12 5 6 13 14 13 15 7 13 10 12 8 15 7 15 10 13 6 7 9 6 15 14 14 8 6 14
18 11 15 14 10 14 14 6 13 15 8 18 8 15 6 8 7 15 11 14 16 6 16 14 9 7 18 6 6 13 11 17
5 5 3 3 3 4 6 7 3 7 9 7 8 6 8 3 9 8 4 9 7 3 6 6 5 5 8 5 5 6 6 7
16 12 8 16 13 10 18 11 19 12 21 12 16 14 9 11 18 11 15 20 18 12 10 11 17 19 16 14 11 18 19 20
5 4 3 2 4 4 5 4 5 5 5 4 2 2 2 2 5 4 5 3 5 4 2 3 2 4 2 5 3 3 3 2
10 14 19 7 10 7 17 14 17 20 17 20 8 7 18 14 20 20 18 9 9 13 11 18 17 7 11 14 17 13 14 17
11 19 11 9 21 12 11 10 19 13 12 23 14 24 23 21 11 10 17 11 22 19 24 11 8 23 19 18 10 14 19 15
10 13 9 26 16 19 24 11 16 14 10 20 21 23 15 10 23 11 23 23 18 14 20 11 25 18 10 19 12 14 26 23
9 9 7 11 10 7 5 8 9 9 9 9 8 5 9 5 11 11 9 7 5 9 8 6 11 7 7 4 9 4 8 4
7 7 7 6 10 6 6 5 11 13 8 7 7 12 7 9 5 8 9 13 10 8 13 13 10 12 13 7 5 13 11 14
7 12 12 11 14 15 6 5 5 9 15 14 13 10 14 14 12 15 13 10 12 13 5 5 8 10 5 15 13 8 6 12
2 1 2 1 1 2 1 2 2 2 2 2 2 1 1 2 1 2 2 2 2 1 1 1 1 1 1 2 2 2 2 1
9 6 16 16 15 9 6 13 6 10 11 12 17 15 16 12 8 17 17 13 10 13 8 16 11 14 6 6 10 7 11 11
8 5 4 6 5 7 6 6 4 5 7 8 7 7 5 4 7 7 6 9 3 6 5 3 8 8 7 7 9 8 9 3
2 1 1 2 1 1 2 2 1 2 1 2 1 2 1 2 1 2 2 2 1 1 1 1 1 2 2 2 2 2 2 1
14 15 17 7 14 7 15 6 16 12 12 13 8 12 14 7 11 6 17 13 7 12 14 11 9 13 15 10 7 17 8 8
10 13 11 18 14 11 15 20 13 20 19 19 9 21 11 21 9 12 21 7 17 13 17 7 11 8 12 14 10 10 10 7
1 1 2 3 1 1 2 1 2 2 1 2 2 2 2 2 3 3 2 2 3 3 3 2 2 2 1 3 2 2 1 3
12 15 12 10 21 11 13 19 12 20 12 11 18 7 11 21 16 12 8 9 18 11 19 16 19 9 10 18 17 12 13 13
1 3 3 1 1 2 1 3 1 1 3 1 2 2 1 3 3 3 3 1 3 1 1 2 3 3 1 3 1 3 1 2
15 13 21 22 20 17 18 17 12 22 9 18 18 21 22 8 10 8 17 11 20 20 23 9 14 23 23 17 15 8 10 18
3 4 3 5 5 4 7 8 3 6 5 6 4 3 4 5 4 4 7 8 3 8 8 5 8 5 8 6 7 7 5 6
23 12 17 9 23 9 9 11 19 22 9 14 8 19 14 10 23 9 10 13 17 11 23 23 15 21 12 19 17 16 11 20
6 6 9 7 12 6 10 5 7 9 10 7 14 14 10 7 6 12 8 5 12 5 14 14 8 11 10 13 8 6 14 7
11 26 10 26 24 26 15 18 16 17 26 12 15 15 23 24 23 17 23 13 21 15 10 14 13 15 26 19 22 17 10 16
2 4 4 4 4 5 2 4 2 3 4 3 3 5 2 4 4 2 5 5 5 5 2 2 2 4 3 3 3 5 2 2
5 12 8 11 13 14 9 12 5 7 11 7 14 10 9 11 12 10 14 9 13 9 7 13 14 12 9 12 7 10 7 8
18 16 22 17 22 21 17 9 18 8 15 16 16 24 21 16 11 19 8 19 10 21 8 8 16 22 20 13 13 10 9 15
11 15 16 14 6 12 11 12 7 16 7 13 9 7 6 13 16 16 6 10 16 13 14 11 17 8 9 14 17 12 7 9
8 13 11 20 19 12 12 10 9 13 15 10 13 18 15 11 16 18 14 10 9 14 18 16 14 16 11 15 11 7 18 8
4 4 2 5 4 3 5 3 2 2 3 3 5 2 4 2 3 3 2 4 3 3 5 2 5 2 5 5 4 4 4 5
6 5 7 6 8 3 7 7 7 6 5 8 6 7 6 5 7 3 4 6 5 4 3 7 3 7 6 7 6 7 8 7
8 15 10 16 9 9 18 9 12 11 15 9 18 12 11 14 13 12 13 14 16 6 11 10 14 10 13 9 15 17 8 13
2 3 1 3 3 2 1 1 1 1 2 2 3 2 2 2 1 3 2 2 1 3 2 3 1 3 3 1 3 2 2 1
8 14 10 16 10 15 16 17 16 19 15 20 8 19 12 21 16 21 14 11 12 10 20 7 7 9 14 10 8 17 19 14
9 16 24 11 20 24 16 25 11 10 15 17 17 13 13 24 11 15 22 16 19 12 25 10 19 22 12 9 25 25 19 17
4 3 4 3 6 3 3 5 5 3 3 2 6 4 6 6 5 4 3 2 4 2 6 6 4 5 3 5 2 6 4 2
4 4 7 8 8 8 5 5 7 6 8 7 3 3 7 7 6 5 8 8 7 7 3 8 5 7 5 6 4 5 4 7
13 18 13 17 10 19 15 20 18 8 15 17 13 18 20 11 17 20 11 17 18 14 19 16 10 17 15 11 16 8 12 12
8 11 12 10 4 5 8 5 12 12 4 12 5 5 5 10 12 4 6 4 6 8 10 10 10 8 6 6 7 5 11 9
24 15 14 26 21 13 13 18 10 26 23 19 16 18 27 18 10 15 22 10 23 15 14 18 12 14 9 23 20 9 26 9
18 9 12 12 18 19 9 11 14 21 16 8 9 16 20 8 19 13 12 21 21 10 20 13 11 16 16 18 9 7 21 20
15 9 6 10 16 14 8 6 10 9 10 11 15 7 11 17 11 6 13 14 12 8 11 9 16 6 16 16 15 6 17 17
14 10 16 7 8 14 15 11 13 9 7 12 17 10 20 13 15 10 10 19 19 10 15 8 7 15 17 19 9 14 12 11
10 10 24 17 21 14 23 8 22 17 13 12 14 16 18 13 15 9 20 14 17 11 13 19 21 11 12 9 16 14 22 24
2 3 3 3 1 2 3 1 2 2 1 3 1 3 1 2 2 3 1 3 2 2 1 3 3 1 3 1 3 1 2 2
4 3 5 4 4 4 2 3 3 5 3 4 3 4 4 2 5 5 4 3 5 5 3 5 2 2 3 5 2 4 5 2
18 11 12 10 15 11 8 8 17 15 17 6 18 8 8 8 7 15 12 18 8 7 7 12 11 10 15 17 13 17 12 7
14 11 12 7 19 19 17 7 12 8 19 9 9 12 9 13 19 16 13 14 15 13 15 12 8 8 19 10 9 18 7 12
9 13 12 14 13 10 13 8 6 6 7 14 5 8 12 6 10 9 5 7 13 9 8 6 13 13 5 5 6 13 8 7
3 3 3 3 1 3 3 1 3 2 3 2 1 1 2 1 3 2 2 3 2 1 1 1 1 1 2 3 1 3 3 2
1 2 1 1 2 2 3 3 1 3 2 3 2 3 1 1 2 1 1 2 1 2 2 2 3 2 2 3 1 2 3 1
2 1 2 1 3 1 2 2 3 1 2 3 1 3 3 3 3 2 2 3 2 2 2 2 2 3 2 2 2 1 1 3
4 5 6 4 4 2 6 6 2 5 2 4 6 2 4 6 5 6 4 5 3 2 6 5 2 3 3 3 4 5 5 6
5 4 5 9 5 11 6 6 4 8 10 11 10 4 5 9 11 5 9 11 9 5 5 4 6 6 11 11 10 4 11 6
6 4 6 2 2 3 6 3 2 3 6 2 4 3 2 6 4 6 5 3 5 5 4 5 2 4 2 3 4 4 5 6
21 10 11 10 8 9 19 9 20 19 8 19 21 19 10 20 20 18 12 21 24 23 18 8 22 15 8 24 19 15 14 17
7 7 7 5 5 10 5 7 4 6 6 4 10 6 11 5 11 5 7 10 7 11 4 5 11 6 8 11 7 4 7 10
12 10 20 20 11 20 15 15 11 7 8 15 18 15 12 8 9 9 16 18 20 15 16 11 18 7 7 9 16 11 16 10
10 9 10 6 11 4 6 8 6 4 9 9 8 5 8 6 7 5 9 7 4 4 8 4 10 5 10 7 7 4 7 7
4 7 6 8 7 7 3 9 6 5 4 7 5 9 6 7 8 4 6 5 3 8 5 3 3 9 4 6 3 6 3 4
2 4 3 2 4 3 2 5 3 3 4 4 4 4 4 4 5 5 5 3 5 3 4 5 5 5 4 2 5 5 3 3
4 4 2 6 4 5 2 6 2 3 5 5 6 3 4 6 5 5 4 6 4 6 5 4 3 3 4 6 2 3 6 2
14 8 7 8 8 13 8 12 10 6 6 6 9 14 12 7 9 7 13 9 5 9 8 7 8 14 13 13 9 7 14 7
14 7 12 17 8 18 8 20 20 16 17 11 11 10 13 9 7 8 16 14 12 19 20 13 17 10 14 18 16 14 18 12
3 9 9 4 8 6 5 9 9 7 8 4 8 8 9 4 5 9 5 7 9 4 8 5 5 7 8 5 5 9 3 6
17 15 9 15 16 26 19 21 18 14 15 18 17 12 21 9 26 26 15 9 20 13 13 23 12 11 17 19 13 19 11 21
2 3 1 2 3 2 2 3 3 2 3 2 3 2 3 3 2 3 1 1 3 3 1 1 2 3 1 2 2 1 3 3
5 2 5 2 2 3 2 5 3 2 5 5 5 5 3 2 4 5 4 2 2 4 3 5 2 4 2 4 4 2 2 4
16 8 11 15 8 9 6 7 8 15 17 8 9 12 13 10 11 15 16 16 16 8 16 16 11 9 7 17 13 14 10 17
8 21 16 18 15 10 19 7 11 21 19 11 21 13 9 13 15 8 13 8 16 13 15 17 17 16 19 18 14 12 9 21
10 15 10 10 9 11 10 19 11 13 9 7 16 17 20 11 15 17 9 18 17 10 14 11 15 7 9 20 16 15 9 17
3 5 2 4 2 4 5 4 2 4 4 4 5 3 4 4 4 5 2 3 5 3 2 3 3 2 2 4 4 3 5 3
19 22 8 19 23 14 14 18 20 10 16 10 11 23 22 14 13 9 22 16 9 22 15 21 21 11 21 19 19 18 16 14
23 12 9 16 19 22 25 14 25 18 18 14 19 20 20 19 24 12 20 20 26 26 15 23 23 17 17 10 23 25 24 25
10 5 13 13 12 10 9 13 7 14 7 12 13 7 5 5 10 11 10 7 9 6 11 14 9 9 5 7 12 5 13 5
8 4 4 8 4 4 5 8 9 8 7 5 8 6 5 4 7 9 11 9 8 11 7 11 8 10 4 10 4 8 8 5
7 7 17 12 11 14 6 18 18 6 8 18 16 6 11 13 8 17 15 9 8 6 18 6 15 9 17 8 6 17 9 6
14 9 15 17 10 18 13 14 21 14 10 15 10 10 18 7 17 21 8 21 10 10 11 20 13 21 7 14 7 19 21 7
4 4 4 5 3 5 2 5 4 4 4 4 2 5 4 5 4 3 5 3 2 5 3 5 5 2 2 3 5 5 4 5
14 9 9 10 6 11 10 15 15 13 9 14 6 6 5 7 15 12 11 15 15 6 10 9 10 10 15 5 8 8 13 9
7 4 6 4 7 6 8 6 9 4 10 6 12 12 11 6 12 8 11 9 8 6 10 7 10 5 4 7 7 12 7 9
1 2 2 2 1 1 1 2 2 2 2 1 1 2 1 1 1 2 1 1 1 2 2 1 1 2 1 1 2 1 1 2
5 8 7 7 7 5 8 3 3 8 7 8 8 4 6 5 7 3 4 4 6 3 4 8 5 4 4 4 5 6 8 3
2 2 3 2 3 3 3 5 2 2 3 3 4 4 5 4 5 3 4 5 2 3 3 5 2 3 2 5 5 4 4 5
5 5 6 8 5 4 6 5 4 6 7 5 10 11 10 5 11 5 8 10 11 9 10 9 4 8 6 10 5 8 4 11
1 2 2 2 2 2 2 1 2 1 2 1 1 2 2 2 1 1 1 1 1 1 2 2 2 1 2 1 2 1 1 1
2 3 1 2 3 2 1 1 3 3 2 1 3 3 3 1 3 1 1 2 2 2 2 2 3 3 3 1 3 2 2 2
2 2 1 1 2 2 2 2 1 1 2 2 2 1 2 2 2 2 2 1 1 2 1 2 1 1 2 1 2 1 2 2
3 1 1 2 1 2 3 2 1 3 3 3 3 2 3 3 2 3 3 3 3 2 1 2 1 3 1 2 3 3 2 1
10 13 6 17 13 13 17 15 7 9 7 18 14 9 12 8 7 18 9 14 13 9 12 16 15 7 7 16 7 9 13 15
15 10 17 19 19 19 14 10 9 7 15 19 13 14 15 20 10 8 19 20 14 13 15 14 19 20 19 19 11 17 9 11
4 4 6 6 5 2 2 6 3 5 2 6 2 3 2 3 4 4 3 5 2 2 2 2 4 5 6 2 2 2 2 4
19 23 22 23 25 22 10 22 26 26 25 26 24 25 13 27 9 24 17 11 20 22 26 16 24 25 16 15 24 27 20 11
26 25 11 17 20 24 16 18 21 19 15 18 27 26 19 26 19 14 18 23 11 27 18 10 11 16 17 24 26 13 26 13
6 6 7 4 8 3 8 5 8 3 7 5 5 5 8 3 6 5 8 6 8 6 6 7 5 8 8 6 8 5 5 3
5 4 9 7 4 8 5 5 6 4 4 11 6 5 9 11 5 9 5 9 10 4 5 11 7 7 10 10 6 11 9 9
18 13 14 18 18 8 10 19 10 14 12 15 18 18 20 18 20 7 10 14 17 13 18 17 13 11 9 19 14 16 14 10
6 13 8 11 6 6 11 12 6 6 5 13 8 6 12 9 7 14 14 6 9 14 9 6 13 13 10 8 6 8 6 12
17 8 17 8 8 10 9 7 13 17 11 10 10 10 8 9 6 8 14 14 7 13 6 16 6 16 13 12 13 12 13 16
15 20 10 12 15 24 9 16 25 9 18 22 21 25 13 24 9 24 9 16 14 15 11 23 23 9 19 10 17 20 18 23
1 3 2 3 3 3 1 1 2 3 2 1 2 3 1 1 1 1 1 3 2 2 3 2 1 2 2 1 3 3 3 2
24 26 10 27 21 17 21 24 20 25 24 27 25 20 9 25 23 18 21 24 16 27 19 14 23 14 25 17 25 11 12 9
16 11 10 10 17 20 8 11 10 13 18 16 11 12 17 11 19 15 14 14 17 14 16 8 8 19 15 16 13 7 10 8
10 13 16 6 6 13 11 16 13 6 14 8 16 10 7 9 10 7 6 16 17 11 14 10 7 15 12 8 11 13 15 14
8 8 5 5 6 5 8 8 5 7 3 6 4 8 6 7 4 4 4 8 7 4 4 4 6 7 7 4 3 4 5 5
11 10 15 6 14 10 12 9 10 8 6 12 13 11 15 5 15 12 11 11 6 12 9 13 11 11 8 6 14 10 15 10
10 10 6 12 5 8 7 4 9 4 5 6 9 9 12 6 8 7 11 6 5 9 5 10 6 5 6 9 7 5 10 10
24 15 14 24 24 18 17 15 9 16 22 16 20 18 24 11 10 12 19 22 8 13 18 11 17 18 14 11 21 13 8 18
11 11 22 19 18 20 20 22 12 13 17 10 9 11 21 13 16 11 13 21 12 11 24 15 16 15 15 13 21 9 9 14
4 10 11 4 10 9 11 12 7 9 8 8 5 11 9 4 7 12 7 4 12 7 8 6 4 8 4 7 10 6 9 5
9 9 9 9 5 6 6 4 4 10 8 10 5 6 6 5 7 8 10 8 6 7 6 8 4 9 6 5 9 9 11 8
8 24 22 12 20 17 16 23 14 15 15 18 21 13 9 10 15 21 23 14 19 17 16 19 14 14 18 12 10 12 18 15
27 14 22 18 12 26 24 19 15 18 10 11 11 23 17 18 14 20 22 26 15 15 25 20 21 17 27 12 11 20 19 27
5 3 5 5 6 2 6 4 6 6 5 4 4 4 5 5 6 4 3 6 4 3 6 3 6 5 5 6 4 5 4 3
11 15 10 8 20 12 12 7 13 16 17 8 19 14 13 12 16 18 11 19 20 7 7 9 11 8 19 12 17 14 10 18
8 11 9 5 6 10 8 6 5 4 5 8 7 9 6 10 6 11 11 7 9 6 10 4 11 7 8 10 10 9 10 11
5 2 3 5 4 2 3 4 3 4 5 3 5 2 3 3 4 3 2 4 2 5 3 4 6 5 4 3 5 4 5 3
13 16 9 15 16 19 13 20 7 14 19 19 19 14 13 14 8 15 11 12 8 11 16 14 18 15 13 7 14 16 13 7
12 10 4 11 12 10 9 9 11 10 12 7 8 8 7 8 5 6 9 5 11 11 5 7 8 10 8 9 11 6 7 7
6 13 13 8 9 9 9 8 5 12 12 6 13 10 13 9 8 13 12 11 6 6 11 12 10 9 13 5 9 12 11 5
6 9 9 8 7 6 9 4 4 6 6 5 9 6 4 5 8 9 7 6 7 4 8 8 3 7 6 8 9 5 7 3
9 10 14 14 8 16 20 14 10 19 7 9 10 11 16 8 11 12 20 9 11 17 10 7 20 13 8 14 19 13 9 11
4 5 2 4 2 2 3 4 2 2 2 4 3 2 2 5 2 2 2 2 2 3 5 2 3 3 4 3 5 3 5 2
15 13 11 14 8 13 7 15 17 15 10 12 15 7 14 6 16 13 7 11 11 13 13 8 11 10 12 16 8 6 8 11
11 8 6 17 10 16 14 12 7 11 17 7 12 12 17 12 13 15 15 15 17 15 14 10 8 9 11 12 15 6 10 8
4 7 10 9 11 5 5 11 9 10 8 5 4 4 10 6 5 8 11 11 6 9 10 4 12 10 4 12 11 12 7 11
7 4 11 11 4 5 6 9 11 8 8 9 7 4 5 9 10 11 10 6 6 4 6 5 4 11 8 7 8 4 7 4
4 3 5 7 5 3 7 3 5 3 8 6 8 6 9 3 3 9 3 8 9 8 5 7 4 6 5 6 3 9 4 5
5 7 7 8 14 6 14 13 10 14 10 5 13 14 8 10 7 9 9 7 9 13 8 6 8 7 8 7 9 6 9 14
12 10 7 14 8 19 16 9 18 7 17 12 9 9 11 10 19 18 16 11 9 17 8 16 17 20 10 14 12 12 16 20
16 17 11 26 11 11 14 17 16 25 16 19 11 13 27 10 24 12 10 16 26 10 9 19 13 12 24 10 20 18 22 13
5 5 4 8 7 3 5 4 7 8 3 4 3 8 3 5 8 6 4 7 6 7 7 3 8 3 4 5 4 4 3 3
5 5 5 5 2 3 3 2 5 4 5 6 6 5 6 6 6 4 6 5 5 2 6 6 5 5 3 3 2 4 5 4
17 15 9 21 19 16 9 10 8 16 14 10 9 11 18 13 12 8 11 7 18 20 21 12 21 19 9 16 20 16 18 11
12 15 13 19 23 10 23 9 20 21 20 14 21 9 14 18 10 15 22 17 23 19 16 23 20 15 17 15 20 23 14 12
2 3 3 3 1 2 3 2 2 3 1 3 2 1 1 2 1 2 3 1 1 2 2 3 3 1 2 1 3 2 1 3
3 7 8 3 9 9 5 6 4 6 6 4 9 3 3 5 5 6 7 8 8 4 7 5 9 6 6 6 5 6 5 3
13 19 10 10 14 19 11 17 18 21 18 16 11 16 15 9 8 17 17 20 12 9 13 8 16 17 14 18 22 16 20 23
9 6 6 11 11 8 12 13 14 6 9 14 7 14 9 11 12 6 11 11 7 7 14 13 6 10 12 14 5 8 5 13
3 1 3 1 2 1 2 2 1 3 1 2 2 1 1 3 1 1 2 2 1 2 2 1 3 3 1 1 1 2 1 1
24 26 18 10 11 26 26 15 12 25 26 13 26 26 23 27 14 17 16 16 25 24 12 16 26 25 17 20 11 21 13 26
17 16 8 15 13 11 20 24 8 21 14 18 15 8 12 20 19 19 21 8 8 14 8 9 15 18 8 22 8 22 19 15
8 13 12 13 14 14 5 9 6 11 9 9 11 6 7 12 12 10 13 8 14 8 5 12 7 10 13 6 11 6 6 13
9 14 16 12 14 14 20 11 8 11 16 10 18 7 11 12 16 13 10 8 16 13 17 8 8 8 7 20 8 10 13 12
14 8 8 18 7 10 15 11 10 8 17 17 14 7 12 7 7 15 13 12 10 9 11 12 17 7 7 8 18 17 9 18
10 9 11 11 4 7 4 6 8 10 8 5 5 10 7 8 4 7 6 8 6 9 11 10 11 7 11 11 9 10 4 7
17 13 12 14 7 17 15 8 8 16 8 14 10 17 18 12 11 15 11 20 21 15 10 21 9 20 20 10 21 21 13 21
22 14 16 23 24 14 25 23 14 11 23 25 24 16 26 24 18 12 25 16 11 23 21 14 20 10 14 12 12 12 12 9
10 20 19 12 14 18 24 17 15 9 14 20 26 19 14 13 17 21 11 24 16 27 10 20 14 22 27 19 24 16 15 9
15 11 8 14 8 8 6 17 13 6 7 10 10 16 17 8 11 6 9 9 12 13 13 9 16 13 7 10 9 12 14 14
14 13 16 9 10 11 10 9 12 20 12 12 9 12 18 17 11 9 21 12 10 13 12 9 17 7 12 8 21 19 11 19
22 12 24 10 14 13 19 27 24 11 27 15 25 20 9 18 25 26 10 17 10 22 20 26 25 11 11 20 21 25 22 25
7 16 13 18 16 10 13 10 19 16 7 13 15 12 11 12 9 14 15 17 7 16 16 13 8 12 13 8 18 18 19 7
16 12 18 12 12 12 10 16 14 16 7 8 8 8 16 16 10 15 10 9 18 9 9 16 6 16 15 6 10 14 8 15
2 3 4 5 2 6 6 3 2 5 6 6 2 6 3 4 6 3 4 5 6 3 3 2 4 2 5 4 6 4 2 2
15 21 9 24 18 13 20 22 16 18 20 17 24 12 12 14 13 13 15 16 24 14 13 14 11 10 19 12 21 21 13 17
14 12 15 17 7 18 9 16 14 11 11 13 19 18 20 13 7 20 13 7 14 16 9 15 14 14 8 8 17 16 18 20
8 7 4 6 4 7 8 6 6 4 7 6 4 6 5 7 8 4 8 6 6 5 3 6 3 5 4 4 7 7 8 5
6 10 11 8 12 7 5 12 15 8 10 13 10 6 12 15 9 9 7 9 9 12 6 15 13 10 8 11 5 14 5 14
9 8 10 8 7 6 12 6 15 15 9 17 16 17 11 7 10 12 8 14 16 15 13 9 7 17 7 12 15 13 8 12
1 2 2 2 2 2 2 1 2 1 2 1 1 1 1 1 1 2 2 2 2 1 2 1 2 1 2 1 2 2 2 2
23 23 16 13 11 16 16 16 23 15 18 16 15 23 8 18 14 22 9 20 19 20 17 14 22 17 20 18 17 10 15 19
18 16 21 9 7 16 10 18 12 11 20 7 17 12 20 21 9 17 7 10 18 14 15 13 21 20 10 21 7 11 14 12
5 8 15 8 9 9 10 14 11 8 6 9 11 8 15 10 11 9 8 12 11 6 5 6 10 10 7 14 7 9 6 5
8 9 5 7 7 11 6 6 6 10 6 8 5 8 11 4 10 8 9 10 6 7 11 10 7 10 4 7 9 7 8 7
1 2 2 2 1 2 1 2 1 2 2 1 1 1 2 2 2 1 2 2 1 1 2 2 1 1 1 1 1 1 2 2
10 20 19 18 11 19 9 15 20 15 9 20 7 15 9 17 16 12 16 16 11 8 8 8 20 16 8 20 19 8 14 7
8 6 7 6 11 13 6 15 13 8 8 17 12 16 8 9 6 12 18 9 15 16 7 12 17 7 12 7 8 11 17 11
6 16 15 8 16 10 10 15 11 10 15 17 14 16 15 8 9 12 11 11 7 7 7 13 10 6 16 12 6 17 10 6
14 10 15 13 10 13 10 13 9 14 11 10 6 15 10 8 11 12 5 13 10 12 15 5 8 5 5 13 14 9 12 14
2 1 2 3 1 1 1 2 1 3 2 2 2 3 1 1 2 1 1 3 2 3 3 2 3 2 2 2 1 3 1 3
8 8 7 18 12 7 20 20 15 12 14 7 15 7 7 12 17 13 18 9 19 16 20 14 20 11 7 12 19 8 17 16
9 16 14 14 17 21 24 13 18 20 10 24 8 22 20 15 10 8 22 13 11 11 18 22 11 15 17 9 16 11 22 13
8 9 6 16 12 11 7 17 16 17 10 17 7 15 14 6 16 17 17 16 13 17 8 10 17 17 6 7 12 15 7 9
1 2 1 2 1 1 1 2 2 2 1 2 1 1 1 1 2 1 2 2 2 2 1 1 2 1 1 1 1 1 1 1
8 7 6 9 10 10 15 5 5 7 6 8 12 13 6 9 10 14 12 15 9 10 15 10 5 6 5 13 15 6 9 11
17 18 7 8 6 16 14 11 13 8 10 6 6 18 11 14 10 16 18 15 16 7 14 9 10 10 14 9 14 11 16 10
7 16 7 12 8 17 8 9 15 17 13 9 13 7 9 11 10 8 16 9 13 15 13 11 11 10 16 12 13 16 14 10
15 10 10 6 14 18 6 13 18 11 12 16 6 16 10 8 14 12 15 11 6 8 6 11 6 6 7 14 18 10 13 9
9 21 26 25 14 11 17 24 24 16 20 11 24 20 16 10 24 13 24 13 21 23 15 9 18 11 14 13 16 16 26 9
9 4 11 5 11 5 8 5 11 5 8 4 4 7 10 9 11 9 11 6 7 7 7 7 6 4 10 10 8 7 7 10
14 17 20 9 14 13 20 8 8 9 22 21 23 8 21 9 17 19 19 17 8 22 22 19 15 17 18 16 21 8 13 9
10 14 10 14 9 15 13 10 9 12 13 13 6 12 14 14 6 10 8 5 10 15 9 5 10 13 13 6 8 6 5 9
7 6 4 4 6 11 7 11 11 5 9 11 7 9 6 11 11 9 9 5 5 7 7 6 4 6 7 7 6 8 7 8
3 5 2 5 3 3 2 4 5 5 5 4 6 2 6 2 3 2 4 4 6 3 5 6 3 5 5 3 6 2 4 5
11 9 7 7 6 14 12 9 16 18 16 6 15 8 18 12 8 9 7 6 11 9 14 13 13 9 9 10 8 9 16 9
19 23 25 17 17 22 10 24 22 15 13 13 26 13 20 10 24 21 16 19 10 24 22 9 19 16 17 11 26 9 25 13
2 2 3 1 3 3 3 2 3 1 2 2 2 3 2 3 2 1 1 3 1 2 3 2 1 2 1 1 2 3 3 3
7 4 5 6 7 6 8 3 7 6 5 8 6 7 8 6 8 7 8 5 7 5 8 8 6 3 5 4 6 6 6 8
1 2 1 1 1 2 2 1 1 1 2 1 1 1 1 2 2 1 2 1 1 1 1 2 2 1 1 1 1 2 2 2
8 4 6 4 9 5 9 8 4 4 9 8 3 4 9 8 9 6 6 6 5 8 5 8 9 9 4 7 5 6 8 6
4 5 6 7 7 12 12 5 11 10 4 8 9 9 6 8 8 5 11 8 12 6 8 5 8 9 4 7 5 7 6 6
8 4 7 5 12 12 10 5 4 7 11 6 11 11 12 8 10 10 8 6 6 4 11 9 7 11 8 9 4 12 9 9
12 10 11 10 10 15 18 9 16 7 17 7 12 20 9 10 8 10 19 8 18 11 11 19 15 16 13 20 11 18 15 16
13 7 10 17 15 7 10 18 9 20 16 18 8 8 12 16 10 20 12 20 11 17 7 11 13 8 15 12 10 15 8 13
10 24 18 15 15 24 24 22 17 16 8 10 24 10 23 23 18 21 24 14 18 12 19 22 19 11 21 23 22 21 21 14
9 8 4 6 6 11 7 9 11 6 10 6 9 8 6 7 6 8 6 6 5 8 10 10 10 9 5 7 5 8 6 6
5 10 6 4 6 11 8 4 8 7 5 10 5 4 7 8 6 8 7 6 8 4 10 8 9 7 4 7 11 9 9 9
2 1 1 1 1 1 1 1 2 2 1 2 1 1 1 1 2 2 1 2 1 2 1 2 1 2 1 1 1 2 1 1
