1 2 2
1 3 5
1 4 5
1 5 1
1 6 4
2 7 7
2 8 6
3 9 5
3 10 1
3 11 1
3 12 5
4 13 6
4 14 2
4 15 7
5 16 1
5 17 1
5 18 2
6 19 7
6 20 4
6 21 6
7 22 3
8 23 2
9 24 2
10 25 7
11 26 4
12 27 4
13 28 2
14 29 7
15 30 7
16 31 1
17 32 7
18 33 1
19 34 6
20 35 1
21 36 6
22 37 2
23 38 4
24 39 5
25 40 1
26 41 7
27 42 7
28 43 2
29 44 7
30 45 4
31 46 3
32 47 6
33 48 2
34 49 1
35 50 7
36 51 1
37 52 7
37 53 2
38 54 2
39 55 3
40 56 4
41 57 2
42 58 1
43 59 2
43 60 2
44 61 5
45 62 5
46 63 5
47 64 1
48 65 5
49 66 3
49 67 5
50 68 3
51 69 2
52 70 4
53 71 5
53 72 7
54 73 7
55 74 6
56 75 6
57 76 3
58 77 1
59 78 6
60 79 6
61 80 5
62 81 2
63 82 7
64 83 1
65 84 3
66 85 4
67 86 4
68 87 6
69 88 6
70 89 1
71 90 5
72 91 3
73 92 1
74 93 4
75 94 7
76 95 2
77 96 5
78 97 2
79 98 7
80 99 2
81 100 5
82 101 3
83 102 7
84 103 3
85 104 1
86 105 4
87 106 4
88 107 7
89 108 5
90 109 7
91 110 5
92 110 4
93 111 6
94 111 6
95 112 7
96 112 2
97 112 2
98 113 6
99 114 1
100 115 4
101 116 2
102 117 1
103 118 4
104 118 3
105 119 7
106 120 5
107 121 3
108 122 1
108 123 2
109 124 7
110 125 6
110 126 7
111 127 4
112 128 1
113 129 2
113 130 1
114 131 6
114 132 6
115 133 2
116 134 1
117 135 2
117 136 7
118 137 7
119 138 4
120 139 4
121 140 1
122 141 6
123 142 2
124 143 1
125 144 5
126 145 6
127 145 7
128 146 3
129 146 1
130 147 3
131 148 1
132 149 2
133 150 2
134 150 1
135 151 7
136 152 7
137 153 5
138 154 4
139 155 4
140 156 3
141 157 1
142 158 7
143 159 3
144 160 3
145 161 2
146 162 4
147 163 7
148 164 4
149 165 5
150 166 6
151 167 3
152 167 5
153 168 2
154 169 1
155 170 6
156 171 6
157 172 1
158 173 7
159 174 6
160 175 5
160 176 3
161 177 7
162 178 5
163 179 1
163 180 3
164 181 2
165 182 2
166 183 1
167 184 6
167 185 6
168 186 4
169 187 6
170 188 5
171 189 3
171 190 5
172 191 7
173 192 1
174 192 2
175 192 4
176 193 3
177 194 6
178 194 4
179 195 4
180 195 3
181 196 2
182 197 2
183 198 3
184 199 6
185 200 3
186 201 4
187 202 2
188 203 3
189 204 4
190 205 4
191 206 1
192 207 1
193 208 3
194 208 1
195 209 5
196 210 2
197 211 4
198 212 6
199 213 2
200 214 3
201 215 3
202 216 4
203 217 6
204 218 3
205 219 4
206 220 6
207 221 6
208 222 7
209 223 6
209 224 7
210 225 4
211 226 3
212 227 7
213 228 4
214 229 3
215 230 1
216 231 7
217 232 5
218 233 7
219 234 3
220 235 4
221 236 7
222 237 3
223 238 3
223 239 3
224 240 3
224 241 6
224 242 3
225 243 3
226 244 5
227 245 7
228 246 6
228 247 5
229 248 6
230 249 2
231 250 5
232 251 3
233 252 6
234 253 3
235 254 3
236 255 7
237 256 3
238 257 7
239 258 6
240 259 5
241 260 1
242 261 3
243 262 1
244 263 4
245 264 2
246 265 6
247 266 6
248 267 2
249 268 2
250 269 7
251 270 4
252 271 4
253 272 4
254 273 1
255 274 1
256 275 3
257 276 1
258 277 4
259 278 5
260 279 1
261 280 3
262 281 2
263 282 5
264 282 2
265 283 1
266 284 5
267 285 3
268 286 5
269 287 7
270 288 7
271 289 5
272 290 1
273 291 4
274 292 7
275 293 2
276 294 6
277 295 4
278 296 1
279 297 1
280 298 5
281 299 1
281 300 5
282 301 3
283 302 1
284 303 6
285 304 7
286 305 7
287 306 1
288 307 1
289 308 5
290 309 7
291 310 6
292 311 7
293 312 4
294 313 1
295 314 3
296 315 6
297 316 4
298 317 4
299 318 2
300 319 3
301 320 6
302 321 4
303 322 6
304 323 2
305 324 3
306 325 6
307 326 7
308 327 2
309 328 3
310 329 4
311 330 5
312 331 1
313 332 5
314 333 5
315 334 4
316 335 6
317 336 1
318 337 6
319 338 5
320 339 4
321 340 1
322 341 4
323 342 2
324 343 7
325 344 5
326 345 7
327 346 3
328 347 5
329 348 4
330 348 6
331 349 7
332 350 3
333 351 4
334 352 2
335 353 2
336 354 3
337 355 6
338 356 2
339 357 2
340 358 4
341 359 1
342 360 6
343 361 6
344 362 7
345 363 5
346 363 2
347 364 4
348 365 2
349 366 3
350 367 3
351 368 4
351 369 4
352 370 6
352 371 6
353 372 6
354 373 3
355 374 7
356 375 7
357 376 5
358 377 3
359 378 4
360 379 4
361 380 4
362 381 3
363 382 1
364 383 5
365 384 7
366 385 4
367 385 4
368 386 1
369 387 6
370 388 3
371 389 4
372 390 1
373 391 7
374 391 4
375 392 5
376 393 7
377 394 4
378 395 7
379 395 7
380 396 6
381 396 3
382 397 6
383 398 2
384 399 2
385 400 5
386 401 2
387 402 2
388 403 5
388 404 3
389 405 7
390 406 6
390 407 4
391 408 4
392 409 6
393 410 6
394 411 4
394 412 6
395 413 3
396 414 3
397 415 7
398 416 3
398 417 5
399 418 5
400 419 5
401 420 1
402 421 3
403 422 4
404 423 1
405 424 1
406 425 5
407 426 3
408 427 6
409 428 2
410 429 2
411 429 7
412 430 6
413 431 4
414 432 1
415 433 3
416 434 5
417 434 3
418 435 2
419 436 5
420 437 5
421 438 5
422 439 2
423 440 2
424 441 7
425 442 4
426 443 4
426 444 1
427 445 3
428 446 4
429 447 1
430 448 1
430 449 1
431 450 3
432 451 7
433 452 6
434 453 3
435 454 1
436 454 3
437 455 3
438 456 4
439 457 4
440 458 4
441 459 7
442 460 7
443 461 4
444 462 3
445 463 7
446 464 2
447 464 6
448 464 5
449 465 3
450 466 2
451 467 2
452 468 2
453 469 6
454 470 7
455 470 3
456 471 1
457 472 4
458 473 3
459 474 2
460 475 3
461 476 1
462 477 3
463 478 1
464 479 6
465 479 6
466 480 3
467 481 2
468 482 7
469 483 5
470 484 4
470 485 7
471 486 7
472 487 5
473 488 2
474 489 1
475 490 5
476 491 1
477 492 1
478 493 4
479 494 3
480 495 6
480 496 3
481 497 5
482 498 3
483 499 7
484 500 6
485 500 4
486 500 1
487 500 1
488 500 4
489 500 2
490 500 6
491 500 3
492 500 6
493 500 1
494 500 7
495 500 3
496 500 4
497 500 5
498 500 1
499 500 6
