1 2 57
1 3 121
1 4 27
1 5 75
1 6 37
2 7 178
3 8 198
3 9 53
3 10 26
4 11 106
4 12 38
4 13 25
5 14 57
6 15 135
6 16 3
6 17 164
7 18 143
8 19 147
9 20 13
9 21 49
10 22 46
11 23 161
12 24 66
12 25 130
13 26 112
14 27 34
14 28 160
14 29 191
15 30 1
16 31 162
17 32 82
18 33 94
19 34 173
20 35 186
20 36 11
21 37 106
22 38 151
23 39 81
24 40 178
25 41 184
25 42 20
26 43 86
27 44 9
28 45 114
29 46 79
30 47 139
31 48 67
32 49 143
33 50 30
34 51 106
35 52 167
36 53 77
37 54 111
38 55 53
39 56 115
40 57 23
41 58 169
42 59 57
43 60 169
43 61 113
44 62 66
45 63 184
46 64 179
47 65 103
48 66 184
49 67 124
50 68 133
51 69 88
52 70 146
53 71 7
54 71 31
55 72 1
56 73 66
57 74 8
58 74 47
59 75 75
60 75 98
61 76 7
62 76 79
63 77 116
64 77 138
65 77 121
66 78 57
67 79 162
68 80 130
69 81 143
70 82 180
71 83 78
72 84 134
73 85 177
73 86 177
74 87 168
74 88 68
75 89 15
75 90 57
76 91 197
77 92 128
78 93 172
79 94 71
80 95 118
81 96 72
82 97 139
83 97 71
84 98 63
85 99 143
86 100 145
87 100 164
88 101 140
89 102 124
90 103 95
91 104 136
92 105 73
93 106 55
94 107 80
95 108 69
96 109 99
97 110 100
98 111 151
99 112 154
100 113 140
100 114 187
101 115 194
102 116 137
103 117 52
104 118 145
105 119 17
106 120 151
106 121 127
107 122 77
107 123 117
108 124 153
108 125 131
109 126 104
110 127 172
110 128 116
111 129 100
112 130 160
113 131 104
114 132 133
115 133 74
116 134 143
117 135 68
118 136 109
119 137 186
120 138 193
121 139 46
121 140 115
122 141 180
123 142 197
124 143 177
125 144 113
126 145 55
127 146 158
128 147 177
129 148 172
130 148 107
131 149 80
132 150 190
133 151 157
134 152 15
135 153 129
136 154 101
137 155 129
138 156 129
139 157 47
140 158 143
141 159 41
142 160 194
143 161 77
144 162 30
145 163 55
146 164 154
147 165 80
148 166 127
149 167 126
150 168 151
151 168 198
152 169 63
153 170 99
154 170 132
155 171 172
156 172 65
157 173 149
158 174 162
159 174 136
160 175 14
161 176 52
162 177 155
163 178 52
164 179 61
165 180 179
166 181 148
167 182 111
168 183 64
169 184 164
170 185 116
171 186 28
172 187 75
173 187 16
174 188 50
175 188 87
176 189 71
177 190 52
178 191 127
178 192 38
179 193 70
179 194 136
179 195 57
180 196 192
181 197 198
182 198 60
183 199 32
183 200 162
184 201 117
185 202 162
185 203 121
185 204 143
186 205 15
186 206 150
187 207 27
187 208 137
187 209 146
188 210 79
189 211 172
190 212 105
191 213 14
192 214 45
193 215 179
194 216 131
195 216 31
196 217 150
197 217 124
198 218 128
199 218 114
200 219 29
201 219 167
202 220 20
203 221 155
204 221 71
205 221 119
206 221 6
207 222 145
208 222 24
209 222 141
210 223 72
211 224 172
211 225 137
212 226 48
213 227 191
214 228 44
215 229 67
215 230 25
216 231 195
216 232 54
216 233 179
217 234 64
218 235 78
219 236 119
220 237 6
221 238 67
222 239 124
223 240 97
223 241 125
223 242 73
224 243 140
225 243 197
226 243 100
227 244 106
228 245 38
229 246 199
230 246 178
231 246 141
232 247 196
233 248 50
234 249 130
235 249 7
236 249 178
237 250 189
238 250 102
239 250 96
240 251 44
241 252 136
242 253 18
243 254 16
244 255 54
245 255 192
246 256 20
247 257 161
248 258 29
249 258 65
250 259 162
251 260 140
252 261 60
253 262 30
254 263 168
254 264 160
255 265 23
255 266 116
256 267 61
256 268 34
257 269 36
258 270 162
258 271 123
259 272 107
259 273 132
259 274 11
260 275 193
261 276 118
261 277 180
262 278 119
262 279 80
263 280 174
264 281 70
265 282 96
266 283 146
267 283 167
268 284 181
269 285 2
270 286 65
271 287 2
272 288 59
273 289 136
274 290 52
275 291 157
276 292 165
277 293 79
278 294 160
279 294 77
280 295 80
281 295 178
282 296 33
283 296 40
284 297 83
285 297 103
286 298 49
287 299 167
288 299 94
289 300 160
290 300 93
291 301 176
292 302 3
293 302 54
294 302 94
295 303 139
295 304 194
296 305 114
297 306 134
297 307 55
297 308 7
298 309 111
298 310 62
299 311 81
300 312 153
300 313 134
300 314 162
301 315 107
302 316 107
302 317 98
303 318 70
304 319 54
305 320 45
306 321 84
307 321 100
308 322 12
309 323 53
310 324 77
311 325 41
312 326 39
313 327 183
314 328 108
315 329 179
316 330 136
317 330 43
318 331 183
318 332 191
318 333 8
319 334 19
319 335 12
319 336 79
319 337 61
319 338 87
320 339 30
320 340 27
320 341 8
320 342 93
321 343 34
321 344 88
321 345 33
321 346 185
322 347 86
322 348 136
323 349 20
324 350 65
325 351 98
325 352 20
326 353 102
327 354 171
328 355 23
328 356 136
329 357 194
329 358 179
330 359 176
331 360 79
332 361 69
333 361 3
334 362 183
335 362 97
336 363 167
337 364 66
338 365 138
339 365 18
340 366 27
341 367 198
342 367 183
343 367 2
344 367 98
345 368 95
346 369 110
347 369 118
348 370 86
349 370 128
350 370 31
351 370 184
352 371 60
353 371 113
354 371 85
355 372 121
356 372 38
357 372 64
358 372 3
359 373 93
360 374 167
361 375 10
362 376 73
363 377 10
363 378 23
364 379 66
365 380 124
366 381 74
367 382 120
368 383 157
369 384 14
370 385 77
371 386 185
372 387 11
373 388 164
374 389 3
375 390 185
376 391 184
377 392 4
377 393 13
378 394 27
379 395 93
380 396 73
381 397 58
382 398 46
383 399 66
384 400 63
385 401 100
386 402 135
387 403 91
388 404 141
389 405 67
390 406 45
391 407 38
392 408 159
393 409 190
394 410 173
395 411 81
396 412 105
397 413 17
398 414 3
399 415 165
400 416 81
400 417 7
401 418 90
401 419 59
402 420 144
403 421 103
403 422 149
404 423 153
405 424 142
406 425 172
407 426 17
408 426 3
409 427 192
410 428 45
411 428 149
412 429 127
413 429 137
414 429 13
415 430 148
416 430 133
417 431 179
418 432 59
419 432 80
420 433 146
421 433 97
422 433 46
423 433 159
424 434 154
425 435 177
426 436 12
427 437 129
428 438 82
429 439 172
430 440 100
431 441 85
432 442 191
433 443 51
434 444 127
434 445 96
435 446 7
436 447 96
437 448 66
437 449 93
438 450 54
439 451 180
440 452 143
441 453 112
442 454 13
442 455 133
443 456 116
444 457 165
445 458 75
445 459 40
446 460 188
447 461 7
448 462 99
449 463 21
450 464 174
451 465 76
451 466 11
452 467 158
453 468 35
454 469 143
455 470 48
455 471 40
455 472 117
455 473 57
456 474 89
457 475 177
458 476 170
459 476 64
460 477 180
461 477 13
462 478 71
463 478 52
464 479 193
465 479 82
466 479 131
467 480 147
468 481 117
469 482 149
470 483 115
471 484 1
472 485 63
473 485 149
474 486 175
475 487 137
476 488 85
477 489 167
478 490 69
479 491 125
480 492 17
481 493 115
482 494 136
483 495 2
483 496 86
484 497 151
485 498 117
486 499 119
487 500 146
488 501 166
489 502 100
490 503 77
490 504 76
491 505 28
492 506 155
493 507 143
493 508 30
494 509 37
495 510 133
496 511 198
496 512 142
496 513 131
497 514 37
498 515 140
498 516 172
499 517 171
499 518 7
500 519 14
501 519 94
502 520 130
503 521 39
504 522 48
505 523 43
506 524 134
507 525 90
508 526 108
509 526 150
510 526 163
511 527 53
512 527 189
513 527 187
514 528 71
515 529 145
516 530 145
517 531 186
518 532 62
519 533 110
520 534 43
521 535 59
522 536 187
522 537 82
523 538 104
524 539 8
525 540 77
526 541 139
527 542 8
528 543 187
529 544 120
530 545 95
531 546 164
531 547 98
532 548 164
532 549 11
533 550 167
534 551 169
535 552 148
536 553 31
537 554 161
538 555 9
539 555 87
540 556 196
541 557 49
542 558 23
543 559 80
544 559 34
545 560 21
546 560 96
547 561 104
548 562 119
549 563 4
550 564 144
551 565 138
552 566 33
553 567 155
553 568 195
554 569 114
555 570 106
556 571 184
557 572 48
558 573 164
559 574 19
560 575 7
560 576 39
561 577 69
562 578 108
562 579 57
562 580 177
563 581 197
564 582 129
565 583 35
566 583 179
567 584 24
568 585 175
569 586 183
570 586 159
571 586 196
572 587 35
573 588 186
574 589 133
575 590 80
576 590 191
577 591 110
578 592 46
579 593 115
580 594 138
581 594 24
582 595 126
583 596 185
583 597 99
584 598 18
585 599 74
586 600 9
587 601 12
588 602 172
589 603 175
589 604 13
590 605 58
591 606 161
592 607 41
593 608 114
594 609 147
595 610 138
596 611 35
597 612 4
598 613 22
599 614 182
600 615 153
601 616 98
602 617 183
603 618 112
604 619 52
605 620 7
606 621 188
607 622 162
608 623 185
609 624 97
610 625 85
611 626 23
612 627 159
613 628 5
613 629 78
614 630 83
614 631 190
614 632 180
615 633 18
615 634 17
616 635 97
616 636 197
617 637 148
617 638 143
618 639 21
619 640 146
620 641 193
620 642 125
621 643 135
622 644 192
623 645 175
623 646 103
624 647 6
624 648 7
624 649 143
625 650 14
626 651 129
627 651 151
628 652 88
629 652 60
630 653 1
631 653 189
632 654 88
633 654 163
634 655 1
635 656 93
636 657 26
637 657 151
638 657 25
639 658 160
640 659 128
641 660 175
642 660 190
643 660 128
644 660 133
645 661 99
646 662 192
647 663 90
648 663 37
649 664 111
650 665 161
651 665 9
652 666 95
653 666 171
654 667 123
655 667 39
656 668 54
657 669 193
658 670 196
659 670 12
660 670 143
661 670 62
662 671 57
663 672 109
664 673 132
665 674 196
666 675 75
667 676 125
667 677 10
668 678 184
669 679 33
669 680 101
670 681 2
671 682 20
672 683 40
673 684 58
674 685 123
675 686 7
676 687 161
676 688 164
677 689 196
678 690 117
679 691 7
679 692 47
680 693 189
680 694 174
681 695 118
681 696 181
682 697 19
683 698 28
684 699 99
685 700 67
686 700 143
687 700 49
688 700 103
689 700 73
690 700 61
691 700 19
692 700 63
693 700 49
694 700 176
695 700 8
696 700 7
697 700 198
698 700 63
699 700 50
