1 2 82
1 3 75
1 4 74
1 5 179
1 6 189
2 7 119
2 8 29
2 9 133
2 10 80
3 11 128
3 12 24
3 13 75
4 14 1
4 15 118
4 16 119
5 17 95
5 18 57
5 19 105
6 20 183
6 21 25
6 22 87
6 23 50
7 24 21
7 25 42
8 26 40
9 27 67
10 28 117
11 29 135
12 30 60
13 31 146
14 32 152
15 33 16
16 34 71
17 35 104
18 36 134
19 37 184
20 38 126
21 39 64
22 40 84
23 41 103
23 42 21
24 43 136
25 44 71
26 45 112
27 46 51
28 47 107
29 47 50
30 48 44
31 48 19
32 49 180
33 50 99
34 51 131
35 52 39
36 53 88
37 54 130
38 55 128
39 56 191
40 57 106
41 58 32
42 59 73
43 60 160
44 61 110
45 62 146
46 63 22
47 64 193
48 65 79
49 66 170
50 67 17
51 68 152
52 69 174
53 70 39
54 71 189
55 72 100
56 73 113
57 74 192
58 75 3
59 76 30
60 77 88
60 78 192
61 79 144
61 80 162
62 81 8
62 82 77
63 83 115
64 84 138
65 85 44
66 86 161
67 87 42
68 88 91
69 89 156
70 90 3
71 91 85
72 92 105
73 93 6
74 94 122
75 95 1
75 96 60
76 97 20
77 98 193
78 99 16
79 100 163
80 101 26
80 102 130
81 103 38
82 104 9
83 105 156
84 106 31
85 107 139
86 108 115
87 109 83
88 110 55
89 111 88
90 112 65
91 113 92
92 114 89
92 115 55
93 116 100
94 117 183
95 118 153
96 119 55
97 120 67
98 121 102
99 122 174
100 123 29
101 123 180
102 124 128
103 125 196
104 126 179
105 126 18
106 127 32
107 127 26
108 128 72
109 128 48
110 129 195
111 130 125
112 131 90
113 131 17
114 131 19
115 132 138
116 132 1
117 133 5
118 133 65
119 134 143
120 134 85
121 135 166
122 136 126
123 137 175
124 138 123
124 139 152
125 140 88
125 141 199
126 142 1
127 143 136
128 144 121
129 145 155
129 146 92
130 147 51
131 148 123
132 149 9
133 150 98
134 151 71
135 152 3
136 153 166
137 154 185
138 155 56
139 156 138
140 157 95
141 158 124
142 159 110
143 160 180
144 161 77
144 162 111
145 163 89
146 164 192
147 165 129
148 166 40
149 167 22
150 168 148
151 169 66
152 170 12
153 171 134
154 172 184
155 173 8
156 173 90
157 174 117
158 175 127
159 175 6
160 176 178
161 177 70
162 178 146
163 179 139
164 180 39
165 181 44
166 182 42
167 183 177
168 184 48
169 185 49
170 186 168
171 187 31
172 188 66
173 188 171
174 189 100
175 190 157
176 191 96
177 192 114
178 193 175
179 193 166
180 194 133
181 195 164
182 196 130
183 197 29
184 198 117
185 198 183
186 199 53
186 200 197
187 201 155
187 202 127
187 203 5
188 204 10
189 205 14
190 206 23
190 207 156
191 208 70
192 209 53
193 210 75
193 211 1
194 212 2
194 213 3
195 214 7
195 215 177
195 216 197
196 217 91
196 218 86
197 219 156
198 220 189
199 221 129
200 222 39
201 223 84
202 224 13
203 225 110
204 225 104
205 226 166
206 227 68
207 227 128
208 228 51
209 229 126
210 229 7
211 229 115
212 230 103
213 230 182
214 230 50
215 231 130
216 232 88
217 233 139
218 234 121
219 235 25
220 235 16
221 236 21
222 237 118
223 238 152
224 239 92
225 240 1
226 240 147
227 241 164
228 242 146
229 243 43
230 244 76
231 245 30
232 246 195
233 246 100
234 247 142
235 248 95
236 249 57
237 250 58
238 251 198
239 251 149
240 252 24
241 253 57
242 253 136
243 254 90
244 255 156
245 256 31
246 257 61
247 258 83
248 259 28
249 260 192
250 261 54
251 262 136
251 263 60
251 264 153
251 265 156
252 266 46
253 267 196
254 268 109
255 269 5
256 270 20
256 271 190
256 272 80
257 273 25
258 274 101
259 275 21
260 276 192
261 277 172
262 278 154
263 279 148
264 280 136
265 281 120
266 282 118
267 283 18
268 283 27
269 284 23
270 285 51
271 286 178
272 287 66
273 288 28
274 289 50
275 290 41
276 291 178
277 292 68
277 293 96
278 294 4
278 295 116
279 296 7
280 297 148
281 298 32
282 299 126
283 300 129
284 301 153
285 302 65
286 303 124
287 304 173
288 305 125
289 306 88
290 307 105
291 308 49
291 309 84
291 310 164
292 311 57
292 312 120
292 313 150
293 314 84
293 315 92
294 316 176
294 317 19
294 318 75
294 319 130
294 320 120
295 321 196
295 322 78
296 323 56
296 324 94
297 325 71
297 326 124
297 327 76
297 328 65
298 329 20
299 330 102
299 331 63
299 332 13
299 333 103
300 334 49
300 335 191
301 336 48
301 337 161
301 338 15
301 339 72
302 340 59
303 341 14
303 342 161
303 343 170
304 344 54
304 345 32
304 346 125
304 347 148
305 348 115
305 349 109
305 350 76
306 351 181
306 352 188
306 353 148
307 354 51
308 355 2
309 355 176
310 355 158
311 355 92
312 356 153
313 356 97
314 356 54
315 356 105
316 357 6
317 358 147
318 358 51
319 359 140
320 359 46
321 359 89
322 359 140
323 360 96
324 361 96
325 361 7
326 362 148
327 363 13
328 363 119
329 364 7
330 364 55
331 365 188
332 365 161
333 365 164
334 365 150
335 366 127
336 367 45
337 367 68
338 367 11
339 368 169
340 369 135
341 369 61
342 369 36
343 369 42
344 370 64
345 371 121
346 371 37
347 371 88
348 371 51
349 372 112
350 373 124
351 374 27
352 374 116
353 374 167
354 374 197
355 375 95
356 376 134
357 377 123
358 378 114
359 379 113
360 379 22
361 379 127
362 380 118
363 381 108
364 381 105
365 382 35
366 383 166
367 384 51
368 385 165
369 386 120
370 387 72
371 388 3
372 389 118
373 390 166
374 391 81
375 392 1
376 393 35
377 393 180
378 394 30
379 394 81
380 395 163
381 395 39
382 396 132
383 397 10
384 398 148
385 399 47
386 399 123
387 399 149
388 400 179
389 401 45
390 402 131
391 403 6
392 404 128
392 405 47
393 406 111
393 407 25
394 408 194
395 409 146
396 410 57
396 411 22
397 412 20
397 413 65
398 414 32
399 415 89
399 416 101
400 417 185
400 418 155
400 419 123
400 420 51
401 421 88
402 422 34
403 423 91
403 424 125
404 425 139
405 426 72
406 427 62
407 428 52
408 429 103
409 430 51
410 431 164
411 432 28
412 432 89
413 432 110
414 433 28
415 434 56
416 435 118
417 436 185
418 437 70
419 438 176
420 439 54
421 439 181
422 440 85
423 441 155
424 442 55
425 443 6
426 444 66
427 445 163
428 445 48
429 446 23
430 446 184
431 447 72
432 447 26
433 448 95
434 449 94
435 450 169
436 450 44
437 450 133
438 451 133
439 452 128
440 453 81
441 454 121
442 455 155
443 456 102
443 457 98
443 458 20
444 459 5
445 460 87
445 461 165
446 462 1
447 463 196
447 464 82
448 465 78
448 466 31
449 467 90
450 468 118
450 469 43
451 470 62
451 471 13
452 472 26
452 473 108
453 474 192
454 475 82
454 476 131
455 477 179
456 478 30
457 479 64
458 480 102
459 481 77
460 481 17
461 481 108
462 482 86
463 482 132
464 483 44
465 483 162
466 484 144
467 485 12
468 486 179
469 487 116
470 488 33
471 488 50
472 489 65
473 490 128
474 491 12
475 491 8
476 491 176
477 492 42
478 493 73
479 494 172
480 495 196
481 496 8
482 497 192
482 498 58
483 499 191
484 500 63
484 501 86
484 502 98
485 503 143
486 504 26
486 505 179
487 506 126
488 507 143
489 508 56
490 509 136
490 510 183
491 511 149
492 512 45
492 513 143
493 514 19
494 515 62
495 516 1
496 517 137
497 518 47
498 519 59
499 520 52
500 521 77
501 522 129
502 523 42
503 524 32
504 525 115
505 526 16
506 527 138
507 528 131
508 529 173
508 530 74
509 531 50
510 532 142
511 533 145
512 534 164
513 535 149
514 536 24
515 537 137
516 538 10
517 539 154
518 539 153
519 540 194
520 541 162
521 542 10
522 543 48
523 544 114
524 544 161
525 545 144
526 545 126
527 546 14
528 547 9
529 548 49
530 548 95
531 549 79
532 549 20
533 550 187
534 551 176
535 552 117
536 553 119
537 554 15
538 555 174
539 556 78
540 557 27
541 558 43
542 559 154
543 560 67
543 561 111
543 562 37
544 563 6
545 564 7
546 565 96
547 566 158
548 567 118
548 568 187
548 569 149
549 570 93
550 571 93
551 572 186
552 573 160
553 574 92
554 575 41
555 576 3
556 577 141
557 577 83
558 578 193
559 578 176
560 579 58
561 580 66
562 580 146
563 581 150
564 582 193
565 583 108
566 584 186
567 585 35
568 586 160
569 587 95
570 587 179
571 588 1
572 589 80
573 589 171
574 590 42
575 591 194
576 592 15
577 592 129
578 593 175
579 594 37
580 594 119
581 595 133
582 596 154
583 597 187
584 597 6
585 598 89
586 599 2
587 600 133
588 600 124
589 600 165
590 601 168
590 602 148
591 603 56
592 604 176
593 605 123
593 606 157
594 607 177
594 608 153
594 609 122
594 610 89
595 611 97
595 612 30
596 613 190
597 614 174
597 615 171
598 616 31
598 617 185
599 618 15
599 619 66
599 620 182
600 621 89
601 622 109
602 623 2
603 624 108
604 625 192
604 626 83
605 627 133
606 628 2
607 629 104
608 630 109
609 631 183
610 632 181
611 633 101
612 634 82
613 635 10
614 636 77
615 637 54
616 638 89
617 639 163
618 640 90
619 641 32
620 642 136
621 643 46
622 644 131
623 645 59
624 646 173
625 647 98
626 648 106
627 649 168
628 650 186
629 651 182
630 651 12
631 652 166
632 653 50
633 654 114
634 655 86
635 656 100
636 657 81
637 658 88
638 659 133
639 660 69
640 661 184
641 661 13
642 662 168
643 663 126
644 664 134
645 665 165
646 666 139
647 667 160
648 668 55
649 669 27
650 670 80
651 671 147
652 672 187
653 673 176
654 674 92
655 675 117
656 676 88
657 677 81
658 678 171
659 679 26
660 680 77
661 681 54
662 682 26
663 683 188
664 684 24
665 685 83
666 686 196
667 686 80
668 687 47
669 688 190
670 689 5
671 689 119
672 690 61
673 691 39
674 691 81
675 692 42
676 693 120
677 694 15
678 695 36
679 696 198
680 697 103
681 697 104
682 698 132
683 699 180
684 700 145
685 700 166
686 700 3
687 700 103
688 700 116
689 700 94
690 700 61
691 700 109
692 700 26
693 700 75
694 700 18
695 700 179
696 700 80
697 700 182
698 700 47
699 700 14
