1 2 60
1 3 1
1 4 10
2 5 36
2 6 12
3 7 82
4 8 38
4 9 39
4 10 15
4 11 30
5 12 20
6 13 60
7 14 84
8 15 66
9 15 76
10 16 83
11 17 77
12 18 85
13 19 32
14 20 43
15 21 33
15 22 68
16 23 76
17 24 8
18 25 7
19 26 79
20 27 78
21 28 79
22 29 82
23 30 49
24 31 17
25 32 50
26 33 87
27 34 49
28 34 88
29 35 18
30 36 51
31 36 71
32 37 55
32 38 24
33 39 39
34 40 82
35 41 74
35 42 83
36 43 20
37 44 46
38 45 45
39 46 24
40 47 51
41 48 38
42 49 13
43 50 18
44 51 89
45 52 63
46 53 61
47 54 65
48 55 61
49 56 60
50 57 14
51 58 85
52 58 1
53 59 22
54 60 45
55 61 2
56 62 78
57 63 73
58 64 55
59 64 38
60 65 83
61 66 71
62 67 18
63 68 24
64 69 88
65 70 57
66 71 76
67 72 59
68 73 88
69 74 6
70 75 86
71 76 49
71 77 60
72 78 65
73 79 49
73 80 32
74 81 81
75 82 37
76 83 32
77 84 61
78 85 15
79 86 76
80 87 13
81 88 1
82 89 10
83 89 87
84 90 68
85 91 60
86 92 46
87 92 38
88 93 40
89 94 42
90 95 22
90 96 63
90 97 17
91 98 64
92 99 23
93 100 82
94 100 75
95 100 7
96 100 39
97 100 2
98 100 42
99 100 3
