1 2 15
1 3 10
1 4 7
2 5 3
3 6 10
3 7 9
3 8 10
4 9 12
4 10 14
5 11 16
6 11 8
7 12 5
8 13 7
9 14 15
10 15 15
11 16 3
12 17 14
13 18 6
13 19 9
14 20 16
14 21 17
15 22 8
15 23 16
16 24 15
17 25 5
18 26 6
18 27 8
19 28 12
20 29 6
21 30 1
22 31 6
23 32 15
24 33 9
25 34 3
26 35 4
27 35 13
28 36 17
29 36 10
30 37 5
31 38 15
32 38 13
33 39 13
34 40 16
35 41 10
36 42 3
37 43 2
38 44 1
39 45 4
39 46 8
40 47 5
40 48 9
41 49 7
41 50 3
42 51 15
42 52 17
43 53 11
43 54 16
43 55 12
43 56 16
43 57 4
44 58 17
45 59 17
46 59 8
47 60 14
48 60 5
49 60 15
50 60 4
51 60 7
52 60 7
53 60 9
54 61 13
55 62 7
56 62 1
57 63 15
58 63 11
59 64 8
60 65 2
61 66 14
62 66 14
63 66 3
64 67 12
64 68 3
64 69 16
65 70 16
66 71 1
67 72 11
68 73 7
68 74 11
69 75 5
70 76 4
71 77 1
72 78 3
73 79 1
74 80 12
74 81 7
74 82 17
74 83 1
75 84 12
76 85 15
77 86 15
77 87 12
78 88 7
79 88 14
80 89 12
81 89 11
82 89 2
83 89 17
84 90 15
85 91 4
86 91 17
87 91 16
88 92 4
88 93 10
88 94 11
89 95 12
90 96 17
90 97 1
90 98 6
91 99 8
92 100 10
93 100 16
94 100 7
95 100 2
96 100 11
97 100 5
98 100 15
99 100 2
