12  12  12  11  13  11  12  12  13  11  10  13
3  3  3  2  3  3  2  2  2  2  2  2
4  3  3  4  4  4  3  3  3  3  3  3
4  4  3  4  4  4  3  3  4  3  3  4
5  5  5  4  5  5  4  4  5  4  5  5
4  4  4  4  4  4  3  3  3  3  4  3
15  15  16  15  15  15  13  13  13  14  14  16
0  0  0  0  0  0  0  0  0  0  0  0
2  3  2  2  3  3  3  2  2  3  3  2
8  8  8  8  9  9  8  8  7  8  7  7
9  8  9  8  9  9  9  9  7  7  8  9
0  0  0  0  0  0  0  0  0  0  0  0
11  9  9  11  10  11  11  10  11  11  9  8
6  5  5  6  5  5  6  5  6  6  6  5
6  5  5  5  5  5  5  5  5  6  6  5
15  15  13  13  13  15  15  16  13  13  15  13
7  9  9  8  9  8  9  8  8  7  7  8
16  13  15  13  15  14  15  16  14  13  15  16
6  5  6  5  5  5  5  6  6  5  5  5
5  6  5  5  6  6  6  6  6  5  6  6
2  2  2  2  3  3  3  2  3  2  2  2
6  5  5  5  5  6  5  6  5  6  6  6
10  11  9  10  8  10  9  11  9  10  9  9
7  7  7  7  7  7  7  6  6  7  6  6
15  16  15  16  14  15  16  16  13  13  15  14
8  8  7  8  8  7  7  8  7  7  7  8
11  13  10  13  12  12  10  10  13  10  10  10
2  2  3  3  3  2  3  3  3  3  3  2
6  6  6  6  7  7  6  6  6  6  7  7
2  2  1  1  1  2  1  1  1  1  1  1
4  3  3  3  3  4  3  3  4  4  4  3
14  16  14  14  13  15  14  15  15  15  14  14
8  8  8  7  7  7  7  8  7  7  7  7
15  13  14  14  13  13  14  16  16  13  16  13
7  7  8  8  7  8  7  7  7  8  7  8
7  7  9  7  9  9  8  9  7  7  8  7
7  8  7  8  7  7  7  8  7  8  8  7
3  3  3  2  2  2  2  2  2  3  2  3
10  12  11  11  9  11  9  11  10  10  9  9
14  12  14  13  14  14  12  12  13  13  13  12
1  2  1  2  1  1  2  2  2  2  2  2
3  2  2  3  3  2  3  2  2  3  2  3
8  7  7  8  8  8  7  8  7  7  8  7
5  4  5  4  4  4  4  5  4  5  5  4
0  0  0  0  0  0  0  0  0  0  0  0
9  8  7  8  8  9  9  9  9  8  9  8
6  7  7  7  6  6  7  6  7  7  7  6
5  5  5  5  5  5  5  4  4  4  5  5
12  10  13  13  13  10  12  13  13  12  13  10
7  7  7  7  8  8  7  8  7  8  8  7
1  2  2  1  1  2  2  1  1  2  2  2
16  13  14  16  14  14  16  14  14  16  14  16
14  13  12  11  13  14  14  14  13  12  14  13
2  2  1  1  2  2  1  2  2  2  2  1
4  3  3  4  4  4  3  4  4  4  4  3
11  10  13  10  10  12  12  13  12  12  10  12
13  11  12  14  13  12  14  13  11  14  14  14
0  0  0  0  0  0  0  0  0  0  0  0
11  10  12  13  10  10  12  12  11  10  12  11
8  8  8  7  7  7  7  7  7  7  8  8
12  15  13  13  15  15  12  12  15  13  15  13
13  11  10  12  12  11  11  10  12  12  12  10
4  4  3  4  3  3  3  4  3  4  4  3
1  2  2  2  2  2  2  1  1  2  2  1
7  7  6  7  6  6  6  7  6  6  6  6
5  4  4  5  4  5  5  5  4  5  5  5
7  7  6  7  7  7  6  7  7  7  7  7
4  3  3  3  4  3  4  3  4  4  4  4
11  12  14  11  14  12  14  11  12  13  14  14
8  8  7  7  9  9  7  7  9  9  8  7
14  11  12  11  13  12  14  14  12  14  13  14
14  14  13  14  15  12  15  12  15  12  13  12
7  9  7  8  8  8  7  7  7  8  9  7
14  12  13  12  12  14  12  14  13  11  12  11
5  5  5  5  5  4  5  5  5  5  4  5
2  2  1  1  1  2  2  1  1  1  2  1
12  15  15  15  12  13  15  13  12  15  15  12
0  0  0  0  0  0  0  0  0  0  0  0
8  7  7  9  8  7  7  9  7  9  7  9
3  3  3  3  2  3  3  3  3  2  3  2
7  9  7  7  9  7  9  7  9  8  8  9
9  11  12  12  9  11  11  10  9  10  10  10
8  10  8  9  11  9  10  8  11  10  10  9
5  6  5  6  5  5  5  6  5  5  6  5
5  4  4  4  5  4  5  5  5  4  5  4
2  3  2  3  3  2  2  3  3  3  3  2
0  0  0  0  0  0  0  0  0  0  0  0
2  1  2  2  2  1  2  1  2  1  1  2
15  12  12  15  14  14  12  15  12  15  14  12
5  4  4  4  4  5  5  5  5  5  5  4
16  15  16  16  16  13  13  16  16  14  13  15
5  6  6  5  6  5  6  5  5  6  6  5
8  7  8  8  8  8  7  8  7  8  8  7
11  10  12  9  12  12  12  11  10  11  10  10
3  4  4  3  4  4  4  3  4  4  3  3
8  8  7  8  7  8  7  8  8  8  8  8
13  13  12  13  15  15  15  13  15  15  13  12
8  7  8  8  8  7  8  7  7  7  8  7
4  4  4  4  4  5  5  5  4  4  4  4
13  13  12  11  13  12  12  12  13  10  10  12
8  9  7  8  7  8  9  7  7  9  7  9
2  1  2  2  1  1  2  2  2  1  1  2
10  12  10  11  11  13  11  12  13  13  13  11
13  13  16  15  15  15  15  13  16  14  15  16
5  4  4  4  5  5  4  5  5  5  4  5
7  8  8  7  7  8  8  8  8  8  8  7
0  0  0  0  0  0  0  0  0  0  0  0
3  2  3  2  2  3  2  2  2  2  3  2
6  5  6  6  6  6  6  5  6  5  6  6
13  15  16  15  14  16  14  14  15  15  16  14
16  13  14  15  16  13  13  16  15  16  15  15
15  16  14  13  14  15  14  16  15  14  16  16
6  6  6  6  6  6  6  7  6  7  7  6
13  16  13  15  15  13  13  15  16  14  13  14
6  6  7  7  6  7  7  7  7  6  6  6
4  5  5  4  5  5  5  4  5  5  5  5
8  9  8  7  7  8  9  7  7  8  7  9
4  4  4  4  5  5  4  5  5  4  5  5
6  6  6  7  7  7  6  6  7  7  7  7
14  13  12  14  12  12  15  13  14  12  14  12
0  0  0  0  0  0  0  0  0  0  0  0
6  5  5  6  6  6  6  5  5  5  5  6
5  5  4  4  4  5  5  4  4  5  4  4
8  8  7  7  7  8  8  7  7  8  7  7
8  7  8  7  7  7  8  9  7  9  9  7
0  0  0  0  0  0  0  0  0  0  0  0
14  14  13  13  15  14  15  12  14  12  13  14
6  7  6  7  6  7  6  6  6  6  7  7
9  11  11  9  9  11  10  8  8  11  8  10
16  15  13  15  16  14  16  14  16  15  16  16
3  2  3  3  2  3  3  2  2  2  2  2
6  6  6  6  7  7  7  6  7  7  6  6
12  11  14  11  12  13  11  11  12  13  14  12
15  13  13  13  14  13  13  13  16  13  14  14
14  13  13  14  13  14  13  14  15  12  14  14
4  5  4  4  4  5  5  5  4  5  5  5
11  8  10  8  11  8  8  9  8  11  11  8
7  7  8  7  8  7  7  7  7  7  7  8
5  6  6  5  6  5  5  5  5  6  5  6
7  7  7  9  9  9  8  9  9  7  8  9
7  8  8  8  7  8  7  7  7  7  8  8
3  4  4  4  3  3  4  4  3  3  3  4
5  5  6  5  6  5  5  6  6  5  5  5
2  3  3  3  3  2  2  3  3  3  2  3
5  5  4  4  4  4  5  4  5  5  4  4
1  2  1  1  1  1  2  1  1  1  1  1
16  13  13  16  16  15  16  16  15  13  13  16
6  6  7  7  6  6  7  7  6  6  7  7
6  6  6  6  5  6  6  5  5  6  5  6
13  13  11  11  11  11  13  13  10  13  10  12
6  6  5  6  5  6  6  6  6  5  6  5
3  4  3  4  3  3  3  3  3  4  4  3
5  5  6  6  5  5  5  6  5  5  5  6
2  2  1  2  2  1  2  1  2  1  1  1
0  0  0  0  0  0  0  0  0  0  0  0
3  3  3  2  2  2  3  2  2  3  3  2
4  4  3  4  3  3  3  4  3  4  3  4
7  7  6  7  6  6  7  6  6  7  7  6
7  6  7  6  6  6  6  7  7  6  6  7
14  14  13  14  13  15  15  14  15  13  14  13
13  10  11  11  12  11  10  13  13  13  13  11
6  7  6  7  7  6  7  7  6  7  6  7
4  4  3  4  3  4  3  3  4  4  4  4
2  3  2  3  3  3  3  3  2  3  3  2
9  9  7  9  7  9  8  9  8  9  8  9
11  11  10  13  12  10  10  13  10  13  12  13
6  6  5  5  5  6  5  5  6  5  6  5
3  3  4  3  4  4  3  3  4  4  4  4
8  10  10  8  10  11  10  8  10  11  10  11
13  12  10  12  10  11  12  12  10  10  10  11
2  2  2  2  1  2  1  2  1  2  2  2
2  2  2  1  1  2  1  2  1  2  1  1
6  6  7  7  7  6  7  6  7  7  6  6
13  10  13  10  12  12  11  12  11  10  11  11
7  6  6  6  7  7  6  7  7  7  7  7
5  4  4  5  4  4  4  5  4  5  4  5
4  4  5  4  5  5  5  4  4  5  4  5
5  5  5  5  6  6  6  5  5  6  5  6
4  5  4  5  4  4  4  4  4  4  5  4
13  14  13  15  15  14  12  15  12  14  14  15
2  2  1  2  2  1  1  2  1  1  2  2
13  14  15  13  14  13  13  15  16  15  14  16
14  13  12  15  15  13  15  13  12  14  13  15
6  7  7  6  7  7  7  7  7  6  7  6
11  8  8  10  9  11  9  10  10  8  10  8
8  7  7  8  7  7  9  7  7  9  8  8
2  2  3  2  2  3  3  3  2  3  2  2
3  3  3  2  3  2  3  3  3  2  3  2
3  4  4  3  4  3  3  3  3  4  3  4
7  7  6  7  6  7  6  7  6  6  7  6
6  7  6  6  6  7  7  6  6  7  7  7
14  14  15  14  13  14  14  14  12  13  15  15
4  5  5  5  5  4  4  4  4  4  4  5
0  0  0  0  0  0  0  0  0  0  0  0
12  15  15  14  14  13  12  14  15  12  13  12
13  10  13  11  11  13  12  10  10  11  13  10
0  0  0  0  0  0  0  0  0  0  0  0
13  10  12  11  10  11  12  10  11  12  11  13
11  9  8  8  10  11  11  8  9  8  9  10
5  5  6  5  5  6  5  6  5  6  5  6
