1 2 1
1 3 1
1 4 1
1 5 1
2 6 1
2 7 1
3 8 1
3 9 1
3 10 1
3 11 1
4 12 1
4 13 1
4 14 1
5 15 1
5 16 1
5 17 1
6 18 1
7 19 1
8 20 1
9 21 1
10 22 1
11 23 1
12 24 1
13 25 1
14 26 1
15 27 1
16 27 1
17 28 1
18 29 1
19 30 1
20 31 1
21 32 1
22 33 1
23 34 1
24 35 1
25 36 1
26 37 1
27 38 1
28 39 1
28 40 1
29 41 1
30 42 1
31 43 1
32 44 1
33 45 1
33 46 1
34 47 1
35 48 1
36 49 1
37 50 1
38 51 1
39 52 1
40 53 1
41 54 1
42 55 1
43 56 1
44 57 1
44 58 1
45 59 1
46 60 1
47 61 1
47 62 1
48 63 1
49 64 1
50 65 1
50 66 1
51 67 1
52 68 1
53 69 1
54 70 1
55 70 1
56 70 1
57 70 1
58 71 1
59 71 1
60 72 1
61 72 1
62 72 1
63 72 1
64 72 1
65 73 1
66 74 1
67 75 1
68 75 1
69 75 1
70 76 1
70 77 1
71 78 1
71 79 1
72 80 1
72 81 1
73 82 1
73 83 1
74 84 1
74 85 1
74 86 1
74 87 1
75 88 1
75 89 1
75 90 1
76 91 1
77 92 1
78 92 1
79 92 1
80 93 1
81 94 1
82 95 1
83 96 1
84 96 1
85 97 1
86 97 1
87 98 1
88 98 1
89 99 1
90 100 1
91 101 1
92 102 1
93 103 1
94 104 1
95 105 1
96 106 1
97 107 1
98 108 1
99 109 1
100 110 1
100 111 1
101 112 1
101 113 1
101 114 1
102 115 1
102 116 1
103 117 1
104 118 1
105 119 1
106 120 1
107 121 1
108 122 1
109 123 1
110 124 1
111 125 1
111 126 1
112 127 1
113 128 1
114 128 1
115 129 1
116 130 1
117 131 1
118 132 1
119 133 1
120 134 1
121 135 1
122 136 1
123 136 1
124 137 1
125 138 1
126 139 1
127 140 1
128 141 1
129 141 1
130 142 1
131 142 1
132 142 1
133 142 1
134 142 1
135 142 1
136 143 1
137 143 1
138 143 1
139 143 1
140 144 1
140 145 1
140 146 1
140 147 1
141 148 1
141 149 1
142 150 1
142 151 1
143 152 1
143 153 1
143 154 1
143 155 1
144 156 1
144 157 1
144 158 1
145 159 1
146 160 1
147 161 1
147 162 1
148 163 1
149 164 1
149 165 1
150 166 1
150 167 1
150 168 1
150 169 1
151 170 1
152 171 1
152 172 1
153 173 1
154 174 1
154 175 1
155 176 1
156 177 1
157 177 1
158 177 1
159 178 1
160 178 1
161 178 1
162 179 1
163 180 1
164 180 1
165 180 1
166 180 1
167 180 1
168 181 1
169 182 1
170 182 1
171 182 1
172 183 1
173 184 1
174 185 1
175 185 1
176 185 1
177 186 1
177 187 1
178 188 1
178 189 1
179 190 1
179 191 1
180 192 1
181 193 1
181 194 1
182 195 1
183 196 1
184 197 1
184 198 1
185 199 1
186 200 1
187 201 1
188 202 1
188 203 1
189 204 1
189 205 1
190 206 1
191 207 1
192 208 1
193 209 1
193 210 1
194 211 1
194 212 1
195 213 1
195 214 1
196 215 1
197 216 1
197 217 1
198 218 1
199 219 1
200 220 1
201 220 1
202 220 1
203 221 1
204 222 1
205 222 1
206 222 1
207 222 1
208 223 1
209 223 1
210 224 1
211 224 1
212 224 1
213 225 1
214 225 1
215 225 1
216 225 1
217 226 1
218 226 1
219 226 1
220 227 1
221 228 1
221 229 1
222 230 1
222 231 1
222 232 1
222 233 1
222 234 1
223 235 1
223 236 1
223 237 1
223 238 1
224 239 1
224 240 1
224 241 1
224 242 1
225 243 1
225 244 1
225 245 1
226 246 1
226 247 1
226 248 1
226 249 1
226 250 1
227 251 1
228 252 1
229 252 1
230 252 1
231 253 1
232 254 1
233 254 1
234 255 1
235 255 1
236 255 1
237 255 1
238 256 1
239 257 1
240 258 1
241 258 1
242 259 1
243 259 1
244 259 1
245 259 1
246 260 1
247 261 1
248 261 1
249 262 1
250 263 1
251 264 1
252 265 1
253 265 1
254 266 1
255 266 1
256 267 1
257 268 1
258 269 1
259 270 1
260 271 1
261 272 1
262 273 1
263 273 1
264 274 1
265 275 1
266 276 1
266 277 1
267 278 1
268 279 1
269 280 1
270 281 1
271 282 1
272 283 1
273 284 1
274 285 1
274 286 1
275 287 1
275 288 1
276 289 1
276 290 1
277 291 1
277 292 1
278 293 1
279 294 1
280 295 1
281 296 1
282 297 1
283 298 1
284 299 1
284 300 1
284 301 1
285 302 1
286 303 1
287 304 1
288 305 1
289 306 1
290 307 1
291 308 1
292 309 1
293 310 1
294 311 1
295 312 1
296 313 1
297 314 1
298 315 1
299 316 1
300 316 1
301 317 1
302 318 1
303 318 1
304 319 1
305 320 1
306 321 1
307 322 1
308 323 1
309 324 1
310 325 1
311 326 1
312 327 1
313 328 1
314 329 1
315 330 1
316 331 1
317 332 1
318 333 1
319 334 1
320 335 1
321 336 1
322 337 1
323 338 1
324 339 1
325 339 1
326 340 1
327 340 1
328 341 1
329 342 1
330 343 1
331 344 1
332 344 1
333 345 1
334 346 1
335 347 1
336 348 1
337 349 1
338 350 1
339 351 1
340 352 1
341 353 1
342 354 1
343 355 1
344 356 1
345 357 1
346 358 1
346 359 1
346 360 1
347 361 1
347 362 1
348 363 1
349 364 1
350 365 1
351 366 1
352 367 1
353 368 1
354 369 1
355 370 1
355 371 1
356 372 1
356 373 1
357 374 1
358 375 1
359 376 1
360 377 1
361 377 1
362 378 1
363 379 1
364 379 1
365 380 1
366 381 1
367 382 1
368 383 1
369 384 1
370 385 1
371 386 1
372 387 1
373 388 1
374 389 1
375 390 1
376 391 1
377 392 1
378 393 1
379 393 1
380 394 1
381 395 1
382 396 1
383 397 1
384 398 1
385 399 1
386 400 1
387 401 1
388 402 1
389 403 1
390 404 1
391 405 1
392 406 1
393 407 1
394 408 1
395 409 1
396 410 1
397 411 1
398 412 1
399 413 1
400 413 1
401 414 1
402 415 1
403 416 1
404 417 1
405 418 1
406 419 1
407 420 1
408 421 1
409 422 1
410 423 1
410 424 1
411 425 1
412 426 1
413 427 1
413 428 1
414 429 1
414 430 1
415 431 1
416 432 1
417 433 1
418 433 1
419 434 1
420 434 1
421 435 1
422 436 1
423 437 1
424 437 1
425 438 1
426 439 1
427 440 1
428 441 1
429 442 1
430 443 1
431 444 1
432 445 1
433 446 1
434 447 1
435 448 1
436 449 1
437 450 1
438 451 1
439 452 1
440 453 1
441 454 1
442 455 1
443 456 1
444 457 1
445 458 1
446 459 1
447 459 1
448 460 1
449 460 1
450 461 1
451 462 1
452 462 1
453 463 1
454 464 1
455 465 1
456 465 1
457 466 1
458 467 1
459 468 1
459 469 1
460 470 1
461 471 1
462 472 1
463 473 1
464 474 1
465 475 1
466 476 1
467 477 1
467 478 1
468 479 1
468 480 1
469 481 1
470 482 1
471 483 1
472 484 1
473 485 1
474 486 1
474 487 1
474 488 1
475 489 1
476 490 1
477 491 1
478 492 1
479 493 1
480 493 1
481 494 1
482 494 1
483 494 1
484 495 1
485 495 1
486 496 1
487 497 1
488 498 1
489 499 1
490 499 1
491 500 1
492 500 1
493 500 1
494 500 1
495 500 1
496 500 1
497 500 1
498 500 1
499 500 1
