1 2 11
1 3 13
1 4 7
1 5 7
2 6 13
2 7 5
2 8 2
2 9 6
3 10 4
3 11 13
3 12 10
3 13 10
4 14 8
4 15 9
4 16 7
4 17 2
5 18 2
5 19 4
5 20 4
5 21 4
6 22 11
7 23 6
8 24 12
9 25 3
10 26 6
11 27 13
12 28 9
13 29 6
14 30 8
15 31 6
15 32 5
16 33 9
17 34 2
18 35 7
19 36 8
20 37 5
21 38 3
22 39 7
23 40 12
24 41 5
25 42 13
26 43 8
26 44 1
27 45 13
28 46 3
28 47 10
29 48 9
29 49 1
30 50 4
31 51 8
31 52 4
32 53 3
32 54 1
33 55 13
33 56 5
34 57 1
34 58 10
35 59 9
36 60 9
37 61 10
37 62 2
38 63 3
39 64 4
40 65 10
41 66 2
42 67 11
43 68 3
44 69 2
45 70 2
46 71 5
47 72 9
48 73 12
49 74 3
50 75 5
51 76 9
52 77 2
53 78 7
54 78 7
55 79 6
56 80 7
57 81 9
58 81 5
59 82 1
60 83 7
61 84 5
62 85 4
63 86 3
64 87 13
65 88 9
66 89 8
67 90 9
68 91 12
69 92 5
70 93 3
71 94 5
72 95 9
73 96 1
74 97 12
75 98 4
76 99 1
77 100 10
77 101 5
77 102 1
77 103 3
78 104 5
79 105 1
80 106 4
80 107 3
81 108 4
82 109 12
83 110 6
84 111 10
85 112 2
86 113 2
87 114 6
88 115 9
89 116 9
90 117 1
91 118 7
92 119 13
93 120 9
94 121 7
95 122 4
96 123 3
97 124 3
98 125 4
99 126 5
100 127 6
101 128 10
102 128 9
103 129 1
104 130 9
105 130 4
106 130 13
107 131 7
108 131 13
109 132 2
110 133 13
111 134 6
112 135 11
113 136 3
114 137 6
115 138 12
116 139 4
117 140 13
118 141 8
118 142 13
119 143 11
120 144 12
121 145 1
122 146 7
123 147 10
124 148 12
125 149 5
126 150 5
127 151 3
128 152 4
129 153 2
130 154 13
131 155 4
132 156 6
133 157 11
134 158 2
135 159 11
136 160 7
137 161 4
138 162 10
139 163 11
140 164 9
141 165 8
142 166 11
142 167 12
143 168 5
144 169 10
145 170 5
145 171 11
145 172 11
146 173 2
147 174 1
148 175 2
148 176 7
149 177 9
149 178 12
150 179 12
151 180 8
152 181 12
153 182 11
154 183 5
155 184 13
156 185 1
157 186 2
158 187 2
159 188 9
159 189 1
160 190 2
160 191 13
160 192 1
161 193 13
162 194 11
163 195 1
164 196 5
165 197 1
166 198 11
167 199 1
168 200 12
169 200 7
170 201 1
171 202 4
172 203 1
173 204 4
174 204 3
175 205 10
176 206 12
177 207 8
178 208 4
179 209 9
180 210 12
181 211 1
182 212 5
183 212 4
184 213 13
185 214 8
186 215 4
187 216 10
188 217 4
189 218 8
190 218 13
191 219 8
192 219 9
193 220 1
194 221 2
195 222 6
196 223 6
197 224 9
198 225 12
199 226 12
200 227 4
201 228 7
202 229 11
203 230 1
204 231 10
205 232 11
206 233 10
207 233 5
208 233 7
209 234 7
210 234 5
211 235 2
212 236 7
213 237 13
214 238 7
215 239 6
216 239 9
217 240 5
218 241 4
219 241 2
220 242 5
220 243 1
220 244 4
221 245 10
221 246 8
221 247 3
221 248 5
222 249 3
222 250 10
222 251 3
222 252 12
223 253 1
223 254 8
223 255 5
224 256 11
224 257 6
224 258 5
225 259 11
225 260 5
225 261 10
226 262 3
226 263 4
226 264 7
226 265 7
227 266 1
227 267 7
227 268 8
227 269 8
228 270 13
228 271 4
228 272 13
229 273 11
229 274 13
229 275 11
230 276 5
230 277 4
230 278 1
230 279 7
231 280 13
231 281 8
231 282 9
231 283 6
232 284 11
232 285 5
232 286 10
233 287 7
233 288 12
233 289 7
234 290 4
234 291 12
234 292 13
234 293 8
235 294 5
235 295 10
236 296 12
236 297 3
236 298 2
237 299 13
237 300 12
238 301 8
238 302 1
239 303 5
239 304 3
240 305 3
240 306 5
240 307 7
241 308 6
241 309 11
241 310 3
241 311 12
242 312 8
243 312 1
244 313 3
245 313 3
246 313 8
247 314 7
248 314 4
249 314 5
250 314 2
251 314 7
252 314 12
253 315 12
254 315 9
255 316 13
256 316 9
257 316 1
258 316 1
259 317 11
260 317 12
261 317 3
262 318 11
263 318 10
264 318 3
265 318 9
266 319 6
267 319 5
268 319 1
269 320 6
270 320 8
271 320 7
272 321 2
273 321 12
274 321 1
275 322 5
276 322 6
277 322 8
278 323 11
279 323 10
280 323 10
281 324 9
282 324 1
283 324 7
284 324 4
285 325 1
286 325 6
287 325 7
288 325 6
289 326 13
290 326 12
291 326 9
292 327 1
293 327 7
294 327 3
295 328 6
296 328 1
297 328 1
298 329 4
299 329 1
300 330 11
301 330 9
302 330 1
303 331 7
304 331 12
305 331 7
306 331 13
307 331 12
308 331 10
309 331 8
310 332 12
311 332 8
312 333 5
313 334 4
314 335 8
314 336 9
315 337 6
316 338 10
317 339 5
318 340 6
318 341 4
319 342 12
320 343 2
321 344 10
322 345 3
323 346 3
324 347 2
325 348 3
326 349 6
327 350 1
328 351 10
328 352 12
329 353 4
330 354 4
331 355 10
332 356 13
333 357 13
333 358 10
334 359 12
335 360 9
335 361 5
336 362 3
337 363 9
338 364 12
339 365 1
339 366 1
340 367 12
341 368 3
342 369 8
343 370 12
344 371 10
344 372 3
345 373 11
345 374 2
346 375 9
346 376 9
346 377 11
347 378 12
348 379 4
349 380 13
350 381 1
351 382 8
351 383 2
351 384 13
352 385 11
352 386 8
353 387 5
354 388 6
355 389 4
356 390 7
357 391 2
358 392 7
359 393 9
360 394 6
361 395 11
362 396 4
363 397 8
364 398 13
365 399 3
366 400 4
367 401 7
368 402 12
369 403 7
370 404 5
371 405 1
372 406 8
373 407 12
374 408 4
375 409 2
376 410 11
377 411 7
378 412 3
379 413 1
380 413 7
381 414 9
382 415 8
383 416 9
384 417 11
385 418 10
386 419 8
387 420 13
388 421 11
389 422 7
390 423 8
391 424 9
392 425 9
393 426 13
394 427 2
395 427 11
396 428 13
397 428 1
398 429 11
399 430 1
400 431 12
401 431 12
402 432 11
403 433 8
404 433 7
405 434 12
406 435 8
407 436 1
408 436 7
409 437 9
410 437 9
411 438 8
412 439 7
413 440 6
414 441 7
415 442 8
416 442 9
417 443 5
418 444 9
419 445 11
420 446 6
421 446 11
422 447 13
423 448 5
424 449 5
425 450 5
426 451 7
427 452 12
428 453 2
429 454 8
430 455 13
431 455 7
432 456 8
433 456 10
434 457 8
435 457 3
436 458 7
437 459 6
438 459 1
439 460 10
440 460 2
441 460 2
442 461 2
443 461 6
444 462 9
445 462 1
446 463 8
447 464 8
448 464 4
449 465 6
450 466 8
450 467 10
451 468 5
452 469 11
452 470 3
453 471 6
453 472 13
454 473 9
455 474 11
455 475 5
455 476 1
456 477 5
456 478 11
456 479 2
457 480 12
458 481 12
459 482 5
459 483 2
459 484 9
460 485 11
461 486 3
461 487 10
462 488 3
462 489 1
463 490 5
463 491 13
464 492 2
465 493 4
466 494 5
467 495 9
468 496 3
469 497 12
470 498 10
471 499 4
472 500 7
473 501 3
474 502 13
475 503 3
476 504 8
477 505 1
477 506 10
478 507 13
479 508 3
480 509 8
481 510 7
482 511 5
483 512 11
484 513 7
485 514 2
485 515 3
485 516 6
486 517 2
486 518 12
487 519 10
488 520 11
489 521 13
489 522 2
490 523 2
491 524 12
492 525 7
493 526 5
494 526 7
495 527 10
496 528 2
497 529 2
498 530 2
499 531 11
500 531 8
501 532 8
502 533 10
503 534 5
504 535 5
505 536 12
506 536 9
507 537 7
508 537 1
509 538 8
510 538 5
511 539 5
512 540 13
513 541 1
514 542 4
515 543 12
516 544 12
517 545 13
518 546 7
519 547 11
520 548 4
521 548 6
522 549 2
523 550 3
524 551 4
525 551 7
526 552 8
527 552 10
528 553 10
529 554 10
530 554 2
531 555 2
532 556 9
533 557 13
534 558 9
535 559 10
536 560 1
537 561 7
538 562 2
539 563 9
540 564 2
541 565 6
542 566 11
543 567 9
544 568 6
545 569 13
546 569 7
547 570 8
548 571 3
549 572 8
550 573 4
551 574 3
552 575 2
553 576 4
554 577 5
555 578 11
555 579 4
556 580 7
557 581 7
558 582 11
559 583 8
560 584 9
561 585 6
562 586 10
563 587 2
563 588 8
564 589 1
565 590 1
566 591 3
567 592 2
568 593 3
569 594 5
570 595 5
571 596 12
572 597 8
573 598 11
574 599 5
575 600 1
576 600 1
577 600 9
578 600 5
579 600 4
580 600 13
581 600 7
582 600 12
583 600 6
584 600 6
585 600 7
586 600 9
587 600 5
588 600 6
589 600 8
590 600 8
591 600 2
592 600 6
593 600 12
594 600 2
595 600 8
596 600 11
597 600 8
598 600 6
599 600 1
