18 18 18 17 17 17 18 17 17 18 18 17 18 18 17 17 17 18 18 18 17 17 18 18 17 18 17 18 18 17 18 17
11 10 11 10 10 10 11 11 11 10 11 10 11 10 10 11 10 10 11 11 10 10 11 10 10 11 11 10 11 11 11 10
3 4 4 4 4 3 4 3 4 4 3 3 3 4 4 4 3 3 3 4 3 3 3 4 3 3 3 3 4 3 3 4
16 17 16 16 16 17 17 17 16 17 17 16 16 16 16 16 17 16 17 16 16 16 17 17 16 16 16 17 17 16 16 17
5 5 4 4 4 5 4 4 5 4 5 5 5 5 4 4 4 4 4 4 4 4 5 5 4 4 5 4 5 4 4 4
17 16 16 16 16 16 17 17 17 17 16 17 16 16 17 16 16 16 16 16 16 16 17 17 17 16 16 16 17 16 16 17
21 20 19 19 20 19 21 20 21 19 19 19 21 19 20 21 21 19 20 21 21 19 20 19 20 19 21 20 20 20 20 21
10 9 9 9 9 10 10 9 9 9 9 10 10 9 10 10 10 9 9 10 10 10 9 10 9 9 10 10 10 10 10 9
6 6 5 6 6 5 5 5 5 6 5 6 5 5 5 6 5 6 5 6 6 6 5 5 6 5 6 5 6 6 5 6
14 14 13 14 13 14 13 13 13 14 14 13 13 14 13 13 13 14 14 14 13 14 14 14 14 13 13 13 13 14 14 13
20 19 21 21 20 20 20 19 19 21 21 21 21 21 21 20 20 21 19 19 19 20 21 19 21 19 20 21 21 21 19 21
13 12 12 13 13 12 12 13 13 13 13 12 13 12 13 13 12 12 12 13 13 13 12 13 13 13 12 12 12 12 13 13
8 8 7 8 8 8 7 8 7 8 8 7 7 8 7 7 8 7 8 8 8 7 8 8 8 7 7 8 7 8 8 7
7 7 7 7 6 6 6 6 7 6 6 7 6 6 6 6 6 6 6 6 6 6 7 7 7 6 6 6 6 7 7 6
2 3 3 2 2 2 2 2 3 3 3 3 2 2 3 3 2 3 2 2 3 2 3 2 3 3 2 2 3 3 2 2
7 7 8 7 8 7 7 7 7 8 8 8 8 7 8 8 8 7 7 7 8 8 7 8 8 7 7 7 8 8 8 7
1 1 2 2 1 1 1 1 2 2 2 1 2 1 1 2 1 1 1 1 1 1 2 1 2 1 1 2 1 2 1 2
17 18 18 17 17 18 17 18 17 18 17 17 17 18 17 18 18 17 17 17 18 17 18 17 18 18 17 17 18 18 17 18
10 9 9 10 9 10 10 10 10 9 10 9 10 9 9 10 9 9 9 10 10 10 10 9 9 10 9 10 10 9 10 10
17 18 17 17 18 18 17 17 18 17 17 17 18 17 18 17 18 18 18 18 17 18 17 18 18 18 18 18 18 18 17 17
18 17 18 17 17 17 18 18 17 18 17 17 17 17 18 17 17 18 17 17 18 18 18 17 18 18 17 17 17 18 17 17
7 6 6 6 7 6 7 6 7 6 6 7 7 7 6 7 7 7 6 7 7 7 6 7 7 7 6 7 6 7 6 6
18 17 17 17 17 18 18 17 18 17 17 18 18 18 17 17 17 17 18 17 18 17 18 17 18 17 18 18 17 17 17 17
19 18 19 19 18 19 19 18 19 19 19 19 19 19 19 19 19 19 19 19 18 18 18 18 18 19 19 18 19 18 19 19
17 17 18 18 18 17 18 17 17 17 18 17 18 18 17 17 18 17 18 17 17 18 17 17 17 18 17 18 18 18 17 17
8 8 7 7 8 7 8 8 8 7 7 7 7 8 8 8 7 8 8 8 7 7 8 7 8 8 7 8 7 7 7 7
18 17 17 17 18 18 18 17 17 18 17 18 18 18 17 18 18 17 18 17 18 17 18 17 18 18 18 18 17 18 18 17
15 15 15 14 14 14 15 14 14 14 15 14 14 15 14 14 14 14 15 15 15 15 15 15 15 15 14 15 15 15 14 15
16 16 17 17 16 16 17 17 17 16 16 16 17 16 16 16 16 16 16 16 17 17 16 17 16 17 16 16 17 16 17 17
16 16 17 17 16 17 16 16 16 16 17 16 17 16 17 16 16 17 16 16 17 16 17 17 16 16 16 16 17 17 17 17
6 5 6 6 5 6 5 5 6 5 6 6 6 6 5 5 6 5 5 5 5 5 5 6 6 6 5 5 6 6 6 5
2 2 3 2 3 2 3 3 2 2 3 3 3 3 2 2 2 2 2 3 2 3 2 3 2 3 3 3 3 3 2 2
7 7 7 8 8 8 7 7 8 7 7 7 8 7 8 7 8 7 8 7 7 7 8 7 8 7 8 7 8 7 8 7
17 17 18 17 17 18 18 18 18 17 18 17 18 17 18 18 17 18 18 18 18 17 17 17 18 17 17 18 17 18 17 18
12 12 13 13 12 13 13 13 13 13 13 13 12 13 13 12 13 12 12 13 12 13 13 12 12 12 13 12 12 13 12 12
5 5 5 6 5 6 6 5 6 6 6 6 5 6 6 6 5 6 5 6 5 6 6 6 6 6 5 5 5 6 5 5
9 10 10 10 9 10 10 10 10 10 9 10 10 9 9 10 10 10 10 9 10 9 10 10 9 10 9 10 10 10 10 10
2 2 1 1 2 1 2 1 1 2 1 2 1 1 2 1 1 1 1 2 1 2 2 2 1 1 2 2 2 2 2 2
18 18 19 19 19 18 18 19 18 19 19 18 18 19 19 19 19 18 18 19 19 19 18 18 18 19 18 18 19 18 19 19
5 5 5 4 4 4 4 4 5 4 5 5 5 4 5 4 5 4 5 5 4 5 5 4 5 4 5 4 5 4 4 5
5 5 5 5 5 5 4 5 5 4 4 4 5 5 5 4 4 5 4 5 4 4 5 5 5 5 4 5 4 5 4 5
20 19 20 19 19 19 19 19 19 20 19 19 20 19 19 20 20 20 20 19 19 19 20 20 19 19 19 19 20 20 20 19
14 13 13 13 14 14 14 14 14 14 13 13 14 14 14 14 13 13 14 13 13 13 14 14 13 14 13 14 14 14 13 14
21 21 19 19 20 21 21 21 19 21 21 21 19 20 20 21 20 21 21 19 20 21 19 21 19 21 21 19 20 19 21 19
3 4 3 3 4 4 4 4 4 4 4 4 4 4 3 3 4 4 3 4 3 3 3 4 3 3 3 4 4 3 3 4
5 6 5 5 6 5 5 5 5 6 6 5 5 5 6 6 6 5 5 6 6 6 5 6 5 5 6 6 6 6 5 6
13 14 14 13 13 13 13 14 14 14 13 13 14 14 14 13 14 14 14 13 13 14 14 13 13 14 13 14 14 14 13 14
17 18 18 18 17 18 18 18 17 17 18 18 17 17 18 18 17 17 17 17 18 18 17 18 17 18 18 18 18 17 18 17
15 15 15 15 15 16 15 16 15 15 16 16 16 16 15 16 15 16 16 15 16 15 16 15 15 16 15 15 15 15 15 15
8 8 8 8 7 8 8 7 7 7 8 8 8 7 8 7 8 7 8 8 7 8 7 8 7 7 7 8 7 7 8 8
15 15 15 14 14 14 15 15 14 14 14 15 14 14 14 15 15 15 15 14 15 15 14 14 14 15 14 15 14 15 14 15
20 20 19 19 20 20 19 20 20 20 19 20 20 19 20 20 20 19 19 20 19 20 20 20 20 20 20 20 20 19 20 19
15 16 16 15 15 15 15 15 16 16 16 16 16 16 15 15 15 16 15 16 15 16 16 16 15 15 16 16 15 15 16 16
6 5 6 6 6 5 5 5 6 6 5 6 5 5 6 5 6 6 6 5 6 5 6 6 5 6 5 6 6 5 6 6
9 8 8 9 8 8 9 9 8 8 9 9 9 8 9 8 8 8 9 9 8 9 8 9 8 9 9 8 9 8 9 8
10 9 9 9 9 10 9 10 9 10 9 10 9 10 10 10 9 9 10 9 10 10 10 9 10 9 10 9 9 10 9 10
3 3 3 2 2 3 3 3 3 2 2 3 2 3 2 2 2 2 2 2 2 3 3 2 3 3 2 2 3 3 3 2
11 12 12 12 12 12 12 11 11 12 11 12 11 11 11 12 12 11 11 12 11 12 12 12 11 11 12 11 12 11 12 11
17 18 17 17 18 18 17 17 17 18 18 18 17 17 18 17 17 18 18 18 17 17 18 17 17 18 18 18 18 17 18 18
19 18 18 19 18 19 18 18 18 19 18 19 19 19 19 18 18 19 19 18 19 19 18 19 18 18 19 19 19 18 19 18
18 17 18 18 17 18 17 17 17 17 17 18 18 17 17 17 17 17 18 17 17 18 17 18 18 17 17 18 18 17 17 18
13 12 12 13 12 12 13 12 12 13 13 13 13 13 13 12 13 13 13 12 12 13 12 12 12 13 13 12 12 12 12 12
7 7 7 7 7 8 7 7 8 8 7 7 8 8 7 7 7 8 8 7 8 7 8 8 7 7 8 7 8 8 8 8
11 11 11 11 11 12 12 11 11 12 11 11 11 11 11 12 11 11 11 11 11 11 12 12 12 12 12 12 11 11 11 11
15 15 14 15 14 15 15 15 14 15 15 14 14 15 15 15 14 15 14 15 15 15 14 14 14 14 15 14 15 14 14 14
4 4 4 5 5 4 5 4 5 5 4 5 5 4 4 5 5 4 4 5 5 5 4 4 4 5 4 5 4 5 4 5
9 9 9 9 9 10 10 10 9 10 10 10 10 9 10 10 10 9 9 9 10 9 10 10 9 10 9 10 9 9 10 10
2 1 1 1 2 2 1 1 1 1 2 1 2 2 2 1 2 2 2 1 2 2 2 1 2 1 2 2 1 1 1 1
8 8 7 7 8 8 7 7 7 7 8 8 8 8 7 8 8 8 7 7 8 8 7 8 7 8 8 7 7 7 7 8
19 19 20 20 20 20 19 19 20 19 19 19 20 20 19 20 20 20 19 19 20 19 20 20 19 20 20 19 20 20 19 19
5 5 6 5 6 6 5 6 6 5 6 5 6 6 5 5 5 5 6 6 6 5 5 5 6 5 6 5 6 6 5 5
4 4 5 5 4 4 5 5 5 5 4 4 4 4 5 4 4 4 5 4 4 4 4 5 4 4 5 4 4 5 4 4
9 9 8 8 9 9 9 9 8 8 8 9 8 8 8 9 8 9 8 9 8 9 9 9 8 8 9 8 8 9 9 8
3 2 3 2 2 3 2 3 2 2 2 3 3 3 2 3 3 2 2 3 3 3 2 2 3 3 2 3 2 3 2 2
11 10 10 10 10 10 10 10 11 10 10 10 10 10 10 10 11 11 10 11 10 11 10 11 11 11 10 10 10 10 11 10
16 17 16 16 16 16 16 17 17 16 16 17 16 17 16 16 16 16 16 17 16 16 17 17 17 17 16 16 16 16 17 16
18 17 17 17 17 17 17 17 17 17 17 18 17 17 18 17 18 17 17 17 17 17 18 17 17 18 17 17 18 18 18 17
14 13 13 14 13 14 14 14 13 13 13 13 13 14 13 14 14 14 14 14 13 13 14 13 13 13 13 13 14 13 13 13
7 7 7 6 6 7 6 6 7 6 6 6 6 7 7 6 6 7 7 6 6 7 7 7 6 6 6 7 7 6 7 6
19 19 18 19 19 19 19 18 19 18 19 18 18 18 19 18 18 19 19 18 18 18 19 19 18 18 18 18 18 19 18 18
4 3 3 3 4 3 4 4 3 4 4 3 3 4 4 4 3 3 4 4 4 3 4 3 4 3 4 4 4 3 3 3
11 12 11 11 12 12 11 12 11 11 12 11 12 12 12 12 11 11 12 11 12 12 11 12 12 11 11 12 12 11 12 12
10 9 10 9 10 9 10 10 9 10 9 10 10 9 9 9 9 10 9 10 10 9 10 9 9 10 10 10 10 9 10 9
13 12 13 13 13 13 13 12 12 12 13 13 13 12 13 12 12 12 13 13 13 12 12 13 12 13 12 13 12 13 12 12
3 2 2 2 3 3 2 3 3 3 2 3 3 2 3 2 2 3 3 3 2 3 2 3 2 2 2 3 3 3 2 2
6 6 6 7 6 7 6 7 7 7 7 6 7 6 6 6 7 6 7 6 6 7 6 7 7 7 7 7 7 7 6 6
8 8 8 7 8 7 8 8 8 7 8 8 7 7 8 8 7 7 8 8 7 7 7 7 7 8 7 8 7 8 7 7
1 2 1 2 2 1 2 1 2 2 2 2 1 2 2 1 1 2 1 2 2 1 1 2 2 2 2 1 1 1 1 2
10 9 10 10 10 9 9 9 10 10 9 10 10 10 9 9 10 9 9 10 9 10 9 9 9 9 9 10 9 9 10 9
9 8 9 9 9 8 8 8 8 9 9 8 9 8 9 9 9 8 9 9 8 8 8 9 8 8 8 8 9 9 9 9
8 8 8 8 9 9 8 9 9 8 8 9 9 9 8 8 8 8 9 9 9 9 8 9 8 9 8 8 9 9 9 9
3 2 3 3 3 3 3 3 3 2 3 3 2 2 3 3 2 2 3 2 3 2 2 2 3 3 3 3 3 3 2 2
8 9 8 8 9 8 9 8 8 8 9 9 9 9 8 8 8 8 8 8 9 8 9 8 9 9 8 9 9 8 8 9
15 15 16 16 16 15 16 15 15 15 15 16 16 15 16 15 15 16 16 16 16 15 15 15 16 16 15 15 15 16 16 15
19 19 18 19 18 19 19 18 18 19 19 19 18 18 19 19 18 19 19 18 19 19 19 19 18 18 18 19 18 18 18 18
18 17 17 17 18 18 17 17 18 18 18 17 17 17 17 18 17 18 18 18 17 17 17 18 17 18 17 17 17 17 17 17
20 20 20 20 20 19 19 20 20 20 19 20 20 19 20 20 19 20 19 20 19 19 20 20 20 20 20 19 20 19 19 20
10 10 9 10 9 9 9 9 9 9 9 10 9 10 10 9 10 9 10 9 9 10 9 10 10 9 10 9 9 10 10 9
6 5 6 5 6 6 5 6 6 5 6 5 5 6 6 6 5 5 5 6 5 6 5 6 6 5 6 6 6 6 5 5
19 18 19 18 19 18 18 19 18 19 19 19 18 19 19 18 19 18 19 19 18 18 19 18 18 19 18 19 19 18 19 19
