1 2 2
1 3 2
1 4 3
1 5 1
1 6 5
2 7 3
3 8 4
3 9 4
4 10 2
4 11 1
4 12 2
4 13 3
5 14 4
6 15 4
7 16 3
8 17 4
9 17 2
10 18 4
11 19 4
12 20 3
13 21 1
14 22 3
15 23 1
16 24 3
17 25 2
18 26 4
19 27 5
20 28 4
21 29 4
22 30 5
23 31 4
24 32 4
25 33 4
25 34 4
26 35 5
27 36 3
28 37 3
29 38 2
30 39 2
31 40 1
32 41 4
33 42 5
34 43 1
35 44 2
36 45 5
37 46 2
38 47 3
39 48 4
40 49 1
41 50 1
42 51 3
43 52 3
44 53 4
45 54 4
46 55 3
47 56 1
48 57 1
49 58 1
50 59 5
51 60 1
52 61 4
53 62 1
54 63 4
55 64 2
56 65 5
57 66 4
58 67 3
59 68 3
60 69 3
61 70 2
62 71 1
63 72 4
64 73 4
65 74 5
66 75 5
67 76 1
68 77 2
69 78 2
70 79 4
71 80 3
72 80 3
73 80 3
74 81 1
75 82 4
76 83 1
77 84 4
77 85 1
78 86 5
79 87 5
80 88 1
81 89 2
82 90 5
83 91 5
84 92 4
85 92 3
86 93 4
87 94 4
88 95 3
89 96 5
90 97 1
91 98 2
92 99 2
93 100 1
94 101 3
95 102 3
96 103 1
96 104 3
97 105 2
98 106 4
98 107 2
99 108 1
100 109 5
101 110 1
102 111 4
103 111 5
104 112 2
105 113 4
106 114 2
107 114 4
108 115 5
109 116 1
110 117 2
111 118 5
112 119 3
113 120 1
114 121 5
115 122 3
116 123 2
117 124 5
118 125 1
118 126 2
119 127 5
120 128 4
121 129 3
122 130 1
123 131 1
124 132 1
125 133 1
125 134 2
126 135 2
127 136 3
128 137 1
129 138 1
130 139 1
131 140 5
132 141 4
133 142 2
134 143 5
135 143 2
136 144 4
137 145 3
138 146 4
139 147 3
140 148 2
141 149 2
142 150 4
143 151 4
144 152 2
145 153 3
146 154 4
147 155 1
148 156 5
149 157 3
150 158 3
151 159 5
152 160 4
153 161 2
154 162 2
155 163 2
156 163 2
157 164 3
158 165 3
159 166 4
160 167 2
161 168 1
162 169 5
163 170 2
164 171 2
165 172 4
165 173 2
166 174 3
167 175 3
168 176 4
169 177 1
169 178 1
170 179 1
171 180 3
172 181 2
173 182 3
174 182 2
175 183 3
176 184 3
177 184 3
178 185 1
179 186 4
180 187 3
181 188 4
182 189 4
183 190 5
184 191 5
185 192 2
186 193 5
187 194 4
188 195 4
189 196 5
190 197 3
191 198 1
192 199 5
193 200 4
194 200 4
195 200 3
196 200 5
197 200 2
198 200 5
199 200 1
