1 2 9
1 3 8
1 4 8
1 5 6
1 6 2
2 7 7
2 8 1
2 9 3
2 10 6
2 11 2
3 12 4
3 13 8
3 14 8
3 15 4
4 16 9
4 17 9
5 18 7
5 19 4
5 20 4
6 21 8
6 22 4
6 23 2
7 24 7
8 24 9
9 25 8
10 25 3
11 26 3
12 27 5
13 27 4
14 28 5
15 28 8
16 29 4
17 30 3
18 31 9
19 32 4
20 33 4
21 34 8
22 35 2
23 36 5
24 37 3
25 38 9
26 38 6
27 38 5
28 39 7
29 40 4
30 41 3
31 42 3
32 43 1
33 44 1
34 45 5
35 45 6
36 46 4
37 47 3
38 48 2
39 49 6
40 50 1
41 51 1
42 52 3
43 53 8
44 54 1
45 54 3
46 55 8
47 56 1
47 57 2
48 58 6
48 59 4
49 60 3
50 61 5
51 62 7
52 63 2
52 64 3
52 65 2
53 66 1
54 67 1
55 68 1
55 69 4
56 70 3
57 71 8
58 72 2
59 73 4
60 74 1
61 75 7
62 76 9
63 77 4
63 78 9
64 79 7
65 80 6
66 81 3
67 82 4
68 83 5
68 84 3
69 85 9
70 86 5
70 87 2
71 88 1
72 89 8
72 90 4
73 91 5
73 92 4
74 93 9
75 94 7
75 95 4
76 96 4
77 97 9
77 98 2
78 99 4
79 100 1
80 101 7
80 102 7
81 103 3
82 104 6
83 105 5
83 106 5
84 107 8
85 108 9
85 109 3
86 110 8
87 111 4
88 111 2
89 111 8
90 111 4
91 111 4
92 112 1
93 112 4
94 112 9
95 112 6
96 113 5
97 113 8
98 113 8
99 113 1
100 114 8
101 114 9
102 115 1
103 115 2
104 115 4
105 115 7
106 116 3
107 116 6
108 116 7
109 117 7
110 118 8
111 119 3
111 120 7
112 121 5
112 122 9
113 123 6
114 124 3
114 125 2
115 126 6
116 127 3
116 128 1
117 129 1
117 130 3
118 131 2
119 132 3
120 133 9
121 134 6
122 135 8
123 136 1
124 137 8
125 138 9
126 138 4
127 139 9
128 140 7
129 141 1
130 142 3
131 143 1
132 144 6
133 145 3
134 146 8
135 147 4
136 148 6
137 149 4
138 150 2
139 151 1
140 152 8
141 153 5
142 154 9
143 155 6
144 156 1
145 157 7
146 158 4
146 159 6
147 160 6
148 161 2
149 162 3
150 163 8
151 164 8
152 165 1
153 166 2
154 167 6
155 168 7
155 169 7
156 170 7
157 171 1
158 172 1
159 173 2
159 174 6
159 175 7
159 176 5
160 177 9
161 178 5
162 179 4
162 180 5
163 181 4
164 182 1
165 183 8
166 184 7
166 185 1
166 186 8
167 187 1
167 188 3
168 189 3
169 189 4
170 189 5
171 190 6
172 191 9
173 191 2
174 191 4
175 192 8
176 193 1
177 193 7
178 194 5
179 194 2
180 194 7
181 195 1
182 196 1
183 196 4
184 197 1
185 197 8
186 198 1
187 199 4
188 199 8
189 200 9
190 200 8
191 200 9
192 200 5
193 200 7
194 200 4
195 200 6
196 200 2
197 200 6
198 200 5
199 200 6
