1 2 18
1 3 31
1 4 57
1 5 10
2 6 48
2 7 58
2 8 16
2 9 27
2 10 34
3 11 30
3 12 37
4 13 30
4 14 45
4 15 14
5 16 10
5 17 41
5 18 9
6 19 47
7 20 21
8 21 3
9 22 56
10 23 16
11 24 16
12 25 9
13 25 18
14 26 8
15 26 26
16 27 17
17 28 50
18 29 50
19 30 39
19 31 10
20 32 32
21 33 18
21 34 10
22 35 20
23 36 53
24 37 15
25 38 54
25 39 53
26 40 18
26 41 49
27 42 49
28 43 47
29 44 45
30 45 6
31 46 57
32 47 53
33 48 55
34 49 38
35 50 11
36 51 49
37 52 27
38 53 36
39 54 30
40 55 26
41 56 26
42 57 51
43 58 53
44 59 12
45 60 49
46 61 4
47 62 32
48 63 4
49 64 3
50 64 59
51 65 23
52 66 17
53 66 49
54 67 18
55 67 16
56 68 47
57 69 56
58 69 29
59 70 54
60 71 14
61 72 5
62 73 54
62 74 31
63 75 56
63 76 8
64 77 17
65 78 27
66 79 51
67 80 35
67 81 49
68 82 13
68 83 31
69 84 35
69 85 17
69 86 37
70 87 15
71 88 32
72 89 22
73 90 39
74 91 42
75 92 48
76 93 27
76 94 14
77 95 3
78 96 9
79 97 47
80 98 40
80 99 4
81 100 50
82 101 33
82 102 41
83 103 34
84 104 6
85 105 31
86 106 2
87 107 59
88 108 9
89 109 19
90 110 25
91 110 2
92 111 35
93 112 53
94 113 40
95 114 26
96 115 4
97 116 49
98 116 31
99 117 37
100 117 43
101 117 26
102 118 31
103 119 52
104 120 24
105 120 16
106 120 58
107 121 34
108 122 38
109 123 39
110 124 37
111 125 16
112 126 27
112 127 32
113 128 25
114 129 10
115 130 37
116 131 7
117 132 10
118 133 8
119 134 42
119 135 47
120 136 38
121 137 19
122 138 26
123 139 19
124 140 55
125 141 16
126 142 44
127 143 32
128 144 7
129 145 48
129 146 57
130 147 15
131 148 8
132 149 3
133 150 17
134 151 17
135 152 57
135 153 8
136 154 48
137 155 19
138 156 15
139 156 42
140 157 27
141 158 19
142 159 22
143 160 5
144 161 40
145 162 44
146 163 14
147 164 3
148 165 47
149 166 29
150 167 19
151 168 36
152 169 32
153 170 49
154 171 50
155 172 51
156 173 30
157 174 11
158 175 58
159 176 30
160 177 6
161 178 47
162 179 20
163 180 25
164 181 49
165 182 23
166 183 51
167 184 53
168 185 15
169 186 46
170 187 19
171 188 19
172 189 44
173 190 54
174 190 20
175 190 7
176 191 29
177 192 26
178 192 58
179 193 44
180 193 55
181 194 30
182 195 36
183 195 48
184 195 5
185 196 31
186 196 44
187 197 36
188 198 54
189 198 29
190 199 27
190 200 15
191 201 5
192 202 43
192 203 41
193 204 59
193 205 15
194 206 25
194 207 58
194 208 7
194 209 49
194 210 7
195 211 28
195 212 51
196 213 39
197 214 46
197 215 56
197 216 10
197 217 46
198 218 14
199 219 37
200 220 28
201 221 49
202 222 25
203 223 32
204 224 51
205 225 55
206 226 17
207 227 15
208 228 52
209 229 5
210 230 57
211 231 53
212 232 45
213 233 55
213 234 10
214 235 14
215 236 43
216 237 14
217 238 10
218 239 53
219 240 36
220 241 12
221 241 41
222 242 58
223 242 18
224 243 31
225 243 9
226 244 40
227 245 32
228 245 29
229 246 40
230 246 28
231 247 18
232 248 26
233 248 32
234 249 28
235 249 53
236 249 27
237 249 48
238 250 35
239 251 4
240 252 26
241 253 29
242 254 3
243 255 42
244 256 25
245 256 6
246 257 33
247 258 24
248 259 3
249 260 27
250 261 54
251 261 48
252 262 38
252 263 2
253 264 47
253 265 28
253 266 19
254 267 10
255 268 4
255 269 40
256 270 23
256 271 59
257 272 27
257 273 16
258 274 31
258 275 29
259 276 53
259 277 51
260 278 16
261 279 19
261 280 47
262 281 26
263 282 10
264 283 28
265 284 33
266 284 8
267 284 2
268 285 5
269 285 29
270 286 5
271 287 12
272 288 14
273 289 30
274 290 3
275 291 15
276 291 45
277 291 21
278 291 50
279 292 30
280 292 13
281 293 33
282 294 32
283 295 40
284 296 24
285 297 8
286 298 8
287 299 2
288 300 27
289 300 24
290 301 28
291 302 14
292 303 9
293 304 48
293 305 38
294 306 4
295 307 52
295 308 59
296 309 15
297 310 13
298 311 57
299 312 44
300 313 57
301 314 21
302 315 25
302 316 36
303 317 52
303 318 20
304 319 47
304 320 52
305 321 3
306 322 37
307 323 2
307 324 49
307 325 30
308 326 45
308 327 13
309 328 4
310 329 41
311 330 5
312 331 7
313 332 26
314 333 28
314 334 11
315 335 53
316 336 49
316 337 35
317 338 55
317 339 23
318 340 47
319 341 43
320 341 51
321 342 39
322 343 55
323 343 15
324 343 59
325 344 13
326 344 37
327 345 16
328 345 37
329 345 17
330 346 6
331 346 8
332 347 38
333 347 27
334 348 15
335 348 32
336 348 31
337 348 22
338 348 25
339 349 21
340 349 4
341 350 53
342 351 51
343 352 23
344 353 38
345 354 25
346 355 48
346 356 12
347 357 38
348 358 49
348 359 58
349 360 15
350 361 15
350 362 58
350 363 11
351 364 2
352 365 36
353 366 5
353 367 18
353 368 11
354 369 32
354 370 49
355 371 40
355 372 39
356 373 17
357 374 10
357 375 4
358 376 25
359 377 7
359 378 40
360 379 46
360 380 51
361 381 50
362 382 45
363 383 12
363 384 22
363 385 13
364 386 52
364 387 25
364 388 4
365 389 51
365 390 8
366 391 18
367 392 36
367 393 42
368 394 5
368 395 38
368 396 29
369 397 9
369 398 14
369 399 30
370 400 39
370 401 36
371 402 49
371 403 18
372 404 36
372 405 14
372 406 42
372 407 50
372 408 33
373 409 38
373 410 6
374 411 56
375 412 44
376 413 28
376 414 47
376 415 25
377 416 47
377 417 44
377 418 56
377 419 20
378 420 13
378 421 45
378 422 45
379 423 22
379 424 40
379 425 4
380 426 38
381 427 11
382 427 21
383 428 46
384 428 6
385 428 47
386 428 27
387 429 53
388 429 43
389 429 16
390 429 9
391 429 29
392 429 35
393 430 50
394 430 40
395 430 2
396 431 58
397 431 26
398 431 3
399 431 11
400 432 35
401 432 51
402 432 53
403 433 5
404 433 8
405 434 49
406 434 40
407 435 55
408 435 39
409 435 54
410 435 4
411 435 49
412 435 18
413 436 3
414 436 9
415 436 11
416 436 39
417 437 19
418 437 43
419 437 53
420 437 25
421 438 8
422 438 16
423 439 40
424 439 8
425 440 59
426 440 27
427 441 44
428 442 5
428 443 29
429 444 4
430 445 17
431 446 43
431 447 54
431 448 36
431 449 37
432 450 44
433 451 14
434 452 5
435 453 27
435 454 47
435 455 38
436 456 39
437 457 46
438 458 48
439 459 8
440 460 56
440 461 47
441 462 27
442 463 12
443 464 3
444 464 25
445 465 41
446 466 16
447 467 44
448 468 1
449 469 16
450 470 22
451 470 41
452 471 21
453 472 6
454 473 31
455 474 15
456 474 59
457 475 30
458 476 8
459 477 32
460 478 44
461 479 35
462 480 15
463 481 15
464 482 12
465 483 6
466 484 15
466 485 39
467 486 12
468 487 34
469 488 56
470 489 12
471 490 39
472 491 48
473 492 40
474 493 21
475 494 14
476 495 55
477 496 10
478 497 16
479 498 43
480 499 15
481 500 6
482 501 13
483 502 9
484 503 24
485 504 32
486 505 47
487 506 49
488 507 42
489 508 57
490 509 43
491 510 32
492 511 28
493 512 12
494 513 55
495 514 14
496 515 23
497 516 16
498 517 21
499 518 27
500 519 49
501 519 55
502 519 33
503 519 17
504 520 25
505 520 5
506 521 36
507 522 33
508 522 4
509 523 40
510 524 45
511 525 27
512 526 12
513 526 52
514 526 1
515 527 25
516 527 35
517 528 13
518 529 54
519 530 19
520 531 36
521 532 43
522 533 51
523 534 24
523 535 17
524 536 47
525 537 2
526 538 19
527 539 58
528 540 30
528 541 39
529 542 12
530 543 9
531 544 19
532 545 32
533 546 34
534 547 54
535 548 15
536 548 40
537 549 4
538 550 1
539 551 40
540 552 19
541 553 35
542 554 34
543 555 6
544 556 20
544 557 26
545 558 11
546 559 45
546 560 6
546 561 48
547 562 11
548 563 17
548 564 21
548 565 35
549 566 1
549 567 10
550 568 48
550 569 48
551 570 46
552 571 35
553 572 29
553 573 43
553 574 2
554 575 46
555 576 55
556 577 16
557 578 30
558 578 18
559 579 52
560 580 52
561 580 49
562 581 2
563 582 41
564 582 29
565 583 50
566 583 17
567 584 14
568 585 44
569 586 31
570 586 2
571 586 35
572 587 5
573 588 56
574 589 47
575 590 6
576 591 57
577 592 47
577 593 42
578 594 34
579 595 27
580 596 17
581 597 48
582 598 58
583 599 38
584 600 12
584 601 35
585 602 15
586 603 3
587 604 38
588 605 44
589 606 55
590 607 56
591 607 8
592 608 59
593 609 44
594 609 54
595 609 6
596 610 23
597 611 41
598 612 26
599 613 46
600 614 22
601 615 51
602 615 55
603 616 49
604 617 7
605 618 12
606 619 14
607 620 10
608 621 32
609 622 22
609 623 49
610 624 7
611 625 41
612 626 9
613 627 38
613 628 24
614 629 57
615 630 33
616 631 57
617 632 29
618 633 2
619 634 24
620 635 18
621 636 25
622 637 41
622 638 5
623 639 2
624 640 10
624 641 25
625 642 51
626 643 42
627 644 59
628 645 1
629 646 30
629 647 1
630 648 18
631 649 31
632 650 7
633 651 43
634 652 41
635 653 48
636 653 33
637 654 42
638 654 1
639 655 17
640 655 54
641 655 3
642 656 13
643 656 33
644 656 4
645 656 36
646 657 39
647 657 42
648 657 54
649 658 3
650 659 2
651 659 31
652 660 31
653 661 27
654 662 41
655 663 34
656 664 37
657 665 30
658 666 26
659 667 23
659 668 16
660 669 21
661 670 27
661 671 15
662 672 59
662 673 42
663 674 31
663 675 50
663 676 6
664 677 6
664 678 24
665 679 32
665 680 24
666 681 18
666 682 30
667 683 53
668 684 8
668 685 37
668 686 53
669 687 34
669 688 6
669 689 24
669 690 7
670 691 11
671 692 19
672 692 52
673 692 21
674 692 8
675 693 38
676 693 23
677 694 17
678 694 55
679 695 2
680 696 6
681 696 36
682 697 13
683 697 25
684 698 9
685 698 49
686 699 39
687 700 43
688 700 48
689 701 6
690 701 21
691 702 37
692 703 46
693 704 24
694 705 52
695 706 5
696 707 22
697 708 54
698 708 17
699 709 3
700 710 53
701 711 29
702 712 36
703 713 23
703 714 39
703 715 42
703 716 51
704 717 5
705 718 45
705 719 16
705 720 28
706 721 20
707 722 30
707 723 2
707 724 46
708 725 28
709 726 29
709 727 18
710 728 14
711 729 21
711 730 4
712 731 3
713 731 16
714 732 10
715 732 31
716 733 48
717 733 51
718 734 22
719 735 51
720 736 44
721 737 30
722 737 40
723 738 24
724 739 48
725 740 54
726 741 17
727 741 9
728 741 29
729 742 45
730 742 52
731 743 28
732 744 19
733 745 55
734 746 50
735 747 8
736 748 51
737 749 47
738 750 39
739 751 31
740 752 22
741 753 39
742 754 6
742 755 18
743 756 54
744 756 25
745 757 2
746 757 3
747 758 22
748 758 8
749 759 14
750 760 22
751 761 8
752 762 28
753 763 27
754 764 29
755 765 33
756 766 22
757 767 10
758 768 54
758 769 9
759 770 13
760 771 29
761 772 23
761 773 16
761 774 3
762 775 9
762 776 21
763 777 9
763 778 33
764 779 13
765 780 17
765 781 25
765 782 30
766 783 26
767 784 31
768 785 46
769 786 17
770 787 43
771 788 46
772 789 28
773 790 13
774 791 56
775 792 24
776 793 58
777 794 15
778 795 49
779 796 20
780 797 31
781 798 42
782 799 4
783 800 53
784 800 19
785 800 26
786 800 42
787 800 21
788 800 6
789 800 20
790 800 14
791 800 40
792 800 51
793 800 17
794 800 37
795 800 46
796 800 29
797 800 40
798 800 18
799 800 25
