1 3 3 1 13 11 2 13 0 0 16 4 2 6 3 15
5 4 3 4 3 0 5 6 4 0 2 3 3 2 6 5
18 16 4 4 17 19 6 15 17 9 10 19 8 8 14 0
4 2 4 2 1 6 6 5 4 0 3 3 0 3 3 1
28 29 4 19 25 26 10 25 8 9 10 2 10 3 1 17
0 1 2 1 0 1 0 1 2 0 2 2 2 1 1 0
2 2 0 2 1 2 1 2 1 2 2 2 0 2 1 1
7 3 15 11 10 9 6 12 18 12 7 17 17 7 0 5
4 20 25 7 10 13 6 3 14 1 25 9 2 16 19 1
2 18 3 4 1 19 15 1 13 2 23 8 11 10 11 9
2 1 2 1 1 1 2 1 0 1 4 4 0 0 3 1
3 4 2 5 5 5 4 5 3 6 6 3 5 5 5 1
11 12 6 11 5 5 0 4 12 12 0 2 12 0 10 6
3 7 7 6 0 1 5 4 7 5 3 6 4 8 4 5
4 3 9 9 9 5 4 7 7 4 6 4 0 8 9 5
29 5 14 30 30 6 15 11 8 13 25 29 24 24 1 2
0 2 0 0 2 0 2 0 2 1 0 1 2 1 2 0
6 3 7 12 4 4 7 8 1 2 0 9 3 6 4 10
11 0 16 8 18 0 9 17 5 17 20 14 10 20 13 1
5 12 14 6 11 13 11 8 3 9 3 14 12 11 4 9
2 0 0 1 0 0 1 0 2 1 1 0 2 1 0 2
1 4 5 4 1 6 4 2 5 0 5 6 3 2 4 5
15 15 1 10 15 4 20 5 7 4 21 22 30 26 32 0
6 7 3 1 2 4 8 6 0 8 7 4 4 4 5 8
16 0 10 18 12 13 0 7 14 4 20 18 14 22 0 10
6 6 0 3 4 5 2 3 7 1 5 5 6 4 4 4
5 10 7 4 14 23 11 1 15 7 9 2 19 10 19 17
4 8 8 5 12 5 4 4 12 15 10 10 10 2 9 11
3 0 1 2 3 6 1 2 4 3 4 0 3 3 6 5
12 19 21 22 6 5 12 15 3 9 5 10 10 11 19 15
16 2 24 23 19 15 8 15 11 24 22 23 11 4 16 26
28 3 4 31 12 22 5 7 17 10 24 4 2 8 8 29
14 6 5 15 24 19 25 27 26 20 12 18 6 21 20 3
5 11 22 19 22 6 23 1 26 17 12 8 0 13 9 14
0 0 4 7 8 6 4 2 5 1 2 7 4 1 3 5
4 2 2 1 1 2 4 0 4 1 3 0 2 2 0 4
11 16 4 5 14 4 12 14 14 0 12 13 1 16 15 13
17 1 14 6 13 3 2 7 14 16 14 0 4 8 13 11
3 3 8 9 6 4 6 9 8 4 5 4 3 6 5 8
5 5 2 9 6 3 2 4 14 5 10 5 12 13 7 3
1 7 2 6 6 8 6 5 5 5 4 6 3 8 3 6
5 3 16 19 1 9 20 23 1 9 6 10 4 4 7 20
2 7 19 22 21 24 13 18 5 29 25 26 24 13 3 15
22 19 20 14 23 19 13 16 24 13 7 28 16 25 7 5
8 11 1 8 12 7 2 11 11 12 10 1 8 5 7 6
23 8 5 3 7 28 29 14 21 9 22 1 28 11 13 11
13 4 25 18 18 2 15 0 22 4 10 2 17 0 17 13
28 19 2 21 6 14 28 13 18 0 13 24 17 26 10 26
10 21 20 16 22 8 8 18 28 16 28 1 17 10 13 2
2 17 24 26 0 27 16 19 17 15 30 29 3 22 12 18
0 0 0 4 4 2 1 0 4 1 0 1 0 1 0 4
5 7 4 8 3 3 8 8 2 7 6 0 3 6 4 8
6 21 10 12 11 24 13 15 18 15 3 24 7 6 21 13
6 20 23 2 25 25 4 13 17 1 8 26 25 12 13 17
2 0 1 0 2 1 0 2 0 2 2 1 1 0 2 2
14 12 6 4 10 14 5 15 13 1 4 5 12 4 3 15
12 0 17 16 14 16 0 17 19 21 17 20 3 1 13 11
11 26 10 2 1 19 11 25 2 24 27 30 28 8 3 9
13 15 7 13 18 19 18 18 4 9 17 0 19 15 14 11
24 22 25 25 7 22 19 27 22 5 5 26 4 11 19 24
5 17 8 14 22 9 19 1 9 5 24 10 4 5 9 16
3 2 6 4 0 8 6 5 3 7 5 8 3 5 7 0
3 1 7 5 2 0 0 4 1 6 4 2 8 8 7 0
17 1 1 19 14 3 24 10 2 17 15 12 11 19 6 22
14 13 15 1 20 18 13 14 2 18 14 9 7 4 17 12
0 4 1 0 5 6 0 3 0 0 1 0 3 3 2 4
15 4 16 2 14 10 7 16 5 2 1 10 5 18 3 18
2 6 16 28 21 5 19 19 22 16 13 19 6 2 25 3
0 3 1 3 0 1 3 6 4 0 6 5 2 4 3 5
1 8 4 0 0 0 7 0 1 9 9 8 10 3 9 2
17 7 15 1 2 15 9 16 0 0 10 20 16 1 15 5
10 8 5 6 0 9 5 9 13 11 9 4 13 5 5 1
21 9 28 6 23 28 11 24 22 11 7 8 27 11 7 24
18 17 14 9 3 12 9 18 19 16 3 7 2 10 6 1
5 2 3 11 2 2 0 7 4 8 5 14 0 6 13 8
12 4 6 5 12 8 15 0 4 20 20 21 10 5 18 7
7 1 4 3 2 8 3 0 2 7 7 0 4 4 7 4
12 14 13 13 7 2 2 16 12 7 10 18 16 20 10 13
0 1 3 8 9 13 10 1 1 15 6 9 3 8 12 6
12 3 10 4 6 10 5 7 6 6 3 9 0 15 14 12
1 5 2 10 7 12 8 3 5 5 2 7 9 3 10 7
1 24 22 15 6 3 22 20 25 21 22 1 7 20 26 13
19 2 27 28 16 19 5 25 28 8 26 10 7 14 23 15
25 25 17 19 19 27 8 21 19 28 4 16 21 20 0 7
11 21 1 2 1 22 9 18 22 1 23 15 16 7 12 0
17 0 15 21 21 2 7 4 10 8 1 17 14 4 9 6
1 6 6 1 6 7 13 13 1 5 1 14 9 2 9 11
16 0 9 5 19 22 3 12 13 17 7 19 21 26 15 12
4 21 16 5 19 24 3 11 28 13 2 11 20 10 4 3
13 17 15 5 13 3 12 9 22 20 8 17 20 5 22 20
29 1 23 11 29 13 23 8 18 30 22 6 15 19 1 5
10 3 23 16 6 14 7 19 20 29 16 24 30 19 11 17
3 5 7 6 11 8 0 1 12 11 2 4 7 8 7 7
10 15 14 9 5 12 4 8 14 18 2 18 14 15 8 8
14 13 0 2 0 3 14 0 2 11 13 8 16 16 4 0
4 0 3 5 5 5 3 8 0 9 6 4 1 8 0 8
20 7 13 18 9 2 4 3 5 15 0 20 12 7 18 16
12 18 21 6 0 6 5 2 20 17 15 24 26 25 19 17
18 17 15 10 5 9 4 11 16 9 8 0 2 0 7 3
9 5 19 20 13 18 15 1 7 10 4 3 9 15 9 5
10 2 1 7 12 2 9 6 7 12 2 11 9 3 0 11
2 0 2 1 2 2 0 2 1 0 1 1 1 1 1 1
10 22 24 16 10 28 14 14 0 11 6 26 22 19 4 12
2 3 5 11 2 10 5 11 11 2 2 11 8 7 8 11
1 8 13 12 6 8 11 6 21 2 20 0 17 6 15 6
0 4 1 4 0 2 4 3 0 4 1 4 4 4 1 3
15 16 12 1 15 20 22 9 6 18 6 22 19 9 6 4
14 1 12 9 23 5 8 0 1 12 20 24 1 25 4 24
0 1 2 0 1 1 4 2 0 4 4 2 4 0 0 0
8 1 3 2 3 7 3 13 0 5 12 12 12 12 12 14
3 11 9 18 5 5 10 0 3 4 18 28 27 0 12 11
2 11 9 3 8 13 1 8 0 1 7 14 11 4 2 6
10 2 1 4 0 10 9 4 9 1 7 1 10 7 4 6
18 6 14 8 8 8 1 21 20 10 11 12 26 19 21 24
8 4 5 9 5 4 6 3 8 8 12 10 0 12 11 0
6 1 0 2 5 5 5 3 2 0 1 6 4 2 6 3
5 3 11 7 4 6 8 3 3 11 6 4 1 11 12 6
0 3 6 2 5 0 5 3 3 2 6 5 3 2 0 4
2 1 1 2 1 1 1 1 1 1 2 1 1 2 2 1
0 1 0 0 0 1 2 0 0 1 1 1 1 0 1 0
0 21 7 2 12 30 17 12 7 15 26 12 10 15 25 27
0 2 3 1 4 1 2 1 2 1 1 0 3 0 2 3
26 3 7 7 25 8 29 12 10 17 17 30 7 15 32 21
4 10 5 9 2 11 8 0 10 13 4 9 3 10 10 1
0 20 22 26 24 25 21 13 11 19 12 9 6 23 5 26
10 0 9 10 14 0 6 11 4 6 3 5 8 3 13 6
0 17 6 6 18 19 12 5 17 9 15 16 13 13 17 21
1 1 0 1 1 2 2 2 0 1 2 2 2 1 0 0
11 27 10 22 12 12 3 10 20 3 11 0 28 2 11 7
15 19 18 4 8 7 12 12 13 19 2 19 9 11 3 13
11 1 21 13 20 8 9 15 0 22 7 5 22 11 14 14
6 12 3 2 12 9 8 5 7 10 8 10 11 5 2 1
2 3 2 3 4 3 1 2 0 2 3 3 2 2 2 2
4 7 3 3 4 7 4 14 12 13 11 8 10 7 2 10
2 2 1 1 0 2 1 1 1 1 1 1 1 1 0 2
12 17 8 21 27 20 24 30 6 7 10 2 26 10 3 11
5 7 7 2 8 7 9 6 10 4 0 3 4 7 8 4
4 10 1 1 13 0 14 13 4 5 4 9 10 13 2 13
3 22 21 5 22 9 6 1 15 9 15 14 2 1 19 21
14 15 27 23 24 22 4 7 13 21 28 13 5 4 12 16
6 7 3 15 8 5 13 6 12 13 4 8 11 10 0 13
4 22 21 18 11 5 16 3 22 20 1 20 3 14 5 9
10 14 13 13 2 23 10 21 8 21 1 12 5 28 13 17
2 2 0 0 1 2 0 0 0 0 2 2 2 0 0 1
17 21 1 12 11 15 13 17 1 20 16 2 0 9 5 8
23 15 3 9 2 30 22 1 11 3 4 2 24 5 13 18
14 3 0 11 12 11 1 6 6 5 8 13 10 10 4 14
10 3 13 0 7 2 11 12 6 29 28 9 6 2 8 5
2 4 1 2 4 2 0 4 4 4 4 2 1 2 2 2
3 5 5 4 0 3 1 6 6 4 4 2 3 5 2 3
0 2 1 2 2 0 2 1 0 1 2 0 2 2 2 1
2 3 9 13 6 12 10 7 18 6 15 4 2 13 8 10
2 6 3 4 9 10 7 2 0 9 2 7 4 6 9 3
8 12 2 4 4 11 3 9 7 6 10 9 9 5 9 3
14 15 17 18 16 1 4 22 15 19 23 11 13 24 18 18
1 13 0 20 3 14 6 25 17 9 13 8 23 21 20 13
4 11 2 14 2 18 16 5 12 7 2 3 10 9 0 20
1 3 2 1 2 6 4 6 1 5 2 5 6 2 5 1
14 12 6 2 3 13 7 13 12 3 13 0 0 3 6 10
17 1 9 0 25 22 30 27 16 2 20 24 11 20 5 27
7 7 7 1 8 2 9 6 7 12 5 8 9 0 11 6
3 19 18 7 15 8 7 16 3 6 14 10 19 0 11 0
3 2 4 0 2 2 4 3 2 2 0 3 3 4 1 2
4 17 1 25 11 24 28 24 7 20 17 17 6 22 2 26
3 2 2 4 3 2 2 0 0 0 1 4 0 2 4 0
9 9 12 6 2 1 9 3 10 4 6 8 3 12 5 11
0 9 6 0 8 0 12 8 21 24 22 10 4 10 3 9
0 2 0 0 1 0 1 1 2 0 0 1 1 2 0 1
0 6 25 0 0 25 12 20 6 0 8 26 24 2 22 16
4 0 1 0 9 2 13 11 11 3 12 10 3 1 13 10
2 7 23 25 25 13 1 25 8 3 19 26 21 6 6 10
13 13 17 0 10 10 3 12 14 13 12 9 3 14 3 11
3 1 0 1 0 2 1 0 2 1 4 2 2 0 3 1
2 2 5 5 0 6 1 6 1 4 4 3 6 2 0 1
12 12 6 11 3 2 9 3 7 1 2 10 2 6 6 10
12 9 2 8 7 2 13 19 6 15 17 8 20 10 16 9
5 5 6 13 11 0 0 8 6 5 2 11 10 3 6 5
1 16 13 5 24 23 0 18 6 18 6 4 0 8 20 5
1 9 4 4 4 10 10 2 3 4 5 5 9 9 6 9
12 5 20 23 19 22 17 11 4 2 15 6 14 8 8 15
3 0 3 3 1 3 3 0 0 3 4 1 2 0 4 4
6 2 3 3 7 5 4 7 4 0 7 4 0 3 5 6
6 0 0 5 6 10 4 5 2 0 7 8 3 5 9 6
28 13 9 6 4 24 0 16 23 25 4 29 30 15 28 19
0 9 12 18 15 3 20 20 21 31 9 24 32 22 26 2
16 11 18 11 10 9 3 13 18 13 5 7 8 5 6 6
1 2 9 4 6 8 0 7 4 9 8 0 4 3 6 5
9 17 16 1 17 1 18 7 13 9 20 7 7 4 11 2
26 32 20 19 12 28 0 23 31 14 14 24 9 19 3 30
2 0 7 9 10 7 8 10 4 10 3 2 3 3 0 8
11 9 23 5 12 5 18 19 28 26 16 27 19 9 20 21
10 3 11 25 19 31 5 2 19 30 5 17 32 4 16 10
5 5 2 3 8 3 5 2 4 4 4 8 7 0 3 4
0 1 1 1 6 4 1 5 3 5 1 1 2 3 1 6
4 7 11 26 4 23 13 19 6 11 4 2 7 20 12 17
6 5 4 11 12 3 6 5 7 11 5 4 4 7 6 6
17 13 22 16 22 2 15 6 11 4 18 11 0 24 19 9
1 1 1 0 2 1 2 2 0 0 1 0 0 1 0 0
10 7 9 5 13 2 3 16 17 0 18 1 2 13 17 15
2 2 0 1 0 1 1 1 2 1 1 0 1 0 2 0
2 5 1 6 2 4 6 3 0 4 4 6 2 4 5 3
18 5 16 3 20 24 1 1 2 7 22 30 8 15 13 0
18 4 3 15 16 8 13 5 4 9 4 1 18 17 13 9
6 0 15 9 15 7 14 5 6 16 13 11 6 7 8 12
10 3 12 6 16 4 5 10 8 12 6 13 7 8 13 4
18 5 19 0 20 20 5 17 17 14 3 1 11 2 2 6
0 3 8 5 0 7 4 0 3 3 5 8 10 10 7 7
30 10 15 12 11 3 4 28 19 13 4 3 8 16 20 0
5 11 7 5 26 14 21 18 25 25 16 19 13 9 10 21
15 9 1 10 18 0 0 21 12 6 2 15 23 15 18 28
9 2 9 13 17 16 2 15 2 18 9 12 2 16 1 9
6 4 4 5 6 3 4 4 2 4 3 6 0 2 2 2
7 16 7 14 0 15 16 8 12 16 14 16 17 1 8 12
7 2 0 5 1 6 7 8 1 1 1 6 2 4 1 4
7 1 17 16 16 6 1 22 12 20 17 19 21 7 16 23
6 4 4 2 7 2 5 5 4 6 1 6 7 1 3 1
1 2 1 0 1 1 2 1 1 0 1 0 2 2 1 1
13 14 6 18 1 3 7 17 0 12 3 18 16 18 10 18
3 9 4 7 10 0 3 6 10 3 3 3 0 7 9 10
10 0 7 2 7 10 4 9 2 1 6 5 0 4 3 7
2 7 9 4 1 18 13 10 18 15 10 2 9 0 8 11
1 19 3 14 3 7 16 16 1 23 20 8 24 9 8 15
4 10 16 24 23 26 22 22 23 0 11 8 15 9 1 26
1 2 3 2 2 2 0 1 4 3 3 4 4 8 8 4
2 0 1 1 1 0 0 1 0 0 0 1 0 0 2 0
1 2 7 3 5 12 5 9 10 4 13 11 13 6 4 13
6 2 5 2 2 5 2 3 2 1 6 1 5 2 4 4
2 28 18 8 12 11 8 2 16 15 2 29 8 3 22 8
3 20 4 25 27 14 15 22 13 23 13 15 9 12 25 12
10 9 4 5 2 10 4 6 0 10 2 4 1 9 8 5
7 8 15 0 6 6 10 5 11 15 0 10 12 2 10 8
10 13 20 5 12 3 19 10 5 10 13 10 13 0 20 19
17 28 16 9 13 1 24 26 27 11 15 23 9 8 14 16
17 8 5 2 8 0 10 17 14 7 5 6 16 5 18 4
9 7 9 2 13 17 0 1 0 20 19 6 8 17 17 5
3 1 14 12 7 2 16 13 2 13 7 11 11 5 3 7
12 1 3 11 0 2 9 10 6 7 8 1 6 9 0 8
0 1 2 4 1 2 1 4 3 0 1 2 4 4 1 0
3 2 8 10 10 5 1 9 2 9 9 3 0 3 2 1
14 0 17 2 10 6 15 1 15 14 19 16 24 3 12 6
13 11 9 6 1 4 1 7 9 0 14 3 9 9 6 9
4 2 0 0 1 5 1 1 3 4 3 4 0 4 1 3
0 0 2 0 2 2 2 1 1 2 2 2 0 0 2 2
7 0 15 14 11 12 8 3 12 13 8 0 16 0 9 15
16 11 9 11 18 8 6 1 3 16 12 15 10 15 18 26
14 5 5 15 8 0 13 10 13 14 15 13 10 11 3 10
5 10 9 7 6 10 9 4 1 3 12 1 8 8 3 10
16 11 11 8 16 14 3 20 16 13 9 2 16 2 2 8
13 13 14 6 5 7 16 5 5 6 1 7 5 12 16 2
6 3 14 10 24 5 7 12 10 8 21 12 19 18 3 5
4 15 5 24 22 3 2 8 21 9 19 18 2 8 5 6
6 1 10 10 5 6 0 9 8 1 6 9 3 4 6 7
10 7 12 10 9 6 5 7 14 14 2 1 1 7 4 16
0 22 1 21 18 13 13 12 16 11 19 3 6 12 11 15
0 0 2 2 1 1 1 1 1 1 2 1 0 2 2 0
0 7 1 6 16 4 11 12 13 1 6 1 5 13 3 5
6 26 26 12 20 14 13 3 20 15 23 24 14 26 0 11
2 1 2 1 1 0 2 0 2 1 0 2 0 2 2 2
14 13 3 5 22 30 24 10 21 9 7 15 23 4 16 10
8 2 8 1 3 11 3 9 2 5 2 0 5 10 3 11
2 13 0 15 12 6 6 1 11 13 8 8 4 10 1 7
0 3 6 2 2 2 5 1 1 3 0 5 1 4 5 3
15 3 17 17 17 18 2 19 15 2 5 10 12 14 2 18
15 15 0 6 11 11 25 26 3 6 15 19 11 7 21 22
15 2 14 14 7 20 15 18 3 22 4 20 18 12 2 1
15 2 0 15 18 16 2 7 12 0 14 17 4 5 2 1
2 1 1 2 2 0 0 1 0 2 2 0 0 2 1 0
12 24 19 4 0 2 0 26 9 8 5 8 28 3 16 25
1 0 5 9 5 2 6 1 0 7 6 9 2 5 2 3
0 2 3 2 0 0 4 1 4 1 4 3 5 3 1 4
1 0 1 2 1 1 1 1 0 2 2 2 1 0 2 0
5 9 2 3 4 2 2 7 10 10 6 8 6 9 0 9
20 13 0 20 21 23 11 7 2 7 2 8 3 18 18 1
19 4 8 8 24 11 12 2 4 22 5 10 19 10 7 4
5 0 1 5 4 4 5 4 3 0 0 6 1 6 6 0
12 3 9 3 14 1 1 5 14 11 0 12 0 13 4 5
1 4 4 2 4 0 1 1 1 2 4 2 2 2 1 0
4 11 8 13 21 7 3 19 14 16 7 0 10 0 7 20
15 5 13 18 14 14 5 19 15 9 19 0 2 0 4 11
6 1 4 8 2 13 0 1 0 9 8 9 5 1 13 4
5 4 14 6 6 6 6 6 0 13 9 12 0 10 3 13
7 25 6 20 3 12 1 5 18 2 13 4 0 7 2 18
24 12 14 10 4 18 13 21 5 0 11 23 6 16 6 7
23 20 10 13 3 10 1 8 15 15 14 4 13 20 10 8
14 7 13 12 6 0 6 0 11 7 0 10 5 10 0 0
14 7 0 18 28 24 15 15 29 29 9 17 20 30 29 0
0 9 4 10 7 9 0 7 5 5 8 4 10 9 5 9
10 0 1 4 10 7 5 3 10 2 2 8 7 5 2 1
3 0 5 16 10 14 8 3 4 11 7 16 2 11 8 18
0 6 8 4 4 8 3 8 2 3 3 3 5 8 4 6
11 8 5 7 3 12 5 11 11 11 12 8 11 1 3 14
3 1 6 6 6 3 2 4 8 7 3 7 3 4 5 5
3 1 7 3 10 6 9 8 8 2 2 6 1 6 3 4
2 5 4 7 2 3 1 1 5 6 5 6 7 1 4 5
23 7 0 16 7 0 15 8 7 7 16 13 8 19 0 11
2 4 2 0 0 2 2 4 1 0 1 2 1 1 1 1
12 4 6 21 17 26 1 5 31 32 30 1 10 0 27 3
2 0 1 1 1 1 2 2 0 2 0 1 2 2 1 2
7 9 19 5 9 7 22 19 0 27 17 10 14 23 22 0
20 6 0 22 1 21 9 4 17 11 12 4 22 2 16 17
