1 2 29
1 3 29
1 4 5
1 5 18
1 6 18
2 7 11
2 8 25
3 9 27
3 10 14
3 11 17
3 12 13
3 13 17
4 14 3
4 15 25
4 16 18
5 17 29
5 18 11
5 19 24
5 20 21
5 21 19
6 22 29
6 23 20
6 24 14
7 25 23
8 26 5
9 27 11
10 28 11
11 28 2
12 29 13
13 30 22
14 31 11
15 32 17
16 33 21
17 34 23
18 35 11
19 36 14
20 36 28
21 37 12
22 38 25
23 39 29
24 40 4
25 41 15
26 42 24
27 43 11
28 44 8
29 45 29
30 46 11
31 47 19
32 48 19
33 49 23
34 50 13
35 51 10
36 52 5
37 53 25
38 54 21
39 55 12
40 56 18
41 57 24
42 58 21
43 59 1
44 60 17
45 61 6
46 62 29
47 63 18
48 64 15
49 65 4
50 66 25
51 67 20
52 68 25
53 69 17
54 70 23
55 71 13
56 72 20
57 73 15
58 74 23
59 75 22
60 76 1
61 77 19
62 78 7
63 79 25
64 80 13
65 81 6
66 82 4
67 83 3
68 84 23
69 85 16
70 86 5
71 87 25
72 88 26
73 89 15
74 90 9
75 91 22
76 92 10
77 93 6
78 94 15
79 95 16
79 96 27
80 97 2
81 98 8
82 99 3
83 100 5
84 101 23
85 102 19
86 103 21
87 104 8
88 105 27
89 106 8
90 107 11
91 108 15
92 109 9
93 110 16
94 111 5
94 112 5
95 113 8
96 114 1
97 115 21
98 116 20
99 117 22
100 118 22
101 119 7
102 120 4
103 121 23
104 122 21
105 123 11
106 124 5
107 124 15
108 125 9
109 126 23
110 127 24
111 128 18
112 129 16
113 129 12
114 130 21
115 131 5
116 132 11
117 133 26
118 134 8
119 135 8
120 136 29
121 137 5
122 138 21
123 139 8
124 140 8
125 141 17
126 142 25
127 143 3
128 144 16
129 145 27
130 146 26
130 147 3
131 148 22
132 149 24
133 150 16
134 151 13
135 152 2
136 153 10
136 154 21
137 155 17
138 156 29
139 157 20
140 158 28
141 159 22
142 160 15
143 161 11
144 162 24
145 163 2
146 164 18
147 165 1
148 166 26
149 167 23
150 168 14
151 168 4
152 169 19
153 170 20
154 171 10
155 172 20
156 173 24
157 173 12
158 174 1
159 175 6
160 176 15
161 177 13
161 178 17
162 179 28
163 180 8
164 181 6
165 182 1
166 183 22
167 184 15
167 185 21
168 186 14
169 187 12
170 188 5
171 189 14
172 190 1
173 191 18
174 192 14
175 193 15
176 194 28
177 195 8
178 196 6
179 197 14
180 198 17
181 199 19
182 200 22
183 201 3
184 202 9
185 203 7
186 204 21
187 205 21
188 206 9
189 207 12
190 208 4
191 209 16
192 210 12
193 210 19
194 211 20
195 212 14
196 213 8
197 214 13
198 215 13
199 216 18
200 217 8
201 218 19
202 219 26
203 220 28
204 221 12
205 222 3
206 223 14
207 224 4
208 225 19
209 225 22
210 226 15
211 227 4
212 228 29
213 229 1
214 230 2
215 231 23
216 232 13
217 233 19
218 234 14
219 235 16
220 236 23
221 237 22
222 238 23
223 239 12
224 240 28
225 241 7
226 242 23
227 243 7
228 244 26
229 245 24
230 246 7
231 247 8
232 248 5
233 249 6
234 250 19
235 251 21
236 252 4
237 253 8
238 253 17
239 254 3
240 255 2
241 256 17
242 257 10
243 258 25
244 259 12
245 260 19
246 261 9
247 262 12
248 263 17
249 264 21
249 265 13
250 266 29
251 267 23
251 268 13
252 269 4
253 270 7
254 271 20
255 272 14
256 273 29
256 274 20
257 275 14
258 276 15
259 277 2
260 278 26
261 279 14
262 280 14
263 281 4
264 282 16
265 283 3
266 284 19
267 285 13
268 286 2
269 287 24
270 288 18
271 289 10
272 290 16
273 291 16
274 292 25
275 293 7
276 294 19
277 295 5
278 296 26
279 297 23
280 298 17
281 299 29
282 300 24
283 301 28
284 302 26
285 302 6
286 303 16
287 304 25
288 305 7
289 306 29
290 306 18
291 307 10
292 307 24
293 308 9
294 309 14
295 310 9
296 311 16
297 312 2
298 313 19
299 314 10
300 315 12
301 316 28
302 317 7
303 318 22
304 319 11
305 320 8
306 321 11
307 322 22
308 323 14
309 324 15
309 325 11
309 326 14
310 327 19
311 328 26
312 329 16
313 330 25
314 331 8
315 332 5
316 333 15
317 334 6
318 335 23
318 336 22
319 337 3
320 338 13
321 339 18
322 340 8
323 341 9
324 342 21
325 343 24
326 344 24
327 345 20
328 346 11
329 347 10
330 348 24
331 349 20
332 350 23
333 351 10
334 352 5
335 353 28
336 354 19
337 355 27
338 356 20
339 357 4
340 358 28
341 359 17
342 360 19
343 361 10
344 362 10
345 363 13
346 363 17
347 364 12
348 364 3
349 365 28
350 366 22
351 367 12
352 368 5
353 369 4
354 370 23
355 371 7
356 372 15
357 373 16
358 374 11
359 375 28
360 376 24
361 377 9
362 378 11
363 379 21
364 380 6
365 381 26
366 382 29
366 383 5
367 384 19
368 385 2
368 386 16
369 387 22
370 388 11
371 389 14
372 390 18
373 391 10
374 392 13
375 393 9
376 394 23
377 395 29
378 396 8
379 397 4
380 398 7
381 399 11
382 400 3
383 401 21
384 402 4
385 403 19
386 404 16
387 405 27
388 406 14
389 407 28
390 408 21
391 409 9
392 410 17
393 411 5
394 412 16
395 413 4
396 414 2
397 415 4
398 416 17
399 417 28
400 418 23
401 419 24
402 420 12
403 421 23
404 422 16
405 423 28
406 424 6
407 425 12
408 426 14
409 427 14
410 428 23
411 429 26
412 430 28
413 431 13
414 431 24
415 432 4
416 433 14
417 434 6
418 435 9
419 436 2
420 437 1
421 437 14
422 438 27
423 439 13
424 440 15
425 441 18
426 441 1
427 442 18
428 443 22
429 444 14
430 445 23
431 446 23
432 447 24
432 448 17
433 449 4
434 450 29
435 451 4
436 452 16
436 453 25
437 454 3
438 455 9
439 456 8
440 457 15
441 458 24
442 459 12
443 460 23
443 461 4
444 462 10
445 463 1
446 464 26
447 465 27
448 466 23
449 467 2
450 468 10
451 469 23
452 469 25
453 470 9
454 471 14
455 472 12
456 473 29
457 473 19
458 474 10
459 475 26
460 476 4
461 477 29
462 478 8
463 479 20
463 480 12
464 481 27
465 482 7
466 483 15
467 484 14
468 485 6
468 486 19
469 487 23
470 488 5
471 489 5
472 490 27
473 491 8
474 492 1
475 493 8
476 494 8
477 495 7
478 496 4
479 497 9
480 498 7
481 499 7
482 500 21
483 501 14
484 502 18
485 503 5
486 504 15
487 505 28
488 506 10
489 507 29
490 508 3
491 509 15
492 510 3
493 511 9
494 512 18
495 513 9
496 514 28
497 515 5
498 516 6
499 517 14
500 518 15
501 519 16
502 520 25
503 521 18
504 522 25
505 523 3
506 524 10
507 525 24
508 526 5
509 527 1
510 528 4
511 529 14
512 530 21
513 531 5
514 532 26
515 533 16
516 533 18
517 534 17
518 535 25
519 536 21
520 537 22
521 537 22
522 538 19
523 539 3
524 540 6
525 541 14
526 542 9
527 543 4
528 544 13
529 544 28
530 545 28
531 546 23
532 547 25
533 548 26
533 549 16
534 550 24
535 551 13
536 552 12
537 553 14
538 554 9
539 555 13
540 556 20
541 557 14
542 558 19
543 559 15
544 560 4
545 561 20
546 562 28
547 563 16
547 564 8
548 565 9
549 566 22
550 567 21
551 568 26
552 569 7
553 570 3
554 571 25
555 572 15
556 573 17
556 574 7
557 575 6
558 576 11
559 577 22
560 578 19
561 579 9
562 580 29
563 581 27
564 581 11
565 582 23
566 583 16
567 583 22
568 584 9
569 585 2
570 586 29
571 587 9
572 588 11
573 589 17
574 590 21
575 590 28
576 591 21
577 592 17
578 593 14
579 594 21
580 595 13
581 596 22
581 597 1
582 598 11
582 599 21
583 600 22
584 601 27
585 602 12
585 603 1
586 604 9
587 605 25
588 606 3
589 607 24
590 608 23
591 609 10
592 610 7
593 611 17
594 612 28
595 613 15
596 614 12
597 615 6
598 616 28
599 617 23
600 618 20
601 618 14
602 619 17
603 620 15
604 620 19
605 621 9
606 622 13
607 622 7
608 623 26
609 624 15
610 625 8
611 626 9
612 627 9
613 628 3
614 629 22
615 630 25
616 631 24
617 632 29
618 633 23
618 634 21
619 635 21
620 636 20
621 637 23
622 638 23
623 639 16
624 640 21
625 641 17
626 642 8
626 643 5
626 644 16
627 645 25
628 646 23
629 647 4
630 648 11
631 649 19
632 650 19
633 651 10
634 652 18
635 652 15
636 653 14
637 654 3
638 655 18
639 656 23
640 657 4
641 658 22
642 659 20
643 660 7
644 661 14
645 662 11
646 663 9
647 664 28
648 665 20
649 666 7
650 667 1
651 668 17
652 669 23
653 670 9
654 671 6
655 672 26
656 673 14
657 674 25
658 675 22
659 676 12
660 677 7
661 677 16
662 678 2
663 679 5
664 680 22
665 681 19
666 682 10
667 683 13
668 684 12
668 685 22
669 686 11
670 687 23
671 688 5
672 689 20
673 690 13
674 691 17
675 692 4
675 693 17
676 694 13
677 695 23
678 696 19
679 697 22
680 698 6
681 699 9
682 700 13
683 701 27
684 702 26
685 703 29
686 704 20
687 705 2
688 706 8
689 707 23
690 708 12
691 709 24
692 710 26
693 711 7
694 712 2
695 713 14
696 714 28
697 715 25
698 716 10
699 717 16
700 718 15
701 719 11
702 720 22
703 721 25
704 722 10
705 723 4
706 724 8
707 725 18
708 726 18
709 726 8
710 727 18
711 727 17
712 728 5
713 729 1
714 729 18
715 730 8
716 731 22
717 732 16
718 733 4
719 734 5
720 735 17
721 736 4
721 737 2
722 738 29
723 739 16
724 740 26
725 741 2
726 742 22
726 743 22
727 744 21
727 745 9
728 746 24
729 747 15
730 748 7
731 749 19
732 750 9
733 751 22
734 752 3
735 753 5
736 754 19
737 755 27
738 756 24
739 757 29
740 758 22
741 759 28
742 760 28
743 761 7
744 762 19
745 763 17
746 764 3
747 765 24
748 766 14
749 767 18
750 768 16
751 769 6
752 770 26
753 770 23
754 771 8
755 772 3
756 773 15
757 774 11
758 775 27
759 776 17
760 776 24
761 776 25
762 777 22
763 778 16
764 779 10
765 780 29
766 781 20
767 782 25
768 783 23
769 784 13
770 785 28
770 786 26
771 787 20
772 788 16
773 789 11
774 790 2
774 791 14
775 792 4
776 793 24
777 794 10
778 795 13
778 796 5
779 797 10
780 798 1
781 799 18
782 800 26
783 801 28
784 802 29
785 803 26
786 804 20
787 805 26
788 806 12
789 807 16
790 808 17
791 809 25
792 810 23
793 811 16
794 812 28
795 812 23
796 813 14
797 814 12
798 815 5
799 815 23
800 816 16
801 817 21
802 818 6
803 819 6
804 820 19
805 820 24
806 821 1
807 822 9
808 823 25
809 824 4
810 825 8
811 826 6
812 827 4
813 828 29
814 829 14
815 830 8
816 831 10
817 832 15
818 833 7
819 834 23
820 835 9
821 836 21
821 837 2
822 838 21
823 839 26
824 840 7
825 841 26
826 842 23
827 843 28
827 844 14
828 845 21
829 846 6
830 847 20
830 848 27
831 849 6
832 850 21
833 851 4
834 852 26
835 853 27
836 854 7
837 855 22
838 856 25
839 857 26
840 858 18
841 859 10
842 860 24
843 861 5
844 862 7
845 863 23
846 864 16
847 865 19
848 866 18
849 867 9
850 868 22
851 869 20
852 870 24
853 871 5
854 872 15
855 873 20
856 874 13
857 875 14
858 876 3
859 877 17
860 878 12
861 879 5
862 880 6
863 881 20
864 882 2
865 883 29
866 884 23
867 885 10
868 886 27
869 887 27
870 888 1
871 889 26
872 890 24
873 890 12
874 891 13
875 891 6
876 892 25
877 893 7
878 894 3
879 895 23
880 896 15
881 897 22
882 898 28
883 899 17
884 899 14
885 900 16
886 900 23
887 900 17
888 900 18
889 900 7
890 900 25
891 900 25
892 900 28
893 900 9
894 900 24
895 900 11
896 900 23
897 900 2
898 900 11
899 900 19
