1 2 2
1 3 2
1 4 1
2 5 3
2 6 1
2 7 3
2 8 3
3 9 2
3 10 1
3 11 1
4 12 2
4 13 2
4 14 1
5 15 3
6 16 3
7 17 3
7 18 3
7 19 2
8 20 1
9 21 1
10 22 2
11 23 2
12 24 3
13 25 3
14 26 1
15 27 1
16 28 1
17 29 3
18 30 2
19 31 1
20 32 2
21 33 1
22 34 1
23 35 3
24 36 1
25 37 3
26 38 3
27 39 1
28 40 1
29 41 1
30 42 1
31 43 1
32 44 2
33 45 3
34 46 3
35 47 3
36 48 3
37 49 2
38 50 3
39 51 1
40 52 1
41 53 3
42 54 2
43 55 3
44 56 1
45 57 2
46 58 2
46 59 3
47 60 1
48 61 1
49 62 1
50 63 2
51 64 1
52 65 3
53 66 2
54 67 2
55 68 3
56 69 1
57 70 1
58 71 2
59 71 2
60 72 3
61 73 3
62 74 3
63 75 3
64 76 3
65 77 3
66 78 1
67 79 3
68 80 3
69 81 1
70 81 3
71 82 3
72 83 1
73 83 2
74 84 2
75 85 3
76 86 3
77 86 2
78 86 1
79 86 1
80 87 3
81 88 1
82 88 1
83 88 3
84 89 3
85 89 2
86 90 2
86 91 3
86 92 2
86 93 2
87 94 1
87 95 1
87 96 3
87 97 3
88 98 1
88 99 3
88 100 1
89 101 3
89 102 1
89 103 1
89 104 2
90 105 3
91 106 1
92 107 2
93 108 3
94 109 1
95 110 1
96 111 1
97 112 1
98 112 2
99 113 2
100 113 3
101 113 1
102 114 3
103 115 2
104 116 1
105 117 3
106 118 1
107 119 3
108 120 2
109 121 1
110 122 1
111 122 3
112 123 3
113 124 1
114 125 3
115 126 1
116 127 3
117 128 3
117 129 2
118 130 2
119 131 1
120 132 1
121 133 3
122 134 2
122 135 2
123 136 1
124 137 1
125 138 1
126 139 1
127 140 1
128 141 1
129 142 2
130 143 1
131 144 2
132 145 2
133 146 1
134 147 3
135 148 2
136 149 2
137 149 1
138 150 3
139 151 1
140 152 2
141 153 1
141 154 1
142 155 3
143 156 2
144 157 3
144 158 2
145 159 3
146 160 2
147 161 1
148 162 3
149 163 1
150 164 3
151 165 2
151 166 2
152 167 2
153 168 1
154 168 2
155 169 3
156 170 1
157 170 1
158 171 2
159 171 3
160 172 3
161 173 1
162 174 1
163 174 1
164 175 2
165 176 3
166 177 1
167 178 3
168 179 3
169 180 1
170 181 1
170 182 3
171 183 3
172 184 3
172 185 2
173 186 3
174 187 1
174 188 3
175 189 2
175 190 1
176 191 3
176 192 2
177 193 3
178 194 3
179 195 1
180 195 1
181 196 1
182 197 1
183 197 2
184 198 2
185 198 1
186 199 1
187 199 3
188 199 1
189 200 3
190 200 1
191 201 1
192 202 1
193 202 3
194 203 2
195 204 3
196 205 3
197 206 2
197 207 1
198 208 2
199 209 2
199 210 3
200 211 1
201 212 1
201 213 3
202 214 1
203 215 3
204 216 1
205 217 2
206 218 1
207 219 3
208 220 2
209 221 2
210 222 1
210 223 1
211 224 1
211 225 1
211 226 1
212 227 3
212 228 2
212 229 2
213 230 1
214 231 1
215 232 2
215 233 2
216 234 3
217 235 1
218 236 2
219 236 1
220 237 1
221 237 3
222 237 3
223 238 2
224 239 3
225 240 3
226 240 1
227 241 1
228 242 3
229 243 3
230 244 2
231 244 3
232 245 1
233 245 3
234 246 3
235 247 1
236 248 2
237 249 1
238 250 3
239 251 2
240 252 3
241 253 2
242 254 1
243 255 3
244 256 2
245 257 2
246 258 1
247 259 3
248 260 3
249 261 2
250 262 1
250 263 3
251 264 3
252 265 2
253 266 3
254 267 3
255 268 1
255 269 1
256 270 3
257 271 1
258 272 1
258 273 2
258 274 3
258 275 2
259 276 2
259 277 1
259 278 2
259 279 2
260 280 3
260 281 1
260 282 2
260 283 2
261 284 3
261 285 3
261 286 2
262 287 2
262 288 3
262 289 2
262 290 2
263 291 2
263 292 3
263 293 3
264 294 1
264 295 3
264 296 1
265 297 1
265 298 1
265 299 3
266 300 3
266 301 3
266 302 1
266 303 3
267 304 3
267 305 2
267 306 2
268 307 2
268 308 2
268 309 1
268 310 1
269 311 1
269 312 3
269 313 2
270 314 3
270 315 2
270 316 3
270 317 2
271 318 1
271 319 3
272 320 3
273 320 1
274 320 3
275 320 2
276 321 2
277 321 3
278 321 1
279 321 3
280 322 1
281 322 1
282 322 1
283 322 2
284 323 2
285 323 2
286 323 3
287 323 3
288 323 2
289 323 2
290 324 3
291 324 3
292 324 2
293 324 1
294 324 3
295 324 2
296 324 1
297 325 3
298 326 2
299 326 1
300 326 2
301 327 1
302 327 3
303 327 1
304 327 2
305 327 1
306 327 1
307 327 3
308 327 3
309 328 2
310 328 1
311 328 3
312 329 3
313 329 2
314 329 1
315 329 1
316 329 3
317 329 1
318 329 2
319 329 2
320 330 1
321 331 2
322 332 3
323 333 1
324 334 1
325 335 1
325 336 2
326 337 2
327 338 2
328 339 3
329 340 1
330 341 2
331 342 3
332 343 1
333 344 2
334 345 3
335 345 2
336 346 1
337 347 3
338 348 3
339 349 1
340 350 3
341 351 1
342 352 2
342 353 3
343 354 1
343 355 3
344 356 3
345 357 3
346 358 3
347 359 2
347 360 3
348 361 3
349 362 2
349 363 3
350 364 1
351 365 1
352 366 2
353 367 1
354 368 1
355 369 2
356 369 1
357 370 1
358 370 1
359 370 3
360 371 3
361 372 1
362 373 2
363 374 2
364 375 2
365 376 2
366 377 1
367 378 3
368 379 1
369 380 2
370 381 1
371 382 1
372 383 3
373 384 1
374 385 3
374 386 2
375 387 2
376 388 3
376 389 1
377 390 1
378 391 3
379 392 1
380 393 1
381 394 3
382 395 2
383 396 3
383 397 2
384 398 3
385 399 2
385 400 1
386 401 3
387 402 2
388 403 1
389 404 3
390 404 2
391 404 2
392 405 3
393 406 3
394 407 2
395 407 3
396 408 2
397 409 2
398 409 3
399 409 2
400 410 2
401 411 1
402 412 1
403 413 2
404 414 2
404 415 1
405 416 2
406 417 3
407 418 3
408 419 1
409 420 1
410 421 3
410 422 3
411 423 2
412 424 3
413 425 3
414 426 2
415 427 1
416 428 3
416 429 1
417 430 2
418 431 2
419 432 1
419 433 3
420 434 1
420 435 1
421 436 3
422 437 2
423 438 3
424 439 1
425 440 3
426 441 1
427 441 2
428 442 3
429 443 3
430 444 3
431 445 2
432 446 2
433 447 3
434 448 3
435 449 2
436 450 3
437 450 3
438 451 3
439 452 2
440 453 2
441 454 1
442 455 2
443 456 3
444 457 1
445 458 2
446 459 1
447 460 2
448 461 1
449 462 1
450 463 3
451 464 1
452 465 2
453 466 1
454 467 2
455 468 1
456 469 1
457 470 1
458 471 2
459 472 2
460 473 1
461 474 1
462 475 3
463 476 2
464 477 1
465 478 2
465 479 2
466 480 2
467 481 1
468 482 1
469 483 3
470 484 3
471 485 3
472 485 3
473 486 3
474 487 3
475 488 3
476 489 2
477 490 1
478 490 1
479 491 2
480 492 3
481 493 3
481 494 3
482 495 2
483 496 2
484 497 3
485 498 1
485 499 3
486 500 3
487 501 1
488 502 3
489 503 3
489 504 1
489 505 3
490 506 2
491 507 3
492 508 3
493 508 1
494 509 1
495 510 2
496 510 3
497 511 3
498 511 1
499 512 1
500 512 1
501 512 1
502 513 3
503 514 2
504 515 3
505 516 2
506 516 1
507 516 3
508 517 2
508 518 3
508 519 2
508 520 2
509 521 2
510 522 3
510 523 1
511 524 1
511 525 1
511 526 3
511 527 3
512 528 2
512 529 1
513 530 2
513 531 2
514 532 3
514 533 2
514 534 1
514 535 1
515 536 3
515 537 1
516 538 3
516 539 3
517 540 1
518 540 3
519 540 3
520 541 2
521 541 2
522 542 1
523 542 3
524 543 1
525 543 1
526 544 2
527 544 2
528 545 1
529 546 3
530 546 1
531 547 2
532 547 2
533 548 2
534 548 1
535 549 2
536 549 3
537 550 1
538 550 2
539 550 1
540 551 2
541 552 2
542 553 2
542 554 2
543 555 2
544 556 1
544 557 1
545 558 1
546 559 1
547 560 3
548 561 1
549 562 1
550 563 3
551 564 1
552 565 3
553 566 1
554 567 2
555 568 1
556 569 2
557 570 3
558 571 2
559 571 3
560 572 2
561 573 3
562 574 2
563 574 2
564 575 3
565 576 2
566 577 1
567 578 2
568 579 1
569 580 3
569 581 2
570 582 2
571 583 2
572 584 1
572 585 2
573 586 3
573 587 2
574 588 1
575 589 1
576 590 1
577 591 2
578 591 2
579 591 1
580 592 2
581 593 1
582 594 3
583 595 3
584 596 3
585 597 1
586 598 2
587 599 3
588 599 3
589 600 2
590 600 3
591 600 3
592 600 2
593 600 2
594 600 2
595 600 3
596 600 1
597 600 1
598 600 3
599 600 2
