1 2 1
1 3 3
1 4 4
2 5 5
2 6 5
2 7 2
3 8 1
3 9 4
3 10 2
4 11 2
4 12 3
4 13 2
5 14 3
6 15 3
7 16 4
8 17 2
9 18 3
10 19 2
11 20 5
12 21 5
13 22 2
14 23 4
15 24 1
15 25 2
16 26 4
17 27 4
18 28 3
19 29 1
19 30 2
20 31 4
21 32 1
22 33 2
23 34 3
24 34 1
25 34 5
26 35 2
27 36 2
28 37 5
29 38 4
30 39 1
31 40 3
32 41 1
33 41 3
34 42 1
34 43 2
35 44 5
36 45 5
37 46 3
37 47 4
37 48 1
38 49 4
38 50 1
39 51 1
39 52 2
39 53 2
40 54 2
41 55 4
41 56 5
42 57 2
43 57 4
44 57 2
45 57 4
46 57 3
47 58 1
48 59 3
49 59 2
50 59 2
51 60 4
52 60 2
53 60 3
54 61 2
55 61 2
56 61 3
57 62 3
58 63 1
58 64 2
58 65 2
59 66 3
59 67 2
60 68 1
60 69 4
60 70 1
61 71 4
61 72 3
62 73 4
63 74 5
64 74 2
65 74 5
66 75 2
67 76 3
68 77 4
69 78 2
70 78 1
71 79 3
72 79 2
73 80 1
74 81 4
75 82 3
75 83 3
75 84 1
76 85 3
77 86 1
77 87 3
78 88 5
79 89 1
80 90 5
81 91 4
82 92 5
83 93 3
84 94 5
85 95 2
86 96 5
87 97 2
88 98 1
89 99 2
90 100 2
91 101 5
92 102 3
93 103 5
94 104 5
95 105 5
96 106 4
96 107 2
97 108 2
97 109 3
98 110 1
99 111 3
100 112 5
101 113 4
102 114 2
103 115 4
104 116 1
105 117 5
105 118 3
106 119 4
107 120 3
107 121 4
108 122 2
109 123 2
109 124 2
110 125 1
111 126 3
112 127 3
113 128 2
114 128 3
115 128 2
116 129 4
117 130 4
118 131 3
119 131 1
120 132 3
121 132 3
122 132 2
123 133 5
124 134 3
125 135 4
126 135 1
127 136 4
128 137 5
128 138 2
129 139 5
130 140 5
130 141 3
131 142 1
132 143 2
133 144 2
134 145 4
134 146 1
135 147 2
135 148 3
136 149 2
137 150 3
138 151 4
139 152 4
140 153 3
141 154 4
142 155 2
143 156 1
143 157 4
144 158 2
145 159 2
146 160 3
146 161 2
147 162 4
148 163 4
149 164 2
150 164 1
151 164 5
152 165 5
153 166 2
154 166 5
155 167 4
156 168 5
157 168 3
158 169 1
159 170 3
160 170 3
161 170 2
162 171 5
163 171 4
164 172 5
165 173 5
166 174 3
167 175 5
168 176 4
169 177 5
170 178 4
171 179 4
172 180 3
172 181 2
172 182 3
173 183 5
173 184 2
173 185 5
174 186 3
174 187 5
174 188 4
175 189 5
175 190 1
175 191 5
176 192 4
176 193 1
176 194 4
177 195 2
177 196 1
177 197 2
178 198 3
178 199 5
178 200 2
179 201 5
179 202 2
179 203 1
180 204 2
181 204 5
182 205 5
183 205 2
184 206 1
185 206 5
186 206 1
187 206 4
188 206 1
189 206 2
190 206 5
191 206 3
192 207 5
193 207 1
194 207 3
195 207 5
196 208 2
197 208 4
198 208 2
199 209 5
200 209 1
201 210 4
202 210 2
203 210 1
204 211 4
204 212 4
205 213 1
206 214 3
207 215 1
208 216 4
209 217 3
210 218 1
210 219 4
211 220 4
211 221 2
212 222 4
213 223 5
214 224 2
215 225 1
216 226 5
217 227 1
218 228 5
219 229 4
219 230 3
220 231 5
221 232 1
222 233 2
222 234 1
223 235 4
224 236 4
224 237 3
225 238 3
226 239 2
226 240 4
227 241 4
227 242 3
228 243 1
229 244 1
230 245 2
231 246 5
232 247 1
233 247 3
234 247 5
235 248 3
236 249 4
237 249 5
238 249 1
239 249 1
240 249 3
241 250 3
242 251 1
243 251 3
244 252 1
245 252 5
246 253 4
246 254 5
247 255 4
247 256 1
248 257 5
248 258 2
249 259 1
249 260 2
250 261 1
250 262 4
251 263 3
252 264 2
252 265 2
253 266 4
254 266 2
255 267 1
256 268 4
257 269 5
258 270 2
259 271 2
260 272 1
261 273 3
262 273 5
263 273 2
264 274 2
265 275 1
266 276 3
267 277 5
268 278 3
269 278 2
270 279 4
271 280 4
272 281 4
273 282 3
274 283 3
275 284 4
276 285 1
277 286 3
278 287 1
279 288 2
280 289 1
281 290 5
282 291 1
283 292 1
284 293 1
284 294 2
285 295 1
286 296 2
287 297 4
287 298 2
287 299 4
288 300 3
289 301 4
290 302 2
291 303 2
292 304 5
293 305 2
294 306 2
295 307 1
296 308 5
297 308 3
298 309 1
299 310 3
300 311 3
301 312 4
302 313 1
303 314 3
304 315 4
305 316 2
306 317 4
307 318 1
308 319 5
309 320 5
309 321 5
310 322 2
311 323 1
312 324 1
313 325 5
313 326 4
314 327 3
314 328 4
315 329 3
316 330 5
317 331 4
318 332 3
319 333 1
319 334 5
320 335 3
321 336 3
322 337 4
323 338 1
324 339 5
325 340 3
326 341 5
327 342 2
328 343 1
329 344 4
330 345 5
331 346 2
332 347 4
333 348 3
334 349 1
335 350 4
336 351 1
337 352 3
338 353 4
339 353 1
340 353 1
341 354 2
342 355 2
343 356 1
344 357 4
345 358 3
346 359 3
347 360 2
348 360 5
349 361 5
350 361 2
351 362 2
352 363 3
353 364 4
354 365 2
355 365 3
356 366 3
357 367 3
358 368 4
359 368 4
360 369 2
361 370 5
362 371 5
363 372 3
364 373 1
365 374 3
366 375 3
366 376 2
367 377 2
368 378 5
369 379 5
370 380 2
371 381 4
372 382 2
373 383 5
374 384 2
375 385 3
375 386 4
376 387 2
376 388 5
377 389 4
378 390 1
379 391 4
380 392 5
381 393 2
382 393 5
383 394 1
384 394 5
385 395 2
386 396 1
387 397 3
388 398 2
389 399 1
390 399 4
391 400 2
392 400 4
393 400 5
394 400 1
395 400 4
396 400 4
397 400 3
398 400 2
399 400 3
