12 6 10 6 9 11 12 6 7 7 14 15 15 10 8 13
8 15 6 12 9 9 12 10 8 8 12 6 9 13 9 5
10 9 11 6 9 7 5 8 10 11 9 9 9 8 11 11
13 12 21 23 24 20 24 13 19 12 19 23 9 22 22 14
10 8 12 10 14 11 20 7 21 17 20 10 12 11 14 21
12 19 13 10 26 13 12 9 25 21 25 17 9 26 14 21
7 4 6 5 10 7 11 11 9 10 10 5 4 9 11 4
16 20 17 11 19 13 23 28 29 25 14 22 15 11 11 12
24 11 17 10 17 18 24 11 14 14 22 20 17 24 23 21
13 15 15 10 15 12 6 10 5 9 13 8 7 13 11 6
2 1 1 2 2 1 1 2 2 2 2 1 1 1 2 1
11 18 15 11 23 23 18 10 26 14 9 9 23 22 15 9
21 15 23 9 11 17 21 12 14 15 14 9 18 9 9 8
26 13 15 10 21 21 18 12 25 13 17 21 24 9 20 23
2 4 4 4 6 3 2 6 3 5 5 5 3 4 3 4
27 19 12 24 13 12 12 17 18 16 10 14 22 20 29 25
7 11 8 17 7 14 12 12 18 11 8 12 7 11 9 8
19 25 25 28 16 18 18 20 12 28 15 27 18 10 12 21
8 6 7 4 6 4 5 3 3 7 7 7 5 5 7 5
6 12 13 8 14 6 10 11 6 15 9 14 13 8 17 12
14 19 9 14 15 15 12 13 18 12 22 17 23 16 15 12
11 26 12 23 9 15 20 9 21 25 20 22 21 11 9 25
14 20 16 21 11 7 15 19 8 11 9 17 18 18 21 7
8 4 10 8 5 10 10 11 6 4 11 4 10 4 11 4
29 25 15 27 29 22 14 16 29 16 17 22 18 17 13 15
11 9 6 10 6 9 6 5 11 8 10 4 6 10 6 5
14 15 20 16 15 13 15 12 16 20 12 13 18 19 14 16
2 2 2 3 3 2 1 3 3 1 2 3 2 1 2 1
25 26 11 26 24 25 13 12 18 17 14 25 14 16 14 27
7 11 11 8 10 6 4 9 11 8 9 11 5 6 8 11
7 11 12 10 9 9 10 5 7 12 11 8 6 4 5 11
15 29 29 13 26 18 12 22 18 11 29 18 27 19 29 27
13 16 21 21 16 21 19 15 21 14 12 21 18 9 9 12
16 18 10 18 18 14 22 21 14 25 13 18 22 11 21 26
12 6 10 8 6 11 7 10 12 6 9 6 13 15 15 11
10 5 9 7 8 11 7 12 11 10 9 13 13 6 6 5
7 15 15 9 7 8 14 6 17 9 11 6 6 10 13 17
5 5 7 4 8 4 7 4 5 5 4 6 8 5 3 4
6 13 5 13 5 11 6 10 11 13 6 13 7 5 12 7
10 5 9 13 14 12 12 14 7 14 6 15 10 14 8 11
13 9 10 9 7 13 5 12 14 5 10 8 6 10 7 11
4 6 6 4 8 4 10 8 8 4 10 4 4 5 10 7
7 4 8 4 6 8 9 9 7 5 9 6 3 7 6 8
17 22 23 14 18 15 18 17 20 19 17 12 25 15 23 24
6 2 2 5 3 2 2 2 4 3 6 2 6 3 5 4
11 12 27 20 16 26 18 17 21 15 28 19 29 21 12 28
11 10 7 12 11 6 8 5 5 5 14 11 10 7 8 9
19 29 23 13 20 27 18 21 30 12 21 18 18 26 22 25
3 3 5 9 7 7 5 5 5 8 6 3 8 4 3 8
12 9 13 5 14 6 8 13 9 8 7 7 11 6 5 13
5 7 10 10 7 7 10 10 4 11 4 4 9 7 9 5
19 12 20 20 18 15 8 9 11 15 11 13 12 13 17 24
1 2 2 2 1 1 1 1 1 1 1 2 2 2 2 2
3 2 4 6 6 4 3 4 5 3 4 3 5 2 4 2
15 11 12 15 17 15 15 26 28 14 20 11 10 14 24 16
12 12 21 24 22 21 22 16 22 14 28 22 20 19 29 29
9 6 12 15 11 9 14 14 12 16 16 14 6 11 15 16
18 7 11 20 15 10 7 20 14 17 18 10 12 18 10 17
17 8 14 9 12 13 18 9 18 17 13 8 14 18 17 13
23 11 17 20 13 26 9 15 21 13 25 14 11 22 23 10
4 4 3 3 3 4 3 5 4 4 5 5 5 2 4 2
7 5 6 7 6 8 5 3 4 6 3 5 3 3 7 9
8 9 7 11 5 6 11 5 10 12 8 7 10 12 14 10
11 19 13 9 10 17 12 8 21 23 13 12 20 15 16 9
4 11 12 11 7 5 4 11 10 6 10 9 6 12 4 7
9 7 7 10 7 10 8 9 11 6 8 11 5 6 10 8
9 7 8 4 3 3 8 8 5 3 8 8 9 5 5 8
11 18 12 9 15 7 15 9 14 20 18 19 12 9 10 12
4 5 6 11 4 11 11 8 11 4 7 10 8 11 9 5
6 15 13 15 10 9 7 7 13 7 12 14 14 14 9 8
29 28 13 23 13 29 15 14 25 10 10 12 24 27 16 19
15 8 12 14 23 23 20 17 24 19 11 23 13 13 21 20
5 6 11 6 5 13 9 5 6 13 7 6 5 12 5 11
2 5 5 2 3 3 4 3 2 5 5 3 5 4 5 4
2 2 4 6 2 6 3 5 5 5 4 3 2 2 4 2
7 16 10 9 11 11 16 15 8 14 14 15 14 16 13 15
8 7 7 8 4 8 4 6 6 5 7 3 3 8 6 6
11 18 25 16 19 16 20 14 14 26 17 12 13 15 13 21
11 13 13 9 8 7 10 8 5 13 8 14 8 10 10 14
2 5 3 5 5 4 5 3 5 4 2 4 2 2 3 4
3 3 6 5 7 7 9 7 4 3 8 5 4 4 8 5
5 4 8 6 3 5 7 4 7 3 5 5 6 6 5 5
19 18 18 15 13 16 10 16 13 11 14 8 12 18 9 11
18 16 18 13 12 16 21 16 22 28 18 22 20 14 21 26
1 2 2 2 1 1 2 2 2 1 1 1 2 1 1 2
8 9 6 18 13 9 6 17 13 7 11 11 18 18 7 12
15 18 17 17 11 9 7 19 17 13 12 11 20 13 17 17
5 2 4 6 4 5 2 3 2 6 2 3 4 2 3 6
4 3 4 5 4 4 5 2 2 2 3 4 3 5 2 4
12 9 8 11 7 17 7 10 16 10 16 6 12 8 11 11
3 3 3 4 6 5 9 6 3 3 5 7 7 6 8 8
18 17 11 7 18 17 14 20 12 12 7 20 17 17 12 16
1 1 3 1 3 1 2 1 3 1 2 3 3 1 1 3
9 7 7 9 7 9 3 9 4 5 3 8 4 3 4 9
17 19 19 11 12 17 21 14 19 12 8 9 23 10 16 20
5 6 5 5 6 5 4 2 3 3 6 3 6 2 5 3
10 20 30 22 21 14 26 30 27 18 22 15 14 20 16 20
5 4 9 11 11 9 11 9 11 9 8 8 6 8 6 4
17 8 9 16 16 6 6 18 16 16 11 13 9 7 10 8
1 1 2 1 2 1 1 2 1 1 2 1 2 1 2 1
2 3 4 5 4 3 4 4 3 4 4 5 5 4 4 3
26 13 13 22 21 24 22 21 21 23 15 17 11 13 10 21
4 2 3 2 3 3 2 4 3 5 2 5 2 5 4 5
26 19 22 12 15 10 17 20 14 16 27 18 27 10 10 14
2 1 1 1 2 1 2 1 2 2 2 2 2 2 1 1
7 7 12 11 6 10 11 4 6 11 12 11 10 7 4 10
3 3 3 2 1 1 2 2 1 2 3 1 1 3 1 1
19 15 25 22 20 27 10 15 19 25 19 11 18 18 17 20
19 16 21 12 18 10 16 11 21 12 20 17 16 20 21 15
4 4 3 3 4 5 3 4 4 5 5 4 5 5 5 2
2 5 2 2 5 2 5 2 5 2 3 4 4 6 2 3
2 3 1 1 2 2 2 1 1 1 2 2 3 3 3 2
11 13 20 10 18 20 7 7 19 19 7 11 19 15 8 16
18 17 19 8 24 15 10 21 17 22 16 20 13 22 14 8
3 3 6 3 2 4 3 5 6 3 5 6 5 6 4 5
6 9 9 5 3 8 5 5 6 8 4 7 4 5 3 4
9 24 24 12 16 21 17 12 20 17 23 19 27 26 11 10
2 1 2 2 2 1 1 2 2 1 2 1 1 2 2 1
10 9 17 17 7 18 7 13 13 20 20 12 9 16 9 13
2 1 3 1 3 2 1 3 2 3 1 2 3 2 2 2
3 1 3 2 2 1 2 3 2 3 1 1 3 3 1 2
5 10 9 12 13 14 14 7 13 9 10 10 7 13 13 5
3 2 2 2 2 3 1 3 2 3 3 2 3 3 1 1
18 15 15 18 15 9 18 16 15 15 19 7 11 10 21 19
26 27 17 14 13 11 25 11 9 19 15 23 18 24 26 12
6 8 14 9 14 15 12 6 12 13 6 9 5 10 13 11
24 18 14 10 13 16 22 9 25 17 20 16 11 27 11 10
16 24 17 11 24 13 11 18 22 14 19 11 14 22 22 13
5 8 5 4 6 5 3 4 5 4 6 4 9 6 8 9
5 12 11 7 7 10 4 7 10 4 12 10 7 12 4 10
12 13 10 5 14 9 8 7 6 8 7 6 12 14 7 5
10 26 17 11 24 20 12 13 17 27 26 20 13 23 14 27
6 3 3 5 2 5 4 5 6 6 5 5 3 3 3 2
27 12 17 20 23 18 19 10 27 27 9 10 22 17 12 16
21 27 9 11 17 23 12 12 26 15 11 15 12 12 18 16
11 9 17 12 7 10 7 13 8 16 6 15 16 11 6 13
4 9 4 7 7 3 9 4 6 3 3 9 3 8 7 5
1 2 2 2 1 3 1 1 1 2 2 2 2 3 2 2
7 6 8 6 8 14 15 6 5 5 14 15 9 12 6 9
5 6 4 6 3 5 6 3 5 2 4 3 2 2 2 4
7 7 9 17 10 7 7 7 18 7 14 7 10 17 17 14
24 27 17 24 25 14 25 11 17 29 27 25 20 12 26 27
10 9 8 7 17 9 17 9 11 9 14 6 8 6 11 13
5 5 5 5 3 3 2 5 4 2 5 4 2 5 4 3
22 9 8 21 21 14 23 20 13 10 18 21 24 14 12 21
13 18 11 17 17 14 15 17 16 16 11 18 12 13 18 20
21 9 9 16 18 14 12 8 16 8 14 12 22 13 8 20
4 4 5 3 3 4 4 3 4 3 3 3 3 3 5 5
3 3 1 3 2 1 2 1 1 1 1 2 2 3 1 1
21 16 19 24 23 20 15 12 11 17 19 24 12 10 12 24
5 2 2 4 2 3 2 3 4 4 5 3 3 3 5 3
15 14 15 17 9 13 14 16 16 17 18 11 16 14 16 14
3 1 2 3 1 3 1 3 3 1 3 1 3 1 1 2
5 8 3 8 9 7 7 4 5 3 6 3 3 4 8 5
4 11 9 4 5 5 4 11 11 11 9 7 5 8 11 10
9 7 8 11 6 8 5 12 11 5 5 9 14 8 10 13
22 19 16 9 8 21 22 9 23 10 21 11 10 17 19 18
5 5 5 5 7 9 6 7 7 9 3 8 8 7 8 9
14 18 12 14 7 11 13 8 16 11 13 13 11 18 16 14
6 5 6 4 7 8 5 4 5 4 5 3 4 4 5 7
12 5 6 7 11 12 11 14 14 13 14 12 5 13 11 10
8 7 8 13 15 6 15 14 11 13 11 9 10 12 6 9
6 13 14 13 8 11 9 12 13 6 15 9 13 5 6 7
24 20 12 11 11 10 8 13 12 19 14 16 15 22 13 13
9 4 4 7 11 8 10 8 11 8 10 5 8 8 8 5
13 16 16 9 16 18 13 16 10 17 9 15 19 17 17 16
23 27 21 24 16 21 26 17 19 15 16 25 10 22 25 20
3 7 6 4 9 5 5 8 3 9 3 8 6 4 3 9
9 7 17 15 11 17 16 11 13 11 16 9 6 9 7 17
17 14 9 17 10 22 14 8 20 19 21 10 10 8 23 12
11 5 11 6 12 11 12 10 11 5 5 10 11 6 7 12
3 3 3 1 3 3 1 2 2 1 3 1 3 2 3 3
2 2 2 2 5 4 5 2 2 2 4 2 3 3 5 2
19 20 10 14 18 11 20 19 21 8 16 20 9 13 21 13
18 17 15 18 11 15 20 11 21 11 15 20 21 25 13 12
13 10 13 13 16 18 8 16 23 10 20 23 17 16 19 11
7 4 6 7 5 8 10 6 11 10 12 5 8 12 7 12
2 3 5 5 5 3 2 6 6 6 2 6 2 6 5 3
1 2 1 2 2 2 2 1 2 2 1 1 2 2 1 2
3 2 3 1 1 2 2 1 2 3 1 3 1 1 2 3
17 10 13 15 18 21 22 17 17 15 22 19 10 19 23 19
7 7 3 3 6 6 6 5 7 4 3 8 3 7 6 7
16 13 20 9 16 11 8 7 8 14 11 8 15 19 7 10
6 10 7 7 15 14 10 6 8 14 11 5 14 14 12 12
8 6 5 7 6 12 14 8 6 8 9 12 6 7 10 5
2 6 2 3 4 4 6 3 3 5 4 4 6 6 3 3
24 11 13 10 20 21 10 19 13 28 10 30 29 22 16 23
7 13 6 8 5 5 9 7 5 8 5 15 10 10 9 6
6 10 10 8 17 15 11 12 17 9 9 18 15 16 15 13
9 15 16 9 16 10 16 15 10 6 12 17 7 7 10 9
29 18 17 26 12 23 20 27 13 29 12 16 20 12 21 13
28 12 22 16 10 14 18 24 26 21 22 28 29 22 17 22
7 4 7 6 6 4 7 5 12 8 4 11 12 10 11 5
2 2 2 1 2 2 1 1 2 1 1 2 1 2 1 1
23 19 17 18 19 15 14 17 17 17 21 23 10 10 19 10
2 1 2 1 2 1 2 1 1 2 2 1 2 1 2 1
9 19 7 7 9 20 19 15 16 7 18 19 19 8 17 20
3 3 3 2 1 3 1 2 3 2 3 2 3 1 3 3
11 11 11 9 4 10 7 6 5 12 6 8 10 12 11 9
26 14 30 16 15 15 13 14 21 16 19 18 15 11 30 12
12 6 9 12 6 7 16 14 15 18 13 14 7 10 12 11
25 16 30 15 14 21 30 15 11 29 13 24 24 19 30 16
8 6 11 7 11 8 9 9 11 7 14 9 7 6 6 14
5 3 8 5 3 5 6 3 5 4 5 3 3 5 8 3
8 19 8 19 10 10 15 17 18 9 21 22 13 17 17 13
4 5 9 4 8 10 5 6 8 4 5 5 5 6 8 4
2 2 1 2 1 1 2 2 1 1 1 2 1 1 2 2
20 28 28 20 25 29 11 20 14 11 16 12 11 20 18 17
5 14 5 8 14 7 10 7 11 7 6 5 11 11 11 13
4 6 8 5 3 7 8 4 8 6 4 6 3 4 4 8
8 5 9 10 11 5 13 11 12 12 11 11 13 6 13 7
22 27 22 22 12 29 12 18 29 27 26 17 16 27 11 25
13 10 8 20 14 19 10 21 13 12 8 20 13 16 20 16
3 2 6 2 4 5 2 5 3 5 6 2 4 2 3 5
25 9 15 20 18 16 12 17 14 26 20 13 13 18 17 24
4 6 5 6 7 10 7 8 5 10 7 4 10 5 10 11
14 10 5 11 13 9 5 6 9 5 11 7 15 7 15 5
11 24 10 21 19 22 16 19 11 17 23 19 16 14 14 16
9 7 11 7 12 9 5 6 7 5 6 10 4 9 11 7
3 5 5 5 5 5 5 3 4 3 4 2 2 4 2 3
5 6 5 5 5 5 5 2 2 5 5 2 4 3 6 6
7 7 4 8 5 7 11 8 6 8 5 12 12 12 9 11
25 25 21 17 13 29 30 20 20 16 16 15 10 30 20 21
15 8 20 17 22 10 22 16 8 14 13 8 13 22 21 15
4 10 10 6 10 4 10 7 9 5 7 6 6 6 9 6
13 27 26 18 26 16 13 27 20 22 10 22 23 11 23 15
14 13 25 19 16 24 16 21 17 26 10 25 10 24 25 26
9 13 15 10 12 11 10 20 18 13 17 17 14 18 20 17
11 6 14 12 10 17 17 6 9 15 14 14 11 10 11 8
9 8 13 13 11 7 15 14 17 13 8 6 7 11 12 10
8 5 13 8 9 10 9 11 10 10 11 12 7 12 7 13
21 20 19 20 24 10 26 23 20 26 22 12 9 21 13 23
2 1 1 1 3 3 1 3 1 3 2 1 1 1 2 2
18 25 21 11 22 13 12 26 23 20 9 14 20 21 11 19
5 10 11 9 9 10 7 8 7 11 4 7 4 8 4 6
3 3 2 3 1 2 2 3 2 1 1 3 2 2 1 3
2 3 2 2 3 3 3 3 1 2 3 1 2 1 1 2
18 15 19 24 20 10 19 24 15 20 21 29 21 15 19 24
22 10 14 12 22 18 23 12 13 10 16 23 11 8 12 9
8 6 5 9 5 12 8 10 9 6 7 12 12 4 8 5
26 10 18 22 19 17 19 18 11 25 9 25 22 11 14 12
13 17 21 16 11 9 15 16 10 9 17 19 21 11 10 11
7 8 9 6 3 8 3 9 5 4 3 3 4 9 3 7
13 6 16 8 8 10 8 10 9 13 13 13 7 13 14 7
7 3 5 5 8 7 6 3 7 7 4 3 4 6 5 3
19 9 16 18 18 11 13 10 16 7 17 9 12 7 16 18
14 17 17 12 11 11 8 12 17 10 8 12 14 8 13 8
27 20 19 11 17 24 25 23 20 28 22 16 19 13 12 27
6 8 9 8 7 7 6 6 8 10 7 7 10 4 5 7
12 11 16 7 8 7 9 12 15 16 9 8 8 10 17 9
2 1 2 2 1 1 2 1 2 1 1 2 2 1 1 2
22 17 10 11 11 11 19 21 18 15 23 10 17 22 10 16
1 1 1 1 1 2 2 2 1 2 1 1 1 1 1 1
1 2 1 2 1 2 1 1 2 1 2 1 1 2 2 2
10 14 19 22 26 13 20 9 22 18 16 22 11 21 17 22
19 13 19 10 11 10 19 18 19 15 11 16 11 11 22 16
6 8 7 6 11 9 13 12 10 5 6 9 10 10 7 6
8 9 11 19 21 13 17 18 23 18 17 13 18 14 14 14
2 2 1 2 2 1 1 2 2 1 1 1 2 1 2 1
7 4 8 7 3 3 6 4 5 4 7 6 5 7 3 3
3 1 1 2 1 2 2 2 3 3 2 2 1 1 2 3
17 10 13 11 13 12 22 15 14 23 23 13 15 18 17 13
14 15 8 7 13 7 15 6 9 8 12 9 11 7 10 17
10 5 10 15 13 6 12 11 14 5 11 7 15 14 15 13
9 12 12 10 12 6 14 11 9 10 14 8 9 12 6 11
5 4 10 6 9 8 7 7 8 8 11 6 6 7 10 7
10 10 13 12 10 12 6 16 6 9 10 17 7 7 10 6
27 14 30 18 16 28 12 23 17 21 10 23 20 13 17 22
12 11 11 14 20 11 9 19 9 18 13 20 12 15 14 17
4 4 5 5 6 3 5 6 8 8 3 4 7 7 6 7
11 10 10 13 14 7 11 8 11 16 12 11 16 6 8 15
14 21 25 15 12 27 14 13 27 18 21 24 30 14 14 20
17 13 15 6 9 8 7 16 15 10 11 10 10 13 8 12
11 23 22 23 21 8 22 15 10 13 12 22 16 21 21 11
8 3 8 3 7 6 5 9 4 7 4 6 4 5 4 5
1 2 1 2 1 1 3 1 3 2 3 3 1 1 1 3
13 12 18 12 18 30 12 17 18 25 17 30 28 18 15 27
20 15 9 7 19 13 14 17 19 10 7 16 17 19 12 20
1 1 2 1 2 1 1 2 1 1 1 1 2 1 2 2
14 6 12 7 5 5 11 11 13 8 8 7 12 13 14 13
13 14 11 7 6 14 11 12 10 7 10 13 10 6 10 6
1 3 3 1 1 1 1 1 3 1 2 3 1 2 1 2
8 9 5 4 8 8 6 6 7 6 6 8 5 3 6 6
23 18 16 20 24 18 8 14 21 11 18 10 20 24 12 8
3 8 8 3 8 4 6 3 6 4 8 4 7 3 3 5
20 8 24 17 20 10 24 8 11 12 23 10 22 14 10 23
1 2 1 2 2 2 2 1 1 1 1 1 1 2 2 1
12 10 13 5 7 14 8 11 10 10 14 5 6 10 11 5
1 2 1 1 2 1 2 2 2 1 1 2 2 1 2 1
14 21 9 10 21 12 20 10 14 15 17 23 18 8 19 14
3 4 3 2 6 3 4 3 2 2 2 3 2 6 5 5
12 8 8 9 7 10 6 9 11 12 11 5 9 9 8 5
10 14 25 17 25 26 18 25 16 24 14 23 15 10 14 15
5 4 9 11 7 9 4 8 6 9 6 9 7 4 9 4
23 11 19 17 13 20 10 18 10 18 16 20 11 17 13 11
5 2 6 2 6 4 2 4 2 3 3 4 5 3 5 2
14 12 6 13 12 12 10 11 14 8 5 13 6 9 14 7
9 9 12 6 9 10 11 5 7 13 9 11 14 9 11 6
19 16 13 21 21 17 7 16 18 11 10 13 7 10 7 7
7 9 9 7 4 8 9 9 8 5 3 5 7 8 7 5
10 27 26 19 22 23 27 25 11 15 20 25 17 15 27 25
10 22 17 10 14 20 12 21 10 16 11 25 22 19 23 22
24 10 21 29 19 28 24 29 13 11 10 11 29 29 15 18
10 6 12 7 17 10 12 10 12 10 9 10 10 8 17 12
12 12 8 9 15 7 10 5 9 11 11 13 13 7 8 9
5 10 6 11 7 10 9 5 6 9 4 7 5 5 9 8
12 5 6 14 11 13 6 12 11 12 12 10 7 10 13 7
20 13 12 21 9 18 12 14 17 19 13 9 10 15 10 7
10 21 20 8 10 13 22 14 17 9 12 21 16 14 22 17
9 13 13 6 6 16 6 12 13 13 11 10 12 12 6 10
7 6 3 5 8 3 3 7 7 8 6 5 7 4 3 5
12 13 16 9 14 10 13 13 11 18 14 16 7 14 9 7
16 24 15 18 17 10 18 20 14 12 19 17 11 23 13 24
9 11 13 21 8 17 11 8 9 17 15 20 22 12 8 12
14 11 16 18 15 22 14 24 17 26 10 16 26 16 20 20
11 9 10 8 5 6 7 11 7 6 10 6 5 6 8 4
8 3 3 5 4 4 4 6 5 5 4 5 3 3 9 3
11 15 25 28 21 19 15 29 27 13 11 21 17 15 11 13
15 15 15 7 16 7 20 18 8 16 10 10 20 7 17 14
5 4 3 2 3 2 4 5 3 4 2 5 5 2 5 2
20 12 20 14 14 23 12 11 11 23 19 13 15 12 14 21
6 6 3 6 3 3 4 2 2 2 6 2 3 4 3 2
5 2 3 2 4 3 3 4 5 5 3 4 3 5 3 2
23 20 21 26 22 22 14 20 15 12 13 24 21 14 20 20
27 21 16 26 22 9 22 18 27 19 21 24 9 20 27 16
3 2 5 2 4 2 2 2 5 5 4 2 3 5 3 4
9 7 9 5 10 10 10 4 4 5 6 8 8 12 5 10
27 21 19 22 11 15 10 29 17 19 10 12 10 24 15 25
24 17 12 23 25 18 21 17 11 11 18 20 14 22 16 21
4 2 4 4 4 4 5 4 2 4 5 5 3 2 4 3
11 13 7 16 10 10 14 10 13 9 17 8 10 6 12 12
10 23 26 20 26 24 22 14 21 17 18 9 20 14 18 23
4 6 6 7 4 6 6 5 7 8 3 5 8 7 6 8
22 25 16 17 15 10 27 11 9 21 21 9 25 24 9 25
8 22 19 10 17 23 16 9 10 9 10 22 15 24 21 18
9 23 20 17 13 14 18 10 20 24 19 23 15 23 20 18
25 23 15 14 10 25 12 23 12 10 23 11 15 15 20 22
3 5 3 5 3 2 5 2 4 3 4 4 2 5 2 2
9 11 9 16 23 18 14 20 14 14 19 11 15 12 16 13
1 2 1 2 1 2 2 1 1 2 2 1 2 2 2 1
8 11 10 12 12 13 16 14 15 10 11 9 8 12 10 18
14 17 14 16 10 12 12 11 15 20 17 11 20 10 12 19
12 7 11 16 15 18 9 16 19 17 9 14 11 14 15 19
13 6 6 12 10 10 17 6 10 12 11 17 15 11 10 6
22 21 16 24 24 13 18 14 30 17 10 24 24 17 20 19
5 11 9 14 6 11 15 12 15 9 13 12 15 15 13 12
17 11 9 9 18 20 9 9 16 11 11 15 10 11 11 10
30 15 23 20 14 15 25 10 19 14 29 22 10 21 22 20
8 13 6 7 10 15 8 12 7 12 7 9 12 5 5 7
11 23 29 27 27 11 14 21 23 15 18 14 20 29 29 24
9 15 16 17 11 11 13 17 10 7 10 16 13 12 14 8
27 14 23 28 11 18 25 16 21 29 10 23 26 10 25 29
21 15 12 20 16 22 15 12 15 16 13 23 14 11 20 16
21 12 8 12 19 13 21 11 9 18 9 10 19 19 9 10
22 13 15 18 12 29 18 27 14 12 24 12 18 25 23 26
19 14 16 11 18 10 19 11 7 9 14 20 12 15 12 16
14 29 19 24 22 28 26 20 14 13 20 29 25 26 18 10
16 8 16 10 12 15 13 14 9 9 12 10 14 10 9 15
5 5 4 3 5 2 2 4 2 5 2 2 3 3 5 3
12 13 13 9 10 6 6 8 12 12 8 7 5 14 9 5
11 10 9 8 22 21 17 16 8 19 12 10 16 15 10 11
6 7 8 3 7 8 3 5 6 4 4 3 3 3 7 8
14 13 25 19 18 12 28 17 29 30 28 14 14 19 12 26
9 5 7 7 9 3 8 3 4 5 9 4 5 3 4 5
7 19 8 20 17 20 14 19 11 7 17 12 21 20 7 12
19 16 7 20 21 20 17 13 18 17 10 11 21 9 18 7
12 8 11 4 6 6 10 10 8 8 10 9 7 10 6 12
12 6 10 8 13 9 10 8 5 7 11 6 9 8 13 14
8 7 5 8 5 9 4 5 6 4 9 5 5 3 8 3
5 7 12 8 7 7 5 9 10 8 12 9 9 4 5 7
5 10 9 6 14 7 15 14 14 9 7 7 10 8 13 12
23 26 21 14 23 10 21 11 19 18 26 9 11 23 20 16
8 13 14 20 10 19 16 19 8 20 9 10 18 7 11 16
2 1 3 2 2 3 1 2 3 1 1 3 2 3 1 2
9 6 3 3 9 3 5 6 8 5 8 7 6 7 8 8
19 22 25 22 19 20 16 26 25 29 10 27 25 24 12 27
12 9 5 9 12 10 12 9 14 11 6 5 7 9 14 12
7 17 15 9 20 17 7 20 15 11 7 12 21 14 14 10
3 4 3 2 3 4 4 2 5 5 3 3 2 4 2 5
8 10 14 13 20 11 19 12 14 14 14 20 7 12 12 11
27 26 29 22 27 24 23 25 18 13 20 29 10 28 16 18
2 3 6 3 5 2 5 2 4 6 5 4 2 3 2 6
4 7 8 6 9 4 9 4 5 9 3 8 7 4 6 8
26 24 13 11 11 15 18 21 27 10 19 21 17 26 17 25
6 9 5 4 6 12 7 5 12 6 4 8 9 6 4 8
1 1 2 1 1 1 2 1 1 2 2 2 2 1 1 2
5 2 3 5 2 2 3 5 5 3 3 4 3 5 5 5
6 14 13 12 11 7 8 9 16 16 16 17 7 12 14 15
5 3 3 5 2 4 5 3 4 2 3 3 3 3 5 3
4 6 7 5 7 3 5 4 7 6 4 6 3 5 6 7
10 12 4 6 4 10 5 7 10 8 4 7 9 8 8 6
9 10 10 19 18 15 9 19 20 15 24 11 12 12 17 8
13 12 27 29 21 18 25 12 12 25 17 24 24 19 29 10
28 26 22 18 11 10 19 28 30 14 28 22 25 26 18 19
1 2 2 2 1 2 2 1 2 2 1 2 2 2 1 1
15 12 13 17 16 17 12 7 18 6 14 14 17 12 10 12
23 26 25 18 19 9 22 25 18 12 14 10 15 17 13 14
4 6 6 5 7 7 5 5 8 6 6 3 8 8 8 3
14 12 14 15 13 12 12 15 15 14 12 8 14 6 11 13
4 11 4 5 11 11 12 6 11 11 5 8 11 7 9 8
5 7 7 10 10 8 7 9 5 5 9 11 12 7 7 12
9 9 13 5 7 6 5 14 9 11 14 6 7 6 14 6
8 6 7 5 7 7 7 8 7 3 7 5 8 3 5 7
16 20 20 19 8 12 11 14 19 14 9 11 13 11 15 12
13 11 17 15 13 17 12 9 24 18 21 19 23 24 12 21
7 17 8 14 15 7 13 9 18 8 17 6 16 18 16 17
19 21 17 14 16 26 24 18 25 20 22 15 9 12 19 21
2 5 2 2 3 2 3 2 2 3 4 2 3 4 2 5
5 7 4 5 5 5 4 3 8 6 8 4 4 8 8 4
7 17 16 12 13 10 16 10 17 7 13 18 12 13 12 6
6 4 8 7 5 6 5 6 3 7 6 8 5 6 5 6
17 21 11 21 20 13 16 9 13 18 15 14 18 12 12 7
6 8 9 4 3 3 8 9 3 9 3 6 5 5 9 4
1 3 2 3 1 2 1 2 3 3 1 3 2 1 2 2
19 27 18 20 27 15 27 16 17 28 10 12 28 12 11 18
9 6 9 9 9 8 4 4 6 3 7 8 4 9 4 9
3 2 1 2 1 3 2 2 3 1 1 2 3 2 3 2
16 22 20 17 16 9 14 13 23 15 23 13 13 14 24 26
23 25 15 9 13 12 23 23 12 18 23 25 11 25 19 14
4 5 8 5 3 6 3 4 5 5 7 4 6 6 5 7
10 7 14 8 19 12 21 21 17 18 7 11 17 16 13 10
14 10 13 8 9 14 12 13 5 13 13 11 12 12 14 14
7 9 6 11 11 10 13 6 13 12 12 14 12 10 13 6
6 11 8 7 11 5 4 8 7 5 6 5 10 4 11 5
6 8 5 9 8 4 6 9 7 8 8 6 7 4 4 4
10 5 12 10 9 12 12 8 6 4 11 9 6 4 7 6
1 2 1 1 2 1 1 2 2 2 1 1 2 1 2 2
8 12 14 15 15 6 9 7 17 14 10 6 8 12 17 16
18 17 16 24 19 17 9 9 21 22 16 10 23 16 26 17
18 11 24 22 12 20 11 16 26 22 14 21 25 9 11 21
3 1 2 2 3 3 2 3 3 2 3 1 1 3 1 3
6 7 8 8 8 8 11 8 6 11 17 14 9 9 16 17
14 23 26 9 21 17 17 25 11 13 13 20 19 9 15 12
10 10 6 14 18 10 12 14 7 15 7 10 6 16 7 18
16 24 12 20 17 11 22 25 16 25 15 15 9 16 16 10
1 1 1 1 1 1 1 1 1 2 2 1 2 2 1 1
6 7 5 8 4 7 6 7 5 4 8 4 7 4 3 4
15 14 12 12 18 16 15 6 10 7 6 12 15 13 15 11
24 10 14 22 16 14 16 12 20 19 15 15 19 28 13 17
7 4 11 8 4 7 6 7 11 8 5 8 6 10 9 10
2 3 2 2 4 4 2 4 2 4 2 2 2 3 5 4
10 9 6 7 8 6 6 8 6 9 5 7 7 8 8 4
2 1 2 2 2 1 2 1 1 1 2 2 1 2 2 2
9 10 9 4 10 4 5 11 10 8 8 10 7 11 10 9
20 8 13 23 10 16 18 17 20 15 9 19 8 21 15 19
16 27 18 21 18 21 23 18 19 9 20 24 18 25 24 24
21 24 11 9 22 12 20 14 18 9 23 22 10 27 16 13
15 7 13 13 15 17 10 8 11 14 9 14 6 11 10 11
7 8 7 8 4 4 3 8 9 8 8 7 3 5 5 8
9 9 4 8 4 8 4 4 3 3 4 5 3 8 3 9
13 12 11 14 7 6 10 14 14 5 11 11 14 14 6 6
9 9 9 20 19 18 10 14 17 20 13 24 11 9 21 23
13 18 19 7 20 12 8 10 15 8 14 17 20 16 12 21
23 14 12 22 15 14 24 16 21 25 26 26 23 18 21 18
30 29 27 30 17 18 15 16 20 28 19 24 17 19 14 28
2 3 2 3 3 1 1 3 2 3 2 2 3 2 2 3
2 2 3 2 4 3 4 4 5 3 2 2 5 3 4 4
12 5 10 8 4 6 7 9 8 5 8 6 11 5 10 8
11 24 13 19 20 14 18 17 27 13 19 15 26 25 26 28
4 8 6 8 9 7 10 7 11 12 4 12 8 10 5 10
9 25 11 19 23 26 10 23 13 21 22 21 19 22 21 23
11 10 11 4 10 4 6 6 6 6 9 6 11 9 9 9
14 10 9 12 12 18 10 14 10 13 9 16 15 18 19 18
25 22 13 20 22 10 29 27 22 20 24 29 26 30 10 11
5 6 7 3 6 8 5 7 3 8 3 3 3 3 6 6
15 13 14 30 30 24 10 17 10 22 23 23 20 22 16 23
4 7 3 4 7 8 5 5 8 8 3 4 7 4 6 6
3 3 1 3 3 2 3 1 1 1 3 1 2 1 2 2
2 3 3 5 2 4 4 5 3 2 2 5 5 2 2 4
8 9 14 7 20 20 16 16 16 10 8 13 19 9 20 17
22 18 16 19 8 12 12 9 12 16 16 22 9 9 10 22
8 12 11 8 8 10 11 6 5 5 11 8 12 7 4 8
10 20 15 23 10 10 11 22 19 14 20 24 9 23 18 12
17 8 12 15 18 15 17 10 22 14 15 8 8 19 18 9
12 18 16 22 8 10 18 13 12 22 18 21 23 12 11 16
5 5 13 5 8 5 7 14 10 9 11 12 11 6 14 14
3 4 4 6 2 2 4 5 4 5 5 5 2 4 3 5
3 5 3 7 5 6 6 5 8 4 7 3 3 8 7 5
2 1 2 1 2 2 1 1 1 2 2 2 1 1 2 2
9 17 7 6 15 8 16 14 17 16 16 9 13 7 6 9
7 14 5 8 11 13 8 7 10 13 15 6 9 5 6 12
2 1 2 1 2 1 2 2 1 1 1 2 1 1 1 2
16 19 11 23 15 9 12 15 15 19 14 14 21 9 19 14
25 13 27 12 24 20 26 20 22 22 29 11 10 13 10 10
19 11 15 17 15 8 12 12 19 14 21 12 15 20 12 13
21 24 23 25 14 26 12 19 9 19 22 11 19 23 22 13
12 6 12 4 5 7 8 12 7 12 8 11 8 7 11 10
19 24 16 10 19 15 15 23 16 20 14 24 18 11 12 21
5 5 12 12 7 10 8 10 11 5 5 4 4 12 9 11
6 10 9 11 9 10 10 4 7 10 8 4 7 10 9 9
8 8 8 4 6 6 3 6 8 8 6 3 7 4 5 4
11 19 13 22 29 20 12 29 13 14 11 15 23 14 19 23
3 2 3 5 4 4 3 2 3 5 4 2 4 2 4 2
19 17 21 15 14 7 10 9 14 21 19 16 20 18 18 20
25 24 27 12 22 21 28 22 11 13 22 28 24 15 14 30
6 5 7 7 11 11 9 7 10 9 11 7 10 4 5 10
2 2 3 1 2 1 3 2 2 2 3 3 2 1 3 2
5 13 11 9 10 9 10 11 13 14 10 13 12 7 6 11
16 24 15 30 17 21 20 20 19 13 25 26 19 25 27 20
5 5 6 9 5 9 9 11 10 5 7 11 11 8 7 10
19 22 15 9 11 16 11 21 17 21 18 11 10 13 18 15
9 4 4 3 6 3 4 5 6 7 3 8 8 5 5 5
17 21 10 10 29 22 10 26 11 15 29 27 26 10 23 21
10 20 23 12 10 10 16 20 16 16 11 21 16 14 25 17
3 1 1 3 2 1 1 3 2 3 3 3 2 1 1 1
6 9 5 9 8 4 4 7 8 5 8 5 3 4 8 7
2 5 2 4 2 4 4 2 4 2 4 2 5 4 3 5
12 16 20 23 12 17 18 14 13 11 16 25 11 15 27 11
6 8 6 9 6 6 6 6 5 4 9 6 4 8 7 8
5 5 6 3 5 3 6 5 6 4 6 2 4 3 6 5
11 26 11 18 13 22 20 22 10 26 11 19 26 13 20 26
17 21 11 15 28 21 14 26 26 24 28 20 12 14 11 20
8 5 8 13 10 7 6 7 14 14 9 7 5 6 7 5
13 17 23 24 20 23 12 21 14 17 24 20 14 18 19 11
11 7 7 9 11 10 5 9 10 10 7 5 11 8 5 7
6 6 8 11 8 13 17 14 12 10 9 11 11 10 9 13
25 12 17 23 13 19 16 17 12 24 21 19 17 17 18 12
6 7 9 11 11 12 8 12 7 5 12 8 5 7 12 10
9 16 22 22 13 22 8 11 18 23 12 21 21 19 15 19
16 27 14 13 21 19 18 22 26 27 23 17 25 21 16 22
13 13 10 20 13 24 14 18 9 15 21 10 15 15 14 19
12 19 9 19 7 11 16 14 20 8 19 20 9 8 14 17
8 5 3 8 4 6 5 5 5 7 8 3 7 5 7 6
3 5 2 5 2 5 2 5 5 3 4 5 5 3 2 4
3 4 5 5 3 4 4 3 3 3 4 2 3 2 4 2
1 2 1 2 2 1 1 2 2 1 1 1 2 2 1 1
16 25 18 25 11 13 16 23 14 23 23 9 19 14 16 18
2 1 2 2 2 1 1 1 2 2 2 1 2 2 1 2
14 8 14 17 12 9 13 13 15 12 13 8 18 16 17 14
9 15 17 19 13 15 13 20 22 12 17 12 21 18 18 18
8 10 6 6 10 8 12 4 10 11 7 6 8 12 9 12
2 1 2 2 2 1 1 2 1 1 2 2 1 1 2 1
23 20 8 14 20 19 10 21 16 12 23 19 20 9 8 13
11 6 4 9 11 5 7 9 8 10 11 5 10 4 4 6
5 4 9 5 8 9 12 12 9 9 9 11 5 8 8 10
13 12 7 19 19 19 13 11 20 8 18 10 15 18 17 20
5 8 8 4 7 4 5 3 3 6 7 7 4 6 4 4
13 19 16 13 13 17 20 9 11 7 18 20 18 20 9 16
25 17 21 26 10 18 24 20 20 16 23 25 17 22 19 13
18 11 16 14 26 10 24 12 9 18 17 10 14 18 9 25
19 8 16 20 16 12 19 9 19 12 19 9 17 16 13 20
12 16 18 11 23 27 29 23 22 12 10 22 26 25 12 11
17 17 30 10 13 14 18 22 28 29 28 26 15 27 23 17
19 16 26 18 11 11 22 16 11 25 18 12 26 20 24 25
4 10 6 7 11 6 9 4 8 5 11 12 9 12 9 5
10 13 10 9 14 13 18 16 15 6 12 17 7 11 8 13
6 9 7 8 5 7 5 6 8 10 10 6 4 8 7 6
11 7 10 8 6 17 18 11 15 14 6 8 9 14 14 13
12 13 16 7 8 20 16 10 15 21 18 13 8 20 13 9
13 16 13 14 12 13 13 7 6 16 7 7 11 13 15 17
9 6 14 7 10 8 13 5 9 10 9 13 14 12 11 6
9 9 4 5 8 11 8 5 11 11 11 5 9 8 11 5
2 1 1 1 2 2 1 2 1 1 1 1 1 1 1 2
11 6 8 8 4 7 9 4 6 11 7 11 9 9 7 10
14 15 9 9 11 10 7 13 12 13 12 9 6 7 13 12
2 2 1 2 1 2 2 2 2 2 1 2 2 2 2 1
7 8 4 5 9 5 11 8 11 4 9 6 10 11 6 4
11 22 13 15 16 16 15 10 9 9 19 23 9 17 11 11
7 5 12 12 5 5 12 6 8 6 5 14 5 6 10 5
7 6 7 3 7 6 9 5 9 9 5 4 7 5 6 3
5 5 4 3 4 4 3 4 3 4 3 4 3 5 2 3
1 2 2 2 1 2 2 1 2 1 2 2 1 1 1 2
8 6 13 17 10 14 6 6 8 7 13 15 13 12 9 6
20 15 25 25 17 19 10 29 21 30 15 22 21 19 27 14
7 19 10 20 17 9 13 12 15 9 15 10 15 12 8 14
5 8 5 5 10 12 14 12 12 13 7 7 5 9 9 12
18 15 16 18 24 23 15 10 16 26 24 17 10 17 18 24
19 13 9 12 11 10 21 14 17 22 15 22 14 13 14 19
3 2 5 5 4 2 4 2 4 2 4 5 3 3 3 5
1 1 1 3 3 1 2 2 2 3 2 3 3 2 1 1
15 6 14 16 8 12 8 16 6 16 9 15 7 15 9 14
23 17 18 10 9 11 16 20 19 21 14 18 24 16 25 18
3 6 8 8 7 7 8 5 5 4 8 4 5 3 6 7
8 6 4 4 7 9 11 10 11 8 5 10 7 10 5 6
2 4 3 6 3 3 4 6 5 6 5 4 2 4 5 6
9 13 12 11 18 21 20 23 22 8 18 10 23 16 12 10
2 2 2 1 1 1 3 1 1 1 2 2 3 1 2 1
11 9 11 18 12 7 8 6 18 11 6 8 15 11 9 9
20 12 20 20 22 14 20 15 10 15 20 8 22 15 23 8
15 10 20 10 9 11 18 18 20 18 17 10 10 16 13 18
14 17 15 24 18 16 9 26 13 21 25 20 14 19 24 21
14 9 5 13 12 12 8 14 5 13 6 6 9 12 12 9
26 20 26 11 21 20 9 26 13 23 22 13 27 11 17 25
7 5 11 8 5 9 10 7 4 12 12 8 10 6 9 10
19 23 19 17 10 15 9 22 20 23 17 13 9 9 27 23
8 15 19 13 19 14 14 12 12 16 15 13 19 19 18 20
7 7 9 8 6 3 8 8 8 5 8 9 3 5 9 5
2 3 3 3 3 3 1 3 1 2 2 3 2 2 1 3
11 12 5 5 9 12 10 11 11 12 11 7 10 11 4 7
1 2 3 1 3 3 1 3 2 2 1 1 2 1 1 1
4 6 3 7 3 9 8 8 4 3 4 3 7 5 4 5
25 28 12 26 12 21 17 10 12 14 21 13 11 26 22 20
26 22 19 21 21 12 11 20 11 22 19 20 11 22 10 10
8 11 11 12 15 14 6 14 5 7 9 7 6 9 12 9
8 13 11 11 14 5 14 7 14 10 13 10 6 13 14 8
13 11 10 6 7 10 7 6 12 12 9 12 5 7 10 13
4 7 8 8 7 4 6 7 3 5 3 7 4 3 6 8
6 5 4 11 11 6 12 11 12 8 5 9 5 8 8 7
15 6 6 13 10 9 11 7 8 9 10 16 8 8 14 6
2 3 1 2 1 1 2 3 3 3 1 2 3 2 3 1
13 10 5 8 12 8 7 8 9 7 11 13 5 10 7 14
13 11 12 10 17 16 9 14 16 8 16 15 14 8 16 8
5 2 5 3 3 2 6 2 6 6 5 5 5 2 2 6
11 12 11 14 10 13 17 7 12 7 11 14 9 6 10 13
13 11 10 15 7 9 18 6 15 7 18 17 12 18 11 18
7 15 18 8 10 16 7 12 18 10 13 20 18 13 9 10
11 4 9 10 9 8 9 4 4 10 10 8 11 11 6 9
13 9 9 11 11 10 7 16 17 16 10 10 9 18 19 15
9 11 8 9 11 6 10 4 5 9 9 5 5 11 6 10
7 8 4 8 3 9 7 5 3 6 7 7 9 4 5 8
11 5 8 9 6 4 11 5 4 4 7 5 5 8 9 7
2 1 2 1 1 2 1 2 1 2 1 2 2 1 2 1
14 10 12 12 13 7 12 10 11 11 9 12 9 8 5 8
17 9 10 15 11 12 8 7 14 8 7 6 13 6 15 11
15 12 10 9 12 17 18 15 12 24 23 22 11 8 12 17
3 5 4 5 5 3 5 2 2 2 3 4 2 3 5 3
21 9 21 13 13 20 17 24 9 10 11 17 22 24 11 20
2 1 2 2 1 1 1 1 2 2 1 1 1 2 2 2
2 1 3 3 2 3 3 3 3 1 1 3 3 3 2 2
3 3 5 5 5 3 4 3 3 6 2 2 2 5 4 4
5 4 9 5 8 3 9 3 6 5 3 4 6 3 8 6
10 14 6 7 12 13 12 10 9 13 12 5 11 9 11 6
30 29 25 10 22 18 16 17 25 20 23 25 28 28 13 17
21 14 26 26 26 12 23 12 17 26 10 16 25 17 25 24
3 2 1 1 3 1 1 2 2 1 3 2 3 3 3 3
17 17 13 18 20 24 24 20 10 16 13 17 20 8 19 13
4 2 2 5 4 5 3 4 3 2 5 5 3 5 4 3
27 23 24 20 11 29 23 29 19 25 22 13 19 11 25 17
9 24 20 9 13 19 17 21 21 12 16 20 20 22 11 23
15 12 10 14 18 17 14 6 7 9 12 16 11 7 6 11
2 4 5 3 3 3 5 3 2 4 4 5 5 2 3 2
25 13 29 14 28 23 20 10 26 15 26 15 29 14 27 28
10 14 21 17 24 19 17 22 11 25 15 9 17 20 9 22
15 20 19 14 11 12 11 10 9 20 16 8 17 9 19 23
2 4 4 4 5 5 2 5 2 5 4 2 4 4 4 5
21 27 24 14 15 17 16 17 14 25 25 12 15 25 14 15
16 14 13 17 19 18 16 10 17 9 22 14 20 24 11 13
2 1 2 1 2 1 1 2 2 2 1 1 1 2 2 1
16 16 17 26 26 13 15 14 26 16 20 24 18 29 28 10
3 2 4 2 3 4 2 4 3 3 4 3 4 5 3 2
7 11 12 20 13 8 19 15 14 12 15 12 7 18 9 9
16 10 10 12 15 13 17 7 10 18 14 18 17 17 15 15
9 7 3 5 4 6 8 6 8 7 8 4 6 5 4 9
10 18 12 19 17 16 14 13 12 23 23 26 12 24 22 25
4 5 5 8 4 6 7 10 6 11 9 4 7 6 10 8
19 12 11 22 19 19 26 15 13 19 17 12 10 16 29 21
2 6 2 6 3 2 4 2 5 4 2 3 5 2 4 3
16 22 22 24 22 14 12 18 24 24 20 15 11 17 14 21
14 12 15 14 8 9 15 13 8 14 16 7 6 15 14 13
22 24 9 14 16 25 15 16 9 26 14 15 26 10 16 13
1 1 2 1 1 2 1 2 1 2 1 1 1 2 1 1
19 18 17 7 16 11 9 12 20 14 13 21 21 14 14 18
27 17 23 27 16 29 20 13 13 14 11 20 27 12 27 14
17 8 19 18 22 11 23 8 15 11 17 12 15 11 19 16
3 3 2 1 3 1 2 2 2 3 1 3 1 3 1 2
6 8 6 10 11 7 8 9 7 12 13 10 7 12 9 14
17 12 20 13 23 11 22 9 22 17 21 16 16 21 23 13
8 11 7 8 13 7 6 17 14 16 10 17 13 11 10 12
10 10 18 19 16 21 8 14 23 18 19 8 9 17 13 22
7 3 6 7 7 5 5 5 8 7 6 3 4 5 4 4
19 11 9 17 20 22 25 22 13 11 13 10 14 18 26 25
12 13 5 8 7 5 5 5 6 10 10 8 14 13 8 5
12 10 8 20 14 20 21 11 16 14 10 23 19 21 18 8
18 14 19 21 24 26 15 25 29 11 22 17 28 12 19 21
11 18 21 15 12 16 13 16 21 13 13 10 17 16 16 21
2 2 2 1 1 2 2 1 2 1 1 1 2 2 1 1
6 7 7 9 7 8 5 6 8 4 5 9 8 5 8 7
16 25 12 20 18 27 10 27 25 16 24 25 15 16 21 13
15 20 9 14 9 12 16 16 13 11 16 12 16 17 11 7
6 4 2 5 3 5 2 3 5 4 6 4 3 6 5 2
6 6 9 3 6 8 7 9 5 7 8 3 8 7 3 3
2 1 3 1 3 2 2 1 1 2 2 1 2 1 3 3
11 13 11 7 7 18 9 15 17 17 13 9 12 13 18 17
6 18 13 10 6 12 14 18 16 16 8 7 7 13 17 15
10 11 11 9 7 8 8 4 8 6 6 5 9 7 4 11
8 4 4 8 10 10 5 9 5 4 8 11 11 7 8 11
5 2 2 3 2 2 2 5 3 3 4 5 5 2 5 2
10 9 12 9 7 6 8 6 5 5 11 12 10 10 6 12
19 7 20 13 13 9 12 20 13 20 9 14 16 10 16 16
9 12 7 15 11 16 12 17 7 7 10 15 17 16 20 16
8 15 14 14 7 17 16 9 15 17 9 16 9 7 13 12
13 10 14 22 10 24 24 26 11 18 29 13 20 10 10 21
2 3 6 3 3 6 6 5 2 6 5 3 2 6 3 2
18 24 24 10 28 16 22 21 16 27 16 20 18 29 23 12
22 12 20 13 13 21 14 8 16 13 20 19 9 20 20 21
6 9 6 5 9 8 10 8 15 7 10 11 15 11 9 6
11 14 12 12 13 13 6 7 10 11 9 5 6 7 14 13
6 6 6 3 3 8 8 7 7 4 5 8 4 8 6 3
26 23 16 20 27 20 11 18 30 10 20 11 17 27 13 21
6 3 9 7 4 4 8 9 6 5 8 9 3 7 9 8
7 7 5 7 7 3 6 5 9 8 7 5 4 3 3 6
8 10 16 19 21 23 14 20 23 21 24 19 21 13 10 22
16 28 11 13 23 24 20 17 25 20 15 15 12 18 29 21
2 2 3 3 3 1 1 3 2 1 1 2 3 3 2 2
15 12 18 15 18 11 27 10 18 23 18 29 13 29 25 22
7 5 7 10 5 11 7 7 11 12 8 7 10 7 8 10
9 14 6 13 18 12 9 15 9 9 17 17 15 15 7 8
15 15 9 18 17 10 15 13 12 15 10 14 7 14 18 13
9 9 9 13 13 15 14 15 11 14 7 11 6 5 12 8
9 19 18 13 19 11 9 12 17 18 14 11 20 18 10 9
