13 11 12 14 11 11 13 11 11 11 14 13 11 13 13 11
2 2 2 3 3 2 3 2 2 2 3 3 2 3 3 3
3 4 3 4 3 3 4 3 3 4 4 4 3 3 3 4
11 11 11 11 13 13 12 12 10 11 11 10 13 13 12 13
5 5 4 4 5 4 5 4 5 4 4 4 5 5 4 4
5 5 5 5 4 4 5 4 4 5 5 4 5 5 4 4
12 11 10 12 9 9 10 10 10 9 11 11 10 9 10 12
14 12 11 14 11 12 13 12 11 13 12 11 11 12 13 13
7 7 8 7 7 8 8 7 7 7 7 7 7 7 8 7
1 2 1 1 1 1 1 2 1 2 2 1 1 1 2 1
7 8 9 8 9 8 9 7 8 8 9 7 9 9 7 8
12 11 11 12 11 13 12 13 10 12 12 11 13 13 11 12
5 6 5 5 5 5 6 6 5 6 5 5 6 6 6 5
8 11 11 10 11 11 9 9 10 11 8 11 11 9 11 11
8 8 8 7 7 7 7 7 7 8 8 8 8 7 8 7
13 16 15 16 16 13 15 13 13 15 15 15 13 16 15 16
8 8 8 8 11 8 10 8 11 9 9 11 10 9 8 9
3 2 3 3 3 3 3 3 3 3 2 2 3 3 2 3
5 5 5 6 5 6 6 5 5 6 5 5 5 5 6 5
12 12 12 10 9 9 10 9 9 9 11 10 12 10 12 12
2 2 2 1 1 2 2 2 1 1 2 2 2 1 1 2
10 12 12 11 12 11 11 10 10 10 11 11 12 11 11 11
9 9 11 12 12 10 9 12 12 10 11 12 11 9 9 9
5 5 5 4 4 5 5 4 4 4 4 4 4 5 4 5
7 8 8 7 7 8 8 7 8 8 8 8 8 7 8 8
12 9 12 9 12 10 11 9 11 9 10 11 11 12 10 9
10 8 10 9 10 8 8 8 11 11 8 9 8 8 10 8
6 6 6 7 6 6 7 7 7 6 6 7 7 6 6 6
16 14 16 15 16 13 15 14 13 14 15 15 16 15 13 14
12 15 13 13 13 13 12 13 12 15 15 15 14 12 14 13
11 8 9 10 9 8 8 11 8 8 11 8 8 8 10 11
6 5 5 6 5 5 6 5 5 6 6 6 5 6 5 5
3 3 3 3 3 3 2 2 2 2 2 2 2 3 2 3
15 16 13 13 14 16 13 13 13 15 16 16 13 16 14 15
8 8 9 7 7 7 7 9 7 8 9 8 7 9 9 8
6 5 6 5 6 5 6 6 5 6 5 6 6 5 6 5
7 7 7 6 7 7 6 6 7 6 7 7 7 6 7 6
13 14 15 14 15 12 13 15 15 14 15 15 12 15 12 14
7 7 7 6 6 7 6 7 7 7 6 7 6 6 7 6
8 11 9 9 10 10 10 8 9 9 10 8 9 8 11 9
6 7 6 6 7 7 7 6 7 7 6 6 7 6 7 7
14 12 15 15 12 14 12 14 12 12 14 12 15 12 13 13
12 13 13 14 14 11 13 11 12 14 12 14 12 14 12 13
4 4 4 3 3 3 3 4 3 3 3 3 4 3 4 4
7 9 7 8 8 8 9 8 7 9 9 9 7 7 7 9
5 4 4 5 4 4 5 4 4 4 5 5 5 4 4 4
14 13 13 14 12 14 14 13 14 13 12 12 12 12 12 13
7 6 6 6 7 7 7 7 6 6 6 7 7 6 6 6
14 14 13 13 14 15 14 13 14 14 14 15 16 13 14 16
7 7 7 7 8 7 7 8 7 8 7 7 8 7 7 8
10 12 11 12 12 12 11 11 13 13 12 12 11 13 10 13
11 13 13 13 10 11 11 13 11 12 11 11 13 10 13 12
4 5 5 4 5 5 4 4 5 4 4 4 5 5 5 5
11 11 13 11 12 13 13 11 12 13 13 10 12 10 11 10
10 9 10 11 12 10 12 9 10 12 11 9 10 11 10 12
7 7 7 7 7 7 7 7 6 6 7 6 7 7 6 6
9 9 9 9 8 9 8 7 7 9 8 9 8 7 7 9
10 10 9 9 12 10 12 12 9 12 11 11 9 12 12 9
5 6 5 5 6 6 5 6 6 6 6 6 6 6 5 6
5 5 6 6 5 6 5 6 6 5 5 5 6 6 6 6
7 8 8 8 7 7 7 8 7 7 8 8 7 7 7 7
3 2 3 3 3 3 2 3 3 2 3 3 3 2 3 2
2 1 1 2 1 2 2 2 2 1 2 1 1 1 2 1
2 3 3 2 2 2 2 3 3 3 2 2 2 2 3 2
12 11 13 12 13 13 12 11 11 10 11 10 13 10 11 12
7 6 7 6 6 6 6 7 6 7 7 7 7 7 7 6
11 9 9 9 9 10 11 8 10 9 10 11 11 8 8 11
3 4 4 4 3 3 3 3 4 3 3 3 4 4 4 3
8 8 7 7 8 8 7 8 8 8 8 8 8 8 8 7
5 4 4 5 5 4 4 5 5 4 5 4 4 5 5 4
3 2 3 3 3 3 3 2 3 3 3 3 2 3 2 3
5 5 5 5 6 6 6 5 5 6 5 5 6 5 5 6
14 13 16 16 16 13 13 16 16 15 13 15 15 15 13 16
11 9 9 11 9 11 9 10 9 10 10 9 8 9 8 11
8 8 8 7 8 8 7 8 7 7 8 8 7 7 8 8
6 7 6 7 7 7 6 7 7 6 7 7 6 7 6 6
10 8 9 10 11 11 8 11 9 9 9 11 11 10 8 11
10 11 11 10 9 12 9 11 11 10 12 12 11 12 9 12
5 6 5 5 6 5 5 5 5 5 5 5 6 5 6 5
7 6 6 7 6 6 7 7 6 6 7 6 6 7 6 7
14 11 11 11 12 13 13 13 11 13 12 12 13 12 11 12
8 7 8 7 8 7 7 8 8 8 7 8 8 7 8 8
1 2 2 1 2 2 2 2 1 2 1 2 2 2 2 1
3 2 2 2 2 2 3 2 2 2 2 2 2 2 3 2
2 2 2 2 2 2 3 3 3 2 2 3 3 2 2 3
6 6 5 6 6 5 6 6 6 6 5 6 6 6 6 6
7 8 7 7 9 9 7 7 9 7 9 9 8 9 7 8
8 7 8 7 9 8 9 9 7 9 8 7 8 9 7 7
13 13 14 15 14 12 14 13 15 13 15 14 13 14 12 12
12 11 13 10 12 11 10 13 11 10 13 13 10 10 11 12
13 13 13 14 14 12 12 14 15 15 12 13 14 15 13 15
9 9 11 11 11 9 11 12 9 9 9 10 10 10 12 10
11 10 9 8 8 10 9 9 11 10 9 8 9 8 8 9
8 9 8 8 7 9 9 7 8 9 7 9 7 8 8 9
13 10 13 10 12 13 13 13 12 11 12 11 13 13 11 10
8 8 10 10 9 8 9 11 10 9 8 8 10 8 8 11
2 1 1 2 1 2 2 1 1 1 1 1 1 1 2 1
2 3 3 3 3 3 2 2 3 3 2 2 3 2 2 2
11 9 10 11 9 10 11 12 9 12 10 12 9 11 10 12
15 14 13 14 14 14 15 15 12 12 13 15 15 13 15 14
