1 2 1
1 3 12
1 4 4
1 5 6
1 6 4
2 7 2
2 8 9
3 9 10
3 10 12
3 11 11
3 12 1
3 13 7
4 14 6
4 15 6
5 16 6
5 17 2
5 18 6
5 19 11
5 20 12
6 21 4
6 22 10
6 23 12
6 24 7
7 25 8
8 26 7
9 27 10
10 28 2
11 29 12
12 30 6
13 31 2
14 32 2
15 33 3
15 34 4
16 35 9
17 36 7
18 37 12
19 38 10
20 39 5
21 40 9
22 41 4
23 42 1
24 43 11
25 44 5
26 45 5
26 46 6
27 47 10
27 48 6
28 49 1
29 50 5
30 51 4
31 52 13
31 53 11
32 54 12
33 55 7
33 56 8
34 57 7
35 58 8
36 59 13
37 60 2
38 61 13
39 62 8
40 63 8
40 64 7
41 65 1
42 66 11
43 67 3
44 68 11
45 69 1
46 70 5
47 71 4
48 71 13
49 72 10
50 73 7
51 73 10
52 74 13
53 74 3
54 75 5
55 76 10
56 76 8
57 77 10
58 78 4
59 79 13
60 79 7
61 80 6
62 81 11
63 81 4
64 81 4
65 82 3
66 83 1
67 83 3
68 84 7
69 85 11
70 86 13
71 87 3
72 88 4
73 89 1
74 90 8
75 91 11
76 92 6
77 93 3
78 94 9
79 95 12
80 96 3
81 97 9
82 98 12
83 99 3
84 100 5
85 101 1
86 102 4
87 103 7
88 104 8
89 105 11
90 106 6
91 107 5
92 108 10
93 109 4
94 110 3
95 111 4
96 112 5
97 113 12
98 114 12
99 115 9
100 116 2
101 117 8
101 118 8
102 119 9
103 120 5
104 121 3
105 122 13
105 123 9
106 124 4
107 125 10
108 126 4
109 127 2
110 128 2
110 129 12
111 130 1
111 131 13
112 132 13
112 133 5
113 134 11
114 135 4
115 136 12
116 137 11
117 137 6
118 137 12
119 137 11
120 137 11
121 138 13
122 139 7
123 140 8
124 141 7
125 142 10
126 143 1
127 143 11
128 144 7
129 145 2
130 145 13
131 146 5
132 147 5
133 148 13
134 148 6
135 149 10
136 149 6
137 150 11
138 151 2
138 152 4
139 153 8
139 154 4
140 155 7
140 156 12
141 157 2
142 158 7
143 159 12
144 160 11
145 161 13
146 162 4
147 163 2
148 164 1
148 165 13
149 166 7
150 167 8
151 168 11
152 169 3
153 170 7
154 171 3
155 172 9
156 173 8
157 174 3
158 175 1
159 176 7
159 177 6
159 178 6
160 179 1
161 180 7
162 181 12
162 182 13
163 183 10
164 184 10
165 185 6
166 186 3
167 187 9
168 187 13
169 188 6
170 189 11
171 189 9
172 190 3
173 191 9
174 192 2
175 193 7
176 194 1
177 194 8
178 194 1
179 195 10
180 196 7
181 197 1
182 198 2
183 199 3
184 200 11
185 201 5
186 202 2
187 203 9
188 204 2
189 205 5
190 206 9
191 207 2
192 207 10
193 208 10
194 209 1
195 210 11
196 211 9
197 212 1
198 213 11
199 213 2
200 214 5
201 215 6
202 216 8
203 217 11
204 218 11
205 219 10
206 220 5
207 221 12
208 222 3
209 223 13
210 224 5
211 225 9
212 226 12
213 227 10
214 228 10
215 229 9
215 230 11
216 231 7
217 232 11
217 233 2
217 234 7
218 235 6
219 236 2
219 237 7
220 238 6
221 239 11
222 240 1
222 241 6
223 242 7
223 243 13
224 244 1
225 245 2
226 246 3
227 247 13
227 248 8
228 249 8
228 250 5
229 251 10
230 252 7
231 253 4
231 254 13
231 255 6
231 256 1
231 257 7
232 258 3
233 259 13
234 260 5
235 261 12
236 262 3
237 263 5
238 264 8
239 265 6
240 266 5
241 267 5
242 268 6
243 269 12
244 270 13
245 271 11
246 272 9
247 273 10
248 274 7
249 275 1
250 276 9
251 277 13
252 278 4
253 279 11
254 280 1
255 281 9
256 282 9
257 283 13
258 284 4
259 285 1
260 286 2
261 287 10
262 288 5
263 289 8
264 290 11
265 291 1
266 292 13
267 293 3
268 294 2
269 295 12
270 296 13
271 297 7
272 298 9
273 299 2
274 300 4
275 301 12
276 302 12
277 303 13
278 304 1
279 305 13
279 306 7
280 307 1
281 308 13
282 309 10
283 310 9
284 311 11
285 312 3
285 313 4
286 314 6
287 315 8
287 316 10
288 317 11
288 318 5
289 319 2
290 320 8
290 321 8
291 322 5
292 323 7
293 324 4
294 325 7
294 326 7
294 327 6
295 328 13
296 329 6
296 330 9
297 331 10
298 332 3
299 333 6
299 334 13
300 335 4
301 336 10
301 337 5
302 338 2
302 339 12
303 340 9
303 341 10
304 342 2
304 343 12
305 344 6
305 345 3
306 346 12
307 347 7
307 348 1
307 349 6
308 350 5
309 351 12
309 352 6
310 353 3
311 354 4
312 354 5
313 354 6
314 355 12
315 355 13
316 356 2
317 357 11
318 358 8
319 358 5
320 359 10
321 359 9
322 360 13
323 361 8
324 362 9
325 362 4
326 363 9
327 363 4
328 363 9
329 364 2
330 364 2
331 365 11
332 365 6
333 365 13
334 366 1
335 367 8
336 367 8
337 367 1
338 367 9
339 368 11
340 369 8
341 370 3
342 370 6
343 371 9
344 371 11
345 371 10
346 372 11
347 372 1
348 372 5
349 373 10
350 374 5
351 374 12
352 374 6
353 375 5
354 376 5
355 377 7
356 378 12
357 379 8
358 380 5
358 381 4
359 382 13
359 383 3
360 384 6
361 385 6
362 386 7
363 387 5
364 388 7
364 389 13
365 390 8
366 391 11
367 392 12
368 393 1
369 394 5
370 395 4
371 396 12
372 397 8
373 398 5
374 399 7
375 400 11
375 401 7
376 402 3
377 403 6
378 404 11
379 405 8
380 405 8
381 406 5
382 407 9
383 407 9
384 408 6
385 409 11
386 410 7
387 411 5
388 412 9
389 413 2
390 414 10
391 415 7
392 416 3
393 417 2
394 418 2
395 419 13
396 420 5
397 421 1
398 422 7
399 423 11
400 424 1
401 425 6
402 426 8
403 427 6
404 428 11
405 429 11
406 430 12
407 431 13
408 432 6
409 433 10
409 434 6
410 435 10
411 436 2
412 437 1
413 438 9
414 439 8
415 440 6
416 441 10
416 442 3
417 443 2
418 444 6
419 445 10
420 446 11
421 447 9
422 448 8
423 449 1
424 450 5
425 451 10
426 452 3
427 453 11
428 454 1
429 455 4
430 456 7
431 457 4
432 458 8
433 459 7
434 460 11
435 461 10
436 462 3
437 463 2
438 464 11
439 465 7
440 466 10
441 467 8
442 468 4
443 469 2
444 470 10
445 471 6
446 472 12
447 473 6
448 474 1
449 475 4
450 476 13
451 477 11
452 478 9
453 478 9
454 479 7
455 480 11
456 480 4
457 481 4
458 481 2
459 482 10
460 483 9
461 484 6
462 484 10
463 485 3
464 486 13
465 487 13
466 488 6
467 489 8
468 490 11
469 490 11
470 491 12
471 491 4
472 492 3
473 492 13
474 493 1
475 493 12
476 494 3
477 494 11
478 495 9
479 496 8
480 497 13
481 498 13
482 499 4
483 500 11
484 501 1
485 502 4
486 503 9
487 504 5
488 505 12
489 506 12
490 507 13
491 507 9
492 508 4
493 509 12
494 510 13
495 511 12
495 512 8
495 513 6
496 514 3
497 515 7
498 516 8
499 517 7
500 518 3
500 519 10
500 520 1
501 521 11
502 522 1
503 523 3
504 524 7
505 525 6
505 526 2
506 527 4
506 528 12
507 529 6
507 530 5
507 531 7
508 532 6
509 533 5
510 534 1
511 535 13
512 535 6
513 536 11
514 537 1
515 538 13
516 539 9
517 540 3
518 541 5
519 542 4
520 543 9
521 544 1
522 545 10
523 546 9
524 547 9
525 548 9
526 549 4
527 549 3
528 550 6
529 551 8
530 551 1
531 552 12
532 553 12
533 554 12
534 555 2
535 556 6
535 557 8
536 558 4
537 559 12
538 560 5
539 561 7
540 562 12
541 563 13
541 564 5
542 565 1
543 566 4
544 567 11
544 568 7
545 569 8
546 570 3
547 571 12
548 572 9
548 573 6
549 574 7
549 575 2
550 576 7
551 577 8
551 578 3
552 579 3
553 580 6
554 581 10
555 582 5
556 583 5
557 584 6
558 585 10
559 586 12
560 587 5
561 588 7
562 589 7
563 589 2
564 590 6
565 591 10
566 592 4
567 592 1
568 593 11
569 594 7
570 595 6
571 595 9
572 596 5
573 597 13
574 598 12
575 598 6
576 598 3
577 599 7
578 600 4
579 601 7
580 602 9
581 603 5
582 604 11
583 605 5
584 606 11
585 606 8
586 606 4
587 607 4
588 607 8
589 607 9
590 608 13
591 608 11
592 609 5
593 610 9
594 611 11
595 612 1
596 612 12
597 612 8
598 613 4
599 614 4
600 614 2
601 614 12
602 615 12
603 616 6
604 617 11
605 618 13
605 619 7
605 620 4
606 621 7
607 622 9
608 623 5
608 624 2
609 625 7
610 626 11
610 627 9
611 628 10
611 629 2
612 630 10
613 631 5
614 632 5
614 633 6
615 634 4
616 635 6
617 636 2
617 637 10
618 638 3
619 639 1
620 640 3
621 641 1
622 642 7
623 643 2
624 644 13
625 645 9
625 646 2
626 647 5
627 648 8
628 649 6
629 650 12
630 651 13
631 652 7
632 653 4
633 654 13
634 655 6
635 656 8
636 657 11
637 658 8
638 659 6
639 660 11
640 661 2
641 662 13
642 663 9
643 664 8
644 665 11
645 666 8
646 667 11
647 668 1
648 669 12
649 670 1
650 671 8
651 672 8
652 673 6
653 674 7
654 675 6
655 676 11
656 677 4
657 678 7
658 679 13
659 680 6
660 681 4
661 682 13
662 683 7
663 684 3
664 685 2
665 686 12
666 687 3
667 688 1
668 689 11
669 690 6
670 691 3
671 692 8
672 693 2
673 693 8
674 694 9
675 695 4
676 696 6
677 697 1
678 698 1
679 699 13
680 700 12
681 700 13
682 700 2
683 700 2
684 700 2
685 700 8
686 700 2
687 700 3
688 700 8
689 700 7
690 700 13
691 700 6
692 700 8
693 700 5
694 700 8
695 700 11
696 700 8
697 700 10
698 700 6
699 700 2
