1 2 8
1 3 3
1 4 9
2 5 5
2 6 4
2 7 10
2 8 3
2 9 2
3 10 10
3 11 9
3 12 3
3 13 8
3 14 7
4 15 1
4 16 10
4 17 1
4 18 11
4 19 6
5 20 3
6 21 7
7 22 7
8 23 6
9 24 7
10 25 5
11 26 4
12 27 11
13 28 7
14 29 10
15 30 5
16 31 10
17 32 2
18 33 8
19 34 10
20 35 4
21 36 5
22 37 11
23 38 8
24 39 10
25 39 2
26 40 10
27 41 11
28 42 1
29 43 11
30 44 1
31 45 8
32 46 9
33 47 8
34 48 10
35 49 9
36 50 11
37 51 4
38 52 6
39 53 10
40 54 2
40 55 8
41 56 3
41 57 8
42 58 9
42 59 4
43 60 9
43 61 5
44 62 6
45 63 7
46 64 2
47 65 1
48 66 1
49 67 7
50 68 11
51 69 2
52 70 8
53 71 3
54 72 10
55 73 2
56 73 5
57 74 1
58 75 6
59 75 4
60 76 6
61 76 1
62 77 8
63 78 2
64 79 8
65 79 7
66 80 7
67 81 7
68 82 5
69 83 5
70 84 6
71 85 10
72 86 1
73 87 8
74 88 9
75 89 2
76 90 9
77 91 10
78 92 3
79 93 4
80 94 3
81 95 7
82 96 3
83 97 11
84 98 4
85 99 3
86 100 5
86 101 11
86 102 4
87 103 1
88 104 3
89 105 10
90 106 1
91 107 4
92 108 4
93 109 11
93 110 10
93 111 10
94 112 10
95 113 3
96 113 11
97 114 5
98 114 6
99 115 3
100 116 8
101 117 11
102 118 7
103 119 5
104 120 8
105 120 11
106 121 6
107 122 6
108 123 10
109 124 9
110 125 10
111 125 4
112 126 1
113 127 4
114 128 10
115 129 4
116 130 4
117 131 7
118 132 1
119 133 9
120 134 9
121 135 8
122 136 2
123 137 1
124 138 2
125 139 1
126 140 4
127 141 2
128 142 9
129 143 11
130 144 10
131 145 11
132 146 10
133 147 10
134 148 2
135 149 2
136 150 4
137 151 3
137 152 1
138 153 9
139 154 9
140 155 7
141 156 9
142 157 7
143 158 6
144 159 8
144 160 4
145 161 5
146 162 11
147 163 9
148 164 5
149 165 11
150 166 4
150 167 4
151 168 11
151 169 11
152 170 7
153 171 5
154 172 1
155 173 8
156 174 9
157 175 9
158 176 11
159 177 2
160 178 8
161 179 8
162 179 8
163 180 6
164 181 4
165 182 6
166 183 9
167 184 6
168 185 6
169 185 4
170 186 1
171 187 8
172 188 5
173 189 9
174 190 2
175 191 9
175 192 1
176 193 8
177 194 5
178 195 11
179 196 10
180 197 4
181 198 3
182 199 5
183 200 8
184 201 10
185 202 3
186 203 3
187 204 7
188 205 3
189 206 7
190 207 11
191 208 9
192 209 7
193 210 11
194 211 8
195 212 7
196 213 2
197 214 9
197 215 4
198 216 6
199 217 3
200 218 2
201 219 5
202 220 5
203 221 7
204 222 2
205 223 11
206 224 2
207 225 3
208 226 1
209 227 5
210 228 2
211 229 6
212 230 4
213 230 9
214 231 2
215 232 6
216 233 4
217 234 10
218 235 4
219 236 11
220 237 8
221 238 10
222 239 7
223 240 9
224 241 5
225 242 10
226 243 4
227 244 3
228 245 1
229 246 7
230 247 11
231 248 5
232 249 4
233 250 8
234 251 6
235 252 7
236 253 7
237 254 10
238 255 11
239 256 2
240 257 2
241 258 8
242 259 5
243 260 7
244 261 1
245 262 6
246 263 3
247 264 5
248 265 6
249 266 4
250 267 5
251 268 5
252 269 5
253 270 6
254 271 3
255 272 1
256 273 4
257 274 4
257 275 10
258 276 6
259 277 5
260 278 1
261 278 7
262 278 2
263 279 7
264 280 10
265 281 8
266 282 7
267 283 1
268 284 5
269 285 4
270 286 2
271 287 10
272 288 11
273 289 7
274 290 1
275 291 6
276 292 3
277 293 2
278 294 6
279 295 5
280 296 7
281 297 9
282 298 11
283 298 8
284 299 7
285 300 9
286 301 11
287 302 5
288 303 2
289 304 3
290 305 5
291 306 2
292 307 3
293 308 5
294 309 11
295 310 3
295 311 1
296 312 1
297 313 10
297 314 3
298 315 11
299 316 4
300 317 10
300 318 11
301 319 4
302 320 8
303 321 5
304 322 9
305 323 9
306 324 5
307 325 4
308 326 8
309 326 3
310 327 5
311 328 6
312 329 4
313 329 7
314 330 9
315 331 2
316 332 10
317 332 7
318 333 6
319 334 3
320 335 5
321 336 5
322 337 2
323 338 2
324 338 4
325 339 3
326 340 7
327 341 2
327 342 9
328 343 11
329 344 6
329 345 8
329 346 9
330 347 11
331 348 1
332 349 6
333 350 5
334 351 9
335 352 1
336 353 7
337 354 11
338 355 4
338 356 8
339 357 4
340 358 7
341 359 2
342 360 5
343 361 3
344 361 11
345 362 9
346 363 9
347 364 10
348 365 7
349 366 1
350 367 8
351 368 9
352 369 11
353 369 7
354 369 9
355 369 9
356 370 6
357 371 6
358 372 10
359 373 9
360 374 7
361 375 2
362 376 6
363 377 3
364 378 2
365 378 5
366 379 11
367 380 1
368 381 11
369 382 2
370 383 11
371 384 11
372 385 6
373 386 8
374 387 8
375 388 4
376 389 5
377 390 5
378 391 7
379 392 2
380 393 6
381 394 2
382 395 2
383 396 4
384 397 9
385 398 7
385 399 5
386 400 5
387 401 1
387 402 4
388 403 4
389 404 1
390 405 1
391 406 6
392 407 4
393 408 6
394 409 7
395 410 1
396 411 8
397 412 5
398 413 6
399 414 5
400 415 10
401 416 9
402 417 2
402 418 5
403 419 8
404 420 4
405 421 5
406 422 9
407 423 2
408 424 11
408 425 1
408 426 10
409 427 2
410 428 2
411 429 9
412 430 4
413 431 11
414 432 3
415 433 7
416 434 6
417 435 1
418 436 3
419 436 3
420 437 9
421 438 8
422 439 1
423 440 11
424 441 8
425 442 10
426 443 2
427 444 7
428 445 11
429 446 3
430 447 9
431 448 2
432 449 9
433 450 1
434 451 8
435 452 1
436 453 4
437 454 1
438 455 8
439 456 9
440 457 5
441 458 1
442 459 5
443 460 2
444 461 8
445 462 3
446 463 8
447 464 11
448 465 7
449 466 7
450 467 3
451 468 5
452 469 11
453 470 3
454 471 3
455 472 4
456 473 5
457 474 8
458 475 5
459 476 2
460 477 3
460 478 5
461 479 10
462 480 4
463 481 3
464 482 5
465 483 11
466 484 8
467 485 1
468 486 9
469 487 11
470 488 5
471 488 5
472 488 8
473 488 11
474 489 7
475 489 10
476 489 11
477 490 1
478 491 3
479 492 8
480 493 2
481 494 11
482 495 3
483 496 4
483 497 5
484 498 1
485 499 8
486 500 5
487 501 7
488 502 10
489 503 2
490 504 5
491 505 3
492 506 3
493 507 8
494 508 6
495 509 3
496 510 11
497 511 11
498 512 1
499 513 8
500 514 8
501 515 8
502 516 8
503 517 5
504 518 7
505 519 1
506 520 6
506 521 2
507 522 9
508 523 5
509 524 2
510 525 3
511 526 9
512 527 4
513 528 8
514 529 11
515 530 8
516 531 8
517 532 6
518 533 2
519 534 2
520 535 7
521 536 3
522 537 6
523 538 6
524 539 4
525 540 5
526 541 11
527 542 3
528 543 10
529 544 2
530 545 6
531 546 6
532 547 11
533 548 9
534 549 6
535 550 7
536 551 11
537 552 6
538 553 4
539 554 4
540 555 1
541 556 2
542 557 8
543 558 5
544 559 2
545 560 9
546 561 10
547 562 9
548 563 10
549 564 8
550 565 2
551 566 9
552 567 4
553 568 11
554 569 9
555 570 11
556 571 1
557 572 7
558 573 1
559 574 4
560 575 10
561 576 1
562 577 6
563 578 11
564 579 9
565 580 10
566 581 5
567 582 7
568 583 9
569 584 1
570 585 4
571 585 8
572 586 1
573 587 5
574 587 5
575 588 8
576 589 4
577 590 6
578 591 11
579 592 8
580 593 2
581 594 11
582 595 10
583 596 2
584 597 4
585 598 6
586 599 7
587 600 6
587 601 5
587 602 3
588 603 10
589 604 7
590 605 6
591 606 3
591 607 10
592 608 3
592 609 3
593 610 2
594 611 4
595 612 2
596 613 3
597 614 10
597 615 7
598 616 3
599 617 6
600 618 9
601 619 1
602 620 7
603 621 10
604 622 4
605 623 8
606 624 8
607 625 8
608 626 2
609 627 3
610 628 5
611 629 7
612 630 6
613 631 11
614 632 3
615 633 9
616 634 11
617 634 1
618 635 4
619 636 9
620 637 1
621 638 11
622 639 3
623 640 2
624 641 5
625 642 11
626 643 6
627 644 3
628 645 11
629 646 6
630 647 4
631 648 11
632 649 1
633 649 9
634 650 7
635 651 1
635 652 9
635 653 9
636 654 8
637 655 11
638 656 9
639 657 7
640 658 1
641 659 3
642 660 5
643 661 6
644 662 9
645 663 11
646 664 1
647 665 5
648 666 3
649 667 8
650 668 6
651 669 5
652 670 2
653 671 8
654 672 8
655 673 10
656 674 9
657 675 4
658 676 4
659 677 7
660 678 5
661 679 4
662 680 10
663 681 4
664 682 3
665 683 5
666 684 6
667 685 11
668 686 8
669 687 11
670 688 3
671 689 3
672 690 10
673 690 11
674 691 6
675 692 9
676 693 9
677 694 3
678 695 7
679 696 4
680 696 8
681 696 9
682 697 11
683 697 5
684 698 3
685 699 1
686 700 3
687 700 3
688 700 3
689 700 2
690 700 4
691 700 8
692 700 5
693 700 10
694 700 1
695 700 9
696 700 4
697 700 5
698 700 6
699 700 3
