1 2 91
1 3 45
1 4 148
2 5 14
2 6 25
2 7 25
2 8 42
2 9 24
3 10 137
3 11 78
3 12 36
3 13 75
3 14 27
4 15 136
4 16 155
4 17 10
4 18 128
5 19 28
6 20 49
7 21 112
8 22 113
9 23 102
10 24 128
11 25 105
12 26 28
13 27 46
14 28 36
15 29 69
16 30 38
17 31 58
18 32 159
19 33 68
20 34 26
21 35 3
22 36 148
22 37 50
23 38 81
24 39 77
24 40 42
25 41 42
25 42 6
25 43 157
26 44 45
26 45 57
26 46 84
27 47 30
27 48 112
28 49 149
29 50 64
29 51 18
29 52 45
30 53 47
30 54 12
30 55 83
31 56 100
32 57 26
32 58 99
33 59 62
34 59 8
35 60 102
36 61 88
37 62 152
38 62 86
39 62 16
40 62 148
41 63 39
42 64 126
43 64 139
44 64 104
45 64 132
46 65 38
47 66 36
48 67 77
49 67 30
50 68 55
51 68 145
52 69 145
53 69 33
54 70 109
55 71 19
56 72 85
57 72 99
58 73 89
59 74 103
60 75 120
61 76 137
62 77 82
63 78 53
64 79 42
65 80 60
66 81 122
67 81 119
68 82 113
69 83 69
70 84 56
71 85 101
72 86 116
73 87 153
74 88 91
75 89 62
76 90 88
77 90 79
78 91 42
79 92 73
80 92 33
81 93 157
82 94 90
83 95 17
84 96 141
85 97 123
86 98 45
87 99 123
88 100 7
89 100 53
90 100 154
91 100 13
92 100 39
93 100 71
94 100 55
95 100 108
96 100 125
97 100 44
98 100 28
99 100 124
