1 2 1
1 3 1
1 4 1
2 5 1
2 6 1
2 7 1
2 8 1
3 9 1
3 10 1
3 11 1
3 12 1
4 13 1
4 14 1
4 15 1
4 16 1
4 17 1
5 18 1
5 19 1
6 20 1
6 21 1
7 22 1
8 23 1
9 24 1
9 25 1
10 26 1
10 27 1
11 28 1
11 29 1
12 30 1
13 31 1
14 32 1
15 33 1
15 34 1
16 35 1
16 36 1
17 37 1
18 38 1
19 38 1
20 39 1
21 40 1
22 40 1
23 41 1
24 42 1
25 43 1
26 43 1
27 43 1
28 44 1
29 44 1
30 44 1
31 45 1
32 46 1
33 47 1
34 47 1
35 47 1
36 48 1
37 49 1
38 50 1
39 50 1
40 50 1
41 50 1
42 50 1
43 50 1
44 50 1
45 50 1
46 50 1
47 50 1
48 50 1
49 50 1
