1 2 5
1 3 12
1 4 6
1 5 11
2 6 9
2 7 6
2 8 4
3 9 9
3 10 4
3 11 10
4 12 5
4 13 11
4 14 10
5 15 5
5 16 4
5 17 12
5 18 5
6 19 13
7 20 7
8 21 6
9 22 12
10 23 3
11 24 3
12 25 11
13 26 4
14 27 12
15 28 12
16 29 1
17 30 2
18 30 3
19 31 11
20 32 11
21 33 10
22 34 8
23 35 6
24 36 9
25 37 8
26 38 7
26 39 3
27 40 1
28 41 6
29 42 10
30 43 13
31 44 5
31 45 3
32 46 2
32 47 13
33 48 3
34 49 8
34 50 7
35 51 9
35 52 13
36 53 10
37 54 5
38 55 11
39 56 13
40 57 10
41 58 2
41 59 6
42 60 10
42 61 8
43 62 2
44 63 9
45 64 11
45 65 3
46 66 4
47 67 12
48 68 13
49 69 1
50 70 10
51 71 6
52 72 8
53 73 13
54 74 12
55 75 7
56 76 8
57 77 5
58 78 9
59 79 13
60 80 9
61 81 10
62 82 1
62 83 13
63 84 4
64 85 2
65 85 5
66 86 9
67 86 7
68 87 1
69 87 11
70 88 3
71 89 7
72 89 12
73 89 8
74 90 4
75 91 6
76 92 4
77 92 6
78 93 13
79 94 1
80 94 4
81 94 9
82 95 2
83 95 10
84 96 12
85 97 8
86 98 12
87 99 1
88 100 5
88 101 1
89 102 9
90 103 3
91 104 10
91 105 8
92 106 4
93 107 5
94 108 2
95 109 4
95 110 2
96 111 10
97 111 3
98 112 9
99 112 12
100 113 8
101 114 8
102 114 12
103 114 11
104 115 3
105 116 9
106 117 9
107 118 7
108 119 4
109 120 3
110 120 2
111 121 12
112 122 2
112 123 12
112 124 3
113 125 13
113 126 2
114 127 10
115 128 6
115 129 1
116 130 10
116 131 7
116 132 6
117 133 8
117 134 2
118 135 13
119 136 7
119 137 10
120 138 6
120 139 2
121 140 11
122 141 11
123 142 3
124 143 7
125 143 9
126 144 13
127 145 9
128 146 12
129 147 13
130 148 13
131 149 7
132 150 3
133 151 12
134 152 4
135 153 10
136 154 7
137 154 5
138 155 13
139 156 5
140 157 7
141 158 11
142 158 6
143 159 3
144 159 4
145 160 1
146 161 7
147 162 1
148 163 8
149 164 7
150 165 10
151 165 13
152 166 2
153 167 8
154 168 13
155 168 5
156 169 13
157 170 13
157 171 2
158 172 9
159 173 5
160 174 4
160 175 3
161 176 11
162 177 4
162 178 11
163 179 7
163 180 1
163 181 13
164 182 13
165 183 10
166 184 6
167 185 9
167 186 1
168 187 8
169 188 8
169 189 9
170 190 6
171 190 3
172 191 13
173 192 11
174 192 9
175 193 9
176 193 12
177 194 10
178 195 11
179 195 13
180 196 13
181 196 4
182 197 6
183 198 8
184 198 10
185 198 5
186 199 11
187 200 8
188 200 9
189 200 5
190 201 10
190 202 2
191 203 4
192 204 3
193 205 8
194 206 8
195 207 1
195 208 10
196 209 8
196 210 8
196 211 7
197 212 3
197 213 1
198 214 10
199 215 8
199 216 10
199 217 1
200 218 7
200 219 13
200 220 1
201 221 7
202 222 9
203 222 13
204 222 10
205 223 11
206 223 9
207 223 7
208 223 6
209 224 9
210 224 12
211 224 6
212 225 3
213 226 6
214 227 8
215 227 6
216 228 1
217 229 3
218 229 4
219 230 1
220 231 13
221 232 10
221 233 6
222 234 10
222 235 3
223 236 7
223 237 11
223 238 12
224 239 3
225 240 13
226 241 4
227 242 9
228 243 6
229 244 7
229 245 1
230 246 9
231 247 9
231 248 12
231 249 7
232 250 11
233 251 7
234 252 1
235 253 7
236 254 10
237 255 5
238 256 5
239 257 4
239 258 6
240 259 4
241 260 2
242 261 5
243 262 2
244 263 8
245 264 7
246 265 9
247 266 9
248 267 5
249 268 6
250 269 2
250 270 5
250 271 7
251 272 12
252 273 12
253 274 13
253 275 5
253 276 4
254 277 8
255 278 12
256 279 3
257 280 5
258 281 13
258 282 8
259 283 4
260 284 4
261 285 11
262 286 7
263 287 8
263 288 2
264 289 7
265 290 12
265 291 5
266 292 12
266 293 13
267 294 1
268 295 7
269 296 11
270 296 4
271 297 12
272 297 12
273 298 10
274 298 13
275 298 5
276 298 1
277 299 10
278 300 13
279 300 2
280 301 8
281 301 11
282 301 11
283 302 11
284 302 12
285 303 3
286 304 13
287 304 9
288 305 11
289 306 2
290 306 5
291 307 8
292 307 6
293 308 6
294 309 13
295 309 4
296 310 2
297 311 11
298 312 5
299 313 2
300 314 6
301 315 3
301 316 3
301 317 7
302 318 12
303 319 6
303 320 5
304 321 3
304 322 13
305 323 10
305 324 8
306 325 11
306 326 12
307 327 8
308 328 1
309 329 13
310 330 7
311 331 8
312 332 2
313 333 8
314 333 10
315 334 5
316 335 3
317 336 12
318 336 13
319 337 7
320 337 10
321 337 3
322 338 2
323 338 9
324 339 3
325 340 11
326 341 3
327 341 4
328 342 9
329 343 11
330 344 10
330 345 8
331 346 1
331 347 8
332 348 10
332 349 3
333 350 4
334 351 8
334 352 10
334 353 5
335 354 2
336 355 12
336 356 9
337 357 1
338 358 3
339 359 4
340 360 11
341 361 1
342 362 11
343 363 12
343 364 7
344 365 4
344 366 11
345 367 12
346 368 9
347 369 8
347 370 8
348 371 3
349 372 9
350 373 11
351 374 4
352 375 2
353 376 2
354 377 8
355 378 4
356 379 5
357 380 13
358 381 10
359 382 7
360 383 9
361 384 10
362 385 13
363 386 1
363 387 6
364 388 7
365 389 12
366 389 11
367 390 4
368 390 11
369 390 13
370 391 7
371 391 3
372 391 2
373 392 10
374 392 1
375 393 2
376 393 12
377 394 8
378 394 11
379 395 8
380 395 6
381 395 7
382 395 7
383 396 7
384 397 8
385 398 3
386 399 12
387 399 9
388 400 11
389 401 12
390 402 12
390 403 13
391 404 5
392 405 5
392 406 10
392 407 7
392 408 10
393 409 3
394 410 3
395 411 12
396 412 5
396 413 11
397 414 1
398 415 4
398 416 8
398 417 4
398 418 9
399 419 9
399 420 8
400 421 12
401 422 1
401 423 1
402 424 9
402 425 2
403 426 7
403 427 7
403 428 12
404 429 12
404 430 10
404 431 10
405 432 9
405 433 8
406 434 8
406 435 3
407 436 11
407 437 10
407 438 12
407 439 13
408 440 2
408 441 11
408 442 7
409 443 8
409 444 11
410 445 5
410 446 12
410 447 5
411 448 13
412 449 5
412 450 2
413 451 1
413 452 11
413 453 2
414 454 11
414 455 4
415 456 10
416 457 13
416 458 12
416 459 2
417 460 13
418 461 10
418 462 5
418 463 5
418 464 10
419 465 1
419 466 8
419 467 1
420 468 9
421 469 5
421 470 10
421 471 5
422 472 12
423 472 2
424 472 7
425 473 9
426 473 5
427 473 6
428 473 5
429 473 10
430 474 7
431 474 3
432 474 13
433 475 13
434 475 7
435 475 8
436 475 3
437 476 1
438 476 5
439 476 8
440 477 1
441 477 6
442 477 10
443 477 11
444 477 5
445 477 9
446 478 2
447 478 5
448 478 9
449 478 6
450 479 12
451 479 7
452 479 5
453 479 3
454 480 12
455 481 5
456 481 4
457 481 6
458 481 5
459 481 2
460 481 9
461 481 10
462 481 9
463 482 10
464 482 4
465 482 12
466 482 1
467 483 4
468 483 8
469 483 3
470 483 11
471 483 10
472 484 13
473 485 13
473 486 13
474 487 10
475 488 3
476 489 5
476 490 13
477 491 9
478 492 13
478 493 7
479 494 12
479 495 7
480 496 7
481 497 3
481 498 5
482 499 3
483 500 10
484 501 11
485 502 13
486 503 5
486 504 6
487 505 7
487 506 8
488 507 3
489 508 10
489 509 7
490 510 9
491 511 10
492 512 8
493 513 6
493 514 1
494 515 8
495 516 13
496 517 11
497 518 4
498 519 10
498 520 3
499 521 4
500 522 6
501 523 3
502 524 11
503 525 6
504 526 6
505 527 12
506 527 5
507 528 9
508 528 12
509 529 12
510 530 5
511 531 5
512 531 12
513 532 2
514 532 7
515 532 5
516 533 7
517 533 3
518 534 5
519 535 5
520 535 12
521 536 2
522 537 4
523 538 2
524 539 11
524 540 5
525 541 1
525 542 13
525 543 7
525 544 7
526 545 9
526 546 12
527 547 5
528 548 2
529 549 3
530 550 5
530 551 13
531 552 10
532 553 7
533 554 10
533 555 3
534 556 12
534 557 5
535 558 6
536 559 4
537 560 11
538 561 13
539 561 8
540 562 5
541 563 6
542 563 7
543 564 8
544 564 4
545 564 11
546 565 4
547 565 9
548 565 7
549 565 12
550 566 13
551 567 6
552 567 4
553 568 11
554 569 13
555 569 13
556 569 5
557 569 11
558 570 8
559 570 5
560 571 13
561 572 3
561 573 8
562 574 4
563 575 10
564 576 10
564 577 3
565 578 2
565 579 7
566 580 6
567 581 4
567 582 13
567 583 4
568 584 11
569 585 10
569 586 1
570 587 2
570 588 7
570 589 9
571 590 4
572 591 10
573 591 2
574 591 9
575 591 9
576 592 11
577 592 3
578 593 10
579 593 12
580 593 3
581 593 1
582 594 13
583 595 6
584 596 9
585 596 1
586 597 13
587 597 5
588 597 5
589 598 11
590 598 3
591 599 7
592 600 6
593 601 5
593 602 8
594 603 8
595 604 8
595 605 6
596 606 3
596 607 6
597 608 12
597 609 8
597 610 7
598 611 11
599 612 4
599 613 4
600 614 3
601 615 9
602 616 3
603 617 10
604 618 11
604 619 9
605 620 4
606 621 13
607 622 10
608 623 11
609 624 4
610 625 3
611 626 3
612 627 8
613 628 11
613 629 3
614 630 10
615 631 1
616 632 7
617 633 1
618 634 1
618 635 4
619 636 3
619 637 12
620 638 2
620 639 6
621 640 6
622 641 9
623 642 5
624 643 7
624 644 9
625 645 5
626 646 5
627 647 9
628 648 2
629 649 3
630 650 3
631 650 1
632 650 2
633 651 2
634 652 2
635 653 11
636 654 8
637 654 10
638 655 9
639 656 7
640 657 11
641 658 7
642 659 4
643 660 4
644 661 6
645 661 3
646 661 4
647 662 8
648 663 9
649 664 7
650 665 11
651 666 4
652 667 5
653 668 6
654 669 11
655 670 1
656 671 5
657 672 6
658 673 9
659 674 9
660 675 4
661 676 2
662 677 10
663 678 5
664 679 5
665 680 2
666 681 11
667 682 11
668 683 5
669 684 4
670 685 1
671 686 13
672 686 7
673 687 13
674 688 12
675 689 13
676 690 1
677 691 12
678 692 9
679 693 7
680 694 2
681 695 5
681 696 2
682 697 1
683 698 2
684 699 12
685 700 9
686 701 6
687 702 7
688 703 1
689 704 12
690 705 12
691 706 4
692 707 2
693 708 3
693 709 6
694 710 9
695 711 13
696 712 12
696 713 12
697 714 11
698 715 12
699 716 13
700 717 2
701 718 2
702 719 2
703 720 11
704 721 12
705 722 11
706 723 12
707 724 1
708 725 9
709 726 11
710 727 8
711 728 6
712 729 7
713 730 3
714 731 10
715 732 7
716 733 8
717 734 9
718 735 5
719 736 8
720 737 10
721 738 4
722 739 3
723 740 3
724 740 6
725 741 8
726 742 7
727 743 5
728 744 2
729 745 9
730 746 12
731 747 9
732 748 5
733 749 11
734 750 4
735 751 10
736 752 5
737 752 11
738 753 11
739 753 9
740 754 6
741 755 6
741 756 4
742 757 5
743 758 10
744 759 6
745 760 12
746 761 12
747 762 7
748 763 9
749 764 13
750 765 10
751 766 8
752 767 7
753 768 9
754 769 1
755 770 3
756 771 7
757 772 5
758 773 3
759 774 2
760 775 7
761 775 7
762 776 4
763 777 11
764 778 12
765 779 9
766 780 13
767 780 3
768 781 7
769 782 1
769 783 2
770 784 8
771 785 8
772 786 10
773 787 12
774 788 3
775 789 13
776 790 5
777 791 10
778 792 4
779 793 7
780 794 6
781 795 5
781 796 9
782 797 8
782 798 9
783 799 7
784 800 1
785 801 6
786 802 9
787 803 13
788 804 11
789 805 13
790 806 2
791 807 4
792 808 3
793 809 7
794 810 2
795 811 2
796 812 6
797 813 10
798 813 9
799 814 10
800 815 3
801 816 2
802 817 9
803 818 9
804 819 7
805 820 7
806 821 7
807 822 5
808 823 4
809 824 2
810 825 2
811 826 11
812 827 2
813 828 5
813 829 8
814 830 4
815 831 5
816 832 12
817 833 2
818 834 6
819 835 3
820 836 2
821 837 1
822 838 1
823 839 9
823 840 5
824 841 12
824 842 6
824 843 3
825 844 4
826 845 2
827 846 10
827 847 12
827 848 6
828 849 10
829 850 7
830 851 9
831 852 2
832 853 6
833 854 7
834 854 13
835 855 10
836 856 12
837 857 1
838 858 11
839 859 4
840 860 4
841 861 13
842 862 9
843 863 7
844 863 12
845 864 3
846 865 5
847 866 7
848 866 5
849 867 6
850 868 8
851 869 5
852 870 1
853 871 10
854 872 3
855 873 6
856 874 11
857 875 5
858 876 11
859 877 8
860 878 12
861 879 12
862 880 1
863 881 9
864 882 10
865 883 4
865 884 7
866 885 4
867 886 13
868 887 10
869 888 2
870 889 6
871 889 11
872 889 4
873 890 8
874 891 13
875 892 9
876 893 3
877 893 10
878 894 9
879 894 12
880 895 10
881 895 9
882 896 7
883 897 13
884 898 8
885 899 4
886 900 7
887 900 13
888 900 10
889 900 7
890 900 11
891 900 1
892 900 6
893 900 10
894 900 3
895 900 10
896 900 13
897 900 5
898 900 6
899 900 4
