1 2 1
1 3 1
1 4 1
1 5 1
1 6 1
2 7 1
3 8 1
4 9 1
4 10 1
5 11 1
5 12 1
5 13 1
6 14 1
6 15 1
7 16 1
8 17 1
9 18 1
9 19 1
10 20 1
11 21 1
12 22 1
12 23 1
13 24 1
14 25 1
14 26 1
14 27 1
15 28 1
16 29 1
17 30 1
18 31 1
19 32 1
20 33 1
21 34 1
22 35 1
22 36 1
23 37 1
23 38 1
24 39 1
25 40 1
25 41 1
26 42 1
27 43 1
28 44 1
29 45 1
30 46 1
31 47 1
31 48 1
32 49 1
33 50 1
34 51 1
35 52 1
36 53 1
37 54 1
37 55 1
38 56 1
39 57 1
40 58 1
41 59 1
42 60 1
43 61 1
44 62 1
45 63 1
45 64 1
46 65 1
46 66 1
47 67 1
48 68 1
49 69 1
50 70 1
51 71 1
52 72 1
53 73 1
54 74 1
55 75 1
56 76 1
57 77 1
57 78 1
58 79 1
58 80 1
59 81 1
60 82 1
61 83 1
62 84 1
63 85 1
64 85 1
65 86 1
66 86 1
67 86 1
68 87 1
69 88 1
70 88 1
71 89 1
72 90 1
73 91 1
74 92 1
75 93 1
76 94 1
77 95 1
78 96 1
79 96 1
80 97 1
81 98 1
82 98 1
83 99 1
84 100 1
85 101 1
86 102 1
87 102 1
88 103 1
89 103 1
90 103 1
91 103 1
92 104 1
93 104 1
94 104 1
95 104 1
96 104 1
97 105 1
98 106 1
99 106 1
100 107 1
101 108 1
101 109 1
102 110 1
103 111 1
104 112 1
104 113 1
105 114 1
105 115 1
106 116 1
107 117 1
108 118 1
109 119 1
109 120 1
109 121 1
110 122 1
110 123 1
110 124 1
111 125 1
111 126 1
111 127 1
112 128 1
113 129 1
113 130 1
114 131 1
115 132 1
116 133 1
116 134 1
117 135 1
118 136 1
119 137 1
120 138 1
121 139 1
122 140 1
123 141 1
124 141 1
125 142 1
126 143 1
127 144 1
128 145 1
129 146 1
130 147 1
131 147 1
132 148 1
133 149 1
134 149 1
135 150 1
136 151 1
137 152 1
138 153 1
139 153 1
140 154 1
141 155 1
142 156 1
143 157 1
144 158 1
145 158 1
146 159 1
147 160 1
148 161 1
149 161 1
150 161 1
151 162 1
152 163 1
152 164 1
153 165 1
153 166 1
154 167 1
155 168 1
155 169 1
156 170 1
156 171 1
157 172 1
158 173 1
159 174 1
160 175 1
161 176 1
162 177 1
163 178 1
164 178 1
165 179 1
166 179 1
167 180 1
168 181 1
169 181 1
170 182 1
171 183 1
172 184 1
173 185 1
174 186 1
175 187 1
176 188 1
177 189 1
178 190 1
179 191 1
180 192 1
181 193 1
182 194 1
183 194 1
184 195 1
185 196 1
186 196 1
187 197 1
188 198 1
189 199 1
190 200 1
190 201 1
190 202 1
190 203 1
191 204 1
192 205 1
193 206 1
194 207 1
194 208 1
194 209 1
195 210 1
196 211 1
197 212 1
198 213 1
198 214 1
199 215 1
200 215 1
201 215 1
202 216 1
203 217 1
204 218 1
205 218 1
206 219 1
207 220 1
208 221 1
209 222 1
210 222 1
211 222 1
212 223 1
213 224 1
214 224 1
215 225 1
216 226 1
216 227 1
217 228 1
217 229 1
217 230 1
218 231 1
218 232 1
218 233 1
219 234 1
220 235 1
221 236 1
221 237 1
222 238 1
223 239 1
223 240 1
223 241 1
223 242 1
223 243 1
224 244 1
224 245 1
224 246 1
224 247 1
225 248 1
226 248 1
227 248 1
228 249 1
229 250 1
230 251 1
231 252 1
232 253 1
233 254 1
234 254 1
235 255 1
236 255 1
237 255 1
238 256 1
239 256 1
240 257 1
241 257 1
242 258 1
243 258 1
244 259 1
245 259 1
246 260 1
247 260 1
248 261 1
249 262 1
250 263 1
251 264 1
252 265 1
253 266 1
253 267 1
254 268 1
255 269 1
256 270 1
257 271 1
258 272 1
259 273 1
260 274 1
261 275 1
262 276 1
263 277 1
264 278 1
265 279 1
266 280 1
267 281 1
268 282 1
269 283 1
270 284 1
271 285 1
272 286 1
273 287 1
274 288 1
275 289 1
276 289 1
277 290 1
278 291 1
279 291 1
280 292 1
281 292 1
282 293 1
283 293 1
284 294 1
285 294 1
286 295 1
287 296 1
288 296 1
289 297 1
289 298 1
289 299 1
290 300 1
290 301 1
290 302 1
290 303 1
291 304 1
291 305 1
292 306 1
292 307 1
292 308 1
292 309 1
293 310 1
293 311 1
293 312 1
293 313 1
294 314 1
294 315 1
295 316 1
295 317 1
296 318 1
296 319 1
297 320 1
298 320 1
299 320 1
300 320 1
301 320 1
302 321 1
303 321 1
304 321 1
305 322 1
306 322 1
307 322 1
308 322 1
309 323 1
310 323 1
311 323 1
312 323 1
313 324 1
314 324 1
315 324 1
316 324 1
317 325 1
318 325 1
319 325 1
320 326 1
320 327 1
320 328 1
321 329 1
321 330 1
322 331 1
322 332 1
323 333 1
323 334 1
323 335 1
323 336 1
324 337 1
324 338 1
324 339 1
324 340 1
324 341 1
325 342 1
325 343 1
325 344 1
326 345 1
327 346 1
328 347 1
328 348 1
329 349 1
329 350 1
330 351 1
330 352 1
331 353 1
332 354 1
333 355 1
334 356 1
335 357 1
336 358 1
337 359 1
338 360 1
339 361 1
340 362 1
340 363 1
341 364 1
342 365 1
343 366 1
344 367 1
345 368 1
346 369 1
347 370 1
348 371 1
349 372 1
349 373 1
350 374 1
350 375 1
351 376 1
352 377 1
353 378 1
354 379 1
355 380 1
356 381 1
357 382 1
358 383 1
359 384 1
360 385 1
360 386 1
361 387 1
362 388 1
362 389 1
362 390 1
363 391 1
364 392 1
365 393 1
366 394 1
366 395 1
367 396 1
368 397 1
369 397 1
370 398 1
371 399 1
372 399 1
373 400 1
374 400 1
375 401 1
376 402 1
377 402 1
378 403 1
379 404 1
380 404 1
381 404 1
382 405 1
383 405 1
384 405 1
385 406 1
386 406 1
387 406 1
388 406 1
389 407 1
390 408 1
391 408 1
392 408 1
393 409 1
394 410 1
395 410 1
396 411 1
397 412 1
398 413 1
399 414 1
400 415 1
401 416 1
402 417 1
403 418 1
404 419 1
405 419 1
406 420 1
407 420 1
408 420 1
409 421 1
410 422 1
411 423 1
412 424 1
413 425 1
414 426 1
415 427 1
416 428 1
417 429 1
418 430 1
419 431 1
420 432 1
421 433 1
422 434 1
423 435 1
424 436 1
424 437 1
425 438 1
426 439 1
426 440 1
427 441 1
428 442 1
429 443 1
430 444 1
431 445 1
431 446 1
431 447 1
431 448 1
432 449 1
433 450 1
433 451 1
434 452 1
434 453 1
435 454 1
435 455 1
436 456 1
437 456 1
438 457 1
439 457 1
440 458 1
441 459 1
442 459 1
443 460 1
444 460 1
445 461 1
446 461 1
447 461 1
448 462 1
449 462 1
450 462 1
451 463 1
452 464 1
453 465 1
454 465 1
455 466 1
456 467 1
457 468 1
457 469 1
458 470 1
458 471 1
458 472 1
459 473 1
459 474 1
459 475 1
459 476 1
460 477 1
461 478 1
461 479 1
461 480 1
462 481 1
462 482 1
462 483 1
463 484 1
463 485 1
463 486 1
464 487 1
464 488 1
465 489 1
466 490 1
466 491 1
467 492 1
468 493 1
469 493 1
470 493 1
471 494 1
472 494 1
473 495 1
474 496 1
475 496 1
476 497 1
477 498 1
478 498 1
479 499 1
480 500 1
481 501 1
482 502 1
483 503 1
484 503 1
485 504 1
486 504 1
487 504 1
488 505 1
489 505 1
490 506 1
491 506 1
492 507 1
493 508 1
494 509 1
495 510 1
496 511 1
497 512 1
498 513 1
499 514 1
500 515 1
501 516 1
502 517 1
503 518 1
504 519 1
505 520 1
506 521 1
507 522 1
508 523 1
509 524 1
510 525 1
511 526 1
512 527 1
513 528 1
514 529 1
515 529 1
516 530 1
517 531 1
518 532 1
519 533 1
520 534 1
521 535 1
522 536 1
523 537 1
524 538 1
525 539 1
526 540 1
527 541 1
528 542 1
529 543 1
530 544 1
531 545 1
531 546 1
532 547 1
533 548 1
534 549 1
535 550 1
536 551 1
537 552 1
538 553 1
539 554 1
540 555 1
541 556 1
542 557 1
543 558 1
544 559 1
545 560 1
546 561 1
547 562 1
548 563 1
549 564 1
549 565 1
550 566 1
551 567 1
552 568 1
553 569 1
554 570 1
555 571 1
556 571 1
557 572 1
558 573 1
559 574 1
560 574 1
561 575 1
562 576 1
563 577 1
564 578 1
565 579 1
566 580 1
567 581 1
568 582 1
568 583 1
568 584 1
569 585 1
570 586 1
571 587 1
571 588 1
572 589 1
573 590 1
574 591 1
575 592 1
575 593 1
576 594 1
576 595 1
577 596 1
577 597 1
577 598 1
578 599 1
578 600 1
579 601 1
580 602 1
580 603 1
581 604 1
582 605 1
583 606 1
584 607 1
585 608 1
586 608 1
587 609 1
588 609 1
589 610 1
590 611 1
591 611 1
592 611 1
593 612 1
594 612 1
595 612 1
596 613 1
597 613 1
598 614 1
599 614 1
600 614 1
601 615 1
602 615 1
603 615 1
604 616 1
605 617 1
605 618 1
605 619 1
606 620 1
607 621 1
607 622 1
608 623 1
609 624 1
609 625 1
610 626 1
611 627 1
612 628 1
613 629 1
614 630 1
615 631 1
615 632 1
616 633 1
617 634 1
618 635 1
619 636 1
620 637 1
621 637 1
622 638 1
623 639 1
624 640 1
625 641 1
626 641 1
627 642 1
628 643 1
629 644 1
630 645 1
631 646 1
632 647 1
633 648 1
634 649 1
635 650 1
636 651 1
637 652 1
638 653 1
639 654 1
640 655 1
641 656 1
642 657 1
643 658 1
644 659 1
645 660 1
646 661 1
647 662 1
648 663 1
649 664 1
650 665 1
651 666 1
652 667 1
653 668 1
654 669 1
654 670 1
655 671 1
656 672 1
657 673 1
658 674 1
659 675 1
660 676 1
660 677 1
661 678 1
662 679 1
663 680 1
664 681 1
665 682 1
666 683 1
667 684 1
668 684 1
669 685 1
670 686 1
671 687 1
672 688 1
673 689 1
674 690 1
675 691 1
676 692 1
677 693 1
678 694 1
679 695 1
680 696 1
681 697 1
682 698 1
683 699 1
684 700 1
685 700 1
686 701 1
687 702 1
688 703 1
689 704 1
690 705 1
691 706 1
692 707 1
693 708 1
694 709 1
695 710 1
696 711 1
697 712 1
698 713 1
699 714 1
700 715 1
701 715 1
702 716 1
703 717 1
704 718 1
705 719 1
706 720 1
707 721 1
708 722 1
709 723 1
710 724 1
711 725 1
712 726 1
713 727 1
714 728 1
715 729 1
716 730 1
717 730 1
718 731 1
719 732 1
720 732 1
721 733 1
722 734 1
723 735 1
724 735 1
725 736 1
726 737 1
727 738 1
728 739 1
729 740 1
729 741 1
730 742 1
730 743 1
731 744 1
732 745 1
733 746 1
734 747 1
735 748 1
736 749 1
736 750 1
737 751 1
738 752 1
738 753 1
739 754 1
739 755 1
740 756 1
740 757 1
741 758 1
742 759 1
743 760 1
744 761 1
744 762 1
745 763 1
746 764 1
747 765 1
748 766 1
748 767 1
749 768 1
750 768 1
751 769 1
752 770 1
753 771 1
754 772 1
755 772 1
756 772 1
757 773 1
758 773 1
759 774 1
760 775 1
761 775 1
762 776 1
763 777 1
764 777 1
765 778 1
766 779 1
767 780 1
768 781 1
769 782 1
770 783 1
771 784 1
772 785 1
773 786 1
774 787 1
774 788 1
775 789 1
776 790 1
776 791 1
777 792 1
778 793 1
778 794 1
778 795 1
779 796 1
779 797 1
780 798 1
780 799 1
781 800 1
782 800 1
783 800 1
784 800 1
785 800 1
786 800 1
787 800 1
788 800 1
789 800 1
790 800 1
791 800 1
792 800 1
793 800 1
794 800 1
795 800 1
796 800 1
797 800 1
798 800 1
799 800 1
