1 2 1
1 3 1
1 4 1
1 5 1
1 6 1
2 7 1
3 8 1
4 9 1
5 10 1
5 11 1
6 12 1
6 13 1
7 14 1
8 15 1
9 16 1
10 17 1
11 18 1
12 19 1
13 20 1
14 21 1
15 22 1
16 23 1
17 24 1
17 25 1
18 26 1
19 27 1
19 28 1
20 29 1
20 30 1
21 31 1
22 32 1
23 33 1
24 34 1
25 35 1
26 36 1
27 37 1
28 38 1
29 38 1
30 39 1
31 40 1
31 41 1
31 42 1
32 43 1
33 44 1
34 45 1
35 46 1
36 47 1
36 48 1
36 49 1
37 50 1
37 51 1
37 52 1
38 53 1
38 54 1
39 55 1
40 56 1
41 56 1
42 57 1
43 58 1
44 58 1
45 59 1
46 59 1
47 60 1
48 61 1
49 62 1
50 63 1
51 64 1
52 65 1
53 65 1
54 65 1
55 66 1
56 67 1
57 68 1
58 69 1
59 70 1
60 71 1
61 72 1
62 73 1
63 74 1
64 75 1
65 76 1
65 77 1
66 78 1
67 79 1
68 80 1
68 81 1
68 82 1
69 83 1
70 84 1
71 85 1
72 86 1
72 87 1
73 88 1
74 89 1
75 90 1
76 91 1
77 92 1
77 93 1
78 94 1
79 95 1
80 96 1
81 97 1
82 97 1
83 97 1
84 98 1
85 99 1
86 100 1
87 101 1
88 102 1
89 103 1
90 104 1
91 105 1
92 106 1
93 107 1
94 108 1
95 109 1
96 110 1
97 111 1
98 112 1
99 113 1
100 114 1
101 115 1
102 116 1
103 117 1
104 118 1
105 119 1
106 120 1
107 120 1
108 121 1
109 122 1
110 123 1
111 124 1
112 125 1
113 126 1
114 127 1
115 128 1
116 129 1
117 130 1
118 131 1
119 132 1
120 133 1
121 134 1
122 135 1
123 136 1
124 137 1
125 137 1
126 138 1
127 138 1
128 139 1
129 139 1
130 140 1
131 141 1
132 142 1
133 143 1
134 143 1
135 144 1
136 145 1
137 146 1
137 147 1
138 148 1
138 149 1
139 150 1
139 151 1
139 152 1
139 153 1
140 154 1
141 155 1
141 156 1
142 157 1
143 158 1
143 159 1
144 160 1
145 161 1
146 162 1
147 163 1
148 164 1
149 165 1
150 165 1
151 166 1
152 166 1
153 167 1
154 167 1
155 167 1
156 167 1
157 168 1
158 168 1
159 169 1
160 170 1
161 171 1
162 172 1
163 173 1
164 174 1
164 175 1
165 176 1
166 177 1
167 178 1
168 179 1
169 180 1
170 181 1
171 182 1
172 183 1
172 184 1
173 185 1
173 186 1
174 187 1
175 188 1
176 189 1
177 190 1
177 191 1
178 192 1
179 193 1
180 194 1
181 195 1
182 195 1
183 196 1
184 197 1
185 198 1
186 199 1
187 200 1
188 201 1
189 202 1
190 203 1
191 204 1
192 205 1
193 206 1
194 207 1
195 208 1
196 209 1
197 210 1
198 211 1
199 212 1
200 213 1
201 214 1
202 215 1
203 216 1
204 217 1
205 218 1
206 219 1
207 220 1
208 221 1
209 221 1
210 222 1
211 223 1
212 224 1
213 224 1
214 224 1
215 224 1
216 225 1
217 226 1
218 226 1
219 227 1
220 228 1
221 229 1
221 230 1
222 231 1
222 232 1
223 233 1
223 234 1
223 235 1
224 236 1
224 237 1
225 238 1
226 239 1
227 240 1
227 241 1
228 242 1
229 243 1
230 243 1
231 244 1
232 245 1
233 246 1
234 247 1
235 248 1
236 249 1
237 250 1
238 251 1
239 252 1
240 253 1
241 254 1
242 255 1
243 256 1
244 257 1
245 258 1
246 259 1
247 260 1
248 261 1
249 262 1
250 263 1
251 264 1
252 265 1
253 266 1
253 267 1
254 268 1
255 269 1
256 270 1
257 271 1
258 272 1
259 273 1
260 274 1
261 275 1
262 276 1
263 277 1
264 278 1
265 278 1
266 279 1
267 280 1
268 281 1
269 281 1
270 282 1
271 283 1
272 284 1
273 284 1
274 284 1
275 285 1
276 286 1
277 286 1
278 287 1
279 287 1
280 288 1
281 289 1
282 290 1
282 291 1
283 292 1
283 293 1
284 294 1
285 295 1
286 296 1
287 297 1
288 298 1
289 299 1
290 300 1
291 300 1
292 300 1
293 300 1
294 300 1
295 300 1
296 300 1
297 300 1
298 300 1
299 300 1
