1 2 1
1 3 1
1 4 1
1 5 1
2 6 1
2 7 1
2 8 1
3 9 1
3 10 1
4 11 1
4 12 1
4 13 1
5 14 1
5 15 1
5 16 1
6 17 1
7 18 1
8 19 1
9 19 1
10 20 1
11 21 1
12 22 1
13 23 1
14 24 1
15 24 1
16 25 1
17 26 1
18 27 1
19 28 1
20 29 1
21 30 1
22 31 1
23 32 1
23 33 1
24 34 1
24 35 1
25 36 1
26 37 1
27 38 1
28 39 1
29 40 1
30 41 1
31 42 1
32 43 1
33 44 1
34 45 1
35 46 1
36 46 1
37 47 1
38 48 1
38 49 1
39 50 1
40 51 1
41 52 1
42 53 1
42 54 1
42 55 1
43 56 1
44 57 1
45 58 1
46 59 1
47 60 1
48 61 1
49 62 1
50 62 1
51 63 1
52 64 1
53 65 1
54 65 1
55 66 1
56 66 1
57 67 1
58 68 1
59 69 1
60 70 1
61 71 1
62 72 1
63 73 1
63 74 1
63 75 1
64 76 1
65 77 1
66 78 1
67 79 1
68 80 1
68 81 1
69 82 1
70 83 1
71 84 1
72 85 1
73 86 1
74 87 1
75 88 1
76 89 1
77 90 1
78 91 1
79 92 1
80 93 1
81 94 1
82 95 1
83 96 1
84 96 1
85 97 1
86 97 1
87 97 1
88 98 1
89 98 1
90 99 1
91 100 1
92 101 1
93 102 1
94 103 1
95 104 1
96 105 1
97 106 1
98 107 1
98 108 1
99 109 1
99 110 1
100 111 1
101 112 1
102 113 1
102 114 1
103 115 1
104 116 1
104 117 1
105 118 1
106 119 1
107 120 1
108 121 1
109 122 1
110 123 1
111 123 1
112 124 1
113 125 1
114 126 1
115 127 1
116 127 1
117 128 1
118 129 1
119 130 1
120 131 1
121 132 1
122 133 1
122 134 1
123 135 1
124 136 1
125 137 1
126 138 1
127 139 1
128 140 1
129 141 1
130 142 1
131 143 1
132 144 1
133 145 1
134 146 1
135 147 1
136 148 1
137 148 1
138 149 1
139 150 1
140 151 1
141 152 1
142 153 1
143 154 1
144 154 1
145 155 1
146 156 1
147 157 1
148 158 1
149 159 1
150 160 1
151 161 1
152 162 1
153 163 1
154 164 1
155 165 1
156 166 1
157 167 1
158 168 1
159 169 1
160 170 1
161 171 1
162 172 1
163 173 1
164 174 1
165 175 1
166 176 1
166 177 1
167 178 1
168 179 1
169 180 1
170 181 1
171 182 1
171 183 1
172 184 1
173 185 1
174 186 1
175 187 1
176 188 1
176 189 1
177 190 1
178 191 1
179 192 1
180 193 1
181 194 1
182 195 1
183 196 1
184 197 1
185 198 1
186 199 1
187 200 1
188 201 1
189 202 1
190 203 1
191 204 1
192 205 1
193 206 1
194 207 1
195 208 1
196 209 1
197 210 1
198 211 1
199 212 1
200 213 1
201 214 1
202 215 1
203 215 1
204 216 1
205 217 1
206 218 1
207 219 1
208 219 1
209 220 1
210 221 1
211 222 1
212 223 1
213 224 1
214 225 1
214 226 1
215 227 1
216 228 1
216 229 1
217 230 1
218 231 1
219 232 1
220 233 1
221 234 1
222 234 1
223 235 1
224 236 1
225 237 1
226 238 1
227 239 1
228 239 1
229 240 1
230 240 1
231 241 1
232 242 1
233 242 1
234 243 1
235 244 1
236 245 1
237 246 1
237 247 1
238 248 1
239 249 1
240 250 1
240 251 1
241 252 1
241 253 1
242 254 1
242 255 1
243 256 1
244 256 1
245 257 1
246 257 1
247 258 1
248 258 1
249 259 1
250 259 1
251 260 1
252 260 1
253 261 1
254 262 1
255 263 1
256 264 1
256 265 1
257 266 1
258 267 1
258 268 1
259 269 1
260 270 1
260 271 1
261 272 1
261 273 1
262 274 1
262 275 1
263 276 1
264 277 1
265 278 1
266 278 1
267 279 1
268 280 1
269 281 1
270 282 1
271 283 1
272 284 1
273 285 1
274 286 1
275 287 1
276 288 1
277 289 1
278 290 1
279 290 1
280 291 1
281 292 1
282 293 1
283 293 1
284 294 1
285 295 1
286 296 1
287 297 1
288 298 1
289 299 1
290 299 1
291 300 1
292 301 1
293 301 1
294 302 1
295 303 1
296 304 1
297 305 1
298 306 1
299 307 1
300 308 1
301 309 1
302 310 1
303 311 1
304 312 1
305 313 1
306 314 1
306 315 1
307 316 1
307 317 1
307 318 1
308 319 1
309 320 1
310 321 1
311 322 1
312 323 1
312 324 1
313 325 1
314 326 1
315 327 1
316 328 1
317 329 1
318 330 1
319 331 1
320 332 1
321 333 1
322 334 1
323 335 1
324 336 1
325 337 1
326 338 1
326 339 1
327 340 1
328 341 1
329 341 1
330 342 1
331 343 1
332 344 1
333 345 1
334 346 1
335 346 1
336 347 1
337 347 1
338 348 1
339 349 1
340 350 1
341 351 1
342 352 1
342 353 1
343 354 1
344 355 1
345 356 1
346 357 1
347 358 1
348 359 1
348 360 1
349 361 1
349 362 1
350 363 1
351 364 1
352 364 1
353 365 1
354 366 1
355 367 1
356 368 1
357 369 1
358 370 1
359 371 1
360 372 1
361 372 1
362 372 1
363 373 1
364 374 1
365 375 1
366 376 1
367 377 1
368 378 1
369 379 1
370 380 1
370 381 1
370 382 1
371 383 1
372 384 1
373 385 1
373 386 1
374 387 1
375 388 1
376 389 1
377 390 1
378 391 1
379 392 1
380 393 1
381 394 1
382 395 1
383 396 1
384 397 1
385 398 1
386 399 1
387 400 1
388 400 1
389 400 1
390 400 1
391 400 1
392 400 1
393 400 1
394 400 1
395 400 1
396 400 1
397 400 1
398 400 1
399 400 1
