1 2 1
1 3 1
1 4 3
2 5 1
2 6 2
2 7 3
3 8 2
3 9 2
3 10 1
4 11 1
4 12 1
4 13 2
5 14 1
5 15 3
5 16 1
6 17 1
6 18 1
6 19 1
7 20 1
7 21 3
8 22 1
8 23 3
9 24 3
9 25 1
9 26 1
10 27 1
10 28 2
10 29 2
11 30 1
11 31 2
12 32 1
12 33 1
13 34 1
13 35 3
13 36 3
14 37 1
15 38 2
16 39 1
17 39 1
18 40 1
19 40 1
20 40 3
21 41 2
22 41 1
23 41 1
24 42 1
25 42 3
26 42 3
27 42 2
28 43 2
29 44 1
30 44 1
31 45 2
32 45 2
33 46 2
34 46 3
35 46 1
36 46 3
37 47 1
38 48 2
39 49 2
39 50 2
40 51 1
41 52 1
42 53 1
42 54 1
43 55 1
44 56 3
44 57 3
45 58 3
45 59 3
46 60 1
47 61 1
48 62 1
49 63 1
50 63 1
51 64 3
52 64 1
53 64 2
54 64 2
55 65 1
56 66 1
57 66 3
58 66 2
59 67 2
60 67 1
61 68 3
61 69 3
61 70 3
62 71 3
62 72 3
63 73 3
63 74 3
63 75 3
64 76 3
64 77 2
65 78 3
66 79 1
67 80 2
68 81 2
68 82 1
69 83 1
70 84 1
71 85 3
72 86 1
72 87 2
73 88 1
74 89 2
74 90 1
74 91 3
75 92 1
76 93 1
76 94 3
77 95 1
78 96 1
79 97 3
80 98 1
80 99 2
81 100 2
82 100 2
83 100 2
84 101 2
85 101 3
86 101 3
87 102 1
88 103 2
89 104 3
90 105 1
91 106 3
92 106 1
93 107 2
94 107 3
95 108 3
96 108 3
97 109 3
98 110 2
99 110 1
100 111 2
101 112 3
102 113 1
102 114 3
103 115 3
104 116 3
105 117 1
106 118 1
107 119 1
108 120 3
109 121 2
109 122 2
110 123 2
111 124 2
112 125 1
112 126 3
113 127 3
114 128 2
115 129 2
116 130 2
117 131 3
118 132 3
119 133 3
120 134 1
121 135 1
122 136 1
123 137 3
124 138 1
125 139 3
126 140 3
127 140 1
128 141 3
129 142 3
130 143 3
131 143 1
132 144 1
133 145 1
134 146 1
135 147 1
136 148 1
137 149 3
138 150 1
138 151 3
139 152 1
140 153 2
141 154 3
141 155 2
142 156 2
143 157 2
144 158 2
145 159 1
145 160 3
146 161 1
146 162 3
146 163 1
147 164 1
147 165 3
148 166 2
148 167 3
149 168 2
149 169 2
149 170 3
150 171 2
151 171 2
152 172 1
153 173 1
154 174 3
155 175 1
156 176 3
157 177 2
158 178 2
159 179 3
160 180 2
161 181 1
162 182 3
163 183 2
164 184 3
165 185 1
166 186 3
167 187 2
168 188 2
169 189 2
170 189 2
171 190 1
172 190 2
173 191 2
174 192 3
175 193 3
176 193 1
177 194 3
178 195 3
179 195 3
180 196 3
181 196 2
182 196 3
183 196 3
184 197 1
185 197 2
186 197 1
187 198 2
188 198 1
189 199 3
190 200 2
190 201 3
191 202 3
191 203 2
191 204 3
192 205 1
193 206 1
194 207 3
195 208 3
195 209 2
196 210 1
197 211 1
198 212 2
198 213 2
199 214 1
200 215 2
201 216 3
202 217 3
203 218 1
204 219 2
205 220 2
206 221 2
207 222 1
208 223 2
209 224 1
210 225 2
211 226 1
212 226 2
213 227 1
214 227 2
215 228 3
216 229 2
217 229 2
218 230 2
219 230 2
220 231 2
221 232 2
222 232 3
223 233 2
224 234 3
225 235 3
226 236 3
227 237 1
228 238 3
229 239 3
230 240 3
230 241 1
231 242 2
232 243 3
233 244 1
234 245 3
234 246 3
235 247 1
236 248 3
237 249 2
238 250 1
239 251 1
240 252 3
241 253 2
242 254 2
243 255 1
244 256 2
245 257 2
245 258 3
246 259 1
246 260 2
247 261 3
248 262 1
249 263 3
250 264 2
251 265 3
251 266 3
252 267 2
253 268 3
253 269 2
254 270 3
254 271 2
255 272 3
256 273 1
257 274 3
258 275 1
258 276 1
259 277 2
260 278 3
260 279 1
260 280 3
261 281 2
261 282 1
262 283 3
263 284 1
264 285 3
265 285 1
266 285 2
267 286 2
268 287 2
269 288 1
270 288 3
271 289 2
272 289 1
273 290 2
274 291 3
275 291 3
276 291 3
277 292 1
278 292 2
279 293 3
280 293 2
281 294 3
282 295 2
283 296 2
284 296 1
285 297 3
286 298 2
287 299 2
288 300 2
289 301 2
290 302 1
291 303 2
292 304 2
293 305 2
294 306 3
295 307 1
296 308 2
297 309 3
297 310 2
298 311 2
299 312 3
300 313 1
301 314 1
302 315 3
303 316 3
304 317 3
305 318 1
306 319 2
307 320 1
308 321 2
309 322 2
309 323 2
310 324 3
310 325 3
311 326 2
311 327 3
311 328 2
312 329 2
312 330 3
312 331 3
313 332 2
313 333 2
313 334 2
314 335 2
314 336 1
314 337 1
315 338 2
315 339 3
316 340 1
316 341 3
316 342 2
317 343 3
317 344 3
318 345 2
318 346 2
318 347 3
319 348 2
319 349 2
319 350 3
320 351 3
320 352 3
321 353 1
321 354 1
322 355 2
323 355 1
324 355 1
325 356 1
326 356 3
327 356 2
328 357 2
329 357 2
330 358 3
331 358 2
332 358 1
333 359 1
334 359 3
335 360 1
336 360 2
337 360 1
338 361 2
339 361 3
340 361 1
341 361 1
342 362 2
343 362 1
344 362 2
345 362 1
346 362 1
347 363 1
348 363 3
349 363 2
350 364 1
351 364 3
352 364 2
353 364 1
354 364 1
355 365 3
356 366 1
357 367 1
357 368 2
358 369 1
359 370 2
360 371 2
361 372 2
362 373 3
363 374 2
364 375 2
365 376 2
366 377 1
367 378 1
367 379 3
368 380 2
368 381 3
369 382 2
370 383 3
370 384 3
371 385 1
372 386 3
372 387 3
373 388 1
374 389 1
374 390 1
375 391 1
375 392 3
376 393 2
377 394 1
378 394 2
379 395 1
380 396 3
381 396 2
382 397 3
383 398 2
384 399 2
385 400 2
386 401 1
387 402 3
388 402 1
389 403 2
390 403 2
391 404 2
392 405 1
393 406 3
393 407 3
394 408 3
395 409 3
396 410 3
397 411 2
398 412 1
399 413 3
400 414 1
401 415 2
402 416 2
403 417 1
404 418 2
405 419 2
406 420 3
407 421 1
408 422 2
409 423 3
410 424 3
411 425 2
412 426 3
412 427 1
413 428 3
413 429 1
414 430 3
415 431 3
416 432 2
417 433 3
418 434 3
419 435 1
420 436 2
421 437 3
422 437 2
423 438 1
424 439 2
425 440 3
426 440 1
427 441 3
428 441 3
429 442 2
430 443 2
431 443 2
432 444 2
433 445 1
434 446 2
435 446 2
436 447 1
437 448 3
438 449 2
439 450 2
440 450 2
441 451 2
442 452 2
443 453 2
444 454 1
445 454 2
446 455 2
447 456 3
448 457 3
449 458 1
450 459 2
450 460 2
451 461 3
451 462 3
452 463 1
453 464 2
453 465 1
454 466 3
455 467 2
456 468 2
457 469 1
458 469 2
459 470 3
460 471 3
461 472 2
462 473 1
463 474 3
464 475 3
465 476 2
466 477 2
467 478 3
468 479 3
469 480 2
470 481 2
471 482 1
471 483 3
472 484 2
473 485 2
474 486 3
474 487 2
475 488 3
476 489 3
477 490 3
478 491 3
479 492 2
480 493 3
481 494 1
481 495 2
482 496 1
483 497 3
484 498 2
484 499 1
485 500 3
486 501 2
486 502 1
487 503 2
488 504 1
488 505 2
489 506 1
490 507 2
491 508 2
492 509 2
493 509 2
494 509 1
495 510 1
496 510 2
497 511 2
498 512 3
499 512 3
500 512 2
501 512 1
502 512 2
503 512 3
504 513 2
505 513 3
506 514 3
507 514 2
508 514 2
509 515 3
509 516 2
509 517 2
510 518 1
510 519 2
511 520 2
511 521 1
511 522 2
512 523 2
512 524 2
512 525 1
513 526 3
513 527 3
513 528 3
514 529 1
514 530 3
515 531 1
516 532 2
517 533 2
518 534 3
519 535 3
520 535 3
521 536 2
522 537 2
523 538 3
524 539 2
525 540 2
526 541 2
527 541 1
528 542 2
529 543 2
530 544 1
531 545 1
532 545 2
533 545 2
534 546 3
535 546 2
536 547 2
537 548 1
538 549 1
539 549 1
540 550 3
541 551 1
542 551 3
543 551 2
544 552 2
545 553 3
545 554 3
546 555 3
546 556 2
546 557 2
547 558 1
547 559 3
548 560 1
549 561 3
550 562 2
550 563 3
551 564 1
551 565 3
552 566 2
552 567 1
553 568 3
554 569 2
555 570 3
556 571 1
556 572 1
557 573 2
558 574 3
559 575 2
560 576 2
561 577 3
562 578 1
563 579 2
564 580 1
565 581 3
566 582 1
566 583 2
567 584 1
568 585 3
569 586 3
570 587 1
571 588 3
572 589 3
573 590 2
574 591 3
575 592 2
576 593 1
577 593 1
578 594 3
579 595 1
580 596 1
581 597 2
582 597 1
583 598 2
584 599 1
585 600 2
586 601 1
587 602 3
588 602 3
589 603 2
590 604 2
591 605 2
592 606 2
593 607 2
594 607 1
595 608 2
596 609 3
597 610 3
598 611 3
599 612 1
600 613 1
601 614 1
602 615 1
603 616 3
604 617 1
605 618 1
605 619 3
606 620 1
607 621 1
608 622 1
609 623 1
609 624 2
610 625 1
611 626 3
612 627 2
613 628 1
614 628 3
615 629 3
616 630 1
617 630 1
618 631 3
619 631 1
620 631 1
621 632 1
622 633 3
623 634 1
624 634 3
625 635 2
626 635 2
627 635 2
628 636 2
629 637 2
630 638 2
630 639 2
631 640 2
631 641 1
632 642 3
632 643 2
633 644 1
634 645 1
634 646 1
634 647 2
635 648 3
635 649 2
635 650 3
636 651 1
637 652 1
638 653 3
639 654 1
640 655 2
641 656 2
642 657 1
643 658 1
644 659 2
645 660 3
646 661 1
647 662 2
648 663 1
649 664 3
650 665 3
651 666 1
652 667 2
653 668 2
653 669 2
654 670 2
655 671 2
656 672 2
657 673 1
658 674 3
659 675 2
659 676 2
660 677 2
660 678 3
661 679 1
661 680 2
662 681 1
663 682 3
663 683 2
664 684 2
664 685 2
665 686 2
666 687 1
667 688 3
668 688 3
669 689 2
670 690 1
671 691 2
672 691 3
673 691 1
674 692 1
675 693 2
676 693 1
677 694 2
678 694 2
679 695 2
680 696 2
681 697 3
682 697 1
683 697 3
684 698 3
685 698 2
686 699 3
687 700 3
688 700 2
689 700 3
690 700 2
691 700 1
692 700 1
693 700 3
694 700 3
695 700 2
696 700 2
697 700 2
698 700 1
699 700 1
