1 2 6
1 3 27
1 4 30
2 5 28
2 6 18
3 7 27
4 8 27
4 9 31
4 10 6
5 11 10
6 12 35
7 12 16
8 13 13
9 13 19
10 14 13
11 15 8
11 16 22
12 17 1
13 18 20
13 19 23
14 20 24
15 21 16
16 22 31
17 23 34
17 24 7
18 25 8
19 26 7
19 27 15
20 28 14
21 29 10
22 30 19
23 30 1
24 31 12
25 32 22
26 32 21
27 32 30
28 32 35
29 33 27
29 34 6
29 35 13
30 36 19
30 37 6
31 38 2
32 39 19
33 40 19
34 41 32
35 42 20
36 43 20
37 44 7
38 45 22
39 46 34
40 47 17
40 48 26
40 49 39
41 50 20
42 51 28
42 52 28
43 53 20
43 54 26
43 55 26
44 56 12
45 57 34
46 58 6
46 59 36
47 60 28
48 61 2
49 62 23
50 63 22
51 63 2
52 64 24
53 64 29
54 65 31
55 65 18
56 66 24
57 66 18
58 67 8
59 67 17
60 68 14
61 68 6
62 69 29
63 70 28
64 70 32
65 71 14
66 71 5
67 71 17
68 72 27
69 73 37
70 74 19
71 75 16
72 76 37
73 77 26
73 78 5
74 79 29
75 80 13
76 81 32
76 82 25
77 83 34
78 84 15
78 85 35
79 86 23
79 87 12
79 88 17
80 89 13
80 90 31
81 91 19
82 91 2
83 92 19
84 93 29
85 93 4
86 93 24
87 94 27
88 95 26
89 95 33
90 95 25
91 96 17
92 97 34
93 97 28
94 98 14
95 99 14
96 100 7
97 100 28
98 100 16
99 100 15
