1 2 23
1 3 20
1 4 17
1 5 17
1 6 6
2 7 23
2 8 4
2 9 25
3 10 15
3 11 6
3 12 11
4 13 28
4 14 29
5 15 6
5 16 12
5 17 27
5 18 25
5 19 10
6 20 3
6 21 18
7 22 26
8 23 17
9 24 13
10 25 7
11 26 3
12 27 24
13 28 5
14 29 8
15 30 20
16 31 22
17 32 9
18 33 1
19 34 4
20 35 24
21 36 20
22 37 9
23 38 21
24 39 24
25 40 25
26 41 21
27 42 27
28 43 16
29 44 9
30 45 11
31 46 26
32 47 29
33 48 5
34 49 22
35 50 23
36 51 19
37 52 24
38 53 10
39 54 6
40 55 9
41 56 20
42 57 3
43 58 25
44 59 7
45 60 13
46 61 4
47 62 19
48 63 4
49 64 5
50 65 20
51 66 13
52 67 10
53 68 2
54 69 23
55 70 3
56 71 12
57 72 14
58 73 8
59 74 11
60 75 28
61 76 29
62 77 26
63 78 22
64 79 26
65 80 5
66 81 17
67 82 9
68 83 21
69 84 27
70 85 3
71 86 1
72 87 28
73 88 7
74 89 4
75 90 20
76 91 11
77 92 26
78 93 27
79 94 7
80 95 1
81 96 14
82 97 11
83 98 16
84 99 18
85 100 9
86 101 17
87 102 29
88 103 25
89 104 29
90 105 23
91 106 21
92 107 10
93 108 19
94 109 8
95 110 12
96 111 9
97 112 23
98 113 2
99 114 28
100 115 7
101 116 15
102 117 8
103 118 7
104 119 27
105 120 4
106 121 12
107 122 28
108 123 3
109 124 16
110 125 14
111 126 5
112 127 4
113 128 16
114 129 5
115 130 2
116 131 29
117 132 19
118 133 27
119 134 23
120 135 3
121 136 21
122 137 25
123 138 9
124 139 10
125 140 3
126 141 22
127 142 5
128 143 28
129 144 12
130 145 20
131 146 17
132 147 9
133 148 29
134 149 21
135 150 28
136 151 5
137 152 9
138 153 4
139 154 20
140 155 17
141 156 25
142 157 19
143 158 15
144 159 3
145 160 24
146 161 3
147 162 1
148 163 6
149 164 11
150 165 26
151 166 25
152 167 1
153 168 3
154 169 20
155 170 26
156 171 21
157 172 26
158 173 11
159 174 27
160 175 10
161 176 15
162 177 24
163 178 1
164 179 22
165 180 20
166 181 24
167 182 13
168 183 2
169 184 11
170 185 23
171 186 2
172 187 9
173 188 7
174 189 14
175 190 12
176 191 27
177 192 12
178 193 21
179 194 3
180 195 10
181 196 20
182 197 14
183 198 17
184 199 15
185 200 8
186 201 4
187 202 14
188 203 5
189 204 13
190 205 1
191 206 27
192 207 23
193 208 29
194 209 20
195 210 28
196 211 12
197 212 23
198 213 25
199 214 5
200 215 14
201 216 2
202 217 28
203 218 5
204 219 20
205 220 13
206 221 3
207 222 10
208 223 14
209 224 21
210 225 7
211 226 19
212 227 12
213 228 15
214 229 5
215 230 9
216 231 25
217 232 10
218 233 20
219 234 5
220 235 1
221 236 17
222 237 7
223 238 19
224 239 14
225 240 11
226 241 22
227 242 5
228 243 16
229 244 24
230 245 20
231 246 14
232 247 17
233 248 20
234 249 11
235 250 17
236 251 8
237 252 13
238 253 23
239 254 10
240 255 29
241 256 28
242 257 9
243 258 24
244 259 21
245 260 7
246 261 1
247 262 25
248 263 19
249 264 24
250 265 15
251 266 20
252 267 17
253 268 10
254 269 28
255 270 20
256 271 22
257 272 3
258 273 5
259 274 21
260 275 11
261 276 14
262 277 1
263 278 25
264 279 11
265 280 18
266 281 7
267 282 8
268 283 19
269 284 9
270 285 5
271 286 20
272 287 10
273 288 25
274 289 24
275 290 22
276 291 24
277 292 18
278 293 9
279 294 27
280 295 20
281 296 29
282 297 28
283 298 14
284 299 9
285 300 11
286 301 16
287 302 1
288 303 15
289 304 26
290 305 23
291 306 11
292 307 29
293 308 19
294 309 13
295 310 19
296 311 3
297 312 29
298 313 18
299 314 3
300 315 21
301 316 27
302 317 27
303 318 27
304 319 14
305 320 3
306 321 27
307 322 29
308 323 9
309 324 19
310 325 27
311 326 12
312 327 22
313 328 11
314 329 14
315 330 18
316 331 1
317 332 8
318 333 23
319 334 2
320 335 14
321 336 3
322 337 28
323 338 11
324 339 14
325 340 23
326 341 18
327 342 6
328 343 19
329 344 10
330 345 23
331 346 6
332 347 6
333 348 12
334 349 29
335 349 7
336 350 10
337 351 13
338 352 3
339 353 13
339 354 21
340 355 8
341 356 3
342 357 14
343 358 2
344 359 27
345 360 21
346 361 3
347 362 3
348 363 3
349 364 26
350 365 9
351 366 29
352 367 7
353 368 10
354 369 20
355 369 11
356 370 8
357 371 11
358 372 24
359 373 22
360 374 7
361 375 24
362 376 12
363 377 22
364 378 7
365 379 13
366 380 27
367 381 2
368 382 27
368 383 1
369 384 9
370 385 26
371 386 25
372 387 7
373 388 28
374 389 17
375 390 26
376 391 9
377 392 7
378 393 4
379 394 19
380 395 3
381 396 19
382 397 23
383 398 8
384 399 1
385 400 20
386 401 9
387 402 19
388 403 10
389 404 27
390 405 14
391 406 26
392 407 11
393 408 6
394 409 19
395 410 1
396 411 10
397 412 7
398 413 16
399 414 4
400 415 8
401 415 21
402 416 3
403 417 28
404 418 28
405 419 10
406 420 29
407 421 2
408 422 11
409 423 12
410 424 24
411 425 28
411 426 6
412 427 10
413 428 13
414 429 22
415 430 28
416 431 26
417 432 7
418 433 20
419 434 24
420 435 16
421 436 6
422 437 29
423 438 4
424 439 6
425 440 27
426 441 24
427 442 29
428 443 26
429 444 25
430 445 14
431 446 8
432 447 12
433 448 9
434 449 20
435 450 4
436 451 10
437 452 7
438 453 5
439 454 14
440 455 22
441 456 15
442 457 27
443 458 27
444 459 23
445 460 22
446 461 6
447 462 3
448 463 24
449 464 9
450 465 8
451 466 28
452 467 17
453 468 28
454 469 6
455 470 13
456 471 19
457 472 1
458 473 9
459 474 2
460 475 3
461 476 7
462 477 8
463 478 13
464 479 21
465 480 23
466 481 7
467 482 5
468 483 17
469 484 15
470 485 27
471 486 25
472 487 28
473 488 29
474 489 25
475 490 28
476 491 26
477 492 6
478 493 21
479 494 12
480 495 22
481 496 19
482 497 11
483 498 28
484 499 22
485 500 22
486 501 23
487 502 6
488 503 20
489 504 29
490 505 7
491 506 14
492 507 17
493 508 3
494 509 6
495 510 16
496 511 22
497 512 21
498 513 4
499 514 25
500 515 4
501 516 12
502 517 25
503 518 8
504 519 10
505 520 12
506 521 9
507 522 11
508 523 3
509 524 5
510 525 13
511 526 25
512 527 1
513 528 28
514 529 5
515 530 9
516 531 29
517 532 9
518 533 7
519 534 13
520 535 29
521 536 5
522 537 1
523 538 2
524 539 23
525 540 16
526 541 9
527 541 19
528 542 25
529 543 13
530 544 2
531 545 28
532 546 18
532 547 29
533 548 7
534 549 10
535 550 22
536 551 21
537 552 23
538 553 7
539 554 23
540 555 29
541 556 25
542 557 13
543 558 6
544 559 4
545 560 25
546 561 18
547 562 23
548 563 17
549 564 11
550 565 7
551 566 28
552 566 13
553 567 14
554 568 12
555 569 10
556 570 13
557 571 15
558 572 1
559 573 10
560 574 27
561 575 6
562 576 18
563 577 15
564 578 2
565 579 4
566 580 11
567 581 10
568 582 4
569 583 19
570 584 6
571 585 11
572 586 27
573 587 11
574 588 6
575 589 29
576 590 9
577 591 25
578 592 23
579 593 24
580 594 24
581 595 28
582 596 6
583 597 20
584 598 2
585 599 8
586 600 12
587 601 1
588 602 6
589 603 24
590 604 24
591 605 8
592 606 18
593 607 23
594 608 29
595 609 20
596 610 21
597 611 7
598 612 10
599 613 2
600 614 18
601 615 16
602 616 14
603 617 18
604 618 6
605 619 18
606 620 20
607 621 29
608 622 24
609 623 29
610 624 9
611 625 6
612 626 20
613 627 2
614 628 24
615 629 22
616 630 29
617 631 25
618 632 3
619 633 28
620 634 23
621 635 6
622 636 18
623 637 13
624 638 18
624 639 29
625 640 24
626 641 15
627 642 2
628 643 6
629 644 7
630 645 16
631 646 9
632 647 2
633 648 5
634 649 17
635 650 1
636 651 9
637 652 14
638 653 7
639 654 16
640 654 19
641 655 19
642 656 13
643 657 8
644 658 29
645 659 12
646 660 3
647 661 5
648 662 26
649 663 12
650 664 4
651 665 24
652 666 7
653 667 8
654 668 21
655 669 18
656 670 21
657 671 24
658 672 17
659 673 29
660 674 3
661 675 6
662 676 26
663 677 23
664 678 3
665 679 8
666 680 14
667 681 6
668 682 11
669 683 29
670 684 20
671 685 23
672 686 10
673 687 20
674 688 8
674 689 19
675 690 13
676 691 1
677 692 24
678 693 4
679 694 2
680 695 1
681 696 20
682 697 6
683 698 29
684 699 21
685 700 19
686 700 21
687 700 3
688 700 27
689 700 15
690 700 13
691 700 16
692 700 20
693 700 25
694 700 21
695 700 4
696 700 10
697 700 11
698 700 2
699 700 25
