1 2 50
1 3 80
1 4 25
1 5 6
2 6 87
2 7 18
2 8 17
2 9 74
3 10 39
3 11 59
3 12 37
3 13 66
4 14 61
4 15 44
4 16 75
4 17 44
5 18 20
5 19 29
5 20 70
6 21 24
7 22 50
8 23 5
9 24 3
10 25 66
11 26 79
12 27 51
13 28 54
14 29 14
15 30 42
16 31 88
17 32 88
18 33 23
19 34 20
20 35 13
21 36 1
22 37 10
23 38 16
24 39 28
25 40 46
26 41 48
27 42 83
28 43 17
28 44 17
29 45 30
30 46 88
31 47 33
32 48 29
33 49 19
34 50 25
35 51 20
36 52 60
37 53 63
38 53 64
39 54 55
40 55 71
41 55 31
42 56 33
43 57 35
44 57 3
45 58 28
46 58 9
47 58 75
48 58 33
49 59 27
50 60 1
51 61 4
52 62 11
53 63 11
54 64 46
55 65 75
56 66 68
56 67 63
56 68 81
57 69 69
57 70 68
58 71 83
58 72 22
59 73 57
59 74 32
59 75 79
60 76 73
60 77 7
61 78 59
61 79 18
61 80 33
62 81 29
63 81 14
64 82 21
65 82 78
66 83 86
67 83 67
68 84 20
69 84 66
70 85 21
71 85 69
72 86 46
73 87 13
74 88 61
75 88 22
76 88 61
77 89 62
78 90 44
79 91 86
80 91 23
81 92 87
82 93 3
82 94 77
83 95 28
83 96 55
83 97 31
84 98 11
84 99 23
84 100 73
85 101 39
86 102 77
86 103 47
87 104 64
87 105 24
87 106 27
88 107 49
89 108 27
90 109 64
90 110 81
90 111 88
91 112 78
91 113 11
92 114 37
93 115 28
94 116 54
95 117 31
96 118 58
97 119 3
98 120 87
99 121 36
100 122 8
101 123 64
102 124 74
103 125 32
104 125 43
105 126 56
106 127 57
107 128 35
108 129 67
109 130 63
110 131 9
111 132 81
112 133 8
113 134 2
114 135 72
115 136 65
116 136 54
117 137 13
118 137 75
119 137 10
120 137 67
121 138 10
122 139 11
123 140 77
124 141 59
125 142 8
126 142 15
127 142 86
128 143 8
129 143 44
130 143 73
131 144 84
132 145 61
133 145 22
134 146 84
135 147 59
136 148 55
137 149 16
138 150 89
139 151 38
140 152 45
141 153 76
142 154 34
143 155 76
144 156 88
145 157 19
146 158 18
147 159 82
148 160 12
149 161 10
150 162 53
151 163 55
152 164 35
153 165 79
154 166 23
155 167 8
155 168 13
156 169 26
157 170 79
157 171 35
158 172 56
159 173 7
160 174 44
161 175 55
162 176 85
163 177 2
164 178 65
165 179 87
166 180 56
167 181 53
168 182 30
169 183 60
170 184 42
171 185 35
172 186 82
173 187 84
174 188 74
175 189 11
175 190 31
175 191 44
176 192 45
177 193 6
178 194 21
178 195 85
179 196 47
180 197 72
180 198 42
180 199 30
181 200 11
181 201 22
182 202 7
183 203 30
184 204 39
184 205 57
185 206 21
186 207 67
186 208 20
187 209 40
188 210 17
189 211 3
190 211 7
191 211 59
192 212 33
193 213 45
194 214 42
195 214 87
196 214 85
197 215 12
198 216 82
199 217 45
200 218 80
201 218 64
202 219 75
203 219 48
204 219 28
205 219 35
206 219 80
207 219 68
208 220 64
209 221 6
210 222 37
210 223 19
211 224 1
212 225 61
213 226 41
213 227 84
214 228 72
215 229 16
215 230 2
216 231 64
216 232 5
217 233 17
218 234 72
219 235 32
220 236 62
220 237 7
221 238 61
222 239 88
223 240 24
224 240 27
225 241 43
226 242 89
227 243 74
228 243 78
229 244 57
230 244 8
231 244 85
232 245 22
233 246 8
234 246 24
235 247 35
236 248 22
237 249 59
238 250 83
239 251 53
240 252 31
241 253 50
242 254 65
242 255 5
243 256 73
243 257 41
244 258 48
245 259 71
246 260 48
246 261 80
246 262 48
247 263 15
247 264 81
248 265 28
249 266 37
250 267 29
251 268 52
252 269 17
253 270 5
254 271 36
255 272 40
256 273 75
257 274 50
258 275 79
259 276 42
260 277 30
261 278 3
262 279 70
263 280 58
264 281 5
265 282 44
266 282 57
267 283 81
268 284 29
269 285 31
270 286 24
271 286 87
272 287 79
273 288 83
274 289 7
275 290 70
276 291 25
277 292 5
278 293 35
279 294 11
280 295 23
281 296 23
282 297 89
283 298 32
284 299 85
285 299 85
286 300 38
287 301 68
288 302 17
289 303 23
290 304 73
291 305 66
292 306 58
293 307 75
294 308 70
295 309 48
296 310 48
297 311 23
298 312 47
298 313 51
298 314 53
299 315 11
299 316 50
299 317 41
299 318 28
300 319 79
300 320 66
300 321 56
300 322 34
301 323 71
301 324 43
301 325 10
301 326 33
302 327 45
302 328 5
303 329 68
303 330 54
303 331 34
303 332 83
304 333 75
304 334 53
304 335 48
304 336 87
305 337 76
305 338 65
306 339 70
306 340 57
306 341 52
307 342 84
308 343 13
308 344 65
308 345 56
308 346 35
309 347 6
309 348 63
309 349 29
309 350 37
310 351 83
310 352 27
311 353 43
311 354 67
311 355 46
311 356 55
312 357 63
313 357 75
314 358 58
315 359 63
316 359 42
317 360 76
318 361 1
319 361 17
320 362 36
321 362 52
322 363 32
323 363 61
324 363 36
325 363 84
326 364 81
327 364 18
328 364 24
329 364 68
330 365 18
331 365 42
332 366 39
333 366 11
334 367 74
335 367 2
336 367 70
337 367 66
338 368 3
339 368 6
340 369 58
341 369 61
342 369 40
343 369 50
344 370 32
345 370 2
346 371 65
347 371 62
348 371 43
349 371 13
350 372 54
351 372 10
352 373 41
353 373 4
354 374 59
355 374 63
356 374 60
357 375 4
358 376 89
359 377 82
360 378 66
361 379 41
362 380 83
363 381 65
364 382 75
365 383 26
366 384 29
367 385 44
368 386 39
369 387 11
370 388 74
371 389 46
372 390 46
373 391 58
374 391 18
375 392 4
376 393 84
377 394 71
378 395 58
379 396 26
380 397 25
381 398 27
382 399 79
383 400 24
384 401 78
385 402 40
386 403 4
387 403 81
388 404 75
389 405 69
390 406 18
391 406 25
392 407 23
393 408 20
394 409 64
395 410 65
396 411 43
397 412 89
398 413 84
399 414 67
400 415 84
401 416 49
402 417 75
403 418 69
404 418 12
405 419 26
406 420 23
407 421 7
407 422 36
408 423 52
409 424 77
410 425 66
411 426 81
412 427 53
413 428 39
414 429 25
415 430 44
416 431 74
416 432 68
417 433 64
418 434 33
419 435 66
420 436 27
421 437 15
422 438 65
423 439 65
424 440 78
425 441 7
426 442 3
427 443 70
428 444 62
429 445 50
430 445 58
431 446 72
432 447 18
433 448 74
434 448 9
435 449 42
436 449 22
437 450 66
438 451 68
439 452 7
440 453 55
440 454 54
441 455 19
442 456 85
442 457 82
443 458 76
444 459 30
444 460 69
444 461 80
445 462 11
445 463 30
446 464 29
447 465 42
448 466 27
448 467 61
449 468 12
450 469 67
451 470 55
452 471 32
453 472 13
454 473 77
455 474 40
456 475 44
457 476 64
458 477 36
459 478 77
459 479 30
460 480 15
461 481 39
462 482 51
463 483 73
464 484 80
465 485 9
466 486 65
467 487 8
468 488 29
469 489 38
470 489 59
471 490 74
472 490 63
473 491 45
474 492 8
475 493 17
476 494 17
477 495 42
478 496 47
479 497 54
480 498 88
481 499 37
482 500 88
483 501 2
484 502 50
485 503 46
486 504 11
487 504 79
488 505 61
489 506 4
489 507 6
490 508 86
491 509 78
491 510 37
492 511 40
492 512 40
493 513 86
494 514 82
495 515 51
495 516 29
495 517 12
496 518 69
497 519 9
498 520 85
499 521 3
500 522 68
500 523 53
501 524 75
502 525 43
502 526 64
502 527 27
503 528 29
503 529 5
504 530 52
504 531 18
505 532 29
506 533 69
507 534 4
508 535 8
509 536 62
510 537 33
511 538 65
512 539 28
513 540 12
514 540 89
515 541 7
516 542 50
517 543 40
518 544 42
519 544 27
520 544 84
521 545 26
522 546 38
523 546 76
524 547 3
525 548 89
526 548 55
527 549 82
528 549 66
529 549 27
530 549 57
531 550 75
532 551 51
533 552 61
534 553 77
535 554 61
536 555 73
537 556 75
538 557 4
539 558 34
540 559 57
541 560 25
542 561 15
543 562 41
544 563 45
545 564 65
546 565 48
547 566 27
548 567 30
549 568 26
550 569 26
551 570 28
552 571 11
553 572 7
554 573 70
555 574 36
556 575 13
556 576 15
557 577 29
558 578 82
558 579 49
559 580 87
560 581 20
561 582 74
562 583 7
563 584 79
564 585 65
564 586 33
565 587 78
566 588 61
567 589 51
568 590 27
569 591 19
570 592 16
571 593 39
572 594 67
573 594 88
574 595 23
575 596 67
576 597 22
577 598 78
578 599 15
579 600 9
580 600 22
581 601 8
582 602 65
583 603 29
584 604 19
585 604 74
586 605 74
587 606 1
588 607 21
589 607 45
590 608 37
591 609 1
592 609 77
593 610 73
594 611 73
595 612 60
596 613 29
597 614 56
598 615 84
599 616 60
600 617 87
601 618 57
602 619 80
603 620 45
604 621 45
605 622 46
606 623 57
606 624 58
607 625 10
608 626 33
609 627 57
609 628 46
610 629 81
611 630 84
612 631 31
613 632 26
614 633 87
615 634 10
616 635 34
617 636 84
618 637 83
619 638 65
620 639 85
621 640 75
622 641 73
623 642 11
624 643 67
625 644 30
626 645 2
627 646 49
627 647 26
628 648 35
629 649 44
630 649 59
631 649 28
632 650 4
633 650 66
634 651 47
635 651 9
636 652 12
637 653 62
638 654 45
639 655 38
640 655 54
641 656 16
642 657 79
643 658 50
644 659 7
645 660 22
646 661 73
647 662 64
648 662 55
649 663 49
650 663 63
651 664 68
652 664 11
653 665 67
654 666 48
655 667 9
656 668 68
657 669 89
658 669 28
659 669 5
660 670 59
661 671 19
662 672 48
663 673 53
663 674 25
664 675 4
664 676 56
664 677 32
665 678 15
665 679 68
666 680 62
666 681 79
667 682 16
668 683 79
668 684 17
669 685 9
670 686 88
670 687 55
671 688 75
672 689 56
673 690 8
674 690 35
675 690 76
676 691 35
677 692 39
678 693 45
679 693 73
680 694 4
681 695 34
682 696 58
683 697 42
684 697 43
685 697 3
686 698 27
687 698 9
688 699 23
689 699 87
690 700 45
691 700 78
692 700 22
693 700 35
694 700 86
695 700 76
696 700 59
697 700 36
698 700 5
699 700 22
