1 2 22
1 3 11
1 4 2
1 5 12
2 6 8
2 7 9
2 8 54
2 9 14
2 10 57
3 11 45
3 12 27
3 13 58
3 14 29
4 15 8
4 16 26
4 17 47
4 18 6
5 19 39
5 20 56
5 21 1
5 22 19
6 23 14
7 24 21
8 25 11
9 25 15
10 26 6
11 27 36
12 27 11
13 28 13
14 28 49
15 29 40
16 30 6
17 31 47
18 32 24
19 33 59
20 34 9
21 35 7
22 35 31
23 36 59
24 37 51
24 38 14
24 39 57
24 40 14
25 41 13
26 42 19
27 43 27
27 44 47
28 45 14
28 46 52
29 47 6
30 48 53
31 49 54
32 50 12
33 51 49
34 52 48
35 53 39
35 54 27
36 55 57
37 56 33
38 57 13
39 58 46
40 59 5
41 60 26
42 61 44
43 62 50
44 63 56
45 63 26
46 64 47
47 65 47
48 66 3
49 67 46
50 68 44
51 69 43
52 70 5
53 71 22
54 71 15
55 72 28
56 72 39
57 72 18
58 73 54
59 73 19
60 74 52
61 75 36
62 76 24
63 77 43
64 77 21
65 77 55
66 78 35
67 79 18
68 80 22
69 81 2
70 81 8
71 81 32
72 82 36
73 83 59
73 84 8
73 85 2
74 86 48
75 87 46
76 88 58
77 89 44
78 90 12
78 91 42
78 92 18
79 93 46
79 94 26
80 95 34
80 96 3
80 97 12
81 98 54
81 99 7
82 100 16
83 101 6
84 101 42
85 102 50
86 102 28
87 103 46
88 104 6
89 104 24
90 105 47
91 105 51
92 106 15
93 106 11
94 106 27
95 107 53
96 107 8
97 108 45
98 108 8
99 109 13
100 110 30
100 111 9
100 112 31
101 113 53
101 114 12
102 115 4
103 116 8
103 117 31
104 118 29
104 119 55
104 120 21
104 121 16
104 122 38
105 123 20
105 124 45
106 125 50
106 126 24
107 127 17
107 128 13
108 129 38
108 130 46
109 131 49
109 132 11
110 133 22
111 133 4
112 134 58
113 135 11
114 136 57
115 137 12
116 138 46
117 139 53
118 140 45
119 141 12
120 141 6
121 142 6
122 142 11
123 143 14
124 144 50
125 145 16
126 145 52
127 146 5
128 147 13
129 148 39
130 148 18
131 149 3
132 149 43
133 150 59
134 151 25
135 152 45
136 153 11
137 154 43
138 155 23
139 156 14
140 157 21
141 158 59
142 159 57
143 160 59
144 161 30
144 162 18
145 163 32
146 164 2
147 165 12
148 166 15
149 167 40
150 168 46
151 169 48
152 170 46
153 171 37
153 172 22
154 173 32
155 174 57
156 175 39
157 176 54
158 177 11
159 178 43
160 179 59
161 180 45
162 181 55
163 182 34
164 183 22
165 184 12
165 185 35
166 186 37
167 187 49
168 188 52
169 189 47
170 190 56
171 191 44
172 192 52
173 193 23
174 194 20
175 195 46
176 196 46
177 197 34
178 198 42
179 199 37
180 200 18
181 201 45
182 202 9
183 203 57
184 204 34
185 205 43
186 206 43
187 207 15
188 208 9
189 208 17
190 209 9
191 210 35
192 211 28
193 211 14
194 212 15
195 213 51
196 214 32
197 215 19
198 216 7
199 216 11
200 217 51
201 217 41
202 218 9
203 219 59
204 219 46
205 220 14
206 221 24
207 222 13
208 223 57
209 224 3
210 225 1
211 226 14
212 227 30
213 228 16
214 229 9
215 230 20
216 231 5
217 232 8
218 233 39
219 234 29
220 235 49
221 236 31
222 237 21
223 238 39
224 239 13
225 240 53
226 241 58
227 241 24
228 242 6
229 243 9
230 244 52
231 245 41
232 246 7
233 247 49
234 248 4
235 249 3
236 250 57
237 251 37
238 252 19
239 253 37
240 254 54
241 255 59
242 256 3
242 257 55
243 258 38
244 259 17
245 260 24
246 261 41
247 262 3
248 263 17
249 264 15
250 265 19
251 266 19
252 267 25
253 268 44
254 268 16
255 269 27
256 270 24
257 271 46
258 272 48
259 272 19
260 273 9
261 273 54
262 274 53
263 275 29
264 275 24
265 276 5
266 277 30
267 278 6
268 279 42
268 280 6
269 281 20
270 282 22
271 283 41
272 284 5
273 285 30
274 286 29
274 287 27
275 288 23
276 289 23
277 290 13
278 291 28
279 292 25
280 293 35
281 294 37
282 295 27
283 296 15
284 297 11
285 298 31
286 299 8
287 300 30
288 301 20
289 302 34
290 303 28
291 304 20
292 305 41
293 306 38
294 307 5
295 308 1
296 309 49
297 310 12
298 311 27
298 312 10
299 313 24
300 314 42
301 315 13
302 316 13
303 317 40
304 318 48
305 319 58
306 319 5
307 320 12
308 321 54
309 322 20
310 322 52
311 323 10
312 324 55
313 324 41
314 325 13
315 326 8
316 327 35
317 327 19
318 328 11
318 329 40
318 330 41
318 331 51
318 332 9
319 333 15
319 334 35
319 335 40
319 336 12
319 337 59
320 338 50
320 339 16
320 340 2
320 341 24
320 342 2
321 343 34
321 344 17
321 345 18
321 346 46
322 347 39
322 348 28
322 349 31
322 350 18
323 351 33
323 352 23
323 353 30
323 354 18
324 355 5
324 356 9
324 357 49
324 358 48
324 359 8
325 360 22
325 361 51
325 362 43
325 363 59
325 364 31
326 365 29
326 366 19
326 367 24
326 368 26
326 369 17
327 370 9
327 371 4
327 372 11
327 373 30
328 374 40
329 374 38
330 374 26
331 375 40
332 375 43
333 375 17
334 376 43
335 376 11
336 376 5
337 376 7
338 377 48
339 377 38
340 377 52
341 377 55
342 378 18
343 378 11
344 378 25
345 378 25
346 379 22
347 379 53
348 379 34
349 379 21
350 379 50
351 379 3
352 379 48
353 380 43
354 380 30
355 380 4
356 380 10
357 380 14
358 381 23
359 381 6
360 381 19
361 381 34
362 381 6
363 381 31
364 382 59
365 383 21
366 383 47
367 383 35
368 383 8
369 383 28
370 384 59
371 384 17
372 384 10
373 384 4
374 385 25
375 386 30
376 387 18
377 388 38
377 389 30
378 390 35
379 391 5
379 392 33
380 393 43
380 394 47
381 395 54
381 396 22
382 397 12
382 398 58
383 399 31
383 400 23
383 401 57
383 402 34
384 403 35
384 404 58
385 405 12
386 406 25
387 407 30
388 408 58
389 409 38
390 410 27
391 410 12
392 411 5
393 412 28
394 412 24
395 412 43
396 413 21
397 414 48
398 414 2
399 415 10
400 416 20
401 416 12
402 417 54
403 418 13
404 418 3
405 419 11
405 420 35
406 421 49
406 422 29
407 423 45
408 424 40
408 425 45
408 426 52
409 427 23
410 428 59
411 429 22
411 430 18
412 431 1
413 432 21
414 433 17
415 434 10
416 435 21
417 436 33
418 437 44
418 438 45
419 439 44
420 440 27
421 440 42
422 441 34
423 441 10
424 442 13
425 443 27
426 444 43
427 444 52
428 445 16
429 445 3
430 446 30
431 446 28
432 447 50
433 447 25
434 448 1
435 448 21
436 449 25
437 450 29
438 451 24
439 452 26
439 453 39
439 454 5
440 455 54
441 456 34
441 457 34
442 458 42
442 459 31
443 460 20
444 461 25
444 462 2
445 463 6
446 464 52
447 465 23
448 466 11
448 467 41
448 468 54
449 469 14
450 470 48
451 471 53
452 472 36
453 473 48
454 474 57
455 475 10
456 476 50
457 477 18
458 478 12
459 479 13
460 480 52
461 481 38
462 482 30
463 483 27
463 484 49
464 485 58
465 486 47
466 487 41
467 488 58
468 489 26
468 490 2
469 491 39
469 492 22
470 493 33
471 494 16
472 495 11
473 495 29
474 496 11
475 497 40
476 497 3
477 498 31
478 498 14
479 498 4
480 499 47
481 500 3
482 500 17
483 500 33
484 501 47
485 502 42
486 502 57
487 502 47
488 503 36
489 504 2
490 504 46
491 505 33
492 506 27
493 507 54
494 507 17
495 508 29
496 509 8
497 510 5
498 511 30
499 512 35
500 513 20
501 514 59
502 515 37
502 516 10
503 517 16
504 518 21
505 519 5
506 520 36
506 521 57
507 522 11
508 523 11
509 524 44
510 525 36
511 525 15
512 526 31
513 527 19
514 528 8
515 528 17
516 529 59
517 529 4
518 530 56
519 530 52
520 531 24
521 532 36
522 532 33
523 533 17
524 534 47
524 535 23
525 536 31
525 537 35
526 538 49
527 539 38
527 540 6
528 541 2
529 542 22
530 543 9
531 544 59
532 545 23
533 546 41
534 546 57
535 547 5
536 548 11
537 549 51
538 549 4
539 550 41
540 550 53
541 550 34
542 551 4
543 552 1
544 553 15
545 554 58
546 555 4
546 556 35
547 557 1
547 558 58
548 559 47
548 560 7
549 561 39
549 562 2
550 563 50
550 564 17
551 565 22
551 566 45
551 567 2
551 568 22
551 569 2
552 570 19
552 571 45
553 572 37
553 573 5
554 574 25
555 575 50
556 575 3
557 576 48
558 577 40
559 578 8
560 578 21
561 579 48
562 579 33
563 579 11
564 580 2
565 581 35
566 582 19
567 583 40
568 583 16
569 584 14
570 584 20
571 584 23
572 585 13
573 585 36
574 586 1
575 587 9
576 587 53
577 588 48
578 589 49
579 589 38
580 590 7
581 591 58
582 592 7
583 592 28
584 593 49
585 593 15
586 594 19
587 595 49
587 596 59
588 597 9
588 598 59
588 599 46
588 600 51
589 601 29
589 602 47
589 603 44
589 604 22
590 605 6
591 606 10
591 607 22
592 608 43
593 609 12
594 610 5
594 611 55
594 612 34
595 613 52
596 613 11
597 613 37
598 613 19
599 613 48
600 613 3
601 614 2
602 615 56
603 616 2
604 616 56
605 617 51
606 617 55
607 618 36
608 618 50
609 619 6
610 619 34
611 620 28
612 621 39
613 622 39
613 623 2
613 624 22
614 625 48
614 626 20
615 627 11
615 628 4
616 629 13
616 630 39
617 631 14
617 632 47
617 633 26
618 634 59
619 635 28
619 636 40
619 637 5
620 638 32
621 639 23
621 640 59
622 641 33
623 642 50
624 643 18
625 644 2
626 645 28
627 646 43
628 647 1
629 648 38
630 649 40
631 650 6
632 651 41
633 652 4
634 653 57
635 654 53
636 655 50
637 656 23
638 657 24
639 658 15
640 659 2
641 660 38
642 661 32
643 662 47
644 663 1
645 664 27
646 665 9
647 665 10
648 666 39
649 667 4
650 668 18
651 668 43
652 669 18
653 670 34
654 671 1
655 672 11
656 673 46
657 673 59
658 674 7
659 675 42
660 676 21
661 677 11
662 678 50
663 679 42
664 680 1
665 680 54
666 681 19
667 682 45
668 683 6
669 684 14
670 685 6
671 686 6
672 687 28
673 688 50
674 689 10
675 690 25
676 691 26
677 691 51
678 692 16
679 692 30
680 693 18
681 694 57
682 695 26
683 695 14
684 696 12
685 696 49
686 696 59
687 697 59
688 697 46
689 698 4
690 699 50
691 700 35
692 700 39
693 700 51
694 700 30
695 700 25
696 700 43
697 700 22
698 700 59
699 700 19
