1 2 40
1 3 48
1 4 17
1 5 26
2 6 2
2 7 45
3 8 41
3 9 49
3 10 42
3 11 37
4 12 38
5 13 9
6 14 18
6 15 44
7 16 30
8 17 44
9 18 2
10 19 56
11 20 43
11 21 12
12 22 42
12 23 19
12 24 2
12 25 16
13 26 16
13 27 1
14 28 39
15 29 11
16 29 48
17 30 56
18 31 25
19 32 49
20 33 27
21 34 36
22 35 2
23 36 14
24 37 21
25 38 24
26 39 30
27 40 48
28 41 55
29 42 46
30 43 58
31 44 3
32 45 37
33 46 5
34 47 29
34 48 55
35 49 22
36 50 37
37 51 40
38 52 48
39 53 9
40 54 2
41 55 7
42 56 51
43 57 55
43 58 4
44 59 8
45 60 45
46 61 36
47 62 19
48 63 58
49 64 7
50 65 3
51 66 5
52 67 43
53 68 37
54 69 25
55 70 17
56 71 8
57 72 25
58 73 15
59 73 23
60 74 43
61 74 25
62 75 17
63 76 30
64 77 52
65 77 54
66 78 55
67 78 8
68 78 3
69 79 59
70 80 21
70 81 4
71 82 59
72 83 3
73 84 11
73 85 12
74 86 13
75 87 53
76 88 24
77 89 21
78 90 24
79 91 20
80 92 10
81 93 21
81 94 12
82 95 23
83 96 29
84 97 29
85 98 28
86 99 13
87 100 29
87 101 13
88 102 49
88 103 14
89 104 52
90 105 25
90 106 10
91 107 12
91 108 42
92 109 4
93 110 41
94 111 24
94 112 49
95 113 44
96 114 36
97 115 33
98 116 28
99 117 20
100 118 43
100 119 26
101 120 52
102 121 22
102 122 44
103 123 14
104 124 30
105 125 22
106 126 10
107 127 3
108 128 18
109 129 14
110 129 23
111 130 53
112 130 34
113 130 43
114 130 16
115 130 26
116 130 42
117 131 12
118 132 29
119 132 2
120 133 44
121 133 58
122 134 55
123 134 42
124 135 2
125 135 52
126 136 31
127 136 44
128 137 42
129 138 34
130 139 15
131 140 42
132 141 33
133 142 4
133 143 35
134 144 3
135 145 49
136 146 8
137 147 4
138 148 6
138 149 39
139 150 7
140 151 52
140 152 49
141 153 56
141 154 59
142 155 40
142 156 10
143 157 4
143 158 52
144 159 53
145 160 42
146 161 48
146 162 13
147 163 17
148 164 41
149 164 20
150 165 21
151 166 43
152 167 5
153 168 49
154 168 40
155 169 13
156 170 25
157 171 7
158 171 16
159 172 34
160 173 56
161 174 30
162 175 55
163 176 28
164 177 44
165 178 1
166 178 55
167 179 56
168 180 2
169 181 35
170 182 6
171 183 42
172 184 27
173 185 47
174 185 13
175 186 7
176 186 23
177 187 25
178 188 16
179 189 38
180 190 58
181 191 50
182 192 12
183 193 21
183 194 25
184 195 55
185 196 23
186 197 28
187 198 27
187 199 33
188 200 28
189 201 35
190 202 51
191 203 28
192 204 33
193 205 30
194 206 38
195 207 38
196 208 10
197 209 42
198 210 14
199 211 3
200 211 17
201 212 46
202 213 29
203 214 37
204 215 24
205 216 5
206 216 46
207 217 42
208 218 35
209 219 12
210 220 33
211 221 47
211 222 10
212 223 44
212 224 26
213 225 57
214 226 11
215 227 24
215 228 16
216 229 42
217 230 58
218 231 9
218 232 10
219 233 3
220 234 26
221 234 48
222 235 45
223 236 41
224 237 23
225 238 51
226 239 35
227 240 51
228 241 7
229 242 38
230 242 1
231 243 33
232 244 22
233 245 36
234 246 19
234 247 50
235 248 30
236 249 31
237 250 43
238 251 10
239 252 40
240 253 58
241 254 5
242 255 41
243 256 36
244 257 53
245 258 12
245 259 18
246 260 39
246 261 50
247 262 4
247 263 9
247 264 20
247 265 55
248 266 19
248 267 48
249 268 58
249 269 59
249 270 20
249 271 55
250 272 49
250 273 39
250 274 43
250 275 2
251 276 7
251 277 38
251 278 29
252 279 44
252 280 33
253 281 8
253 282 39
253 283 25
253 284 15
254 285 59
254 286 49
254 287 11
255 288 12
255 289 59
255 290 32
256 291 52
256 292 21
257 293 40
257 294 7
257 295 55
257 296 14
258 297 51
258 298 56
258 299 35
259 300 19
259 301 13
259 302 50
260 303 29
261 304 1
262 305 58
263 305 34
264 305 35
265 305 56
266 305 54
267 306 25
268 306 30
269 306 40
270 306 25
271 307 36
272 307 43
273 307 36
274 307 19
275 308 1
276 309 25
277 310 14
278 310 6
279 311 39
280 311 15
281 311 59
282 312 20
283 312 12
284 313 23
285 313 30
286 314 12
287 314 50
288 314 12
289 315 50
290 315 55
291 315 27
292 316 13
293 317 30
294 317 6
295 317 35
296 318 37
297 318 28
298 319 52
299 319 54
300 320 25
301 320 9
302 320 47
303 321 3
304 322 40
305 323 12
306 324 58
307 325 42
308 326 25
309 327 20
310 328 7
311 329 38
312 330 4
312 331 37
313 332 4
314 333 3
314 334 5
315 335 45
316 336 32
317 337 48
318 338 18
319 339 55
320 340 21
321 341 38
322 342 26
323 342 36
324 343 25
325 344 21
326 345 3
327 345 12
328 345 39
329 345 41
330 345 39
331 346 54
332 346 16
333 346 16
334 347 40
335 348 26
336 348 16
337 349 24
338 350 6
339 351 59
340 351 21
341 352 45
342 353 40
343 354 25
344 355 35
345 356 50
346 357 14
347 358 25
348 359 37
349 360 46
350 361 3
350 362 48
351 363 16
352 364 19
353 365 12
354 365 32
355 366 8
356 367 5
357 367 43
358 368 49
359 369 7
360 369 27
361 370 59
362 371 7
363 372 42
364 373 15
365 374 36
365 375 15
365 376 42
366 377 24
366 378 5
367 379 11
368 380 32
368 381 35
369 382 20
369 383 31
370 384 34
370 385 23
371 386 39
371 387 25
371 388 23
371 389 43
372 390 28
372 391 25
373 392 46
374 393 1
375 394 55
376 395 28
377 396 12
378 397 42
378 398 50
379 399 35
380 400 54
381 401 18
382 402 58
383 403 44
384 404 53
385 405 25
386 406 32
387 407 58
388 408 47
389 409 43
390 410 10
391 411 59
392 412 3
393 412 4
394 412 28
395 413 21
396 414 34
397 415 26
398 416 55
399 416 26
400 417 33
401 418 30
402 419 37
403 420 43
404 421 22
405 421 37
406 422 45
407 422 31
408 423 36
409 423 35
410 423 45
411 424 21
412 425 34
413 426 30
414 427 3
415 428 21
416 429 28
417 430 34
418 431 29
418 432 52
419 433 57
420 434 45
421 435 35
422 436 35
423 437 16
424 438 41
424 439 11
425 440 57
426 441 17
427 442 4
428 443 14
429 444 50
430 445 57
431 446 39
432 447 57
433 448 16
434 449 5
435 450 34
436 451 6
437 452 41
438 453 47
439 454 25
440 455 14
441 456 29
442 456 42
443 457 36
444 458 25
445 459 44
446 460 24
447 461 39
448 461 19
449 462 56
450 463 48
451 464 30
452 464 15
453 465 40
454 466 59
455 467 16
456 468 20
457 469 46
457 470 52
457 471 15
458 472 32
459 473 19
460 474 37
460 475 12
461 476 2
462 477 15
463 478 43
464 479 29
464 480 58
464 481 28
465 482 27
466 483 45
466 484 50
467 485 4
468 486 37
469 487 46
470 487 49
471 487 8
472 488 39
473 489 33
474 489 13
475 489 23
476 490 13
477 490 21
478 491 50
479 491 19
480 491 30
481 492 39
482 493 2
483 494 51
484 495 59
485 496 15
486 497 41
486 498 42
486 499 48
487 500 57
488 501 25
489 502 25
490 503 27
491 504 20
492 505 38
493 506 36
493 507 21
494 508 44
495 509 9
495 510 34
496 511 48
497 512 48
498 513 7
499 514 46
500 515 21
501 516 27
502 517 34
503 518 32
504 519 43
505 520 4
505 521 3
506 522 29
507 523 22
508 524 7
509 525 49
510 526 57
511 527 37
512 528 4
513 529 53
514 530 59
514 531 6
515 532 56
516 533 36
517 534 53
518 535 46
519 536 4
520 537 3
521 538 47
522 539 42
523 540 1
524 541 51
525 542 2
526 543 27
527 544 56
528 545 51
529 546 27
530 546 4
531 547 59
532 547 36
533 548 4
534 549 11
535 549 50
536 550 5
537 551 2
538 552 54
539 552 16
540 553 52
541 554 29
542 555 48
543 556 7
544 557 24
545 558 26
546 559 41
547 560 26
548 561 12
549 562 59
550 563 43
551 564 28
552 564 59
553 565 6
554 566 10
555 567 22
556 568 57
557 569 25
558 570 51
558 571 17
558 572 32
559 573 32
560 574 31
561 575 32
562 576 7
563 577 41
563 578 45
564 579 45
565 580 2
565 581 15
566 582 8
567 583 44
567 584 32
568 585 57
568 586 29
569 587 5
570 588 41
571 588 13
572 589 19
573 590 22
574 591 47
575 591 56
576 592 12
577 593 51
578 594 30
579 595 24
580 596 48
581 596 25
582 597 15
583 598 56
584 598 37
585 599 29
586 599 18
587 600 48
588 600 55
589 600 52
590 600 48
591 600 5
592 600 51
593 600 13
594 600 36
595 600 40
596 600 6
597 600 46
598 600 39
599 600 4
