1 2 22
1 3 18
1 4 26
1 5 16
1 6 15
2 7 10
2 8 29
2 9 28
2 10 6
2 11 14
3 12 12
3 13 8
3 14 21
3 15 7
3 16 8
4 17 11
4 18 27
4 19 27
4 20 23
4 21 7
5 22 13
5 23 4
5 24 17
5 25 17
5 26 19
6 27 17
6 28 23
6 29 15
6 30 13
6 31 16
7 32 11
8 33 27
9 34 20
10 35 25
11 36 12
12 36 8
13 37 11
14 38 10
15 39 4
16 40 7
17 41 29
18 42 14
19 43 26
20 44 17
21 45 8
22 46 15
23 47 23
24 47 10
25 48 16
26 49 10
27 49 8
28 50 7
29 51 12
30 52 10
31 53 14
32 54 11
33 55 21
34 56 27
34 57 29
35 58 16
36 59 22
37 60 25
38 61 25
39 62 9
40 63 5
41 64 22
42 65 4
43 66 25
44 67 18
45 68 22
46 69 24
47 70 1
48 71 25
49 72 11
50 73 3
51 74 14
52 75 5
53 76 3
54 77 1
55 78 15
56 79 24
57 80 26
58 81 21
59 82 1
60 83 23
61 84 17
62 85 13
63 86 29
64 87 1
65 88 25
66 89 26
67 90 1
68 91 16
69 92 21
70 93 5
71 94 25
72 95 18
73 96 3
74 97 22
75 98 7
76 99 19
77 100 26
77 101 19
78 102 15
79 103 12
79 104 27
80 105 2
81 106 17
82 107 8
83 108 24
84 109 17
85 110 25
86 111 29
87 112 12
88 113 6
89 114 17
90 115 25
90 116 4
91 117 15
92 118 8
92 119 21
93 120 20
94 121 8
94 122 19
95 123 28
96 124 11
97 125 14
97 126 12
98 127 6
99 128 10
100 129 2
101 130 9
102 131 14
103 132 2
104 132 1
105 133 26
106 133 26
107 134 19
108 134 29
109 135 10
110 135 23
111 136 20
112 136 18
113 137 10
114 138 10
115 139 26
116 139 18
117 140 22
118 140 12
119 141 17
120 142 10
121 142 1
122 143 16
123 144 24
124 145 1
125 146 3
126 147 17
127 147 1
128 148 11
129 149 20
130 150 7
130 151 12
131 152 11
131 153 27
131 154 24
131 155 8
132 156 18
133 157 29
134 158 20
134 159 5
135 160 3
135 161 5
136 162 8
136 163 12
136 164 3
137 165 19
138 166 12
139 167 1
140 168 4
141 169 26
142 170 17
143 171 3
144 172 28
145 173 18
145 174 13
146 175 4
147 176 18
147 177 13
147 178 22
148 179 15
148 180 29
148 181 3
149 182 15
150 183 4
151 184 23
152 185 2
153 186 8
154 187 25
155 188 15
156 189 27
157 190 18
158 191 22
159 192 25
160 193 14
161 194 23
162 195 27
163 196 29
164 197 8
165 198 19
166 199 16
167 200 14
168 201 24
169 202 9
170 203 29
171 204 8
172 204 1
173 205 4
174 206 9
175 207 5
176 208 2
177 209 20
178 210 29
179 210 17
180 211 3
181 212 5
182 213 25
183 214 23
184 214 29
185 215 28
186 215 8
187 216 16
188 217 24
189 218 14
190 219 21
191 220 20
192 221 25
193 222 25
194 223 7
195 224 26
196 225 28
197 226 21
198 227 13
199 228 6
200 229 13
201 230 19
202 231 17
203 232 16
204 233 22
205 234 18
206 235 29
207 236 1
208 236 21
209 237 4
210 238 13
211 238 2
212 239 14
213 240 16
214 241 13
215 242 9
216 243 20
217 244 2
218 245 4
218 246 29
219 247 1
220 248 23
221 249 7
221 250 29
222 251 4
223 252 20
224 253 15
225 254 15
226 255 23
227 256 16
228 257 5
228 258 5
229 259 16
230 260 16
231 261 13
232 262 3
233 263 12
234 264 4
235 265 27
236 266 24
237 267 22
238 268 19
238 269 17
238 270 23
239 271 17
240 272 12
241 273 21
242 274 14
243 275 14
244 276 3
245 277 13
246 278 9
247 279 22
248 280 8
249 281 17
250 282 21
251 283 22
252 284 26
253 285 21
254 286 26
255 287 12
256 288 26
257 289 11
258 289 27
259 290 28
260 291 7
261 292 17
262 293 28
263 294 3
264 295 18
265 296 26
266 296 13
267 297 17
268 297 17
269 298 29
270 299 23
271 300 23
272 301 24
272 302 9
273 303 2
274 304 23
275 305 8
276 306 9
276 307 16
277 308 1
278 309 8
279 310 26
280 311 11
281 312 21
282 313 18
283 314 19
284 315 17
285 316 24
285 317 3
286 318 17
287 319 22
288 320 23
289 321 17
290 322 19
291 323 28
292 324 4
292 325 8
293 326 25
293 327 2
294 328 21
295 329 11
296 330 27
297 331 24
298 332 3
299 333 2
299 334 3
300 335 25
301 336 16
302 337 15
303 338 12
304 339 9
305 339 25
306 340 20
307 341 19
308 341 9
309 341 10
310 342 2
311 343 24
312 344 9
313 345 4
314 346 27
315 347 18
316 347 3
317 347 2
318 348 26
319 349 14
320 350 28
321 351 5
322 352 5
323 352 20
324 353 8
325 354 7
326 354 2
327 354 3
328 355 21
329 355 18
330 356 18
331 357 29
332 358 23
333 359 2
334 360 9
335 361 13
336 362 29
337 363 22
338 364 26
339 365 27
339 366 22
339 367 23
339 368 1
340 369 14
341 370 28
341 371 8
342 372 14
343 373 25
344 374 19
344 375 25
345 376 8
345 377 13
346 378 10
347 379 4
347 380 1
348 381 1
348 382 15
348 383 10
348 384 28
349 385 5
349 386 16
349 387 1
350 388 22
351 389 12
352 390 9
352 391 17
352 392 4
352 393 29
352 394 8
353 395 4
354 396 29
355 397 27
356 398 10
357 399 21
358 400 10
359 401 19
359 402 29
360 403 8
360 404 16
361 405 22
362 406 14
363 407 2
364 408 15
365 409 18
366 410 26
367 411 13
368 412 12
369 413 2
370 414 29
371 415 7
372 416 27
373 416 11
374 417 8
375 417 29
376 418 21
377 419 2
378 420 10
379 421 8
380 422 17
381 423 12
382 423 8
383 423 24
384 424 9
385 425 2
386 425 9
387 426 10
388 427 1
389 428 6
390 428 26
391 429 7
392 429 12
393 430 27
394 430 4
395 431 14
396 431 11
397 432 15
398 433 24
399 434 27
400 435 24
401 435 19
402 436 29
403 437 3
404 438 19
405 439 7
406 440 25
407 441 21
408 442 19
409 443 2
410 444 16
411 445 12
412 446 14
413 447 12
414 448 4
415 449 20
416 450 25
417 451 23
418 452 24
419 453 26
420 454 27
421 455 14
422 456 8
423 457 23
424 458 23
425 459 16
426 460 9
427 461 9
428 462 8
429 463 26
430 464 10
431 465 6
432 466 13
433 467 21
434 468 26
435 469 4
436 470 19
437 471 6
438 472 3
439 473 18
440 474 9
441 475 28
442 476 19
443 477 22
444 478 23
445 479 12
446 480 26
447 481 1
448 481 23
449 482 1
450 483 3
451 484 9
452 484 22
453 485 17
454 486 16
455 486 11
456 487 19
457 488 6
458 489 14
459 490 19
460 491 18
461 492 21
462 492 5
463 493 18
464 494 14
465 495 3
466 496 1
467 496 11
468 497 6
469 498 25
470 499 1
471 500 5
472 501 5
473 502 4
474 503 17
475 504 11
476 505 8
476 506 21
477 507 2
478 508 9
479 509 27
480 510 27
481 511 18
482 512 28
483 513 1
484 514 2
485 515 27
485 516 25
486 517 7
487 518 10
488 519 9
489 520 21
490 521 10
490 522 20
491 523 12
492 524 7
493 525 26
494 526 10
495 527 10
496 528 21
497 529 15
498 530 10
499 531 19
500 532 25
501 533 25
502 534 14
503 535 7
504 536 15
505 536 13
506 537 2
507 537 3
508 538 24
509 539 24
510 540 15
511 541 11
512 542 11
513 542 24
514 543 7
515 543 15
516 544 15
517 544 24
518 545 14
519 546 23
520 546 3
521 547 6
522 548 27
523 549 15
524 550 28
525 551 3
526 551 23
527 552 29
528 552 17
529 553 8
530 554 27
531 554 15
532 555 12
533 555 25
534 556 24
535 557 15
535 558 24
536 559 19
536 560 7
536 561 12
537 562 9
538 563 4
539 564 8
539 565 19
540 566 27
540 567 28
540 568 3
541 569 21
541 570 26
542 571 15
543 572 3
543 573 15
544 574 4
544 575 28
544 576 8
545 577 9
545 578 10
545 579 13
546 580 10
546 581 7
547 582 18
547 583 4
548 584 21
548 585 9
549 586 25
550 587 5
550 588 23
550 589 25
551 590 26
552 591 15
553 592 8
553 593 13
554 594 19
555 595 10
556 596 13
557 597 26
558 598 4
559 599 5
560 600 16
561 600 23
562 601 11
563 602 1
564 602 13
565 603 29
566 604 27
567 605 23
568 605 13
569 605 1
570 606 10
571 607 4
572 607 1
573 608 26
574 608 11
575 609 2
576 610 20
577 611 19
578 612 10
579 612 17
580 613 14
581 614 12
582 615 18
583 616 28
584 617 12
585 618 16
586 618 3
587 619 2
588 619 27
589 620 10
590 620 4
591 621 24
592 622 2
593 623 9
594 624 1
595 625 11
596 626 10
597 627 9
598 628 27
599 629 23
600 630 29
601 631 10
602 632 16
603 633 9
604 634 7
605 635 15
605 636 15
606 637 27
607 638 11
608 639 7
609 640 29
610 641 7
611 642 3
612 643 21
613 644 6
614 645 9
615 646 25
616 647 26
617 648 22
618 649 13
619 650 29
620 651 18
621 652 13
622 653 6
623 654 5
624 655 24
625 656 20
625 657 4
626 658 25
627 659 15
628 660 13
629 661 11
630 661 7
631 662 27
632 663 22
633 664 26
634 665 20
635 666 23
636 667 1
637 668 17
638 668 1
639 668 7
640 669 23
641 669 6
642 670 18
643 671 24
644 672 9
645 673 2
646 674 15
647 675 3
648 676 8
649 677 23
650 678 22
651 679 14
652 680 26
653 681 2
654 682 2
655 682 23
656 683 11
657 684 8
658 685 9
659 686 5
660 687 2
660 688 16
661 689 12
661 690 25
662 691 16
663 692 22
664 693 6
665 694 10
666 695 4
667 696 8
668 697 8
668 698 5
669 699 17
670 700 26
671 701 7
671 702 24
672 703 19
673 704 16
674 705 17
674 706 22
675 707 27
676 708 28
677 709 24
678 710 5
679 711 24
679 712 26
680 713 5
680 714 29
681 715 17
682 716 14
683 717 15
683 718 21
684 719 12
684 720 22
685 721 8
685 722 10
686 723 3
687 723 28
688 724 19
689 725 12
690 726 20
691 727 10
692 728 1
693 729 3
694 730 20
695 731 2
696 732 29
697 733 17
698 734 16
699 735 25
700 736 11
701 737 10
702 738 22
703 739 12
704 740 13
705 741 27
706 742 10
707 743 8
708 744 6
709 745 6
710 746 15
711 747 4
712 748 14
713 749 20
714 750 8
715 751 3
716 752 23
717 753 22
718 754 10
719 755 22
720 756 29
721 757 24
722 758 5
723 759 10
724 759 14
725 760 15
726 760 15
727 761 18
728 761 27
729 761 16
730 762 3
731 763 28
732 764 19
733 765 24
734 766 13
735 767 12
736 767 13
737 767 3
738 767 16
739 768 11
740 768 4
741 768 26
742 769 15
743 770 2
744 771 5
745 772 22
746 773 3
747 773 13
748 774 15
749 774 19
750 775 13
751 776 11
752 776 29
753 777 6
754 778 5
755 779 15
756 780 15
757 780 26
758 780 24
759 781 26
760 781 13
761 782 22
762 783 6
763 784 8
764 785 11
765 785 16
766 786 10
767 787 23
768 788 3
769 789 19
770 790 23
771 791 3
772 792 22
773 793 10
774 794 6
775 795 10
776 795 25
777 796 29
778 797 27
779 798 20
780 799 2
781 800 16
782 800 23
783 800 28
784 800 6
785 800 29
786 800 19
787 800 22
788 800 1
789 800 17
790 800 21
791 800 28
792 800 3
793 800 10
794 800 20
795 800 2
796 800 13
797 800 12
798 800 4
799 800 3
