1 2 6
1 3 4
2 4 16
2 5 10
2 6 1
2 7 15
3 8 15
3 9 4
3 10 3
4 11 13
4 12 15
5 13 7
5 14 11
6 15 2
6 16 12
7 17 10
8 18 5
9 19 4
9 20 17
10 21 7
10 22 5
11 23 17
12 23 12
13 24 1
14 25 12
15 26 13
16 26 11
17 27 8
18 27 12
19 28 17
20 28 15
21 29 12
22 29 3
23 30 6
23 31 13
24 32 3
25 33 11
25 34 9
26 35 4
26 36 3
27 37 8
27 38 13
28 39 11
29 40 10
29 41 6
30 42 12
31 43 6
32 44 1
32 45 11
33 46 4
34 47 5
35 48 17
35 49 6
36 50 9
37 51 8
38 52 15
39 53 16
40 54 1
41 55 10
42 56 4
43 57 15
44 57 15
45 58 12
46 59 6
47 60 9
48 61 8
49 62 11
50 63 9
51 63 6
52 64 10
53 65 2
54 65 7
55 66 11
56 67 5
57 68 17
58 69 11
59 69 1
60 70 8
61 71 3
62 72 9
63 73 13
64 73 7
65 74 2
66 75 6
67 76 3
68 77 5
69 78 14
70 79 7
71 80 9
71 81 14
72 82 8
73 83 4
74 84 10
75 85 9
76 86 9
77 87 14
78 88 2
79 89 10
80 90 17
81 91 17
81 92 6
82 93 4
82 94 14
82 95 11
83 96 10
84 97 7
84 98 14
85 99 8
86 100 12
87 101 4
88 102 7
89 103 15
90 104 1
91 105 5
92 106 13
93 107 10
94 107 1
95 108 4
96 108 10
97 109 3
98 109 10
99 109 6
100 110 3
101 110 14
102 111 2
103 112 13
104 113 7
105 114 3
106 114 3
107 115 12
108 116 2
109 117 7
110 118 14
110 119 10
111 120 2
111 121 5
112 122 9
112 123 15
113 124 3
113 125 15
114 126 12
115 127 11
115 128 4
116 129 13
117 130 1
117 131 7
118 132 5
119 133 9
120 133 15
121 133 11
122 134 6
123 135 14
124 135 12
125 135 9
126 136 6
127 136 8
128 137 9
129 138 3
130 139 14
131 139 7
132 140 11
133 141 12
133 142 14
134 143 10
135 144 9
135 145 10
135 146 7
136 147 6
136 148 8
137 149 15
137 150 6
138 151 11
139 152 14
140 153 15
141 154 16
142 155 11
143 156 7
144 157 3
145 158 12
146 159 12
147 160 9
148 161 13
149 162 11
150 163 7
151 164 9
151 165 9
152 166 15
153 167 14
154 168 13
155 169 10
156 169 10
157 170 8
158 171 5
159 172 1
160 172 5
161 172 14
162 173 15
163 173 15
164 174 15
165 175 15
166 175 6
167 176 5
168 177 16
169 177 15
170 178 12
171 179 12
172 180 1
173 181 3
174 182 8
175 183 14
176 184 7
177 185 2
178 186 17
179 187 2
180 188 15
181 189 8
182 190 14
183 191 4
184 192 14
185 193 11
186 193 6
187 194 12
188 195 3
189 196 8
190 196 10
191 197 4
192 198 17
193 199 16
193 200 13
194 201 5
195 202 14
196 203 2
196 204 4
196 205 11
197 206 11
198 207 12
199 208 10
200 209 13
201 210 16
202 211 14
203 212 14
204 213 12
205 214 1
206 215 12
207 216 7
208 217 6
209 218 9
210 219 14
211 220 11
212 221 6
213 222 2
214 223 15
215 224 6
216 225 13
217 225 7
218 226 2
219 227 6
220 227 10
221 228 13
222 229 9
223 229 17
224 230 6
225 231 14
225 232 6
225 233 2
226 234 13
227 235 1
228 236 12
228 237 10
228 238 12
228 239 4
229 240 4
229 241 16
230 242 11
230 243 16
230 244 14
231 245 5
232 245 4
233 246 11
234 247 6
235 247 8
236 248 8
237 248 5
238 249 1
239 249 17
240 250 5
241 251 10
242 252 3
243 252 15
244 252 7
245 253 7
246 254 15
246 255 10
247 256 2
248 257 8
249 258 4
250 259 16
251 260 16
252 261 17
253 262 1
254 263 15
255 264 14
256 265 16
257 266 7
258 267 1
258 268 16
259 269 1
260 270 1
260 271 10
260 272 11
261 273 7
262 274 17
263 275 16
264 276 2
265 277 11
266 278 9
267 278 13
268 279 14
269 280 16
270 280 11
271 281 15
272 282 11
273 282 4
274 283 10
275 284 4
276 285 11
277 286 12
278 287 13
279 288 12
280 289 10
281 290 7
282 291 6
282 292 5
283 293 16
284 294 16
285 294 5
286 295 17
287 296 10
288 297 12
289 297 9
290 297 14
291 298 11
292 299 10
293 300 6
294 300 3
295 300 4
296 300 14
297 300 1
298 300 3
299 300 9
