1 2 1
1 3 1
1 4 1
2 5 1
2 6 1
2 7 1
2 8 1
2 9 1
3 10 1
3 11 1
3 12 1
3 13 1
3 14 1
4 15 1
4 16 1
4 17 1
4 18 1
5 19 1
6 20 1
7 21 1
8 22 1
9 23 1
10 24 1
11 25 1
12 26 1
13 27 1
14 28 1
15 29 1
16 29 1
17 30 1
18 31 1
19 32 1
20 33 1
21 34 1
22 35 1
23 36 1
23 37 1
24 38 1
25 39 1
25 40 1
26 41 1
27 42 1
28 43 1
29 44 1
30 45 1
31 46 1
31 47 1
32 48 1
33 49 1
34 50 1
35 51 1
36 52 1
37 53 1
38 54 1
39 55 1
40 56 1
41 57 1
42 58 1
43 59 1
44 60 1
45 60 1
46 61 1
47 62 1
48 63 1
49 64 1
50 65 1
50 66 1
51 67 1
52 68 1
53 69 1
54 70 1
55 71 1
56 72 1
57 73 1
58 74 1
59 75 1
60 76 1
61 77 1
62 78 1
63 79 1
64 80 1
65 81 1
66 82 1
67 83 1
68 84 1
69 84 1
70 85 1
71 85 1
72 86 1
73 87 1
74 88 1
75 89 1
76 90 1
77 90 1
78 91 1
79 92 1
80 93 1
81 94 1
81 95 1
82 96 1
83 97 1
83 98 1
84 99 1
85 100 1
86 101 1
87 102 1
88 103 1
89 104 1
90 105 1
91 106 1
92 107 1
93 108 1
94 109 1
95 110 1
96 111 1
97 112 1
98 113 1
99 114 1
100 115 1
101 116 1
102 117 1
102 118 1
103 119 1
104 120 1
105 121 1
106 122 1
107 123 1
108 124 1
109 124 1
110 124 1
111 124 1
112 125 1
113 125 1
114 126 1
115 127 1
116 127 1
117 128 1
118 129 1
119 129 1
120 130 1
121 131 1
122 132 1
123 133 1
124 134 1
125 135 1
126 136 1
127 137 1
127 138 1
128 139 1
129 140 1
130 141 1
131 142 1
132 143 1
133 144 1
134 145 1
135 146 1
136 147 1
137 148 1
138 149 1
139 150 1
140 151 1
141 151 1
142 152 1
143 152 1
144 153 1
144 154 1
144 155 1
144 156 1
144 157 1
145 158 1
145 159 1
146 160 1
147 161 1
147 162 1
148 163 1
149 164 1
149 165 1
150 166 1
151 167 1
151 168 1
151 169 1
151 170 1
152 171 1
152 172 1
152 173 1
153 174 1
154 175 1
155 176 1
156 177 1
157 178 1
158 178 1
159 178 1
160 179 1
161 179 1
162 180 1
163 180 1
164 180 1
165 181 1
166 182 1
167 183 1
168 183 1
169 184 1
170 184 1
171 184 1
172 185 1
173 185 1
174 186 1
175 187 1
175 188 1
176 189 1
176 190 1
177 191 1
178 192 1
178 193 1
179 194 1
180 195 1
180 196 1
181 197 1
182 198 1
183 199 1
184 200 1
185 201 1
186 202 1
187 202 1
188 203 1
189 203 1
190 204 1
191 205 1
192 205 1
193 206 1
194 207 1
195 207 1
196 207 1
197 208 1
198 209 1
199 209 1
200 210 1
201 211 1
202 212 1
202 213 1
203 214 1
203 215 1
204 216 1
205 217 1
206 218 1
207 219 1
208 220 1
209 221 1
209 222 1
209 223 1
210 224 1
211 225 1
211 226 1
212 227 1
212 228 1
213 229 1
213 230 1
214 231 1
215 232 1
216 233 1
217 234 1
218 235 1
219 236 1
220 237 1
220 238 1
221 239 1
222 240 1
223 241 1
224 242 1
225 243 1
226 244 1
226 245 1
227 246 1
228 247 1
229 247 1
230 247 1
231 248 1
232 249 1
233 250 1
234 251 1
235 251 1
236 251 1
237 252 1
238 253 1
239 253 1
240 253 1
241 253 1
242 254 1
243 254 1
244 255 1
245 255 1
246 256 1
247 257 1
248 258 1
249 259 1
250 260 1
251 261 1
252 262 1
253 263 1
254 264 1
255 265 1
256 266 1
257 267 1
258 268 1
258 269 1
259 270 1
259 271 1
260 272 1
261 273 1
262 274 1
262 275 1
263 276 1
263 277 1
264 278 1
264 279 1
264 280 1
265 281 1
265 282 1
265 283 1
266 284 1
267 285 1
267 286 1
267 287 1
267 288 1
268 289 1
269 290 1
270 291 1
270 292 1
271 293 1
272 294 1
273 295 1
273 296 1
274 297 1
274 298 1
274 299 1
275 300 1
275 301 1
276 302 1
277 303 1
278 304 1
279 305 1
280 306 1
280 307 1
281 308 1
281 309 1
281 310 1
282 311 1
283 312 1
283 313 1
283 314 1
284 315 1
285 315 1
286 316 1
287 316 1
288 316 1
289 317 1
290 317 1
291 318 1
292 318 1
293 319 1
294 320 1
295 321 1
296 322 1
297 323 1
298 323 1
299 323 1
300 324 1
301 324 1
302 325 1
303 325 1
304 325 1
305 326 1
306 326 1
307 326 1
308 327 1
309 328 1
310 328 1
311 328 1
312 329 1
313 329 1
314 329 1
315 330 1
316 331 1
317 331 1
318 332 1
319 333 1
320 334 1
321 335 1
322 336 1
323 337 1
324 338 1
325 339 1
326 339 1
327 339 1
328 340 1
329 341 1
330 342 1
331 343 1
332 344 1
333 345 1
334 345 1
335 346 1
336 347 1
337 348 1
338 348 1
339 349 1
340 350 1
341 350 1
342 351 1
342 352 1
343 353 1
343 354 1
344 355 1
344 356 1
345 357 1
346 358 1
347 359 1
347 360 1
348 361 1
348 362 1
349 363 1
349 364 1
349 365 1
350 366 1
350 367 1
351 368 1
352 369 1
353 370 1
354 371 1
355 371 1
356 372 1
357 373 1
358 374 1
359 375 1
360 376 1
361 377 1
362 378 1
363 379 1
364 380 1
365 381 1
366 382 1
367 383 1
368 384 1
369 385 1
370 386 1
371 387 1
372 388 1
373 388 1
374 389 1
375 390 1
376 391 1
377 392 1
378 392 1
379 393 1
380 393 1
381 394 1
382 395 1
383 395 1
384 396 1
385 397 1
386 398 1
387 399 1
388 400 1
389 401 1
390 402 1
390 403 1
391 404 1
392 405 1
393 406 1
393 407 1
394 408 1
395 409 1
396 410 1
396 411 1
397 412 1
398 413 1
399 414 1
400 415 1
401 416 1
402 417 1
403 418 1
404 419 1
405 420 1
406 421 1
407 422 1
408 423 1
409 424 1
410 425 1
411 426 1
412 427 1
413 428 1
414 429 1
415 430 1
416 431 1
417 432 1
418 433 1
419 434 1
420 435 1
421 435 1
422 436 1
423 437 1
424 438 1
425 439 1
426 439 1
427 439 1
428 440 1
429 441 1
430 442 1
431 443 1
432 443 1
433 444 1
434 444 1
435 445 1
436 446 1
437 447 1
438 448 1
439 449 1
440 450 1
441 451 1
442 452 1
442 453 1
443 454 1
443 455 1
444 456 1
444 457 1
445 458 1
446 459 1
446 460 1
447 461 1
448 462 1
448 463 1
449 464 1
450 465 1
451 466 1
452 466 1
453 467 1
454 468 1
455 469 1
456 469 1
457 470 1
458 471 1
459 472 1
460 472 1
461 473 1
462 473 1
463 474 1
464 475 1
465 476 1
465 477 1
466 478 1
466 479 1
467 480 1
468 481 1
468 482 1
469 483 1
470 484 1
470 485 1
471 486 1
471 487 1
472 488 1
472 489 1
473 490 1
474 491 1
475 492 1
476 493 1
477 494 1
478 495 1
479 496 1
480 497 1
481 498 1
482 499 1
483 499 1
484 499 1
485 500 1
486 501 1
487 502 1
488 503 1
489 504 1
490 505 1
491 505 1
492 506 1
493 507 1
494 507 1
495 508 1
496 509 1
497 510 1
498 511 1
499 512 1
500 512 1
501 512 1
502 513 1
503 514 1
504 515 1
505 516 1
506 517 1
507 518 1
507 519 1
508 520 1
508 521 1
509 522 1
510 523 1
511 524 1
512 525 1
512 526 1
513 527 1
514 528 1
515 529 1
515 530 1
516 531 1
517 532 1
518 533 1
519 534 1
520 535 1
521 535 1
522 536 1
523 537 1
524 537 1
525 538 1
526 538 1
527 539 1
528 540 1
529 541 1
530 542 1
531 543 1
532 544 1
533 545 1
534 546 1
535 547 1
536 548 1
537 549 1
538 550 1
538 551 1
539 552 1
540 553 1
541 554 1
542 555 1
543 556 1
544 557 1
545 558 1
546 559 1
547 560 1
548 561 1
548 562 1
549 563 1
550 564 1
550 565 1
551 566 1
552 567 1
553 568 1
554 569 1
555 570 1
556 571 1
557 572 1
558 573 1
559 574 1
560 575 1
561 576 1
562 576 1
563 577 1
564 578 1
565 578 1
566 579 1
567 579 1
568 580 1
569 581 1
570 582 1
571 583 1
572 584 1
573 585 1
573 586 1
574 587 1
575 588 1
576 589 1
577 590 1
577 591 1
578 592 1
579 593 1
579 594 1
579 595 1
580 596 1
581 597 1
582 598 1
583 599 1
584 600 1
585 600 1
586 600 1
587 600 1
588 600 1
589 600 1
590 600 1
591 600 1
592 600 1
593 600 1
594 600 1
595 600 1
596 600 1
597 600 1
598 600 1
599 600 1
