23 28 20 20 13 20 21 20
3 0 5 9 15 12 0 3
3 2 2 4 1 4 4 4
22 11 11 9 11 19 9 15
13 4 14 7 15 14 11 17
3 9 9 1 3 12 2 14
6 8 20 17 7 15 20 17
1 9 14 7 0 7 9 9
2 5 0 6 9 2 9 12
4 0 5 4 8 3 4 10
1 1 3 4 4 1 3 4
1 4 6 6 2 1 1 0
2 1 2 9 5 3 0 4
1 11 7 2 9 2 5 9
1 2 11 16 2 14 21 7
14 3 9 18 8 0 28 3
2 5 4 10 6 1 5 7
7 0 21 13 9 4 16 15
20 12 0 16 7 11 3 10
12 27 22 17 11 4 24 4
0 9 7 8 1 16 1 2
3 2 5 0 2 3 2 3
11 5 1 12 3 3 11 8
0 3 0 2 3 6 1 6
20 5 10 19 7 10 7 18
4 4 1 3 4 7 0 2
9 3 8 5 10 1 4 3
10 8 9 9 1 9 0 10
10 7 6 9 12 5 8 17
14 16 11 8 11 15 0 6
8 4 5 0 5 2 3 7
6 2 3 3 1 5 5 5
2 2 15 5 2 12 15 16
8 15 3 20 11 10 1 18
18 15 10 1 2 16 15 0
1 0 0 2 1 1 1 1
4 10 9 0 5 6 12 5
10 17 11 10 18 16 6 1
6 11 26 0 22 24 18 22
6 4 0 8 10 5 4 4
4 14 14 14 14 15 4 5
8 11 3 2 9 9 1 4
13 3 11 0 8 16 6 0
0 1 2 0 0 2 2 2
1 18 2 14 2 3 13 16
11 4 10 16 4 3 6 11
14 20 27 3 24 26 5 26
9 6 7 5 5 5 12 1
14 14 0 11 15 6 11 24
12 10 11 13 18 18 5 11
3 22 22 10 16 11 6 11
3 4 2 1 3 0 2 3
15 15 8 13 11 8 14 8
18 16 20 14 24 22 5 6
17 13 18 13 18 12 0 11
0 1 3 4 3 4 0 0
11 6 4 8 6 2 5 11
12 14 6 4 14 9 4 3
2 2 0 1 0 6 6 4
22 18 22 2 21 1 15 4
0 2 1 1 0 1 1 0
13 6 2 8 1 11 10 12
4 1 6 2 4 1 6 2
2 13 14 18 14 11 2 11
6 4 6 6 2 5 0 4
12 23 17 1 9 5 26 8
5 10 3 2 12 4 9 10
7 4 10 11 4 8 0 6
4 10 7 5 4 5 4 12
3 9 1 5 9 5 11 5
17 13 11 2 24 12 23 17
14 2 24 6 10 4 18 21
14 6 11 1 17 14 10 14
9 10 17 6 15 13 0 13
5 1 2 3 4 6 6 1
16 14 11 14 13 2 14 15
15 18 5 16 8 2 11 17
14 12 18 0 2 15 9 8
2 5 4 5 6 6 6 0
4 15 11 8 2 9 2 2
12 3 7 11 3 5 7 7
15 5 3 15 11 24 25 6
1 2 0 5 4 14 7 7
9 5 11 12 3 11 2 6
7 3 11 13 5 6 9 2
7 7 1 5 0 5 8 3
3 0 1 2 3 3 4 1
1 16 7 3 4 17 16 12
1 7 6 5 1 1 0 5
2 4 10 12 6 0 2 9
0 2 3 0 1 3 1 3
5 8 3 3 6 5 4 6
15 13 9 20 12 9 8 5
6 2 8 2 10 1 8 2
3 4 6 0 10 3 11 5
8 0 8 7 5 0 9 0
4 4 10 0 4 16 2 3
3 8 4 6 1 10 9 6
8 6 5 1 4 4 3 2
12 13 18 23 12 17 1 4
0 1 3 22 14 10 15 22
1 6 6 7 9 7 1 5
4 2 0 0 6 4 2 2
11 1 7 3 8 2 2 0
21 10 12 0 2 1 2 12
3 4 2 1 2 3 4 2
2 1 0 1 0 3 2 4
0 2 0 1 2 0 0 2
7 4 2 9 3 7 2 2
19 10 16 3 8 24 7 16
0 2 1 0 1 2 0 1
1 6 8 1 1 6 7 8
12 17 2 10 2 7 1 12
12 19 15 12 10 8 2 1
1 10 6 7 10 1 2 0
21 22 2 13 19 21 10 0
11 1 15 18 14 4 9 8
9 4 18 11 9 17 2 5
22 8 18 7 8 3 27 20
0 0 3 4 0 2 4 3
20 22 24 10 6 5 20 12
8 2 6 1 3 8 6 2
2 0 1 1 2 2 0 0
2 1 2 0 3 0 0 0
9 3 5 9 8 3 9 10
4 7 2 3 5 8 4 0
9 5 2 3 5 9 2 8
5 8 8 11 6 10 12 8
10 6 6 1 8 6 15 13
4 16 7 4 1 12 14 1
0 2 1 1 2 0 2 0
20 8 18 16 16 8 6 5
1 2 0 0 3 1 0 1
6 3 8 10 2 3 7 0
6 5 9 10 1 7 12 9
1 2 1 2 1 2 1 1
21 19 24 16 16 21 24 25
1 2 3 2 2 1 1 0
1 8 1 2 8 0 4 5
1 6 2 6 1 8 2 4
7 7 3 3 13 12 3 11
1 2 6 0 0 0 0 4
0 0 1 4 4 1 3 3
4 20 12 0 6 8 5 8
5 18 13 10 2 9 6 9
0 1 0 1 0 2 0 0
3 6 3 6 5 4 5 1
10 9 19 22 16 11 8 13
4 2 4 3 3 3 0 0
10 5 8 7 11 6 9 12
16 14 11 10 15 9 1 0
5 3 8 3 0 6 10 3
5 7 17 12 12 5 1 10
0 10 9 1 9 6 0 8
7 6 5 4 8 0 7 8
0 3 2 5 6 2 5 1
9 17 1 11 13 4 3 6
6 20 16 2 22 16 22 12
3 5 2 1 5 3 1 3
18 17 15 2 3 15 16 5
7 9 11 2 7 16 14 3
3 4 4 1 2 1 4 3
1 12 5 7 5 9 10 5
9 20 23 15 16 16 13 18
21 9 2 15 23 3 16 0
6 11 0 16 1 14 18 7
1 6 5 5 2 0 1 6
18 5 24 20 24 23 21 23
9 7 6 6 16 8 0 18
8 0 20 21 15 24 23 17
9 5 4 2 2 2 10 1
22 0 3 0 4 14 8 14
2 1 1 0 0 1 0 2
13 2 13 8 6 0 9 14
0 6 5 8 7 0 7 6
7 26 3 23 25 10 23 11
1 1 9 14 5 4 12 17
13 10 15 7 13 2 9 3
9 7 18 15 4 14 8 2
1 4 0 1 6 4 3 1
1 0 4 3 2 2 3 1
9 15 18 9 1 3 14 7
13 16 7 10 10 11 11 3
2 1 4 1 1 3 0 3
0 1 20 5 3 19 14 0
1 3 14 2 0 14 1 14
11 10 7 0 9 1 10 3
6 18 19 2 8 5 2 9
10 12 0 26 1 3 18 2
24 25 13 9 21 21 13 12
6 3 1 14 4 12 18 18
0 3 6 2 9 6 5 6
2 4 8 12 8 0 6 6
16 22 28 5 9 15 22 12
11 12 7 0 9 11 9 2
13 6 11 3 16 6 14 18
14 11 16 7 3 16 5 0
0 4 17 20 20 7 16 25
7 2 11 5 8 12 4 10
23 22 16 12 6 13 19 23
20 2 1 23 26 16 14 1
10 10 11 2 4 5 5 8
9 21 25 18 21 9 6 0
1 16 4 17 6 11 9 12
5 12 10 12 4 8 1 13
1 4 7 10 14 15 12 8
15 6 4 10 9 16 7 3
2 21 22 8 8 13 6 0
10 6 10 8 3 17 12 5
5 2 8 6 1 7 5 5
2 3 12 2 3 4 11 6
3 2 19 13 9 21 17 19
3 10 14 12 5 9 4 7
1 4 6 2 5 1 5 6
8 22 2 17 16 12 20 16
15 19 18 14 2 7 18 8
2 3 2 6 6 2 1 2
6 22 7 7 11 10 2 10
5 9 11 8 7 12 16 16
8 9 12 2 4 16 5 6
1 8 1 8 4 5 5 9
2 6 9 8 3 7 8 0
21 5 20 10 15 12 1 5
8 6 19 20 16 19 2 1
6 17 9 19 12 16 17 17
1 3 4 1 0 0 3 4
14 9 11 2 10 14 7 4
4 1 1 3 1 0 2 4
4 3 13 0 10 9 2 0
0 13 3 6 9 7 8 20
18 0 20 10 1 14 19 15
9 9 0 7 10 3 3 6
5 14 22 19 1 2 22 12
3 7 2 1 11 3 6 11
0 2 0 0 1 0 1 1
13 11 13 3 3 1 3 5
3 2 3 2 0 3 5 3
2 2 2 2 1 0 2 0
10 10 14 0 6 0 2 13
2 8 1 22 0 15 7 9
1 8 3 17 18 5 1 17
9 9 6 9 3 8 1 2
15 15 10 8 1 0 1 4
8 7 10 4 6 0 3 9
12 17 1 5 2 10 0 14
8 26 22 0 25 7 18 22
3 6 2 3 5 3 2 1
5 6 14 20 16 13 0 3
23 4 21 24 28 0 22 10
19 11 11 18 17 18 0 12
10 2 4 10 6 1 12 7
11 0 12 7 0 0 3 6
4 1 0 3 3 0 3 2
5 5 5 2 1 4 5 0
16 8 11 13 19 1 20 17
2 5 19 11 6 0 12 14
2 3 3 5 10 4 10 7
7 20 13 19 17 25 22 9
1 2 4 2 2 3 4 3
8 10 4 8 0 7 7 0
11 16 7 12 16 7 16 9
18 4 7 14 13 4 6 18
12 5 17 1 15 1 10 7
0 0 2 1 2 2 2 0
25 1 25 23 10 10 17 15
19 17 18 9 16 21 9 19
4 0 2 0 5 0 3 4
0 3 2 1 3 2 1 3
4 14 7 5 6 18 10 5
6 1 1 5 7 3 8 6
20 9 10 6 10 1 7 8
9 17 4 6 14 26 2 10
0 0 2 0 5 5 6 2
9 14 6 12 14 0 9 7
3 0 5 0 1 12 7 0
1 2 2 0 1 0 1 0
6 16 16 0 1 0 3 9
19 20 5 9 11 11 5 1
22 1 1 5 18 6 11 20
11 23 21 2 19 5 3 16
18 14 22 3 5 11 24 13
20 12 3 0 15 14 3 5
5 9 6 11 10 2 12 12
21 4 13 12 18 16 19 1
20 8 2 13 9 22 1 19
10 7 12 1 7 8 0 10
2 1 5 1 5 5 1 0
3 3 5 4 1 2 6 2
6 0 5 6 0 7 6 6
8 9 12 10 3 6 2 1
8 6 9 7 3 6 0 3
12 10 10 6 16 11 7 8
4 16 9 6 10 9 0 3
20 4 21 20 17 27 13 6
21 26 9 7 2 12 3 3
9 6 5 7 1 3 6 5
4 3 0 1 2 1 1 3
11 9 16 9 9 8 12 13
2 0 0 0 2 2 2 2
3 4 3 5 1 4 5 5
6 9 9 1 15 11 4 5
1 2 3 0 2 0 3 4
14 24 15 21 7 6 6 21
3 5 2 2 4 4 1 4
16 25 26 26 17 9 22 16
1 2 5 7 9 4 7 5
2 2 2 2 2 0 0 2
0 1 0 1 2 1 0 1
1 6 10 2 8 6 12 7
15 20 4 17 13 15 13 7
26 19 22 3 27 26 18 16
8 11 10 18 2 2 8 17
6 5 0 3 2 3 2 0
3 3 0 4 4 4 6 2
13 6 1 2 21 9 0 12
3 17 15 18 20 11 7 20
4 7 7 5 1 4 3 10
2 6 8 4 0 11 2 5
9 7 6 2 10 7 0 5
19 6 18 23 5 20 16 3
0 1 0 1 1 1 1 1
10 1 18 0 17 8 18 10
0 9 20 13 10 9 17 0
1 3 1 2 2 1 1 3
8 8 5 13 14 14 14 10
0 2 0 0 2 0 1 0
2 0 4 3 2 4 0 2
17 1 6 5 11 7 3 1
3 2 3 1 1 3 4 1
10 0 13 9 17 5 3 2
2 0 1 3 3 8 5 8
6 10 8 11 9 8 7 3
0 2 4 0 5 5 13 11
6 21 21 20 19 6 15 20
2 1 22 23 9 7 21 17
2 3 10 20 5 17 15 3
5 3 4 6 1 1 1 9
3 2 2 3 1 4 0 3
6 14 0 15 1 0 7 10
5 8 4 4 8 8 1 8
3 20 24 2 13 1 24 20
1 0 16 2 13 3 8 2
17 21 20 9 16 5 21 14
2 0 1 2 2 2 0 1
0 1 2 1 1 0 2 2
0 2 1 0 2 1 2 2
0 1 2 0 0 0 0 1
16 8 15 7 3 15 2 14
4 27 11 19 15 17 24 14
9 11 5 6 2 3 2 5
4 2 0 3 4 1 4 4
18 21 17 7 12 9 2 16
24 21 14 26 16 7 18 17
5 15 6 14 7 0 11 3
12 14 4 18 15 19 15 6
0 4 11 9 8 11 10 9
4 3 5 13 1 2 7 13
0 3 3 0 1 1 1 1
8 2 12 4 14 7 9 8
13 10 12 7 20 12 8 10
5 13 16 9 15 13 12 18
2 4 1 2 4 4 0 0
5 3 2 3 3 5 2 1
1 9 11 2 5 11 18 0
3 2 0 4 1 0 1 3
1 5 2 5 4 1 1 1
18 2 1 11 0 9 19 15
12 2 11 1 0 1 6 9
14 0 3 6 11 26 6 26
3 3 4 1 2 1 2 1
10 22 17 19 2 18 4 21
8 26 12 13 19 16 16 12
2 1 1 1 2 2 2 0
0 0 2 0 0 2 0 1
4 17 19 14 7 1 2 0
2 2 2 5 5 4 0 4
1 5 3 5 3 1 0 6
10 8 2 12 4 4 6 0
7 0 0 7 4 3 5 8
4 4 2 6 4 6 0 3
5 18 7 5 18 12 10 17
3 5 6 10 9 0 10 5
2 1 1 1 0 0 0 4
7 5 10 13 3 7 10 8
0 2 0 2 1 1 0 2
10 13 0 5 16 13 19 9
2 0 2 0 1 6 6 3
0 6 0 14 2 9 6 5
3 0 1 3 3 6 2 0
1 2 1 0 2 0 2 0
0 10 5 9 4 6 3 7
12 22 3 18 9 19 6 21
15 5 2 2 15 5 7 7
0 2 8 11 10 9 9 4
0 3 3 2 7 5 9 7
19 0 8 15 26 0 10 0
5 8 5 1 7 3 8 1
0 6 1 17 18 6 13 19
9 6 8 9 4 1 11 5
2 1 7 1 7 6 5 5
