1 2 125
1 3 19
1 4 83
1 5 127
1 6 45
2 7 94
2 8 20
2 9 105
2 10 131
2 11 102
3 12 48
3 13 80
3 14 66
3 15 52
3 16 139
4 17 112
4 18 130
4 19 115
4 20 79
4 21 78
5 22 78
5 23 75
5 24 86
5 25 68
6 26 107
6 27 80
6 28 1
6 29 12
6 30 98
7 31 56
8 32 111
9 33 31
10 34 128
11 35 137
12 36 106
13 37 127
14 38 27
15 39 49
15 40 100
16 41 76
17 42 42
18 43 83
19 44 24
20 45 100
21 46 48
22 47 116
23 48 111
24 49 131
25 50 95
26 51 119
27 52 17
28 53 51
29 54 81
30 55 39
31 56 55
32 57 116
33 58 52
34 59 92
34 60 61
35 61 125
36 62 64
37 63 63
38 64 69
38 65 30
39 66 95
40 67 115
40 68 70
41 69 83
42 70 62
43 71 52
44 72 132
45 73 119
46 74 115
47 75 119
48 76 73
49 77 104
50 78 15
50 79 123
51 80 16
52 81 101
53 82 84
54 83 7
54 84 39
55 85 42
55 86 126
55 87 96
56 88 2
57 88 29
58 89 84
59 90 130
60 90 128
61 91 25
62 92 31
63 93 78
64 93 72
65 94 64
66 94 8
67 95 131
68 95 40
69 96 111
70 97 118
71 98 47
72 99 76
73 100 103
74 101 1
75 102 54
76 103 91
77 104 25
78 105 63
79 105 61
80 106 102
81 107 89
82 108 38
83 109 115
84 110 116
85 111 129
86 112 30
87 113 79
88 114 64
88 115 81
88 116 29
88 117 66
89 118 36
90 119 86
91 120 91
91 121 130
92 122 119
92 123 107
93 124 35
94 125 49
95 126 104
95 127 96
96 128 71
97 129 136
97 130 61
98 131 85
99 132 139
100 133 18
100 134 21
101 135 138
102 136 85
102 137 77
103 138 91
104 139 71
104 140 109
104 141 21
105 142 29
106 143 105
107 144 71
108 145 125
108 146 109
109 147 127
109 148 71
110 149 48
110 150 63
111 151 7
112 152 111
113 153 65
114 154 139
115 155 119
116 156 8
117 156 125
118 156 35
119 157 102
120 158 117
121 159 84
122 160 21
123 161 37
124 162 37
125 163 107
126 163 115
127 163 37
128 164 22
129 165 133
130 166 24
131 167 54
132 167 48
133 168 4
134 168 39
135 169 114
136 169 67
137 170 131
138 171 12
139 172 134
140 173 36
141 174 33
142 175 79
143 176 54
144 177 52
145 178 130
146 179 122
147 180 112
148 180 83
149 180 60
150 181 114
151 182 31
152 182 104
153 183 134
154 184 68
154 185 55
155 186 32
155 187 102
156 188 4
156 189 76
157 190 19
158 191 130
158 192 96
159 193 95
160 194 119
160 195 14
160 196 77
161 197 105
162 198 5
162 199 75
162 200 24
162 201 24
162 202 85
163 203 125
163 204 19
163 205 10
164 206 97
165 207 117
165 208 35
165 209 121
166 210 84
166 211 101
167 212 76
167 213 139
167 214 45
168 215 36
169 216 73
169 217 97
170 218 39
171 219 133
172 220 95
172 221 32
172 222 125
173 223 15
173 224 111
173 225 24
174 226 60
174 227 128
175 228 27
175 229 15
175 230 122
175 231 14
175 232 99
176 233 31
177 234 77
177 235 70
177 236 120
178 237 79
178 238 113
178 239 12
178 240 32
179 241 75
179 242 74
180 243 33
180 244 127
181 245 27
181 246 36
181 247 8
182 248 8
182 249 136
182 250 73
183 251 34
184 252 40
185 252 120
186 252 64
187 253 43
188 253 84
189 253 38
190 254 99
191 255 54
192 255 103
193 255 58
194 255 57
195 255 88
196 256 27
197 256 65
198 257 82
199 257 16
200 257 85
201 257 125
202 258 132
203 258 106
204 258 38
205 258 19
206 259 104
207 260 73
208 260 133
209 260 134
210 261 72
211 261 29
212 261 110
213 262 57
214 262 69
215 263 8
216 264 45
217 264 101
218 265 61
219 265 20
220 266 100
221 266 2
222 266 65
223 267 58
224 267 108
225 267 108
226 268 90
227 268 90
228 268 74
229 269 39
230 270 82
231 271 78
232 271 108
233 271 87
234 271 4
235 271 131
236 272 134
237 272 92
238 272 124
239 273 117
240 273 115
241 273 127
242 273 71
243 274 6
244 274 136
245 275 84
246 275 3
247 275 15
248 276 106
249 276 78
250 277 36
251 277 1
252 278 3
253 279 56
254 280 70
255 281 71
256 282 5
257 283 91
258 284 58
259 285 97
260 286 125
261 287 87
262 288 27
263 289 31
264 290 83
265 291 14
266 292 95
267 293 39
268 294 2
269 295 65
270 296 32
271 297 52
272 298 28
273 299 94
274 300 136
275 301 21
275 302 50
276 303 104
277 304 63
278 305 64
279 306 119
280 307 68
281 307 82
282 308 90
283 309 20
284 310 75
285 311 124
286 312 4
287 313 65
288 314 97
289 315 70
290 316 125
291 317 64
292 318 62
293 319 121
294 320 86
295 321 111
296 322 108
297 323 67
298 324 54
299 325 66
300 326 59
301 327 102
302 328 61
303 329 1
304 330 60
305 331 138
306 331 6
307 332 10
308 333 20
309 334 113
310 335 77
311 336 82
312 337 52
313 338 62
314 339 68
315 340 110
316 340 1
317 341 72
318 342 19
319 343 24
320 344 22
321 345 27
322 346 42
323 347 114
324 347 101
325 348 35
326 349 66
327 349 104
328 350 29
329 351 33
330 352 33
331 353 78
332 354 19
333 355 38
334 356 35
335 357 111
336 358 61
337 359 110
338 360 31
339 361 101
340 362 129
341 363 121
342 364 22
343 365 130
344 366 5
345 367 122
346 368 57
347 369 72
348 370 49
349 371 20
350 371 83
351 372 18
352 373 94
353 374 2
354 375 3
354 376 96
354 377 10
355 378 4
356 379 80
356 380 45
357 381 68
358 382 111
359 383 121
360 384 51
361 385 4
362 386 62
363 387 86
364 388 102
364 389 96
365 390 115
366 391 7
367 392 12
368 393 128
369 394 41
370 395 90
371 396 46
372 397 132
372 398 127
373 399 76
374 400 15
375 400 126
376 400 105
377 400 103
378 400 56
379 400 126
380 400 100
381 400 30
382 400 34
383 400 14
384 400 136
385 400 94
386 400 88
387 400 101
388 400 88
389 400 82
390 400 92
391 400 113
392 400 6
393 400 129
394 400 83
395 400 53
396 400 136
397 400 46
398 400 13
399 400 106
