1 2 6
1 3 4
1 4 4
1 5 5
2 6 5
2 7 4
2 8 2
2 9 3
3 10 5
3 11 7
3 12 7
3 13 4
4 14 1
4 15 2
4 16 5
4 17 5
5 18 4
5 19 4
5 20 3
6 21 4
7 22 1
8 23 2
9 24 4
10 25 4
11 26 1
11 27 7
12 28 1
13 29 3
13 30 2
14 31 3
15 32 4
15 33 4
16 34 3
17 35 7
17 36 6
18 37 1
19 38 5
20 39 4
21 40 1
22 41 4
23 42 7
24 43 3
25 44 4
26 45 6
27 46 1
27 47 1
28 48 2
28 49 6
29 50 5
30 51 1
31 52 5
32 53 4
33 54 7
34 55 2
35 56 1
36 57 6
36 58 5
36 59 5
37 60 7
38 61 4
39 62 3
40 63 7
41 63 4
42 64 6
43 65 1
44 65 7
45 65 2
46 66 1
47 66 5
48 67 6
49 67 3
50 68 4
51 68 6
52 69 4
53 69 2
54 70 1
55 71 6
56 71 7
57 72 5
58 72 2
59 73 4
60 73 1
61 74 5
62 74 4
63 75 5
63 76 6
64 77 7
65 78 6
66 79 2
67 80 2
68 81 2
68 82 5
69 83 5
69 84 3
70 85 4
71 86 5
72 87 5
73 88 3
73 89 5
73 90 2
73 91 1
74 92 6
74 93 7
75 94 1
76 95 1
77 96 1
78 97 3
79 98 2
80 99 5
81 100 7
82 101 7
82 102 5
83 103 7
84 104 2
85 105 3
86 106 6
87 107 5
88 108 4
88 109 3
89 110 6
89 111 7
90 112 2
91 113 4
92 114 6
92 115 3
93 116 3
94 117 3
95 118 6
96 118 6
97 119 6
98 120 3
99 120 5
100 120 4
101 121 1
102 122 3
103 123 2
104 124 6
105 125 1
106 126 5
107 126 5
108 126 3
109 127 5
110 127 1
111 128 2
112 129 2
113 129 4
114 130 2
115 131 7
116 132 2
117 133 7
118 134 5
119 135 6
120 136 5
121 137 1
121 138 4
122 139 7
123 140 4
124 141 2
125 142 2
126 143 7
127 144 7
128 145 2
129 146 3
130 147 2
131 148 7
132 149 2
133 150 7
134 151 2
135 152 5
136 153 6
137 154 4
138 154 4
139 155 4
140 156 7
141 157 5
142 158 7
143 159 1
144 160 1
145 161 3
146 162 1
147 163 2
148 164 5
149 165 5
150 166 3
151 167 3
152 168 3
153 169 2
154 170 2
155 171 3
156 172 5
157 173 1
158 174 3
159 175 1
160 176 1
161 176 3
162 177 6
163 178 5
164 179 1
165 180 3
166 181 6
167 182 7
168 183 7
169 184 1
170 185 2
171 186 5
172 187 3
173 188 6
174 189 1
175 190 6
176 191 5
177 192 5
178 193 6
179 194 7
180 195 1
181 196 3
182 197 4
183 197 6
184 198 3
185 199 1
186 200 7
187 201 5
188 202 4
189 203 5
190 204 5
191 205 5
192 206 5
193 207 3
194 208 1
195 209 7
196 210 3
197 211 4
198 212 6
199 213 1
200 214 4
201 215 2
202 216 4
203 217 5
204 218 6
205 219 6
206 220 3
207 221 5
208 222 6
209 222 7
210 223 1
210 224 5
211 225 6
212 226 1
213 227 6
213 228 1
213 229 1
214 230 1
214 231 4
215 232 6
216 233 5
217 234 6
217 235 2
218 236 6
219 237 5
220 238 5
220 239 2
220 240 7
221 241 6
221 242 2
222 243 3
223 244 3
224 244 7
225 245 1
226 245 6
227 246 2
228 247 6
229 247 2
230 248 4
231 249 4
232 249 4
233 250 2
234 250 4
235 251 1
236 252 6
237 253 2
238 253 1
239 253 3
240 254 3
241 254 4
242 255 4
243 255 4
244 256 4
245 257 3
245 258 6
246 259 6
246 260 2
247 261 4
247 262 1
248 263 2
249 264 6
249 265 2
250 266 2
250 267 7
250 268 4
251 269 4
252 270 5
253 271 3
254 272 5
254 273 6
255 274 5
256 275 7
257 276 5
258 277 3
259 278 1
260 279 6
261 280 1
262 281 2
263 282 2
264 283 5
265 284 4
266 285 5
267 286 4
268 287 5
269 288 7
270 289 4
271 290 6
272 291 7
273 292 6
274 293 5
275 294 1
276 295 7
277 296 6
278 296 3
279 297 3
280 298 3
281 299 7
282 300 4
283 301 5
284 302 7
285 303 5
286 304 1
287 305 1
288 306 5
289 307 5
290 308 7
291 309 7
292 310 5
293 311 4
294 312 3
294 313 1
294 314 5
295 315 6
296 316 7
297 317 4
298 318 6
298 319 3
299 320 2
299 321 4
299 322 5
300 323 6
300 324 5
301 325 7
301 326 4
301 327 7
301 328 4
302 329 5
303 330 4
303 331 2
303 332 4
304 333 5
304 334 4
304 335 3
305 336 3
305 337 6
305 338 2
306 339 3
307 340 4
307 341 6
307 342 3
308 343 7
309 344 3
309 345 1
310 346 3
311 347 4
311 348 5
311 349 2
312 350 3
313 351 1
314 351 5
315 352 7
316 353 4
317 353 6
318 353 6
319 354 1
320 354 3
321 354 5
322 354 7
323 355 6
324 355 2
325 355 4
326 355 5
327 356 3
328 356 2
329 357 3
330 357 5
331 357 2
332 358 4
333 358 1
334 359 1
335 359 6
336 359 3
337 359 2
338 360 7
339 361 5
340 361 2
341 361 6
342 361 6
343 361 4
344 362 6
345 362 4
346 362 5
347 363 7
348 363 3
349 363 5
350 364 7
350 365 1
351 366 7
352 367 5
353 368 5
354 369 5
354 370 7
355 371 5
355 372 6
355 373 7
356 374 7
357 375 3
357 376 7
358 377 4
358 378 5
359 379 1
360 380 6
361 381 4
361 382 3
362 383 1
363 384 3
364 385 3
365 386 7
366 387 6
367 388 4
368 389 4
369 390 7
370 391 6
371 392 6
372 393 6
373 394 5
374 395 2
375 396 7
376 397 5
377 398 7
378 399 4
379 400 5
380 401 7
381 402 5
382 403 2
383 404 3
384 405 1
385 406 7
386 407 2
387 407 1
388 407 5
389 408 6
390 409 1
391 410 1
392 411 6
393 412 1
394 413 7
395 414 3
396 415 5
397 416 1
398 417 2
399 418 7
400 419 2
401 419 7
402 420 4
403 421 6
404 422 6
405 423 4
406 424 7
407 425 3
408 426 7
409 427 3
409 428 7
409 429 2
409 430 2
410 431 6
411 432 5
412 433 2
413 434 2
414 435 5
415 436 1
416 437 1
416 438 3
417 439 1
418 440 7
419 441 1
419 442 4
419 443 6
420 444 5
420 445 4
421 446 7
422 447 2
423 448 1
424 449 1
425 450 6
426 451 4
427 451 6
428 451 2
429 451 5
430 452 7
431 452 5
432 453 1
433 454 3
434 454 3
435 454 3
436 455 2
437 456 5
438 457 7
439 458 5
440 458 4
441 458 3
442 459 7
443 460 7
444 461 1
445 462 2
446 462 6
447 462 1
448 463 4
449 464 6
450 465 6
451 466 3
452 467 4
453 468 6
454 469 2
455 470 7
455 471 2
456 472 7
457 473 5
458 474 1
459 475 6
459 476 7
460 477 6
460 478 4
461 479 2
462 480 1
462 481 5
463 482 3
464 483 7
465 484 3
466 485 2
467 486 7
468 487 4
469 488 4
470 489 2
470 490 7
471 491 4
472 492 5
472 493 4
473 494 6
474 495 4
475 496 7
476 497 7
477 498 2
478 499 2
479 500 1
480 501 2
481 502 1
481 503 5
482 504 4
483 505 1
484 506 7
485 507 6
486 508 1
487 508 2
488 509 2
489 510 7
490 511 7
491 512 7
492 513 5
493 513 4
494 514 6
495 515 4
496 516 4
497 516 1
498 517 7
499 518 3
500 519 5
501 520 4
502 520 4
503 521 3
504 522 6
505 523 7
506 523 4
507 524 6
508 524 5
509 525 7
510 526 2
511 526 5
512 527 7
513 528 2
514 529 4
515 529 5
516 530 6
517 531 7
518 531 6
519 532 3
520 533 6
521 534 4
522 535 4
523 536 5
524 537 5
525 538 4
525 539 4
525 540 1
526 541 2
527 542 6
527 543 3
527 544 7
527 545 7
528 546 6
529 547 4
530 548 2
530 549 4
531 550 1
532 551 6
532 552 5
533 553 7
533 554 5
534 555 4
534 556 5
535 557 5
535 558 1
535 559 2
536 560 7
537 561 2
538 561 2
539 562 7
540 563 6
541 564 7
542 564 4
543 565 4
544 565 1
545 566 3
546 566 3
547 567 5
548 567 7
549 567 1
550 568 1
551 569 2
552 569 3
553 570 7
554 571 1
555 571 2
556 572 2
557 573 3
558 574 1
559 575 4
560 576 6
561 577 7
562 578 5
563 579 5
564 580 5
565 581 5
565 582 6
566 583 1
567 584 6
568 585 4
569 586 1
570 587 7
570 588 6
571 589 7
572 590 3
573 591 6
574 592 5
574 593 5
575 594 1
576 595 5
577 596 7
578 597 3
579 598 3
580 599 7
581 599 5
582 600 2
583 601 1
584 602 3
585 603 3
586 604 1
587 605 3
588 606 3
589 606 3
590 607 6
591 608 6
592 609 5
593 610 2
594 611 1
595 612 3
596 613 2
597 614 6
598 615 1
599 616 5
600 616 6
601 617 5
602 618 5
603 619 7
604 620 7
605 621 6
606 622 4
607 623 6
608 624 2
609 625 3
610 626 7
611 627 7
612 628 3
613 629 5
614 630 5
615 631 3
616 632 2
617 633 4
618 634 4
618 635 7
619 636 1
620 637 6
621 638 2
622 639 1
623 640 6
624 641 6
625 642 5
626 643 1
627 644 5
628 645 7
629 646 6
630 647 7
631 648 7
632 649 4
633 650 7
633 651 7
634 652 7
635 653 3
636 654 1
637 655 1
638 656 1
639 657 3
640 658 1
641 659 3
642 660 7
643 661 7
643 662 4
644 663 4
645 664 1
646 665 2
647 666 6
648 667 7
649 668 2
650 669 4
651 670 2
652 671 3
653 672 2
654 673 4
654 674 1
655 675 6
656 676 2
657 677 6
658 678 1
659 679 5
660 680 3
661 681 5
661 682 4
662 683 6
663 684 7
664 685 6
665 686 6
666 686 1
667 687 3
668 687 2
669 688 5
670 689 6
671 689 3
672 690 4
673 691 5
674 692 2
675 692 6
676 693 3
677 694 3
678 694 6
679 695 1
680 696 3
681 697 6
682 697 7
683 698 5
684 699 4
685 700 1
686 700 6
687 700 4
688 700 1
689 700 5
690 700 7
691 700 4
692 700 2
693 700 5
694 700 1
695 700 1
696 700 5
697 700 7
698 700 5
699 700 4
