1 2 1
1 3 1
1 4 1
2 5 1
3 6 1
3 7 1
3 8 1
4 9 1
4 10 1
5 11 1
6 12 1
7 13 1
8 14 1
9 15 1
10 16 1
11 17 1
11 18 1
12 19 1
13 20 1
13 21 1
14 22 1
15 23 1
16 24 1
17 25 1
18 26 1
19 26 1
20 27 1
21 27 1
22 28 1
23 28 1
24 29 1
25 30 1
25 31 1
26 32 1
27 33 1
28 34 1
28 35 1
29 36 1
29 37 1
30 38 1
31 39 1
32 40 1
33 41 1
33 42 1
34 43 1
35 44 1
36 45 1
37 46 1
38 47 1
39 48 1
40 49 1
40 50 1
41 51 1
42 52 1
43 53 1
43 54 1
44 55 1
44 56 1
45 57 1
46 58 1
47 59 1
48 59 1
49 60 1
50 61 1
51 61 1
52 61 1
53 61 1
54 62 1
55 63 1
56 64 1
57 65 1
58 65 1
59 66 1
59 67 1
60 68 1
61 69 1
62 70 1
63 71 1
64 72 1
64 73 1
65 74 1
66 75 1
67 76 1
68 77 1
69 78 1
70 78 1
71 79 1
72 79 1
73 80 1
74 81 1
75 82 1
76 82 1
77 83 1
78 84 1
79 85 1
80 86 1
81 87 1
82 88 1
83 89 1
84 90 1
85 91 1
86 92 1
87 93 1
88 94 1
89 95 1
90 96 1
91 97 1
92 98 1
93 99 1
94 100 1
95 100 1
96 100 1
97 100 1
98 100 1
99 100 1
