3 5 4 4 5 4 4 5 4 4 3 5 5 4 3 4
12 17 13 17 12 14 19 14 16 15 19 12 19 17 19 18
3 5 4 4 4 4 4 5 4 3 5 4 4 4 3 5
4 4 4 4 7 7 5 4 7 7 7 4 7 5 6 4
4 4 4 6 5 6 6 4 7 7 6 4 7 5 7 5
2 1 2 1 2 2 2 1 2 2 1 1 2 2 1 1
17 17 16 11 16 15 17 11 14 17 13 12 11 11 15 17
6 5 5 6 5 5 8 5 7 6 8 7 8 5 5 8
7 5 7 7 7 8 7 8 5 7 7 6 5 8 5 5
16 18 19 13 17 16 19 15 14 15 14 18 15 19 12 16
16 14 19 21 19 21 16 19 19 15 22 21 16 21 15 22
6 9 7 6 7 6 8 8 8 9 7 8 7 8 9 8
14 11 10 13 11 10 14 10 11 10 12 9 10 9 12 13
19 13 17 14 19 19 14 17 17 16 15 17 12 18 18 13
8 6 7 5 7 7 8 7 7 7 6 7 8 7 8 7
14 16 17 16 10 13 10 14 15 10 12 12 11 14 16 10
7 6 7 7 8 6 7 5 8 5 7 6 8 5 8 6
4 6 5 5 7 6 5 5 6 7 7 4 6 6 4 5
8 9 10 11 10 10 10 12 9 11 9 10 13 11 9 11
9 8 6 9 7 7 6 8 8 9 9 9 9 6 6 8
20 22 21 15 20 16 18 20 13 21 19 22 14 19 13 13
15 11 14 10 12 14 13 9 14 15 9 12 15 12 14 10
2 2 1 2 1 1 1 2 1 1 1 1 1 1 2 1
7 7 8 8 5 6 8 5 5 6 5 6 7 5 7 7
4 4 3 3 3 3 4 4 4 4 4 3 4 3 4 3
5 5 7 6 5 6 6 8 8 6 8 5 7 7 6 6
11 10 13 10 12 10 12 10 11 13 10 14 14 10 11 11
11 14 17 10 12 12 10 10 17 14 14 13 11 15 17 16
2 2 2 2 2 1 2 1 1 1 1 2 2 1 1 1
9 12 10 15 12 11 12 11 10 11 10 14 12 10 15 14
8 8 13 11 12 9 9 9 10 13 13 12 12 13 8 13
3 2 3 2 3 2 3 2 3 3 3 3 3 3 2 3
7 6 5 6 6 5 6 8 8 6 7 6 7 6 5 7
4 3 4 3 3 4 4 4 4 3 3 3 3 3 3 3
13 11 14 11 10 9 9 13 13 12 12 12 14 14 9 13
1 1 2 2 1 1 1 2 1 2 1 2 2 1 1 1
5 3 4 3 4 5 5 3 3 3 3 4 5 4 4 5
18 20 16 19 17 17 15 15 18 20 17 14 17 20 17 14
11 12 14 13 13 9 13 11 14 13 14 14 13 11 14 10
11 13 13 12 16 13 17 16 13 10 15 11 11 16 17 12
16 13 15 12 18 14 15 20 19 18 16 18 14 14 13 16
5 3 4 4 5 3 4 4 4 3 5 4 3 5 4 5
6 6 9 6 7 7 7 8 6 7 9 8 8 6 7 9
15 17 18 13 13 12 14 12 18 17 13 14 13 19 17 14
8 11 9 10 9 10 10 9 10 10 8 8 8 7 8 11
9 6 7 9 8 9 6 9 7 8 6 6 6 6 9 9
2 3 3 3 2 2 2 3 2 2 2 3 2 2 2 3
12 13 18 17 11 16 17 16 16 18 18 15 16 17 14 11
2 2 2 2 2 2 3 2 2 3 2 3 3 2 3 3
10 7 10 9 8 8 9 10 8 7 9 9 8 8 10 11
8 11 9 13 8 10 8 13 10 10 8 13 9 13 9 10
11 13 13 10 12 9 12 13 8 8 9 9 8 11 9 8
13 17 12 20 18 12 19 13 19 16 13 15 14 13 14 14
12 12 12 17 13 11 12 17 17 13 17 10 16 14 16 10
9 14 13 12 9 10 12 9 10 14 14 10 10 13 12 12
16 12 14 14 13 19 20 18 20 14 14 14 12 18 12 17
14 19 17 18 14 16 18 16 19 15 17 20 19 20 17 20
1 1 2 2 2 1 2 2 1 1 1 2 1 2 1 2
1 2 1 2 2 2 2 2 1 1 2 1 1 2 2 1
6 5 5 6 7 6 6 7 7 5 7 7 5 7 5 7
4 5 5 3 5 4 3 5 3 4 3 3 4 4 4 3
14 19 19 15 13 15 16 13 13 14 16 18 16 13 17 12
4 5 3 4 5 4 5 3 4 3 4 3 5 5 3 3
5 6 8 7 6 8 7 6 8 6 6 7 8 8 6 6
18 20 14 20 12 16 17 16 16 14 19 14 13 15 19 17
3 2 2 3 2 2 3 2 3 2 2 3 2 2 2 3
8 8 8 8 7 6 6 8 5 6 5 5 5 6 5 5
6 8 8 7 8 8 8 5 8 8 8 8 7 5 6 8
7 4 4 5 6 4 4 7 5 7 6 6 6 7 5 4
4 4 3 4 3 4 4 4 3 3 3 3 4 4 3 4
12 8 10 11 10 7 12 9 12 8 11 12 9 7 7 9
5 6 7 5 7 4 4 7 6 4 7 5 6 7 5 7
9 8 9 13 13 8 11 12 10 13 12 13 9 8 8 9
4 6 4 7 7 4 6 6 5 6 7 5 4 4 7 7
17 19 15 14 16 20 15 13 14 12 14 17 20 14 16 16
6 7 7 6 7 5 7 7 6 7 5 7 4 6 7 5
20 17 22 23 22 19 22 21 14 22 16 20 18 19 21 23
10 13 16 16 14 15 17 13 14 10 12 12 14 13 12 11
4 4 4 3 3 3 4 4 3 3 4 3 3 4 4 4
13 9 9 12 12 11 13 13 11 8 12 11 9 10 9 9
15 13 19 19 18 17 18 19 16 15 16 19 20 15 19 15
16 13 12 16 16 15 16 16 12 11 11 13 10 14 13 11
8 8 8 8 7 9 6 6 6 7 6 9 6 7 9 9
13 13 20 15 12 13 13 13 19 15 17 15 13 20 12 19
10 11 10 13 14 12 13 11 11 12 14 13 12 12 9 13
8 7 6 5 6 8 8 6 6 8 8 8 8 7 8 5
8 6 7 6 6 8 6 7 7 7 6 7 5 5 7 6
11 11 8 11 12 10 9 10 12 13 13 12 11 13 9 13
9 9 7 7 7 7 7 6 8 7 6 7 7 6 9 8
9 14 14 11 14 9 12 12 10 10 11 12 12 9 11 13
3 4 3 3 4 4 3 4 3 4 3 3 4 3 4 3
6 8 8 7 8 8 8 7 6 8 5 7 5 5 5 6
3 4 3 3 4 4 4 4 4 3 4 4 4 3 3 4
9 12 7 11 8 9 10 10 12 9 12 8 8 7 11 12
12 11 8 8 12 7 12 10 11 11 10 11 7 7 10 7
4 4 3 3 4 4 3 4 5 5 4 5 5 5 3 5
7 9 9 9 9 7 7 6 7 9 8 9 9 8 6 9
4 3 4 4 3 4 3 3 4 3 3 4 4 4 3 3
1 1 2 1 2 2 2 2 1 2 1 1 2 1 1 2
2 2 2 2 2 1 1 1 2 2 2 2 2 2 2 1
