1 2 1
1 3 1
1 4 1
1 5 1
2 6 1
2 7 1
3 8 1
3 9 1
3 10 1
3 11 1
4 12 1
4 13 1
4 14 1
5 15 1
5 16 1
6 17 1
7 18 1
8 18 1
9 19 1
10 19 1
11 20 1
12 20 1
13 21 1
14 21 1
15 22 1
16 22 1
17 23 1
18 23 1
19 24 1
20 25 1
21 26 1
22 27 1
23 28 1
23 29 1
24 30 1
24 31 1
24 32 1
25 33 1
26 34 1
26 35 1
26 36 1
27 37 1
27 38 1
27 39 1
28 40 1
29 41 1
30 42 1
31 42 1
32 42 1
33 42 1
34 42 1
35 43 1
36 43 1
37 44 1
38 45 1
39 45 1
40 46 1
40 47 1
41 48 1
41 49 1
41 50 1
41 51 1
42 52 1
42 53 1
42 54 1
43 55 1
43 56 1
43 57 1
44 58 1
44 59 1
45 60 1
45 61 1
45 62 1
46 63 1
47 63 1
48 63 1
49 63 1
50 63 1
51 63 1
52 63 1
53 64 1
54 64 1
55 64 1
56 64 1
57 65 1
58 65 1
59 65 1
60 66 1
61 66 1
62 66 1
63 67 1
63 68 1
64 69 1
65 70 1
65 71 1
66 72 1
66 73 1
66 74 1
67 75 1
68 76 1
68 77 1
69 78 1
70 79 1
71 80 1
72 81 1
73 82 1
74 83 1
75 84 1
76 85 1
77 86 1
78 87 1
79 88 1
80 89 1
81 90 1
82 91 1
83 92 1
84 93 1
85 93 1
86 94 1
87 95 1
88 95 1
89 96 1
90 97 1
91 98 1
92 99 1
93 100 1
94 100 1
95 100 1
96 100 1
97 100 1
98 100 1
99 100 1
