1 2 11
1 3 1
1 4 9
1 5 9
2 6 10
2 7 2
2 8 10
2 9 5
2 10 12
3 11 6
3 12 8
3 13 6
3 14 6
3 15 6
4 16 10
4 17 7
4 18 12
4 19 3
5 20 5
5 21 12
5 22 11
5 23 12
6 24 4
7 25 12
7 26 3
8 27 6
8 28 12
9 29 6
10 30 12
11 31 5
11 32 4
12 33 6
13 34 1
13 35 7
14 36 4
14 37 2
14 38 12
15 39 13
16 40 10
17 41 9
17 42 4
18 43 13
18 44 13
19 45 12
19 46 9
20 47 10
20 48 3
20 49 9
21 50 6
22 51 1
23 52 11
24 53 12
25 54 1
26 55 12
27 56 6
28 57 12
29 58 11
30 59 2
31 59 12
32 60 2
33 61 2
34 62 5
35 63 13
36 64 5
37 65 6
38 66 12
39 67 8
40 68 12
41 69 1
42 70 11
43 71 5
44 72 7
45 73 6
46 74 13
47 75 12
48 76 7
49 77 11
50 77 1
51 78 11
52 79 1
53 80 1
54 81 7
55 82 5
56 83 9
57 84 6
58 85 3
59 86 13
60 87 8
61 88 13
62 89 12
63 90 7
64 91 11
65 92 7
66 93 13
67 94 6
68 95 12
69 96 1
70 97 7
71 98 10
72 99 7
73 100 9
74 101 12
75 102 3
76 103 2
77 104 1
78 105 8
79 106 13
79 107 6
80 108 5
81 109 6
81 110 8
82 111 7
83 112 8
84 113 12
84 114 12
85 115 9
86 116 6
87 117 5
88 118 1
89 119 13
90 120 4
91 121 3
91 122 8
91 123 11
92 124 6
93 125 6
94 126 8
95 127 13
96 128 10
97 129 2
98 130 6
99 131 10
100 132 13
101 133 7
102 134 3
103 135 8
104 136 8
105 137 11
105 138 11
106 139 7
107 140 1
107 141 9
108 142 2
109 142 2
110 143 3
111 144 11
112 144 12
113 145 6
114 146 1
115 146 2
116 147 5
117 147 12
118 148 2
119 148 1
120 149 13
121 149 2
122 149 2
123 150 11
124 151 1
125 152 11
126 153 13
127 153 2
128 154 13
129 155 11
130 156 12
131 157 6
132 157 12
133 158 13
134 158 9
135 159 8
136 159 4
137 160 8
138 160 3
139 160 2
140 161 2
141 162 4
142 163 11
143 164 11
144 165 4
145 166 13
146 167 12
147 168 12
148 169 10
149 170 4
150 171 7
151 172 12
152 173 7
153 174 1
154 175 8
154 176 2
155 177 5
156 178 7
156 179 5
157 180 12
158 181 5
159 182 11
160 183 6
161 184 1
162 185 4
162 186 5
163 187 4
164 188 3
165 189 11
166 190 4
167 191 10
168 192 11
169 193 8
169 194 13
169 195 11
170 196 3
171 197 10
172 198 13
172 199 9
173 200 6
173 201 2
174 202 7
175 203 7
176 204 13
176 205 1
177 206 5
178 207 2
179 208 1
180 209 12
181 210 7
182 211 7
183 212 4
184 213 4
185 214 7
186 215 3
187 216 5
188 216 12
189 217 5
190 217 10
191 218 2
192 218 3
193 219 3
194 219 4
195 220 6
196 220 5
197 221 8
198 222 3
199 223 8
200 224 9
201 225 9
202 225 1
203 226 11
204 226 7
205 227 1
206 228 9
207 229 1
208 229 5
209 230 4
210 231 7
211 232 13
212 233 9
213 234 3
214 235 6
215 236 10
216 237 1
217 238 1
217 239 11
218 240 9
219 241 8
220 242 2
220 243 4
221 244 1
222 245 3
223 246 4
224 247 10
225 248 3
226 249 2
227 250 10
228 251 3
229 252 5
230 253 7
230 254 11
230 255 13
230 256 2
231 257 9
232 258 6
233 259 5
233 260 1
233 261 8
234 262 6
234 263 13
234 264 1
234 265 5
235 266 3
236 267 1
237 268 2
238 268 4
239 269 5
240 270 13
241 271 8
242 271 2
243 272 9
244 273 13
245 273 1
246 274 1
247 275 5
248 276 8
249 277 9
250 278 12
251 279 10
252 280 6
253 281 7
254 282 8
255 283 8
256 284 12
257 285 6
258 286 11
259 286 3
260 287 13
261 288 2
262 289 13
263 290 3
264 291 6
265 292 4
266 293 12
267 293 5
268 294 5
269 295 5
270 296 2
271 297 1
272 298 10
273 298 2
274 299 2
275 300 11
276 301 4
277 302 12
278 303 6
279 303 4
280 304 5
281 305 5
282 306 4
283 307 6
284 308 9
285 309 3
286 310 11
287 311 2
288 311 6
289 312 6
290 313 2
291 314 2
292 315 7
293 316 8
294 317 2
294 318 1
294 319 4
294 320 13
294 321 9
295 322 4
295 323 9
295 324 8
295 325 13
295 326 2
296 327 1
296 328 7
296 329 11
296 330 8
297 331 6
297 332 2
297 333 1
298 334 2
298 335 7
298 336 6
298 337 7
299 338 12
299 339 11
299 340 9
299 341 13
299 342 7
300 343 8
300 344 5
300 345 9
300 346 2
300 347 10
301 348 5
301 349 13
301 350 9
301 351 13
302 352 6
302 353 2
302 354 7
302 355 8
302 356 5
303 357 2
303 358 11
303 359 1
303 360 7
304 361 5
304 362 2
304 363 2
304 364 5
304 365 6
305 366 4
305 367 12
305 368 13
305 369 5
305 370 11
306 371 11
306 372 5
306 373 5
306 374 6
306 375 4
307 376 9
307 377 2
307 378 11
308 379 3
308 380 6
308 381 11
308 382 9
309 383 4
309 384 13
309 385 4
310 386 8
310 387 10
310 388 1
310 389 9
310 390 8
311 391 2
311 392 10
311 393 10
312 394 11
312 395 2
312 396 6
312 397 7
313 398 1
313 399 10
313 400 1
313 401 9
314 402 6
314 403 5
314 404 9
314 405 9
315 406 4
315 407 11
315 408 10
315 409 3
315 410 10
316 411 13
316 412 5
316 413 9
316 414 12
316 415 7
317 416 13
318 416 5
319 417 5
320 417 1
321 417 6
322 417 7
323 418 12
324 418 6
325 418 12
326 419 4
327 419 13
328 419 7
329 419 4
330 419 8
331 419 10
332 419 1
333 419 2
334 420 8
335 420 5
336 420 3
337 420 8
338 420 12
339 421 8
340 421 10
341 421 3
342 421 7
343 421 11
344 421 4
345 421 11
346 422 2
347 422 2
348 423 5
349 423 1
350 423 13
351 424 10
352 424 3
353 424 8
354 424 7
355 424 9
356 425 12
357 425 6
358 426 9
359 426 12
360 426 3
361 427 10
362 427 6
363 427 8
364 428 7
365 428 4
366 428 7
367 429 9
368 429 10
369 429 11
370 429 11
371 430 1
372 430 10
373 430 7
374 431 3
375 431 7
376 431 12
377 432 9
378 432 10
379 432 7
380 432 9
381 433 8
382 433 8
383 434 9
384 434 10
385 434 2
386 434 6
387 434 1
388 434 2
389 434 11
390 435 10
391 435 9
392 435 1
393 435 12
394 436 9
395 436 11
396 437 3
397 437 12
398 437 9
399 437 4
400 438 4
401 438 4
402 438 13
403 439 6
404 439 5
405 439 13
406 439 1
407 440 8
408 440 3
409 441 4
410 441 2
411 441 11
412 441 10
413 442 6
414 442 3
415 442 11
416 443 6
417 444 2
418 445 6
419 446 12
420 447 2
421 448 8
422 449 7
422 450 9
423 451 8
424 452 12
425 453 8
425 454 7
426 455 13
427 456 13
428 457 7
429 458 6
429 459 2
430 460 12
431 461 5
432 462 6
433 463 4
434 464 7
435 465 5
436 466 10
437 467 7
438 468 7
439 469 7
440 470 6
441 471 3
442 472 2
443 473 10
444 474 2
445 475 7
446 476 7
447 477 6
448 478 8
449 479 11
450 480 11
451 481 1
452 482 12
453 483 2
454 484 13
455 485 7
456 486 9
457 487 13
458 488 11
459 489 2
460 490 13
461 491 8
461 492 6
462 493 3
462 494 8
463 495 8
464 496 3
465 497 8
466 498 9
466 499 5
467 500 6
468 501 8
468 502 2
469 503 5
470 504 10
471 505 4
472 506 3
473 507 5
474 508 2
475 509 1
476 510 4
477 511 3
478 512 5
479 512 5
480 513 11
481 514 9
482 515 3
483 516 1
484 517 6
485 517 7
486 518 13
487 519 7
488 520 10
489 520 4
490 521 10
491 521 2
492 521 1
493 522 1
494 523 11
495 524 4
496 525 6
497 526 2
498 527 2
499 528 8
500 529 1
501 530 10
502 531 9
503 532 2
504 533 10
505 534 10
506 534 11
507 535 2
508 536 12
509 537 6
510 538 11
511 539 4
512 540 13
513 541 13
514 542 6
515 543 6
515 544 7
516 545 10
517 546 5
518 547 4
519 548 4
520 549 4
520 550 3
521 551 11
522 552 1
523 553 2
524 554 10
525 555 8
526 556 1
527 557 12
528 558 1
528 559 8
529 560 12
529 561 11
530 562 5
530 563 13
531 564 5
532 565 3
533 566 3
534 567 9
535 568 1
536 569 3
537 569 6
538 569 4
539 570 11
540 571 10
541 572 11
542 573 4
543 574 2
544 575 1
545 576 7
546 576 10
547 577 8
548 578 5
549 579 6
550 580 12
551 581 8
552 582 13
553 583 8
554 583 4
555 584 10
556 585 9
557 586 11
558 587 9
559 588 2
560 588 1
561 589 1
562 589 6
563 589 13
564 590 12
565 591 1
566 591 2
567 592 8
568 593 12
569 594 2
570 595 4
571 596 3
571 597 12
572 598 13
573 599 5
574 600 8
575 601 10
575 602 4
576 603 1
576 604 1
576 605 9
577 606 12
578 607 1
579 608 13
580 609 6
581 610 2
582 611 2
583 612 10
584 613 10
585 614 13
585 615 8
586 616 4
587 617 8
588 618 3
588 619 12
589 620 8
589 621 1
590 622 12
591 623 13
592 624 1
593 625 5
594 626 9
595 627 10
596 628 4
597 629 11
598 630 9
599 631 4
600 632 1
601 633 1
602 634 7
603 635 3
604 636 4
605 637 10
606 638 4
607 639 5
608 640 1
609 641 4
610 642 1
611 643 10
612 644 10
613 645 1
614 646 7
615 647 3
616 648 6
617 649 8
618 650 8
619 650 10
620 651 6
621 652 8
622 653 8
623 654 8
624 655 5
625 656 11
626 657 9
627 658 9
628 659 3
629 660 4
630 660 2
631 661 4
632 662 9
633 663 6
634 664 3
635 665 12
636 666 4
637 667 11
638 668 10
639 669 9
640 670 4
641 671 7
642 672 1
643 673 4
644 674 12
645 675 11
646 676 1
647 677 3
648 678 13
649 679 9
650 680 9
651 680 7
652 681 1
653 682 7
654 683 9
655 684 9
656 685 3
657 686 5
658 687 2
659 688 1
660 689 11
661 690 7
662 691 6
663 692 3
664 693 7
665 694 4
666 695 1
667 696 11
668 697 6
669 698 11
670 699 3
671 700 12
672 701 9
673 702 2
674 703 9
675 704 12
676 705 8
677 706 1
678 707 12
679 708 12
680 709 6
681 710 8
682 711 8
683 712 3
684 713 3
685 714 12
686 715 3
687 715 6
688 716 6
689 717 2
690 718 8
691 719 1
692 720 1
693 720 9
694 721 10
695 722 2
696 723 4
697 724 6
698 724 9
699 725 3
700 726 4
701 727 3
702 728 6
703 729 1
704 730 8
705 731 11
706 732 2
707 733 10
708 734 11
709 735 6
710 735 7
711 736 2
712 737 13
713 738 2
714 739 6
714 740 7
715 741 3
716 742 10
717 743 12
718 744 12
719 745 2
720 746 1
721 747 9
722 748 10
722 749 10
723 750 13
724 751 10
725 752 8
725 753 2
726 754 6
727 755 12
727 756 12
728 757 9
729 758 2
730 759 8
730 760 9
730 761 6
731 762 4
732 763 10
732 764 12
733 765 5
734 766 12
735 767 5
736 768 13
737 769 4
738 770 11
739 771 7
740 772 13
741 773 2
742 774 3
743 775 12
744 776 1
745 777 5
746 778 12
747 779 7
748 780 6
749 781 4
750 782 12
751 783 9
752 783 4
753 784 2
754 785 3
755 786 7
756 787 13
757 788 10
758 789 8
759 790 8
760 791 12
761 792 3
762 793 9
763 794 11
764 794 12
765 795 4
766 796 12
767 797 13
768 797 7
769 798 4
770 799 13
771 800 8
772 800 1
773 800 12
774 800 10
775 800 3
776 800 13
777 800 2
778 800 6
779 800 13
780 800 6
781 800 9
782 800 7
783 800 9
784 800 7
785 800 9
786 800 11
787 800 2
788 800 6
789 800 6
790 800 7
791 800 10
792 800 4
793 800 3
794 800 9
795 800 9
796 800 6
797 800 6
798 800 4
799 800 5
