11  11  10  11  11  10  11  10  10  10  11  11
13  14  13  14  14  13  13  14  14  14  13  13
8  9  8  9  8  8  9  9  8  9  9  8
3  3  3  3  4  3  4  4  4  3  3  3
1  2  1  2  1  2  1  2  2  1  2  2
9  9  8  8  9  8  9  8  9  8  9  8
11  11  10  11  10  10  10  11  11  11  10  10
1  2  2  1  2  2  2  1  1  1  2  2
13  12  12  12  12  12  12  13  12  12  13  13
12  12  11  12  12  11  12  12  11  11  11  11
9  8  9  9  8  8  8  8  8  8  9  8
2  2  2  2  3  3  2  2  3  3  3  3
0  0  0  0  0  0  0  0  0  0  0  0
12  12  11  11  11  12  12  11  11  11  11  11
0  0  0  0  0  0  0  0  0  0  0  0
15  14  15  14  15  15  14  15  15  14  15  14
7  7  7  7  7  6  7  7  6  6  6  6
13  13  12  13  13  12  12  13  13  13  12  12
7  8  8  8  7  7  8  8  7  8  8  8
14  13  13  13  14  13  13  14  14  13  13  13
12  12  11  11  12  12  11  11  11  11  12  12
12  13  12  12  13  13  12  12  13  12  12  12
8  8  9  8  9  9  9  9  8  8  9  8
3  3  2  3  3  3  3  3  3  2  3  2
14  15  14  14  14  14  14  15  14  15  15  14
8  7  8  8  7  7  7  8  7  8  8  8
13  13  14  14  14  13  14  14  13  14  13  14
12  12  12  12  12  11  12  12  11  12  12  12
6  7  6  7  7  6  6  6  6  7  6  6
10  10  10  10  11  10  11  11  10  11  11  11
6  6  5  6  6  6  5  5  5  6  6  6
10  10  10  11  10  10  11  11  10  10  10  10
3  2  2  2  2  2  2  2  2  2  2  2
9  9  8  8  8  8  8  8  8  9  8  9
11  10  10  10  11  11  11  10  11  11  10  11
8  7  8  8  7  8  8  7  8  8  8  8
2  3  2  3  2  2  2  2  3  3  3  3
13  13  13  12  12  13  13  13  13  13  13  12
9  8  8  9  8  9  9  8  8  9  9  9
5  6  5  6  5  5  5  5  6  5  6  5
12  13  12  12  12  13  13  13  12  13  12  13
13  14  14  13  13  13  13  14  13  14  14  14
12  11  12  11  12  12  11  12  12  11  12  11
4  5  4  4  5  4  5  5  5  4  4  5
12  13  13  12  12  13  12  13  12  13  12  12
3  4  3  3  4  3  3  4  3  4  3  4
0  0  0  0  0  0  0  0  0  0  0  0
10  11  10  11  10  10  11  10  10  11  11  10
5  5  5  4  4  4  5  5  5  4  4  5
11  10  11  10  10  10  10  10  11  10  10  11
