1 2 58
1 3 75
1 4 27
2 5 20
2 6 16
2 7 80
2 8 16
3 9 77
3 10 5
3 11 75
3 12 20
4 13 79
4 14 21
4 15 50
4 16 99
5 17 5
6 18 2
7 19 94
8 20 47
9 21 22
10 22 71
11 23 49
12 24 19
13 25 92
14 26 74
15 27 58
16 28 92
17 29 81
18 30 26
19 31 94
20 32 15
21 33 81
22 34 65
23 35 23
24 36 12
25 37 51
26 37 25
27 38 22
28 39 45
29 40 18
30 41 70
31 42 69
32 43 26
33 44 12
34 45 67
35 46 95
35 47 51
36 48 2
37 49 58
37 50 75
38 51 38
39 52 62
40 53 35
41 54 24
42 55 58
43 56 97
44 57 77
45 58 43
46 59 72
47 60 25
48 61 59
49 62 25
50 63 51
51 64 4
52 65 39
53 66 63
54 67 49
55 68 53
56 69 76
57 70 28
58 71 75
59 72 3
60 72 24
61 73 86
62 73 84
63 74 14
64 75 71
65 76 62
66 77 74
67 78 17
68 79 75
69 80 17
70 81 92
71 82 20
72 83 4
73 84 59
74 85 44
75 86 54
76 87 49
77 88 60
78 89 31
79 90 37
80 91 1
81 92 77
82 93 3
82 94 25
83 95 55
84 96 66
84 97 6
85 98 54
86 99 7
87 100 4
88 101 13
89 102 20
90 103 22
91 104 23
92 105 82
93 106 69
94 107 57
95 108 98
96 109 20
97 110 23
98 111 46
99 112 90
100 113 44
101 114 7
102 115 13
103 116 88
104 117 97
105 118 91
106 119 94
107 120 64
108 121 79
109 122 40
110 123 43
111 124 54
112 125 82
113 126 80
114 127 30
115 128 27
116 129 7
117 130 5
118 131 85
119 132 97
120 133 25
121 134 94
122 135 62
123 136 77
124 137 61
125 138 11
126 139 51
127 140 92
128 141 88
129 142 27
130 143 64
131 144 3
132 145 6
133 146 46
134 146 34
135 147 91
136 147 12
137 148 55
138 149 42
139 150 49
140 151 90
141 152 24
142 153 1
142 154 65
143 155 75
144 156 39
145 157 58
146 158 56
147 159 45
148 160 81
149 161 56
150 162 6
151 163 78
152 164 76
153 165 89
154 166 69
154 167 15
155 168 5
156 169 91
157 170 11
158 171 79
159 172 30
160 173 80
161 174 43
162 175 94
163 176 19
164 177 13
165 178 78
166 179 90
167 180 75
168 181 7
169 182 2
170 183 33
171 184 40
172 185 68
173 186 90
174 187 68
175 188 79
176 189 45
177 190 78
178 191 10
179 192 51
180 193 70
181 194 17
182 194 61
183 195 16
184 195 51
185 196 17
186 197 30
187 198 26
188 199 15
189 200 40
190 200 75
191 200 76
192 200 75
193 200 44
194 200 84
195 200 54
196 200 26
197 200 80
198 200 54
199 200 98
