1 2 1
1 3 1
2 4 1
2 5 1
2 6 1
2 7 1
3 8 1
3 9 1
3 10 1
3 11 1
4 12 1
5 13 1
6 14 1
7 15 1
8 16 1
9 17 1
10 18 1
11 19 1
11 20 1
12 21 1
13 22 1
14 22 1
15 23 1
16 24 1
17 24 1
18 25 1
19 25 1
20 25 1
21 26 1
22 27 1
23 28 1
24 29 1
24 30 1
25 31 1
25 32 1
26 33 1
27 33 1
28 34 1
29 34 1
30 35 1
31 35 1
32 36 1
33 37 1
34 38 1
34 39 1
35 40 1
36 41 1
37 42 1
38 43 1
39 44 1
40 45 1
41 46 1
42 47 1
42 48 1
43 49 1
44 50 1
44 51 1
45 52 1
45 53 1
45 54 1
46 55 1
47 56 1
48 56 1
49 57 1
50 57 1
51 57 1
52 58 1
53 58 1
54 59 1
55 59 1
56 60 1
57 61 1
57 62 1
58 63 1
58 64 1
59 65 1
59 66 1
60 67 1
61 68 1
62 69 1
63 69 1
64 70 1
65 71 1
66 72 1
67 73 1
68 74 1
69 74 1
70 75 1
71 76 1
72 76 1
73 77 1
74 78 1
75 79 1
76 80 1
76 81 1
77 82 1
78 83 1
78 84 1
79 85 1
79 86 1
80 87 1
80 88 1
80 89 1
81 90 1
82 91 1
83 91 1
84 92 1
85 93 1
86 93 1
87 94 1
88 95 1
89 96 1
90 96 1
91 97 1
92 97 1
93 97 1
94 98 1
95 99 1
96 99 1
97 100 1
98 100 1
99 100 1
