1 2 24
1 3 2
1 4 21
1 5 30
1 6 31
2 7 13
2 8 9
2 9 26
2 10 38
3 11 32
3 12 9
3 13 13
3 14 12
3 15 5
4 16 10
4 17 8
4 18 1
4 19 25
4 20 9
5 21 6
5 22 7
5 23 8
5 24 8
5 25 22
6 26 31
6 27 4
6 28 19
6 29 35
6 30 12
7 31 1
8 32 38
9 33 15
9 34 10
9 35 25
10 36 8
11 37 37
12 38 32
13 39 33
14 40 10
14 41 6
15 42 25
16 43 35
17 44 22
18 45 16
18 46 39
19 47 23
20 48 24
21 49 7
22 50 25
22 51 8
23 52 5
24 53 22
25 54 13
25 55 13
26 56 21
26 57 20
27 58 23
27 59 24
27 60 23
27 61 25
28 62 36
28 63 15
29 64 3
29 65 6
30 66 5
31 67 15
32 68 14
33 69 21
34 70 34
35 71 35
36 72 7
37 72 33
38 73 7
39 74 26
40 75 35
41 76 26
42 77 5
43 78 25
44 79 39
45 80 5
46 81 27
47 82 12
48 83 11
49 83 36
50 84 20
51 84 18
52 85 14
53 86 22
54 87 26
55 88 29
56 89 9
57 90 19
58 91 12
59 92 31
60 93 28
61 94 11
62 95 28
63 96 4
64 97 22
65 98 22
66 99 9
67 100 13
68 100 26
69 100 10
70 100 26
71 100 33
72 100 22
73 100 11
74 100 26
75 100 1
76 100 8
77 100 38
78 100 18
79 100 30
80 100 8
81 100 11
82 100 3
83 100 11
84 100 8
85 100 14
86 100 5
87 100 21
88 100 11
89 100 2
90 100 32
91 100 35
92 100 21
93 100 8
94 100 33
95 100 33
96 100 28
97 100 20
98 100 24
99 100 31
