1 2 27
1 3 29
1 4 16
2 5 9
2 6 3
2 7 20
2 8 14
2 9 7
3 10 16
3 11 14
3 12 9
3 13 26
3 14 1
4 15 25
4 16 3
4 17 22
4 18 13
4 19 8
5 20 3
6 21 25
7 22 21
8 23 25
9 24 28
10 25 7
11 26 20
12 27 11
13 28 9
14 29 12
15 30 3
16 31 25
17 32 10
18 33 23
19 34 7
20 35 17
21 36 4
21 37 3
21 38 10
21 39 4
22 40 4
23 41 16
23 42 2
23 43 8
24 44 18
24 45 19
24 46 25
25 47 27
26 48 17
27 49 7
27 50 24
27 51 4
27 52 20
28 53 21
29 54 17
29 55 20
30 56 14
31 57 4
31 58 6
32 59 25
33 60 1
33 61 28
34 62 16
34 63 15
35 64 27
36 64 2
37 64 28
38 65 15
39 65 11
40 66 24
41 67 12
42 67 13
43 68 10
44 69 9
45 69 1
46 70 6
47 71 20
48 72 19
49 72 4
50 73 26
51 74 27
52 75 9
53 76 12
54 76 23
55 77 17
56 78 10
57 78 23
58 79 5
59 80 11
60 80 2
61 81 6
62 82 20
63 83 10
64 84 7
65 85 21
66 86 20
67 87 5
68 87 25
69 88 22
70 89 8
71 89 20
72 89 22
73 90 23
74 91 16
75 92 13
76 93 21
77 94 15
78 95 17
79 96 17
80 96 29
81 97 1
82 98 15
83 99 25
84 100 29
85 100 10
86 100 9
87 100 10
88 100 15
89 100 1
90 100 2
91 100 5
92 100 13
93 100 27
94 100 12
95 100 2
96 100 28
97 100 28
98 100 13
99 100 19
