1 2 113
1 3 114
2 4 23
2 5 133
2 6 66
3 7 138
3 8 130
3 9 109
4 10 28
5 11 28
6 12 33
6 13 103
6 14 37
7 15 107
7 16 120
8 17 123
8 18 119
9 19 38
9 20 110
10 21 85
11 22 18
12 23 84
13 23 69
14 24 21
15 25 15
16 25 70
17 25 15
18 25 18
19 26 66
20 26 108
21 27 139
21 28 87
22 29 114
22 30 80
23 31 18
23 32 88
24 33 61
24 34 57
24 35 105
25 36 47
25 37 119
26 38 99
26 39 76
27 40 24
28 40 122
29 41 9
30 42 61
31 42 49
32 43 108
33 44 129
34 45 13
35 46 35
36 47 35
37 48 75
38 49 51
39 50 2
40 51 8
40 52 45
41 53 86
42 54 98
43 55 69
43 56 122
44 57 10
45 58 87
46 59 122
46 60 22
47 61 89
48 62 129
49 63 55
50 64 121
50 65 25
51 66 57
52 66 61
53 67 63
54 67 6
55 68 115
56 68 14
57 69 115
58 70 24
59 70 112
60 70 18
61 70 108
62 70 100
63 71 63
64 71 49
65 71 114
66 72 121
67 73 71
68 74 31
68 75 20
69 76 49
70 77 95
71 78 63
71 79 63
72 80 134
73 81 69
74 82 45
75 83 33
75 84 24
76 85 125
77 86 112
77 87 71
78 88 95
79 89 52
80 90 9
81 91 35
82 92 132
83 93 57
84 94 135
85 95 84
86 96 21
87 97 7
88 97 99
89 98 34
90 99 137
91 100 54
92 101 103
93 102 10
94 103 107
95 104 59
96 105 1
97 106 22
98 107 113
98 108 126
99 109 116
100 110 64
101 111 37
102 111 125
103 112 79
104 113 100
105 114 58
106 114 40
107 115 42
108 116 42
109 117 59
110 118 23
110 119 122
111 120 56
111 121 47
112 122 32
113 123 131
114 124 102
115 125 80
116 126 85
116 127 38
117 128 4
118 128 120
119 129 111
120 130 34
121 131 115
122 132 120
123 133 37
124 134 132
125 135 79
126 136 29
127 137 45
128 138 18
128 139 82
128 140 41
129 141 105
129 142 105
129 143 125
129 144 122
130 145 98
130 146 75
130 147 87
131 148 136
131 149 7
131 150 48
132 151 69
132 152 82
132 153 75
133 154 27
133 155 6
133 156 29
133 157 31
134 158 56
134 159 40
134 160 69
135 161 119
135 162 47
136 163 20
136 164 129
137 165 84
137 166 53
138 167 96
139 167 39
140 167 60
141 168 92
142 168 101
143 169 27
144 169 115
145 169 95
146 170 43
147 170 8
148 170 106
149 171 56
150 171 72
151 171 10
152 171 101
153 171 3
154 171 46
155 172 28
156 172 73
157 172 60
158 173 67
159 173 123
160 173 74
161 173 94
162 174 8
163 174 42
164 174 88
165 175 138
166 175 131
167 176 96
168 177 15
169 178 58
170 179 58
171 180 84
172 181 83
173 182 44
174 183 114
175 184 91
176 185 136
177 186 121
177 187 47
177 188 77
178 189 79
178 190 115
179 191 49
180 192 89
181 193 9
182 194 95
183 195 127
184 196 128
185 197 40
186 198 25
187 199 94
188 200 129
189 201 85
190 201 112
191 202 49
192 202 115
193 203 115
194 203 97
195 203 124
196 203 65
197 204 52
198 205 43
199 206 122
200 207 113
201 208 6
202 209 22
202 210 26
202 211 9
203 212 17
204 213 130
205 214 2
205 215 137
206 216 64
206 217 23
207 218 12
208 219 126
208 220 30
209 221 123
209 222 42
209 223 62
210 224 69
211 225 101
212 226 116
213 227 116
214 228 66
215 229 16
216 230 91
217 231 64
218 232 36
219 232 9
220 233 7
221 234 110
222 235 34
223 236 54
224 237 93
225 238 7
226 239 40
227 240 74
228 240 116
229 241 73
230 242 119
231 243 55
232 243 47
233 244 61
234 245 98
235 245 27
236 246 16
237 247 30
238 248 81
239 249 90
240 250 40
241 251 34
242 252 97
243 253 128
244 253 114
245 254 96
246 255 106
247 256 42
248 257 139
249 258 117
250 259 18
251 260 113
252 261 61
253 262 42
254 263 89
255 264 78
256 265 49
257 266 32
257 267 98
258 268 18
259 269 92
260 269 6
261 270 76
262 271 124
263 272 68
264 272 87
265 273 3
266 274 74
267 275 54
268 275 70
269 276 129
270 276 84
271 277 14
272 277 83
273 278 66
274 278 36
275 279 109
276 280 46
276 281 3
276 282 114
276 283 68
277 284 101
277 285 4
277 286 27
278 287 39
279 288 58
279 289 92
280 290 98
281 291 64
282 292 51
283 293 64
284 294 118
285 295 25
286 296 66
287 297 136
288 298 128
289 299 53
290 300 67
291 300 5
292 300 116
293 300 112
294 300 18
295 300 12
296 300 57
297 300 104
298 300 137
299 300 132
