2 2 0 1
2 0 0 2
8 3 0 2
6 4 4 4
0 0 1 1
1 3 0 1
1 0 0 10
8 10 2 3
0 1 7 7
14 2 5 16
1 6 3 5
4 6 8 5
1 4 7 1
10 10 4 0
2 6 5 3
2 9 4 5
11 6 12 3
9 1 5 2
0 4 9 3
1 2 4 3
3 0 9 1
3 3 0 1
0 3 4 2
1 10 5 9
0 6 1 0
7 14 1 2
6 10 0 6
4 1 2 3
0 0 0 5
12 7 12 8
0 7 3 4
1 7 14 0
2 8 14 14
5 5 1 0
7 19 2 3
2 4 7 1
0 17 16 10
6 5 5 7
3 5 10 9
4 4 3 4
15 14 6 8
0 4 3 0
13 11 5 6
4 9 6 9
2 2 0 2
11 14 7 13
5 20 9 11
2 0 1 0
14 2 5 6
15 4 6 4
2 0 5 5
13 1 14 14
8 3 4 3
6 6 7 4
2 5 1 5
7 3 5 0
12 12 0 7
15 6 15 17
5 5 5 2
3 7 5 14
3 3 3 0
0 2 1 2
4 5 5 5
16 10 9 16
2 15 10 10
2 6 2 0
0 5 7 10
16 2 14 10
3 16 0 12
0 0 1 2
0 3 7 7
2 1 2 2
8 10 6 4
1 0 2 2
5 7 2 9
2 1 4 2
1 4 3 0
5 0 18 11
1 0 1 2
1 13 9 17
4 14 5 1
7 6 2 0
9 3 4 8
6 3 2 2
1 3 0 1
7 5 3 7
1 2 2 0
0 9 2 8
9 8 11 10
3 5 6 4
5 4 2 8
2 3 2 3
0 0 2 0
3 11 0 10
1 0 2 2
2 20 20 13
3 3 3 5
1 9 12 13
0 14 7 7
1 1 2 2
2 1 1 2
7 1 7 5
0 0 3 0
13 11 6 15
0 1 1 0
1 4 20 17
2 3 8 5
7 2 7 0
1 0 1 3
3 11 3 2
18 8 10 8
0 0 3 3
8 6 13 9
6 7 8 10
1 15 7 6
6 9 14 0
0 0 2 2
11 5 1 3
4 9 4 3
2 3 14 14
6 2 14 13
11 11 9 8
0 6 6 2
4 2 4 4
12 8 3 4
12 8 20 12
2 2 0 7
0 0 4 7
19 6 8 1
6 1 6 5
1 1 0 0
9 1 7 20
1 2 1 0
5 3 4 8
6 4 0 10
0 2 1 2
11 5 2 1
9 17 12 11
0 0 2 1
12 7 3 0
1 2 0 2
14 3 13 7
10 0 11 6
2 1 2 9
7 5 8 9
0 3 14 4
3 7 8 3
3 3 1 10
1 5 18 3
0 4 6 2
19 10 11 20
5 1 2 8
5 4 1 3
6 4 4 18
4 4 0 3
1 2 11 9
5 10 4 13
9 10 9 2
11 11 9 12
1 1 0 3
2 5 3 0
4 3 5 5
2 5 6 3
1 5 10 0
2 6 0 4
1 0 1 0
0 0 0 1
0 0 3 1
2 4 20 6
9 3 5 3
3 11 9 9
2 11 8 13
15 15 15 11
8 0 6 3
0 1 0 4
14 10 2 3
2 6 0 9
10 7 13 16
2 1 9 11
13 9 3 11
4 0 4 3
0 1 0 0
17 10 10 17
13 5 12 4
3 2 0 2
4 3 1 3
4 10 9 6
1 2 5 7
2 1 2 2
4 6 4 4
7 0 1 6
3 0 3 4
0 8 9 0
3 8 8 9
7 1 1 7
18 18 11 7
17 2 17 5
1 0 1 2
2 0 2 1
2 0 8 2
0 1 19 10
1 2 6 11
10 8 6 12
8 16 10 10
0 1 2 2
6 0 4 1
3 1 1 3
5 5 8 4
3 5 0 5
3 0 6 0
4 9 10 9
10 3 9 16
1 0 4 2
6 4 5 1
14 8 18 1
4 9 4 7
4 7 3 10
0 0 0 1
5 0 1 2
6 6 1 5
1 0 2 4
5 3 2 2
4 0 3 1
0 1 0 0
3 8 8 3
10 4 16 14
9 1 2 4
2 7 6 18
3 6 3 3
8 12 10 12
4 2 11 9
2 5 4 4
9 4 1 4
14 14 14 1
5 5 7 2
12 4 0 10
4 1 7 14
2 0 1 2
7 15 10 16
0 9 2 7
0 0 17 6
5 7 12 3
2 7 8 1
17 14 14 12
5 6 3 2
0 7 6 4
14 12 0 13
10 1 13 12
6 16 8 10
7 16 12 17
6 5 2 5
12 15 8 10
0 2 1 0
6 3 5 10
3 8 7 7
7 4 7 5
2 3 1 1
0 3 2 4
2 1 17 10
1 2 0 2
7 9 10 5
0 6 0 5
6 1 3 17
7 7 13 9
11 2 8 2
1 1 2 0
15 4 5 8
5 8 1 3
1 3 10 1
12 9 11 14
16 15 10 14
2 2 2 1
9 9 2 6
6 8 2 0
2 2 0 0
1 2 1 1
9 10 0 2
3 1 8 5
3 13 1 16
0 2 0 0
5 2 1 4
13 3 6 1
1 0 1 1
6 2 1 5
6 11 18 1
2 1 4 1
2 0 2 1
0 12 11 5
7 7 0 5
2 1 1 2
5 10 3 9
8 9 1 9
14 7 1 8
5 3 3 1
1 2 2 1
9 2 0 1
2 1 1 0
6 10 7 4
3 2 0 10
20 4 7 11
5 2 6 5
3 4 3 5
12 9 4 14
3 10 12 9
14 14 20 19
1 5 8 5
6 0 0 2
14 12 6 14
13 6 8 4
8 0 14 17
10 16 0 6
15 0 5 2
6 8 1 4
4 4 9 9
15 6 1 8
7 10 4 1
3 4 1 1
8 2 8 1
12 18 6 9
8 9 8 5
3 15 12 4
6 8 12 13
6 1 6 0
6 12 14 2
2 2 1 10
7 8 7 8
3 3 0 3
1 4 0 9
7 5 8 14
7 4 0 10
9 5 7 0
1 8 3 5
4 17 13 14
4 5 7 1
10 11 8 4
8 1 3 5
1 1 0 0
0 4 0 3
8 4 9 7
3 7 11 2
2 3 7 7
6 7 14 2
4 2 1 2
1 11 0 16
6 12 2 6
14 15 2 10
8 10 8 9
14 14 18 15
0 4 10 17
11 2 3 9
8 9 14 9
9 10 9 6
3 8 5 9
8 9 9 3
2 1 4 4
17 7 12 2
4 13 1 7
0 7 3 8
8 10 0 1
0 1 2 1
1 11 3 4
4 7 3 8
5 7 2 5
8 7 7 2
5 12 6 15
1 8 1 7
3 5 2 6
2 0 12 10
14 6 7 4
1 2 2 1
0 18 8 2
4 4 3 0
10 2 7 10
0 1 1 0
9 18 10 0
2 4 3 2
7 2 8 3
3 5 2 4
8 9 4 8
0 7 10 3
12 1 8 8
1 2 0 2
1 1 0 0
11 9 10 1
0 2 0 4
4 1 1 2
12 6 14 1
0 0 6 6
3 0 2 1
9 18 7 15
4 0 1 4
5 11 7 3
11 5 6 7
0 15 7 2
4 3 3 2
2 1 0 6
11 6 8 12
7 11 17 6
5 14 4 10
4 14 0 3
6 5 11 12
2 1 1 3
4 4 2 2
0 7 7 3
15 11 0 5
5 3 3 1
7 5 4 6
8 3 4 6
8 12 2 2
6 8 8 18
4 1 17 15
10 11 15 16
3 13 9 11
6 11 5 10
1 6 4 9
9 9 13 1
1 2 0 2
0 9 3 16
3 6 17 7
2 2 4 4
6 17 20 5
4 20 20 15
8 4 4 4
5 5 2 2
5 1 3 1
0 2 0 0
2 1 1 2
3 5 3 11
5 10 5 9
13 5 13 14
2 2 2 1
19 4 6 13
7 8 14 11
1 3 4 4
0 3 1 0
1 2 1 1
0 2 1 2
4 12 2 4
0 5 18 12
3 7 15 12
4 0 6 5
2 1 1 2
0 0 4 2
0 0 1 0
2 2 0 0
0 1 0 2
8 8 3 1
0 1 3 3
14 5 2 11
0 0 1 4
2 2 2 1
8 5 13 5
9 5 7 13
5 7 0 16
4 5 3 12
6 7 4 3
3 16 9 4
1 16 15 15
1 1 2 3
6 0 18 1
5 10 14 7
1 0 12 9
6 11 7 1
6 2 4 0
2 2 3 3
9 9 11 4
0 1 0 1
2 1 1 1
11 15 6 5
5 8 4 0
15 2 18 4
4 6 13 4
2 1 3 0
12 10 10 9
6 2 3 1
5 4 4 5
14 6 16 9
10 10 11 5
11 10 11 6
16 5 7 15
3 7 7 6
5 5 3 9
5 5 2 7
0 1 0 3
0 2 4 4
11 16 14 0
0 6 6 2
10 5 0 10
8 0 6 5
7 7 1 8
11 6 11 2
2 4 0 3
0 7 15 11
0 0 1 4
6 4 1 10
2 6 8 17
0 2 2 1
1 4 0 1
10 0 3 12
14 11 10 17
6 5 4 6
8 1 6 3
5 2 5 4
3 12 8 13
10 6 1 11
3 5 8 10
1 6 3 3
4 8 2 10
0 1 2 0
2 3 0 7
15 1 16 1
1 6 0 0
9 1 9 2
6 2 1 4
2 5 0 5
11 4 5 5
8 7 7 6
5 7 6 3
0 0 0 1
3 2 3 2
3 5 6 1
4 5 6 10
2 5 0 3
2 0 0 2
0 1 0 2
17 8 13 16
1 3 2 1
2 0 4 7
4 2 5 6
4 4 6 8
17 14 5 11
5 0 1 3
2 0 0 0
16 8 20 13
2 17 16 12
6 14 3 12
2 1 2 1
0 9 10 0
18 19 17 19
3 1 7 0
7 20 10 18
0 15 12 9
3 5 0 0
0 5 5 7
7 5 6 6
3 7 0 5
19 9 0 6
8 5 8 8
5 4 5 8
13 4 10 0
1 6 0 4
2 7 3 0
11 13 10 2
12 8 10 5
4 1 16 8
4 5 3 5
1 8 8 4
5 12 11 9
8 8 0 6
9 9 11 6
2 2 2 0
4 2 3 3
20 14 2 18
6 1 1 4
7 5 5 3
16 5 1 7
5 13 7 14
11 11 6 10
0 4 5 6
1 0 6 3
12 6 6 4
3 1 0 1
8 1 0 1
17 15 15 5
8 6 8 10
4 3 3 3
6 5 3 9
0 0 6 1
7 12 10 7
7 1 12 12
6 5 4 8
6 3 4 1
0 1 4 1
13 2 15 9
3 4 4 1
3 4 3 0
4 3 2 4
4 8 18 0
3 0 0 1
1 0 2 0
1 6 0 3
11 10 5 9
0 9 4 12
5 1 3 0
13 6 16 5
12 12 5 18
6 0 4 8
4 6 1 2
18 19 1 7
0 1 0 2
4 0 4 2
12 14 12 16
4 3 1 4
12 4 13 9
7 11 1 3
7 7 9 9
4 0 6 1
19 0 12 10
0 10 1 15
13 17 8 1
13 10 16 4
11 2 0 9
10 1 8 5
8 7 7 3
4 1 3 3
3 4 2 7
8 14 11 16
6 9 7 17
2 11 11 8
14 0 8 16
0 2 2 2
7 2 8 4
7 8 10 6
4 3 11 9
12 8 3 5
6 5 11 7
8 9 2 7
0 3 4 3
0 16 10 2
6 20 4 7
8 12 14 9
1 0 2 1
6 5 3 5
4 8 6 2
6 3 1 14
0 1 3 2
16 20 18 11
2 1 0 1
2 3 12 2
2 8 4 5
8 9 3 13
3 8 2 0
6 6 2 4
3 3 1 4
17 8 0 8
7 2 5 1
7 8 10 2
5 7 13 7
0 15 5 13
4 7 6 0
5 14 14 8
5 2 7 1
1 1 8 3
4 4 0 1
7 2 16 0
14 14 15 0
7 17 7 1
5 3 12 0
8 3 3 8
0 2 0 1
17 5 7 17
15 15 10 0
12 10 2 7
13 11 4 5
3 6 3 6
7 19 8 20
12 10 8 1
1 1 11 3
2 1 1 1
2 13 4 6
17 6 16 18
2 2 6 12
1 4 9 13
5 3 1 1
17 12 5 16
14 2 2 17
0 2 12 10
4 1 10 0
3 0 3 1
1 0 2 0
4 9 10 7
1 0 0 2
11 5 0 6
2 1 0 1
5 10 5 3
4 3 0 3
8 8 20 12
16 13 16 17
2 2 1 1
4 10 7 8
11 8 8 3
18 13 14 7
4 4 3 3
0 2 2 0
11 9 1 10
1 7 3 6
1 3 4 7
15 17 6 6
4 1 4 0
1 1 4 3
8 6 4 10
0 0 1 1
5 1 9 12
4 2 4 1
6 0 4 3
3 3 9 1
12 10 16 8
1 2 0 0
3 8 2 2
1 0 1 2
6 5 4 8
20 11 18 17
0 5 3 6
0 2 2 1
2 2 2 0
8 10 9 9
3 3 0 0
16 13 10 8
9 4 20 16
1 2 2 1
2 2 6 0
4 4 1 3
8 14 8 15
11 1 7 5
2 2 1 2
2 0 2 2
6 2 6 8
1 8 4 4
15 15 10 18
6 20 0 4
10 19 16 17
2 0 0 2
6 18 14 18
2 4 7 4
5 1 7 4
9 3 1 8
7 4 11 10
2 8 3 0
0 0 6 2
1 2 2 3
0 2 1 2
7 1 4 6
17 5 17 3
10 3 10 8
1 3 8 4
2 0 11 4
1 10 7 1
1 2 1 0
2 2 2 0
7 5 6 5
2 5 0 4
6 6 4 6
2 0 0 2
4 8 9 8
3 3 6 7
11 7 12 9
0 3 4 3
6 2 3 4
1 2 2 3
0 0 1 0
2 5 5 11
7 8 8 3
3 1 2 4
0 3 3 1
0 1 2 0
3 3 4 2
8 0 1 5
5 3 8 4
11 11 3 9
14 10 15 9
10 12 9 11
17 8 10 4
5 1 9 11
4 7 13 8
0 0 0 0
8 3 7 9
4 9 5 10
8 9 10 6
2 4 5 3
3 2 3 1
9 2 4 8
2 18 16 9
2 0 3 4
5 11 13 1
3 3 4 0
1 0 3 8
7 9 6 0
2 1 2 0
0 12 5 15
3 10 0 1
10 8 6 1
4 0 1 1
0 9 9 6
5 9 11 11
0 3 1 2
6 8 5 1
14 16 12 3
2 5 5 6
11 13 11 2
8 5 13 16
3 6 7 8
5 2 4 7
10 15 2 11
4 4 12 8
4 2 3 2
15 6 6 3
0 3 1 0
7 12 4 13
0 0 1 1
9 18 12 5
2 2 9 2
6 3 7 3
2 2 3 1
10 9 2 8
5 6 5 11
1 15 13 5
2 4 10 3
1 1 2 1
8 8 1 9
12 5 7 11
2 2 0 0
0 1 4 8
1 1 2 2
0 0 1 0
1 2 8 9
9 9 6 3
1 1 0 0
16 14 14 3
8 5 3 0
6 5 6 0
0 6 4 5
4 5 11 14
11 8 17 10
7 5 1 2
9 3 4 1
20 0 20 6
1 0 2 2
1 1 0 1
5 12 11 8
0 1 0 1
12 2 5 20
4 6 2 14
0 0 3 0
2 9 11 7
2 1 2 1
3 3 3 4
16 12 1 16
2 17 6 20
4 2 3 4
0 0 1 2
6 0 4 6
5 7 8 8
8 0 4 11
2 1 5 1
2 3 0 1
2 1 3 2
0 13 11 6
0 3 0 2
17 10 3 11
2 4 1 3
6 6 1 2
18 16 0 3
11 7 4 2
10 4 3 1
0 2 0 8
3 2 0 4
15 12 5 16
7 10 7 16
6 5 2 3
2 4 3 1
4 2 3 0
4 3 1 3
3 1 1 3
10 6 0 1
12 8 11 15
6 9 13 10
3 0 1 0
11 9 6 16
3 7 3 10
3 15 13 2
3 1 3 0
0 0 0 0
6 5 3 0
8 13 6 11
4 4 2 1
0 7 7 3
1 2 3 0
6 3 16 12
2 2 2 2
7 1 2 6
0 0 4 5
3 1 8 11
5 1 5 5
6 9 7 12
4 1 8 8
3 4 0 4
0 7 13 4
2 2 1 0
4 1 3 2
0 3 1 1
