1 2 41
1 3 60
1 4 29
1 5 30
1 6 66
2 7 39
2 8 53
2 9 49
2 10 28
3 11 40
3 12 61
3 13 56
3 14 17
4 15 10
4 16 6
5 17 34
6 18 4
6 19 8
6 20 27
6 21 7
7 22 63
8 23 8
8 24 3
9 25 14
10 26 71
11 27 40
12 28 22
13 29 6
14 30 33
15 31 28
16 32 71
17 33 12
18 34 54
18 35 43
19 36 3
19 37 42
20 38 75
21 39 28
21 40 59
22 41 16
23 42 4
24 43 25
25 44 60
26 45 4
27 46 43
28 47 24
29 48 13
30 49 70
31 50 64
31 51 66
31 52 35
32 53 65
33 54 54
33 55 18
34 56 56
35 57 4
36 58 30
37 59 33
37 60 19
38 61 42
39 62 76
40 63 30
41 64 35
42 65 7
43 65 9
44 66 19
45 66 36
46 67 24
47 68 25
48 69 26
49 70 12
50 71 56
51 72 38
52 73 58
53 73 49
54 74 2
55 75 22
56 76 6
57 77 54
58 78 63
59 79 67
60 80 63
61 81 45
62 81 61
63 82 51
64 83 6
65 84 10
66 85 49
67 86 79
68 87 18
69 88 61
70 89 10
71 90 45
72 91 36
73 92 57
74 93 78
75 94 71
76 95 3
77 96 63
78 97 71
79 98 44
80 99 74
81 100 13
82 101 57
83 102 54
84 103 6
84 104 54
85 105 25
86 106 12
87 107 55
88 108 38
88 109 9
89 110 51
90 111 5
91 112 79
92 113 57
92 114 39
93 115 25
94 116 7
94 117 51
95 118 41
96 119 68
97 120 68
98 121 59
99 122 11
100 123 6
100 124 42
101 125 6
102 126 20
103 126 17
104 127 73
105 128 37
106 128 55
107 129 53
108 129 48
109 129 62
110 129 39
111 129 78
112 130 4
113 131 35
114 132 27
115 133 15
116 134 68
117 134 56
118 135 67
119 135 79
120 136 29
121 137 79
122 138 30
123 139 47
124 140 54
125 140 59
126 141 30
127 142 50
128 143 22
129 144 30
130 145 20
131 145 54
132 146 67
133 146 20
134 147 27
135 147 62
136 148 66
137 149 37
138 150 37
139 151 17
140 151 54
141 152 54
142 153 44
142 154 18
143 155 37
144 156 14
144 157 67
145 158 77
146 159 13
147 160 24
148 161 73
149 162 40
150 163 11
151 164 11
152 165 61
152 166 63
153 167 79
154 168 15
154 169 46
155 170 38
155 171 52
156 172 67
156 173 15
156 174 61
157 175 7
157 176 76
158 177 18
159 178 46
160 179 8
161 180 47
161 181 40
162 182 60
162 183 65
163 184 48
164 185 8
164 186 57
165 187 59
166 188 17
167 189 27
168 190 37
169 191 58
170 192 7
171 193 15
172 194 18
173 195 62
174 196 48
175 197 47
175 198 19
176 199 26
177 200 24
178 201 13
179 202 35
179 203 38
180 204 41
181 205 38
182 206 47
183 207 76
184 208 73
185 209 56
186 210 74
187 211 53
188 212 40
189 213 6
190 214 26
191 215 55
192 216 35
193 217 78
194 217 30
195 218 36
196 219 36
197 219 45
198 219 33
199 220 71
200 221 21
201 222 72
202 223 69
203 224 74
204 225 75
205 226 75
206 226 43
207 226 64
208 227 2
209 228 51
210 229 22
211 230 65
212 231 74
213 232 49
214 233 40
215 234 15
216 235 56
217 236 3
217 237 8
218 238 66
219 239 24
220 240 54
221 241 24
222 242 18
222 243 64
223 244 5
224 245 74
225 246 67
226 247 66
227 248 9
228 249 18
229 250 60
230 251 41
231 252 20
232 253 30
233 254 52
234 255 36
235 256 6
236 256 45
237 257 28
238 258 73
239 258 67
240 259 70
241 260 32
242 261 65
243 262 12
244 263 22
245 263 52
246 263 34
247 264 69
248 264 73
249 265 75
250 266 53
251 267 38
251 268 6
252 269 3
252 270 69
253 271 33
254 272 16
255 273 75
256 274 3
256 275 43
257 276 26
258 277 65
258 278 56
258 279 6
259 280 58
259 281 27
260 282 40
261 283 78
262 284 51
263 285 18
263 286 61
264 287 57
265 288 56
266 289 61
267 290 51
268 291 65
269 291 29
270 292 28
271 293 65
272 293 55
273 293 21
274 294 75
275 295 1
276 296 26
277 297 6
278 298 20
279 298 54
280 298 72
281 299 77
282 300 75
283 301 65
284 301 48
285 302 4
286 302 2
287 303 41
288 304 22
289 305 24
290 306 11
291 307 27
292 308 71
293 309 44
294 310 60
295 310 26
296 311 62
297 312 14
298 313 33
299 313 78
300 314 35
301 315 48
302 316 60
303 317 9
304 318 73
305 319 48
306 320 58
306 321 72
307 322 52
308 323 45
309 324 27
310 325 3
311 326 44
311 327 66
312 328 67
313 329 56
314 330 50
314 331 28
314 332 52
315 333 24
316 334 8
317 335 64
318 336 38
319 337 69
320 338 21
321 338 78
322 339 42
323 339 69
324 339 27
325 340 19
326 341 35
327 341 43
328 341 29
329 342 34
330 342 58
331 343 73
332 344 36
333 344 57
334 344 79
335 344 61
336 345 42
337 346 46
338 347 41
338 348 31
339 349 39
339 350 28
340 351 59
340 352 24
340 353 39
341 354 4
341 355 20
342 356 39
342 357 54
343 358 72
343 359 60
343 360 70
343 361 46
344 362 32
344 363 76
345 364 53
346 365 50
346 366 49
347 367 19
348 367 63
349 368 52
350 369 25
351 370 17
352 370 78
353 371 42
354 372 52
355 373 52
356 374 14
357 375 26
358 375 33
359 376 13
360 376 3
361 377 50
362 377 60
363 378 52
364 378 12
365 379 49
366 380 56
367 381 13
368 382 61
369 383 13
369 384 54
369 385 31
370 386 68
370 387 59
371 388 28
371 389 49
372 390 25
373 391 55
374 392 63
375 393 42
376 394 58
377 395 8
378 396 47
379 397 52
380 398 34
381 399 63
382 400 2
383 401 73
384 402 44
384 403 19
385 404 67
386 405 74
386 406 69
387 407 77
388 408 49
389 409 23
390 410 63
391 411 52
391 412 36
392 413 32
393 414 3
394 415 71
395 416 46
396 417 6
397 418 69
398 419 13
399 420 16
399 421 47
399 422 60
399 423 33
399 424 77
400 425 4
400 426 64
401 427 67
401 428 8
402 429 10
402 430 49
402 431 27
403 432 8
403 433 16
403 434 60
404 435 38
404 436 11
405 437 53
405 438 64
406 439 42
406 440 61
407 441 10
407 442 67
408 443 75
408 444 18
409 445 59
409 446 66
409 447 53
410 448 47
410 449 22
410 450 37
411 451 56
411 452 76
412 453 37
412 454 9
412 455 20
413 456 32
413 457 27
414 458 30
414 459 34
414 460 51
415 461 11
416 462 33
416 463 63
416 464 70
416 465 45
417 466 58
418 467 72
418 468 54
419 469 75
419 470 43
419 471 74
420 472 5
421 472 20
422 472 76
423 473 69
424 473 6
425 473 19
426 474 11
427 474 21
428 474 52
429 474 21
430 474 67
431 475 59
432 475 36
433 475 74
434 476 79
435 476 42
436 477 19
437 477 16
438 478 43
439 478 19
440 478 21
441 479 4
442 479 65
443 480 16
444 480 66
445 481 60
446 481 29
447 482 53
448 482 68
449 482 40
450 482 19
451 482 67
452 482 78
453 483 30
454 483 1
455 483 30
456 483 53
457 483 26
458 483 74
459 483 63
460 484 41
461 484 8
462 484 58
463 484 66
464 485 64
465 486 75
466 487 14
467 487 72
468 487 39
469 487 66
470 488 69
471 488 13
472 489 51
473 490 41
473 491 64
474 492 59
475 493 37
475 494 26
476 495 49
477 496 75
478 497 74
479 498 77
479 499 51
480 500 34
481 501 33
481 502 33
482 503 45
483 504 57
483 505 18
484 506 18
485 507 4
486 508 67
487 509 8
487 510 12
488 511 74
489 512 26
490 513 18
491 513 39
492 514 30
493 515 40
494 515 29
495 516 28
496 516 8
497 517 10
498 518 24
499 518 79
500 518 42
501 518 60
502 519 30
503 520 52
504 520 42
505 520 22
506 521 37
507 521 76
508 521 39
509 522 70
510 523 19
511 524 36
512 525 56
513 526 19
514 527 43
515 528 78
516 529 27
516 530 13
517 531 33
518 532 27
519 533 66
520 534 49
521 535 71
522 536 31
523 537 49
524 538 37
525 539 15
526 540 71
526 541 79
527 542 48
528 543 65
529 544 42
529 545 14
529 546 62
530 547 76
531 548 1
531 549 72
532 550 59
533 551 45
533 552 73
534 553 4
535 554 50
536 555 25
537 556 8
538 557 52
538 558 47
539 559 49
540 560 56
541 561 52
542 562 73
543 563 31
544 564 4
545 565 8
546 566 67
547 567 67
548 568 7
549 569 36
550 570 35
551 571 75
552 572 50
553 573 14
554 574 63
555 575 26
555 576 38
556 577 65
557 578 18
558 579 28
558 580 20
559 581 24
560 582 54
561 583 33
562 584 24
563 585 46
564 586 29
565 587 69
566 588 57
567 589 37
568 590 50
569 591 77
570 592 36
571 592 26
572 593 53
573 594 66
574 595 45
575 596 17
576 597 3
577 598 78
578 599 67
579 600 44
580 601 62
581 602 65
582 603 57
583 603 11
584 604 70
585 604 68
586 605 18
587 606 51
588 607 24
589 608 40
590 609 49
591 610 74
592 610 30
593 611 58
594 611 27
595 612 48
596 613 55
597 614 45
598 615 59
599 616 53
600 617 43
601 618 33
602 619 32
603 620 68
604 621 32
605 622 73
606 623 54
607 624 37
608 625 65
609 626 78
610 627 38
611 628 46
612 629 72
612 630 76
613 631 51
614 632 70
614 633 5
615 634 76
616 635 2
617 636 64
618 637 2
619 638 32
620 639 58
621 640 20
622 640 77
623 641 72
624 642 43
625 643 30
626 644 9
627 645 64
628 646 14
629 646 49
630 647 21
631 647 30
632 648 5
633 649 18
634 650 18
635 651 12
636 651 68
637 652 9
638 653 60
639 653 30
640 654 63
641 655 7
642 656 14
643 657 60
644 658 7
645 659 48
646 660 17
647 660 78
648 661 24
649 662 65
650 663 8
651 664 35
652 665 36
653 666 57
654 667 48
654 668 35
654 669 40
655 670 21
656 671 60
657 672 33
657 673 78
658 674 13
658 675 21
659 676 37
660 677 58
660 678 37
661 679 40
662 680 28
663 681 75
663 682 29
664 683 39
665 684 44
665 685 75
666 686 65
667 687 5
668 688 54
669 689 35
670 690 38
671 691 3
672 692 47
673 693 11
674 694 37
675 695 61
676 696 6
677 697 19
678 698 11
679 699 36
680 700 28
681 701 70
682 702 30
683 703 57
684 704 17
685 705 34
686 706 54
687 707 2
688 707 44
689 708 27
690 709 49
691 709 2
692 710 8
693 710 11
694 711 19
695 712 64
696 712 15
697 712 52
698 713 66
699 714 33
700 715 58
701 715 57
702 716 28
703 716 43
704 717 3
705 717 57
706 718 34
707 719 15
708 720 34
708 721 45
709 722 1
709 723 13
710 724 20
710 725 38
710 726 42
711 727 5
711 728 58
712 729 71
713 730 73
714 731 68
714 732 75
714 733 37
715 734 7
716 735 68
716 736 60
717 737 63
717 738 64
718 739 34
719 740 52
720 740 42
721 741 62
722 742 31
723 742 16
724 743 61
725 744 5
726 745 69
727 745 31
728 746 50
729 747 49
730 748 39
731 748 16
732 749 30
733 749 75
734 750 36
735 750 41
736 750 39
737 751 32
738 751 31
739 752 30
740 753 40
740 754 55
741 755 15
741 756 43
742 757 29
742 758 3
743 759 34
744 760 2
745 761 74
745 762 73
746 763 76
746 764 9
746 765 39
746 766 56
747 767 27
747 768 33
748 769 64
748 770 67
749 771 20
749 772 72
750 773 73
751 774 78
751 775 21
752 776 78
753 776 25
754 777 13
755 778 11
756 779 6
757 780 30
758 781 16
759 782 3
760 783 18
761 784 66
762 784 31
763 784 31
764 785 50
765 786 33
766 786 79
767 787 78
768 788 56
769 789 38
770 789 75
771 790 71
772 791 33
773 792 48
774 793 77
775 794 25
776 795 50
777 796 49
778 797 54
779 798 44
780 799 49
780 800 54
781 801 4
782 802 53
783 803 75
784 804 33
785 805 5
786 806 70
787 807 66
788 808 38
789 809 67
790 810 45
791 811 58
792 812 73
793 813 66
794 814 73
795 815 13
796 816 19
797 817 30
798 818 46
799 818 72
800 819 76
801 820 24
802 821 58
803 821 59
804 822 61
805 823 78
806 824 12
807 825 16
808 826 78
809 827 61
810 828 63
811 829 63
812 830 51
813 831 53
814 832 5
815 833 21
816 833 30
817 834 66
818 834 22
819 835 19
820 835 59
821 835 6
822 836 70
823 836 41
824 836 70
825 836 77
826 837 60
827 837 1
828 837 55
829 838 67
830 839 46
831 839 49
832 840 31
833 841 37
834 842 13
834 843 8
834 844 64
835 845 67
836 846 37
837 847 17
837 848 67
838 849 73
838 850 23
838 851 69
839 852 11
839 853 68
839 854 75
839 855 41
839 856 38
840 857 20
840 858 11
841 859 76
842 860 26
843 861 7
844 862 28
845 863 65
846 864 19
847 865 28
848 866 26
848 867 26
849 868 76
850 869 48
850 870 53
850 871 77
851 872 53
852 873 10
853 874 54
854 875 54
855 876 33
855 877 59
855 878 64
856 879 72
857 880 52
858 881 48
858 882 45
858 883 38
859 884 35
860 884 69
861 885 57
862 886 20
863 886 48
864 887 78
865 887 7
866 887 71
867 888 10
868 888 2
869 889 58
870 889 29
871 890 2
872 891 71
873 892 9
874 893 8
875 894 54
876 894 69
877 895 29
878 895 61
879 896 37
880 896 55
881 897 6
882 898 73
883 899 30
884 900 47
885 900 10
886 900 63
887 900 23
888 900 21
889 900 77
890 900 13
891 900 69
892 900 6
893 900 24
894 900 68
895 900 14
896 900 68
897 900 54
898 900 24
899 900 43
