1 2 64
1 3 14
1 4 22
2 5 11
2 6 16
2 7 56
3 8 32
3 9 43
3 10 27
4 11 18
4 12 70
4 13 51
4 14 42
5 15 29
6 16 60
7 17 30
8 17 20
9 17 13
10 18 69
11 18 23
12 19 52
13 19 41
14 19 20
15 20 20
16 21 65
17 22 31
17 23 33
18 24 64
18 25 31
18 26 76
19 27 68
19 28 15
19 29 32
20 30 64
21 31 54
22 32 32
23 33 10
24 34 75
25 34 50
26 35 28
27 36 30
28 37 19
29 38 2
30 39 32
31 40 35
32 41 16
33 42 47
34 43 54
35 44 26
36 45 53
37 46 2
38 47 67
39 48 5
40 49 42
41 49 33
42 50 33
43 51 5
44 51 74
45 52 57
46 53 72
47 54 16
48 55 3
49 56 66
50 57 22
50 58 10
51 59 11
52 60 73
53 61 71
54 62 36
54 63 67
55 64 73
56 64 52
57 65 33
58 66 32
59 67 25
60 67 76
61 68 34
62 69 7
63 70 29
64 71 29
64 72 36
65 73 76
65 74 30
66 75 66
67 76 14
67 77 52
67 78 57
67 79 57
68 80 36
69 81 39
70 82 72
70 83 69
71 84 58
72 85 49
73 85 67
74 86 51
75 86 25
76 87 36
77 87 41
78 88 52
79 89 41
80 90 37
81 91 17
82 91 22
83 91 9
84 92 58
85 93 60
86 94 22
87 95 5
87 96 63
88 97 68
88 98 7
89 99 77
90 100 7
90 101 17
91 102 3
92 103 6
93 103 19
94 104 9
95 104 20
96 104 53
97 105 13
98 105 77
99 106 14
100 107 60
101 108 67
102 108 61
103 109 67
103 110 22
104 111 28
105 112 43
106 113 33
106 114 23
107 115 38
107 116 70
108 117 19
109 118 48
110 118 74
111 119 71
112 120 14
113 121 36
114 122 66
115 123 6
116 124 36
117 125 1
118 126 37
119 127 21
120 128 36
121 129 38
122 130 38
123 131 14
124 132 42
125 133 45
125 134 46
126 135 17
126 136 44
127 137 18
127 138 21
128 139 44
129 140 4
130 141 72
131 142 63
132 143 34
132 144 50
133 145 41
133 146 34
134 147 13
135 148 70
136 148 21
137 149 23
138 150 39
139 151 21
140 152 59
141 153 47
142 154 55
143 155 52
144 156 52
145 157 15
146 157 51
147 158 69
148 159 33
149 159 27
150 160 15
151 160 54
152 161 55
153 161 76
154 162 46
155 163 42
156 164 16
157 164 49
158 165 52
159 166 55
160 167 70
160 168 14
160 169 44
160 170 35
161 171 6
162 172 3
162 173 7
163 174 73
164 175 61
164 176 6
165 177 45
165 178 51
166 179 48
167 180 4
168 181 58
169 182 43
170 183 1
171 184 31
172 185 46
173 186 34
174 186 32
175 186 79
176 187 45
177 188 18
178 189 78
179 190 30
180 191 20
181 192 16
182 193 5
183 194 54
184 195 22
185 196 22
185 197 26
186 198 22
187 199 26
188 200 20
189 201 22
190 202 62
191 202 6
192 202 34
193 203 11
194 203 16
195 204 26
196 205 4
197 205 56
198 206 55
199 207 30
200 207 59
201 207 59
202 208 47
203 209 7
204 210 22
204 211 77
205 212 28
205 213 38
206 214 63
206 215 50
207 216 30
208 217 72
209 218 4
210 219 56
211 220 40
212 221 42
213 222 60
214 223 35
215 224 16
216 225 28
217 226 74
218 227 28
219 228 45
219 229 62
220 230 17
221 231 22
222 232 63
223 233 24
224 234 1
225 235 57
226 236 59
227 237 61
228 238 26
229 239 72
230 240 53
231 241 27
232 242 73
233 243 12
233 244 15
233 245 70
234 246 60
235 247 50
236 248 57
237 249 42
238 249 28
239 250 24
240 250 58
241 251 21
242 251 47
243 252 57
244 253 51
245 254 17
246 255 16
247 256 38
248 257 15
249 258 8
249 259 65
250 260 70
251 261 51
252 262 17
253 263 38
254 264 13
255 265 47
255 266 41
256 267 65
257 268 52
258 269 51
259 270 74
260 271 63
261 272 17
262 273 1
263 273 28
264 274 59
265 275 17
266 276 14
267 277 21
268 278 29
269 278 48
270 279 11
271 279 14
272 280 76
273 280 53
274 281 16
275 282 18
276 282 54
277 283 39
278 284 68
279 285 62
279 286 34
280 287 73
281 288 5
282 289 23
282 290 79
283 291 20
284 292 24
285 293 7
286 294 29
287 295 34
288 296 63
289 297 45
290 298 21
291 299 67
292 300 3
293 300 39
294 300 55
295 300 46
296 300 31
297 300 11
298 300 76
299 300 1
