1 2 1
1 3 1
2 4 1
2 5 1
2 6 1
2 7 1
2 8 1
3 9 1
3 10 1
3 11 1
3 12 1
3 13 1
4 14 1
5 14 1
6 14 1
7 15 1
8 15 1
9 16 1
10 17 1
11 18 1
12 19 1
13 19 1
14 20 1
14 21 1
14 22 1
15 23 1
16 24 1
16 25 1
17 26 1
18 27 1
19 28 1
20 29 1
21 30 1
22 31 1
23 31 1
24 32 1
25 33 1
26 34 1
27 34 1
28 35 1
29 36 1
29 37 1
29 38 1
29 39 1
30 40 1
31 41 1
31 42 1
31 43 1
31 44 1
32 45 1
33 46 1
34 47 1
35 48 1
36 49 1
37 49 1
38 49 1
39 50 1
40 50 1
41 51 1
42 52 1
43 52 1
44 52 1
45 53 1
46 53 1
47 54 1
48 54 1
49 55 1
50 55 1
51 56 1
52 56 1
53 57 1
54 58 1
55 59 1
55 60 1
56 61 1
56 62 1
56 63 1
56 64 1
57 65 1
58 66 1
58 67 1
58 68 1
58 69 1
59 70 1
60 70 1
61 71 1
62 72 1
63 73 1
64 73 1
65 74 1
66 75 1
67 75 1
68 76 1
69 76 1
70 77 1
71 78 1
72 79 1
72 80 1
72 81 1
73 82 1
74 83 1
75 84 1
76 85 1
77 86 1
77 87 1
77 88 1
78 89 1
78 90 1
78 91 1
79 92 1
79 93 1
79 94 1
79 95 1
80 96 1
81 97 1
81 98 1
82 99 1
82 100 1
83 101 1
83 102 1
84 103 1
84 104 1
84 105 1
85 106 1
85 107 1
85 108 1
85 109 1
86 110 1
87 110 1
88 111 1
89 112 1
90 113 1
91 113 1
92 114 1
93 115 1
94 115 1
95 115 1
96 116 1
97 116 1
98 117 1
99 117 1
100 118 1
101 118 1
102 118 1
103 118 1
104 119 1
105 119 1
106 120 1
107 121 1
108 121 1
109 121 1
110 122 1
111 123 1
112 124 1
113 125 1
114 125 1
115 125 1
116 126 1
117 127 1
118 128 1
119 129 1
120 130 1
121 130 1
122 131 1
123 132 1
124 133 1
125 134 1
126 135 1
127 136 1
128 137 1
129 138 1
130 139 1
131 140 1
132 141 1
133 142 1
134 143 1
135 144 1
135 145 1
136 146 1
137 147 1
138 148 1
139 149 1
140 150 1
141 150 1
142 150 1
143 151 1
144 152 1
145 153 1
146 153 1
147 154 1
148 154 1
149 155 1
150 156 1
151 156 1
152 157 1
153 158 1
154 159 1
155 160 1
156 161 1
156 162 1
157 163 1
158 164 1
159 165 1
160 166 1
161 167 1
162 168 1
163 169 1
163 170 1
163 171 1
163 172 1
163 173 1
164 174 1
164 175 1
165 176 1
166 177 1
166 178 1
167 179 1
168 180 1
169 180 1
170 180 1
171 181 1
172 182 1
173 182 1
174 182 1
175 183 1
176 183 1
177 184 1
178 185 1
179 186 1
180 186 1
181 187 1
182 188 1
183 189 1
184 190 1
185 191 1
186 192 1
187 193 1
188 194 1
189 195 1
189 196 1
190 197 1
190 198 1
191 199 1
192 200 1
193 200 1
194 200 1
195 200 1
196 200 1
197 200 1
198 200 1
199 200 1
