1 2 1
1 3 1
1 4 1
1 5 1
1 6 1
2 7 1
2 8 1
2 9 1
2 10 1
3 11 1
4 12 1
4 13 1
5 14 1
5 15 1
5 16 1
6 17 1
7 18 1
8 19 1
9 20 1
10 21 1
11 22 1
12 23 1
12 24 1
13 25 1
14 26 1
15 27 1
15 28 1
16 29 1
16 30 1
17 31 1
18 32 1
19 33 1
20 34 1
21 35 1
22 36 1
22 37 1
23 38 1
24 39 1
25 40 1
26 41 1
27 42 1
28 43 1
28 44 1
29 45 1
30 46 1
31 47 1
32 48 1
33 49 1
34 49 1
35 50 1
36 51 1
37 52 1
38 53 1
39 54 1
40 55 1
41 56 1
42 57 1
43 57 1
44 57 1
45 58 1
46 59 1
47 60 1
48 61 1
49 62 1
50 63 1
51 64 1
52 64 1
53 65 1
54 66 1
55 67 1
56 68 1
57 68 1
58 69 1
59 70 1
60 71 1
61 72 1
62 73 1
63 74 1
64 75 1
65 76 1
66 77 1
67 78 1
68 79 1
69 80 1
70 81 1
71 82 1
72 83 1
73 84 1
74 85 1
75 86 1
76 87 1
77 88 1
78 89 1
79 90 1
80 91 1
81 91 1
82 92 1
83 93 1
83 94 1
84 95 1
84 96 1
84 97 1
85 98 1
85 99 1
86 100 1
87 101 1
87 102 1
87 103 1
88 104 1
88 105 1
89 106 1
90 107 1
91 108 1
92 109 1
93 110 1
94 111 1
95 112 1
96 112 1
97 113 1
98 114 1
99 115 1
100 116 1
101 116 1
102 117 1
103 118 1
104 118 1
105 119 1
106 120 1
107 120 1
108 120 1
109 121 1
110 122 1
111 123 1
112 124 1
113 125 1
114 126 1
115 127 1
116 128 1
117 129 1
118 130 1
119 131 1
120 132 1
120 133 1
121 134 1
122 135 1
123 136 1
124 137 1
125 138 1
126 139 1
127 139 1
128 140 1
129 141 1
130 142 1
131 142 1
132 143 1
133 144 1
134 145 1
135 146 1
135 147 1
136 148 1
137 149 1
138 150 1
138 151 1
139 152 1
140 153 1
141 154 1
142 155 1
142 156 1
143 157 1
144 158 1
144 159 1
145 160 1
146 161 1
147 162 1
147 163 1
148 164 1
149 165 1
150 166 1
151 167 1
152 168 1
153 169 1
154 170 1
155 171 1
156 172 1
157 173 1
158 174 1
159 175 1
160 176 1
161 177 1
162 178 1
163 179 1
164 179 1
165 180 1
166 181 1
167 181 1
168 182 1
169 182 1
170 183 1
171 183 1
172 184 1
173 185 1
174 185 1
175 185 1
176 186 1
177 187 1
177 188 1
178 189 1
179 190 1
180 191 1
181 192 1
182 193 1
183 194 1
183 195 1
184 196 1
185 197 1
186 198 1
186 199 1
187 200 1
188 200 1
189 200 1
190 200 1
191 200 1
192 200 1
193 200 1
194 200 1
195 200 1
196 200 1
197 200 1
198 200 1
199 200 1
