15 16 15 16
7 7 7 6
7 6 6 6
17 17 17 16
12 12 11 11
8 9 9 7
2 3 2 2
8 8 7 8
12 11 12 11
14 15 15 15
13 13 14 13
10 9 11 8
21 21 21 17
9 8 7 9
4 5 4 4
7 9 9 8
4 4 4 3
19 21 21 21
2 1 2 2
8 8 11 9
15 14 16 13
2 1 2 1
6 5 5 6
15 15 19 18
15 16 16 16
4 4 5 5
20 21 21 21
13 10 13 13
20 18 16 21
15 13 14 14
8 8 7 7
11 11 12 10
17 17 21 19
9 11 9 12
2 3 2 2
10 13 10 10
20 19 22 22
4 4 4 5
5 4 5 5
6 5 6 5
5 4 5 5
13 13 12 13
22 21 17 22
1 2 2 1
15 15 17 14
13 12 11 12
2 2 3 2
19 23 22 18
14 17 15 15
14 15 13 13
