1 2 4
1 3 10
1 4 8
1 5 6
2 6 11
2 7 9
2 8 9
3 9 4
4 10 2
4 11 10
5 12 6
5 13 8
6 14 9
6 15 1
7 16 11
7 17 11
8 18 1
9 19 9
9 20 8
10 21 11
11 22 5
11 23 5
12 24 6
13 25 4
14 26 10
15 27 11
16 28 10
17 29 4
18 30 1
19 31 9
20 32 5
21 33 9
22 34 11
23 35 8
24 36 3
25 37 2
26 38 6
27 39 6
28 40 4
29 41 10
30 42 2
31 42 8
32 42 2
33 43 9
34 43 11
35 43 5
36 44 5
37 45 7
38 46 8
39 47 10
40 48 1
41 49 6
42 50 10
43 51 1
44 52 10
45 53 2
46 54 8
47 55 5
48 56 8
49 57 6
50 58 6
51 59 1
52 60 7
53 61 10
54 62 5
55 63 4
56 64 9
57 65 5
57 66 10
58 67 1
59 68 1
60 69 6
60 70 1
61 71 6
62 72 8
63 73 6
64 74 4
65 75 5
66 76 7
67 77 2
68 77 10
69 78 8
70 79 9
71 79 3
72 80 8
73 81 11
74 81 2
75 82 4
76 83 10
77 84 10
78 84 1
79 85 9
80 86 3
81 87 7
81 88 2
82 89 7
82 90 11
83 91 2
84 92 1
84 93 8
85 94 5
85 95 2
86 96 11
87 97 10
88 97 6
89 98 4
90 99 10
91 100 8
92 101 3
93 102 6
94 103 2
95 103 1
96 104 10
96 105 9
96 106 2
97 107 2
98 108 1
99 109 8
100 110 6
101 111 9
102 112 3
103 113 8
104 114 5
105 115 10
106 115 6
107 116 11
108 117 10
109 117 8
110 118 10
111 118 9
112 119 3
113 120 5
114 121 3
115 122 3
116 123 11
117 124 3
118 125 7
119 126 7
120 127 11
120 128 1
121 129 10
121 130 3
121 131 9
121 132 7
122 133 2
122 134 4
122 135 4
122 136 1
122 137 7
123 138 3
123 139 10
123 140 7
123 141 7
123 142 11
124 143 8
124 144 10
124 145 2
124 146 4
125 147 1
125 148 7
125 149 2
126 150 6
126 151 2
126 152 9
126 153 10
126 154 5
127 155 3
127 156 1
127 157 5
128 158 6
128 159 5
128 160 2
128 161 5
128 162 7
129 163 11
130 163 6
131 163 6
132 164 9
133 164 2
134 164 11
135 165 9
136 165 9
137 165 2
138 165 6
139 165 4
140 166 11
141 167 4
142 167 5
143 167 10
144 167 2
145 168 9
146 168 9
147 169 5
148 169 2
149 169 6
150 169 7
151 169 2
152 170 3
153 170 3
154 170 11
155 170 7
156 171 6
157 171 7
158 171 7
159 172 2
160 173 11
161 173 1
162 173 2
163 174 3
164 175 8
165 176 10
166 177 2
167 177 8
168 178 5
169 178 7
170 179 8
171 180 2
172 181 8
173 182 4
174 183 9
174 184 6
175 185 3
176 186 3
177 187 8
178 188 3
179 189 7
180 190 1
181 191 10
182 192 2
183 193 7
184 194 2
185 195 11
186 196 10
187 197 8
188 198 2
189 198 2
190 199 3
191 200 5
192 200 9
193 201 5
194 202 11
195 203 5
195 204 7
195 205 1
196 206 11
197 207 7
198 208 11
199 209 10
200 210 3
201 211 11
202 212 2
203 212 9
204 213 9
205 214 7
206 215 4
207 216 9
208 217 1
209 218 10
210 219 3
211 220 8
211 221 8
212 222 6
213 223 11
214 224 9
215 225 4
216 226 10
217 227 10
218 228 2
219 229 11
220 230 2
221 231 7
222 231 6
223 232 5
224 233 6
225 234 10
226 234 9
227 235 2
228 235 6
229 236 9
230 237 4
230 238 1
231 239 9
232 240 1
233 241 6
234 242 1
234 243 9
234 244 5
235 245 10
236 246 7
237 247 8
238 248 3
239 249 7
240 249 9
241 250 3
242 251 7
243 252 7
244 253 3
245 253 7
246 254 8
247 255 10
248 256 7
248 257 4
249 258 2
250 259 5
251 260 7
252 261 1
252 262 8
253 263 11
254 264 9
255 265 6
255 266 11
256 267 3
257 268 5
257 269 11
258 270 6
258 271 7
259 272 2
260 273 3
260 274 1
261 275 5
262 276 11
263 277 7
264 278 11
265 279 7
266 279 8
267 280 10
268 280 2
269 281 11
270 282 7
271 283 3
272 284 5
273 284 10
274 285 11
275 285 6
276 286 9
277 287 9
278 287 6
279 288 6
280 289 3
281 290 4
282 291 5
283 292 4
283 293 11
283 294 1
284 295 2
285 296 8
285 297 8
286 298 9
287 299 10
288 300 4
289 300 6
290 300 7
291 300 4
292 300 2
293 300 5
294 300 1
295 300 3
296 300 2
297 300 2
298 300 6
299 300 10
