1 2 1
1 3 1
1 4 1
1 5 1
2 6 1
2 7 1
2 8 1
2 9 1
2 10 1
3 11 1
3 12 1
3 13 1
3 14 1
3 15 1
4 16 1
4 17 1
4 18 1
4 19 1
4 20 1
5 21 1
5 22 1
5 23 1
5 24 1
6 25 1
7 26 1
8 27 1
9 28 1
10 29 1
11 30 1
12 31 1
13 32 1
14 33 1
15 34 1
16 35 1
16 36 1
17 37 1
18 38 1
18 39 1
19 40 1
20 41 1
21 42 1
22 43 1
23 44 1
23 45 1
24 46 1
25 47 1
26 48 1
27 49 1
28 50 1
29 51 1
30 52 1
31 53 1
32 54 1
33 55 1
34 56 1
35 57 1
36 58 1
37 59 1
38 60 1
39 61 1
40 62 1
41 63 1
42 64 1
43 65 1
44 66 1
45 67 1
46 68 1
47 69 1
48 69 1
49 70 1
50 71 1
51 71 1
52 72 1
53 73 1
54 74 1
55 75 1
56 76 1
57 77 1
58 78 1
59 79 1
60 80 1
61 81 1
62 82 1
63 83 1
64 83 1
65 83 1
66 84 1
67 85 1
68 86 1
69 87 1
70 88 1
71 89 1
72 90 1
73 91 1
74 92 1
75 93 1
76 94 1
77 95 1
78 96 1
79 97 1
80 98 1
81 99 1
82 100 1
83 101 1
84 102 1
85 103 1
86 104 1
87 105 1
88 106 1
88 107 1
89 108 1
89 109 1
90 110 1
91 111 1
92 112 1
93 113 1
94 114 1
94 115 1
95 116 1
96 117 1
97 118 1
98 119 1
98 120 1
99 121 1
99 122 1
100 123 1
101 124 1
102 125 1
102 126 1
103 127 1
104 128 1
104 129 1
105 130 1
106 131 1
107 131 1
108 132 1
109 133 1
110 133 1
111 134 1
112 135 1
113 136 1
114 137 1
115 138 1
116 138 1
117 139 1
118 140 1
119 141 1
120 142 1
121 143 1
122 144 1
123 145 1
124 146 1
125 147 1
126 147 1
127 148 1
128 149 1
129 150 1
130 151 1
131 152 1
132 153 1
133 153 1
134 154 1
135 154 1
136 154 1
137 155 1
138 156 1
139 157 1
140 158 1
141 159 1
142 159 1
143 160 1
144 160 1
145 161 1
146 162 1
147 163 1
148 164 1
149 165 1
150 166 1
151 167 1
152 167 1
153 167 1
154 167 1
155 168 1
156 169 1
157 170 1
158 171 1
159 172 1
160 173 1
161 174 1
162 175 1
163 176 1
164 177 1
165 178 1
166 179 1
167 180 1
168 181 1
169 182 1
169 183 1
170 184 1
170 185 1
171 186 1
171 187 1
172 188 1
173 189 1
174 190 1
174 191 1
175 192 1
176 193 1
177 194 1
177 195 1
177 196 1
178 197 1
178 198 1
179 199 1
180 200 1
181 201 1
182 202 1
183 203 1
184 204 1
184 205 1
185 206 1
186 207 1
186 208 1
187 209 1
188 210 1
189 211 1
190 212 1
191 213 1
192 214 1
192 215 1
193 216 1
194 217 1
195 218 1
196 219 1
197 220 1
198 221 1
199 222 1
200 223 1
201 224 1
202 225 1
203 226 1
204 226 1
205 227 1
206 228 1
207 229 1
208 230 1
209 231 1
210 232 1
211 233 1
212 234 1
213 235 1
214 236 1
215 236 1
216 237 1
217 237 1
218 238 1
219 238 1
220 239 1
221 239 1
222 240 1
223 241 1
223 242 1
224 243 1
225 244 1
226 245 1
227 246 1
227 247 1
227 248 1
228 249 1
229 250 1
230 251 1
230 252 1
231 253 1
231 254 1
232 255 1
232 256 1
232 257 1
233 258 1
233 259 1
234 260 1
234 261 1
234 262 1
235 263 1
236 264 1
237 265 1
238 266 1
239 267 1
239 268 1
239 269 1
239 270 1
239 271 1
240 272 1
241 273 1
242 273 1
243 273 1
244 273 1
245 274 1
246 274 1
247 274 1
248 275 1
249 275 1
250 276 1
251 276 1
252 276 1
253 276 1
254 277 1
255 277 1
256 278 1
257 278 1
258 278 1
259 279 1
260 279 1
261 280 1
262 280 1
263 280 1
264 281 1
265 281 1
266 281 1
267 282 1
268 283 1
269 283 1
270 284 1
271 284 1
272 284 1
273 285 1
274 286 1
275 287 1
276 288 1
277 289 1
278 290 1
279 291 1
280 292 1
280 293 1
281 294 1
282 295 1
283 296 1
284 297 1
285 298 1
286 299 1
287 300 1
288 301 1
288 302 1
289 303 1
289 304 1
290 305 1
290 306 1
291 307 1
292 308 1
293 309 1
294 310 1
295 311 1
296 312 1
296 313 1
297 314 1
298 315 1
299 316 1
300 317 1
301 317 1
302 318 1
303 318 1
304 319 1
305 319 1
306 320 1
307 321 1
308 322 1
309 323 1
310 323 1
311 324 1
312 325 1
313 326 1
314 327 1
315 328 1
316 329 1
316 330 1
317 331 1
317 332 1
318 333 1
318 334 1
319 335 1
319 336 1
319 337 1
319 338 1
320 339 1
321 340 1
321 341 1
321 342 1
322 343 1
322 344 1
322 345 1
322 346 1
323 347 1
324 348 1
324 349 1
324 350 1
324 351 1
325 352 1
326 353 1
327 354 1
327 355 1
328 356 1
329 357 1
330 357 1
331 357 1
332 358 1
333 359 1
334 360 1
335 360 1
336 361 1
337 361 1
338 361 1
339 361 1
340 362 1
341 362 1
342 363 1
343 363 1
344 363 1
345 364 1
346 365 1
347 365 1
348 365 1
349 366 1
350 366 1
351 367 1
352 367 1
353 368 1
354 368 1
355 369 1
356 370 1
357 371 1
358 372 1
359 373 1
360 374 1
361 375 1
362 376 1
363 377 1
364 378 1
365 379 1
366 380 1
367 380 1
368 381 1
369 382 1
370 383 1
371 384 1
372 385 1
372 386 1
372 387 1
373 388 1
374 389 1
374 390 1
375 391 1
376 392 1
377 393 1
378 394 1
378 395 1
379 396 1
380 397 1
380 398 1
381 399 1
382 400 1
382 401 1
383 402 1
384 403 1
385 404 1
386 405 1
387 406 1
388 407 1
389 408 1
390 409 1
391 410 1
392 411 1
393 412 1
394 413 1
395 414 1
396 414 1
397 415 1
398 416 1
399 417 1
400 418 1
401 419 1
402 420 1
403 421 1
404 422 1
405 423 1
406 424 1
407 425 1
408 426 1
409 427 1
410 428 1
410 429 1
411 430 1
412 431 1
413 432 1
414 433 1
415 434 1
416 435 1
417 436 1
418 437 1
419 438 1
420 439 1
420 440 1
421 441 1
422 442 1
423 443 1
424 444 1
424 445 1
425 446 1
426 447 1
427 448 1
428 449 1
428 450 1
428 451 1
429 452 1
430 453 1
431 454 1
432 455 1
433 456 1
434 457 1
435 458 1
436 459 1
436 460 1
437 461 1
438 462 1
438 463 1
439 464 1
440 464 1
441 465 1
442 466 1
443 467 1
444 468 1
445 469 1
446 470 1
447 470 1
448 471 1
449 472 1
450 473 1
451 474 1
452 474 1
453 474 1
454 474 1
455 475 1
456 476 1
457 477 1
458 478 1
459 478 1
460 478 1
461 479 1
462 479 1
463 480 1
464 481 1
465 482 1
466 483 1
467 484 1
468 485 1
469 486 1
470 487 1
471 488 1
471 489 1
472 490 1
473 491 1
474 492 1
475 493 1
476 494 1
477 495 1
478 496 1
479 497 1
480 498 1
480 499 1
481 500 1
482 500 1
483 500 1
484 500 1
485 500 1
486 500 1
487 500 1
488 500 1
489 500 1
490 500 1
491 500 1
492 500 1
493 500 1
494 500 1
495 500 1
496 500 1
497 500 1
498 500 1
499 500 1
