1 0 3 3
33 36 5 10
29 26 1 26
0 4 7 9
2 6 5 10
19 34 26 36
13 2 5 7
1 11 1 7
10 0 19 22
18 6 18 23
7 9 4 7
7 17 23 22
4 2 4 2
0 0 6 1
14 1 22 12
14 14 16 16
0 3 9 14
13 12 14 12
3 17 6 30
1 2 2 2
16 0 12 18
4 4 5 6
25 15 12 34
18 7 8 29
8 3 18 3
6 0 22 7
1 1 2 10
11 5 17 14
30 17 30 28
12 11 16 7
2 2 0 1
13 13 5 7
6 9 8 11
2 2 0 0
3 0 5 6
3 26 32 14
29 12 28 16
13 23 7 12
10 30 7 23
1 20 9 16
15 14 20 25
0 2 0 0
12 9 16 20
19 3 12 8
8 2 5 7
0 2 0 0
35 19 6 8
16 17 16 18
5 31 12 28
27 11 1 2
15 2 6 2
11 27 14 17
0 6 10 9
3 5 5 8
4 15 19 13
12 6 22 22
13 18 7 6
22 10 11 8
15 1 30 22
1 5 1 0
5 18 0 11
10 18 10 14
0 19 11 6
7 4 31 15
2 1 1 2
13 5 8 3
2 5 7 2
15 13 15 19
1 1 6 6
24 6 21 6
23 21 1 13
18 6 4 1
8 29 2 20
10 14 4 6
0 4 2 0
8 2 13 13
2 7 34 16
11 6 5 9
9 10 11 1
0 0 0 2
8 2 11 10
5 14 9 1
17 10 2 10
7 5 7 0
11 13 5 9
17 33 25 9
0 2 0 1
0 0 2 0
19 2 14 10
0 3 6 3
18 8 14 9
12 3 7 3
9 8 9 7
4 11 0 2
8 8 16 4
0 2 0 3
22 21 17 9
15 12 17 16
9 0 10 5
7 3 7 9
2 2 0 14
5 5 8 1
2 2 1 0
1 1 21 10
30 4 15 2
6 8 2 8
3 0 2 0
2 2 1 2
25 18 14 25
22 10 17 7
10 6 8 12
31 30 8 24
6 6 7 2
35 13 24 1
4 0 8 9
0 1 4 4
2 8 5 1
1 0 1 3
30 5 27 7
15 12 13 11
0 1 1 2
10 13 1 9
17 12 15 12
10 5 1 5
17 33 18 6
15 8 14 4
28 23 11 20
2 0 1 2
3 3 4 1
6 4 3 2
6 1 4 4
5 3 8 2
22 5 23 18
22 0 7 22
4 0 5 10
19 27 7 24
10 17 20 2
2 2 4 1
1 1 17 6
12 10 4 9
15 3 6 18
0 0 2 3
16 8 6 2
22 24 4 16
10 8 4 2
13 13 14 0
4 8 6 5
3 5 16 9
0 3 0 2
22 11 5 3
18 14 10 5
35 31 4 24
27 11 22 17
12 12 34 7
15 21 6 16
10 14 5 34
10 2 8 16
1 2 6 4
4 10 12 1
18 30 3 21
1 15 22 1
25 22 19 22
11 6 1 0
22 5 0 9
9 25 21 16
0 3 6 0
19 2 19 10
1 0 0 1
4 6 5 6
18 14 10 26
16 17 9 19
16 16 18 6
7 11 17 20
5 1 6 1
2 5 7 2
7 28 8 27
26 27 11 0
5 17 10 16
0 1 1 2
2 19 1 15
22 16 27 13
0 1 0 2
1 0 1 2
4 13 25 28
1 0 2 1
9 8 6 2
5 11 24 9
13 15 7 9
0 1 3 5
18 4 23 11
1 1 0 0
10 3 2 4
5 2 0 0
1 1 2 0
5 4 5 7
14 15 22 15
15 2 16 11
17 13 5 1
13 10 14 4
28 14 31 35
11 23 20 25
12 3 12 6
2 2 0 0
2 0 0 1
3 6 3 5
12 6 7 9
0 14 3 17
21 17 8 7
14 5 11 12
11 17 13 10
16 21 17 4
19 2 22 7
5 2 1 0
22 15 21 30
2 9 11 6
3 3 1 2
6 7 16 2
0 3 0 0
2 10 0 10
6 23 24 22
11 6 6 10
0 1 2 1
5 15 1 13
0 1 1 0
6 20 24 10
6 2 4 1
5 5 5 7
13 12 12 8
10 23 17 18
2 24 13 27
3 19 15 24
5 6 12 8
3 9 10 7
24 13 5 18
23 23 4 22
17 10 18 9
24 23 2 9
21 0 18 14
0 1 2 3
14 10 10 8
16 12 5 0
7 31 19 13
16 7 26 15
1 3 1 2
16 6 15 13
18 30 15 21
7 6 9 5
5 10 9 7
1 2 2 2
5 16 9 13
3 6 5 6
12 12 25 8
2 0 1 0
2 14 4 8
14 16 17 9
7 22 15 32
9 2 9 9
1 7 2 9
13 1 9 26
19 25 23 26
33 1 16 6
2 8 7 13
4 6 5 5
5 1 4 6
7 2 0 8
0 2 2 2
6 12 5 6
2 0 2 1
14 16 0 13
10 32 25 29
8 3 6 2
1 7 7 7
21 7 26 0
0 2 0 1
6 27 27 23
3 0 2 0
11 30 14 34
2 6 5 3
13 16 13 15
16 10 0 15
5 6 17 27
8 20 17 15
10 3 2 10
9 12 10 12
12 4 9 9
11 13 1 14
4 15 20 14
6 5 0 4
24 10 22 8
16 8 7 2
1 19 15 16
7 2 19 20
6 5 10 8
1 1 0 2
5 8 12 7
3 3 4 3
4 30 19 18
21 24 18 6
1 3 3 0
6 1 2 14
20 3 27 26
4 13 2 5
17 9 2 21
5 23 24 4
7 13 17 4
8 9 16 16
12 2 0 8
7 26 17 6
4 1 1 1
10 14 13 5
12 18 26 18
30 13 1 12
1 4 5 0
10 6 6 3
32 22 13 34
9 14 14 0
2 0 3 4
4 6 8 7
4 7 1 29
12 9 20 15
17 21 3 21
21 4 2 9
21 16 17 0
4 12 1 9
2 11 9 35
19 6 12 19
7 6 3 6
17 17 11 10
0 3 2 3
18 0 4 4
25 6 23 5
7 3 13 6
18 15 19 15
4 4 3 3
2 9 8 26
12 25 6 25
4 6 0 4
5 4 3 8
21 29 18 16
1 6 0 3
19 19 2 23
7 4 4 10
24 4 3 16
1 2 0 6
29 12 2 9
6 5 4 1
27 5 33 18
22 7 0 13
1 4 3 0
7 21 9 16
32 0 3 23
20 20 15 10
13 11 16 5
4 7 11 20
2 3 8 8
5 0 18 19
12 12 13 13
16 22 4 20
3 0 4 1
16 14 4 14
11 4 7 29
21 23 26 29
13 9 5 5
17 7 12 18
2 8 8 2
12 12 0 11
2 8 1 8
14 5 10 2
28 5 15 9
8 4 1 7
4 5 0 1
2 4 4 7
24 7 23 20
16 7 5 3
5 0 12 8
1 7 12 29
5 3 0 3
5 4 6 4
14 15 30 8
11 6 3 3
12 14 11 28
6 1 15 5
5 6 8 3
34 6 28 17
6 13 20 12
26 17 11 1
5 1 3 0
22 3 17 6
12 2 1 2
4 3 0 1
3 5 9 20
0 1 1 2
6 6 10 1
11 3 8 5
7 11 6 35
15 4 2 7
3 0 5 4
1 5 15 2
25 18 1 14
17 8 14 4
13 6 18 23
7 10 5 2
20 29 12 3
4 4 4 4
3 1 2 3
25 20 15 12
12 7 5 7
16 3 2 11
16 9 24 24
11 29 26 27
18 16 5 20
31 13 18 5
0 2 11 10
1 2 2 0
14 4 4 12
18 13 13 16
21 30 18 16
12 6 14 8
27 21 1 19
2 2 1 1
22 16 10 9
1 6 5 5
1 1 4 1
22 18 12 25
0 5 10 3
28 14 3 26
1 16 5 11
3 3 2 2
7 2 8 7
16 3 1 8
28 20 7 26
4 0 0 2
12 6 5 3
15 13 28 10
11 5 1 7
2 12 3 3
4 19 21 10
3 4 3 2
7 4 10 4
9 14 1 11
5 6 5 4
2 1 2 2
12 3 8 6
2 1 6 9
11 24 4 23
19 27 5 8
2 1 2 2
3 7 6 3
25 28 5 23
5 19 0 3
1 0 1 1
0 7 5 12
2 0 3 0
25 13 22 19
14 17 0 30
6 7 2 6
25 22 11 2
13 6 11 9
5 1 16 1
4 4 5 6
30 9 13 19
17 17 4 13
26 29 17 28
15 12 3 3
12 11 1 10
0 8 3 6
0 6 3 7
16 13 10 15
2 1 1 1
14 18 3 27
26 22 8 8
16 6 21 16
2 23 30 31
27 21 2 27
7 3 12 12
2 0 2 0
17 30 26 1
6 22 7 2
12 3 9 6
20 1 3 3
15 4 18 26
16 12 12 4
27 13 7 29
8 13 14 10
1 2 16 1
16 16 14 3
9 23 2 14
1 0 1 0
5 12 19 34
11 7 13 8
19 22 32 13
8 10 7 2
0 0 0 2
1 1 1 4
10 9 2 5
15 20 12 9
1 22 13 21
4 6 1 1
5 23 8 28
3 13 4 16
4 3 6 6
2 4 4 0
11 12 12 23
3 5 1 5
0 13 2 9
11 0 10 12
2 0 0 2
22 28 30 18
12 12 15 15
16 8 19 15
1 0 2 1
5 6 8 7
18 17 7 10
0 5 4 12
26 25 8 11
10 8 4 5
3 5 6 5
7 12 5 4
11 9 5 3
2 6 9 10
16 9 18 22
4 2 0 2
20 19 25 16
10 14 6 5
0 0 2 2
11 10 1 3
25 21 15 3
5 0 15 7
13 2 18 26
11 6 13 3
1 9 16 2
17 16 4 11
6 12 5 22
22 2 3 27
5 0 6 21
2 1 2 2
14 8 13 5
22 2 6 18
12 6 12 1
23 20 22 17
6 5 5 0
12 8 10 4
25 15 14 19
0 2 19 4
0 1 2 1
3 6 1 0
1 1 11 7
21 19 27 15
15 10 23 15
1 2 0 2
0 1 2 2
9 5 1 9
7 0 0 22
9 9 19 22
5 7 2 7
8 19 10 19
1 1 2 2
15 5 20 0
4 10 23 9
3 10 11 8
1 1 0 4
15 12 12 8
13 15 2 3
0 26 3 9
10 1 7 9
23 0 0 19
13 0 5 6
10 16 16 11
3 6 2 15
10 5 20 19
1 4 24 0
6 0 4 6
13 25 25 32
7 11 3 1
31 16 6 15
18 9 24 7
1 10 4 4
34 3 34 10
5 24 22 11
24 24 27 28
7 1 3 4
2 0 2 14
9 7 1 3
9 5 5 4
1 1 1 1
22 10 20 16
8 6 1 3
0 2 4 3
13 12 1 8
17 17 12 7
2 1 2 2
10 5 16 14
7 4 5 3
6 1 4 1
11 1 8 11
20 8 3 0
0 6 7 4
9 24 15 25
23 13 1 8
0 7 1 4
