1 2 15
1 3 85
1 4 10
1 5 74
2 6 32
2 7 74
2 8 68
3 9 18
3 10 13
3 11 35
3 12 67
4 13 49
4 14 70
4 15 99
4 16 17
4 17 47
5 18 32
5 19 26
5 20 28
6 21 44
7 22 86
8 23 9
9 23 73
10 24 63
11 25 26
12 25 84
13 26 68
14 27 80
15 28 58
16 29 73
17 30 49
18 31 3
19 31 2
20 31 33
21 32 23
22 33 30
22 34 77
23 35 49
24 36 5
25 37 85
26 38 24
27 39 78
27 40 42
28 41 74
29 42 92
29 43 76
30 44 86
31 45 81
32 46 60
33 47 26
33 48 16
34 49 96
35 50 5
36 51 64
37 52 88
38 53 51
39 54 51
39 55 79
40 56 94
41 57 51
42 58 66
43 59 56
44 60 8
45 61 27
46 62 94
47 63 60
48 63 2
49 64 99
50 65 96
51 66 11
52 67 17
53 68 81
54 69 87
55 69 13
56 70 72
57 71 54
58 72 85
59 73 70
60 74 76
61 75 15
62 76 13
63 77 25
64 78 79
65 79 50
66 80 85
67 81 49
68 82 39
69 83 19
70 84 48
71 85 33
72 86 68
73 87 43
74 88 25
75 89 58
76 90 89
77 90 33
78 90 20
79 90 21
80 90 15
81 90 35
82 91 81
83 91 86
84 91 76
85 91 32
86 91 2
87 92 50
88 92 24
89 92 75
90 93 13
91 94 28
91 95 68
91 96 88
92 97 25
92 98 85
92 99 7
92 100 20
92 101 83
93 102 44
94 103 99
94 104 29
95 105 6
95 106 94
96 107 12
97 108 99
97 109 39
98 110 39
99 111 62
99 112 40
100 113 44
101 114 76
102 115 52
103 116 40
104 117 56
105 117 80
106 117 26
107 118 6
108 119 2
109 120 4
110 120 35
111 121 39
112 122 59
113 122 53
114 123 89
115 124 7
116 125 16
116 126 45
117 127 47
118 128 29
119 129 11
120 130 65
121 131 57
122 132 3
123 133 39
124 134 93
124 135 15
125 136 24
126 137 17
127 138 48
128 139 14
128 140 21
129 141 2
130 142 66
131 143 19
132 144 94
132 145 82
133 146 26
134 147 60
135 147 29
136 148 29
137 149 54
138 149 44
139 150 44
140 150 19
141 151 6
142 152 16
143 153 89
144 154 47
145 155 94
146 155 92
147 156 25
147 157 97
148 158 51
148 159 3
149 160 60
150 161 98
151 162 85
152 163 10
152 164 47
153 165 81
154 166 62
154 167 92
155 168 45
156 169 84
157 170 62
158 171 31
159 171 70
160 172 25
161 173 90
162 174 56
163 175 86
164 176 32
165 177 10
166 178 90
167 178 68
168 179 31
169 180 43
170 181 49
171 182 23
172 183 89
173 184 78
174 185 20
174 186 58
175 187 84
175 188 54
176 189 17
177 190 8
178 191 46
178 192 94
179 193 95
180 194 5
181 195 28
182 196 5
183 197 38
184 198 87
185 199 61
186 200 85
187 201 26
188 202 28
189 203 66
190 204 22
191 205 6
192 206 27
192 207 10
193 208 80
193 209 71
194 210 84
195 210 82
196 211 93
197 212 63
198 213 16
199 213 30
200 214 48
201 215 18
202 216 59
203 217 60
204 218 17
205 219 72
206 220 74
207 221 30
208 222 30
209 222 89
210 223 5
210 224 22
210 225 23
211 226 49
211 227 29
211 228 48
212 229 72
212 230 38
212 231 28
213 232 4
213 233 54
213 234 77
213 235 26
214 236 56
214 237 28
214 238 32
214 239 68
215 240 91
215 241 5
216 242 4
216 243 49
216 244 15
216 245 83
217 246 15
217 247 46
218 248 70
218 249 99
218 250 4
218 251 59
219 252 70
219 253 72
219 254 67
219 255 8
219 256 29
220 257 45
220 258 43
220 259 50
221 260 29
221 261 42
221 262 65
222 263 66
222 264 86
223 265 68
224 266 92
225 266 71
226 267 56
227 267 71
228 267 75
229 267 20
230 267 20
231 268 15
232 268 46
233 269 64
234 269 43
235 269 16
236 269 39
237 270 90
238 270 75
239 270 92
240 271 77
241 271 12
242 271 10
243 272 85
244 272 84
245 272 12
246 273 67
247 273 98
248 274 5
249 274 5
250 274 99
251 275 32
252 275 29
253 276 74
254 276 42
255 277 43
256 277 58
257 277 48
258 277 72
259 277 72
260 277 74
261 278 59
262 278 13
263 278 71
264 278 72
265 279 11
265 280 70
266 281 12
266 282 96
267 283 77
268 284 23
268 285 83
268 286 27
269 287 62
270 288 12
271 289 51
271 290 77
271 291 57
271 292 38
272 293 31
273 294 81
274 295 37
275 296 85
276 297 97
277 298 90
277 299 26
278 300 37
278 301 1
279 302 11
280 302 54
281 303 42
282 303 2
283 304 18
284 305 98
285 306 69
286 307 79
287 307 28
288 307 19
289 307 47
290 308 96
291 308 3
292 308 71
293 309 81
294 309 50
295 309 25
296 310 48
297 310 3
298 310 37
299 310 83
300 310 39
301 311 89
302 312 75
302 313 66
303 314 89
303 315 28
304 316 31
305 317 43
306 318 13
307 319 64
307 320 36
307 321 71
308 322 82
309 323 81
309 324 44
310 325 40
311 326 9
311 327 81
312 328 46
313 328 11
314 328 77
315 329 57
316 329 94
317 330 95
318 331 8
319 331 28
320 331 75
321 332 96
322 333 25
323 333 71
324 334 75
325 335 9
326 335 77
327 335 43
328 336 44
328 337 98
328 338 1
329 339 88
330 340 9
330 341 8
330 342 32
331 343 97
331 344 11
331 345 96
331 346 86
332 347 70
332 348 74
333 349 80
334 350 63
334 351 36
334 352 43
335 353 88
336 354 45
337 354 74
338 354 1
339 355 15
340 355 60
341 355 9
342 356 50
343 356 69
344 357 28
345 357 73
346 358 3
347 359 35
348 360 26
349 361 91
350 362 82
351 362 4
352 363 71
353 363 98
354 364 73
355 365 39
356 366 36
357 367 26
358 368 82
359 369 72
360 370 60
361 371 41
362 372 76
363 373 75
364 374 25
365 375 40
366 376 22
367 377 74
368 378 76
369 379 94
370 379 69
371 380 44
372 381 97
373 382 22
374 383 11
375 384 51
376 385 11
377 386 94
378 387 3
379 388 12
380 389 29
381 390 38
382 391 7
383 392 47
384 393 12
385 394 65
386 395 70
387 396 80
388 397 27
389 397 29
390 398 24
391 399 29
392 400 52
393 401 51
394 402 44
395 403 83
396 404 60
397 405 47
398 406 96
398 407 9
399 408 10
400 409 25
401 410 55
402 411 75
402 412 2
403 413 53
404 414 65
405 415 39
406 416 33
407 417 25
408 418 40
409 419 88
410 420 15
411 421 59
412 422 65
413 423 15
414 424 73
415 425 47
416 426 70
417 427 36
418 428 29
419 429 94
420 430 15
420 431 67
421 432 81
421 433 19
421 434 80
422 435 16
422 436 13
423 437 49
423 438 75
424 439 29
424 440 8
425 441 30
425 442 51
426 443 1
427 444 50
427 445 54
428 446 33
429 447 95
430 447 75
431 447 34
432 447 87
433 447 13
434 448 62
435 448 64
436 448 94
437 449 13
438 450 77
439 451 83
440 451 59
441 452 84
442 453 43
443 453 98
444 454 23
445 454 25
446 454 53
447 455 76
448 456 88
449 457 22
450 458 7
450 459 91
451 460 30
452 461 87
452 462 48
453 463 51
453 464 96
454 465 83
454 466 29
455 467 17
455 468 55
455 469 59
456 470 30
457 471 4
457 472 84
458 473 65
459 474 91
459 475 11
460 476 40
461 477 19
462 478 23
463 479 83
463 480 61
463 481 56
464 482 13
464 483 59
465 484 57
466 485 55
467 486 33
468 487 10
469 488 73
470 489 73
471 490 27
472 490 13
473 491 35
474 491 94
475 491 72
476 492 27
477 492 44
478 493 21
479 494 47
480 494 57
481 495 29
482 496 36
483 497 29
484 498 86
485 499 76
486 500 63
487 500 57
488 500 5
489 500 24
490 500 75
491 500 12
492 500 14
493 500 46
494 500 54
495 500 59
496 500 97
497 500 59
498 500 6
499 500 32
