5 5 9 6
5 9 7 6
5 5 9 4
10 19 17 16
6 2 5 4
17 17 17 12
11 18 12 16
17 13 6 14
5 5 4 3
5 4 2 4
8 4 12 9
2 4 2 5
10 8 5 6
8 16 10 6
6 3 8 8
17 7 6 6
13 13 15 11
5 4 2 2
18 21 10 19
19 10 19 9
6 5 6 7
20 9 15 21
15 11 14 10
10 17 19 18
11 14 15 9
5 11 5 7
13 9 17 11
6 6 2 3
8 5 8 5
13 10 11 8
11 13 5 8
10 12 23 13
14 16 13 20
13 8 8 15
6 12 10 7
5 4 6 7
11 10 26 13
12 12 8 9
10 10 12 6
17 20 18 15
11 16 6 13
14 6 16 16
4 7 8 6
13 16 17 24
5 4 5 3
13 21 14 16
10 21 26 23
1 1 1 2
4 6 6 5
7 7 5 4
8 13 16 9
10 11 15 11
1 2 2 1
15 9 15 12
14 19 20 16
14 8 16 21
12 9 7 14
10 14 18 10
8 6 10 6
7 11 5 7
5 5 4 2
14 12 13 18
9 11 15 9
17 8 16 11
6 6 7 4
1 3 1 1
18 9 11 9
12 9 7 11
6 6 5 9
23 14 21 11
2 2 2 3
8 6 17 10
26 14 21 18
5 6 3 3
7 8 10 13
8 11 7 11
6 14 6 14
15 7 6 12
15 14 5 11
16 9 13 15
9 9 5 4
15 17 18 16
6 3 5 6
16 15 10 6
17 25 26 9
1 2 1 3
18 25 19 11
18 6 6 18
3 9 5 7
2 2 2 1
7 3 8 4
4 2 5 3
17 9 11 9
18 11 24 24
20 14 14 13
11 11 5 5
4 5 9 4
7 9 3 5
15 16 15 21
9 9 12 12
9 9 4 7
3 2 1 3
1 1 1 1
16 17 11 14
9 13 21 8
13 13 9 8
7 10 10 11
15 7 16 7
5 3 2 5
6 6 6 7
1 2 1 2
16 19 20 21
1 1 2 1
8 16 10 17
14 18 9 9
15 7 12 6
10 10 11 14
7 10 14 9
3 8 4 5
12 19 21 9
6 8 7 6
8 6 5 7
7 10 15 5
23 23 17 10
8 12 19 7
21 17 23 10
16 10 16 13
5 5 8 6
21 23 8 10
17 12 15 11
9 4 8 9
5 13 8 8
17 15 9 11
5 12 12 15
5 12 5 8
5 4 3 3
5 9 6 3
3 4 6 7
11 8 8 7
6 7 9 8
18 10 20 19
16 9 12 16
12 12 18 19
14 15 12 12
9 27 21 25
21 24 15 21
8 6 6 8
4 7 9 7
14 9 22 23
22 20 23 24
5 10 8 11
5 3 4 5
17 7 18 17
13 14 17 13
13 21 21 24
1 1 3 2
6 4 5 5
7 6 11 4
10 11 11 23
4 11 11 5
13 11 17 9
24 22 8 11
15 13 12 18
2 4 5 4
7 3 4 9
8 7 8 9
2 3 5 4
10 12 9 7
10 26 19 15
9 8 3 3
4 2 5 5
25 18 19 9
6 7 3 5
12 17 16 15
7 8 7 3
2 2 4 6
2 2 3 1
5 6 12 11
8 7 5 7
12 7 5 5
2 1 1 1
8 9 14 12
3 2 3 3
2 2 5 3
9 10 21 8
11 9 9 11
4 5 3 6
6 12 12 9
1 1 2 2
3 7 7 7
5 5 3 4
17 23 16 12
8 18 19 12
12 10 10 6
8 9 6 11
11 8 8 15
10 8 10 10
7 4 4 4
10 12 22 13
6 3 2 2
2 2 6 6
8 12 7 9
8 11 12 7
7 5 4 9
3 3 8 4
21 13 9 11
19 20 21 9
6 8 15 11
18 13 13 8
14 17 18 8
6 6 15 15
4 6 6 3
4 5 2 6
13 11 13 15
13 10 8 17
12 4 12 11
8 12 19 16
1 2 1 1
7 15 14 9
1 1 2 2
13 17 20 19
9 16 16 15
1 2 1 3
9 15 22 19
13 21 7 8
21 14 21 19
5 10 5 4
7 9 6 6
15 23 23 12
4 5 5 3
5 6 8 5
14 12 8 11
16 9 7 6
24 16 14 9
4 6 5 2
14 13 10 13
12 7 13 17
20 18 16 23
17 17 10 9
2 2 1 1
6 12 15 15
7 17 9 14
5 4 5 4
10 12 14 13
11 11 6 15
6 13 12 13
11 13 6 10
23 12 21 17
14 23 21 9
3 3 3 3
17 17 13 13
23 17 23 11
3 7 7 5
11 12 16 14
1 1 1 1
18 7 9 12
2 1 1 3
2 1 3 2
23 15 13 15
7 14 12 8
5 3 8 7
13 8 12 15
15 7 16 10
4 4 3 3
16 9 6 8
13 12 15 14
15 13 17 7
9 19 19 20
5 4 10 6
7 7 8 10
4 7 8 6
6 5 2 5
1 1 1 1
2 3 2 2
13 20 20 9
7 16 16 13
13 19 14 10
5 9 8 9
7 6 3 4
6 6 6 6
4 5 3 4
8 6 3 4
2 1 2 2
9 5 7 3
3 5 2 3
4 10 7 7
3 5 4 5
6 3 6 5
22 11 25 16
9 12 6 6
7 21 21 9
17 15 16 8
16 11 9 13
14 8 21 12
16 18 12 11
20 16 12 10
20 11 9 10
5 4 3 7
9 4 10 4
4 3 2 2
7 5 12 5
3 5 3 3
6 10 5 4
5 3 4 2
20 14 16 21
6 5 3 8
8 12 14 5
9 10 12 12
6 5 10 7
3 5 3 5
5 5 3 3
12 23 19 20
4 8 5 8
10 11 16 15
12 23 25 13
1 2 2 2
8 15 8 7
12 14 13 8
18 24 23 21
5 3 8 7
13 11 13 6
4 4 8 6
5 3 4 5
8 8 5 7
6 8 6 4
7 12 10 11
11 26 12 21
11 25 22 9
13 17 18 12
18 10 17 7
12 12 16 16
8 12 16 15
6 2 6 3
7 4 4 8
2 1 2 1
1 2 2 1
3 4 7 7
11 4 11 4
13 11 11 5
3 1 1 3
10 15 8 7
10 22 17 26
7 4 4 5
13 19 7 12
3 5 7 7
16 24 18 14
12 16 10 18
11 9 13 11
8 9 9 20
14 10 7 7
17 16 7 16
8 18 7 18
7 9 4 6
13 14 15 13
11 19 11 9
5 8 4 9
20 14 16 19
8 8 6 7
4 5 3 2
3 5 6 3
6 7 7 3
19 20 19 10
8 10 8 12
20 9 14 7
4 5 4 5
17 15 7 17
12 10 10 14
16 14 10 12
1 1 2 2
17 11 16 19
9 7 6 6
7 8 10 8
16 17 13 27
9 13 12 6
5 3 3 5
17 16 22 9
19 14 13 15
5 2 4 3
2 5 5 3
11 7 7 8
21 14 26 23
1 1 3 2
3 4 2 5
21 21 11 12
8 16 12 14
20 8 21 22
1 1 1 1
10 6 8 8
11 10 15 7
7 10 13 7
16 15 17 10
8 6 4 3
9 15 10 21
19 8 18 17
9 12 6 4
21 8 12 14
7 7 8 14
9 8 15 13
14 12 12 10
16 12 14 14
23 19 8 18
5 6 7 6
9 7 9 10
15 17 11 13
11 15 9 9
9 9 27 10
10 9 7 9
12 6 11 13
5 14 13 14
17 16 18 9
3 5 8 5
23 11 22 25
25 23 19 9
9 10 10 5
8 14 5 9
5 8 5 7
9 12 13 10
5 9 13 5
3 1 2 1
11 12 16 12
8 7 11 7
5 6 11 11
2 2 3 3
20 21 11 9
7 21 14 14
7 9 5 11
5 2 5 6
4 6 3 5
15 8 9 10
14 5 14 7
23 17 24 14
16 10 17 11
9 17 9 12
19 16 12 17
3 3 1 1
4 4 3 3
10 7 9 11
17 13 10 17
2 2 2 2
11 10 25 23
1 2 1 3
5 5 2 5
3 4 3 7
8 9 6 11
18 18 24 11
4 3 6 2
15 9 15 18
13 14 13 16
12 24 23 9
12 14 13 14
16 20 10 10
9 13 8 15
7 9 10 9
7 4 10 11
15 12 20 18
14 8 17 14
14 5 13 12
10 21 9 21
18 18 15 13
2 4 5 3
9 9 8 7
12 5 13 10
7 7 7 7
13 16 18 19
12 10 15 7
5 4 7 12
15 14 6 13
9 12 10 6
14 26 10 10
3 3 7 8
8 13 15 12
16 13 23 19
7 8 8 3
10 21 25 25
13 24 24 21
23 20 21 12
21 15 18 14
8 19 19 8
2 3 4 4
1 1 1 2
21 23 8 14
17 16 21 14
11 11 7 11
8 4 3 6
4 8 7 10
11 17 11 11
5 6 9 7
6 8 8 10
15 11 22 22
13 10 8 16
18 15 27 16
24 9 21 13
22 12 16 21
1 1 2 3
5 7 12 5
6 7 12 11
17 18 9 10
19 19 17 9
1 1 2 1
2 1 2 3
16 13 9 14
2 3 1 1
12 14 19 14
15 19 20 7
4 6 3 3
10 19 10 23
5 5 3 4
18 12 12 7
18 17 11 10
6 4 6 9
3 2 2 1
13 13 10 6
18 7 18 19
22 8 16 21
8 12 7 4
19 15 9 15
2 3 1 3
4 7 5 6
10 14 5 9
3 2 4 2
17 23 8 23
10 14 13 10
18 16 8 13
20 14 19 21
2 2 2 1
15 10 13 25
4 3 2 4
8 8 6 12
3 3 2 2
11 10 11 6
26 16 18 15
1 1 2 3
14 13 17 18
4 4 7 4
2 4 2 5
5 4 8 12
2 1 2 3
5 3 4 5
17 11 17 16
9 23 14 24
2 1 1 2
5 4 3 4
4 7 4 5
2 2 2 4
2 1 2 2
19 11 21 12
3 2 3 5
2 2 1 2
7 4 3 4
8 7 4 6
10 9 8 12
5 3 4 4
2 2 2 1
9 9 7 8
5 4 3 5
5 2 3 2
21 12 15 16
6 6 5 4
9 14 13 11
2 3 6 6
20 8 9 9
11 9 12 7
14 14 12 11
11 6 9 7
10 17 15 10
10 5 13 5
9 5 12 8
13 16 8 9
2 6 2 4
4 2 4 4
9 13 13 24
7 6 7 8
13 16 10 24
25 9 10 15
4 9 12 7
9 15 11 8
24 23 10 15
7 6 8 5
16 11 9 8
15 12 25 19
5 7 12 13
14 10 15 11
5 8 9 5
1 3 2 2
6 7 12 17
8 12 8 12
3 4 3 5
7 3 3 9
15 9 9 11
24 23 18 15
10 4 5 6
13 27 16 13
26 26 20 23
15 9 23 12
7 7 17 18
11 16 24 22
18 13 8 18
23 9 18 10
8 22 11 14
20 19 20 14
10 5 6 9
14 6 15 6
15 17 12 9
5 2 6 2
5 2 5 3
2 2 1 1
4 5 4 4
17 16 20 15
22 10 10 21
6 7 10 6
5 4 3 5
10 13 16 22
25 20 17 20
2 2 3 2
5 6 3 6
8 4 6 8
5 8 12 9
11 14 13 6
15 16 14 9
23 24 23 24
9 5 6 10
21 19 20 19
8 6 7 12
2 1 1 1
7 12 6 6
4 3 6 2
15 7 12 5
10 18 23 19
7 11 10 4
27 19 22 27
22 26 14 14
14 8 10 12
2 1 2 1
8 8 6 5
26 9 10 12
10 11 19 18
6 14 12 6
8 8 11 4
1 1 3 3
7 19 15 7
9 9 4 5
4 5 5 5
24 10 14 22
5 2 3 6
5 6 8 8
13 15 17 13
9 17 11 17
4 3 5 3
4 6 7 11
2 2 2 2
4 11 9 9
10 9 6 10
4 4 8 6
9 11 11 17
5 3 5 2
3 1 1 2
13 24 10 19
9 11 8 10
14 20 19 14
21 15 11 22
13 20 20 11
12 16 13 16
2 5 5 5
1 3 3 3
3 4 5 4
4 4 5 4
16 17 8 11
5 9 6 9
1 1 1 2
1 2 2 2
2 2 1 3
4 6 7 8
4 3 4 4
7 7 9 7
11 20 23 12
19 21 13 14
5 4 10 6
23 20 23 16
17 15 19 11
22 21 24 10
8 11 6 13
5 3 5 4
23 18 20 22
13 20 9 10
8 7 12 12
3 4 4 5
16 16 13 18
25 27 20 13
5 13 10 12
3 3 2 1
5 5 9 10
5 6 6 3
4 3 6 3
6 5 2 4
5 6 9 3
6 5 4 5
21 27 23 24
8 6 9 5
15 11 8 8
15 15 15 7
4 12 9 11
3 2 2 5
2 5 2 4
7 9 6 9
13 20 14 11
9 7 9 4
5 3 5 6
21 18 10 8
3 4 4 2
8 8 11 9
10 11 14 17
8 3 8 5
7 6 3 4
2 5 3 4
2 2 1 1
8 8 6 7
13 13 11 12
11 9 13 11
10 5 8 7
11 7 17 19
19 10 12 20
11 18 14 15
19 12 22 17
12 8 7 19
11 11 10 9
11 10 14 11
5 5 3 2
15 16 13 9
9 8 23 14
7 19 12 10
7 13 17 10
4 4 2 5
1 1 2 1
4 12 12 5
3 3 1 2
1 2 2 1
5 2 5 3
8 8 21 11
22 24 15 14
9 15 19 21
15 23 19 14
7 7 17 8
27 12 9 10
4 5 4 5
2 6 5 5
7 15 11 14
8 7 16 16
7 4 7 8
2 1 1 1
1 1 2 2
18 16 20 21
2 1 1 1
6 13 12 6
5 3 2 2
12 20 17 12
15 12 6 17
5 8 3 9
10 16 22 18
13 11 5 12
11 11 11 12
7 9 7 8
3 3 4 3
13 10 14 20
3 3 8 4
2 2 2 3
23 8 14 8
8 5 6 9
9 7 6 9
1 1 2 2
16 11 15 9
3 1 3 3
3 5 4 5
10 9 11 6
13 17 14 12
1 2 1 2
1 3 1 2
2 3 2 1
10 12 6 7
7 4 5 7
1 2 2 2
19 13 19 14
3 6 7 7
3 2 2 5
5 5 5 3
6 4 8 4
2 1 2 1
14 9 15 14
9 20 10 15
22 21 12 13
5 4 7 9
18 17 13 15
12 10 14 24
4 4 3 5
2 5 6 3
4 3 3 5
2 2 2 2
10 14 10 8
11 17 24 14
6 2 6 6
5 2 3 6
24 9 13 22
2 3 2 6
14 15 5 8
9 17 23 22
6 14 13 7
8 8 20 8
5 11 9 13
14 9 11 18
2 2 2 1
2 1 3 3
22 19 22 14
24 12 15 12
18 16 14 10
2 2 4 4
15 13 14 19
3 3 4 3
8 6 9 13
5 8 9 8
6 3 3 5
10 23 25 15
11 12 5 5
5 7 5 9
23 16 16 22
2 2 2 1
7 11 10 12
18 13 24 22
8 13 12 8
14 17 7 8
7 4 4 4
10 14 11 20
13 8 14 12
12 7 11 10
6 4 10 9
5 4 7 3
5 4 3 4
12 9 13 9
8 7 8 12
5 8 8 6
2 1 2 2
5 5 10 14
16 16 10 20
16 13 12 9
15 17 13 8
13 14 12 10
6 10 7 4
11 13 10 10
12 13 11 11
7 6 3 7
6 7 8 5
3 3 2 1
8 5 7 8
4 6 3 8
24 10 11 23
3 2 4 2
7 11 8 6
10 17 19 9
7 6 6 13
16 17 18 15
13 21 13 18
21 18 15 19
6 9 6 11
3 5 6 6
5 6 8 9
24 24 20 20
16 15 17 7
22 14 24 21
26 17 11 21
22 8 21 13
11 15 5 15
8 18 13 12
14 12 13 14
5 9 11 9
9 17 8 13
3 4 8 8
5 7 11 10
3 2 1 2
4 4 7 5
16 20 17 10
17 8 15 21
16 16 7 9
5 8 6 5
7 4 9 6
7 9 12 8
8 8 9 7
3 1 1 3
17 10 9 22
18 12 24 26
10 10 6 5
13 14 9 7
18 11 13 11
14 20 10 7
3 1 2 1
19 23 18 24
14 23 20 21
8 9 7 4
13 14 8 16
7 9 3 5
6 9 5 9
10 10 15 20
11 10 17 27
