1 2 7
1 3 5
2 4 2
3 5 1
3 6 6
4 7 1
5 8 1
5 9 1
5 10 2
6 11 5
6 12 6
6 13 4
7 14 2
8 15 4
8 16 6
9 17 5
10 18 3
11 19 7
12 20 3
12 21 4
13 22 6
14 23 4
15 24 3
16 25 2
17 25 4
18 26 6
19 27 1
20 27 2
21 28 7
22 29 1
23 30 1
24 30 6
25 31 1
26 31 7
27 32 4
28 32 4
29 33 5
30 34 5
30 35 4
30 36 4
31 37 3
31 38 3
31 39 4
31 40 6
32 41 7
33 42 2
33 43 2
34 44 7
35 44 2
36 45 7
37 45 4
38 45 7
39 45 6
40 46 7
41 46 3
42 46 2
43 46 2
44 47 2
44 48 5
45 49 1
45 50 5
45 51 1
45 52 3
46 53 1
46 54 7
47 55 4
48 56 7
49 57 2
50 58 7
51 59 2
52 60 5
53 61 2
54 62 1
55 63 5
56 64 4
57 65 7
58 66 7
59 67 7
60 68 5
61 69 4
62 69 4
63 70 2
63 71 4
64 72 5
64 73 1
65 74 1
66 75 5
67 76 7
67 77 4
68 78 1
69 79 4
70 80 2
71 81 6
72 82 1
73 83 3
74 84 7
75 85 1
76 85 7
77 86 5
78 87 6
79 88 5
80 89 5
81 90 2
81 91 7
82 92 3
83 93 6
84 94 1
84 95 1
85 96 4
85 97 2
86 98 5
86 99 5
87 100 3
87 101 2
87 102 2
88 103 5
88 104 7
89 105 3
90 105 3
91 105 5
92 106 7
93 106 7
94 106 5
95 107 4
96 108 4
97 108 4
98 109 4
99 109 7
100 109 6
101 109 3
102 109 1
103 110 3
104 110 2
105 111 7
106 112 4
107 113 1
108 114 6
109 115 6
110 116 5
111 117 3
112 118 2
112 119 7
113 120 1
114 121 5
114 122 2
115 123 5
116 124 6
117 125 7
118 126 4
118 127 7
119 128 2
120 129 3
120 130 7
121 131 3
121 132 2
122 133 7
123 134 5
124 135 2
125 136 4
126 136 2
127 137 7
128 138 5
129 138 1
130 139 4
131 139 6
132 140 4
133 140 7
134 140 5
135 141 7
136 142 2
137 143 1
138 144 7
139 145 2
140 146 5
141 147 1
142 148 4
143 149 3
144 150 1
144 151 2
145 152 4
146 153 4
147 154 4
147 155 3
148 156 6
149 157 7
150 158 2
151 159 1
152 160 3
153 161 1
154 162 5
155 163 5
156 164 6
157 164 1
158 165 2
159 165 4
160 166 1
161 166 6
162 167 4
163 168 3
164 169 7
165 170 3
166 171 7
167 172 5
168 173 3
169 174 3
169 175 3
170 176 3
171 177 4
171 178 3
172 179 2
172 180 3
172 181 1
172 182 2
173 183 4
173 184 6
174 185 2
175 186 6
176 186 2
177 186 1
178 187 3
179 188 3
180 189 3
181 190 3
182 191 2
183 192 6
184 193 5
185 194 4
186 195 1
187 195 7
188 196 3
189 197 6
190 197 7
191 198 1
192 199 4
193 199 3
194 200 6
195 200 3
196 200 6
197 200 7
198 200 1
199 200 6
