1 2 1
1 3 1
2 4 1
2 5 1
2 6 1
3 7 1
3 8 1
4 9 1
5 10 1
6 11 1
7 12 1
8 13 1
9 14 1
10 15 1
11 16 1
12 17 1
13 18 1
13 19 1
14 20 1
15 21 1
16 22 1
16 23 1
17 24 1
17 25 1
18 26 1
18 27 1
19 28 1
19 29 1
20 30 1
21 31 1
22 31 1
23 32 1
24 33 1
25 34 1
26 35 1
27 35 1
28 35 1
29 36 1
30 37 1
31 38 1
32 39 1
33 40 1
34 41 1
34 42 1
35 43 1
36 44 1
36 45 1
37 46 1
38 47 1
38 48 1
39 49 1
40 50 1
41 51 1
42 52 1
43 53 1
44 54 1
45 55 1
46 56 1
47 57 1
48 58 1
49 59 1
50 60 1
51 61 1
52 62 1
53 63 1
54 64 1
55 65 1
56 66 1
57 67 1
58 68 1
59 69 1
60 70 1
61 71 1
62 72 1
63 73 1
64 74 1
65 75 1
66 76 1
67 77 1
68 77 1
69 78 1
70 79 1
71 80 1
72 81 1
73 82 1
74 82 1
75 83 1
76 84 1
77 84 1
78 85 1
79 86 1
80 86 1
81 87 1
82 87 1
83 88 1
84 89 1
85 90 1
86 91 1
87 92 1
87 93 1
88 94 1
89 95 1
90 96 1
91 97 1
92 98 1
93 98 1
94 99 1
95 100 1
96 100 1
97 100 1
98 100 1
99 100 1
