1 2 1
1 3 1
1 4 1
2 5 1
3 6 1
3 7 1
3 8 1
3 9 1
4 10 1
4 11 1
4 12 1
4 13 1
5 14 1
6 15 1
7 16 1
7 17 1
8 18 1
8 19 1
9 20 1
9 21 1
10 22 1
11 23 1
11 24 1
12 25 1
12 26 1
13 27 1
13 28 1
14 29 1
15 29 1
16 29 1
17 30 1
18 31 1
19 31 1
20 32 1
21 33 1
22 33 1
23 33 1
24 34 1
25 35 1
26 36 1
27 37 1
28 38 1
29 39 1
29 40 1
29 41 1
30 42 1
30 43 1
30 44 1
31 45 1
32 46 1
33 47 1
34 48 1
35 49 1
36 50 1
37 51 1
37 52 1
38 53 1
39 54 1
40 55 1
41 55 1
42 56 1
43 57 1
44 58 1
45 59 1
46 59 1
47 60 1
48 61 1
49 62 1
50 63 1
51 64 1
52 65 1
53 66 1
54 67 1
55 68 1
56 69 1
57 70 1
58 71 1
59 72 1
60 73 1
61 74 1
62 75 1
63 75 1
64 76 1
65 77 1
66 78 1
67 79 1
68 79 1
69 80 1
70 81 1
71 82 1
72 83 1
73 84 1
74 85 1
75 86 1
76 87 1
77 88 1
78 89 1
79 90 1
80 91 1
81 92 1
82 93 1
83 94 1
84 95 1
85 95 1
86 96 1
87 97 1
88 98 1
89 99 1
90 100 1
91 100 1
92 100 1
93 100 1
94 100 1
95 100 1
96 100 1
97 100 1
98 100 1
99 100 1
