1 2 10
1 3 6
1 4 6
2 5 11
3 6 5
3 7 12
3 8 8
3 9 11
4 10 11
5 11 1
5 12 6
6 13 8
6 14 12
7 15 6
8 16 2
9 17 4
9 18 1
10 19 4
11 20 2
12 20 4
13 20 5
14 21 5
15 22 9
16 22 12
17 23 8
18 24 7
19 25 2
20 26 6
21 27 2
22 28 9
22 29 12
23 30 4
23 31 10
24 32 13
25 33 13
25 34 9
26 35 2
27 36 8
27 37 11
27 38 12
28 39 9
29 40 10
30 41 2
31 42 9
31 43 8
32 44 9
33 45 5
34 46 8
35 47 7
36 47 7
37 48 13
38 48 13
39 49 3
40 50 7
41 50 8
42 51 4
43 51 7
44 51 9
45 52 13
46 52 13
47 53 4
48 54 1
49 55 8
49 56 9
50 57 9
51 58 7
51 59 11
52 60 8
52 61 5
52 62 5
53 63 8
54 63 3
55 64 13
56 65 10
57 66 10
58 66 10
59 67 7
60 68 5
61 69 12
62 70 2
63 71 13
64 72 2
65 73 4
66 74 5
67 74 3
68 75 3
69 76 13
70 77 4
71 78 2
72 79 4
73 80 8
74 81 8
75 82 7
76 83 3
77 84 12
78 85 6
78 86 2
78 87 11
78 88 8
79 89 5
79 90 1
79 91 13
80 92 7
80 93 13
80 94 2
80 95 7
81 96 11
81 97 8
81 98 1
81 99 2
82 100 1
82 101 1
82 102 13
83 103 4
83 104 1
83 105 2
83 106 11
84 107 9
84 108 5
84 109 8
84 110 6
85 111 7
86 111 2
87 111 3
88 112 2
89 112 13
90 112 11
91 113 7
92 113 5
93 113 9
94 113 12
95 113 5
96 114 3
97 114 4
98 115 8
99 115 5
100 115 8
101 115 13
102 115 4
103 116 7
104 116 4
105 116 13
106 116 10
107 116 2
108 117 2
109 117 5
110 117 9
111 118 3
112 119 5
113 120 9
114 120 11
115 121 12
116 122 11
117 122 8
118 123 7
119 124 8
120 125 6
121 126 3
122 127 7
123 128 7
124 129 3
124 130 10
125 131 10
125 132 11
126 133 6
127 134 10
127 135 1
127 136 6
127 137 1
128 138 8
129 139 5
130 140 9
131 141 11
132 142 8
133 143 13
134 144 7
135 145 11
136 146 4
137 147 12
138 148 7
139 149 4
140 150 1
141 151 10
142 152 4
142 153 2
143 154 1
144 155 11
145 156 4
145 157 7
146 158 9
147 159 9
148 160 1
149 160 13
150 161 8
151 162 6
152 163 4
153 164 10
154 165 1
155 166 6
156 167 9
157 168 10
158 168 1
159 169 1
160 170 4
161 171 9
162 172 5
163 173 1
164 174 8
165 175 6
166 176 7
167 177 8
168 178 6
169 179 7
170 180 1
171 180 12
172 181 10
173 181 8
174 182 4
175 183 9
176 184 10
177 184 5
178 185 13
179 186 5
180 187 5
181 188 5
181 189 1
182 190 1
182 191 4
182 192 3
183 193 1
184 194 12
184 195 13
185 196 4
186 197 7
186 198 9
186 199 12
187 200 5
188 200 1
189 200 8
190 200 10
191 200 7
192 200 2
193 200 12
194 200 8
195 200 7
196 200 12
197 200 4
198 200 9
199 200 5
