1 2 2
1 3 2
1 4 5
1 5 6
1 6 3
2 7 3
2 8 1
2 9 7
2 10 5
2 11 5
3 12 6
3 13 3
3 14 1
3 15 1
3 16 7
4 17 6
4 18 3
4 19 2
4 20 3
5 21 5
5 22 6
5 23 5
5 24 4
5 25 3
6 26 5
6 27 6
6 28 2
6 29 7
6 30 2
7 31 4
7 32 6
8 33 7
8 34 5
9 35 4
10 36 2
11 37 2
12 38 2
12 39 7
13 40 5
13 41 5
14 42 7
15 43 1
16 44 6
16 45 4
16 46 3
16 47 3
17 48 3
18 49 1
19 50 6
19 51 3
20 52 3
21 53 1
22 54 3
23 55 4
23 56 7
24 57 5
24 58 5
25 59 1
26 60 7
27 61 2
28 62 7
29 63 2
30 64 7
31 65 2
32 65 5
33 66 2
34 66 1
35 67 2
36 67 5
37 68 2
38 69 2
39 70 2
40 70 6
41 71 6
42 72 2
43 72 3
44 72 3
45 72 4
46 73 1
47 74 6
48 74 5
49 74 5
50 74 6
51 75 5
52 75 1
53 75 6
54 75 5
55 76 1
56 77 2
57 77 6
58 78 3
59 79 7
60 79 7
61 80 5
62 81 5
63 82 5
64 83 5
65 84 3
66 85 4
67 86 3
68 87 7
69 88 6
70 89 6
71 90 7
71 91 3
72 92 7
73 93 7
74 94 2
74 95 2
75 96 5
76 97 5
77 98 2
78 99 6
79 100 6
80 101 3
80 102 4
81 103 7
82 104 5
83 105 1
83 106 5
84 107 6
85 108 2
86 109 7
87 110 6
88 111 5
89 112 3
90 113 1
91 114 4
92 115 2
93 116 4
94 117 2
95 118 7
96 119 2
97 120 2
97 121 6
97 122 5
98 123 6
98 124 6
98 125 6
99 126 4
100 127 4
100 128 4
101 129 2
101 130 5
102 131 2
103 132 2
104 133 3
104 134 4
105 135 1
106 136 5
107 137 3
108 138 4
109 138 4
110 139 2
111 140 2
112 140 5
113 141 5
114 141 5
115 142 7
116 142 1
117 143 5
118 143 3
119 144 7
120 145 1
121 145 5
122 146 2
123 147 1
124 147 7
125 148 6
126 149 6
127 150 5
128 151 4
129 152 7
130 153 1
131 154 2
132 155 3
133 156 1
134 157 5
135 158 3
136 159 3
137 160 3
138 161 6
139 162 7
140 163 7
141 164 3
142 165 2
143 165 4
144 166 5
145 167 3
146 168 7
147 169 4
148 170 4
149 171 1
150 172 3
151 173 7
152 174 3
153 175 3
154 176 3
155 176 3
156 177 5
157 178 2
158 179 3
159 180 3
160 181 5
161 182 7
162 183 6
163 184 3
164 185 6
165 186 6
166 187 3
167 188 7
168 189 2
169 190 5
170 191 1
171 192 1
171 193 3
172 194 6
173 195 3
174 196 2
174 197 2
175 198 1
176 199 4
177 200 7
178 201 4
179 202 2
180 203 1
181 204 6
182 205 1
183 206 4
184 207 6
185 208 2
186 209 1
187 210 7
188 211 2
189 212 7
190 213 1
191 214 2
192 215 7
193 216 3
194 217 4
195 218 5
196 219 5
197 220 3
198 220 1
199 221 2
200 222 6
201 223 7
202 224 6
203 225 2
204 226 1
205 227 2
206 228 4
206 229 5
207 230 4
207 231 3
208 232 3
209 233 5
210 234 6
210 235 4
211 236 7
212 237 5
213 238 1
214 239 1
215 240 3
216 241 6
217 242 5
217 243 3
218 244 3
219 245 4
220 246 3
221 247 6
221 248 1
222 249 1
223 250 2
223 251 7
224 252 4
225 253 1
226 254 7
227 254 5
228 255 7
229 256 3
230 257 1
231 258 1
232 258 4
233 259 1
234 260 3
235 261 5
236 261 6
237 262 2
238 263 3
239 264 5
240 265 2
241 266 1
242 267 6
243 268 6
244 268 3
245 269 2
246 270 3
247 271 6
248 272 4
249 273 1
250 274 7
251 275 1
252 276 3
253 277 2
254 278 2
255 279 1
256 280 2
257 281 3
258 282 6
259 283 6
260 283 3
261 284 7
262 285 7
263 286 4
264 287 6
265 288 7
266 288 5
267 289 2
268 290 4
269 291 5
270 292 1
271 293 7
272 294 4
273 294 4
274 295 4
275 296 3
276 297 4
277 297 2
278 298 1
279 299 4
280 300 1
280 301 2
280 302 4
281 303 6
282 304 3
283 305 6
284 306 2
285 307 3
286 308 3
286 309 2
287 310 2
287 311 2
287 312 2
288 313 5
289 314 6
290 315 7
291 316 5
292 317 1
293 318 6
294 319 7
295 320 6
295 321 5
296 322 3
297 323 1
298 324 6
299 325 3
300 326 1
301 327 4
302 328 5
303 329 4
304 329 3
305 330 2
306 331 3
307 332 5
308 333 3
309 334 7
310 335 7
311 336 6
312 337 7
313 338 5
314 339 1
315 340 5
316 341 1
317 342 6
318 343 1
319 344 6
320 344 6
321 345 5
322 346 7
323 347 5
324 348 3
325 349 5
326 350 4
327 351 5
328 352 4
329 353 7
330 354 4
331 355 1
332 356 4
333 357 5
334 358 7
335 359 1
336 360 6
337 361 4
338 362 3
339 363 4
340 364 3
341 365 5
342 366 1
343 367 2
344 368 2
345 369 5
346 370 1
347 371 4
348 372 5
348 373 2
348 374 5
349 375 6
349 376 4
350 377 7
350 378 6
350 379 6
351 380 1
352 381 2
352 382 7
353 383 6
353 384 3
354 385 2
354 386 7
355 387 7
355 388 6
356 389 1
356 390 3
356 391 5
357 392 5
357 393 3
357 394 3
358 395 1
358 396 4
359 397 3
360 398 6
361 399 7
361 400 7
362 401 2
363 402 6
364 403 5
365 404 5
366 405 5
367 406 6
367 407 2
368 408 2
369 409 7
370 410 4
370 411 7
371 412 6
371 413 7
372 414 1
373 414 7
374 415 2
375 415 3
376 416 7
377 417 2
378 417 4
379 418 5
380 419 3
381 420 5
382 421 4
383 422 5
384 423 5
385 424 7
386 424 2
387 424 3
388 425 7
389 425 2
390 425 1
391 426 5
392 426 2
393 426 1
394 427 3
395 427 2
396 427 5
397 427 2
398 428 4
399 429 4
400 429 1
401 430 2
402 431 5
403 432 6
404 432 5
405 432 4
406 433 5
407 433 4
408 434 1
409 434 2
410 435 6
411 436 6
412 437 3
413 437 1
414 438 7
415 439 1
416 440 7
417 441 4
418 442 4
418 443 5
419 444 2
420 445 6
420 446 7
421 447 2
422 448 4
423 449 6
424 450 7
425 451 3
426 452 1
427 453 6
428 454 4
429 455 5
430 456 1
431 457 6
432 458 1
433 459 4
434 460 6
435 461 4
436 462 5
437 463 2
438 464 7
439 465 6
440 466 2
441 467 6
442 468 1
443 469 5
444 469 5
445 470 2
446 471 2
447 472 3
448 472 1
449 473 7
450 474 5
451 475 6
452 476 1
453 477 3
454 478 3
455 479 1
456 480 4
457 481 1
458 481 6
459 482 1
460 483 4
461 484 5
462 485 6
463 486 5
464 487 7
465 488 2
466 489 4
466 490 5
467 491 6
468 492 3
468 493 5
469 494 6
470 495 7
471 496 3
472 497 6
473 498 4
473 499 5
474 500 6
475 501 4
476 502 1
477 503 3
478 504 5
479 505 3
480 506 4
480 507 3
481 508 3
482 509 3
483 510 6
483 511 4
484 512 2
485 513 1
486 514 4
486 515 2
487 516 2
488 517 4
489 518 5
490 519 2
491 520 6
492 521 1
493 522 2
494 523 4
495 524 3
496 525 5
497 526 5
498 527 7
499 528 1
500 529 4
501 530 4
502 531 5
503 532 1
503 533 7
504 534 6
505 535 4
506 536 3
507 537 4
508 538 6
509 539 1
509 540 5
510 541 7
511 542 5
512 543 3
513 544 5
514 545 7
514 546 7
515 547 5
515 548 1
516 549 2
517 550 3
518 551 7
519 552 2
520 553 7
521 554 5
522 555 6
523 556 2
524 557 4
525 558 1
526 559 5
527 560 6
528 561 1
529 562 5
530 563 6
531 564 3
532 565 5
533 565 4
534 566 1
535 567 7
536 568 2
537 569 6
538 570 5
539 571 7
540 571 3
541 572 2
542 573 4
543 574 4
544 575 4
545 576 5
546 577 7
547 578 1
548 579 4
549 580 1
550 581 3
551 582 7
552 583 5
553 584 4
554 585 7
555 585 1
556 586 1
557 587 3
558 588 7
559 589 6
560 590 6
561 591 1
562 592 7
563 593 7
564 594 4
565 595 4
566 596 1
567 596 2
568 597 2
569 598 1
570 598 2
571 599 6
572 600 1
573 601 1
574 602 1
575 603 4
576 604 5
577 605 2
578 606 1
579 607 1
580 608 7
581 608 4
582 609 7
583 610 4
584 611 1
585 612 2
586 612 7
587 613 5
588 614 4
589 614 3
590 615 7
591 616 7
592 617 7
593 617 6
594 618 4
595 619 1
596 620 2
597 621 2
598 621 4
599 622 2
600 623 7
601 623 4
602 624 4
603 625 6
604 625 6
605 626 3
606 627 4
607 628 2
608 629 1
609 630 7
610 631 5
611 632 6
612 633 6
613 634 7
614 635 3
615 636 7
616 637 3
617 638 3
618 639 5
619 640 5
620 641 1
621 642 7
622 643 5
623 644 4
624 645 2
625 646 6
626 647 4
627 648 1
628 649 3
629 650 3
630 651 6
631 652 1
632 653 5
633 654 7
634 655 5
635 656 7
636 657 4
637 658 6
638 659 5
639 660 2
640 661 5
641 662 3
642 663 6
643 664 4
644 665 6
645 666 2
646 667 3
646 668 7
647 669 6
648 670 5
649 671 3
650 672 7
650 673 7
651 674 6
651 675 2
651 676 2
652 677 7
653 678 1
653 679 1
654 680 4
655 681 1
656 682 3
657 683 5
658 684 2
658 685 5
659 686 4
660 687 4
661 688 4
661 689 1
662 690 2
663 691 2
664 692 7
665 693 2
665 694 4
666 695 6
666 696 1
667 697 4
668 698 4
669 699 4
670 700 3
670 701 6
671 702 6
672 703 4
673 704 3
674 705 1
675 706 6
676 707 2
677 708 2
678 709 6
679 709 4
680 710 7
681 711 5
682 711 2
683 712 5
684 712 1
685 712 5
686 713 7
687 713 1
688 713 5
689 714 4
690 715 2
691 716 4
692 717 4
693 718 4
694 719 2
695 720 1
696 721 4
697 722 2
698 723 4
699 724 6
700 725 6
701 726 6
702 727 3
703 728 2
704 729 3
705 730 3
706 731 5
707 732 1
708 733 7
709 734 7
710 735 4
711 735 3
712 736 7
713 737 2
714 738 3
715 738 1
716 739 6
717 740 5
718 741 4
719 742 4
720 742 7
721 743 2
722 744 5
723 745 2
724 745 2
725 746 1
726 746 2
727 747 3
728 748 7
728 749 6
728 750 1
729 751 3
730 752 7
731 753 3
731 754 7
732 755 4
733 756 6
734 757 1
735 758 2
736 759 6
736 760 5
737 761 2
737 762 3
738 763 1
739 764 2
740 765 5
741 766 1
742 767 5
742 768 1
743 769 5
744 770 4
745 771 7
746 772 6
746 773 1
747 774 4
748 775 5
749 776 1
750 777 7
751 778 2
752 779 6
753 780 6
754 781 4
755 782 4
756 783 3
757 784 4
758 785 4
759 786 2
760 787 6
761 788 7
762 789 6
763 790 3
764 791 1
765 792 5
766 793 3
767 794 3
768 795 4
769 795 4
770 796 7
771 796 4
772 797 2
773 798 7
774 799 3
775 800 2
776 800 4
777 800 6
778 800 5
779 800 7
780 800 3
781 800 1
782 800 7
783 800 3
784 800 6
785 800 5
786 800 6
787 800 2
788 800 1
789 800 2
790 800 1
791 800 5
792 800 1
793 800 6
794 800 7
795 800 5
796 800 6
797 800 7
798 800 5
799 800 1
