1 6 12 15
4 1 23 4
20 18 18 1
9 18 0 8
6 4 5 1
0 0 1 0
21 18 8 17
7 21 7 5
7 13 22 2
4 4 2 10
2 14 7 9
2 1 1 2
2 2 0 0
22 21 1 16
4 1 4 0
6 0 3 1
0 4 0 8
22 1 17 1
2 11 13 0
24 6 2 20
4 1 4 1
1 18 18 19
10 10 12 12
5 0 0 4
8 8 21 10
9 0 6 2
0 5 2 4
0 28 31 11
1 3 3 2
1 27 18 7
11 0 5 0
18 9 8 20
22 17 10 19
1 3 4 11
29 12 10 18
13 3 3 5
3 4 0 1
2 22 16 11
1 3 3 4
1 13 12 8
3 7 5 8
9 7 4 7
18 14 8 15
14 9 5 4
1 1 1 0
0 1 2 0
11 8 4 7
24 26 1 17
24 10 11 7
5 5 24 7
16 2 14 7
6 5 2 1
10 20 17 11
14 12 6 14
7 9 0 8
25 29 17 25
10 5 10 7
1 2 1 0
21 16 24 6
22 25 18 28
3 10 22 6
1 5 1 0
3 2 4 2
1 1 1 1
11 16 14 11
15 7 12 16
12 12 12 2
3 2 4 0
11 15 15 7
15 3 16 15
2 15 7 10
8 0 3 6
2 3 2 4
8 11 13 10
1 5 13 9
7 0 12 9
9 4 10 5
20 12 30 0
2 2 1 1
4 4 0 1
12 10 4 2
23 11 30 19
28 22 18 7
9 11 3 9
6 9 0 2
12 1 11 10
24 14 10 11
28 4 31 24
6 3 3 3
7 11 5 3
4 1 3 4
4 0 0 7
3 2 7 11
4 3 4 0
1 4 0 2
9 7 5 5
13 12 19 26
7 2 1 10
4 25 21 7
4 7 3 8
4 3 8 8
20 0 12 20
4 15 12 12
1 23 8 20
2 9 12 10
0 0 2 1
10 6 5 0
5 11 12 9
23 24 0 10
10 14 19 0
5 9 0 14
12 4 6 6
16 2 13 4
9 5 1 1
13 0 8 10
12 0 7 9
7 15 23 6
4 6 15 2
9 3 9 2
9 1 5 12
8 26 8 8
1 2 3 1
3 6 7 8
1 7 4 12
0 4 1 0
0 1 6 4
8 4 15 17
24 20 25 1
6 5 3 7
8 26 4 29
1 2 0 12
1 5 19 4
28 9 7 0
2 2 2 3
2 5 2 1
10 10 0 0
11 20 8 13
3 11 11 5
6 14 4 4
0 1 1 2
13 8 6 3
19 1 16 4
4 14 12 15
4 13 11 0
0 12 11 11
2 5 11 6
15 17 23 1
0 2 2 0
6 6 0 0
5 11 17 8
8 1 1 4
19 0 5 8
0 2 0 0
16 14 6 0
7 19 19 18
2 8 0 3
6 0 5 0
0 3 4 1
2 2 1 1
6 5 7 1
8 7 6 3
0 0 2 2
16 14 18 0
11 11 16 0
8 3 5 0
4 7 5 6
0 0 1 0
0 23 4 22
12 11 2 12
14 9 27 11
7 18 2 7
26 15 0 2
19 16 19 17
6 7 14 14
1 4 2 0
5 0 1 3
21 21 26 9
8 1 11 0
3 0 6 6
8 4 6 5
22 13 6 3
0 3 2 0
0 1 1 1
13 7 22 2
0 1 2 2
19 24 15 5
5 2 3 3
28 18 22 19
7 4 5 4
7 4 30 30
9 13 12 16
8 3 1 1
3 0 1 3
1 4 0 7
3 3 3 19
13 15 3 0
0 1 2 0
3 4 4 2
12 7 8 11
11 1 14 27
12 12 11 4
10 15 15 10
0 8 7 2
11 5 14 10
20 17 19 12
7 13 5 10
5 26 2 6
2 12 2 8
7 10 3 17
2 17 8 9
1 6 3 1
13 9 18 13
26 6 11 31
6 3 0 1
0 17 2 13
2 8 2 7
3 7 1 6
1 4 0 1
0 1 1 1
11 9 21 11
3 4 0 1
5 6 2 6
8 2 32 11
9 0 9 3
1 3 6 9
2 0 2 1
17 15 17 5
4 3 3 4
15 8 18 12
2 21 21 0
10 15 14 12
7 4 17 15
18 8 1 18
4 2 1 2
0 3 2 3
10 4 8 14
22 17 5 16
1 6 9 5
14 14 2 10
22 6 10 22
10 9 7 12
12 1 14 17
2 8 3 8
14 8 14 2
12 5 15 10
15 3 12 3
7 7 1 8
30 0 29 7
3 7 15 16
4 10 21 5
16 16 0 1
4 1 4 4
4 0 1 1
5 8 8 7
1 17 7 2
15 6 5 9
8 12 1 12
0 5 8 0
0 4 4 4
14 16 7 0
15 6 14 15
1 7 2 16
18 31 27 32
24 10 13 27
5 14 9 1
10 17 17 20
20 5 24 7
20 3 16 19
1 3 14 24
6 6 3 4
1 2 13 5
25 0 10 25
11 11 2 1
4 9 1 5
2 12 11 2
8 10 2 4
7 1 6 7
7 8 3 5
9 9 0 12
2 13 5 19
4 3 1 4
11 14 14 6
6 9 5 20
2 9 7 1
14 12 0 15
3 8 4 0
0 8 14 10
19 17 15 18
1 1 4 1
3 6 1 4
21 22 27 16
14 3 0 5
5 3 1 5
15 4 13 10
6 8 4 9
5 20 1 5
1 1 2 1
3 2 22 10
11 15 3 8
23 20 22 13
8 3 7 3
13 13 12 7
13 11 28 16
10 26 10 24
0 2 1 0
3 4 15 1
8 5 31 13
10 7 19 10
1 4 2 4
1 3 6 0
5 3 4 1
5 1 0 3
12 12 11 8
6 5 2 2
24 14 20 10
18 1 8 7
6 6 18 5
20 14 3 16
1 1 1 0
6 0 5 3
1 11 5 7
21 9 1 4
5 14 14 3
15 8 14 20
9 9 1 7
12 4 3 0
15 4 7 9
10 5 9 7
18 24 25 16
22 17 14 9
3 3 6 17
5 0 13 10
2 0 1 1
3 2 7 5
19 15 3 20
7 1 2 0
28 3 18 5
11 12 1 23
13 9 11 0
7 13 13 12
8 16 25 2
2 7 7 1
4 0 1 4
11 4 17 12
18 8 4 15
1 4 2 4
1 4 0 2
14 23 1 1
8 19 21 12
10 9 17 5
30 17 6 19
14 17 7 16
4 9 15 23
10 2 3 28
26 12 27 15
5 16 22 14
12 28 16 9
6 4 7 0
16 30 12 22
5 20 0 5
20 9 2 17
15 11 6 18
5 8 0 14
20 2 26 25
14 20 2 9
7 9 0 17
10 4 19 12
3 9 7 11
5 3 7 6
4 8 6 2
4 4 1 3
14 5 5 3
0 15 17 10
16 20 1 22
3 0 22 6
14 6 9 12
16 3 11 20
2 15 4 1
3 10 8 0
4 2 13 8
3 0 3 4
1 4 11 6
22 22 4 18
3 4 3 0
5 3 10 3
22 17 0 11
4 9 6 5
30 6 4 21
1 0 4 5
10 0 12 16
5 3 2 5
9 18 9 7
23 22 2 30
11 13 7 6
0 3 5 0
11 0 5 0
15 8 5 18
7 26 1 29
17 22 3 15
5 9 0 16
3 3 11 8
2 3 3 1
3 8 5 15
0 4 3 1
2 1 1 1
8 0 9 10
5 5 8 6
1 4 4 2
9 4 4 14
6 26 24 9
6 24 6 19
10 6 0 7
0 11 14 13
10 10 8 15
7 7 5 3
2 0 5 4
6 8 2 7
2 4 2 2
4 22 0 8
1 0 9 10
2 12 10 12
8 25 0 29
0 0 2 0
3 4 2 2
1 1 0 3
3 10 3 1
1 2 1 2
26 25 17 28
5 18 13 12
7 7 3 4
0 6 4 3
12 9 10 11
2 11 12 8
16 17 16 1
12 4 14 1
6 1 2 1
10 2 16 13
7 4 4 7
14 12 11 13
9 7 24 10
15 14 1 3
3 21 16 24
10 3 10 10
0 0 5 1
22 5 1 8
10 13 13 3
10 13 3 11
1 6 6 5
1 4 12 5
8 4 7 5
2 6 8 5
4 13 29 27
18 3 13 23
1 7 0 0
11 21 2 10
14 13 13 8
5 4 14 11
4 1 3 2
10 17 19 17
14 17 15 11
26 21 22 14
25 27 8 26
13 0 14 20
8 19 14 15
25 8 16 2
0 2 4 0
6 31 9 17
27 21 19 13
4 10 3 15
15 10 1 17
8 12 8 3
2 6 4 1
2 2 1 2
7 10 21 23
5 0 0 16
0 1 5 15
2 5 4 12
8 2 6 7
0 12 16 12
12 14 15 27
19 2 14 12
7 7 4 5
13 9 11 10
2 5 1 5
1 2 9 11
16 14 6 19
14 4 5 9
9 8 2 12
1 1 1 6
25 5 23 3
10 2 3 3
0 2 3 2
2 15 15 10
8 1 5 5
5 6 2 3
2 4 4 1
8 3 7 3
5 4 8 19
23 25 23 9
5 15 21 10
21 8 23 27
2 18 5 0
4 0 5 1
7 1 6 6
19 0 7 19
2 3 5 1
3 1 4 3
6 18 7 13
28 15 9 12
16 11 16 12
7 11 7 12
13 0 15 18
27 8 19 27
6 2 2 5
8 1 0 3
8 20 8 19
0 1 1 4
17 25 0 10
3 11 9 6
16 3 15 4
2 3 1 1
4 2 2 4
4 3 3 3
8 28 0 12
5 8 4 10
12 12 14 10
1 2 2 0
2 2 0 4
1 5 5 3
12 9 4 9
1 2 1 0
6 9 2 0
16 0 28 6
8 5 15 14
23 24 17 9
2 5 8 3
8 0 10 1
12 5 9 12
1 2 0 0
5 11 6 10
16 16 8 8
4 8 9 8
14 17 11 14
15 14 16 11
11 16 1 6
1 20 9 2
14 4 1 16
4 4 3 6
29 23 22 16
20 16 7 0
16 2 22 32
21 18 8 14
4 17 2 11
6 7 21 27
17 5 4 20
29 6 28 26
3 0 6 15
17 9 10 26
1 2 4 3
1 0 8 4
1 15 26 15
2 0 4 0
11 2 3 1
4 8 10 5
16 3 14 5
9 10 3 6
2 9 3 4
20 32 8 7
1 0 9 5
9 10 0 2
1 1 0 1
3 3 5 3
11 11 5 8
20 26 30 3
12 3 7 6
3 13 20 6
1 3 2 3
1 2 1 2
30 25 1 21
19 17 9 13
5 14 14 18
1 0 1 0
4 9 3 5
10 20 2 18
3 3 3 3
8 14 18 2
31 15 12 23
13 10 0 14
10 15 2 8
1 8 4 8
1 11 9 11
12 10 3 2
18 7 18 27
12 10 6 0
9 12 6 7
22 5 10 27
7 7 1 0
10 0 18 16
3 7 7 6
26 27 30 13
2 1 4 3
16 15 25 13
12 15 1 12
13 7 20 15
9 14 6 4
4 14 12 22
31 13 17 3
9 15 6 2
5 0 9 7
1 2 2 0
8 2 4 2
20 18 14 4
4 3 4 3
12 11 7 5
6 10 1 9
0 6 3 2
20 16 17 11
2 4 2 4
5 1 6 0
0 14 31 1
16 7 1 10
2 14 16 17
22 22 27 9
3 21 24 7
14 15 10 24
15 19 9 15
12 6 9 5
4 4 1 4
1 14 3 8
0 0 1 0
12 15 16 19
2 2 1 1
15 8 28 16
0 0 2 1
2 0 0 0
12 12 4 0
6 5 6 2
0 2 0 0
11 2 23 15
20 20 26 18
0 5 4 5
1 1 4 3
10 12 22 0
21 9 23 18
3 9 2 1
13 1 3 7
9 0 12 6
12 5 13 20
6 3 4 8
2 1 1 0
6 0 4 4
4 5 1 5
9 0 8 9
19 17 21 6
13 16 14 15
20 6 27 4
2 11 13 10
18 20 15 18
1 1 4 3
10 17 7 4
16 13 22 19
12 11 11 5
7 21 26 22
8 4 5 6
7 2 9 5
9 11 7 13
9 4 3 1
7 2 5 10
27 18 7 4
5 4 0 30
5 6 9 5
1 8 7 2
14 6 0 13
15 11 14 12
8 6 3 9
14 11 19 7
2 1 2 1
0 1 2 2
2 12 5 4
1 1 15 9
19 14 20 10
14 7 7 9
2 12 15 8
22 12 8 16
8 18 15 2
4 20 8 0
3 10 11 12
1 1 3 4
4 3 3 1
4 6 5 8
8 10 3 1
1 6 30 30
0 0 0 0
18 3 11 0
22 31 18 11
24 4 0 24
8 3 6 0
2 0 11 10
14 1 22 20
8 7 0 18
3 6 2 8
11 12 0 4
4 10 8 1
2 2 0 0
13 7 9 2
10 23 27 18
6 3 0 3
16 7 9 17
5 4 6 6
4 8 3 7
18 20 5 13
21 19 21 19
5 5 7 3
2 0 0 2
4 12 19 21
13 13 2 8
9 9 7 5
4 1 2 13
14 13 1 13
16 15 11 1
19 15 18 5
2 1 6 7
11 10 3 13
2 20 12 10
2 0 1 8
2 4 0 5
2 4 2 0
8 20 8 16
11 3 4 2
3 9 10 14
3 18 15 4
12 6 2 20
11 3 7 5
13 4 14 6
2 1 9 6
2 8 11 19
7 3 1 9
2 2 0 2
10 9 4 4
3 0 8 13
16 6 10 16
24 22 19 24
0 1 5 7
9 17 16 11
1 2 4 3
1 24 15 10
18 12 12 2
4 3 2 3
26 2 2 24
13 1 14 7
12 16 6 20
1 0 12 5
0 8 1 2
0 13 8 16
2 8 9 12
20 23 24 15
13 4 5 0
2 14 16 7
3 0 7 2
14 10 3 4
11 24 7 5
19 15 13 3
6 8 5 2
15 6 6 15
5 3 4 10
2 2 3 3
1 2 2 0
1 7 18 6
0 0 0 9
9 6 11 15
2 1 1 2
0 3 13 16
17 24 12 15
5 5 14 1
12 9 1 10
28 18 15 7
2 2 0 0
19 27 19 20
21 9 25 0
14 3 19 4
6 17 8 11
5 1 3 1
7 5 1 5
5 19 22 23
1 12 2 1
2 4 0 5
1 9 17 8
7 7 6 3
7 3 10 9
6 15 18 4
1 14 3 2
4 3 3 4
5 2 5 8
13 4 12 12
22 10 7 23
6 28 13 4
12 12 20 13
14 7 11 13
11 12 1 15
0 1 1 2
