1 2 6
1 3 5
1 4 12
1 5 13
2 6 4
2 7 9
2 8 8
2 9 12
3 10 9
3 11 12
3 12 5
3 13 10
4 14 4
4 15 11
4 16 9
5 17 7
5 18 3
5 19 4
5 20 13
6 21 10
6 22 6
7 23 3
7 24 13
7 25 9
7 26 10
8 27 8
9 28 13
10 29 2
11 30 11
12 31 9
12 32 7
12 33 1
12 34 4
13 35 13
13 36 8
14 37 13
15 38 2
15 39 10
16 40 12
17 41 12
18 42 10
19 43 2
20 44 7
21 45 11
22 46 1
23 47 8
24 48 7
25 49 2
26 50 1
27 51 4
28 52 13
29 53 13
30 54 6
31 55 12
32 56 8
33 57 3
34 58 7
35 59 2
36 60 13
37 61 1
38 62 4
39 63 1
40 64 7
41 65 12
41 66 7
42 67 1
43 68 2
44 69 5
45 70 13
46 71 7
47 72 8
48 73 9
49 74 1
50 75 7
51 76 8
52 77 4
53 78 9
54 79 6
55 80 12
55 81 13
56 82 5
57 83 2
58 84 10
59 85 12
60 86 11
61 87 13
62 88 8
63 89 4
63 90 10
64 91 7
65 92 6
66 93 12
66 94 11
67 95 2
68 96 9
69 97 7
70 98 8
71 99 12
72 100 5
73 101 5
74 102 12
75 103 9
76 104 2
77 105 1
78 106 4
79 107 8
80 108 1
81 109 10
82 110 3
83 111 3
84 112 7
85 113 8
86 114 12
87 114 1
88 115 8
89 116 8
90 117 12
91 118 4
92 119 5
93 120 12
94 121 2
95 122 1
96 123 1
97 124 5
98 125 13
99 126 6
100 127 7
101 128 10
102 128 1
103 129 2
104 130 5
105 131 4
106 132 11
107 133 8
108 134 1
109 135 8
110 135 2
111 136 1
112 137 8
113 138 8
114 138 9
115 139 8
116 139 11
117 139 12
118 140 3
119 141 9
120 142 9
121 143 6
122 143 8
123 144 3
124 145 3
125 146 5
126 147 7
127 148 8
127 149 2
128 150 2
129 151 4
130 152 5
130 153 5
131 154 5
132 155 5
133 156 3
133 157 7
134 158 12
135 159 8
136 160 13
137 161 7
138 162 3
139 163 3
140 164 4
141 165 12
142 166 2
143 167 5
144 168 6
145 169 12
146 170 2
147 171 8
148 171 6
149 172 2
150 173 12
151 174 2
152 175 12
153 176 1
154 176 5
155 176 6
156 177 6
157 178 3
158 178 9
159 179 12
160 180 5
161 181 11
162 181 3
163 182 3
164 183 1
165 184 1
166 185 5
167 186 4
168 187 6
169 188 12
170 189 2
171 190 10
172 191 1
173 192 1
174 193 3
175 194 6
176 195 5
177 196 1
177 197 6
178 198 7
179 199 2
180 200 8
181 201 12
182 202 1
183 203 2
184 204 5
185 205 1
186 206 13
187 207 11
187 208 12
188 209 3
189 210 9
190 211 13
190 212 5
191 213 10
192 214 2
193 215 2
194 216 13
195 217 7
196 218 4
197 219 5
198 220 6
199 221 9
200 222 3
201 223 12
202 224 9
203 225 2
204 226 11
205 227 12
206 228 5
206 229 13
207 230 7
208 231 9
209 232 6
210 233 12
211 234 6
212 235 12
213 236 4
213 237 2
214 238 3
215 239 11
216 240 7
217 241 6
218 242 2
219 243 10
220 244 2
221 245 2
222 246 13
223 247 4
224 248 12
225 249 5
226 250 13
227 251 10
228 252 9
229 253 9
230 254 6
231 255 1
232 256 6
233 257 11
234 258 5
235 258 12
236 259 5
237 260 13
238 261 4
239 262 12
240 263 1
241 263 12
242 263 7
243 264 1
244 264 7
245 265 1
246 266 12
247 267 11
248 268 8
249 269 1
250 269 6
251 270 7
252 271 8
253 272 11
254 272 12
255 273 1
256 273 9
257 274 4
257 275 6
257 276 10
257 277 9
258 278 9
258 279 4
258 280 1
259 281 10
259 282 9
259 283 11
259 284 10
260 285 6
260 286 3
261 287 8
261 288 7
262 289 4
262 290 1
263 291 4
263 292 11
264 293 11
264 294 3
265 295 4
265 296 2
266 297 13
266 298 6
266 299 4
266 300 10
267 301 5
268 302 4
268 303 9
268 304 2
269 305 6
269 306 13
270 307 8
271 308 9
271 309 8
272 310 10
272 311 9
272 312 4
273 313 11
273 314 5
274 315 11
275 315 12
276 315 2
277 316 2
278 316 1
279 317 2
280 318 11
281 319 13
282 320 7
283 321 13
284 322 6
285 323 7
286 323 12
287 324 5
288 324 12
289 325 11
290 325 7
291 325 4
292 326 9
293 326 2
294 327 1
295 328 5
296 329 8
297 330 6
298 330 13
299 331 12
300 332 9
301 332 2
302 333 7
303 334 5
304 334 10
305 335 13
306 336 9
307 336 13
308 337 1
309 337 6
310 337 8
311 338 11
312 338 10
313 339 6
314 339 1
315 340 1
316 341 4
317 342 8
318 343 1
319 344 5
320 345 11
321 346 10
322 347 6
323 348 1
324 349 8
325 350 6
326 351 13
327 352 6
328 353 4
329 354 10
330 355 9
331 356 8
332 357 9
333 358 8
334 359 12
335 360 8
336 361 7
337 362 3
338 363 12
339 364 13
340 365 6
341 366 10
342 367 12
343 368 10
344 369 8
345 370 6
346 371 7
347 372 12
348 373 9
349 374 2
350 375 4
351 376 10
352 377 13
353 378 5
354 379 3
355 380 3
356 381 4
357 382 11
358 383 4
359 384 4
360 385 12
361 386 12
362 387 5
363 388 13
364 389 5
365 390 12
366 391 6
367 392 1
368 393 4
369 394 9
370 395 9
371 396 1
372 397 1
373 398 4
374 399 7
375 400 7
376 401 5
377 402 1
378 403 8
379 404 1
380 405 11
381 406 1
382 407 11
383 408 12
384 409 9
385 410 10
386 411 7
387 412 8
388 413 12
389 414 11
390 415 4
391 415 4
392 416 8
393 417 3
394 418 3
395 419 4
396 420 7
397 421 10
398 422 1
399 423 7
400 423 1
401 424 7
402 425 12
403 426 11
404 427 5
405 428 13
406 429 12
407 430 2
408 431 4
409 432 5
410 432 2
411 433 13
412 434 5
413 435 13
414 436 1
415 437 2
416 438 1
417 439 10
418 440 6
419 441 10
420 442 1
421 443 11
422 444 13
423 445 6
424 446 13
425 447 12
426 448 3
427 449 4
428 450 13
429 451 3
430 452 1
431 453 9
432 454 6
433 455 7
434 456 1
435 457 11
436 458 6
437 459 7
438 460 3
439 461 6
440 461 2
441 462 5
442 462 7
443 463 10
444 464 4
445 464 10
446 465 10
447 466 1
448 467 12
449 468 3
450 468 8
451 469 6
452 470 2
453 470 9
454 471 11
455 471 5
456 471 11
457 472 13
458 472 6
459 473 3
460 474 7
460 475 10
461 476 5
461 477 6
462 478 12
463 479 3
463 480 1
464 481 12
465 482 1
466 483 1
467 484 7
468 485 1
468 486 8
468 487 7
469 488 12
470 489 9
470 490 13
471 491 12
471 492 1
471 493 2
472 494 11
473 495 5
474 496 1
475 497 11
476 498 6
477 499 11
478 500 10
479 501 9
479 502 6
480 503 13
481 504 5
482 505 6
482 506 8
483 507 1
484 508 11
485 509 6
486 510 4
487 511 2
488 512 6
488 513 3
488 514 5
489 515 8
489 516 10
490 517 1
491 518 3
492 519 7
493 520 3
494 521 13
494 522 7
495 523 11
496 523 11
497 523 9
498 524 11
499 524 3
500 525 8
501 526 12
502 527 13
503 528 7
504 529 10
505 530 6
506 531 7
507 531 9
508 532 7
509 533 1
510 534 2
511 535 11
512 536 5
513 537 8
514 538 12
515 538 6
516 539 7
517 540 4
518 541 13
519 541 6
520 542 13
521 542 13
522 542 1
523 543 4
524 544 4
525 545 7
526 546 1
527 547 6
528 548 4
528 549 2
529 550 3
530 551 8
530 552 9
531 553 9
531 554 1
532 555 6
533 556 1
534 557 7
535 558 12
535 559 12
536 560 13
536 561 11
537 562 7
538 563 5
538 564 3
539 565 2
539 566 5
539 567 7
540 568 12
540 569 7
541 570 12
541 571 9
542 572 1
542 573 9
543 574 11
544 575 3
545 576 1
546 576 10
547 577 6
548 578 2
549 579 3
550 579 9
551 580 13
552 581 12
553 582 12
554 583 8
555 584 11
556 585 12
557 585 4
558 586 7
559 587 9
560 588 2
561 589 8
562 590 10
563 591 13
564 592 7
565 592 5
566 593 10
567 594 12
568 594 2
569 595 9
570 596 7
571 597 3
572 598 10
573 599 7
574 600 12
575 600 4
576 600 12
577 600 9
578 600 10
579 600 11
580 600 7
581 600 4
582 600 8
583 600 4
584 600 3
585 600 4
586 600 10
587 600 1
588 600 11
589 600 9
590 600 13
591 600 10
592 600 10
593 600 8
594 600 7
595 600 1
596 600 7
597 600 1
598 600 12
599 600 10
