1 2 3
1 3 1
1 4 7
1 5 7
2 6 4
2 7 8
2 8 9
3 9 3
3 10 11
3 11 6
4 12 7
4 13 1
5 14 8
5 15 6
5 16 4
5 17 3
6 18 12
6 19 2
7 20 3
8 21 11
8 22 9
9 23 1
10 24 1
11 25 4
11 26 13
12 27 2
13 28 7
14 29 9
15 30 6
15 31 12
16 32 11
17 33 12
18 34 1
19 35 7
20 36 4
21 36 3
22 37 2
23 38 2
24 39 8
25 40 9
26 41 12
27 42 4
28 43 1
29 44 3
30 44 11
31 45 11
32 46 3
33 47 1
34 48 10
35 48 8
36 49 11
37 49 6
38 49 6
39 50 10
40 50 10
41 51 12
42 52 8
43 53 5
44 54 13
45 54 7
46 55 1
47 55 12
48 56 7
48 57 1
49 58 13
49 59 11
50 60 1
51 61 8
52 62 1
53 63 3
53 64 8
54 65 11
55 66 5
56 67 9
57 68 2
58 69 12
59 70 8
60 70 4
61 70 7
62 71 5
63 71 8
64 71 10
65 72 6
66 73 7
67 74 6
67 75 13
67 76 2
68 77 3
68 78 3
69 79 1
69 80 2
70 81 13
71 82 3
71 83 12
71 84 13
71 85 7
72 86 2
73 87 1
73 88 10
74 89 5
75 90 2
76 91 7
77 92 4
78 93 2
79 93 11
80 94 5
81 95 9
82 96 11
83 97 1
84 98 12
85 99 1
86 100 2
87 101 11
88 102 13
89 103 9
90 104 13
91 105 10
92 106 10
93 107 1
94 108 5
95 109 5
96 110 3
97 111 13
98 112 5
99 113 13
100 114 1
101 115 8
102 116 8
103 117 10
104 118 10
105 119 2
106 120 13
107 121 11
108 122 4
109 123 13
110 124 8
111 125 12
112 126 13
113 127 2
114 128 5
115 129 5
116 130 6
117 131 6
117 132 8
118 133 13
119 134 13
119 135 7
120 136 13
121 137 7
122 138 1
123 139 2
124 140 1
125 141 6
126 142 10
126 143 10
127 144 11
127 145 3
127 146 1
128 147 4
129 148 10
130 149 9
131 150 6
132 151 1
133 152 2
134 152 9
135 153 8
136 154 8
137 155 2
138 156 1
139 157 2
140 158 8
141 159 4
142 160 5
143 161 7
144 162 9
145 162 13
146 163 1
147 164 4
148 165 12
149 166 10
150 167 9
151 168 7
152 168 3
153 169 9
154 170 8
155 170 4
156 170 10
157 171 2
158 171 7
159 172 13
160 173 12
161 174 7
162 175 2
163 176 7
164 176 3
165 176 11
166 177 11
167 178 1
168 179 12
169 180 12
170 180 10
171 181 3
172 182 8
173 183 11
174 183 4
175 183 11
176 184 3
177 184 12
178 185 1
178 186 7
179 187 11
180 188 1
181 189 2
181 190 1
181 191 8
182 192 12
182 193 6
182 194 12
183 195 5
184 196 6
184 197 10
184 198 1
185 199 9
186 200 2
187 201 4
188 202 7
189 203 6
190 204 3
191 204 2
192 205 3
193 206 13
194 207 9
195 208 11
196 209 12
197 210 4
198 211 11
199 212 6
200 213 1
201 213 10
202 214 8
203 214 1
204 214 12
205 215 1
206 216 6
207 216 11
208 217 10
209 218 12
210 218 2
211 218 1
212 219 3
213 220 3
214 221 10
214 222 4
215 223 12
215 224 6
216 225 4
216 226 1
217 227 3
218 228 13
219 229 13
220 230 10
220 231 6
221 232 10
221 233 9
221 234 12
221 235 5
222 236 1
223 237 12
224 238 9
225 239 1
225 240 8
226 241 9
226 242 6
227 243 6
227 244 8
227 245 5
228 246 11
228 247 3
229 248 2
230 249 2
231 249 7
232 250 9
233 251 6
234 251 6
235 252 7
236 253 12
237 254 6
238 254 8
239 254 12
240 255 6
241 256 13
242 256 10
243 257 7
244 257 13
245 258 11
246 258 13
247 259 1
248 260 9
249 261 4
250 262 4
250 263 10
251 264 12
252 265 7
253 266 12
254 267 9
255 268 3
256 269 4
257 270 7
258 271 5
259 272 6
260 273 7
260 274 8
261 275 10
262 276 7
263 277 1
264 278 12
265 279 4
266 280 2
267 281 5
268 282 11
269 283 3
270 284 10
271 285 6
271 286 10
272 287 10
273 288 1
273 289 11
274 290 1
274 291 12
275 292 6
275 293 13
275 294 11
276 295 5
276 296 3
277 297 2
277 298 1
278 299 13
278 300 12
278 301 1
279 302 7
279 303 1
280 304 10
281 305 13
281 306 2
282 307 2
282 308 9
283 309 11
283 310 10
284 311 9
284 312 2
285 313 2
286 314 7
286 315 13
287 316 5
288 317 12
289 317 2
290 318 8
291 319 3
292 320 2
293 320 6
294 320 13
295 321 11
296 321 13
297 321 9
298 321 5
299 321 12
300 322 4
301 323 13
302 323 2
303 324 8
304 324 6
305 325 13
306 325 2
307 325 5
308 326 1
309 326 13
310 326 10
311 327 2
312 327 2
313 328 5
314 329 9
315 329 8
316 329 10
317 330 7
318 331 11
319 331 4
320 332 7
321 333 8
322 334 9
323 335 11
324 336 5
325 337 2
326 338 8
327 339 3
328 340 6
329 341 5
330 342 12
331 343 7
332 344 6
333 345 6
334 345 1
335 346 6
336 346 1
337 347 11
338 347 5
339 347 4
340 347 10
341 348 1
342 349 9
342 350 5
343 351 6
344 352 3
344 353 8
344 354 1
345 355 1
346 356 11
347 357 13
347 358 8
348 359 5
349 360 9
350 361 10
350 362 4
351 363 3
352 364 5
352 365 4
353 366 9
354 367 7
355 368 7
356 369 12
357 370 5
358 371 13
359 372 12
360 373 4
360 374 4
361 375 8
361 376 3
362 377 3
362 378 5
363 379 12
364 380 9
365 381 9
366 382 1
367 383 10
368 384 9
368 385 13
369 386 13
370 387 4
371 388 1
371 389 13
372 390 11
373 391 7
374 391 3
375 392 5
376 393 1
377 393 2
378 394 4
379 394 10
380 394 11
381 394 7
382 395 11
383 395 7
384 395 6
385 396 9
386 396 9
387 396 12
388 396 6
389 397 5
390 397 10
391 398 1
392 399 4
392 400 2
393 401 2
393 402 12
393 403 7
393 404 6
394 405 10
394 406 7
395 407 4
395 408 4
395 409 1
396 410 7
396 411 12
397 412 7
398 413 11
399 414 6
400 415 13
401 416 3
402 417 3
403 418 13
404 419 8
405 420 13
406 421 4
407 422 7
408 423 10
409 424 4
410 425 2
411 426 13
412 427 12
413 428 2
414 429 11
415 430 4
416 431 9
417 432 5
418 433 12
419 434 5
420 435 9
421 436 4
422 437 5
423 438 3
424 439 13
425 440 4
426 441 3
427 442 3
428 443 7
428 444 3
429 445 12
430 446 3
431 447 4
432 448 8
433 449 2
434 450 7
435 451 13
436 452 1
437 453 6
438 454 6
439 455 11
440 456 10
441 457 8
442 458 11
443 459 1
444 460 10
445 461 7
446 461 11
447 462 12
448 462 9
449 463 3
450 464 5
451 464 3
452 465 1
453 465 1
454 465 8
455 466 12
456 467 10
457 468 10
458 468 8
459 469 6
460 470 11
461 471 2
462 472 9
463 473 12
464 474 5
465 475 12
466 476 5
467 477 5
467 478 13
468 479 5
469 480 7
470 480 5
471 481 4
472 482 12
473 483 6
474 483 9
475 484 11
476 485 5
477 486 6
478 487 4
479 488 1
480 489 8
480 490 1
481 491 11
481 492 7
482 493 3
482 494 6
483 495 12
483 496 6
484 497 5
485 498 2
485 499 1
486 500 1
486 501 5
487 502 8
488 503 5
489 504 3
490 505 9
491 505 4
492 505 11
493 506 10
494 506 2
495 507 13
496 507 5
497 508 3
498 509 2
499 510 7
500 511 8
501 512 6
502 512 9
503 512 7
504 513 9
505 514 3
506 515 1
507 516 2
508 517 10
509 518 7
510 519 10
510 520 11
511 521 6
512 522 9
513 523 8
513 524 8
514 525 11
514 526 1
514 527 1
515 528 6
516 529 12
516 530 4
517 531 5
518 532 3
519 533 4
520 534 8
521 535 5
522 536 2
523 537 2
524 538 12
525 538 4
526 539 9
527 540 9
528 541 13
529 542 3
530 543 8
531 544 9
532 545 8
533 546 12
534 546 10
535 547 10
536 548 11
537 549 3
538 550 4
538 551 5
539 552 6
539 553 1
540 554 8
541 555 3
542 556 13
543 557 7
544 558 1
545 559 5
546 560 10
547 561 5
548 562 5
549 563 11
550 564 6
551 565 2
552 565 2
553 566 9
554 567 6
555 567 12
556 567 1
557 568 11
558 569 8
559 570 13
560 571 12
561 572 3
562 573 3
563 574 3
564 575 9
565 576 8
566 577 12
567 578 9
568 579 6
569 580 10
569 581 11
570 582 3
570 583 9
571 584 2
572 585 1
573 586 11
573 587 11
573 588 12
574 589 9
575 590 13
576 591 7
577 592 9
578 593 7
579 593 3
580 594 9
581 594 13
582 595 6
583 596 3
584 596 13
585 597 10
586 597 13
587 598 8
588 599 1
589 600 4
590 600 2
591 600 4
592 600 1
593 600 8
594 600 4
595 600 2
596 600 12
597 600 12
598 600 4
599 600 8
