1 2 1
1 3 1
1 4 1
1 5 1
2 6 1
2 7 1
2 8 1
2 9 1
3 10 1
3 11 1
4 12 1
4 13 1
4 14 1
4 15 1
5 16 1
5 17 1
5 18 1
5 19 1
6 20 1
7 21 1
8 22 1
9 22 1
10 23 1
11 24 1
12 24 1
13 25 1
14 25 1
15 26 1
16 27 1
17 28 1
18 29 1
19 30 1
20 31 1
21 32 1
21 33 1
22 34 1
22 35 1
23 36 1
23 37 1
24 38 1
25 39 1
25 40 1
26 41 1
27 42 1
28 43 1
28 44 1
29 45 1
30 46 1
31 47 1
32 48 1
33 49 1
34 50 1
34 51 1
35 52 1
36 53 1
37 54 1
38 55 1
39 56 1
40 57 1
41 58 1
42 59 1
43 60 1
44 61 1
45 62 1
46 63 1
47 64 1
48 65 1
49 66 1
50 67 1
51 68 1
52 69 1
53 70 1
54 71 1
55 72 1
56 73 1
57 74 1
58 75 1
59 76 1
60 77 1
61 78 1
62 79 1
63 80 1
64 81 1
65 81 1
66 82 1
67 82 1
68 83 1
69 84 1
70 84 1
71 85 1
72 86 1
73 86 1
74 87 1
75 88 1
76 88 1
77 88 1
78 89 1
79 90 1
80 90 1
81 91 1
82 92 1
83 93 1
84 94 1
85 95 1
86 96 1
87 97 1
88 98 1
88 99 1
89 100 1
89 101 1
90 102 1
91 103 1
91 104 1
92 105 1
93 106 1
94 107 1
95 108 1
96 109 1
96 110 1
97 111 1
98 112 1
99 113 1
100 114 1
101 115 1
101 116 1
101 117 1
101 118 1
102 119 1
103 120 1
104 120 1
105 120 1
106 121 1
107 121 1
108 121 1
109 122 1
110 122 1
111 123 1
112 124 1
113 124 1
114 124 1
115 125 1
116 126 1
117 126 1
118 127 1
119 128 1
120 129 1
121 130 1
122 131 1
122 132 1
123 133 1
123 134 1
124 135 1
124 136 1
124 137 1
125 138 1
125 139 1
126 140 1
127 141 1
127 142 1
127 143 1
128 144 1
128 145 1
129 146 1
130 147 1
131 148 1
132 148 1
133 149 1
134 150 1
135 151 1
136 152 1
137 152 1
138 153 1
139 153 1
140 154 1
141 155 1
142 156 1
143 157 1
144 158 1
145 158 1
146 159 1
147 160 1
148 161 1
149 162 1
150 163 1
151 164 1
152 165 1
153 166 1
154 167 1
154 168 1
155 169 1
156 170 1
157 171 1
158 172 1
159 173 1
160 174 1
161 175 1
162 176 1
163 177 1
164 177 1
165 178 1
166 178 1
167 179 1
168 180 1
169 181 1
170 181 1
171 181 1
172 182 1
173 183 1
174 184 1
175 184 1
176 185 1
177 186 1
178 187 1
179 188 1
180 189 1
181 190 1
182 191 1
183 192 1
184 193 1
185 194 1
186 195 1
187 195 1
188 196 1
189 197 1
190 198 1
191 199 1
192 200 1
193 200 1
194 200 1
195 200 1
196 200 1
197 200 1
198 200 1
199 200 1
