1 2 1
1 3 1
1 4 1
2 5 1
2 6 1
2 7 1
3 8 1
3 9 1
4 10 1
4 11 1
4 12 1
5 13 1
6 14 1
6 15 1
7 16 1
8 17 1
8 18 1
8 19 1
9 20 1
10 21 1
10 22 1
10 23 1
11 24 1
12 25 1
12 26 1
13 27 1
14 28 1
15 29 1
16 30 1
17 31 1
18 31 1
19 32 1
20 33 1
21 33 1
22 34 1
23 35 1
24 36 1
25 37 1
26 37 1
27 38 1
28 39 1
29 40 1
30 40 1
31 41 1
32 42 1
33 43 1
34 44 1
35 44 1
36 44 1
37 44 1
38 45 1
38 46 1
39 47 1
39 48 1
39 49 1
40 50 1
40 51 1
41 52 1
41 53 1
42 54 1
42 55 1
43 56 1
44 57 1
45 58 1
45 59 1
46 60 1
47 61 1
48 62 1
49 63 1
50 64 1
51 65 1
52 66 1
53 67 1
54 68 1
55 69 1
56 70 1
57 71 1
58 72 1
59 73 1
60 73 1
61 74 1
62 74 1
63 75 1
64 76 1
65 76 1
66 77 1
67 78 1
68 79 1
69 79 1
70 80 1
71 81 1
72 82 1
73 83 1
74 84 1
75 84 1
76 85 1
77 86 1
78 87 1
79 88 1
80 89 1
81 89 1
82 90 1
83 91 1
84 92 1
84 93 1
85 94 1
85 95 1
85 96 1
86 97 1
86 98 1
87 99 1
87 100 1
87 101 1
88 102 1
89 103 1
90 104 1
91 105 1
92 106 1
93 107 1
94 108 1
94 109 1
95 110 1
96 111 1
97 112 1
98 113 1
99 114 1
100 115 1
101 116 1
102 117 1
103 118 1
104 119 1
105 120 1
106 120 1
107 121 1
108 121 1
109 122 1
110 122 1
111 123 1
112 123 1
113 124 1
114 125 1
115 125 1
116 126 1
117 127 1
118 127 1
119 128 1
120 129 1
121 130 1
122 131 1
123 132 1
124 133 1
125 134 1
126 135 1
127 136 1
128 137 1
129 138 1
130 139 1
131 139 1
132 139 1
133 140 1
134 140 1
135 141 1
136 142 1
137 143 1
137 144 1
138 145 1
139 146 1
139 147 1
140 148 1
141 149 1
142 150 1
143 151 1
144 152 1
145 153 1
146 154 1
147 155 1
148 156 1
149 157 1
150 158 1
151 159 1
152 160 1
153 161 1
154 162 1
155 163 1
156 164 1
157 165 1
158 166 1
159 167 1
160 168 1
161 169 1
162 170 1
163 171 1
164 172 1
165 173 1
166 174 1
167 175 1
168 176 1
169 177 1
170 178 1
171 178 1
172 179 1
173 180 1
174 181 1
175 182 1
176 183 1
177 184 1
177 185 1
178 186 1
178 187 1
179 188 1
180 189 1
181 190 1
182 191 1
183 192 1
184 193 1
185 194 1
186 195 1
187 196 1
188 197 1
189 198 1
190 199 1
191 200 1
192 200 1
193 200 1
194 200 1
195 200 1
196 200 1
197 200 1
198 200 1
199 200 1
