1 2 5
1 3 8
1 4 12
1 5 12
1 6 8
2 7 5
2 8 3
2 9 2
2 10 9
3 11 7
3 12 7
3 13 5
3 14 10
3 15 13
4 16 12
4 17 8
4 18 5
4 19 7
5 20 13
5 21 9
5 22 1
5 23 12
5 24 4
6 25 7
6 26 7
6 27 1
6 28 9
7 29 1
8 30 9
9 31 13
10 32 12
11 33 4
12 34 8
13 35 8
14 36 7
15 37 6
16 37 1
17 37 3
18 38 2
19 38 4
20 39 1
21 40 10
22 41 4
23 42 4
24 43 11
25 44 6
26 45 6
27 46 10
28 47 13
29 48 7
30 49 9
30 50 7
31 51 9
32 52 5
33 53 8
34 54 11
34 55 11
35 56 12
36 57 12
37 58 4
38 59 13
38 60 10
39 61 7
40 62 7
40 63 1
41 64 11
42 65 4
43 66 9
43 67 8
43 68 9
44 69 12
45 70 12
46 71 5
47 72 7
47 73 6
47 74 6
48 75 6
49 76 7
50 77 13
51 77 6
52 78 3
53 79 5
54 80 11
55 81 9
56 82 4
57 83 7
58 84 4
59 85 8
60 86 1
61 87 12
62 88 10
63 89 5
64 90 10
65 91 6
66 92 6
67 93 2
68 94 4
69 95 8
70 96 4
71 97 5
72 98 10
73 99 2
74 100 5
75 101 7
76 102 8
77 103 6
78 104 3
79 105 7
80 106 9
81 107 6
82 108 2
83 109 4
84 110 3
85 111 9
86 112 5
87 113 5
88 114 9
89 115 10
90 116 13
91 117 5
92 118 10
93 119 1
94 119 3
95 120 10
96 121 8
97 122 11
98 123 4
99 124 13
100 125 8
101 126 9
102 127 10
102 128 8
103 129 6
103 130 4
104 131 7
104 132 9
104 133 12
105 134 7
105 135 9
105 136 12
106 137 2
106 138 7
106 139 5
107 140 2
107 141 7
108 142 13
108 143 5
108 144 13
109 145 6
109 146 12
110 147 9
110 148 1
111 149 4
112 150 13
112 151 4
112 152 1
113 153 1
113 154 4
113 155 5
114 156 10
115 157 3
115 158 1
116 159 2
116 160 9
116 161 12
116 162 12
116 163 12
117 164 3
117 165 3
117 166 1
118 167 3
119 168 3
119 169 8
119 170 9
120 171 1
121 172 7
121 173 2
121 174 4
121 175 3
122 176 5
123 177 7
123 178 12
123 179 11
124 180 8
124 181 10
124 182 9
125 183 7
126 184 12
127 184 12
128 184 10
129 185 10
130 185 2
131 185 9
132 186 1
133 186 13
134 186 2
135 187 12
136 187 12
137 187 5
138 188 8
139 188 6
140 188 6
141 189 8
142 189 2
143 189 1
144 190 2
145 190 2
146 190 12
147 190 2
148 190 6
149 190 9
150 190 10
151 190 4
152 191 13
153 191 9
154 191 2
155 191 4
156 192 2
157 192 3
158 192 4
159 193 4
160 193 10
161 194 11
162 195 6
163 195 9
164 195 13
165 195 1
166 196 6
167 196 5
168 197 8
169 197 12
170 198 13
171 199 8
172 199 1
173 199 3
174 200 6
175 200 8
176 201 2
177 201 9
178 202 9
179 202 10
180 202 2
181 203 11
182 203 7
183 203 1
184 204 9
185 205 13
185 206 3
186 207 10
186 208 6
186 209 1
187 210 12
187 211 1
188 212 2
189 213 13
189 214 4
190 215 5
191 216 6
191 217 13
192 218 4
192 219 3
193 220 2
194 221 9
195 222 9
196 223 5
197 224 5
197 225 1
198 226 4
199 227 1
199 228 12
200 229 4
201 230 1
201 231 7
202 232 1
203 233 9
203 234 7
204 235 12
205 236 8
206 237 9
207 237 8
208 238 3
209 238 9
210 239 8
211 240 5
212 241 12
213 241 12
214 242 7
215 243 4
216 244 11
217 245 4
218 245 2
219 245 8
220 246 7
221 246 1
222 247 6
223 247 7
224 248 12
225 249 13
226 250 1
227 251 9
228 251 6
229 251 10
230 252 4
231 253 4
232 254 3
233 255 11
234 256 9
235 257 9
236 258 4
237 259 3
238 260 2
239 261 6
240 261 6
241 262 5
242 262 7
243 263 13
244 264 9
245 264 7
246 265 13
247 265 7
248 266 12
249 267 1
250 267 10
251 268 10
252 268 10
253 268 3
254 268 3
255 269 1
256 270 3
257 271 6
257 272 1
257 273 11
257 274 4
257 275 9
258 276 1
258 277 8
259 278 5
259 279 8
259 280 1
259 281 3
260 282 3
260 283 6
261 284 9
262 285 5
262 286 11
263 287 9
264 288 13
264 289 3
264 290 2
265 291 5
265 292 7
266 293 13
267 294 6
268 295 3
268 296 11
269 297 9
269 298 7
270 299 5
271 300 1
272 300 11
273 300 7
274 300 6
275 300 10
276 300 7
277 300 7
278 300 3
279 300 9
280 300 11
281 300 9
282 300 6
283 300 4
284 300 11
285 300 2
286 300 12
287 300 6
288 300 6
289 300 13
290 300 11
291 300 11
292 300 1
293 300 3
294 300 13
295 300 4
296 300 3
297 300 12
298 300 2
299 300 9
