1 2 2
1 3 25
1 4 2
1 5 26
2 6 5
2 7 1
2 8 28
2 9 19
3 10 19
3 11 16
3 12 18
4 13 28
5 14 8
5 15 1
6 16 12
7 17 28
8 18 19
8 19 21
9 20 17
10 21 11
11 22 8
11 23 11
12 24 9
12 25 9
13 26 2
14 27 11
15 28 28
16 29 25
17 30 26
18 30 1
19 31 27
20 32 9
21 32 8
22 32 28
23 33 6
24 33 24
25 34 5
26 35 12
27 36 1
28 36 10
29 37 1
29 38 14
30 39 10
30 40 28
31 41 19
32 42 29
33 43 8
33 44 8
34 45 14
34 46 25
34 47 29
35 48 17
36 49 12
37 50 6
38 50 19
39 50 25
40 50 15
41 50 12
42 50 21
43 50 3
44 50 9
45 50 6
46 50 24
47 50 5
48 50 2
49 50 26
