1 2 11
1 3 40
1 4 1
2 5 39
2 6 33
2 7 43
3 8 49
3 9 39
4 10 41
4 11 9
5 12 6
5 13 39
5 14 20
6 15 20
6 16 22
6 17 32
6 18 11
7 19 21
7 20 45
8 21 29
8 22 1
9 23 40
10 24 45
10 25 33
11 26 6
12 27 38
13 27 4
14 27 48
15 28 35
16 28 20
17 29 48
18 29 13
19 30 42
20 30 15
21 30 31
22 31 48
23 32 25
24 32 35
25 33 7
26 33 3
27 34 20
28 35 36
29 36 14
29 37 22
30 38 25
30 39 27
31 40 3
31 41 38
31 42 11
32 43 10
33 44 49
33 45 38
33 46 20
34 47 29
35 48 19
36 49 29
37 50 38
38 51 36
39 52 38
40 53 27
41 54 32
42 55 31
43 56 6
44 57 22
45 58 28
46 59 16
47 60 34
48 61 27
49 61 38
50 61 21
51 62 32
52 63 18
53 64 20
54 65 21
55 65 49
56 66 14
57 67 1
58 68 17
59 69 38
60 70 39
61 71 8
61 72 25
62 73 17
63 74 4
63 75 14
64 76 44
65 77 36
66 78 33
66 79 30
67 80 14
67 81 26
67 82 42
68 83 3
68 84 30
68 85 8
69 86 7
70 87 15
71 87 45
72 87 25
73 88 33
74 89 37
75 89 17
76 89 36
77 90 30
78 90 32
79 90 38
80 91 16
81 91 48
82 91 26
83 92 22
84 92 24
85 93 23
86 93 3
87 94 15
87 95 21
87 96 6
87 97 42
88 98 27
88 99 13
88 100 36
88 101 30
89 102 24
89 103 34
89 104 16
89 105 7
90 106 19
90 107 10
90 108 44
90 109 33
91 110 19
91 111 22
91 112 25
91 113 27
92 114 32
92 115 36
92 116 20
93 117 40
93 118 45
93 119 41
93 120 30
94 121 1
95 121 24
96 122 21
97 123 29
98 123 39
99 123 2
100 123 23
101 124 44
102 124 10
103 124 3
104 124 35
105 124 26
106 125 3
107 125 42
108 125 43
109 125 4
110 126 47
111 127 39
112 128 43
113 128 7
114 129 35
115 129 41
116 130 12
117 130 25
118 130 1
119 131 2
120 131 45
121 132 40
122 133 14
123 133 31
124 134 43
125 135 20
126 135 12
127 136 48
128 137 9
129 138 23
130 138 6
131 139 48
132 140 14
132 141 5
132 142 8
133 143 1
134 144 40
135 145 6
136 146 1
137 147 3
138 148 3
138 149 19
139 150 4
140 151 35
141 152 2
142 153 46
143 154 39
144 155 24
145 155 40
146 155 45
147 156 37
148 156 37
149 157 36
150 158 36
151 159 27
151 160 11
152 161 30
153 162 7
154 163 30
155 164 16
156 165 45
156 166 45
157 167 17
158 168 26
158 169 43
159 170 49
160 170 10
161 171 39
162 172 7
163 173 38
164 174 28
165 175 43
166 176 29
167 177 8
168 177 25
169 178 42
170 179 9
171 180 15
172 181 36
173 182 19
173 183 21
173 184 25
174 185 18
174 186 32
175 187 18
176 188 13
177 189 25
178 190 13
179 191 44
180 192 27
181 193 2
182 194 30
183 194 13
184 195 25
185 196 36
186 196 22
187 197 13
188 198 47
189 198 49
190 199 13
191 200 16
192 200 32
193 200 32
194 200 4
195 200 32
196 200 3
197 200 12
198 200 24
199 200 46
