1 2 38
1 3 49
2 4 32
2 5 6
2 6 10
3 7 19
3 8 45
3 9 3
4 10 21
4 11 16
5 12 39
6 13 59
7 14 59
8 15 47
8 16 19
9 17 47
10 18 26
11 19 33
12 20 2
13 21 34
14 22 18
15 23 30
16 23 44
17 24 4
18 25 55
19 26 12
20 27 19
21 28 12
22 29 14
23 30 20
23 31 21
24 32 41
24 33 48
25 34 40
26 35 7
27 36 53
28 37 51
29 38 55
30 39 55
31 40 21
32 41 6
33 42 6
34 43 2
35 44 39
36 45 10
37 46 30
38 47 37
39 48 29
40 49 1
41 50 9
42 51 5
42 52 26
43 53 15
44 54 59
45 55 15
46 55 35
47 56 4
48 56 29
49 57 46
50 57 31
51 58 19
52 58 33
53 59 50
54 60 22
55 61 1
56 62 4
57 63 39
58 64 4
59 65 5
59 66 29
60 67 30
60 68 44
60 69 56
61 70 50
61 71 40
62 72 44
62 73 31
63 74 53
63 75 54
63 76 19
64 77 3
65 78 42
66 78 48
67 79 18
68 80 19
69 80 4
70 81 32
71 82 27
72 83 43
73 84 25
74 85 34
75 86 59
76 87 47
77 88 33
78 89 7
78 90 30
79 91 16
80 92 20
80 93 57
81 94 26
82 95 24
83 96 33
83 97 34
84 98 48
84 99 30
85 100 43
85 101 48
86 102 39
86 103 5
87 104 34
88 105 44
88 106 24
89 107 50
90 107 26
91 108 36
92 108 15
93 109 37
94 109 39
95 110 41
96 110 5
97 110 13
98 110 9
99 111 29
100 112 46
101 112 38
102 113 34
103 114 41
104 114 54
105 114 39
106 115 18
107 116 30
108 117 14
109 117 22
110 118 33
111 119 47
112 120 32
113 121 54
114 122 27
115 123 57
116 124 43
116 125 43
117 126 34
118 127 54
119 128 43
119 129 37
120 130 17
121 131 58
122 132 24
122 133 47
123 134 14
124 135 54
125 135 46
126 136 39
127 137 16
128 138 26
129 138 43
130 139 9
131 140 35
132 141 43
133 142 10
134 142 33
135 143 16
136 144 1
137 145 37
137 146 15
138 147 29
139 148 50
140 149 16
140 150 45
141 151 25
142 152 54
143 153 5
144 154 13
145 155 44
146 156 57
147 157 32
148 158 54
149 159 4
150 160 43
151 161 44
152 162 59
153 163 54
154 164 3
155 164 58
156 165 51
157 166 32
158 166 53
159 166 31
160 167 27
161 168 29
162 169 58
163 170 33
164 171 25
165 172 15
166 173 52
167 174 53
168 175 52
169 176 17
170 177 25
170 178 23
170 179 32
171 180 4
171 181 25
171 182 54
171 183 42
172 184 31
172 185 36
173 186 18
173 187 24
174 188 55
175 189 34
176 190 50
177 191 44
178 191 46
179 192 7
180 192 6
181 193 27
182 194 42
183 194 57
184 194 1
185 195 1
186 196 30
187 197 19
188 198 3
189 199 40
190 199 44
191 200 57
192 200 34
193 200 56
194 200 45
195 200 49
196 200 25
197 200 5
198 200 22
199 200 23
