1 2 4
1 3 1
1 4 5
1 5 8
2 6 2
2 7 3
2 8 2
2 9 3
3 10 2
3 11 9
3 12 1
3 13 2
3 14 2
4 15 2
4 16 9
4 17 5
4 18 5
4 19 2
5 20 4
5 21 2
5 22 5
5 23 5
5 24 1
6 25 2
7 26 1
8 27 8
9 28 1
10 28 2
11 29 9
12 30 1
13 31 7
14 31 5
15 32 4
16 33 1
17 33 3
18 34 3
19 35 2
20 35 9
21 36 1
22 37 2
23 38 5
24 39 9
25 40 4
25 41 9
26 42 4
27 43 7
28 44 6
29 45 8
29 46 1
30 47 6
31 48 3
31 49 9
31 50 1
32 51 2
32 52 7
33 53 7
34 54 5
34 55 3
35 56 5
35 57 1
36 58 6
37 59 4
38 60 1
39 61 2
40 62 4
41 63 2
42 64 9
43 65 5
44 66 3
45 67 4
46 68 9
47 69 4
48 70 8
49 71 4
50 72 3
51 73 9
51 74 4
52 75 7
53 76 6
54 77 5
55 78 4
56 79 3
57 80 9
58 81 6
59 82 4
60 83 6
61 84 6
62 85 6
63 86 5
64 87 7
65 88 6
66 89 9
67 90 9
68 91 4
69 92 1
70 93 7
71 94 1
72 95 4
73 96 3
74 97 1
75 98 1
76 99 7
77 100 8
78 101 4
79 102 3
80 102 4
81 103 3
82 104 4
83 105 4
84 106 9
85 107 2
86 108 6
87 109 7
88 110 2
89 111 8
90 112 6
91 112 7
92 113 5
93 114 1
94 114 1
95 114 8
96 115 2
97 116 2
98 116 5
99 117 1
100 118 3
101 119 3
102 119 7
103 120 4
104 120 6
105 121 2
106 122 8
107 123 6
107 124 5
108 125 8
108 126 6
109 127 1
110 128 2
110 129 5
110 130 7
111 131 8
111 132 4
112 133 5
112 134 4
113 135 4
114 136 2
115 137 1
116 138 2
116 139 9
117 140 5
117 141 1
117 142 8
118 143 3
119 144 5
119 145 1
120 146 6
121 147 5
122 148 7
123 149 4
124 149 5
125 149 9
126 150 4
127 151 2
128 152 5
129 152 4
130 152 7
131 153 3
132 153 9
133 153 7
134 154 6
135 154 1
136 155 1
137 156 8
138 157 5
139 158 8
140 158 9
141 159 3
142 159 9
143 160 7
144 161 8
145 162 4
146 163 3
147 164 3
148 164 1
149 165 2
150 166 5
151 167 3
152 168 3
152 169 5
152 170 2
153 171 8
153 172 3
154 173 3
155 174 6
156 175 6
156 176 7
156 177 4
157 178 6
157 179 2
158 180 6
158 181 2
159 182 6
159 183 2
160 184 1
160 185 5
160 186 5
161 187 3
162 188 2
162 189 8
162 190 7
163 191 6
163 192 4
163 193 6
164 194 2
165 195 7
166 195 2
167 195 3
168 196 1
169 196 8
170 197 8
171 198 3
172 198 1
173 199 7
174 200 6
175 201 2
176 202 4
177 203 1
178 203 5
179 204 2
180 205 1
181 206 3
182 207 3
183 208 1
184 209 2
185 210 3
186 211 7
187 212 9
188 213 2
189 213 3
190 214 9
191 215 3
192 216 8
193 217 4
194 218 6
195 219 9
196 220 9
197 221 3
198 221 9
199 222 1
200 222 1
201 223 4
202 224 8
203 225 2
204 226 8
205 227 5
206 228 4
207 229 4
208 229 9
209 230 5
210 231 6
211 232 8
212 233 7
213 234 8
214 235 3
215 235 1
216 236 4
217 236 1
218 237 3
219 238 2
219 239 4
220 240 9
221 241 3
222 242 9
222 243 6
223 244 9
224 245 1
225 246 9
226 247 9
227 248 8
228 249 6
229 250 7
230 251 1
231 252 8
231 253 4
232 254 4
233 255 8
234 256 7
235 257 2
235 258 7
236 259 7
237 260 8
238 261 3
239 262 4
240 263 8
241 264 8
242 265 6
243 266 4
244 267 2
245 268 8
246 269 1
247 270 3
248 271 1
249 272 7
250 273 2
251 274 5
252 275 5
252 276 3
253 277 4
254 278 9
255 279 7
256 280 7
257 281 6
257 282 2
258 283 8
259 284 7
260 285 9
261 286 1
262 287 3
263 287 4
264 287 3
265 288 3
266 289 1
267 290 4
268 290 3
269 291 9
270 292 6
271 293 3
272 294 1
273 294 7
274 295 6
275 296 8
276 297 5
277 298 1
278 299 3
279 299 4
280 300 7
281 301 3
282 302 1
283 303 8
284 304 8
285 305 4
286 306 9
287 307 2
288 308 9
289 309 2
290 310 4
291 311 6
292 312 9
293 313 1
294 314 9
295 315 2
296 316 4
296 317 1
297 318 5
298 319 5
298 320 6
299 321 4
300 322 5
301 323 2
301 324 7
302 325 8
303 326 8
304 327 8
305 328 6
305 329 6
306 330 2
306 331 4
306 332 2
307 333 9
308 334 9
308 335 9
308 336 1
309 337 6
309 338 6
310 339 2
310 340 3
311 341 3
312 342 9
313 343 1
314 344 1
315 345 6
315 346 5
316 347 1
316 348 4
317 349 7
318 350 2
319 351 2
320 352 3
320 353 1
320 354 2
320 355 8
321 356 5
322 357 7
323 358 8
324 359 1
324 360 5
324 361 3
325 362 5
325 363 4
325 364 9
325 365 7
326 366 9
327 367 5
327 368 4
328 369 6
329 370 3
330 371 7
331 371 5
332 371 3
333 371 3
334 372 1
335 372 4
336 373 1
337 373 4
338 373 7
339 374 9
340 374 4
341 374 7
342 374 6
343 375 7
344 375 2
345 376 3
346 376 7
347 376 6
348 377 3
349 377 1
350 378 3
351 378 7
352 378 1
353 378 3
354 378 3
355 379 8
356 379 6
357 379 8
358 379 6
359 379 9
360 379 5
361 380 5
362 380 3
363 381 5
364 381 9
365 381 9
366 381 9
367 381 9
368 382 4
369 383 9
370 383 5
371 384 9
372 385 5
372 386 2
373 387 6
373 388 9
374 389 1
374 390 6
375 391 5
376 392 5
376 393 5
377 394 1
377 395 8
377 396 6
378 397 1
378 398 2
379 399 3
380 400 4
381 401 5
382 402 9
383 403 6
383 404 9
384 405 7
385 405 7
386 406 7
387 407 8
388 408 9
389 409 2
390 410 8
391 410 2
392 411 1
393 412 8
394 413 7
395 414 9
396 415 3
397 416 4
398 416 2
399 417 9
400 418 6
401 418 6
402 418 3
403 418 6
404 419 2
405 420 3
405 421 6
406 422 1
406 423 4
406 424 5
407 425 2
408 426 7
409 427 4
409 428 9
410 429 1
411 430 4
411 431 2
412 432 9
413 433 1
414 434 8
414 435 2
414 436 7
415 437 7
416 438 2
417 439 7
417 440 8
418 441 3
418 442 5
419 443 9
420 444 4
421 445 8
422 446 7
423 446 4
424 447 5
425 447 2
426 448 9
427 449 1
428 450 2
429 450 5
430 451 3
431 452 9
432 453 1
433 454 2
434 455 5
435 456 8
436 457 4
437 458 3
438 459 6
439 460 1
440 460 3
441 461 5
442 462 2
443 463 4
444 464 9
445 465 6
445 466 7
446 467 1
447 468 6
448 469 1
449 470 8
450 471 6
451 472 7
451 473 8
452 474 7
453 475 1
454 476 2
455 477 9
456 478 1
457 479 4
458 480 7
459 481 1
460 482 9
461 483 3
462 484 4
463 485 7
464 486 4
464 487 4
465 488 3
466 489 7
466 490 9
467 491 4
468 492 8
469 493 5
470 494 1
471 495 6
472 496 1
473 497 2
474 498 4
475 499 7
476 500 1
476 501 9
477 502 6
477 503 8
478 504 4
479 505 4
480 506 7
481 507 1
482 508 7
483 509 1
484 510 3
485 511 6
486 512 1
487 513 2
488 513 8
489 514 6
490 515 1
491 516 2
492 516 6
493 517 8
494 518 6
495 518 4
496 518 9
497 518 3
498 519 8
499 520 8
500 520 7
501 521 4
502 522 3
503 523 4
504 523 5
505 524 4
506 525 4
507 525 2
508 526 4
509 527 2
510 527 6
511 528 1
512 529 1
513 530 1
514 531 8
515 532 8
516 533 4
517 534 9
518 535 6
519 535 3
520 536 5
521 537 3
522 538 4
523 539 3
524 540 8
525 541 9
526 542 8
527 543 4
528 544 2
529 545 1
530 546 2
530 547 1
531 548 7
531 549 8
531 550 8
532 551 7
532 552 6
533 553 6
534 554 4
534 555 2
535 556 1
535 557 2
536 558 6
537 559 7
538 560 7
538 561 3
539 562 2
540 563 3
541 564 5
541 565 7
541 566 7
542 567 4
542 568 8
543 569 3
544 570 2
545 571 9
546 572 7
547 573 7
548 574 7
549 575 8
550 576 6
551 577 5
552 578 2
553 579 6
554 580 3
555 581 3
556 582 7
557 583 8
558 584 2
559 585 6
560 586 3
561 587 7
562 588 9
563 589 6
564 590 4
565 591 2
566 592 3
567 593 2
568 594 5
569 595 1
570 596 9
571 597 9
572 598 4
573 599 6
574 600 4
575 600 9
576 601 3
577 602 5
578 603 9
579 604 9
580 605 6
581 605 6
582 605 5
583 606 4
584 607 6
585 608 6
586 609 2
587 610 7
588 610 5
589 611 2
590 611 4
591 612 2
592 612 8
593 613 8
594 613 3
595 614 7
596 615 6
597 616 7
597 617 1
598 618 6
599 619 3
600 620 6
601 621 1
602 622 3
603 623 3
603 624 7
603 625 1
604 626 1
605 627 6
606 628 5
607 629 4
607 630 8
608 631 8
608 632 2
609 633 4
610 634 7
610 635 9
610 636 1
611 637 1
612 638 6
612 639 6
613 640 2
614 641 9
615 642 3
616 643 3
617 644 9
618 644 7
619 644 7
620 645 8
621 645 1
622 646 2
623 646 8
624 647 9
625 648 3
626 649 5
627 650 6
628 650 1
629 650 3
630 651 1
631 651 1
632 652 3
633 652 3
634 652 5
635 653 3
636 653 6
637 654 6
638 655 4
639 655 8
640 656 2
641 657 3
642 657 5
643 658 8
644 659 6
644 660 3
645 661 4
646 662 7
647 663 2
647 664 5
648 665 8
649 666 1
650 667 9
651 668 5
652 669 1
653 670 5
654 671 2
654 672 5
655 673 2
656 674 9
657 675 5
658 676 4
659 677 6
659 678 1
660 679 5
661 680 5
661 681 8
662 682 4
663 683 2
664 684 6
664 685 5
665 686 4
666 687 3
667 688 7
668 689 5
668 690 1
669 691 5
670 692 7
671 693 8
672 694 3
672 695 1
673 696 8
674 697 9
674 698 1
675 699 6
676 700 1
677 700 8
678 700 2
679 700 5
680 700 9
681 700 5
682 700 2
683 700 4
684 700 1
685 700 9
686 700 9
687 700 1
688 700 4
689 700 7
690 700 6
691 700 6
692 700 7
693 700 5
694 700 3
695 700 7
696 700 2
697 700 2
698 700 8
699 700 5
