1 2 120
1 3 56
1 4 116
1 5 87
2 6 98
2 7 45
2 8 23
2 9 34
2 10 13
3 11 15
4 12 79
4 13 45
4 14 33
4 15 125
5 16 110
5 17 146
5 18 57
6 19 76
7 20 38
8 21 4
9 22 148
10 23 85
10 24 111
11 25 38
12 26 33
13 27 89
14 28 128
15 29 151
16 30 94
17 31 140
18 32 30
18 33 135
19 34 93
20 35 145
21 36 147
22 37 111
23 38 7
23 39 24
23 40 98
24 41 152
25 42 12
26 43 75
26 44 15
27 45 62
28 46 87
29 47 2
30 48 22
31 49 156
32 50 21
33 51 120
34 52 24
35 52 1
36 53 132
37 54 26
38 55 110
39 56 125
40 57 100
41 58 1
42 58 152
43 59 64
44 60 51
45 60 130
46 61 27
47 62 136
48 63 45
49 64 76
50 65 152
51 66 55
52 67 42
53 68 157
54 69 145
55 70 155
56 71 9
57 72 77
58 73 94
59 74 63
60 75 143
61 76 50
62 77 90
63 78 117
64 79 151
65 80 28
66 81 27
67 82 82
67 83 43
67 84 48
68 85 35
68 86 65
68 87 122
69 88 65
69 89 12
70 90 117
70 91 63
70 92 14
70 93 86
71 94 125
71 95 1
71 96 72
72 97 86
72 98 116
72 99 58
73 100 33
73 101 157
73 102 28
74 103 14
74 104 103
74 105 1
74 106 141
75 107 115
75 108 157
75 109 100
76 110 31
76 111 73
76 112 79
76 113 151
76 114 107
77 115 122
77 116 152
78 117 57
78 118 41
79 119 138
79 120 142
79 121 158
80 122 125
80 123 38
81 124 25
81 125 94
82 126 92
83 126 87
84 126 1
85 126 101
86 127 58
87 127 88
88 127 57
89 127 118
90 127 54
91 127 48
92 128 88
93 128 150
94 128 39
95 128 79
96 129 143
97 129 14
98 129 154
99 130 95
100 130 128
101 130 72
102 130 4
103 130 114
104 131 117
105 131 44
106 132 58
107 132 8
108 133 24
109 133 59
110 133 134
111 133 125
112 133 144
113 133 49
114 134 93
115 134 96
116 134 150
117 134 80
118 135 57
119 135 9
120 136 14
121 136 159
122 136 125
123 136 151
124 136 73
125 136 99
126 137 93
127 138 112
128 139 157
128 140 143
129 141 8
130 142 95
131 143 137
132 144 56
133 145 55
133 146 5
134 147 38
135 148 138
136 149 140
137 150 51
137 151 131
138 152 152
139 153 47
140 154 81
141 155 157
142 156 99
143 157 153
144 158 57
145 159 56
146 160 9
146 161 81
146 162 67
147 163 63
148 164 20
149 165 65
150 166 25
151 167 155
152 168 58
153 169 92
154 170 68
155 171 31
156 172 60
157 173 125
158 174 38
159 175 50
160 176 68
161 177 120
162 178 113
163 179 107
164 180 115
165 181 37
166 182 132
167 183 111
168 184 103
169 185 107
170 186 58
171 187 89
172 188 26
173 189 53
174 190 15
175 191 15
176 192 79
176 193 47
177 194 63
178 195 64
179 196 98
180 197 20
181 198 108
181 199 153
182 200 156
183 200 42
184 200 149
185 200 25
186 200 127
187 200 68
188 200 5
189 200 18
190 200 107
191 200 136
192 200 79
193 200 130
194 200 91
195 200 116
196 200 16
197 200 103
198 200 95
199 200 82
