3 2 3 3 3 3 3 2 3 2 2 3 3 2 2 3 2 2 3 3 3 2 2 2 2 3 2 2 3 3 2 2
8 8 8 7 8 7 8 8 8 8 7 7 8 8 7 8 7 8 8 8 7 8 7 8 7 7 7 8 8 8 7 8
10 10 10 11 10 11 11 11 11 10 10 11 11 10 11 11 11 10 11 10 11 10 10 11 10 10 10 10 10 11 10 10
2 2 2 3 3 3 3 3 3 2 2 3 2 3 2 3 3 3 2 3 3 2 3 3 2 2 2 2 3 2 3 3
11 11 10 10 11 10 10 10 10 10 10 11 10 10 10 11 11 10 10 10 11 11 10 11 10 11 10 10 11 11 11 10
10 10 10 9 9 10 10 9 9 9 10 10 10 10 10 10 9 10 9 9 10 10 10 10 9 9 10 9 10 9 9 10
4 4 3 3 3 4 3 3 3 3 4 4 3 4 4 4 4 3 4 3 4 4 4 3 3 3 4 4 3 3 4 4
13 12 13 12 13 12 13 13 12 13 13 12 12 12 13 13 12 13 13 12 13 13 13 13 13 13 12 12 13 12 13 13
14 14 13 14 13 13 14 14 14 13 13 14 13 13 13 14 13 14 14 14 14 14 13 13 14 13 13 13 14 13 14 14
19 18 18 18 18 18 18 18 19 19 18 18 19 19 18 19 18 19 19 19 19 19 19 18 18 19 19 18 19 18 18 19
20 20 20 19 20 20 19 19 19 20 19 20 20 19 19 20 20 19 19 19 19 20 20 20 20 20 20 20 20 20 19 20
13 12 13 13 12 13 13 13 13 12 13 13 13 12 13 12 13 12 12 13 13 13 12 13 13 13 12 12 12 13 12 12
9 9 8 8 8 8 9 9 8 8 8 8 8 9 9 8 9 9 9 8 8 9 9 8 9 9 8 8 9 8 8 9
13 14 13 13 13 14 14 13 13 13 13 13 13 13 14 14 14 13 14 14 14 14 14 13 13 14 13 14 14 14 14 14
2 1 2 1 2 1 2 1 2 2 1 1 2 1 2 1 2 1 2 2 2 2 1 2 1 1 2 2 2 2 1 2
15 16 15 15 16 16 15 15 16 15 15 15 16 15 15 15 15 15 15 15 15 16 16 15 16 16 15 15 16 16 15 16
17 17 17 17 17 17 17 16 17 16 17 17 17 16 16 17 17 16 17 16 17 17 17 16 16 16 17 17 16 17 17 16
15 16 16 15 16 16 16 15 15 15 16 16 15 16 16 15 15 16 16 16 16 16 15 16 15 15 16 16 15 15 16 16
18 17 17 17 17 17 17 18 18 17 17 18 18 18 17 17 17 18 17 18 18 18 18 17 18 18 17 17 18 17 18 18
14 15 14 14 15 15 14 15 15 15 15 15 14 15 15 14 14 15 14 14 14 15 15 15 15 14 15 14 15 14 14 14
21 21 19 19 19 21 19 20 20 19 20 20 20 19 19 21 20 20 20 20 21 19 20 19 21 21 21 21 19 21 19 20
6 7 6 7 7 6 7 7 7 6 6 7 7 6 7 6 6 6 7 6 6 7 7 7 6 6 6 6 6 6 6 7
9 9 10 10 10 9 9 10 10 10 9 9 10 10 9 10 9 9 9 9 9 10 9 10 9 10 9 10 10 10 10 9
10 10 10 11 11 11 11 10 11 11 10 10 10 11 11 11 11 10 11 11 11 10 10 10 11 11 11 11 11 10 10 11
10 10 10 9 9 9 9 10 10 10 9 9 9 9 9 10 9 10 9 10 9 10 9 9 9 9 9 10 9 10 10 9
8 7 8 8 7 7 8 7 8 8 7 7 8 7 8 7 7 8 8 7 8 8 8 7 7 7 8 7 7 7 8 8
10 9 9 10 9 10 9 10 9 10 9 9 10 10 9 10 9 10 10 10 9 9 9 9 10 10 9 9 9 9 10 9
6 7 6 6 6 6 7 6 6 7 6 7 7 7 7 6 7 6 6 7 7 7 6 6 6 7 6 7 7 6 6 6
13 13 13 13 12 13 13 12 12 13 13 13 13 12 12 13 12 12 13 13 13 12 12 12 13 12 12 13 13 13 13 12
11 12 12 12 11 12 11 11 12 12 12 11 11 12 12 12 12 11 11 12 12 11 12 11 12 12 12 11 11 12 12 11
5 6 5 5 5 6 6 5 6 5 6 5 5 6 6 6 6 6 5 5 6 5 5 5 5 6 6 5 6 6 6 5
18 18 18 17 18 18 18 17 18 18 17 17 17 18 17 18 17 17 17 18 17 17 17 18 18 18 17 17 18 18 17 17
5 5 5 5 6 5 6 5 6 5 5 6 5 6 6 5 5 6 5 5 5 5 5 5 6 5 5 5 5 6 5 6
18 17 18 18 17 18 18 17 17 17 18 17 17 18 18 18 17 18 18 18 17 17 18 18 17 18 17 17 18 18 17 18
8 7 8 8 8 7 7 7 8 8 7 8 7 7 8 8 7 8 8 7 8 7 7 7 8 7 8 7 7 8 7 7
9 8 9 8 9 8 9 8 8 8 8 9 9 9 8 8 8 8 8 8 9 9 9 9 8 9 9 8 9 9 9 8
18 19 18 18 19 18 19 18 19 19 18 18 18 18 18 19 19 18 18 19 19 19 18 19 18 19 19 19 19 18 18 19
14 14 14 14 15 14 14 14 14 14 15 15 15 14 15 15 15 14 14 15 14 14 14 15 15 15 15 15 14 15 14 14
13 14 13 13 13 14 13 14 13 14 14 13 14 14 13 14 13 13 13 13 13 13 13 13 13 14 14 13 14 13 13 14
17 16 16 17 16 16 17 17 16 16 16 17 16 17 16 16 16 17 16 17 16 16 16 17 16 16 16 17 16 17 16 16
11 11 11 12 12 11 12 12 11 12 11 12 11 11 12 12 12 11 12 12 11 12 12 11 12 11 12 11 11 12 11 12
8 9 8 9 8 8 9 8 8 8 9 8 9 9 9 9 8 8 9 9 9 9 9 8 8 9 8 8 8 8 9 8
17 17 18 18 18 17 17 18 18 17 17 17 18 18 18 17 17 18 18 18 18 17 18 17 17 17 17 17 18 18 18 17
4 4 5 4 4 4 5 5 4 4 5 4 4 4 5 4 4 4 4 4 4 5 5 5 4 4 4 5 5 4 5 5
14 14 14 14 14 14 15 14 15 15 14 14 15 15 14 14 15 15 14 15 15 14 14 14 14 15 14 15 14 14 15 15
4 5 4 5 5 4 4 5 4 4 4 5 4 5 4 5 4 4 4 5 4 4 4 5 4 5 5 4 5 5 5 5
1 1 2 1 2 2 2 1 1 1 2 1 2 1 1 1 1 1 1 2 2 2 2 2 1 1 2 1 1 1 2 1
7 7 7 8 8 7 8 8 8 8 8 8 8 7 7 7 8 7 7 8 7 8 7 7 8 7 8 8 7 7 7 7
12 12 12 13 12 13 13 13 12 13 13 13 13 12 12 13 12 12 13 12 13 13 12 12 13 13 12 13 13 13 12 13
7 8 7 7 7 8 8 7 8 8 7 8 7 8 8 8 8 8 8 7 7 8 7 8 7 8 7 8 7 7 8 7
20 19 20 20 20 19 20 20 19 20 20 20 20 20 19 19 20 19 19 19 20 19 20 19 20 19 19 20 20 19 20 19
20 19 19 19 20 20 20 20 19 19 19 20 19 20 20 19 20 19 19 20 20 20 19 19 19 19 19 19 19 20 20 19
4 3 3 4 4 4 4 3 4 4 4 3 4 4 3 3 3 4 3 3 3 4 4 4 4 3 4 3 4 4 3 4
16 17 17 17 16 16 17 17 17 17 16 17 17 16 17 17 17 16 17 17 16 17 17 16 16 16 16 17 16 16 16 17
14 13 13 13 13 14 14 13 14 13 13 13 13 14 14 14 13 14 13 13 13 13 14 14 14 13 14 14 14 13 13 14
2 2 3 2 3 3 2 3 2 3 3 2 2 2 3 3 2 2 3 2 2 3 2 3 3 3 3 2 3 3 3 2
8 8 9 9 8 8 9 8 8 9 9 8 8 8 8 8 8 8 8 8 8 9 9 9 8 8 9 8 9 8 8 8
2 3 3 3 3 2 2 3 3 2 2 3 3 3 2 2 2 3 3 2 2 3 3 2 2 2 3 3 3 2 2 2
10 10 10 9 10 9 10 9 9 9 10 10 10 10 10 9 10 9 9 10 9 9 10 9 9 9 9 10 10 10 10 9
13 14 14 13 14 14 13 14 14 13 14 14 14 14 14 13 13 14 14 13 14 13 13 14 14 14 14 14 14 13 14 13
10 10 9 9 9 10 9 9 9 9 9 9 10 10 10 9 10 10 10 9 9 10 9 9 9 10 9 9 9 10 9 10
18 17 18 17 18 17 18 18 17 17 18 18 18 18 17 18 18 18 17 18 18 18 18 18 18 18 18 17 18 18 18 17
10 10 10 10 10 10 11 10 10 10 11 11 11 11 10 10 11 11 11 10 10 11 11 11 10 11 11 10 11 11 11 10
2 2 2 3 3 3 3 2 3 2 2 3 2 3 2 2 2 3 3 3 3 3 2 2 3 3 2 3 3 3 3 2
4 5 4 4 4 4 5 5 5 5 5 5 5 5 5 5 4 5 5 5 5 5 5 5 5 5 4 5 5 4 5 5
5 5 6 5 5 5 5 6 5 6 5 5 5 6 6 6 5 5 6 5 5 5 6 6 6 6 6 5 5 6 6 6
5 5 5 5 5 5 5 5 5 5 5 4 5 4 4 5 4 5 4 4 5 4 4 5 5 4 4 4 4 5 5 4
2 1 1 1 2 1 1 1 2 1 1 2 2 2 1 2 1 2 1 2 1 1 2 1 2 1 2 1 2 2 2 1
5 5 6 5 5 6 5 5 6 5 5 5 5 6 5 6 5 6 6 6 5 5 5 6 6 5 6 5 6 5 5 5
18 19 18 18 19 19 19 18 18 18 19 18 18 18 18 18 19 19 18 19 18 19 19 18 18 19 19 18 19 19 19 19
1 1 1 1 2 1 2 1 2 2 2 1 2 1 1 1 2 2 2 2 2 2 1 1 2 1 2 2 2 2 2 2
21 20 19 20 21 21 20 20 19 21 19 21 19 19 20 19 19 21 19 20 20 20 20 19 21 20 19 21 21 19 21 19
18 17 17 18 18 17 18 17 17 17 18 17 18 17 17 18 18 17 17 17 17 17 18 18 17 17 18 18 17 18 17 17
14 14 15 14 14 14 15 14 15 14 14 15 15 15 14 15 15 15 15 15 14 14 15 15 15 15 15 14 14 15 14 15
6 7 6 7 6 6 7 7 6 6 7 7 6 6 6 7 6 7 7 6 6 6 7 7 7 7 6 7 7 7 6 7
16 15 16 16 15 16 16 15 16 16 15 15 16 15 15 15 16 15 16 16 16 16 15 16 15 15 16 16 16 15 16 16
6 6 6 6 6 6 6 6 6 7 6 6 6 6 6 7 7 7 7 7 7 7 7 6 7 7 7 7 7 7 7 6
7 7 8 8 8 8 7 7 8 7 7 8 7 7 8 7 8 7 8 7 8 8 8 8 8 8 7 8 8 8 7 7
2 2 1 2 2 1 1 1 1 2 1 2 2 1 1 1 1 1 2 2 2 2 1 2 2 1 1 2 1 1 1 2
12 12 11 11 11 12 11 11 11 12 12 11 12 12 12 11 12 11 11 11 12 12 11 11 11 12 11 11 11 12 12 12
8 9 8 9 8 9 8 9 9 8 9 9 8 8 8 8 8 8 9 9 9 9 8 8 8 8 9 9 8 9 9 8
16 16 16 15 16 16 15 16 16 16 16 16 15 15 15 15 15 16 15 15 15 15 15 15 16 16 16 16 15 16 15 15
7 8 7 8 7 7 7 7 7 8 7 7 7 7 7 8 7 8 7 7 7 7 8 8 7 7 7 7 7 7 7 7
16 15 15 16 16 16 15 15 16 16 16 16 15 15 15 16 16 15 16 15 15 15 15 16 15 16 16 16 15 15 16 15
17 17 17 17 17 18 18 18 18 17 17 18 18 18 17 17 17 17 17 17 18 18 18 17 17 17 17 17 18 18 18 18
17 16 16 16 17 17 17 17 17 16 16 17 17 16 16 17 17 16 17 16 17 17 16 16 16 16 16 17 17 16 17 16
12 12 13 12 12 13 12 13 12 12 13 12 13 13 12 13 13 13 13 13 12 13 12 12 13 13 13 13 12 12 12 13
6 6 7 7 7 6 6 7 7 7 7 6 6 6 6 6 6 7 7 7 6 7 6 7 6 6 6 6 7 7 6 6
10 11 10 11 11 10 11 11 10 11 11 11 10 10 11 10 10 11 11 11 11 10 10 10 10 10 11 10 10 10 10 11
11 11 11 11 11 12 12 12 12 11 12 11 11 12 11 12 11 11 12 11 11 11 12 12 12 12 12 12 12 11 11 11
19 20 19 19 20 19 19 20 20 19 20 19 20 20 19 20 20 19 20 20 20 19 20 20 19 19 20 19 20 19 20 19
2 1 1 1 2 2 2 2 1 2 1 1 2 2 2 1 2 2 2 1 2 2 1 1 1 2 2 2 1 1 2 2
19 20 19 20 21 21 19 20 21 21 21 20 20 21 19 19 21 21 19 20 19 21 21 20 21 19 19 20 21 21 20 21
12 13 12 13 12 13 12 12 13 13 13 13 12 12 12 12 12 12 13 12 12 13 13 12 12 13 12 12 12 13 12 12
18 19 19 19 19 18 19 18 18 19 19 18 18 18 19 19 18 19 19 19 18 18 18 18 19 18 19 18 18 19 18 18
19 19 18 18 19 19 18 19 18 18 18 19 19 19 18 18 19 19 19 19 19 18 18 18 18 18 19 19 19 19 19 19
12 13 13 12 12 12 12 12 13 13 13 12 12 13 13 12 12 12 13 13 13 13 12 12 12 12 12 13 13 13 13 13
20 19 20 19 20 19 20 19 19 20 20 19 19 20 19 20 20 19 19 20 19 19 20 19 20 19 20 20 19 20 19 20
14 14 15 14 14 15 14 14 15 15 15 14 14 15 15 14 14 14 15 14 14 14 14 14 14 15 15 14 15 14 15 15
4 4 5 5 5 4 5 4 4 4 4 4 5 5 5 4 5 4 5 5 4 5 5 4 5 5 4 5 5 4 5 5
9 10 10 10 10 9 9 10 9 10 9 10 10 10 9 10 9 9 10 9 9 9 9 10 10 9 9 10 10 10 9 9
17 17 17 16 17 17 17 16 17 17 16 16 16 16 17 17 16 17 16 17 17 17 17 17 17 17 16 17 16 17 16 16
11 11 11 10 10 10 11 11 11 10 10 11 10 11 11 11 11 11 10 11 11 10 11 10 11 11 11 10 11 10 11 11
7 6 7 7 6 7 7 6 6 7 7 7 7 6 7 7 6 6 7 7 6 6 6 6 7 6 7 7 7 6 7 6
17 17 16 16 16 17 17 17 16 17 16 17 17 17 17 16 16 16 16 17 16 17 17 17 17 17 17 17 17 17 16 17
12 12 11 11 12 11 11 11 12 11 11 12 12 11 11 12 11 11 11 12 12 11 12 11 11 12 11 11 12 11 12 12
4 5 5 4 4 4 4 5 5 4 5 4 4 5 4 5 4 5 5 4 4 4 4 4 4 4 5 4 5 5 4 5
18 19 19 19 19 18 18 19 19 18 19 18 18 18 18 19 19 19 19 18 19 19 19 18 18 19 18 19 19 19 18 18
21 19 20 21 19 21 21 20 20 20 21 20 21 19 20 21 21 19 19 21 20 19 21 21 20 21 20 19 19 19 19 19
9 9 10 10 9 10 10 10 9 10 10 9 10 10 10 10 9 10 9 10 10 9 9 10 10 10 9 9 9 10 9 10
12 11 11 12 12 11 12 11 12 12 12 11 12 12 11 11 12 11 12 11 12 11 12 12 12 11 11 11 11 11 11 12
20 19 19 20 19 19 19 20 20 19 19 20 20 20 19 20 19 20 20 20 20 19 19 20 19 20 19 19 19 20 20 20
10 10 11 10 10 11 11 11 10 11 10 11 10 11 10 11 11 10 10 10 10 11 10 11 10 11 10 10 10 11 10 11
6 6 6 6 6 6 6 6 6 6 7 7 6 7 7 6 6 6 6 7 6 7 7 6 7 6 7 7 7 7 7 6
12 12 13 13 13 13 12 13 12 13 12 13 12 12 13 13 12 12 13 12 12 13 12 12 12 12 12 12 13 13 13 12
3 3 3 3 3 3 3 2 3 3 2 2 3 2 2 3 2 3 2 2 3 2 3 2 2 2 3 2 2 2 3 3
2 3 2 3 2 3 2 3 2 2 2 2 3 3 3 2 3 3 2 2 3 3 3 2 3 2 2 2 3 2 2 2
4 4 5 4 5 5 5 4 4 5 4 5 4 5 4 4 4 4 4 5 5 5 5 5 5 4 4 4 4 4 5 5
16 17 16 17 16 17 17 17 16 16 17 16 17 16 16 17 16 17 17 16 17 17 17 16 16 17 17 17 16 17 17 17
5 4 4 5 4 5 4 4 5 4 5 4 4 4 5 4 4 4 5 4 4 5 4 5 5 5 5 5 5 5 4 5
17 17 18 17 17 18 17 18 18 17 17 17 18 17 17 18 17 18 18 18 18 17 17 17 17 18 17 17 17 17 18 17
16 15 16 16 16 15 16 15 16 16 15 15 15 16 16 16 15 15 15 16 15 16 15 15 15 16 16 15 16 16 16 16
9 9 9 10 10 9 9 10 9 10 9 10 9 9 9 9 10 9 9 10 10 9 10 10 10 10 9 9 10 9 10 9
6 6 6 7 6 6 7 6 6 6 7 7 6 6 7 6 7 6 7 6 7 7 7 6 7 6 7 6 6 6 7 6
13 13 13 13 14 13 14 14 14 14 13 13 13 14 13 14 14 13 14 13 14 14 13 13 13 14 13 13 13 13 14 14
11 12 11 11 12 12 12 12 12 11 11 12 12 12 12 12 11 11 11 11 12 12 12 12 12 11 12 11 11 12 12 11
17 18 17 17 17 17 18 17 18 17 17 17 17 18 18 17 18 17 18 18 17 17 17 18 17 17 18 17 18 18 18 18
10 10 10 10 9 9 9 9 9 9 10 10 10 9 10 9 10 9 9 10 9 9 10 9 10 10 10 10 9 9 9 9
2 3 3 2 3 3 2 2 2 2 3 3 3 2 2 3 3 2 2 3 3 3 2 2 3 2 2 2 3 3 3 3
17 17 17 17 17 17 18 17 18 18 17 18 18 18 17 17 17 18 17 17 17 18 17 18 18 18 18 17 18 17 17 17
15 16 16 15 15 15 16 15 16 15 15 15 16 16 16 16 15 16 16 16 16 16 15 15 16 15 15 16 16 16 16 16
7 8 7 7 7 8 8 8 8 7 8 7 8 7 7 8 7 7 8 7 8 7 7 7 8 8 8 8 7 8 8 7
10 11 10 10 11 10 10 11 10 11 10 11 10 11 10 11 10 10 10 10 10 10 11 11 10 11 11 11 10 10 10 10
12 13 13 13 12 12 12 13 13 13 12 12 12 12 13 13 12 12 13 13 13 13 12 12 13 13 12 13 12 12 13 13
5 6 5 5 5 6 6 5 5 5 5 5 5 6 5 6 5 6 6 5 5 5 5 6 6 6 6 5 5 5 5 5
17 16 17 17 16 16 17 16 16 16 16 16 16 17 17 17 17 16 17 17 16 17 16 16 17 16 16 17 17 16 16 16
6 7 6 6 6 7 7 7 7 7 7 7 6 6 6 7 7 6 7 6 7 7 6 7 6 6 6 7 7 6 7 6
2 3 3 3 3 3 2 2 2 2 3 3 3 2 3 3 3 3 2 2 3 3 3 2 2 3 3 2 3 3 2 3
14 15 14 14 15 14 14 15 15 15 15 14 14 15 14 14 14 15 15 14 15 14 15 14 14 15 14 14 15 15 15 15
21 21 19 20 19 21 20 21 19 19 21 20 20 19 19 21 20 21 19 20 19 19 19 19 20 21 20 20 19 20 21 21
12 12 12 12 12 12 13 13 13 12 12 13 13 12 13 13 13 12 13 12 12 13 13 13 13 12 13 12 12 13 13 13
10 10 9 9 9 10 9 10 9 10 9 10 10 10 10 10 9 10 10 10 10 9 9 9 10 9 10 9 9 9 9 9
10 10 9 9 9 9 9 9 9 9 9 10 10 10 9 9 9 9 10 10 9 10 10 9 10 10 10 9 10 9 10 9
16 15 15 16 16 15 16 15 16 15 16 15 16 16 16 15 16 15 15 16 16 15 15 16 15 15 16 15 16 15 15 16
18 18 18 17 18 17 17 17 18 18 17 18 17 17 18 17 18 18 17 18 17 17 18 18 18 17 18 18 18 17 18 17
10 9 9 10 9 10 10 9 9 10 9 9 10 9 10 9 10 9 9 9 9 9 10 10 10 10 10 10 10 9 9 9
6 7 6 7 6 6 7 6 6 6 6 7 7 6 6 7 7 7 7 6 7 7 6 6 6 6 6 6 6 6 7 7
13 14 14 14 14 14 13 14 14 14 13 13 13 14 14 13 14 14 14 14 13 13 13 14 13 14 13 13 13 13 14 14
4 4 3 3 4 4 3 3 4 4 4 4 4 3 3 4 3 4 4 4 4 4 3 4 3 3 3 4 4 4 4 3
13 13 14 13 13 13 13 14 14 13 14 13 14 13 14 14 13 14 13 13 14 14 13 13 14 13 13 14 13 14 13 13
3 3 2 3 2 3 2 3 2 3 3 3 3 2 2 2 2 3 3 3 2 2 2 3 2 3 2 3 2 3 3 3
12 12 11 12 11 11 12 11 11 11 12 11 12 12 12 11 12 11 12 12 11 11 12 12 12 11 11 11 11 12 11 11
2 1 1 1 2 2 2 2 1 2 2 2 1 2 2 1 2 1 2 1 1 1 2 1 2 2 2 2 1 2 2 1
11 10 11 11 10 11 10 10 11 10 10 11 10 10 11 10 11 10 10 10 10 11 10 11 11 11 11 11 10 10 11 10
3 3 2 2 3 2 3 2 2 3 3 2 3 2 3 2 3 3 2 2 3 3 3 2 2 3 3 3 3 3 2 3
3 4 3 4 3 3 4 4 4 4 3 3 3 3 4 4 4 4 3 4 4 3 4 4 3 4 4 3 3 3 3 4
19 21 19 20 19 20 19 19 19 20 21 20 19 21 19 21 21 21 20 20 21 21 19 19 19 21 20 20 19 19 20 20
7 8 8 8 7 7 7 8 8 8 7 8 8 8 7 7 7 7 8 8 8 8 7 8 8 8 7 8 7 7 7 8
16 16 17 16 17 16 17 17 17 17 17 16 17 17 16 16 16 17 17 16 17 16 17 16 17 17 16 16 16 17 17 17
14 15 14 15 14 14 15 15 14 15 15 15 14 14 15 14 15 14 15 15 15 15 15 15 14 14 15 14 14 14 14 15
19 18 19 19 18 18 18 18 18 19 18 19 19 18 18 19 18 18 19 18 19 18 19 18 18 18 19 18 18 19 19 18
4 4 4 3 4 3 3 3 3 4 3 3 3 3 4 4 4 3 3 3 3 3 4 3 3 3 3 3 4 3 4 4
10 9 9 9 10 10 9 10 9 9 10 9 10 10 9 10 10 10 9 10 10 10 10 9 10 10 10 10 10 9 9 9
6 5 5 6 5 5 5 5 6 5 6 6 5 5 6 5 6 6 5 6 5 6 5 5 5 5 5 5 5 5 6 5
19 20 20 20 20 19 20 20 20 19 20 20 20 20 20 20 19 19 20 20 19 20 19 20 19 20 19 20 20 19 19 19
17 18 18 17 18 18 18 17 18 18 18 18 17 17 18 17 18 17 17 18 17 18 17 18 18 18 18 18 18 17 17 17
6 6 6 7 6 6 6 6 6 6 6 6 7 6 7 7 7 6 6 6 6 6 6 7 7 6 7 6 6 6 7 6
11 11 11 11 12 12 12 11 12 11 12 12 12 11 12 11 12 12 12 12 11 12 11 12 12 11 11 12 12 12 12 12
11 12 12 11 11 12 12 11 11 12 12 11 11 11 11 12 12 11 12 11 12 12 11 11 11 11 11 11 12 12 12 12
18 18 18 19 18 18 19 18 18 18 18 18 18 18 19 18 19 18 19 19 18 18 18 19 18 19 18 19 19 18 19 18
17 17 18 18 17 17 18 17 17 18 17 18 18 18 17 18 17 18 18 18 18 17 18 17 17 18 17 17 18 18 17 18
2 2 3 3 2 2 2 2 3 3 2 2 3 2 3 3 2 3 2 2 2 2 2 2 2 2 3 3 3 3 3 2
15 15 14 14 15 14 15 14 15 15 14 15 15 15 15 14 14 14 14 14 14 14 15 14 14 14 14 14 14 15 15 15
16 17 16 17 16 17 16 16 17 16 16 16 17 16 17 16 16 17 17 17 16 16 16 17 17 16 16 16 16 16 17 16
15 15 16 15 15 16 16 16 16 16 16 16 15 15 15 16 16 15 16 15 16 15 15 15 16 16 15 15 16 16 15 16
3 3 3 3 3 3 4 3 3 3 3 4 4 4 3 3 3 4 3 4 3 3 4 4 4 4 4 3 4 3 3 4
14 13 13 14 14 13 14 13 13 14 13 14 14 13 13 13 13 14 13 14 13 13 13 14 14 14 13 14 13 13 13 14
9 10 9 9 10 9 9 10 9 9 10 10 9 10 9 9 9 10 10 9 10 9 10 10 10 10 9 10 9 9 9 9
2 2 3 3 3 2 3 3 3 2 2 3 2 3 3 3 2 2 2 3 3 2 3 3 3 2 2 3 3 2 2 3
15 14 15 15 15 15 15 14 14 14 15 15 15 15 14 14 14 15 14 15 15 15 15 15 15 15 15 15 14 15 14 15
2 2 3 3 3 3 3 3 2 2 2 3 2 3 3 3 3 2 2 2 2 2 2 2 3 2 2 3 2 2 3 2
19 19 19 19 21 21 19 20 19 20 20 21 21 20 20 21 20 20 19 19 20 21 19 20 21 19 20 21 19 21 19 19
8 9 8 9 9 8 9 9 9 8 8 8 9 9 9 9 8 9 8 9 9 9 9 8 8 8 9 9 8 9 8 8
11 11 11 10 10 10 11 10 10 11 11 11 11 10 11 10 10 11 11 10 10 11 11 11 11 10 11 11 10 11 10 11
7 7 6 6 6 6 7 6 7 7 6 6 6 7 6 6 6 6 6 6 7 7 6 6 6 6 6 7 6 7 7 7
16 16 16 16 17 16 16 16 16 16 17 17 17 17 17 16 17 17 16 16 17 16 16 16 16 16 16 16 17 16 17 16
14 14 14 15 15 14 14 15 14 14 15 15 14 14 15 15 14 14 14 14 14 14 14 15 14 15 14 14 14 14 15 15
19 19 19 19 20 19 20 20 20 19 21 20 20 19 20 19 19 20 20 20 19 21 19 19 20 20 19 21 20 20 20 20
3 2 3 3 3 3 3 3 3 3 2 3 3 3 2 3 3 3 2 2 2 2 2 3 2 3 2 3 2 2 2 2
14 15 14 15 15 15 15 14 15 14 15 14 14 15 15 15 15 15 15 14 15 15 15 14 15 15 15 14 14 14 15 15
18 17 18 17 17 17 17 18 18 17 17 17 18 18 17 18 17 18 17 18 18 17 17 17 17 18 17 17 18 18 18 17
13 13 13 13 14 13 14 13 13 14 14 13 13 14 13 14 14 14 13 13 14 14 13 13 13 14 13 13 14 13 13 13
13 13 13 14 14 13 14 14 13 14 13 13 13 14 14 13 14 14 13 13 14 13 14 14 13 13 13 14 13 14 14 14
8 8 7 7 7 7 7 7 7 8 8 8 7 7 7 7 7 7 7 8 8 7 8 7 7 8 7 8 8 8 8 7
6 6 6 5 6 5 6 6 5 5 6 5 6 6 6 5 5 5 5 6 5 5 6 6 6 5 6 5 6 6 6 5
8 8 8 8 8 8 9 9 9 9 9 8 9 9 9 8 9 8 8 9 8 9 9 8 8 9 8 8 8 8 8 9
3 4 4 3 3 4 3 3 4 4 4 4 4 4 4 4 3 4 4 3 4 4 3 4 3 4 4 4 3 4 3 4
8 8 8 7 8 8 8 8 8 8 7 7 7 7 8 8 7 8 8 8 8 7 8 7 7 7 7 8 7 7 7 8
6 5 5 6 5 5 6 5 6 5 5 5 6 5 6 6 6 5 5 5 6 6 5 5 6 5 6 5 6 5 5 6
3 3 4 4 3 4 4 3 4 3 3 3 3 3 4 3 4 4 4 4 3 3 3 3 4 3 3 4 3 3 4 4
