1 2 1
1 3 1
1 4 1
2 5 1
2 6 1
3 7 1
4 8 1
4 9 1
5 10 1
6 11 1
6 12 1
7 13 1
7 14 1
7 15 1
8 16 1
9 17 1
9 18 1
10 19 1
11 20 1
12 21 1
13 22 1
14 22 1
15 23 1
16 23 1
17 24 1
18 24 1
19 25 1
20 26 1
21 26 1
22 27 1
23 28 1
24 29 1
25 30 1
26 31 1
27 32 1
28 33 1
29 34 1
30 35 1
31 36 1
32 37 1
33 37 1
34 38 1
35 39 1
35 40 1
35 41 1
36 42 1
36 43 1
36 44 1
37 45 1
37 46 1
38 47 1
38 48 1
39 49 1
40 49 1
41 50 1
42 51 1
43 52 1
44 53 1
45 54 1
46 55 1
47 55 1
48 56 1
49 57 1
50 57 1
51 57 1
52 57 1
53 58 1
54 58 1
55 58 1
56 59 1
57 60 1
57 61 1
57 62 1
58 63 1
58 64 1
58 65 1
59 66 1
59 67 1
59 68 1
60 69 1
61 70 1
62 71 1
63 72 1
64 72 1
65 72 1
66 73 1
67 74 1
68 74 1
69 75 1
69 76 1
70 77 1
70 78 1
71 79 1
71 80 1
72 81 1
73 82 1
74 83 1
75 84 1
76 85 1
77 86 1
78 87 1
79 87 1
80 88 1
81 89 1
82 90 1
83 91 1
84 92 1
85 93 1
86 94 1
87 95 1
88 96 1
89 97 1
90 98 1
91 99 1
92 100 1
93 100 1
94 100 1
95 100 1
96 100 1
97 100 1
98 100 1
99 100 1
