5 6 7 7 8 7 8 6 6 3 4 7 7 7 6 5
17 10 6 11 9 16 12 9 8 9 10 9 17 9 11 11
5 5 8 6 7 9 9 3 3 8 5 9 3 6 4 6
15 16 17 10 18 8 12 17 19 19 10 10 13 13 7 10
4 3 3 4 2 4 5 3 2 3 3 4 3 4 3 3
14 18 12 9 13 13 18 9 18 20 7 15 19 13 15 20
13 5 5 13 5 11 13 5 6 8 11 6 7 15 12 9
1 2 3 1 2 2 1 2 3 3 1 3 3 2 3 1
11 15 7 9 5 13 7 10 10 14 12 14 9 13 15 11
14 19 10 18 13 9 17 15 8 9 11 19 19 14 17 10
8 7 5 5 5 8 5 3 7 5 4 9 9 8 9 6
11 5 11 12 4 8 9 10 5 7 8 12 4 4 8 6
7 12 14 14 10 13 11 11 14 13 9 17 6 15 14 14
5 5 3 3 5 3 2 3 4 3 5 5 4 5 4 2
6 17 13 10 12 13 14 14 13 8 14 15 16 6 6 11
16 12 7 17 13 19 7 21 9 7 18 7 11 11 14 8
6 8 12 6 12 9 8 9 11 13 14 9 8 15 7 9
5 2 5 5 2 2 4 3 4 5 3 5 3 5 2 3
7 10 14 15 9 10 17 8 17 8 8 17 13 10 14 10
5 7 7 8 7 5 7 8 6 5 6 11 6 4 9 6
7 7 9 5 5 6 6 3 7 7 4 6 5 5 8 6
17 12 11 7 6 8 6 13 9 15 18 9 12 18 17 8
3 2 3 1 3 2 3 1 2 2 3 3 2 3 1 2
8 14 9 15 7 13 12 11 12 14 10 11 14 9 15 7
2 2 2 2 2 2 2 1 1 1 1 2 2 2 1 2
13 13 7 17 16 16 19 11 19 13 12 17 21 14 17 12
4 3 4 5 6 8 8 6 3 5 6 7 8 6 7 8
13 7 14 12 13 12 17 10 6 16 12 17 8 8 15 12
3 5 2 5 4 5 2 5 3 4 5 3 5 3 3 5
9 9 12 8 15 14 6 11 13 6 5 8 6 13 14 9
21 15 11 19 15 19 18 10 21 21 21 21 7 18 20 19
2 2 1 2 2 1 2 1 1 2 2 1 2 1 1 1
15 13 12 12 5 9 8 14 9 10 5 5 10 15 5 14
15 10 14 19 19 17 14 17 16 18 17 13 13 21 8 9
6 7 6 6 6 7 6 8 7 3 5 8 7 5 8 4
6 9 8 13 15 6 10 6 9 15 10 7 12 10 6 6
2 1 2 2 2 1 1 1 1 2 2 1 2 1 1 1
4 6 4 2 6 6 4 4 5 3 3 4 2 5 3 3
8 7 8 7 8 17 7 17 13 8 12 16 6 7 15 16
16 20 7 20 16 12 12 13 21 17 7 12 17 10 20 15
12 17 13 12 14 18 10 14 8 7 11 16 17 17 10 15
6 5 7 5 4 7 11 9 8 8 7 5 5 10 9 11
10 8 14 18 15 20 7 21 7 7 19 18 9 14 12 10
10 7 10 11 6 9 8 7 11 4 7 6 10 11 6 5
12 7 17 10 19 10 8 7 19 13 7 18 13 21 13 16
2 1 1 2 2 2 2 2 2 2 2 2 1 2 1 1
10 12 9 21 9 7 20 7 19 15 8 9 17 11 16 13
18 17 10 13 16 16 9 16 11 17 15 8 20 13 18 9
2 1 2 2 2 2 2 2 1 1 2 2 2 1 2 2
8 8 3 5 5 3 6 3 7 7 3 4 5 3 6 8
14 17 7 19 20 19 14 8 19 13 7 17 7 18 19 9
13 11 6 8 11 6 11 11 7 7 8 14 11 9 5 5
2 2 2 1 1 1 2 1 1 1 1 1 2 1 1 2
5 5 4 5 8 7 7 7 9 4 3 8 4 7 3 8
10 9 8 4 7 9 8 11 8 11 4 10 8 8 10 11
5 12 5 15 5 11 14 13 15 5 11 15 8 13 13 6
11 18 13 11 14 8 15 8 17 17 7 10 16 14 8 18
4 3 8 6 7 4 3 7 4 6 6 4 7 5 6 7
17 18 11 6 10 6 6 7 16 8 12 9 6 15 14 6
6 10 11 7 11 15 10 6 17 11 12 16 17 16 14 7
3 4 4 4 2 4 3 4 5 3 2 5 4 2 5 5
9 6 4 10 7 8 10 6 9 4 9 5 7 6 5 6
1 2 2 1 2 1 2 2 1 2 1 1 1 2 1 2
10 13 11 9 18 13 8 17 9 12 13 20 7 19 16 19
3 3 3 2 3 2 2 3 1 2 2 1 2 3 3 3
3 1 1 1 3 3 1 2 1 3 3 2 3 2 1 3
11 8 8 6 5 9 11 5 5 4 10 4 11 4 6 10
11 12 11 10 18 7 7 7 12 13 17 17 15 7 7 15
14 7 8 8 16 16 7 17 6 8 9 6 9 10 14 9
8 8 5 3 5 6 3 7 8 7 7 4 7 7 3 6
5 8 4 3 4 5 4 5 8 3 5 6 4 6 4 8
5 3 5 2 4 4 3 3 3 2 5 2 2 4 5 4
11 6 13 6 12 5 5 11 11 6 14 10 6 5 5 9
8 8 5 4 4 4 10 5 6 5 4 5 6 7 11 8
9 15 9 20 12 10 9 15 18 16 14 17 13 20 17 7
15 19 16 8 17 12 19 20 19 7 14 13 8 12 13 9
12 8 17 12 10 13 12 8 11 11 14 11 11 8 16 9
7 15 17 7 17 6 16 8 18 13 13 7 12 14 12 17
7 10 4 11 10 6 6 10 5 5 10 7 8 6 10 8
9 3 7 5 5 5 4 7 7 8 4 9 5 9 5 3
13 14 6 6 12 11 9 6 12 12 14 5 7 5 8 7
9 17 10 7 9 14 19 12 12 17 18 18 17 17 17 16
8 11 14 9 9 11 10 21 14 16 20 11 17 13 8 20
6 9 8 6 4 4 6 6 5 6 6 11 10 11 5 4
6 13 5 8 11 5 9 9 12 8 13 5 5 13 14 13
10 8 9 11 13 5 7 13 7 10 6 8 11 8 10 7
14 19 12 10 15 13 11 16 7 18 8 15 9 8 10 10
12 8 11 6 12 12 11 6 5 6 7 4 5 9 4 9
7 14 11 11 14 12 6 11 7 9 5 7 9 7 6 6
9 11 17 7 16 15 6 16 9 12 17 10 7 6 10 8
1 1 1 1 2 2 1 2 1 2 2 2 2 2 1 2
18 11 17 8 7 12 13 8 10 11 7 10 6 7 18 9
1 1 1 1 2 2 2 2 2 2 2 2 1 2 2 2
1 1 2 1 1 1 2 1 1 1 2 2 1 2 2 1
11 10 11 9 15 8 14 18 19 7 21 7 19 9 20 16
2 1 1 2 1 2 2 2 2 1 2 1 2 2 1 2
2 3 1 1 3 2 3 2 1 2 1 1 1 2 3 1
9 5 10 10 6 9 8 11 12 7 6 6 4 7 7 11
6 5 6 3 4 5 6 2 3 5 5 3 6 2 5 3
5 11 14 5 13 10 12 5 5 5 11 12 8 5 11 6
