1 2 1
1 3 1
1 4 1
1 5 1
1 6 1
2 7 1
3 8 1
3 9 1
3 10 1
4 11 1
5 12 1
5 13 1
5 14 1
6 15 1
6 16 1
6 17 1
6 18 1
7 19 1
8 19 1
9 20 1
10 20 1
11 21 1
12 22 1
13 23 1
14 23 1
15 24 1
16 25 1
17 25 1
18 26 1
19 27 1
20 28 1
20 29 1
21 30 1
22 31 1
22 32 1
23 33 1
24 34 1
25 35 1
26 36 1
27 37 1
28 37 1
29 38 1
30 39 1
31 40 1
32 41 1
33 42 1
34 43 1
35 44 1
36 45 1
37 46 1
38 47 1
39 48 1
40 49 1
41 50 1
42 51 1
43 52 1
44 53 1
45 54 1
46 55 1
46 56 1
47 57 1
48 58 1
48 59 1
49 60 1
50 61 1
51 62 1
52 63 1
52 64 1
53 65 1
54 66 1
55 67 1
56 68 1
57 68 1
58 69 1
59 69 1
60 69 1
61 69 1
62 69 1
63 70 1
64 70 1
65 71 1
66 71 1
67 72 1
68 73 1
69 74 1
70 75 1
71 76 1
72 77 1
72 78 1
73 79 1
74 80 1
74 81 1
74 82 1
75 83 1
75 84 1
76 85 1
76 86 1
77 87 1
78 87 1
79 87 1
80 87 1
81 88 1
82 88 1
83 89 1
84 89 1
85 90 1
86 91 1
87 92 1
88 93 1
88 94 1
89 95 1
90 96 1
90 97 1
90 98 1
91 99 1
92 100 1
93 100 1
94 100 1
95 100 1
96 100 1
97 100 1
98 100 1
99 100 1
