1 2 1
1 3 1
1 4 1
1 5 1
2 6 1
2 7 1
2 8 1
2 9 1
2 10 1
3 11 1
3 12 1
3 13 1
3 14 1
4 15 1
4 16 1
4 17 1
4 18 1
4 19 1
5 20 1
5 21 1
5 22 1
5 23 1
5 24 1
6 25 1
7 25 1
8 26 1
9 26 1
10 27 1
11 28 1
12 28 1
13 28 1
14 29 1
15 29 1
16 30 1
17 31 1
18 32 1
19 33 1
20 34 1
21 35 1
22 36 1
23 37 1
24 38 1
25 39 1
26 40 1
27 41 1
28 42 1
28 43 1
29 44 1
30 45 1
30 46 1
30 47 1
31 48 1
32 49 1
33 50 1
33 51 1
33 52 1
34 53 1
35 54 1
35 55 1
36 56 1
37 57 1
38 58 1
38 59 1
39 60 1
40 61 1
41 61 1
42 62 1
43 63 1
44 64 1
45 65 1
46 66 1
47 67 1
48 68 1
49 68 1
50 69 1
51 70 1
52 71 1
53 72 1
54 73 1
55 74 1
56 75 1
57 76 1
58 77 1
59 78 1
60 79 1
61 79 1
62 80 1
63 81 1
64 82 1
65 83 1
66 84 1
67 85 1
68 86 1
69 87 1
70 88 1
71 89 1
72 90 1
73 91 1
74 92 1
75 93 1
76 94 1
77 95 1
78 96 1
79 97 1
80 97 1
81 98 1
82 99 1
83 100 1
84 101 1
85 101 1
86 102 1
87 103 1
88 104 1
89 104 1
90 105 1
91 106 1
92 107 1
93 108 1
94 109 1
95 109 1
96 109 1
97 110 1
98 111 1
99 112 1
100 113 1
101 114 1
102 115 1
102 116 1
103 117 1
104 118 1
105 119 1
105 120 1
106 121 1
106 122 1
106 123 1
107 124 1
107 125 1
108 126 1
108 127 1
109 128 1
110 129 1
111 130 1
112 131 1
113 132 1
114 133 1
115 134 1
116 135 1
117 136 1
118 137 1
119 138 1
120 139 1
121 140 1
122 141 1
123 142 1
124 143 1
125 144 1
126 145 1
127 146 1
128 147 1
129 148 1
130 149 1
131 150 1
132 151 1
133 152 1
134 153 1
135 154 1
136 155 1
137 155 1
138 156 1
139 156 1
140 157 1
141 158 1
142 159 1
143 160 1
144 161 1
145 162 1
146 163 1
147 164 1
148 165 1
149 166 1
150 167 1
151 168 1
152 169 1
153 170 1
154 171 1
155 172 1
156 173 1
157 174 1
158 175 1
159 176 1
160 177 1
161 178 1
161 179 1
162 180 1
163 181 1
164 182 1
164 183 1
165 184 1
166 184 1
167 185 1
168 185 1
169 185 1
170 186 1
171 186 1
172 187 1
173 188 1
174 188 1
175 189 1
176 189 1
177 189 1
178 190 1
179 190 1
180 190 1
181 191 1
182 191 1
183 192 1
184 193 1
185 194 1
185 195 1
186 196 1
186 197 1
186 198 1
187 199 1
188 200 1
189 201 1
190 202 1
190 203 1
191 204 1
191 205 1
191 206 1
191 207 1
192 208 1
193 209 1
194 210 1
195 211 1
196 212 1
197 213 1
198 214 1
199 215 1
200 215 1
201 216 1
202 217 1
203 218 1
204 219 1
205 220 1
206 221 1
207 222 1
208 223 1
209 224 1
210 225 1
211 226 1
212 227 1
213 228 1
214 229 1
215 230 1
215 231 1
216 232 1
217 233 1
218 234 1
219 235 1
220 236 1
221 237 1
222 238 1
223 239 1
224 240 1
224 241 1
225 242 1
226 243 1
227 244 1
227 245 1
228 246 1
229 247 1
230 248 1
231 249 1
232 250 1
232 251 1
233 252 1
234 253 1
235 254 1
236 255 1
237 256 1
237 257 1
238 258 1
239 259 1
239 260 1
240 261 1
241 262 1
242 263 1
242 264 1
243 265 1
244 266 1
245 267 1
246 268 1
247 269 1
248 270 1
249 271 1
250 272 1
251 273 1
251 274 1
252 275 1
253 276 1
254 277 1
255 278 1
256 279 1
257 280 1
257 281 1
258 282 1
259 283 1
260 284 1
261 285 1
262 286 1
263 287 1
264 288 1
265 289 1
266 290 1
267 290 1
268 291 1
269 291 1
270 292 1
271 293 1
272 294 1
273 295 1
274 296 1
275 297 1
276 298 1
277 298 1
278 298 1
279 299 1
280 300 1
281 301 1
282 302 1
283 303 1
284 304 1
285 305 1
286 306 1
287 307 1
288 308 1
289 309 1
290 310 1
291 311 1
292 312 1
293 313 1
294 313 1
295 313 1
296 314 1
297 315 1
298 315 1
299 316 1
300 317 1
301 318 1
302 319 1
303 320 1
304 320 1
305 321 1
306 322 1
307 323 1
308 324 1
309 325 1
310 326 1
311 327 1
312 328 1
313 329 1
314 330 1
315 331 1
316 332 1
317 333 1
318 334 1
319 335 1
320 336 1
321 337 1
322 338 1
322 339 1
323 340 1
324 341 1
325 342 1
326 343 1
327 344 1
328 345 1
329 346 1
330 347 1
330 348 1
331 349 1
331 350 1
332 351 1
332 352 1
332 353 1
333 354 1
334 355 1
335 356 1
336 357 1
337 358 1
338 358 1
339 359 1
340 360 1
341 361 1
342 362 1
343 362 1
344 363 1
345 364 1
346 365 1
347 366 1
348 367 1
349 368 1
350 369 1
351 369 1
352 370 1
353 371 1
354 372 1
355 373 1
356 374 1
357 375 1
358 376 1
359 377 1
360 378 1
361 379 1
362 380 1
363 381 1
364 382 1
365 383 1
366 384 1
367 385 1
368 386 1
369 387 1
370 388 1
371 389 1
372 390 1
373 391 1
374 392 1
375 393 1
376 394 1
377 395 1
378 396 1
379 396 1
380 397 1
381 398 1
382 399 1
383 400 1
384 401 1
385 401 1
386 402 1
387 403 1
388 404 1
389 405 1
390 405 1
391 405 1
392 406 1
393 407 1
394 408 1
395 408 1
396 409 1
397 410 1
398 411 1
399 412 1
400 413 1
401 414 1
402 415 1
403 416 1
404 417 1
405 418 1
406 419 1
407 420 1
408 421 1
408 422 1
408 423 1
408 424 1
409 425 1
409 426 1
409 427 1
410 428 1
410 429 1
410 430 1
410 431 1
411 432 1
411 433 1
411 434 1
412 435 1
412 436 1
413 437 1
413 438 1
414 439 1
414 440 1
415 441 1
415 442 1
416 443 1
416 444 1
416 445 1
417 446 1
417 447 1
417 448 1
417 449 1
418 450 1
418 451 1
418 452 1
418 453 1
419 454 1
419 455 1
419 456 1
419 457 1
419 458 1
420 459 1
420 460 1
420 461 1
420 462 1
421 463 1
422 463 1
423 463 1
424 463 1
425 463 1
426 464 1
427 464 1
428 464 1
429 464 1
430 465 1
431 465 1
432 465 1
433 465 1
434 465 1
435 466 1
436 466 1
437 466 1
438 466 1
439 467 1
440 467 1
441 468 1
442 468 1
443 468 1
444 469 1
445 469 1
446 469 1
447 469 1
448 469 1
449 470 1
450 471 1
451 471 1
452 471 1
453 471 1
454 471 1
455 471 1
456 472 1
457 473 1
458 474 1
459 474 1
460 474 1
461 475 1
462 475 1
463 476 1
463 477 1
464 478 1
464 479 1
465 480 1
465 481 1
466 482 1
466 483 1
466 484 1
467 485 1
467 486 1
468 487 1
469 488 1
469 489 1
469 490 1
470 491 1
470 492 1
470 493 1
470 494 1
471 495 1
472 496 1
473 497 1
474 498 1
474 499 1
475 500 1
475 501 1
476 502 1
477 503 1
478 503 1
479 504 1
480 504 1
481 505 1
482 505 1
483 505 1
484 506 1
485 507 1
486 507 1
487 508 1
488 509 1
489 510 1
490 510 1
491 511 1
492 512 1
493 512 1
494 513 1
495 513 1
496 514 1
497 515 1
498 516 1
499 517 1
500 518 1
501 518 1
502 519 1
503 520 1
504 521 1
505 522 1
506 523 1
507 524 1
508 525 1
509 526 1
510 527 1
511 528 1
512 529 1
513 530 1
514 531 1
515 532 1
516 533 1
517 534 1
518 535 1
519 536 1
520 537 1
521 538 1
522 539 1
523 540 1
523 541 1
524 542 1
525 543 1
525 544 1
526 545 1
527 546 1
527 547 1
528 548 1
529 549 1
530 550 1
531 551 1
532 552 1
533 553 1
534 554 1
535 555 1
536 556 1
537 557 1
538 558 1
539 559 1
540 560 1
541 560 1
542 560 1
543 561 1
544 562 1
545 563 1
546 564 1
547 564 1
548 564 1
549 565 1
550 566 1
551 567 1
552 568 1
553 569 1
554 570 1
555 570 1
556 571 1
557 572 1
557 573 1
558 574 1
559 575 1
560 576 1
561 577 1
562 578 1
563 579 1
564 580 1
565 581 1
566 582 1
567 583 1
568 584 1
569 585 1
570 586 1
571 587 1
572 588 1
572 589 1
572 590 1
573 591 1
574 592 1
574 593 1
575 594 1
575 595 1
575 596 1
575 597 1
576 598 1
576 599 1
576 600 1
577 601 1
578 602 1
578 603 1
579 604 1
579 605 1
580 606 1
581 607 1
581 608 1
581 609 1
582 610 1
582 611 1
583 612 1
584 613 1
585 614 1
586 615 1
586 616 1
587 617 1
588 618 1
589 618 1
590 619 1
591 620 1
592 620 1
593 621 1
594 622 1
595 622 1
596 622 1
597 622 1
598 623 1
599 623 1
600 624 1
601 625 1
602 625 1
603 626 1
604 627 1
605 628 1
606 628 1
607 629 1
608 629 1
609 630 1
610 631 1
611 631 1
612 632 1
613 632 1
614 632 1
615 632 1
616 633 1
617 634 1
617 635 1
618 636 1
619 637 1
620 638 1
621 639 1
621 640 1
622 641 1
623 642 1
624 643 1
624 644 1
625 645 1
626 646 1
627 647 1
627 648 1
628 649 1
629 650 1
630 651 1
630 652 1
631 653 1
632 654 1
633 655 1
634 656 1
635 657 1
636 658 1
637 659 1
638 660 1
639 661 1
640 662 1
641 663 1
642 664 1
643 665 1
644 666 1
645 667 1
646 668 1
647 669 1
648 670 1
649 671 1
650 672 1
651 673 1
652 674 1
653 675 1
654 675 1
655 676 1
656 677 1
657 677 1
658 677 1
659 678 1
660 679 1
661 679 1
662 679 1
663 679 1
664 680 1
665 680 1
666 680 1
667 680 1
668 681 1
669 681 1
670 681 1
671 682 1
672 682 1
673 683 1
674 683 1
675 683 1
676 683 1
677 684 1
677 685 1
678 686 1
679 687 1
680 688 1
680 689 1
680 690 1
681 691 1
681 692 1
681 693 1
681 694 1
681 695 1
682 696 1
682 697 1
683 698 1
683 699 1
683 700 1
684 701 1
685 701 1
686 702 1
687 702 1
688 703 1
689 704 1
690 704 1
691 704 1
692 705 1
693 706 1
694 706 1
695 706 1
696 707 1
697 707 1
698 708 1
699 709 1
700 709 1
701 710 1
701 711 1
701 712 1
702 713 1
703 714 1
704 715 1
704 716 1
704 717 1
705 718 1
706 719 1
707 720 1
707 721 1
708 722 1
708 723 1
708 724 1
708 725 1
709 726 1
709 727 1
710 728 1
711 729 1
711 730 1
712 731 1
713 732 1
714 733 1
715 734 1
715 735 1
716 736 1
717 737 1
718 738 1
719 739 1
720 740 1
721 741 1
722 742 1
722 743 1
723 744 1
724 745 1
725 746 1
726 747 1
727 748 1
728 749 1
729 750 1
730 751 1
731 751 1
732 752 1
733 752 1
734 753 1
735 754 1
736 755 1
737 755 1
738 756 1
739 757 1
740 757 1
741 757 1
742 758 1
743 759 1
744 760 1
745 761 1
746 762 1
747 763 1
748 763 1
749 764 1
749 765 1
750 766 1
751 767 1
752 768 1
753 769 1
753 770 1
754 771 1
755 772 1
756 773 1
757 774 1
757 775 1
758 776 1
759 777 1
760 778 1
761 779 1
761 780 1
762 781 1
763 782 1
764 783 1
765 784 1
766 785 1
767 786 1
768 787 1
769 788 1
770 789 1
771 790 1
772 791 1
773 792 1
774 793 1
775 794 1
776 795 1
777 795 1
778 796 1
779 797 1
780 798 1
781 799 1
782 800 1
783 801 1
784 802 1
785 803 1
786 804 1
787 805 1
788 806 1
789 807 1
790 808 1
791 809 1
792 810 1
793 811 1
794 812 1
795 813 1
796 814 1
797 815 1
798 816 1
799 816 1
800 817 1
801 818 1
802 819 1
803 820 1
804 821 1
805 822 1
806 823 1
807 824 1
808 825 1
809 826 1
810 827 1
811 827 1
812 828 1
813 829 1
814 829 1
815 830 1
816 830 1
817 831 1
818 832 1
819 833 1
820 834 1
821 835 1
822 836 1
823 837 1
824 838 1
824 839 1
824 840 1
825 841 1
825 842 1
826 843 1
827 844 1
828 845 1
828 846 1
829 847 1
830 848 1
831 849 1
832 850 1
833 851 1
834 852 1
835 853 1
836 854 1
837 855 1
838 856 1
839 857 1
840 858 1
841 859 1
842 860 1
843 861 1
844 862 1
845 863 1
846 864 1
847 865 1
848 866 1
849 867 1
850 868 1
851 869 1
852 870 1
853 871 1
854 872 1
855 873 1
856 874 1
857 875 1
857 876 1
858 877 1
859 878 1
860 879 1
861 880 1
862 881 1
863 882 1
863 883 1
864 884 1
865 885 1
866 886 1
867 887 1
868 888 1
869 888 1
870 889 1
871 890 1
872 891 1
873 891 1
874 891 1
875 892 1
876 892 1
877 893 1
878 893 1
879 894 1
880 895 1
881 895 1
882 896 1
883 897 1
884 898 1
885 898 1
886 899 1
887 899 1
888 900 1
889 900 1
890 900 1
891 900 1
892 900 1
893 900 1
894 900 1
895 900 1
896 900 1
897 900 1
898 900 1
899 900 1
