1 2 1
1 3 1
1 4 1
1 5 1
2 6 1
2 7 1
3 8 1
3 9 1
3 10 1
4 11 1
4 12 1
5 13 1
5 14 1
5 15 1
5 16 1
6 17 1
7 18 1
8 19 1
9 20 1
10 21 1
11 22 1
12 23 1
13 24 1
14 25 1
15 26 1
16 27 1
17 28 1
17 29 1
18 30 1
19 31 1
19 32 1
20 33 1
21 34 1
21 35 1
22 36 1
23 37 1
23 38 1
24 39 1
24 40 1
25 41 1
26 42 1
27 43 1
28 44 1
29 44 1
30 45 1
31 46 1
32 46 1
33 47 1
34 48 1
35 49 1
36 50 1
37 51 1
38 52 1
39 52 1
40 53 1
41 54 1
42 54 1
43 55 1
44 56 1
44 57 1
44 58 1
45 59 1
45 60 1
46 61 1
47 62 1
47 63 1
48 64 1
49 65 1
50 66 1
51 67 1
52 68 1
53 69 1
54 70 1
55 71 1
56 72 1
57 72 1
58 73 1
59 74 1
60 74 1
61 75 1
62 75 1
63 76 1
64 77 1
65 78 1
66 79 1
67 79 1
68 80 1
69 80 1
70 81 1
71 82 1
72 83 1
72 84 1
73 85 1
74 86 1
75 87 1
76 88 1
76 89 1
77 90 1
77 91 1
77 92 1
78 93 1
79 94 1
79 95 1
80 96 1
81 97 1
81 98 1
82 99 1
83 100 1
84 101 1
85 102 1
86 103 1
87 104 1
88 104 1
89 104 1
90 105 1
91 106 1
92 107 1
93 108 1
94 109 1
95 109 1
96 110 1
97 111 1
98 112 1
99 113 1
100 114 1
101 114 1
102 114 1
103 114 1
104 115 1
105 115 1
106 116 1
107 117 1
108 118 1
109 119 1
110 119 1
111 119 1
112 120 1
113 120 1
114 121 1
114 122 1
114 123 1
115 124 1
115 125 1
116 126 1
116 127 1
116 128 1
117 129 1
118 130 1
118 131 1
119 132 1
119 133 1
120 134 1
120 135 1
121 136 1
122 136 1
123 137 1
124 138 1
125 139 1
126 140 1
127 141 1
128 141 1
129 142 1
130 143 1
131 144 1
132 145 1
133 146 1
134 146 1
135 147 1
136 148 1
137 148 1
138 149 1
139 149 1
140 150 1
141 151 1
142 152 1
143 153 1
144 154 1
145 155 1
146 156 1
147 156 1
148 157 1
149 158 1
150 159 1
151 160 1
152 161 1
153 162 1
154 163 1
155 164 1
156 165 1
157 166 1
158 167 1
158 168 1
159 169 1
159 170 1
160 171 1
160 172 1
160 173 1
161 174 1
161 175 1
161 176 1
162 177 1
162 178 1
163 179 1
163 180 1
164 181 1
165 182 1
166 183 1
166 184 1
167 185 1
167 186 1
168 187 1
168 188 1
169 189 1
169 190 1
170 191 1
171 192 1
172 193 1
172 194 1
173 195 1
174 196 1
174 197 1
175 198 1
176 199 1
176 200 1
176 201 1
177 202 1
178 203 1
179 204 1
179 205 1
180 206 1
180 207 1
181 208 1
181 209 1
181 210 1
182 211 1
183 212 1
184 212 1
185 212 1
186 213 1
187 213 1
188 213 1
189 214 1
190 214 1
191 215 1
192 215 1
193 216 1
194 216 1
195 216 1
196 217 1
197 217 1
198 217 1
199 218 1
200 218 1
201 219 1
202 219 1
203 219 1
204 219 1
205 219 1
206 220 1
207 220 1
208 220 1
209 220 1
210 221 1
211 221 1
212 222 1
213 223 1
214 224 1
214 225 1
215 226 1
216 227 1
217 228 1
217 229 1
217 230 1
218 231 1
219 232 1
219 233 1
219 234 1
220 235 1
221 236 1
222 237 1
223 237 1
224 238 1
225 239 1
226 240 1
227 241 1
228 242 1
229 242 1
230 243 1
231 244 1
232 245 1
233 246 1
234 247 1
235 247 1
236 247 1
237 248 1
238 249 1
239 250 1
240 251 1
241 251 1
242 252 1
243 252 1
244 253 1
245 254 1
246 255 1
247 256 1
248 257 1
249 258 1
250 259 1
250 260 1
250 261 1
251 262 1
252 263 1
253 264 1
254 265 1
255 266 1
255 267 1
256 268 1
257 269 1
258 270 1
259 271 1
260 272 1
261 273 1
262 274 1
263 275 1
264 276 1
265 277 1
266 278 1
267 279 1
268 280 1
269 281 1
270 281 1
271 282 1
272 282 1
273 283 1
274 283 1
275 284 1
276 284 1
277 284 1
278 284 1
279 285 1
280 286 1
281 287 1
281 288 1
281 289 1
281 290 1
282 291 1
282 292 1
282 293 1
283 294 1
283 295 1
283 296 1
283 297 1
284 298 1
284 299 1
284 300 1
284 301 1
285 302 1
285 303 1
285 304 1
286 305 1
286 306 1
286 307 1
287 308 1
288 308 1
289 309 1
290 310 1
291 311 1
292 312 1
293 312 1
294 313 1
295 314 1
296 315 1
297 316 1
298 317 1
299 317 1
300 318 1
301 319 1
302 319 1
303 320 1
304 320 1
305 321 1
306 321 1
307 321 1
308 322 1
309 323 1
310 324 1
311 325 1
312 326 1
313 327 1
314 328 1
315 329 1
316 329 1
317 330 1
318 330 1
319 331 1
320 332 1
321 333 1
322 334 1
323 335 1
324 336 1
325 337 1
326 338 1
327 339 1
327 340 1
328 341 1
328 342 1
329 343 1
330 344 1
331 345 1
332 346 1
332 347 1
333 348 1
334 349 1
335 349 1
336 350 1
337 351 1
338 351 1
339 352 1
340 352 1
341 353 1
342 354 1
343 355 1
344 356 1
345 357 1
346 358 1
347 359 1
348 359 1
349 360 1
350 361 1
351 362 1
352 363 1
353 364 1
354 365 1
354 366 1
355 367 1
356 368 1
357 369 1
357 370 1
358 371 1
359 372 1
360 373 1
361 374 1
362 375 1
363 376 1
364 377 1
365 378 1
366 379 1
366 380 1
367 381 1
368 382 1
369 383 1
370 384 1
370 385 1
371 386 1
372 387 1
373 388 1
374 389 1
375 390 1
376 391 1
377 392 1
378 392 1
379 392 1
380 393 1
381 394 1
382 395 1
383 396 1
384 396 1
385 397 1
386 398 1
387 399 1
388 400 1
389 400 1
390 400 1
391 400 1
392 400 1
393 400 1
394 400 1
395 400 1
396 400 1
397 400 1
398 400 1
399 400 1
