1 2 39
1 3 3
1 4 33
1 5 43
1 6 28
2 7 21
2 8 66
2 9 22
2 10 54
2 11 49
3 12 20
3 13 22
3 14 62
4 15 87
4 16 22
5 17 13
6 18 74
7 19 12
8 20 21
8 21 22
9 22 60
9 23 19
9 24 83
10 25 20
10 26 69
10 27 44
11 28 49
11 29 15
12 30 89
13 31 71
14 32 30
14 33 74
14 34 26
15 35 44
15 36 24
16 37 61
16 38 32
17 39 27
17 40 83
18 41 29
19 42 6
20 43 27
21 44 9
22 44 24
23 45 28
24 45 46
25 46 49
26 47 78
27 48 18
28 49 50
29 49 38
30 50 50
31 50 32
32 51 26
33 52 35
34 53 25
35 53 15
36 54 80
37 54 75
38 55 2
39 56 18
40 56 48
41 56 50
42 57 8
42 58 37
42 59 11
42 60 77
43 61 41
43 62 51
44 63 18
45 64 7
46 65 37
46 66 6
46 67 1
47 68 34
48 69 67
48 70 55
48 71 72
49 72 20
50 73 7
50 74 51
51 75 31
52 76 6
52 77 36
53 78 77
53 79 78
54 80 65
55 81 1
56 82 16
56 83 2
56 84 37
57 85 84
58 85 12
59 85 23
60 86 55
61 87 39
62 88 48
63 88 11
64 89 79
65 89 36
66 89 77
67 90 73
68 90 42
69 90 36
70 91 45
71 92 7
72 92 44
73 93 42
74 93 30
75 94 46
76 94 61
77 95 59
78 95 73
79 95 10
80 96 19
81 96 13
82 97 83
83 98 50
84 99 28
85 100 51
86 101 24
86 102 86
86 103 58
87 104 4
88 105 72
88 106 35
88 107 34
89 108 88
89 109 11
89 110 75
90 111 31
91 112 28
92 113 51
93 114 11
94 115 24
95 116 47
96 117 3
97 118 83
98 119 57
99 120 66
100 121 6
100 122 29
101 123 46
102 124 11
103 125 5
103 126 17
104 127 12
105 128 45
106 129 77
107 130 49
108 131 57
109 132 70
110 133 7
111 134 32
112 135 77
113 136 26
113 137 6
114 138 27
115 139 63
115 140 70
115 141 77
116 142 84
117 143 29
118 144 46
119 145 31
120 146 5
120 147 84
121 148 35
122 148 64
123 149 66
124 150 16
125 151 32
126 152 54
127 153 3
128 154 89
129 155 80
130 156 22
131 157 29
132 158 26
133 159 51
134 160 12
135 161 7
136 161 51
137 162 45
138 163 70
139 164 1
140 165 3
141 166 38
142 167 81
143 168 75
144 169 68
145 170 45
146 171 71
147 172 74
148 173 80
149 174 37
150 175 7
151 176 52
152 177 6
153 178 59
154 179 2
155 180 49
156 181 10
157 182 63
158 183 75
159 184 65
160 185 61
161 186 20
162 187 75
163 188 12
164 189 77
165 189 46
166 190 61
167 191 37
168 192 83
169 193 43
170 194 58
171 195 83
172 196 66
173 197 81
174 198 66
175 199 37
176 200 54
177 201 27
178 202 28
179 203 24
180 204 78
181 205 84
182 206 4
183 207 32
184 208 69
185 209 21
186 210 28
187 211 47
188 212 46
189 213 84
190 214 26
191 215 5
192 216 46
193 217 11
194 218 24
195 219 52
196 220 54
197 221 41
198 222 49
199 223 62
199 224 73
200 225 4
200 226 52
201 227 10
202 228 61
203 229 2
204 230 25
204 231 75
205 232 34
206 233 12
207 234 39
208 235 61
209 236 20
210 237 12
211 238 24
212 239 42
213 240 73
214 241 4
215 242 73
216 243 77
217 244 34
217 245 85
218 246 32
219 247 60
220 248 85
221 249 74
222 250 51
223 251 62
224 252 32
225 253 4
226 254 25
227 255 21
228 256 10
229 256 59
230 257 13
231 257 35
232 257 12
233 258 20
234 259 29
235 259 5
236 259 67
237 260 34
238 261 81
239 261 41
240 262 75
241 263 21
242 264 78
243 265 39
244 266 51
245 267 71
246 268 24
247 268 17
248 268 28
249 269 86
250 270 60
251 271 19
252 272 19
253 273 41
254 274 49
255 275 4
255 276 75
256 277 24
256 278 74
257 279 30
258 280 74
259 281 65
259 282 50
260 283 77
261 284 68
262 285 6
262 286 12
263 287 75
263 288 21
264 289 4
264 290 88
265 291 80
266 292 14
267 293 80
268 294 13
269 295 76
270 296 86
271 297 55
272 298 44
273 299 1
274 300 70
275 301 29
276 302 75
277 303 83
278 303 22
279 304 69
280 305 4
281 306 42
282 307 24
283 308 48
284 309 81
285 310 12
286 311 49
287 312 33
288 313 17
289 314 30
290 315 67
291 316 37
292 317 29
293 318 69
294 319 65
295 320 68
296 321 76
297 322 83
298 322 14
299 323 46
300 324 61
301 325 55
302 326 89
303 326 53
304 327 69
305 328 4
306 329 5
307 330 81
308 331 42
309 332 51
310 332 56
311 333 60
312 333 4
313 334 68
314 335 45
315 336 38
316 336 43
317 337 78
318 338 67
319 339 72
320 340 39
321 341 38
322 342 12
323 343 5
324 344 62
325 345 75
326 346 66
327 347 34
328 348 80
329 349 89
330 350 15
331 351 23
332 352 15
333 353 71
334 354 74
335 355 18
336 356 24
336 357 59
337 358 14
338 359 2
339 360 50
340 361 11
341 362 36
342 363 66
343 364 61
344 365 66
345 366 49
346 367 42
347 368 50
348 369 28
349 370 69
350 371 21
351 372 51
352 373 56
353 373 84
354 374 25
355 375 48
356 376 32
357 377 71
358 377 83
359 378 72
360 379 54
361 380 18
362 381 33
363 382 13
363 383 20
364 384 77
364 385 59
365 386 38
365 387 43
365 388 19
366 389 62
367 390 62
368 391 11
369 392 44
370 393 62
370 394 83
370 395 64
371 396 52
372 397 70
372 398 47
373 399 74
374 400 65
374 401 73
375 402 53
376 403 16
377 404 42
377 405 69
378 406 24
379 407 72
380 408 7
381 409 36
382 409 50
383 410 5
384 411 11
385 411 74
386 412 24
387 413 52
388 414 21
389 414 64
390 414 77
391 415 10
392 416 27
393 416 85
394 417 70
395 418 33
396 419 89
397 419 45
398 420 49
399 421 34
400 421 31
401 422 42
402 423 64
403 424 7
404 425 58
405 425 85
406 425 43
407 425 22
408 426 42
408 427 85
408 428 38
409 429 6
409 430 19
410 431 72
411 432 55
412 433 2
413 434 34
414 435 1
414 436 10
415 437 68
415 438 41
416 439 19
416 440 81
416 441 87
417 442 18
418 443 34
418 444 73
419 445 24
419 446 15
420 447 79
420 448 33
420 449 89
421 450 71
421 451 34
422 452 10
423 453 42
423 454 43
423 455 65
424 456 23
424 457 13
425 458 32
426 459 54
427 459 56
428 459 46
429 460 5
430 460 87
431 461 1
432 462 17
433 463 27
434 463 60
435 464 19
436 464 83
437 465 73
438 465 46
439 466 39
440 466 77
441 467 74
442 467 81
443 468 46
444 469 15
445 469 69
446 470 72
447 470 84
448 470 9
449 471 69
450 471 2
451 471 57
452 472 53
453 473 60
454 473 79
455 473 17
456 474 44
457 475 88
458 475 34
459 476 40
459 477 74
459 478 12
460 479 86
460 480 23
460 481 76
461 482 69
462 483 37
462 484 51
463 485 72
463 486 58
464 487 23
464 488 72
465 489 59
465 490 68
466 491 17
466 492 25
467 493 20
467 494 31
467 495 55
468 496 50
468 497 60
468 498 42
469 499 22
469 500 20
470 501 6
471 502 24
472 503 63
473 504 3
473 505 84
474 506 33
475 507 54
476 508 70
477 509 30
478 510 39
479 511 58
480 512 28
481 513 74
482 514 44
483 515 7
484 516 78
485 517 32
486 518 89
487 519 28
488 520 55
489 521 69
490 522 28
491 523 47
492 524 66
493 525 84
494 526 23
495 526 73
496 527 53
497 528 49
498 529 20
499 530 88
500 531 36
501 532 52
502 532 62
503 533 58
504 534 58
505 535 35
506 536 49
507 537 41
508 538 72
509 538 9
510 539 20
511 539 62
512 540 10
513 540 84
514 541 60
515 541 33
516 542 67
517 543 21
518 543 60
519 543 71
520 544 67
521 544 56
522 545 26
523 546 5
524 547 61
525 547 35
526 548 73
527 548 50
528 549 29
529 549 9
530 550 7
531 551 34
532 552 33
533 552 75
534 552 23
535 553 57
536 553 22
537 554 55
538 555 79
539 556 29
539 557 7
540 558 4
541 559 26
542 560 31
542 561 56
543 562 26
544 563 11
545 564 65
546 565 79
546 566 14
546 567 27
546 568 72
547 569 87
548 570 42
549 571 60
550 572 4
551 573 45
551 574 21
552 575 49
553 576 26
554 577 73
555 578 73
556 578 81
557 579 7
558 579 54
559 579 70
560 580 59
561 580 67
562 581 47
563 581 67
564 581 28
565 582 52
566 583 25
567 583 68
568 583 8
569 584 58
570 585 60
571 585 89
572 585 81
573 586 25
574 587 60
575 588 1
576 589 82
577 590 87
578 591 33
578 592 47
579 593 71
579 594 21
579 595 64
579 596 59
580 597 17
580 598 32
580 599 64
581 600 7
581 601 53
581 602 44
582 603 13
583 604 32
583 605 78
584 606 23
584 607 28
584 608 55
585 609 12
585 610 47
585 611 53
586 612 2
586 613 48
586 614 86
587 615 29
587 616 61
588 617 80
588 618 30
589 619 62
589 620 1
589 621 13
590 622 7
590 623 12
591 624 63
592 625 58
593 625 11
594 626 75
595 627 21
596 628 28
597 629 85
598 630 11
599 631 46
600 632 54
601 632 60
602 633 70
603 633 64
604 634 68
605 635 3
606 636 73
607 637 44
608 638 42
609 638 8
610 639 9
611 640 53
612 640 17
613 641 67
614 642 85
615 643 3
616 644 25
617 645 62
618 646 81
619 646 74
620 647 10
621 648 66
622 648 66
623 648 71
624 649 30
625 650 63
626 651 77
627 652 78
628 652 61
629 653 23
630 654 48
631 655 65
632 655 26
633 656 80
634 656 63
635 657 71
636 658 44
637 659 82
638 660 29
639 661 35
640 661 11
641 662 71
642 663 40
643 664 32
644 665 72
645 665 88
646 666 32
647 667 75
648 668 45
649 669 59
649 670 76
650 671 39
651 672 49
652 673 10
652 674 38
653 675 79
654 676 22
654 677 12
655 678 85
656 679 22
657 680 48
658 681 21
658 682 74
659 683 59
660 684 10
661 685 82
662 686 78
663 687 7
664 688 1
665 689 31
666 690 10
667 691 10
668 692 67
668 693 65
669 694 42
670 695 33
671 696 87
672 697 17
673 698 16
674 698 62
675 699 73
676 700 1
677 701 37
678 702 47
679 703 62
680 704 33
681 705 24
682 706 76
683 706 19
684 707 48
685 708 66
686 709 27
687 710 56
688 711 51
689 712 85
690 713 13
691 714 45
692 715 5
693 716 82
694 717 84
695 718 73
696 719 64
697 720 16
698 721 80
699 721 59
700 722 54
701 723 13
702 724 69
703 725 58
704 726 42
705 727 72
706 728 44
707 729 67
708 730 21
709 731 12
710 732 73
711 733 83
712 734 28
713 735 71
714 735 45
715 736 72
716 737 47
717 738 74
718 739 3
719 740 23
720 741 35
721 742 22
722 743 13
723 744 11
724 745 87
725 746 37
726 747 85
727 748 16
728 749 88
729 750 29
730 751 13
731 752 50
732 753 51
733 754 28
734 755 51
735 756 61
736 757 48
737 758 24
738 759 68
739 760 75
739 761 25
740 762 74
740 763 26
741 764 76
742 765 16
743 766 19
744 767 78
744 768 69
744 769 74
745 770 8
745 771 78
746 772 72
747 773 31
748 774 89
749 775 80
750 776 66
751 777 73
751 778 63
751 779 19
752 780 16
753 781 3
754 782 19
755 783 4
756 784 27
757 785 10
758 786 66
759 787 28
760 787 79
761 787 65
762 788 12
763 789 13
764 789 36
765 790 84
766 790 47
767 790 20
768 791 9
769 791 81
770 791 89
771 792 15
772 792 21
773 793 31
774 793 3
775 794 48
776 794 54
777 795 64
778 795 15
779 795 11
780 796 64
781 796 9
782 796 66
783 797 38
784 798 56
785 799 22
786 799 65
787 800 11
787 801 28
788 802 55
789 803 10
790 804 62
791 805 30
792 806 23
793 807 64
794 808 41
794 809 16
794 810 88
795 811 44
796 812 82
796 813 84
797 814 27
797 815 71
798 816 11
798 817 50
799 818 7
799 819 74
800 820 49
801 821 44
802 822 52
803 823 21
804 824 61
805 825 73
806 826 85
807 827 74
808 828 3
808 829 28
809 830 74
810 831 17
811 832 89
811 833 10
812 834 5
812 835 41
813 836 69
814 837 19
814 838 63
815 839 33
816 840 81
817 841 74
818 842 27
819 843 59
820 844 39
821 845 47
822 846 30
823 847 80
824 848 2
825 849 65
826 850 23
827 851 18
828 852 21
829 853 64
830 854 35
831 855 30
832 856 76
833 857 54
834 858 59
835 859 47
835 860 59
836 861 21
837 862 56
838 863 74
839 864 51
840 865 40
841 866 42
842 867 86
843 868 69
844 869 85
845 870 75
846 871 66
847 872 41
848 873 10
849 874 1
850 875 10
851 876 63
852 877 16
853 878 72
853 879 53
854 880 70
855 881 32
856 882 24
856 883 35
857 884 51
858 885 70
859 886 39
859 887 17
860 888 8
861 889 82
862 890 34
863 891 69
864 892 9
865 893 36
865 894 69
866 895 42
866 896 10
867 897 10
867 898 62
868 899 2
869 900 67
870 900 80
871 900 57
872 900 27
873 900 70
874 900 70
875 900 86
876 900 78
877 900 56
878 900 2
879 900 2
880 900 52
881 900 56
882 900 83
883 900 14
884 900 6
885 900 77
886 900 42
887 900 3
888 900 83
889 900 84
890 900 3
891 900 70
892 900 20
893 900 33
894 900 78
895 900 19
896 900 47
897 900 21
898 900 66
899 900 84
