1 2 85
1 3 20
1 4 7
1 5 49
1 6 62
2 7 54
2 8 90
2 9 62
3 10 3
3 11 7
3 12 38
4 13 23
4 14 13
4 15 53
4 16 27
4 17 13
5 18 90
5 19 52
5 20 21
5 21 26
5 22 55
6 23 75
6 24 4
6 25 97
6 26 36
7 27 50
7 28 91
8 29 66
8 30 66
9 31 10
9 32 83
10 33 99
10 34 53
11 35 1
11 36 6
12 37 14
13 38 54
14 39 56
15 40 69
15 41 1
16 42 55
17 43 89
18 44 44
19 45 99
20 46 22
21 47 66
22 48 52
23 49 7
24 50 46
25 51 73
25 52 90
26 53 34
26 54 9
27 55 46
28 56 25
29 57 28
30 58 11
31 59 69
32 60 34
33 61 66
34 62 85
35 63 8
36 64 52
37 65 18
38 66 41
39 67 81
40 68 84
41 69 6
42 70 44
43 71 18
44 72 83
45 73 96
46 74 59
47 75 35
48 76 89
49 77 84
50 78 56
51 79 97
52 79 7
53 80 21
54 81 30
55 82 90
56 83 75
57 84 10
58 85 97
59 85 27
60 86 26
61 87 30
62 88 51
63 89 2
64 89 57
65 90 42
66 91 57
67 92 20
68 93 60
69 94 38
70 95 48
71 96 81
72 97 55
73 98 32
74 99 96
75 100 46
76 100 37
77 101 29
78 101 32
79 102 25
80 103 32
81 104 88
82 105 96
83 106 33
84 107 31
85 108 93
86 109 74
87 110 76
88 111 49
89 112 24
90 113 16
91 114 15
92 115 14
92 116 25
93 117 55
94 118 7
95 119 93
96 120 90
97 121 94
98 122 4
99 123 82
99 124 2
100 125 24
101 126 92
102 127 39
103 128 67
104 129 75
104 130 29
105 131 38
106 132 92
107 133 94
108 133 4
109 134 7
110 135 77
111 136 94
112 137 6
113 138 5
114 139 83
115 140 50
116 141 29
117 142 17
118 143 25
119 144 4
120 145 30
121 146 13
122 147 94
123 148 53
124 149 40
125 150 65
126 151 4
127 151 28
128 152 84
129 153 52
130 154 41
131 155 57
132 156 42
133 157 26
134 158 16
135 159 67
136 160 84
136 161 44
137 162 26
137 163 32
138 164 29
138 165 22
139 166 19
140 167 13
141 168 50
142 169 13
143 170 35
144 171 96
145 172 5
146 173 70
147 174 13
148 175 98
149 176 32
149 177 29
150 178 81
150 179 39
151 180 82
152 181 1
152 182 36
153 183 31
153 184 24
154 185 6
155 186 54
156 187 27
157 187 16
158 187 79
159 188 4
160 189 69
161 190 56
162 191 65
163 191 56
164 192 85
165 193 27
166 193 13
167 194 36
168 195 58
169 196 20
170 196 34
171 197 92
172 198 69
173 199 1
174 200 31
175 201 20
176 202 77
177 202 65
178 203 4
179 204 10
180 204 5
181 205 72
182 206 24
183 207 55
184 208 64
185 208 53
186 209 88
187 210 83
188 211 69
189 212 84
190 213 40
191 214 74
191 215 13
191 216 4
192 217 68
193 218 54
193 219 66
194 220 2
195 221 57
195 222 51
196 223 30
196 224 93
197 225 65
198 226 75
199 227 82
200 228 57
201 229 99
202 230 26
203 231 70
204 232 38
205 233 87
205 234 32
206 235 54
207 236 81
208 237 12
209 238 66
210 239 16
211 240 73
212 241 23
213 242 30
214 243 34
215 244 6
216 245 74
217 246 94
218 247 32
219 248 35
220 249 7
221 250 62
222 251 2
223 252 63
224 253 29
225 253 38
226 254 82
227 255 53
228 256 96
229 257 15
230 258 60
231 258 70
232 258 75
233 259 10
234 260 55
235 261 43
236 262 74
237 263 30
238 264 11
239 265 18
240 266 72
240 267 26
241 268 30
242 269 20
243 270 14
244 271 1
245 272 30
245 273 49
246 274 22
247 275 21
248 276 36
249 277 16
250 278 23
251 279 36
252 280 59
253 281 5
254 282 98
255 283 79
256 284 39
257 285 63
258 286 28
259 287 78
259 288 65
260 289 24
261 290 60
262 291 95
262 292 91
263 293 74
263 294 80
264 295 58
265 296 30
266 297 33
267 298 23
268 299 7
269 300 79
270 301 53
271 302 99
272 303 8
273 304 72
273 305 80
274 306 57
275 307 97
276 308 78
277 309 55
278 310 90
279 311 42
280 312 65
281 313 56
282 314 39
282 315 90
283 316 29
284 317 28
285 318 99
286 319 52
287 320 2
288 321 71
289 322 38
290 323 96
291 324 21
292 325 35
293 326 85
294 327 43
294 328 82
295 329 65
296 330 47
297 330 95
298 331 51
299 332 92
300 332 25
301 333 81
302 333 76
303 334 44
304 334 53
305 335 53
306 336 33
307 337 57
308 338 8
309 338 40
310 339 37
311 339 72
312 340 15
313 341 23
314 341 38
315 341 28
316 342 76
317 343 41
318 343 16
319 344 96
320 345 61
321 346 26
322 347 83
323 348 12
324 348 27
325 349 96
326 350 75
327 350 3
328 351 77
329 352 78
330 353 9
331 354 70
332 355 85
332 356 70
333 357 94
333 358 82
334 359 58
335 360 79
336 361 3
337 362 31
338 363 98
339 364 17
340 365 31
340 366 47
341 367 14
342 368 70
343 369 27
344 370 41
344 371 23
345 372 2
345 373 19
346 374 63
347 375 17
348 376 25
349 377 98
350 378 10
350 379 88
351 380 93
351 381 39
352 382 73
353 383 55
354 384 61
355 385 61
356 386 23
357 387 91
358 388 18
359 389 13
360 390 8
361 391 59
362 392 61
363 393 58
364 394 59
365 395 32
366 396 52
367 397 29
367 398 40
368 399 36
369 400 63
370 401 9
371 402 97
372 403 21
373 404 62
374 405 14
375 406 62
376 407 79
377 408 68
378 409 8
379 410 9
380 411 39
381 412 3
382 413 32
382 414 41
383 415 11
383 416 2
384 417 89
384 418 37
385 419 79
385 420 77
385 421 49
386 422 25
387 423 91
388 424 28
388 425 83
389 426 76
390 427 57
391 428 97
391 429 71
392 430 23
392 431 57
393 432 15
394 433 69
395 434 32
396 435 99
397 436 84
397 437 65
398 438 50
398 439 55
398 440 50
399 441 81
399 442 20
400 443 95
400 444 98
400 445 5
401 446 13
401 447 14
402 448 33
402 449 86
402 450 8
402 451 26
403 452 11
403 453 54
403 454 90
404 455 76
404 456 88
405 457 34
406 458 36
406 459 36
407 460 16
407 461 92
408 462 52
408 463 55
409 464 64
409 465 80
410 466 96
411 467 66
412 468 35
413 469 40
414 469 84
415 469 55
416 470 61
417 471 82
418 472 45
419 473 10
420 473 35
421 473 41
422 474 77
423 475 72
424 475 71
425 476 49
426 476 81
427 476 2
428 476 87
429 476 94
430 476 23
431 476 65
432 477 15
433 477 89
434 478 97
435 479 35
436 479 35
437 480 14
438 481 81
439 482 86
440 482 97
441 483 59
442 484 32
443 484 28
444 485 18
445 486 51
446 486 60
447 486 32
448 487 64
449 487 12
450 487 81
451 488 65
452 488 41
453 489 83
454 489 84
455 490 94
456 490 99
457 490 55
458 490 47
459 490 7
460 491 23
461 491 42
462 492 21
463 492 3
464 493 92
465 493 26
466 493 22
467 494 38
468 495 47
469 496 86
470 497 41
471 497 78
472 498 44
473 499 58
474 500 80
475 501 67
476 501 52
477 502 71
478 503 62
479 504 38
480 505 47
481 505 31
482 506 49
483 507 8
484 508 75
485 509 79
486 510 37
487 511 21
488 512 12
489 512 31
490 513 84
491 514 15
492 514 98
493 515 78
494 516 16
495 517 40
496 518 61
497 519 97
498 520 63
499 521 22
499 522 32
500 523 30
501 524 12
501 525 68
502 526 14
503 527 52
504 528 56
505 529 10
506 530 90
507 531 75
507 532 13
508 533 8
509 534 39
509 535 3
510 536 61
511 537 60
512 538 95
513 539 26
514 540 8
515 541 94
516 542 71
517 543 11
518 544 97
518 545 33
519 546 56
520 547 59
521 548 91
522 549 82
523 550 27
524 551 24
525 552 37
526 553 78
527 554 56
527 555 55
528 556 70
529 557 73
529 558 17
530 559 52
531 560 61
532 561 45
533 562 78
534 563 1
535 564 3
536 565 98
536 566 95
537 567 23
538 568 21
539 569 10
539 570 15
540 571 75
541 572 30
542 573 5
543 574 38
544 575 89
545 576 67
546 577 15
547 577 62
548 578 33
549 579 71
550 579 82
551 580 81
552 581 17
553 582 41
554 582 13
555 583 8
556 583 37
557 584 95
558 585 12
559 586 9
560 587 68
561 587 46
562 588 27
563 588 99
564 589 82
565 590 41
566 591 93
567 592 97
568 593 15
569 594 75
570 594 77
571 595 67
572 596 19
573 596 4
574 597 33
575 598 10
576 599 77
577 600 20
578 601 37
579 602 74
580 603 12
581 604 1
582 605 96
583 606 76
584 607 68
585 608 92
585 609 32
586 610 11
586 611 63
587 612 37
588 613 11
588 614 7
589 615 82
590 616 54
591 617 58
592 618 50
593 619 20
594 620 14
594 621 49
595 622 9
595 623 95
596 624 60
597 625 55
597 626 92
598 627 67
599 628 41
600 628 72
601 629 82
602 630 17
603 631 90
604 632 52
605 632 25
606 633 57
607 634 19
608 635 3
609 636 64
610 636 17
611 637 12
612 638 51
613 639 57
614 640 45
615 640 53
616 641 48
617 642 83
618 643 10
619 644 67
620 645 48
621 646 95
622 646 84
623 647 25
624 647 3
625 648 1
626 648 75
627 649 23
628 650 84
628 651 81
628 652 51
629 653 2
630 654 70
631 655 54
631 656 85
632 657 13
633 658 99
633 659 72
634 660 35
634 661 54
635 662 19
635 663 90
636 664 48
637 665 49
638 666 64
639 667 80
640 668 19
641 669 56
641 670 76
642 671 24
643 672 57
644 673 74
644 674 5
645 675 12
645 676 13
646 677 38
647 678 80
647 679 10
648 680 57
649 681 64
650 682 21
651 683 81
652 684 21
653 685 86
654 686 13
655 687 88
656 688 60
657 689 72
658 689 10
659 690 96
660 691 32
661 692 46
662 693 90
663 694 23
664 695 1
665 696 80
666 697 45
667 698 26
668 698 13
669 699 53
670 700 36
671 701 98
672 702 35
673 703 58
674 704 57
675 705 39
676 706 98
677 707 50
678 708 72
679 709 65
680 710 44
681 711 32
682 712 19
683 713 19
684 714 43
685 715 65
686 716 42
687 717 28
688 718 86
689 719 2
690 720 65
691 721 47
692 722 98
693 723 65
694 724 89
695 725 79
696 726 95
697 727 41
698 728 57
699 729 81
700 730 17
701 731 39
702 732 95
703 733 4
704 734 26
705 735 85
706 736 79
707 737 53
708 738 85
709 739 75
710 740 14
711 741 20
712 742 45
713 743 95
714 744 5
715 745 58
716 745 37
717 746 87
718 747 75
719 748 72
720 749 35
721 750 89
722 751 41
723 752 73
724 753 73
725 754 7
726 755 59
727 756 2
728 757 33
729 758 52
730 759 11
731 760 16
732 760 98
733 761 3
734 762 73
735 763 42
736 764 80
737 764 35
738 765 78
739 766 4
740 767 61
741 768 58
742 769 91
743 770 67
744 771 5
745 772 83
746 773 17
747 774 23
748 774 6
749 775 52
750 776 82
751 776 35
752 777 99
753 778 41
754 779 72
755 780 39
756 781 63
757 782 77
758 783 19
759 783 63
760 784 78
761 784 90
762 785 56
763 785 90
764 786 34
765 787 76
766 787 94
767 787 55
768 788 27
769 789 82
769 790 52
770 791 68
770 792 62
771 793 23
772 794 2
772 795 70
773 796 26
774 797 34
774 798 22
775 799 26
776 800 39
776 801 52
777 802 90
778 803 62
778 804 64
779 805 36
779 806 48
779 807 32
780 808 4
781 809 26
781 810 56
781 811 97
782 812 51
783 813 69
784 814 46
785 815 42
786 816 92
787 817 94
788 818 25
789 819 90
790 820 87
791 821 91
792 821 1
793 822 14
794 823 3
795 824 61
796 825 61
797 826 47
798 827 47
799 828 50
800 829 94
801 830 57
802 831 33
803 832 19
804 833 85
805 834 15
806 835 76
807 836 51
808 837 19
809 837 88
810 838 18
811 839 19
812 840 36
813 841 30
814 842 90
815 842 90
816 843 92
817 843 36
818 844 17
819 845 22
820 846 1
821 847 83
822 848 44
823 849 54
824 850 60
825 851 91
826 852 36
827 853 16
828 854 26
829 855 48
830 856 34
831 857 72
832 858 62
833 859 1
834 860 58
835 861 95
836 862 40
837 863 29
838 864 27
839 865 28
840 866 64
841 867 74
842 868 85
843 869 18
843 870 78
844 871 43
844 872 75
845 873 32
846 874 49
847 875 83
848 876 17
849 877 27
850 878 91
851 879 32
852 880 93
853 881 54
854 882 87
855 883 9
856 884 62
857 885 63
857 886 15
858 887 69
859 888 78
860 889 6
861 890 17
862 891 67
863 892 6
864 893 56
865 894 24
866 895 69
867 896 83
868 897 25
869 898 29
870 899 92
871 900 28
872 900 56
873 900 72
874 900 59
875 900 58
876 900 49
877 900 46
878 900 95
879 900 80
880 900 14
881 900 4
882 900 69
883 900 38
884 900 75
885 900 74
886 900 59
887 900 71
888 900 57
889 900 59
890 900 14
891 900 63
892 900 58
893 900 85
894 900 78
895 900 10
896 900 35
897 900 14
898 900 35
899 900 79
