1 2 1
1 3 1
1 4 1
1 5 1
2 6 1
2 7 1
2 8 1
2 9 1
3 10 1
3 11 1
3 12 1
3 13 1
4 14 1
4 15 1
4 16 1
4 17 1
5 18 1
5 19 1
5 20 1
5 21 1
6 22 1
7 23 1
8 24 1
9 25 1
10 26 1
11 27 1
12 28 1
13 29 1
14 30 1
15 31 1
15 32 1
16 33 1
17 34 1
18 35 1
19 36 1
20 37 1
20 38 1
21 39 1
22 40 1
23 41 1
24 42 1
25 43 1
25 44 1
26 45 1
27 46 1
28 47 1
29 48 1
30 49 1
30 50 1
31 51 1
31 52 1
32 53 1
33 54 1
34 55 1
35 56 1
36 57 1
37 58 1
38 59 1
39 60 1
40 61 1
41 62 1
42 63 1
43 64 1
44 65 1
45 66 1
46 67 1
47 68 1
48 69 1
49 70 1
50 71 1
51 71 1
52 72 1
53 73 1
54 74 1
55 75 1
56 76 1
57 77 1
58 78 1
59 79 1
60 80 1
61 81 1
62 82 1
63 82 1
64 83 1
65 84 1
66 85 1
67 86 1
68 87 1
69 87 1
70 88 1
71 89 1
72 89 1
73 90 1
74 91 1
75 92 1
76 93 1
77 94 1
78 94 1
79 95 1
80 96 1
81 97 1
82 98 1
82 99 1
83 100 1
83 101 1
84 102 1
84 103 1
85 104 1
86 105 1
87 106 1
88 107 1
89 108 1
90 109 1
91 110 1
92 111 1
93 112 1
94 113 1
94 114 1
95 115 1
96 116 1
96 117 1
97 118 1
98 119 1
99 120 1
100 121 1
101 122 1
102 123 1
103 124 1
104 125 1
105 126 1
106 127 1
107 128 1
108 129 1
109 130 1
110 131 1
111 132 1
112 133 1
113 134 1
114 135 1
115 136 1
116 137 1
117 138 1
118 139 1
119 140 1
120 141 1
121 142 1
122 143 1
123 144 1
124 145 1
125 146 1
126 147 1
127 148 1
128 149 1
129 150 1
130 151 1
131 152 1
132 153 1
133 154 1
134 155 1
135 156 1
136 157 1
137 158 1
138 159 1
139 160 1
140 161 1
141 162 1
142 162 1
143 163 1
144 164 1
145 165 1
146 165 1
147 166 1
148 167 1
149 168 1
150 169 1
151 170 1
152 171 1
153 172 1
154 173 1
155 174 1
156 174 1
157 175 1
158 175 1
159 175 1
160 176 1
160 177 1
161 178 1
162 179 1
163 180 1
164 181 1
165 182 1
166 183 1
167 184 1
168 185 1
169 186 1
170 187 1
171 188 1
171 189 1
172 190 1
173 191 1
174 192 1
175 193 1
176 194 1
177 195 1
178 196 1
179 197 1
180 198 1
181 199 1
182 200 1
183 201 1
184 202 1
185 203 1
185 204 1
186 205 1
187 206 1
188 207 1
189 208 1
190 209 1
190 210 1
191 211 1
191 212 1
192 213 1
193 214 1
194 215 1
195 216 1
196 217 1
197 218 1
198 219 1
199 220 1
200 221 1
201 222 1
202 223 1
203 224 1
204 225 1
205 226 1
206 227 1
207 228 1
208 229 1
209 230 1
210 231 1
211 232 1
212 233 1
213 234 1
214 235 1
215 236 1
216 237 1
217 238 1
218 239 1
219 239 1
220 240 1
221 241 1
222 242 1
223 242 1
224 243 1
225 243 1
226 244 1
227 245 1
228 246 1
229 247 1
230 248 1
231 248 1
232 249 1
233 249 1
234 250 1
235 251 1
236 252 1
237 253 1
238 254 1
239 255 1
240 256 1
241 257 1
242 258 1
243 259 1
244 260 1
245 261 1
245 262 1
246 263 1
247 264 1
247 265 1
248 266 1
249 267 1
249 268 1
250 269 1
250 270 1
251 271 1
251 272 1
252 273 1
253 274 1
254 275 1
255 276 1
256 276 1
257 277 1
258 278 1
259 279 1
260 279 1
261 280 1
262 281 1
263 282 1
264 282 1
265 283 1
266 284 1
267 285 1
268 286 1
269 286 1
270 287 1
271 288 1
272 288 1
273 289 1
273 290 1
274 291 1
275 292 1
276 293 1
277 294 1
278 295 1
279 296 1
280 297 1
281 298 1
281 299 1
282 300 1
283 301 1
284 302 1
285 303 1
286 304 1
286 305 1
287 306 1
287 307 1
288 308 1
288 309 1
289 310 1
290 311 1
291 312 1
292 313 1
293 314 1
294 315 1
295 316 1
296 317 1
297 318 1
298 319 1
299 320 1
300 321 1
301 322 1
302 323 1
303 324 1
304 324 1
305 324 1
306 325 1
307 326 1
308 327 1
309 327 1
310 328 1
311 329 1
312 330 1
313 331 1
314 332 1
315 333 1
316 334 1
317 335 1
318 335 1
319 336 1
320 337 1
321 338 1
322 339 1
323 340 1
324 340 1
325 341 1
326 342 1
327 343 1
328 344 1
329 345 1
330 346 1
331 347 1
332 348 1
333 349 1
334 350 1
335 351 1
336 352 1
337 353 1
338 354 1
339 355 1
340 356 1
341 356 1
342 357 1
343 358 1
344 359 1
344 360 1
345 361 1
345 362 1
346 363 1
346 364 1
347 365 1
348 366 1
348 367 1
348 368 1
349 369 1
350 370 1
351 371 1
352 372 1
353 373 1
354 374 1
355 375 1
356 376 1
357 377 1
358 378 1
358 379 1
359 380 1
360 381 1
361 382 1
362 382 1
363 383 1
364 383 1
365 384 1
366 385 1
367 385 1
368 386 1
369 387 1
370 387 1
371 388 1
372 389 1
373 390 1
374 390 1
375 391 1
376 392 1
377 393 1
378 394 1
379 395 1
380 396 1
381 397 1
382 398 1
382 399 1
383 400 1
384 401 1
385 402 1
385 403 1
386 404 1
387 405 1
388 406 1
389 407 1
390 408 1
391 409 1
392 410 1
393 411 1
393 412 1
394 413 1
395 414 1
396 415 1
397 416 1
398 417 1
399 418 1
400 419 1
401 420 1
402 421 1
403 422 1
404 423 1
405 424 1
406 425 1
407 426 1
408 427 1
409 428 1
410 429 1
411 430 1
411 431 1
412 432 1
413 433 1
414 434 1
414 435 1
415 436 1
416 437 1
417 438 1
418 439 1
419 440 1
420 441 1
421 442 1
422 443 1
423 444 1
424 445 1
425 446 1
426 447 1
427 448 1
428 449 1
429 450 1
430 451 1
431 452 1
432 453 1
433 454 1
434 455 1
435 456 1
436 457 1
437 458 1
438 459 1
439 460 1
440 461 1
441 462 1
442 463 1
443 464 1
444 465 1
445 466 1
446 467 1
447 468 1
448 469 1
449 470 1
450 471 1
451 472 1
452 473 1
453 474 1
454 475 1
455 476 1
456 477 1
457 478 1
458 478 1
459 479 1
460 480 1
461 481 1
462 482 1
463 483 1
464 484 1
465 485 1
466 485 1
467 486 1
468 487 1
469 488 1
470 489 1
471 490 1
472 491 1
473 492 1
474 493 1
475 494 1
476 495 1
477 496 1
478 497 1
479 498 1
480 499 1
481 500 1
482 501 1
483 502 1
483 503 1
484 504 1
485 505 1
486 506 1
487 507 1
488 508 1
489 509 1
489 510 1
490 511 1
491 512 1
492 513 1
493 514 1
494 515 1
495 516 1
496 517 1
497 518 1
498 519 1
499 520 1
500 521 1
501 522 1
502 523 1
503 524 1
504 525 1
505 526 1
506 527 1
507 528 1
508 529 1
509 530 1
510 531 1
511 532 1
512 533 1
513 534 1
514 535 1
515 536 1
516 537 1
517 538 1
518 539 1
519 539 1
520 540 1
521 541 1
522 542 1
523 542 1
524 543 1
525 544 1
526 544 1
527 545 1
528 546 1
529 547 1
530 548 1
531 549 1
532 550 1
533 551 1
534 552 1
535 553 1
536 554 1
537 555 1
538 556 1
539 557 1
540 558 1
541 559 1
542 560 1
543 561 1
544 562 1
544 563 1
545 564 1
546 565 1
547 566 1
548 567 1
549 568 1
550 569 1
551 570 1
552 571 1
553 572 1
554 573 1
554 574 1
555 575 1
556 576 1
557 577 1
558 577 1
559 578 1
560 578 1
561 579 1
562 580 1
563 581 1
564 582 1
565 582 1
566 583 1
567 584 1
568 585 1
569 585 1
570 586 1
571 587 1
572 587 1
573 588 1
574 589 1
575 590 1
576 591 1
577 592 1
577 593 1
578 594 1
579 595 1
580 596 1
581 597 1
582 598 1
583 599 1
584 600 1
585 601 1
586 602 1
586 603 1
587 604 1
588 605 1
589 606 1
590 607 1
591 608 1
592 609 1
593 610 1
594 611 1
595 612 1
596 613 1
597 614 1
598 614 1
599 615 1
600 615 1
601 616 1
602 617 1
603 618 1
604 619 1
605 620 1
606 621 1
607 622 1
608 623 1
609 624 1
609 625 1
610 626 1
610 627 1
611 628 1
612 629 1
613 630 1
614 631 1
614 632 1
614 633 1
614 634 1
615 635 1
616 636 1
617 637 1
618 638 1
619 639 1
620 640 1
621 641 1
622 642 1
622 643 1
623 644 1
624 645 1
625 646 1
626 647 1
627 647 1
628 648 1
629 648 1
630 649 1
631 650 1
632 651 1
633 652 1
634 652 1
635 653 1
636 653 1
637 654 1
638 655 1
639 655 1
640 656 1
641 657 1
642 658 1
643 659 1
644 659 1
645 660 1
646 661 1
647 662 1
648 663 1
649 664 1
650 665 1
651 666 1
652 667 1
653 668 1
654 669 1
655 670 1
656 671 1
657 672 1
658 673 1
659 674 1
659 675 1
660 676 1
661 677 1
662 678 1
662 679 1
663 680 1
664 681 1
665 682 1
666 683 1
667 684 1
668 685 1
669 686 1
670 687 1
670 688 1
671 689 1
672 690 1
673 691 1
674 692 1
675 693 1
676 694 1
677 695 1
678 696 1
679 697 1
680 698 1
681 699 1
682 700 1
683 701 1
684 702 1
685 703 1
686 703 1
687 704 1
688 705 1
689 706 1
690 707 1
691 708 1
692 709 1
693 710 1
694 711 1
695 712 1
696 713 1
697 714 1
698 715 1
699 716 1
700 717 1
700 718 1
701 719 1
702 720 1
703 721 1
704 722 1
705 723 1
705 724 1
706 725 1
707 726 1
708 727 1
709 728 1
709 729 1
709 730 1
710 731 1
711 732 1
712 733 1
713 733 1
714 734 1
715 735 1
716 736 1
717 737 1
718 738 1
719 739 1
720 739 1
721 740 1
722 741 1
723 742 1
724 743 1
725 744 1
726 744 1
727 745 1
728 746 1
729 747 1
730 748 1
731 749 1
732 750 1
733 751 1
734 752 1
734 753 1
735 754 1
736 755 1
737 756 1
737 757 1
738 758 1
739 759 1
740 760 1
741 761 1
742 762 1
743 763 1
744 764 1
745 765 1
746 766 1
746 767 1
747 768 1
748 769 1
749 770 1
750 771 1
751 772 1
752 773 1
753 774 1
754 775 1
755 776 1
756 777 1
757 778 1
758 779 1
759 780 1
760 781 1
761 781 1
762 782 1
763 782 1
764 783 1
765 784 1
766 785 1
767 786 1
768 787 1
769 788 1
770 789 1
771 790 1
772 791 1
773 792 1
774 793 1
775 794 1
776 794 1
777 795 1
778 796 1
779 796 1
780 797 1
781 798 1
782 799 1
783 799 1
784 800 1
785 801 1
786 802 1
787 803 1
788 804 1
789 804 1
790 805 1
790 806 1
791 807 1
792 808 1
793 809 1
794 810 1
795 811 1
796 812 1
797 813 1
798 814 1
799 815 1
800 816 1
801 817 1
802 818 1
803 819 1
804 820 1
805 821 1
806 822 1
807 823 1
808 824 1
809 825 1
809 826 1
810 827 1
811 828 1
811 829 1
812 830 1
813 831 1
814 832 1
815 833 1
816 834 1
817 835 1
818 836 1
818 837 1
819 838 1
820 839 1
821 840 1
822 841 1
823 842 1
824 843 1
825 844 1
826 845 1
827 846 1
828 847 1
829 848 1
830 849 1
831 850 1
832 851 1
832 852 1
833 853 1
834 854 1
835 855 1
836 856 1
837 857 1
838 858 1
839 859 1
840 860 1
841 861 1
842 862 1
843 863 1
844 864 1
845 865 1
846 866 1
847 867 1
847 868 1
848 869 1
849 870 1
850 871 1
851 872 1
852 873 1
853 874 1
854 875 1
855 876 1
856 877 1
857 878 1
858 879 1
859 880 1
860 881 1
861 882 1
862 883 1
863 884 1
864 885 1
865 886 1
866 886 1
867 886 1
868 887 1
869 888 1
870 889 1
871 890 1
872 891 1
873 892 1
874 893 1
875 894 1
876 895 1
877 896 1
878 897 1
879 898 1
880 899 1
881 900 1
882 900 1
883 900 1
884 900 1
885 900 1
886 900 1
887 900 1
888 900 1
889 900 1
890 900 1
891 900 1
892 900 1
893 900 1
894 900 1
895 900 1
896 900 1
897 900 1
898 900 1
899 900 1
