1 2 13
1 3 46
1 4 19
2 5 25
2 6 40
3 7 23
3 8 27
3 9 14
4 10 29
4 11 13
5 12 24
6 13 6
7 14 20
8 15 32
9 16 2
10 17 27
11 18 36
12 19 43
13 20 38
14 21 1
14 22 47
15 23 8
16 24 7
17 25 34
18 26 38
19 27 43
20 27 33
21 28 43
22 29 8
23 30 16
24 31 12
25 32 9
26 33 17
27 34 36
27 35 14
28 36 29
28 37 45
29 38 30
30 39 7
30 40 21
31 41 15
31 42 30
31 43 27
32 44 32
33 45 16
33 46 12
34 47 4
35 48 21
36 49 7
37 50 13
38 50 48
39 50 7
40 51 17
41 52 26
42 53 30
43 54 24
44 54 31
45 55 5
46 55 20
47 56 11
48 57 48
49 58 29
50 59 16
51 60 36
52 61 36
53 62 45
54 63 36
55 64 11
55 65 7
56 66 41
57 67 46
58 68 18
59 69 49
60 70 5
61 71 8
62 72 5
63 73 2
64 74 20
65 74 7
66 75 3
67 76 5
68 77 39
69 78 28
70 79 45
71 80 34
72 81 30
73 82 33
74 83 2
75 84 3
76 84 8
77 85 4
78 85 11
79 85 13
80 86 30
81 87 6
82 87 21
83 88 18
84 89 18
85 90 46
85 91 4
85 92 10
86 93 45
86 94 33
87 95 33
88 96 31
88 97 17
88 98 31
89 99 45
89 100 26
90 101 22
90 102 8
91 103 29
91 104 13
92 105 24
92 106 12
92 107 21
93 108 32
93 109 22
93 110 29
94 111 33
94 112 36
95 113 20
96 114 15
96 115 45
96 116 6
97 117 38
98 118 47
98 119 38
98 120 6
99 121 1
100 121 25
101 121 21
102 121 4
103 122 17
104 122 41
105 122 43
106 123 47
107 123 20
108 123 8
109 123 11
110 124 44
111 124 9
112 124 5
113 124 10
114 124 7
115 125 7
116 125 38
117 125 37
118 125 44
119 125 34
120 125 45
121 126 19
122 127 45
122 128 32
123 129 38
124 130 45
124 131 47
125 132 23
125 133 43
125 134 47
126 135 8
127 136 30
128 137 2
129 137 13
130 138 12
131 138 49
132 139 47
133 140 4
134 141 9
135 142 4
136 143 32
137 143 6
138 143 2
139 144 44
140 144 42
141 145 5
142 146 20
142 147 33
143 148 25
144 149 49
144 150 34
145 151 4
145 152 21
146 153 32
147 154 25
148 155 14
149 156 40
150 157 28
151 158 10
152 159 14
153 160 7
154 160 30
155 161 42
156 161 44
157 162 40
158 163 7
159 164 41
160 165 13
160 166 21
161 167 37
162 168 15
163 169 40
164 170 5
165 171 27
165 172 11
165 173 25
166 174 15
167 175 48
168 176 9
169 177 6
170 178 4
170 179 29
171 180 19
172 181 7
173 182 34
174 182 45
175 183 36
176 184 19
177 185 39
178 185 5
179 185 8
180 186 11
181 187 47
182 188 15
182 189 27
183 190 11
184 191 10
185 192 40
186 193 27
187 194 42
188 195 32
189 196 33
190 197 1
191 198 43
192 199 24
193 200 35
194 200 15
195 200 45
196 200 3
197 200 25
198 200 24
199 200 2
