15 15 15 14
8 8 7 7
14 15 16 14
14 17 16 15
7 8 7 7
15 16 15 14
13 15 15 15
13 14 16 13
14 12 14 12
4 4 4 3
18 20 19 22
7 7 8 8
10 10 10 10
11 9 11 10
8 7 8 7
14 12 12 13
19 22 18 22
4 4 4 4
17 16 16 14
11 12 14 13
4 4 3 4
11 10 11 12
8 7 7 8
13 14 14 13
15 18 17 15
11 8 11 8
17 15 15 17
6 7 6 6
1 1 2 2
5 5 6 6
13 11 13 13
2 1 1 1
12 14 11 12
7 9 7 7
1 1 2 2
8 8 9 8
20 19 20 22
20 17 21 18
11 12 13 12
17 17 16 14
9 11 10 9
11 8 9 9
7 6 7 6
13 10 12 11
7 8 8 7
5 5 4 4
15 16 19 18
11 10 12 12
8 9 9 9
14 15 14 17
12 11 14 12
5 5 5 4
17 15 15 17
7 8 8 8
11 9 10 9
12 13 13 12
4 4 4 4
3 2 2 3
7 7 9 9
11 10 11 10
13 14 14 12
4 3 4 4
8 7 7 8
14 14 13 13
1 2 2 2
7 8 8 7
9 9 8 8
3 4 3 3
9 10 11 11
7 7 8 7
4 3 3 4
2 2 2 1
18 22 19 18
5 6 5 5
1 2 1 1
15 12 13 12
15 14 14 16
13 12 12 11
8 9 9 8
2 1 2 1
13 14 13 15
14 16 14 14
15 15 16 14
21 17 21 17
13 12 14 12
14 14 16 13
13 13 15 12
2 1 2 2
23 20 23 21
15 17 17 15
3 4 4 4
10 8 9 11
20 19 19 20
8 8 7 7
14 15 16 16
17 19 18 18
18 20 20 22
11 9 9 9
17 20 19 20
3 3 2 3
9 9 9 12
15 17 19 16
14 14 14 17
2 1 2 1
13 14 14 15
17 17 21 22
12 11 14 13
8 8 9 8
3 3 3 3
17 16 17 16
14 17 17 15
14 14 15 14
11 14 11 13
9 8 8 8
12 13 11 13
19 21 21 21
4 5 5 5
17 15 17 15
5 5 4 4
6 6 5 5
6 7 6 6
18 17 16 16
5 5 5 5
20 18 17 21
17 16 14 17
13 13 11 14
14 15 15 16
8 8 8 7
6 6 6 6
9 8 7 8
16 15 16 15
14 16 15 16
5 4 5 4
15 18 16 17
11 9 12 12
13 11 13 14
9 9 8 7
15 15 15 13
7 7 8 8
10 11 10 10
17 20 16 15
15 12 14 12
5 5 4 5
3 3 3 3
11 11 9 10
16 14 13 15
2 3 2 3
4 5 5 4
13 16 14 13
19 20 18 19
7 7 7 8
8 7 8 8
3 3 3 2
18 18 18 19
16 14 15 16
8 7 7 8
8 7 9 8
5 5 4 4
15 12 15 13
11 11 13 12
15 16 15 17
17 17 19 16
12 13 13 14
7 7 8 7
14 15 17 14
12 10 11 10
4 4 4 3
7 9 8 7
16 13 16 15
7 7 8 8
7 7 7 7
17 14 15 15
14 13 12 12
6 5 6 6
6 6 5 5
8 7 8 7
13 14 12 14
13 15 13 14
3 4 3 4
6 7 6 6
2 2 3 3
12 12 15 13
14 12 12 14
7 8 7 7
10 9 9 10
11 10 11 9
7 9 9 9
8 8 8 10
6 5 6 6
8 11 9 11
17 16 16 17
8 10 11 8
20 19 15 16
17 19 15 15
19 17 18 21
2 2 2 1
10 12 11 12
10 10 12 12
11 11 14 12
16 14 17 15
4 4 5 4
17 19 20 21
22 18 22 19
14 12 12 15
5 5 5 5
17 18 17 15
17 19 19 19
3 2 2 3
5 5 6 5
23 20 19 19
16 16 15 13
8 8 8 9
15 14 15 13
8 7 7 8
6 7 7 7
21 20 20 22
8 7 8 8
8 11 10 8
7 7 9 8
3 3 3 3
17 18 19 16
2 2 2 2
10 13 13 10
20 21 16 18
8 8 8 7
14 14 14 17
20 21 21 20
14 14 15 16
18 16 18 16
13 13 10 11
5 5 6 5
15 17 19 17
6 7 6 6
7 9 8 8
18 16 18 15
4 3 3 3
11 12 14 12
5 6 6 6
8 7 9 7
13 14 16 14
11 10 13 13
2 1 1 2
3 3 4 4
13 14 13 12
3 2 2 2
20 22 22 21
15 16 13 15
13 13 13 14
18 18 19 18
8 8 8 7
5 5 6 5
3 3 3 2
15 15 13 16
7 7 7 8
3 2 2 2
2 2 3 3
2 2 1 1
20 22 20 18
13 15 15 13
17 14 15 16
12 10 13 10
21 17 21 18
23 18 22 22
7 7 8 8
11 11 13 11
5 4 5 5
11 14 12 13
18 21 20 20
2 3 3 3
14 16 13 15
3 3 2 2
19 19 21 22
8 11 11 8
16 15 14 15
8 9 11 8
11 11 11 9
5 4 5 4
11 9 10 9
16 15 17 15
11 9 9 9
21 19 19 21
15 15 17 16
14 17 17 17
8 7 7 7
9 9 9 10
6 7 7 7
8 7 8 8
13 13 14 16
9 12 12 9
2 2 2 2
9 9 8 7
6 5 5 5
19 17 20 17
17 16 16 14
3 4 4 4
19 17 15 16
19 22 19 21
17 14 17 15
15 16 18 14
10 9 10 9
20 17 20 21
12 9 9 10
19 23 20 18
7 8 8 8
8 7 8 8
11 12 10 9
13 12 12 10
3 3 4 4
13 13 12 13
2 1 1 1
10 13 13 13
15 16 15 14
2 3 3 2
12 10 10 10
21 21 21 20
13 13 13 14
5 6 6 6
9 10 9 10
13 13 15 15
14 14 13 15
11 10 9 9
17 19 17 20
20 20 18 19
3 2 3 2
6 6 6 7
17 15 15 15
15 15 13 12
13 13 12 10
13 16 15 14
14 18 14 16
19 23 18 20
14 14 13 13
8 8 8 7
15 12 14 15
9 8 8 10
2 1 1 2
18 22 19 18
1 2 1 1
8 7 7 8
6 6 5 5
8 9 8 8
20 18 19 18
2 1 1 1
17 15 16 16
14 14 12 12
17 17 17 15
9 12 12 10
13 15 14 14
2 3 2 2
20 22 21 19
12 14 12 14
13 15 12 14
10 10 9 9
1 2 2 2
2 1 2 2
16 15 15 15
18 19 21 23
7 6 6 7
5 5 4 4
12 9 9 11
7 7 6 6
14 12 12 15
3 3 4 3
22 21 19 22
14 16 15 14
9 8 8 9
6 5 6 5
1 2 1 1
13 13 14 14
15 15 15 15
16 20 16 17
12 15 12 14
18 18 20 18
7 8 8 8
19 15 17 17
11 11 12 10
9 8 9 9
7 7 6 6
11 10 11 12
23 18 21 19
16 15 15 17
4 4 5 5
7 7 9 8
17 16 15 16
15 16 16 16
20 21 16 18
3 4 4 3
2 2 1 2
21 20 21 22
15 15 16 15
21 19 22 19
11 10 9 8
7 7 7 8
15 16 17 14
15 17 18 18
7 8 8 7
5 5 5 5
2 3 3 2
7 7 7 8
21 19 22 19
5 4 4 5
15 14 12 12
7 7 8 8
20 17 19 18
11 11 12 10
20 18 18 18
2 2 2 3
1 2 2 1
19 21 17 19
20 19 18 18
18 16 16 21
7 8 7 7
7 7 7 8
10 10 10 10
11 12 10 9
18 16 18 16
19 16 18 16
15 16 15 17
13 12 13 15
6 6 7 6
15 15 13 15
2 3 3 3
20 19 23 23
7 7 7 9
19 21 20 18
14 11 14 13
2 1 1 1
4 4 4 5
13 11 11 13
11 11 9 11
19 17 18 15
5 6 5 6
22 20 18 19
16 14 14 13
17 18 14 14
6 5 6 6
3 3 3 4
11 12 12 12
8 8 8 7
18 16 16 18
14 12 11 12
13 13 10 12
17 16 20 17
20 21 20 22
16 15 15 14
3 3 3 2
19 21 18 21
18 21 20 21
13 12 14 15
15 17 17 17
19 17 21 16
6 7 6 6
10 8 8 9
13 14 11 11
5 5 6 5
9 8 9 10
13 15 13 12
4 3 4 3
10 11 11 11
15 15 13 15
16 17 18 14
18 14 14 14
13 15 13 16
2 2 1 2
11 13 13 12
14 12 14 13
10 13 11 10
7 6 7 6
6 5 6 6
17 20 21 21
1 2 1 2
15 15 13 14
16 17 14 14
20 17 19 19
7 9 8 9
9 10 11 11
4 4 3 4
11 13 11 14
8 7 7 8
7 7 7 7
4 5 4 5
5 5 6 6
5 4 4 4
20 21 17 21
3 3 3 2
11 10 11 11
14 13 14 13
7 6 7 7
20 18 23 19
12 11 13 11
12 14 12 12
4 3 3 4
12 10 10 9
16 15 15 14
10 13 11 10
21 19 18 23
19 17 19 16
4 5 4 4
12 13 10 11
14 12 12 13
19 16 19 18
3 3 3 3
5 5 6 5
7 8 8 8
1 1 2 1
9 7 8 7
12 13 12 14
5 5 5 5
15 13 14 13
3 3 4 3
19 23 21 18
13 15 15 15
9 8 11 9
15 12 13 13
1 1 2 2
13 14 14 15
19 18 19 17
7 6 7 7
12 12 11 13
4 5 5 5
7 8 8 7
22 21 18 20
5 4 5 4
8 8 9 8
11 13 13 13
14 15 16 15
11 10 9 12
2 2 2 1
7 7 6 6
2 1 2 1
16 15 17 17
13 13 13 13
10 10 9 12
18 17 18 20
23 22 23 19
18 19 18 21
4 4 3 3
16 16 14 17
9 11 11 10
22 21 18 17
7 8 8 9
2 3 3 2
10 11 10 13
20 17 15 20
21 21 20 20
6 5 5 6
4 4 4 4
6 7 6 7
8 7 8 7
15 16 14 16
18 15 16 14
15 16 16 18
21 22 21 22
14 16 15 17
6 5 5 6
5 5 5 4
6 5 6 5
18 19 17 20
5 5 4 4
10 11 10 11
14 12 15 14
19 17 20 20
6 5 5 5
5 5 4 5
2 2 3 2
9 9 7 7
10 12 10 10
9 11 9 10
14 16 16 14
19 21 20 18
12 13 12 13
13 16 15 14
17 16 18 17
21 22 20 22
10 11 10 11
17 18 14 17
11 10 12 10
8 10 8 10
17 18 14 15
14 13 14 13
2 2 1 2
12 12 13 13
7 7 7 7
12 13 12 11
12 12 14 15
9 7 8 8
10 9 11 11
12 12 15 14
8 7 7 7
12 10 11 9
15 16 16 14
15 16 19 19
7 7 7 7
4 5 5 4
6 7 7 7
8 8 8 7
2 1 1 2
23 19 18 23
17 17 22 21
22 22 21 21
8 7 8 8
21 21 21 20
4 4 4 4
18 16 17 19
6 7 6 7
9 8 8 7
20 15 16 18
3 4 4 4
20 22 20 22
1 1 2 2
8 7 7 7
14 12 13 14
4 4 4 4
14 12 11 14
17 17 19 17
20 20 19 21
12 12 13 10
3 4 3 3
23 22 22 19
8 7 8 9
4 4 4 4
16 17 15 15
17 17 17 20
1 2 1 2
7 8 9 8
3 3 2 3
20 15 20 19
2 3 3 3
17 20 15 15
14 15 14 17
3 3 3 3
9 10 9 10
15 16 15 18
4 3 4 4
7 9 9 9
3 3 3 4
10 13 13 11
7 7 8 8
6 5 6 6
2 2 2 2
15 16 16 14
14 16 15 17
1 2 2 1
6 7 6 7
13 14 15 15
1 1 2 2
6 7 6 7
3 2 3 3
11 10 9 11
4 4 4 5
18 22 18 23
9 9 12 10
3 3 4 4
7 9 8 7
12 11 10 12
16 16 14 14
11 8 11 11
18 15 16 16
14 16 16 13
15 12 13 12
5 5 5 5
22 20 21 22
8 9 9 7
12 10 12 12
14 14 14 17
2 1 1 1
7 7 7 8
16 17 16 17
17 17 21 21
20 17 19 21
6 6 6 5
3 3 3 3
10 10 12 13
23 20 20 21
11 10 11 12
14 15 16 13
4 4 5 4
20 22 19 21
7 7 8 7
12 11 11 13
14 11 12 12
7 7 9 9
14 16 16 14
8 9 10 10
10 11 8 11
3 2 2 2
17 14 17 14
14 15 15 15
11 10 12 12
12 10 10 10
7 8 9 9
7 9 9 8
4 5 4 5
9 8 7 8
6 7 6 6
16 16 14 14
8 10 11 8
4 4 5 5
1 2 2 1
11 12 9 12
