1 2 8
1 3 9
1 4 9
2 5 2
2 6 7
2 7 3
3 8 12
3 9 12
3 10 4
3 11 9
4 12 15
4 13 4
4 14 2
5 15 8
6 16 9
7 17 15
8 18 1
9 19 6
10 20 8
11 21 1
12 22 4
12 23 11
13 24 8
14 25 9
15 26 11
16 27 3
17 28 2
18 29 1
19 30 10
20 31 5
21 32 3
22 33 10
23 34 15
24 35 6
25 35 2
26 36 12
27 37 13
28 38 14
29 39 12
30 40 15
31 41 13
32 42 14
33 43 5
34 44 1
35 45 10
36 46 1
36 47 7
37 48 8
37 49 8
37 50 14
38 51 10
39 52 5
39 53 3
39 54 9
40 55 4
40 56 9
41 57 8
41 58 15
41 59 15
42 60 3
43 61 10
43 62 11
43 63 13
44 64 6
45 65 7
45 66 6
46 67 12
47 68 15
48 68 8
49 69 3
50 70 7
51 70 2
52 71 15
53 72 2
54 72 12
55 72 2
56 73 8
57 74 7
58 75 13
59 76 13
60 77 10
61 78 14
62 79 7
63 80 13
64 81 7
65 82 13
66 83 15
67 84 1
68 85 8
69 86 12
70 87 10
71 88 10
72 89 14
73 90 6
74 90 10
75 90 9
76 91 10
77 92 14
78 92 13
79 93 8
80 94 14
81 94 13
82 95 7
83 96 12
84 97 12
85 98 15
86 99 11
87 100 1
88 101 11
89 101 4
90 102 7
91 103 6
92 104 13
93 105 14
94 106 7
95 107 3
96 108 11
97 109 14
97 110 11
98 111 15
99 112 15
100 113 5
101 114 5
102 115 10
103 116 15
104 117 1
105 118 12
106 119 2
107 120 11
108 121 7
109 122 4
110 123 3
111 124 1
112 124 11
113 125 15
114 126 8
115 127 7
116 128 6
117 128 2
118 129 15
119 130 13
120 131 14
121 132 12
122 133 12
123 134 12
124 135 9
125 136 9
126 137 12
127 138 8
127 139 13
128 140 15
129 141 3
129 142 14
129 143 6
130 144 4
130 145 9
130 146 8
131 147 7
132 148 5
133 149 12
134 150 10
135 151 2
136 152 12
137 153 7
138 154 3
139 155 6
140 156 12
141 157 6
142 157 6
143 158 3
144 159 4
145 160 15
146 160 3
147 161 11
148 162 14
149 163 13
150 164 14
150 165 13
151 166 8
151 167 11
152 168 3
153 169 5
153 170 8
153 171 12
154 172 4
155 173 5
155 174 3
156 175 11
157 176 12
158 177 3
159 178 11
160 179 13
160 180 10
161 181 10
162 182 8
163 183 11
164 183 4
165 184 4
166 184 1
167 185 4
168 186 10
169 187 5
170 187 11
171 188 13
172 189 6
173 190 10
174 191 10
175 192 9
176 192 9
177 193 2
178 194 1
179 194 10
180 195 14
181 196 6
182 197 4
183 198 5
184 199 4
185 200 2
186 201 3
186 202 13
187 203 2
188 204 14
189 205 3
190 206 10
191 207 3
192 208 15
192 209 11
193 210 15
194 211 1
195 212 3
196 213 11
197 214 11
198 215 4
199 216 14
200 217 6
201 218 1
202 218 7
203 219 13
204 219 3
205 220 7
206 221 3
207 222 4
208 223 5
209 224 15
210 225 6
211 226 8
212 227 3
213 228 15
214 228 15
215 229 2
216 230 1
217 231 13
218 231 1
219 232 3
220 233 12
221 234 11
222 235 2
223 236 8
224 236 11
225 237 9
226 237 1
227 238 11
228 239 2
229 240 3
230 241 14
231 242 12
232 243 14
233 243 11
234 244 9
235 245 12
236 246 14
237 247 4
238 248 9
239 249 3
240 250 10
240 251 15
240 252 13
241 253 9
241 254 12
241 255 9
242 256 7
242 257 15
243 258 6
243 259 13
244 260 10
244 261 13
244 262 6
245 263 7
246 264 5
246 265 14
246 266 2
246 267 10
247 268 12
247 269 15
248 270 10
248 271 8
249 272 13
249 273 9
249 274 11
250 275 1
251 275 7
252 275 4
253 275 1
254 275 11
255 275 13
256 276 9
257 276 4
258 276 11
259 276 12
260 276 6
261 277 13
262 277 14
263 277 4
264 278 8
265 278 8
266 278 12
267 278 2
268 278 14
269 278 9
270 279 10
271 279 5
272 280 7
273 280 7
274 280 9
275 281 15
275 282 1
275 283 14
276 284 13
276 285 3
277 286 2
277 287 8
277 288 7
278 289 7
278 290 15
279 291 14
279 292 3
280 293 6
281 294 8
282 295 15
283 296 7
284 296 10
285 297 3
286 298 2
287 299 7
288 299 3
289 300 7
290 301 9
291 302 11
292 302 8
293 303 9
294 304 13
295 305 8
296 306 14
297 307 1
297 308 12
298 309 8
298 310 4
299 311 1
300 312 13
301 313 3
302 314 3
303 315 11
304 316 6
305 317 1
306 318 9
307 318 13
308 319 1
309 320 3
310 321 6
311 322 13
312 323 7
313 324 2
314 325 8
315 326 7
316 327 10
317 327 11
318 328 8
319 329 12
320 329 1
321 330 8
322 331 4
323 332 8
324 333 6
325 334 14
326 334 9
327 335 12
327 336 11
327 337 5
327 338 9
328 339 8
328 340 14
329 341 13
330 342 15
331 343 12
331 344 13
332 345 3
332 346 5
333 347 6
334 348 15
335 349 15
336 350 10
337 351 15
338 352 9
339 353 4
340 353 12
341 354 7
342 355 5
343 356 9
344 357 9
345 358 15
346 359 7
347 360 9
348 360 4
349 361 3
350 362 3
351 363 10
352 364 8
353 365 14
354 366 10
355 367 15
356 368 6
357 369 2
358 370 14
359 371 14
360 372 6
361 373 3
361 374 8
362 375 2
363 376 4
364 377 5
365 378 10
365 379 2
365 380 3
366 381 6
366 382 7
367 383 2
368 384 14
369 385 4
370 386 8
371 387 3
372 388 8
373 389 7
374 389 3
375 389 7
376 390 5
377 391 7
378 392 8
379 393 7
380 394 15
381 395 8
382 396 12
383 397 15
384 398 12
385 399 6
386 399 2
387 399 2
388 400 15
389 401 2
390 402 8
391 403 10
391 404 11
392 405 12
392 406 6
393 407 11
394 408 4
395 409 5
396 410 1
397 411 10
398 412 15
399 413 12
400 414 15
401 415 15
402 416 14
403 417 2
404 417 15
405 418 3
406 419 4
407 420 6
408 421 7
409 421 6
410 422 14
411 423 5
412 423 3
413 424 8
414 425 2
415 426 5
416 427 1
417 428 12
418 429 6
419 430 14
420 431 8
421 432 2
422 433 6
423 434 12
424 435 4
425 436 8
426 437 7
427 438 4
428 438 4
429 439 1
430 440 13
431 441 14
432 442 14
433 443 12
434 444 6
435 445 1
436 445 11
437 446 10
437 447 7
438 448 3
439 449 8
439 450 8
440 451 8
440 452 13
441 453 8
442 454 10
442 455 9
443 456 15
444 457 14
445 458 10
446 459 8
447 460 14
448 461 2
449 462 15
450 462 11
451 463 7
452 464 6
453 464 15
454 465 2
455 465 13
456 466 9
457 467 13
458 468 3
459 469 3
460 470 7
461 471 13
462 471 14
463 472 3
464 473 1
465 474 4
466 475 1
467 476 7
468 477 9
469 478 13
470 479 14
471 480 12
472 481 13
472 482 4
473 483 8
473 484 5
473 485 4
474 486 12
475 487 6
476 488 5
476 489 5
477 490 1
478 491 13
479 492 15
480 493 14
481 494 11
482 494 7
483 495 6
484 496 2
485 497 6
486 498 7
487 498 15
488 499 2
489 499 1
490 499 1
491 500 12
492 500 3
493 500 1
494 500 9
495 500 1
496 500 15
497 500 6
498 500 10
499 500 14
