1 2 61
1 3 52
1 4 72
2 5 10
2 6 36
2 7 65
3 8 21
3 9 45
3 10 22
4 11 30
4 12 34
4 13 56
4 14 21
5 15 36
6 16 56
7 17 27
8 18 34
9 19 5
10 20 53
11 21 30
11 22 57
12 23 55
13 24 49
14 25 33
15 26 11
16 27 10
17 28 14
17 29 33
18 30 20
19 31 30
20 32 56
21 33 17
22 34 12
23 35 71
23 36 23
24 37 58
25 38 54
25 39 3
26 40 62
26 41 45
27 42 53
27 43 8
28 44 74
29 45 77
30 46 40
30 47 4
31 48 19
32 49 44
33 50 56
34 51 69
35 52 49
36 53 73
37 54 51
38 55 33
39 56 29
40 57 59
41 58 12
42 59 27
43 59 4
44 60 64
45 60 68
46 61 47
47 62 66
48 63 20
49 64 60
50 64 27
51 65 14
52 66 39
53 67 32
54 68 10
55 69 26
56 70 37
57 71 79
58 72 61
59 73 33
59 74 11
60 75 74
61 76 75
62 77 68
63 78 5
64 79 74
65 80 58
66 81 49
67 82 68
68 83 44
69 84 53
70 85 19
71 86 47
72 87 73
73 88 9
74 89 21
75 90 61
76 91 72
77 92 27
78 93 38
79 93 56
80 94 26
81 95 42
82 96 25
83 97 12
84 98 74
85 99 60
86 100 47
87 101 77
88 102 25
89 103 32
90 104 36
91 105 24
92 106 4
93 107 44
94 108 38
95 109 38
96 110 9
97 111 59
98 112 19
99 113 28
100 114 13
101 114 23
102 115 3
103 115 13
104 115 30
105 116 57
106 117 14
107 117 77
108 118 48
109 119 29
110 120 6
111 121 50
112 122 70
113 123 8
114 124 71
114 125 19
115 126 14
116 127 23
116 128 71
116 129 6
117 130 30
117 131 40
118 132 72
119 133 40
119 134 38
120 135 62
120 136 35
121 137 16
121 138 10
121 139 11
122 140 18
123 141 8
123 142 62
124 143 22
125 144 48
126 144 7
127 145 23
128 146 55
129 147 24
130 147 57
131 148 67
132 149 37
133 149 16
134 150 60
135 151 42
136 152 77
137 153 9
138 154 58
139 155 23
140 156 67
141 156 27
142 157 40
143 158 28
144 159 51
145 160 19
146 161 19
147 162 29
148 163 79
149 164 19
150 165 75
151 166 20
152 167 58
153 168 7
154 169 39
155 170 73
156 171 72
157 172 76
158 173 44
159 174 16
160 175 4
161 176 29
162 177 38
163 178 3
164 178 3
165 179 70
166 179 63
167 180 15
168 181 59
169 182 43
170 183 23
171 184 56
172 185 61
173 186 3
174 187 78
175 188 73
176 188 28
177 189 13
178 190 47
179 191 22
180 192 7
181 193 7
182 193 12
183 194 56
184 195 36
185 196 24
186 197 51
186 198 69
187 199 59
187 200 70
188 201 17
188 202 52
188 203 26
189 204 62
189 205 43
190 206 72
191 207 59
191 208 54
192 209 47
193 210 32
193 211 2
194 212 43
195 213 6
196 214 46
196 215 65
197 216 33
198 217 46
199 218 74
200 219 68
201 220 10
202 221 65
203 221 79
204 222 15
205 223 10
206 224 62
207 225 68
208 225 8
209 226 53
210 226 19
211 227 38
212 228 17
213 229 40
214 230 51
215 231 22
216 232 14
217 233 42
218 234 18
219 235 41
220 236 69
221 237 55
222 238 33
223 239 59
224 240 32
225 241 42
226 242 59
227 243 60
228 244 19
229 245 78
230 246 64
231 247 68
232 248 7
233 249 29
234 249 56
235 249 3
236 250 59
237 251 67
238 252 50
239 253 5
240 254 41
241 255 9
242 256 76
243 257 18
244 258 37
245 259 54
246 260 46
247 261 6
248 262 25
249 263 1
250 264 1
251 265 36
252 266 68
253 267 18
254 267 37
255 268 41
256 269 16
257 270 64
258 271 76
259 272 76
260 273 52
261 274 8
262 275 1
263 276 72
264 277 59
265 278 58
266 279 20
267 280 48
268 281 79
269 282 54
270 283 26
271 284 50
272 285 6
273 286 75
274 287 53
275 288 22
275 289 54
276 290 68
277 291 62
278 292 72
279 293 17
280 294 31
281 295 22
281 296 2
282 297 64
283 298 74
283 299 5
284 300 22
285 301 13
285 302 36
286 303 4
287 304 39
288 305 52
289 306 43
290 306 3
291 307 16
292 308 55
293 309 67
294 310 10
295 310 78
296 311 74
297 312 62
298 313 59
299 313 71
300 314 19
301 315 6
302 316 47
303 317 8
304 318 1
305 319 34
306 320 64
307 321 36
308 322 13
309 323 79
310 323 3
311 324 48
312 324 19
313 325 20
314 326 7
315 327 46
316 327 4
317 328 79
318 329 46
319 330 55
319 331 65
320 332 74
321 333 38
322 334 9
322 335 65
323 336 32
323 337 61
324 338 79
325 339 19
326 340 65
326 341 7
327 342 43
328 343 23
329 344 5
330 345 40
331 346 28
332 346 76
333 347 70
334 348 60
335 348 5
336 349 3
337 349 44
338 350 19
339 350 54
340 350 5
341 351 74
342 351 6
343 351 40
344 352 24
345 353 32
345 354 29
346 355 53
346 356 58
347 357 65
347 358 29
347 359 45
347 360 12
348 361 22
348 362 3
348 363 63
349 364 32
349 365 17
349 366 34
349 367 32
350 368 30
350 369 44
350 370 34
350 371 50
351 372 30
351 373 76
352 374 55
352 375 63
352 376 46
353 377 23
353 378 28
354 379 47
354 380 14
354 381 61
355 382 62
355 383 51
356 384 69
356 385 11
356 386 45
357 387 45
357 388 25
358 389 31
358 390 8
358 391 11
359 392 32
359 393 36
359 394 58
360 395 15
360 396 20
360 397 79
360 398 64
361 399 73
362 400 55
362 401 56
363 402 2
363 403 19
364 404 25
364 405 8
365 406 55
366 407 41
366 408 40
367 409 59
368 410 77
368 411 76
369 412 31
369 413 56
370 414 1
370 415 78
371 416 71
371 417 46
372 418 62
372 419 10
373 420 64
373 421 56
374 422 71
374 423 64
374 424 77
375 425 3
375 426 1
376 427 38
377 428 74
378 428 55
379 428 70
380 428 22
381 428 18
382 429 17
383 429 14
384 430 64
385 430 36
386 430 18
387 431 49
388 431 79
389 431 28
390 431 5
391 432 57
392 432 37
393 432 14
394 432 4
395 432 20
396 432 79
397 432 61
398 433 28
399 433 54
400 433 76
401 433 63
402 433 57
403 433 20
404 434 27
405 434 20
406 434 9
407 435 29
408 435 19
409 436 71
410 436 5
411 436 76
412 436 56
413 437 53
414 437 22
415 438 25
416 439 43
417 439 52
418 439 21
419 439 74
420 439 13
421 440 64
422 440 61
423 440 60
424 440 15
425 440 2
426 440 29
427 440 11
428 441 8
429 442 37
430 443 11
431 444 64
432 445 16
433 446 22
434 447 50
435 448 21
436 449 17
437 450 7
438 450 51
439 451 78
440 452 40
441 453 53
442 454 35
443 455 59
444 456 38
445 457 12
446 457 11
447 458 9
448 458 16
449 459 78
450 459 40
451 460 4
452 461 4
453 462 29
454 463 75
454 464 37
454 465 63
455 466 30
455 467 8
456 468 7
457 469 11
457 470 3
458 471 44
458 472 13
458 473 55
459 474 48
459 475 52
460 476 60
460 477 51
461 478 24
461 479 10
462 480 13
463 481 60
464 482 37
465 483 61
466 483 26
467 484 11
468 485 66
469 486 68
470 487 40
471 488 51
472 489 6
473 489 30
474 490 56
475 490 67
476 491 62
477 492 17
478 493 79
479 494 25
480 495 18
480 496 33
481 497 16
482 498 68
483 499 75
484 500 52
485 501 73
486 502 16
487 503 2
488 504 55
489 505 29
490 506 71
491 507 76
491 508 36
492 509 16
492 510 74
493 511 12
494 512 64
494 513 69
495 514 57
496 514 33
497 515 59
498 515 78
499 515 2
500 516 76
501 516 17
502 517 37
503 517 54
504 518 31
505 518 53
506 519 5
507 519 52
508 519 26
509 520 14
510 521 10
511 521 49
512 522 8
513 523 53
514 524 16
514 525 4
514 526 33
514 527 75
515 528 77
515 529 16
516 530 24
516 531 53
517 532 7
517 533 26
518 534 14
518 535 19
518 536 73
519 537 29
520 538 21
520 539 70
520 540 30
521 541 70
521 542 30
522 543 39
523 544 42
524 545 32
525 546 48
526 547 30
527 548 77
528 549 36
529 550 35
530 551 19
531 551 70
532 552 49
533 553 44
534 554 27
535 555 13
536 556 17
537 557 5
538 558 4
539 559 71
540 560 60
541 561 3
542 562 78
543 562 25
544 563 25
545 564 5
546 565 4
547 566 76
548 567 40
549 568 49
550 569 58
551 570 42
552 571 8
553 572 31
554 572 21
555 573 74
556 574 64
557 574 17
558 575 19
559 576 14
560 577 56
561 578 25
562 578 8
563 579 22
564 580 65
565 581 10
566 582 49
567 583 48
568 583 40
569 584 32
570 585 45
571 585 71
572 586 49
573 587 34
574 588 43
575 588 54
576 589 65
577 590 79
578 590 3
579 590 40
580 591 71
581 592 33
581 593 58
582 594 69
582 595 73
583 596 34
584 597 37
585 598 23
585 599 74
586 600 21
587 601 4
588 602 3
588 603 54
589 604 65
589 605 47
590 606 43
591 607 41
592 608 6
593 609 73
594 609 57
595 610 25
596 611 16
597 611 20
598 612 19
599 613 63
600 613 32
601 614 76
602 614 59
603 615 26
604 616 77
605 617 20
606 618 65
607 619 51
607 620 43
608 621 27
609 622 76
610 623 40
610 624 51
611 625 5
611 626 36
612 627 65
612 628 25
613 629 55
614 630 44
615 631 28
615 632 4
616 633 38
617 634 64
618 635 75
619 636 32
620 637 41
621 638 49
622 639 27
623 640 75
624 641 43
625 642 35
626 643 27
627 644 54
627 645 45
628 646 52
629 647 66
629 648 14
630 649 58
631 650 56
632 651 55
632 652 46
633 653 2
634 654 13
634 655 12
635 656 27
636 657 23
637 658 49
638 659 69
639 659 42
640 660 42
641 661 18
642 662 56
643 663 1
644 664 70
645 665 54
646 666 2
647 666 27
648 666 20
649 666 47
650 667 78
651 668 53
652 669 37
653 670 6
654 670 63
655 671 52
656 672 66
657 673 49
658 673 50
659 674 58
660 674 19
661 675 53
662 675 58
663 675 39
664 676 47
665 676 43
666 677 44
667 678 69
668 679 1
669 680 37
670 681 65
671 681 64
672 682 8
673 683 2
674 684 8
675 685 11
675 686 59
676 687 32
677 688 67
678 689 39
679 690 22
680 691 46
680 692 73
681 693 34
682 694 42
683 695 12
684 696 9
685 697 17
686 698 70
687 698 4
688 699 36
689 700 9
690 701 12
691 702 4
692 702 6
693 703 52
694 704 58
695 705 56
696 706 44
697 707 31
698 708 78
699 709 23
699 710 15
700 711 77
701 712 18
701 713 25
701 714 69
702 715 79
703 716 78
704 717 40
705 718 76
706 719 50
707 720 26
708 721 12
709 722 27
710 723 33
711 724 48
712 725 54
713 726 10
713 727 73
714 728 1
715 729 51
715 730 5
716 731 31
716 732 26
717 733 38
718 734 30
719 735 66
720 736 14
721 737 18
722 738 53
723 739 9
724 739 55
725 740 25
726 741 72
727 742 24
728 742 45
729 743 27
730 744 46
731 745 11
732 746 48
733 747 19
734 748 39
735 749 49
736 750 2
737 751 15
738 751 1
739 751 56
740 751 66
741 752 21
742 752 40
743 753 4
744 753 49
745 754 18
746 754 12
747 755 32
748 756 45
748 757 24
749 758 58
749 759 30
749 760 79
750 761 47
751 762 53
751 763 12
752 764 45
752 765 47
753 766 59
753 767 41
753 768 4
754 769 60
755 770 44
756 771 52
757 772 29
758 772 74
759 773 31
760 774 25
761 774 53
762 775 75
763 775 35
764 776 22
765 777 73
766 777 52
767 778 11
768 778 77
769 779 21
770 779 39
771 780 31
771 781 36
771 782 1
772 783 17
772 784 34
773 785 51
773 786 71
773 787 24
773 788 1
774 789 52
775 790 24
776 791 34
776 792 35
776 793 16
776 794 35
777 795 65
778 796 31
778 797 57
779 798 36
779 799 12
780 800 14
781 800 32
782 800 53
783 800 48
784 800 59
785 800 58
786 800 11
787 800 59
788 800 58
789 800 68
790 800 36
791 800 74
792 800 72
793 800 2
794 800 29
795 800 34
796 800 55
797 800 61
798 800 41
799 800 54
