3 4 5 8
8 4 7 5
17 15 18 10
13 20 14 25
10 18 13 8
22 20 25 22
2 6 3 3
1 1 2 1
10 12 17 18
11 14 20 12
11 7 10 8
19 21 13 12
21 11 17 25
2 3 3 2
2 2 1 2
16 8 15 9
15 13 15 21
10 20 19 12
15 14 6 12
16 21 11 19
9 6 13 13
8 8 3 5
5 3 5 4
17 14 18 16
10 7 12 13
1 1 2 1
6 6 5 3
13 11 11 17
4 4 2 3
5 4 8 5
19 12 14 20
19 11 30 13
8 19 8 19
9 3 8 3
22 12 25 20
13 8 13 10
20 25 11 20
2 2 2 2
25 16 15 11
2 3 3 2
13 15 5 6
11 8 6 10
1 1 2 3
15 14 23 10
13 27 24 20
22 14 18 10
20 9 17 22
6 4 4 6
9 18 7 19
27 14 12 11
