1 2 40
1 3 27
1 4 65
2 5 10
2 6 7
2 7 28
2 8 34
2 9 2
3 10 58
3 11 23
3 12 46
4 13 22
4 14 53
4 15 43
4 16 45
4 17 19
5 18 49
6 19 31
7 20 51
8 21 58
9 22 40
9 23 25
9 24 35
10 25 28
11 26 9
12 27 41
13 28 59
14 29 45
14 30 49
15 31 67
16 32 27
17 33 1
18 34 57
19 35 67
20 36 37
21 36 11
22 37 46
23 38 43
24 39 43
25 40 21
26 41 44
27 41 63
28 42 3
29 42 65
30 42 48
31 43 8
32 44 55
33 44 33
34 45 41
34 46 43
35 47 32
36 48 13
37 49 53
38 50 17
39 51 8
40 52 14
40 53 69
41 54 49
41 55 41
42 56 14
43 57 34
44 58 7
44 59 65
44 60 43
44 61 42
45 62 38
46 63 7
47 64 42
48 65 10
49 65 44
50 66 45
51 66 39
52 67 9
53 68 2
54 69 29
55 70 49
56 71 44
57 72 67
58 73 51
59 74 35
60 75 50
61 76 18
62 77 33
63 78 11
64 79 54
65 80 8
66 81 19
66 82 69
67 83 18
68 84 16
69 85 65
70 86 25
71 87 64
72 88 4
73 89 2
74 90 61
75 91 27
76 92 66
77 93 30
78 94 53
79 95 13
80 96 57
81 97 22
82 98 27
83 99 5
84 100 43
85 101 25
86 102 64
87 103 13
88 104 61
89 105 20
90 106 57
91 107 47
92 108 6
93 109 41
94 110 22
95 111 18
96 112 1
97 113 10
98 114 7
99 115 36
100 116 67
101 117 5
102 118 4
103 119 52
104 120 21
104 121 46
105 122 47
106 123 5
107 124 10
108 125 36
109 126 41
110 126 7
111 127 48
112 128 20
113 129 21
114 130 54
115 131 17
116 132 32
117 133 27
118 134 42
119 135 10
120 136 22
121 137 66
122 138 6
123 139 2
124 140 10
125 140 55
126 141 24
127 142 26
128 143 52
129 144 65
130 145 3
131 146 34
131 147 8
132 148 19
132 149 65
132 150 56
133 151 8
134 152 34
135 153 5
136 154 66
137 155 20
138 156 49
139 157 2
139 158 19
140 159 34
141 160 39
142 161 67
143 162 12
144 163 35
145 164 59
146 164 43
147 165 48
148 166 30
149 167 7
150 167 63
151 168 16
152 169 31
153 170 7
154 170 17
155 171 64
156 171 52
157 172 34
158 173 10
159 174 29
160 175 19
161 176 47
162 177 17
163 178 39
164 179 30
165 180 44
166 180 12
167 181 32
168 181 9
169 182 7
170 183 6
171 184 50
172 184 8
173 185 54
174 186 35
175 187 55
175 188 27
176 189 50
176 190 17
177 191 22
177 192 39
177 193 36
177 194 58
178 195 55
179 196 47
180 197 9
181 198 31
181 199 21
182 200 41
183 201 68
183 202 41
183 203 15
184 204 47
185 205 37
186 206 59
187 207 47
188 207 47
189 208 7
190 208 43
191 209 39
192 209 21
193 209 60
194 210 59
195 211 17
196 211 13
197 211 20
198 212 8
199 212 17
200 212 38
201 213 10
202 214 41
203 214 35
204 214 68
205 215 6
206 215 66
207 216 20
208 217 64
209 218 22
210 219 46
211 220 62
212 221 61
213 222 19
214 223 30
215 224 31
216 225 18
217 226 33
217 227 31
217 228 58
218 229 12
219 230 46
220 231 13
221 232 65
221 233 45
222 234 48
222 235 30
222 236 65
223 237 12
223 238 45
224 239 62
225 240 55
225 241 14
225 242 53
226 243 69
226 244 67
227 245 52
227 246 33
227 247 8
227 248 58
227 249 58
228 250 43
228 251 24
229 252 60
230 253 40
231 254 56
232 255 63
233 256 12
234 257 55
235 258 5
236 259 58
237 260 39
238 261 58
239 262 14
240 263 44
241 264 3
242 265 68
243 265 42
244 265 48
245 266 46
246 266 58
247 266 52
248 267 35
249 267 15
250 268 34
251 269 17
252 269 25
253 270 49
254 271 54
255 272 66
256 273 22
257 273 59
258 274 42
259 274 35
260 274 53
261 274 45
262 275 13
263 276 17
264 277 12
264 278 6
265 279 67
266 280 37
266 281 31
267 282 45
268 283 31
269 284 69
270 285 54
271 286 8
272 287 56
273 288 18
274 289 51
275 290 62
275 291 57
276 292 17
277 293 42
278 294 46
279 295 45
280 296 25
281 297 19
282 298 29
283 299 61
284 300 29
284 301 53
285 302 68
286 303 6
287 304 22
288 305 61
289 306 24
290 307 68
291 308 17
292 309 66
293 310 6
294 311 23
295 311 52
296 312 24
297 313 4
298 313 50
299 314 33
300 315 16
301 316 12
302 316 57
303 317 27
304 318 10
305 319 41
306 320 3
307 321 30
308 322 23
309 323 67
310 324 19
311 325 25
312 326 6
313 327 53
314 328 50
315 329 62
316 330 11
316 331 53
317 332 15
317 333 4
318 334 57
319 335 40
320 336 40
321 337 41
322 338 67
323 339 22
324 340 55
325 341 10
326 341 3
327 342 23
328 343 16
329 344 20
330 344 31
331 345 32
332 346 49
333 347 50
334 347 7
335 348 33
336 349 2
337 350 22
338 351 1
339 352 61
339 353 55
340 354 45
340 355 17
341 356 3
342 357 50
343 358 68
343 359 41
344 360 3
344 361 13
345 362 19
346 363 49
347 364 9
347 365 15
348 366 39
348 367 12
349 368 37
349 369 47
350 370 56
351 371 40
352 372 45
353 373 57
354 374 25
355 374 52
356 375 46
357 376 50
358 377 55
359 378 25
360 379 55
361 379 64
362 379 7
363 380 24
364 381 13
365 381 20
366 382 37
367 382 10
368 383 42
369 384 53
370 385 55
371 385 3
372 386 2
373 387 57
374 388 44
375 389 61
376 390 2
377 391 5
378 392 31
379 392 35
380 393 29
381 394 65
382 395 55
383 396 20
384 397 52
385 398 25
386 399 56
387 400 2
388 401 5
389 402 26
390 403 39
391 404 57
392 405 21
393 406 34
394 407 59
395 408 9
396 408 54
397 409 53
398 410 4
399 411 22
399 412 38
399 413 27
399 414 36
399 415 55
400 416 61
400 417 34
400 418 22
401 419 63
401 420 41
401 421 69
401 422 42
402 423 57
402 424 14
402 425 42
402 426 7
403 427 53
403 428 15
403 429 60
403 430 14
404 431 26
404 432 69
404 433 67
405 434 8
405 435 44
406 436 25
406 437 62
406 438 16
407 439 29
407 440 28
408 441 12
408 442 62
408 443 32
408 444 21
409 445 5
409 446 69
409 447 24
410 448 25
410 449 14
410 450 58
410 451 46
410 452 69
411 453 56
412 453 64
413 453 58
414 453 22
415 453 8
416 454 43
417 454 23
418 454 54
419 455 66
420 455 19
421 455 8
422 455 61
423 456 38
424 456 34
425 456 12
426 456 1
427 457 41
428 457 56
429 458 42
430 458 32
431 459 45
432 459 55
433 459 7
434 459 11
435 460 20
436 460 18
437 460 36
438 460 15
439 461 30
440 461 42
441 461 23
442 461 25
443 462 42
444 463 1
445 464 62
446 464 5
447 464 10
448 464 60
449 464 66
450 464 5
451 464 8
452 464 38
453 465 18
453 466 31
454 467 67
455 468 1
456 469 1
457 470 50
458 471 59
459 472 58
460 473 41
461 474 9
461 475 13
462 476 46
462 477 52
462 478 69
463 479 19
464 480 51
464 481 52
465 482 37
466 483 25
467 484 28
468 485 46
469 486 24
470 487 9
471 488 30
472 489 67
473 490 8
474 491 66
475 492 54
476 493 22
477 494 8
477 495 16
478 496 56
479 497 9
480 498 28
481 499 17
482 500 57
482 501 20
483 502 24
484 503 42
485 504 53
486 505 67
487 506 54
488 507 13
489 508 17
490 509 32
491 510 52
492 511 60
493 512 10
493 513 31
494 514 69
495 515 5
496 516 64
497 517 63
498 518 1
499 519 3
500 520 5
501 521 48
502 522 53
503 522 58
504 523 60
505 524 27
506 525 38
507 526 66
508 527 25
509 528 34
510 529 32
511 530 8
512 531 36
513 531 26
514 532 65
515 533 14
516 534 5
517 535 23
518 536 21
519 537 40
520 538 42
521 539 62
522 540 50
523 541 18
524 542 22
525 542 52
526 543 1
527 544 9
528 544 28
529 545 59
530 546 46
531 547 37
532 548 4
533 549 29
534 550 65
535 551 45
536 552 20
537 552 41
538 553 61
539 554 6
540 555 68
541 556 37
542 557 43
543 558 53
544 559 6
544 560 29
545 561 18
546 562 1
547 563 67
548 564 64
549 565 12
550 566 65
551 567 69
552 568 21
553 569 36
554 570 18
555 571 15
555 572 34
556 573 31
557 574 18
558 575 25
559 576 41
560 577 5
560 578 18
561 579 11
562 580 3
562 581 59
563 582 40
563 583 20
564 584 4
565 585 44
565 586 42
566 587 23
566 588 12
567 589 20
568 590 13
568 591 40
568 592 10
569 593 12
570 594 6
571 594 23
572 595 15
573 596 20
574 596 52
575 596 34
576 597 50
577 597 22
578 598 4
579 598 67
580 599 35
581 599 60
582 600 2
583 601 56
584 602 16
585 603 66
586 603 4
587 603 61
588 603 61
589 604 66
590 605 57
591 605 21
592 605 26
593 606 7
594 607 1
595 608 37
596 609 34
597 610 15
598 611 34
599 612 60
600 613 46
601 614 31
602 615 5
603 616 41
604 617 6
605 618 25
606 619 24
607 620 23
608 621 12
609 622 12
610 623 16
611 624 42
612 625 52
613 626 7
614 627 51
615 628 1
616 629 36
617 630 5
617 631 28
618 632 53
619 633 68
620 634 66
621 635 6
622 636 44
623 637 41
623 638 36
624 639 39
624 640 46
625 641 60
625 642 48
626 643 39
627 644 23
627 645 21
628 646 6
629 647 49
630 648 22
630 649 49
631 650 40
632 651 64
632 652 22
633 653 56
634 654 27
635 655 51
636 655 59
637 656 64
638 656 3
639 657 19
640 658 33
641 659 54
642 660 57
643 660 13
644 661 43
645 661 18
646 661 41
647 662 10
648 663 48
649 664 61
650 664 65
651 665 47
652 665 60
653 666 48
654 667 13
655 668 59
656 669 48
656 670 35
657 671 23
657 672 8
658 673 59
658 674 54
659 675 11
660 676 34
661 677 66
662 678 55
663 679 40
663 680 61
664 681 38
664 682 48
665 683 64
666 684 53
667 685 32
668 686 18
669 687 20
670 688 13
671 688 66
672 688 28
673 689 1
674 690 66
675 691 58
676 692 33
677 692 40
678 692 69
679 693 40
680 694 62
681 695 30
682 695 3
683 695 55
684 696 55
685 697 59
686 698 16
687 699 52
688 700 17
688 701 41
689 702 8
690 703 18
691 704 35
691 705 46
691 706 38
691 707 35
692 708 62
693 709 20
693 710 5
694 711 45
695 712 24
695 713 66
695 714 23
696 715 34
696 716 26
697 717 30
698 718 10
699 719 36
699 720 68
700 721 42
701 722 69
702 723 46
703 724 36
704 725 39
705 726 54
706 727 2
707 728 20
708 729 33
709 730 68
710 731 7
710 732 29
711 733 46
712 734 66
712 735 4
713 736 60
714 737 59
715 738 57
716 739 54
717 740 1
718 741 50
719 742 39
720 743 39
721 744 8
722 745 30
723 745 34
724 746 39
725 747 26
726 748 35
727 749 12
728 750 54
729 751 5
730 752 64
731 753 45
732 754 25
733 755 69
734 755 1
735 756 5
736 756 40
737 757 11
738 758 43
739 759 28
740 759 41
741 760 31
742 761 8
743 762 61
744 763 17
745 764 64
746 765 6
747 765 30
748 766 25
749 766 47
750 766 46
751 767 23
752 767 40
753 768 12
754 768 67
755 769 18
756 770 48
757 771 47
758 772 2
759 773 14
760 774 29
761 775 63
762 776 54
763 777 16
764 778 49
765 779 51
766 780 44
767 781 19
767 782 16
768 783 21
769 784 11
770 785 6
771 786 32
772 787 3
773 788 2
774 789 56
775 790 20
776 791 36
777 792 15
778 793 12
779 794 15
780 795 61
781 796 1
782 797 33
783 798 34
784 799 2
785 800 47
786 801 2
787 802 9
787 803 48
788 804 8
789 805 46
790 806 4
791 807 14
792 808 41
793 809 35
793 810 55
794 811 45
795 812 42
796 813 16
797 814 47
798 815 65
799 816 66
800 817 27
800 818 4
801 819 36
801 820 45
802 821 35
803 822 33
804 822 60
805 822 21
806 823 51
807 823 30
808 824 48
809 825 30
810 826 33
811 827 12
812 827 34
813 827 63
814 828 46
815 829 59
816 830 37
817 830 3
818 831 63
819 832 21
820 833 30
821 834 59
822 835 34
823 836 57
824 837 52
825 838 19
826 838 2
827 839 27
828 840 64
829 841 4
830 842 11
831 843 38
832 844 27
833 845 58
834 846 67
835 847 6
836 848 17
837 849 6
837 850 28
838 851 68
839 852 49
840 853 7
841 854 26
841 855 53
842 856 59
843 857 52
843 858 54
844 859 46
845 860 24
846 861 37
847 862 14
848 862 18
849 863 56
850 864 29
851 864 68
852 865 11
853 866 9
854 867 29
855 867 5
856 868 40
857 869 16
858 870 68
859 871 13
860 872 64
861 873 51
862 874 2
863 875 12
864 876 11
865 877 40
866 878 27
867 879 59
868 880 67
869 881 37
870 882 42
871 883 31
872 884 12
873 885 24
874 886 31
875 887 10
876 888 55
877 889 2
878 890 53
878 891 31
878 892 29
879 893 17
880 894 30
881 895 37
882 896 26
883 897 27
883 898 49
884 899 51
885 900 55
886 900 51
887 900 12
888 900 8
889 900 16
890 900 41
891 900 40
892 900 10
893 900 64
894 900 63
895 900 6
896 900 34
897 900 1
898 900 62
899 900 69
