1 2 36
1 3 18
1 4 13
1 5 76
2 6 68
2 7 29
2 8 4
2 9 6
2 10 67
3 11 72
3 12 32
3 13 29
3 14 21
3 15 19
4 16 69
4 17 12
4 18 19
4 19 60
4 20 54
5 21 63
5 22 72
5 23 33
5 24 16
5 25 9
6 26 4
7 26 75
8 27 5
9 28 1
10 29 65
11 30 17
12 30 7
13 31 39
14 32 49
15 32 25
16 33 47
17 34 65
18 35 48
19 36 27
20 36 56
21 37 43
22 38 1
23 38 4
24 38 13
25 39 56
26 40 70
27 41 21
28 42 59
29 43 37
29 44 11
30 45 74
31 46 47
31 47 39
32 48 69
32 49 31
33 50 47
34 51 37
35 52 25
35 53 67
36 54 33
37 55 20
38 56 15
39 57 55
39 58 61
39 59 52
40 60 71
41 61 66
42 62 66
43 63 24
44 64 74
45 64 56
46 65 5
47 66 61
48 67 48
49 67 17
50 68 5
51 69 74
52 70 5
53 71 67
54 72 68
55 72 74
56 73 76
57 74 53
58 75 75
59 76 19
60 77 4
61 78 25
62 79 43
63 80 74
64 81 71
65 82 53
66 83 55
67 84 29
68 85 12
69 86 75
70 87 12
71 88 1
72 89 31
73 90 71
74 91 21
75 92 28
76 93 10
77 94 54
78 95 5
79 96 26
80 97 61
81 98 40
82 99 73
83 100 33
84 101 56
85 101 13
86 102 52
87 103 14
88 103 38
89 104 71
90 105 31
91 106 62
92 107 73
93 108 1
94 109 39
95 110 53
96 111 70
97 112 13
97 113 10
98 114 48
99 115 48
100 116 48
101 117 48
102 118 65
102 119 58
103 120 55
104 121 52
105 122 77
106 123 58
107 124 26
108 125 16
109 126 43
110 126 27
111 127 20
112 128 14
113 129 40
114 130 15
115 131 52
116 131 74
117 131 19
118 132 17
119 133 70
120 134 22
121 134 46
122 135 71
123 136 65
124 137 9
125 138 16
126 139 20
127 139 75
128 140 51
129 141 20
130 142 26
131 143 66
132 144 79
133 145 54
134 146 48
135 147 10
136 148 43
137 149 23
138 150 36
139 151 73
140 152 57
141 153 16
142 154 34
143 155 29
144 155 28
145 155 41
146 155 70
147 156 34
148 157 54
149 157 50
150 158 36
151 159 8
151 160 57
151 161 65
151 162 23
152 163 5
152 164 60
153 165 55
154 166 69
154 167 29
155 168 9
155 169 36
155 170 1
155 171 57
155 172 11
156 173 57
156 174 14
157 175 73
157 176 10
158 177 58
158 178 14
158 179 18
159 180 72
160 180 37
161 181 58
162 182 65
163 182 58
164 183 59
165 184 29
166 185 39
167 186 35
168 186 69
169 187 29
170 187 56
171 188 24
172 189 40
173 190 11
174 191 20
175 192 71
176 192 26
177 193 54
178 193 15
179 194 69
180 195 4
181 195 48
182 195 17
183 196 10
184 197 43
185 198 5
186 199 58
187 200 62
188 200 33
189 201 19
190 201 19
191 202 55
192 203 45
193 203 33
194 204 56
195 205 20
196 206 5
197 207 51
197 208 70
197 209 43
198 210 67
199 211 33
199 212 16
200 213 12
201 214 73
201 215 12
202 216 60
203 217 21
203 218 48
203 219 22
203 220 39
204 221 54
205 222 41
206 223 38
207 224 67
208 225 24
209 226 62
210 227 6
211 228 6
212 229 64
213 230 13
214 231 28
215 232 21
216 233 35
217 234 3
218 235 13
219 236 40
220 237 11
221 238 5
222 239 79
223 240 71
224 241 58
225 241 45
226 242 27
227 243 64
228 244 66
229 244 26
230 245 32
231 246 27
232 247 44
233 248 28
234 249 14
235 249 70
236 250 31
237 251 71
238 251 10
239 252 9
239 253 17
240 254 1
241 255 11
242 256 37
243 257 61
243 258 32
244 259 55
245 260 63
245 261 48
246 262 35
246 263 9
247 264 1
247 265 11
248 266 33
248 267 24
248 268 17
249 269 23
250 270 54
251 271 37
252 272 62
253 273 18
254 274 44
255 274 1
256 275 50
257 275 20
258 276 60
259 277 65
260 278 68
261 279 47
262 279 39
263 280 41
264 281 22
265 282 68
266 283 78
267 284 33
268 285 61
269 286 13
270 287 73
271 288 15
272 289 68
273 290 68
274 291 49
275 292 69
275 293 16
276 294 11
277 295 51
278 296 33
279 297 24
280 298 29
281 299 25
282 300 11
283 301 50
284 302 4
285 303 46
286 304 50
287 305 57
288 306 9
289 307 18
290 308 13
291 309 23
292 310 9
293 311 53
294 312 69
295 313 41
296 314 67
297 315 29
298 316 14
299 317 77
300 318 74
301 319 32
302 320 28
303 320 44
304 321 15
305 322 47
306 323 45
307 324 18
308 325 31
309 326 56
310 327 27
311 328 36
312 329 19
313 330 5
314 331 71
314 332 43
314 333 22
315 334 48
315 335 4
315 336 17
316 337 19
317 338 47
317 339 38
318 340 46
318 341 5
319 342 71
320 343 75
321 344 17
321 345 23
322 346 42
323 347 8
324 348 52
325 348 15
326 349 18
327 349 30
328 350 55
329 351 64
330 352 2
331 353 45
332 353 57
333 354 42
334 354 48
335 354 67
336 355 1
337 355 8
338 355 43
339 356 43
340 356 14
341 357 15
342 358 15
343 359 75
344 360 14
345 361 71
346 362 65
347 363 31
348 364 44
349 365 54
350 366 42
351 367 34
352 368 53
353 369 75
354 370 55
355 371 27
356 372 74
357 373 78
358 374 58
359 375 18
360 376 6
361 377 77
362 378 14
363 379 64
364 380 9
365 381 4
366 382 50
367 383 22
368 384 73
369 385 23
370 386 36
371 387 34
372 388 29
373 389 59
373 390 20
373 391 72
374 392 37
375 393 65
376 394 67
377 395 71
378 396 66
378 397 59
379 398 25
380 399 49
381 400 31
382 401 70
383 402 24
384 403 55
385 404 3
386 404 33
387 405 52
388 406 57
389 407 20
390 408 40
391 409 17
392 410 43
393 411 78
394 412 72
395 413 21
396 414 75
397 415 71
398 416 63
399 417 65
400 418 65
401 419 66
402 420 68
402 421 47
403 422 16
404 423 51
404 424 7
404 425 64
404 426 52
405 427 51
405 428 15
406 429 43
407 430 26
407 431 39
407 432 28
408 433 39
408 434 26
409 435 42
410 436 20
410 437 65
411 438 19
411 439 18
411 440 17
412 441 23
412 442 60
413 443 28
413 444 28
413 445 5
414 446 70
414 447 73
414 448 73
414 449 31
415 450 27
415 451 35
416 452 60
417 453 70
418 453 45
419 454 1
420 455 30
421 455 10
422 456 75
423 456 69
424 456 74
425 456 48
426 457 17
427 457 73
428 458 36
429 458 22
430 458 31
431 459 28
432 460 4
433 460 40
434 461 71
435 461 7
436 462 18
437 462 13
438 462 58
439 463 44
440 463 3
441 463 34
442 464 40
443 464 10
444 464 63
445 464 33
446 465 71
447 466 66
448 466 73
449 467 78
450 467 72
451 467 44
452 467 22
453 468 2
454 469 2
455 470 71
456 471 55
457 472 7
458 473 18
459 474 42
460 475 55
461 476 64
462 477 11
463 478 53
464 479 53
465 480 72
466 481 5
467 482 22
468 483 76
469 484 74
470 485 75
471 486 72
472 487 67
473 488 71
474 489 15
475 490 40
476 491 66
477 492 46
478 493 46
479 494 71
480 495 30
481 496 69
482 497 33
483 498 30
484 499 71
485 500 39
486 501 78
487 502 57
488 503 50
489 504 53
490 505 44
491 506 9
491 507 68
492 508 55
493 509 9
494 510 6
495 511 78
496 512 39
497 513 20
498 514 53
499 515 62
500 516 49
501 517 38
502 517 57
503 518 19
504 519 56
505 520 2
506 521 65
507 522 42
508 522 51
509 523 33
510 524 20
511 525 6
512 526 39
513 527 26
514 528 3
514 529 3
515 530 39
516 531 50
517 532 17
517 533 22
518 534 47
518 535 8
519 536 77
519 537 21
519 538 48
520 539 56
521 540 71
521 541 31
522 542 78
522 543 18
523 544 41
523 545 46
524 546 54
524 547 4
524 548 18
525 549 24
526 550 29
526 551 33
527 552 13
528 553 57
529 554 5
530 555 17
531 556 48
532 557 8
533 558 5
534 559 47
535 560 16
536 561 46
537 562 57
538 563 40
539 564 38
540 565 13
541 566 52
542 566 43
543 567 37
544 568 17
545 569 65
546 570 10
547 571 20
548 572 58
549 573 51
550 574 5
551 575 61
552 576 75
553 577 42
554 577 63
555 578 74
556 579 73
557 579 38
558 580 20
559 581 43
560 581 7
561 581 74
562 582 52
563 583 58
564 584 40
565 584 4
566 585 1
567 585 21
568 586 6
569 587 54
570 588 7
571 588 53
572 589 12
573 590 25
574 591 3
575 591 43
576 592 77
577 593 17
578 594 27
579 595 58
580 596 52
581 597 10
582 598 26
583 599 70
584 600 19
585 601 8
586 602 38
587 603 39
588 604 50
588 605 10
589 606 30
590 607 54
591 608 39
592 609 26
593 610 45
594 611 40
595 611 11
596 612 29
597 613 66
598 614 25
599 614 54
600 614 55
601 615 12
602 616 19
603 617 4
604 618 28
605 619 13
606 620 21
607 621 69
608 622 76
609 622 14
610 623 20
610 624 33
610 625 29
611 626 15
612 627 65
612 628 34
613 629 20
614 630 53
614 631 62
615 632 33
616 633 14
617 634 43
617 635 12
618 636 6
619 637 42
619 638 39
620 639 21
620 640 39
621 641 42
622 642 59
622 643 14
622 644 17
623 645 25
624 645 18
625 646 41
626 647 55
627 647 12
628 647 1
629 648 49
630 648 21
631 649 41
632 650 54
633 651 26
634 652 12
635 652 35
636 653 75
637 654 19
638 654 69
639 655 31
640 656 57
641 657 79
642 658 50
643 659 29
644 660 10
645 661 26
646 662 1
647 663 72
648 664 72
649 665 56
650 666 17
651 667 2
652 667 29
653 668 14
654 669 29
655 670 64
656 670 46
657 671 41
658 671 36
659 672 39
660 673 15
661 674 2
662 675 64
663 676 41
663 677 30
664 678 68
665 679 68
666 680 21
667 681 3
667 682 7
668 683 22
669 684 9
669 685 49
670 686 72
671 687 53
672 688 59
673 689 54
673 690 12
674 691 77
675 692 71
676 693 74
677 693 57
678 694 37
679 695 22
680 696 41
681 697 9
682 698 39
683 698 38
684 699 36
685 700 17
686 701 36
687 701 4
688 702 70
689 702 28
690 702 73
691 703 10
691 704 46
692 705 33
693 706 66
693 707 9
693 708 11
694 709 18
695 710 77
695 711 50
696 712 73
696 713 65
696 714 46
697 715 9
697 716 43
697 717 75
698 718 56
698 719 31
698 720 16
699 721 10
700 722 74
700 723 76
701 724 76
702 725 68
702 726 72
703 727 4
704 728 44
705 729 8
706 730 51
707 731 40
707 732 64
708 733 37
709 734 58
710 735 28
711 736 60
712 737 23
713 738 75
713 739 48
714 740 19
715 741 54
716 742 9
717 743 77
718 744 65
719 745 42
720 746 59
721 747 44
722 748 66
723 749 38
724 750 75
725 751 75
726 752 22
727 753 28
728 753 54
729 754 24
730 754 18
731 754 54
732 755 29
733 755 34
734 755 25
735 756 7
736 756 37
737 757 53
738 757 3
739 758 36
740 758 46
741 759 27
742 759 30
743 760 39
744 760 52
745 760 16
746 761 34
747 762 6
748 762 58
749 763 64
750 763 73
751 763 3
752 764 18
753 765 21
753 766 73
754 767 53
755 768 63
756 769 43
757 770 41
758 771 69
758 772 73
758 773 68
759 774 1
760 775 76
760 776 57
761 777 76
761 778 26
762 779 53
762 780 40
763 781 18
763 782 36
764 783 1
765 784 4
766 785 20
766 786 59
767 787 43
767 788 24
767 789 11
768 790 21
768 791 49
769 792 73
770 793 61
770 794 72
771 795 30
772 796 3
772 797 34
773 798 18
774 799 50
775 800 11
776 801 69
776 802 72
777 803 48
777 804 10
778 805 47
779 806 65
780 807 43
781 808 23
782 809 63
783 810 33
784 811 18
785 812 5
786 813 52
787 814 16
788 815 33
789 816 7
790 817 11
791 818 68
792 819 2
793 820 40
794 821 6
795 822 9
796 823 8
797 824 30
798 825 8
799 826 21
800 827 22
801 828 49
802 829 62
803 830 11
804 831 49
805 832 39
805 833 55
806 834 19
807 835 10
808 836 57
809 837 8
810 838 30
811 839 12
812 840 44
813 841 59
814 842 36
815 843 5
816 844 39
817 844 75
818 845 48
819 846 10
820 847 20
821 848 16
822 849 43
823 850 42
824 851 14
825 852 51
826 853 15
827 854 47
828 855 70
829 855 39
830 855 45
831 855 9
832 856 57
833 857 38
834 858 15
835 858 75
836 859 58
837 860 43
838 860 54
839 861 61
840 862 2
841 862 8
842 863 5
843 864 30
844 864 50
845 864 25
846 865 72
847 865 50
848 866 15
849 866 33
850 867 43
851 868 33
852 868 67
853 869 9
854 870 15
855 871 54
856 872 59
857 873 37
858 873 64
859 874 16
860 874 62
861 875 4
862 876 37
863 877 36
864 878 21
865 879 45
866 880 77
867 881 4
868 882 48
869 883 30
870 884 45
871 885 62
872 886 55
873 887 35
874 888 58
875 889 23
876 889 74
877 890 14
878 891 4
879 892 72
880 893 36
881 894 69
882 894 14
883 895 31
884 895 8
885 896 71
886 897 28
887 898 3
888 899 8
889 900 55
890 900 46
891 900 72
892 900 13
893 900 48
894 900 37
895 900 42
896 900 3
897 900 35
898 900 26
899 900 50
