1 2 77
1 3 98
1 4 24
1 5 42
2 6 41
2 7 81
2 8 51
2 9 10
3 10 30
3 11 48
3 12 10
3 13 40
3 14 66
4 15 57
4 16 21
5 17 18
5 18 5
6 19 13
7 20 33
7 21 22
7 22 11
8 23 10
9 24 30
10 25 78
10 26 16
11 27 39
11 28 99
12 29 36
13 30 39
14 31 48
15 32 61
16 33 60
17 34 43
17 35 74
18 36 34
19 37 4
20 38 15
21 39 11
22 40 83
23 41 96
24 41 22
25 42 69
26 43 1
27 44 89
28 45 76
29 46 97
30 47 96
31 48 15
32 48 31
33 49 59
34 49 4
35 50 96
36 51 18
37 52 30
38 53 67
39 54 70
40 55 45
41 56 74
42 57 2
43 58 99
43 59 12
43 60 61
43 61 73
44 62 4
44 63 67
45 64 86
46 65 17
46 66 28
46 67 6
47 68 70
47 69 59
48 70 30
48 71 50
49 72 80
49 73 94
50 74 60
50 75 93
51 76 40
51 77 43
52 78 30
53 79 20
54 80 72
55 81 24
56 82 48
57 82 88
58 83 23
59 84 82
60 85 78
61 85 39
62 86 57
63 87 61
64 88 83
65 89 9
66 90 46
67 91 16
68 92 43
69 93 10
70 94 15
71 95 44
72 95 86
73 95 45
74 95 40
75 96 51
76 96 31
77 97 29
78 98 29
79 98 94
80 98 64
81 98 74
82 99 73
83 99 97
84 99 85
85 100 39
86 100 48
87 101 16
88 101 41
89 101 18
90 102 21
91 102 86
92 103 25
93 104 87
94 104 33
95 104 14
96 105 25
97 105 19
98 106 80
98 107 58
98 108 71
99 109 36
99 110 81
99 111 36
100 112 73
101 113 26
101 114 88
101 115 69
101 116 37
101 117 51
102 118 58
103 119 21
103 120 61
104 121 31
105 122 1
105 123 81
105 124 2
106 125 82
107 126 22
108 127 17
109 128 1
110 128 13
111 128 98
112 129 96
113 130 58
114 131 33
115 131 72
116 132 41
117 132 62
118 133 16
119 134 85
120 135 24
121 136 71
122 137 32
123 138 15
124 139 71
125 140 30
126 141 31
126 142 70
127 143 81
128 144 24
129 145 18
130 146 39
131 147 88
132 148 12
133 149 53
134 150 61
135 151 75
136 152 34
137 153 34
138 154 10
139 155 38
140 156 12
141 157 39
142 158 15
143 159 4
144 160 93
145 161 10
146 162 98
146 163 90
147 164 27
148 165 84
149 166 51
150 167 33
151 168 62
152 169 35
153 170 64
154 171 95
154 172 35
155 173 73
156 174 61
156 175 90
157 176 20
158 177 89
159 178 10
160 179 48
160 180 84
161 181 36
162 182 40
163 183 98
164 184 7
164 185 9
165 186 82
165 187 24
166 188 46
166 189 60
167 190 96
168 191 9
168 192 89
169 193 10
169 194 91
170 195 29
171 196 27
172 197 65
173 198 30
174 199 14
175 200 62
176 201 31
177 202 86
178 203 78
179 204 37
180 205 69
181 205 90
182 206 32
183 206 38
184 207 99
185 207 83
186 207 13
187 207 22
188 208 99
189 208 21
190 209 38
191 209 81
192 210 56
193 210 74
194 211 4
195 212 20
196 212 13
197 213 95
198 214 23
199 215 97
199 216 59
199 217 21
200 218 23
201 219 67
202 220 6
203 221 27
204 222 90
205 223 20
205 224 83
206 225 17
207 226 45
208 227 65
208 228 38
209 229 8
210 230 68
211 231 66
211 232 6
211 233 38
212 234 91
212 235 15
213 236 47
213 237 4
214 238 51
214 239 11
214 240 3
215 241 99
216 241 14
217 241 31
218 242 50
219 243 37
220 243 33
221 244 60
222 244 31
223 244 83
224 244 85
225 245 60
226 246 57
227 246 34
228 247 32
229 248 45
230 249 84
231 249 50
232 250 19
233 250 66
234 251 26
235 251 47
236 252 69
237 252 22
238 252 68
239 253 85
240 253 51
241 254 90
242 255 12
243 256 38
244 257 63
245 258 68
246 259 6
246 260 70
247 261 12
248 262 67
248 263 36
249 264 65
249 265 78
250 266 32
251 267 16
252 268 71
253 269 57
254 270 93
255 271 97
256 272 76
257 273 73
258 274 47
259 275 15
260 276 81
261 277 5
262 278 85
263 279 68
264 279 94
265 280 21
266 281 95
267 282 1
268 283 23
269 284 39
270 285 92
271 286 4
271 287 90
272 288 8
273 289 54
274 290 97
274 291 35
274 292 58
275 293 89
276 294 38
276 295 48
277 296 69
278 297 72
278 298 84
279 299 2
280 300 64
281 301 74
282 302 51
283 303 22
283 304 12
284 305 56
284 306 78
285 307 53
286 308 58
287 309 75
288 309 98
289 310 86
290 310 92
291 311 22
292 312 90
293 313 31
294 314 11
295 314 44
296 315 21
297 316 13
298 316 11
299 317 85
300 318 58
301 319 55
302 320 30
303 321 5
304 321 53
305 322 14
306 323 10
307 324 80
308 325 81
309 325 42
310 326 26
311 327 11
312 328 63
313 329 5
314 330 28
315 331 94
316 332 16
317 333 41
318 334 63
319 335 28
320 336 25
321 337 26
322 338 82
323 339 69
324 340 73
325 341 2
326 342 5
326 343 36
326 344 81
327 345 90
328 346 47
328 347 54
329 348 1
330 349 38
330 350 82
331 351 1
332 352 46
332 353 29
333 354 89
333 355 65
334 356 77
335 357 30
336 358 82
336 359 74
337 360 28
338 361 9
338 362 39
339 363 19
339 364 24
340 365 82
341 366 63
342 366 4
343 367 64
344 367 21
345 368 18
346 369 94
347 370 45
348 370 40
349 371 72
350 371 53
351 372 92
352 373 5
353 374 2
354 375 95
355 376 84
356 376 65
357 377 22
358 378 76
359 378 36
360 379 92
361 380 87
362 380 58
363 381 85
364 381 1
365 382 64
366 383 89
367 384 94
368 385 24
369 385 88
370 386 91
371 387 59
372 388 24
373 389 17
374 390 58
375 391 29
376 392 86
377 393 50
378 394 43
379 395 35
380 396 37
381 397 57
382 398 4
383 399 53
384 400 45
385 400 99
386 400 73
387 401 96
388 402 83
389 403 26
390 404 29
391 405 61
392 405 11
393 406 58
394 407 90
395 407 4
396 408 51
397 409 45
398 410 20
399 411 17
400 412 97
401 413 54
401 414 66
402 415 98
402 416 49
403 417 35
404 418 50
404 419 74
404 420 64
405 421 15
406 422 39
407 423 14
408 424 88
409 425 52
410 426 55
410 427 49
410 428 43
411 429 14
411 430 78
411 431 77
411 432 88
412 433 87
412 434 9
412 435 59
412 436 6
412 437 34
413 438 17
413 439 8
413 440 42
414 441 16
414 442 63
414 443 41
414 444 85
414 445 58
415 446 79
415 447 80
415 448 27
416 449 18
416 450 96
417 451 18
417 452 15
418 453 53
418 454 94
418 455 34
418 456 48
418 457 7
419 458 80
419 459 75
419 460 36
420 461 76
420 462 42
421 463 42
421 464 4
421 465 70
422 466 95
422 467 98
422 468 70
423 469 7
423 470 79
423 471 39
423 472 77
424 473 15
424 474 48
424 475 77
424 476 1
424 477 94
425 478 47
425 479 39
425 480 81
425 481 62
425 482 32
426 483 52
427 483 43
428 484 86
429 485 92
430 485 81
431 486 92
432 486 68
433 486 83
434 486 43
435 487 30
436 488 69
437 488 74
438 489 55
439 490 21
440 490 60
441 490 64
442 491 78
443 491 61
444 491 91
445 491 8
446 491 76
447 491 94
448 492 81
449 492 43
450 492 96
451 493 69
452 493 41
453 493 83
454 493 74
455 493 71
456 494 90
457 494 50
458 495 24
459 495 97
460 496 80
461 496 72
462 496 58
463 496 69
464 496 59
465 497 9
466 497 96
467 498 96
468 498 30
469 498 27
470 498 46
471 499 3
472 499 84
473 500 84
474 500 29
475 500 96
476 500 87
477 500 83
478 501 74
479 501 87
480 501 64
481 501 73
482 501 56
483 502 75
484 503 51
485 504 5
486 505 68
487 506 26
488 507 39
489 508 69
490 509 95
491 510 85
492 511 14
493 512 48
494 513 20
495 514 51
496 515 65
497 516 22
498 517 75
499 518 72
500 519 76
501 520 3
502 521 43
503 522 67
504 523 60
505 524 41
506 525 91
506 526 87
507 527 79
508 528 12
509 529 87
509 530 30
510 531 35
511 532 42
511 533 65
512 534 40
513 535 88
514 536 21
515 537 15
516 538 16
517 539 85
518 540 96
519 541 10
520 542 86
521 543 78
522 544 9
523 544 4
524 545 90
525 546 21
526 547 14
527 548 33
528 548 26
529 549 47
530 550 28
531 551 65
532 552 82
533 553 26
534 553 46
535 553 35
536 554 74
537 555 37
538 555 72
539 556 47
540 556 42
541 557 63
542 557 24
543 558 52
544 559 9
545 560 76
546 561 99
547 562 72
548 563 49
549 564 43
549 565 45
550 566 8
551 567 96
551 568 17
551 569 80
552 570 7
553 571 99
554 572 1
555 573 34
556 574 11
557 575 27
558 576 66
559 577 83
560 578 96
561 579 41
562 580 74
563 581 30
564 582 43
565 583 19
566 584 74
567 585 33
568 586 97
569 587 54
570 588 57
571 588 89
572 589 32
573 590 57
574 591 16
575 592 85
576 593 21
577 594 78
578 594 36
579 595 9
580 596 8
581 597 25
582 598 78
583 598 4
584 599 36
585 600 83
586 600 5
587 601 85
588 602 14
589 602 48
590 603 64
591 604 24
592 605 84
593 606 68
593 607 42
593 608 18
594 609 34
595 610 48
596 611 12
597 612 20
598 613 90
599 614 14
599 615 42
600 616 39
601 617 23
602 618 87
603 619 41
604 620 16
605 621 37
605 622 63
606 623 80
607 624 5
608 625 31
609 626 84
610 626 70
611 627 27
612 628 26
613 629 22
614 630 40
615 631 22
616 632 79
617 633 65
618 633 96
619 634 84
620 634 82
621 635 77
622 635 76
623 636 2
624 637 38
625 638 53
625 639 15
626 640 46
627 641 73
628 642 21
629 643 88
629 644 66
630 645 24
630 646 76
631 647 10
631 648 18
632 649 49
633 650 35
634 651 75
634 652 54
635 653 85
636 654 84
637 655 45
638 656 90
639 657 87
640 658 9
640 659 21
641 660 63
642 661 74
643 662 24
644 663 28
644 664 43
645 665 68
645 666 38
646 667 55
647 668 94
648 669 66
648 670 84
649 671 86
650 672 34
650 673 70
651 674 53
652 675 3
653 676 28
654 677 7
655 678 98
656 679 1
657 680 18
658 681 67
659 682 60
660 683 99
661 684 13
662 685 47
663 686 91
664 687 85
665 688 87
666 689 75
667 690 13
668 691 73
669 692 96
670 693 96
671 694 43
672 695 90
673 696 65
674 697 81
675 698 30
676 699 83
677 700 51
678 701 25
679 702 9
680 703 11
681 704 48
682 704 30
683 705 11
684 706 63
685 707 81
686 708 43
687 709 68
688 710 3
689 710 29
690 711 93
691 711 38
692 712 61
693 712 67
694 713 53
695 714 31
696 715 81
697 715 85
698 716 88
699 716 81
700 717 42
701 718 89
702 719 29
703 720 88
704 721 39
704 722 56
705 723 25
706 724 24
707 725 71
708 726 61
709 727 80
710 728 78
711 729 37
712 730 16
713 731 11
713 732 7
714 733 33
715 734 8
715 735 25
716 736 47
717 737 65
718 738 82
719 739 94
720 740 43
721 741 53
722 742 92
723 743 3
724 744 12
725 745 82
726 746 7
726 747 42
727 748 3
728 749 65
728 750 31
729 751 41
730 752 89
731 753 84
732 754 4
733 755 85
734 756 22
734 757 58
735 758 63
735 759 15
736 760 81
737 761 68
738 761 91
739 761 23
740 762 57
741 762 21
742 762 73
743 763 96
744 763 29
745 763 74
746 764 89
747 764 92
748 765 21
749 765 17
750 766 23
751 766 65
752 766 98
753 767 71
754 767 84
755 768 12
756 768 92
757 768 85
758 769 46
759 769 19
760 769 34
761 770 87
761 771 64
761 772 29
762 773 65
762 774 60
762 775 50
763 776 87
763 777 27
764 778 80
764 779 28
765 780 32
765 781 32
765 782 88
765 783 97
766 784 9
766 785 19
767 786 45
768 787 32
769 788 28
769 789 68
769 790 48
769 791 51
770 792 83
771 793 47
772 794 26
773 795 57
774 796 24
775 797 20
776 798 6
777 799 51
778 800 35
779 801 43
780 802 98
781 803 99
782 804 14
783 805 40
784 806 99
785 807 29
786 808 52
787 809 33
788 810 48
789 811 95
790 812 45
791 813 13
792 814 61
793 815 62
794 816 69
795 817 58
796 817 91
797 818 41
798 818 75
799 819 35
800 820 3
801 821 90
802 822 60
803 823 76
804 823 67
805 824 45
806 825 49
807 826 54
808 827 63
809 828 88
810 828 22
811 829 68
812 830 38
813 830 58
814 831 84
815 832 15
816 833 16
817 833 15
818 834 74
819 835 23
820 836 70
821 837 90
822 838 85
823 839 89
824 839 74
825 839 85
826 840 97
827 841 78
828 842 2
829 843 94
830 844 4
831 845 57
832 846 36
832 847 22
832 848 41
833 849 85
834 850 28
835 851 64
835 852 31
836 853 53
837 854 8
838 855 91
839 856 25
840 857 72
840 858 75
841 859 10
842 860 41
843 861 46
844 862 10
845 863 44
846 864 17
847 865 43
848 866 11
849 866 66
850 866 45
851 867 60
852 868 45
853 868 98
854 869 65
855 870 35
856 870 14
857 870 6
858 871 9
859 871 75
860 872 73
861 873 77
862 873 79
863 874 16
863 875 63
864 876 34
865 877 95
866 878 62
867 879 18
868 880 5
869 881 35
870 882 60
871 883 72
871 884 71
872 885 85
873 886 84
874 887 9
875 888 17
876 889 2
877 890 31
878 891 53
879 892 6
880 893 73
881 894 30
882 895 58
883 896 53
884 897 60
885 898 47
886 899 22
887 900 20
888 900 74
889 900 56
890 900 90
891 900 19
892 900 84
893 900 24
894 900 29
895 900 72
896 900 48
897 900 76
898 900 56
899 900 20
