1 2 30
1 3 10
1 4 88
2 5 64
2 6 42
2 7 87
2 8 20
2 9 89
3 10 99
3 11 33
3 12 8
3 13 1
3 14 80
4 15 89
4 16 76
4 17 47
4 18 27
4 19 49
5 20 57
6 21 93
7 21 96
8 22 34
9 23 71
10 24 50
11 25 19
12 26 91
13 26 69
14 27 26
15 27 90
16 28 35
17 29 61
18 30 60
19 30 86
20 31 42
21 32 73
22 33 64
23 34 99
23 35 64
24 36 69
24 37 61
25 38 72
25 39 15
25 40 24
26 41 77
27 42 4
27 43 36
27 44 61
28 45 2
28 46 32
29 47 81
29 48 4
30 49 82
30 50 11
31 51 90
32 52 79
33 53 52
34 54 49
35 55 42
36 55 37
37 56 38
38 56 63
39 57 76
40 58 29
41 59 91
42 60 51
43 61 95
44 62 89
45 63 77
46 63 57
47 64 63
48 65 33
49 66 10
50 67 90
51 68 33
52 69 76
53 70 21
54 71 32
55 72 93
56 73 43
57 74 60
58 75 43
59 76 2
60 77 79
61 78 91
61 79 2
62 80 5
62 81 96
62 82 63
63 83 21
64 84 83
64 85 7
65 86 75
66 87 61
66 88 4
66 89 59
67 90 86
67 91 89
68 92 37
69 92 2
70 93 61
71 94 39
72 95 31
73 96 3
74 96 6
75 97 98
76 97 49
77 98 85
78 98 99
79 99 29
80 100 59
81 101 61
82 101 45
83 101 40
84 102 29
85 103 1
86 104 93
87 104 61
88 104 2
89 104 46
90 105 95
91 105 96
92 106 60
92 107 1
93 108 37
93 109 14
94 110 69
94 111 88
95 112 65
95 113 76
96 114 32
96 115 84
97 116 70
98 117 10
98 118 49
98 119 67
99 120 83
99 121 43
99 122 55
100 123 92
101 124 95
102 125 91
102 126 59
103 127 18
103 128 55
103 129 29
104 130 42
105 131 44
106 132 61
107 132 31
108 133 83
109 133 41
110 133 48
111 133 73
112 134 73
113 134 94
114 135 37
115 135 45
116 136 63
117 137 80
118 137 16
119 138 57
120 138 14
121 139 62
122 140 45
123 141 38
124 141 33
125 141 37
126 142 52
127 143 50
128 144 29
129 144 99
130 144 96
131 144 17
132 145 32
132 146 87
133 147 16
134 148 57
135 149 40
136 150 26
137 151 49
138 152 63
138 153 2
138 154 21
139 155 9
139 156 50
140 157 48
141 158 79
142 159 86
143 160 19
144 161 95
145 162 58
146 162 54
147 162 16
148 163 7
149 164 59
150 165 38
151 166 31
152 167 57
153 168 22
154 168 15
155 169 25
156 170 14
157 171 82
158 172 16
159 173 49
160 174 27
161 175 27
162 176 18
162 177 82
162 178 26
163 179 72
163 180 18
164 181 22
165 182 79
166 183 44
167 184 75
167 185 34
168 186 7
168 187 2
169 188 83
169 189 94
170 190 11
171 191 10
172 192 55
172 193 91
173 194 41
174 195 5
175 196 67
176 197 69
177 198 99
178 199 51
179 200 66
180 201 47
181 202 43
182 203 7
183 204 91
184 205 90
185 206 50
186 206 68
187 207 10
188 208 78
189 209 26
190 210 30
191 211 15
192 212 91
193 213 85
194 214 77
195 215 11
196 216 34
197 217 89
198 217 74
199 218 60
200 219 70
201 220 37
202 221 4
203 222 33
204 223 60
205 223 40
206 224 60
207 225 59
208 226 9
209 227 11
210 228 17
211 229 66
212 229 92
213 230 18
214 231 66
215 232 21
216 233 67
217 234 71
218 235 87
219 236 33
220 237 89
221 238 26
222 239 60
223 240 96
224 241 28
225 242 32
226 243 67
227 244 73
228 245 71
229 246 17
230 247 31
231 248 17
231 249 30
232 250 36
233 251 93
234 252 51
235 253 11
236 254 21
237 254 95
238 255 70
239 256 79
240 257 14
241 258 60
242 259 45
243 260 36
244 261 87
245 262 42
246 263 32
247 264 7
248 265 13
249 266 36
250 267 46
251 268 41
252 269 39
253 270 95
254 271 48
255 272 68
256 273 41
257 274 66
257 275 13
258 276 76
259 277 68
260 278 85
261 279 80
262 280 39
263 281 75
264 282 83
265 283 70
266 284 8
267 285 35
268 286 44
269 287 2
270 288 42
271 289 41
272 290 16
273 291 54
274 292 48
275 293 28
275 294 54
276 295 66
277 296 88
278 297 32
279 298 98
280 299 84
281 300 61
282 301 14
283 302 48
284 303 67
285 304 8
286 305 66
287 306 11
288 307 36
289 308 69
290 309 91
290 310 18
291 311 48
292 312 4
293 313 5
294 314 10
295 315 42
295 316 24
296 317 5
297 318 90
298 319 94
298 320 28
299 321 46
300 322 27
301 323 23
302 324 76
303 325 54
304 326 39
305 327 94
306 328 2
307 328 28
308 329 52
309 330 47
310 330 18
311 331 70
312 332 12
313 333 15
314 334 52
315 334 15
316 335 55
317 335 28
318 336 24
319 336 77
320 337 73
321 337 79
322 337 34
323 338 53
324 338 67
325 339 75
326 340 61
327 340 88
328 341 20
329 342 89
330 343 9
331 344 96
332 345 3
332 346 91
333 347 49
333 348 93
334 349 99
335 350 88
336 351 68
337 352 78
338 353 57
339 354 68
340 355 20
341 356 95
342 357 60
343 358 8
344 359 51
345 360 68
346 361 82
347 362 84
347 363 68
348 364 82
349 365 3
349 366 30
350 367 54
351 368 18
352 369 30
353 370 66
354 371 28
355 372 14
356 373 88
357 374 72
358 375 54
359 376 50
360 377 24
361 378 97
362 379 91
363 380 47
364 381 92
365 382 39
366 383 79
367 384 34
368 385 72
369 386 85
370 387 77
371 388 36
372 389 45
373 390 93
374 391 61
374 392 59
375 393 79
376 394 28
377 395 35
378 396 17
379 397 78
380 398 92
381 399 54
382 400 68
383 401 28
384 402 64
385 403 93
386 404 10
387 405 40
388 406 36
389 407 34
390 408 50
391 409 19
392 410 62
393 411 87
394 412 68
395 413 21
396 414 21
397 415 39
398 416 36
399 417 57
400 418 80
401 419 62
402 420 53
403 421 90
404 422 13
405 423 62
405 424 80
406 425 79
407 426 58
408 427 66
408 428 36
408 429 95
409 430 34
409 431 40
409 432 96
410 433 9
410 434 39
411 435 86
411 436 43
412 437 38
412 438 64
413 439 96
413 440 30
413 441 2
413 442 61
414 443 72
414 444 25
414 445 25
414 446 1
415 447 45
415 448 56
416 449 81
416 450 13
416 451 83
416 452 61
416 453 94
417 454 8
417 455 93
417 456 90
417 457 93
418 458 11
418 459 60
418 460 13
418 461 33
419 462 75
419 463 61
419 464 93
420 465 19
421 466 21
421 467 26
421 468 91
422 469 82
422 470 89
423 471 40
424 472 26
424 473 52
424 474 80
425 475 60
425 476 94
425 477 33
425 478 84
426 479 7
427 480 47
428 480 5
429 480 72
430 480 90
431 480 74
432 481 16
433 481 88
434 481 57
435 482 18
436 482 41
437 482 41
438 482 48
439 483 27
440 483 3
441 483 68
442 483 98
443 484 14
444 484 18
445 484 83
446 484 17
447 484 10
448 485 57
449 485 60
450 486 60
451 486 10
452 487 24
453 488 42
454 488 91
455 488 7
456 488 57
457 489 57
458 490 87
459 490 90
460 490 12
461 490 38
462 491 90
463 491 46
464 491 60
465 492 58
466 492 28
467 492 38
468 492 91
469 492 71
470 492 41
471 493 69
472 493 70
473 494 63
474 494 76
475 494 79
476 494 76
477 495 66
478 495 3
479 496 21
480 497 12
480 498 56
481 499 45
482 500 19
483 501 76
483 502 77
484 503 48
485 504 62
486 505 63
487 506 88
488 507 64
489 508 69
490 509 33
490 510 62
491 511 79
492 512 82
493 513 93
493 514 66
494 515 54
494 516 81
495 517 15
496 518 80
496 519 7
497 520 95
498 521 59
499 521 21
500 522 50
501 523 80
502 523 20
503 524 66
504 525 38
505 525 35
506 526 79
507 527 51
508 527 23
509 527 18
510 528 62
511 529 62
512 530 40
513 531 30
514 531 89
515 532 98
516 533 78
517 533 94
518 534 12
519 535 48
520 536 74
521 537 88
522 538 84
522 539 19
522 540 75
523 541 97
524 542 63
525 543 95
526 544 25
527 545 18
528 546 50
529 547 19
530 548 71
531 549 49
532 550 90
532 551 23
533 552 24
534 553 96
535 554 79
536 555 64
537 556 56
538 557 41
539 558 91
540 559 32
541 559 32
542 560 28
543 561 84
544 562 3
545 563 43
546 564 85
547 565 58
548 566 58
549 567 14
550 568 89
551 569 81
552 570 87
553 571 11
554 572 88
555 573 93
555 574 52
556 575 84
556 576 44
557 577 98
558 578 72
558 579 85
559 580 74
560 581 90
561 582 39
562 583 12
562 584 81
563 585 15
564 586 21
565 587 60
566 588 4
566 589 48
567 590 19
568 591 35
569 592 28
570 593 54
570 594 59
571 595 93
571 596 89
572 597 61
573 598 40
574 598 77
575 598 85
576 599 59
577 599 76
578 599 90
579 600 97
580 601 39
581 602 16
582 602 39
583 603 41
584 603 16
585 603 42
586 604 23
587 605 6
588 606 40
589 607 23
590 608 90
591 608 7
592 609 83
593 610 44
594 611 93
595 612 6
596 613 23
597 614 52
598 615 5
599 616 53
600 617 32
601 618 42
602 619 81
603 620 94
604 621 55
605 622 43
606 623 27
607 624 33
608 625 39
609 626 71
610 627 17
611 628 25
612 629 59
613 630 64
614 631 25
615 632 4
616 633 35
616 634 66
617 635 76
618 636 34
618 637 29
619 638 56
619 639 57
620 640 40
621 641 49
621 642 40
622 643 25
623 644 86
624 645 8
624 646 69
625 647 92
625 648 99
626 649 32
627 650 62
628 651 92
629 652 30
629 653 24
630 654 78
630 655 3
631 656 56
632 657 80
633 657 77
634 657 29
635 657 94
636 658 11
637 658 73
638 658 84
639 658 43
640 659 42
641 660 2
642 661 96
643 661 15
644 662 44
645 663 82
646 663 15
647 664 16
648 664 46
649 665 91
650 666 97
651 666 4
652 667 20
653 668 44
654 668 70
655 669 81
656 669 96
657 670 32
658 671 33
659 672 57
660 673 62
661 674 85
662 675 79
663 676 52
664 677 17
665 678 82
665 679 1
666 680 5
667 681 6
668 682 85
669 683 4
670 684 14
671 685 8
671 686 52
672 687 18
673 688 18
674 689 65
674 690 93
674 691 78
675 692 6
676 693 83
677 694 59
678 695 59
679 696 88
680 697 31
681 698 22
682 699 83
683 700 36
684 701 24
685 702 59
686 703 3
687 704 3
688 705 90
689 706 35
689 707 42
690 708 91
690 709 94
691 710 68
691 711 47
692 712 91
693 713 59
694 714 62
695 715 60
696 716 69
696 717 92
697 718 46
697 719 31
698 720 68
699 721 21
700 722 90
701 723 74
702 724 80
703 725 37
704 726 16
704 727 87
705 728 52
706 729 49
707 730 55
708 731 34
709 732 65
709 733 45
710 734 96
711 735 79
712 736 64
713 737 47
713 738 68
714 739 5
715 740 28
716 741 23
717 742 90
718 743 81
719 744 4
720 745 31
721 746 61
722 747 40
723 748 60
724 748 93
725 748 82
726 748 38
727 749 24
728 749 75
729 750 83
730 750 15
731 750 88
732 750 65
733 750 95
734 751 16
735 751 3
736 751 45
737 752 43
738 752 73
739 753 96
740 754 16
741 755 78
742 755 10
743 756 53
744 756 9
745 757 48
746 757 82
747 758 13
748 759 20
748 760 58
749 761 78
749 762 65
750 763 28
751 764 40
751 765 71
752 766 22
752 767 80
753 768 17
753 769 80
754 770 44
754 771 43
755 772 18
756 773 1
757 774 27
757 775 48
757 776 39
758 777 21
759 778 22
760 778 93
761 779 65
762 780 74
763 781 38
764 782 63
765 783 16
766 783 29
767 784 59
768 785 25
769 786 54
770 787 13
771 788 21
772 789 20
773 790 69
774 791 27
775 792 48
776 793 10
777 794 13
778 795 6
779 796 90
780 797 94
781 797 82
782 797 96
783 797 79
784 798 53
785 798 73
786 798 88
787 799 40
788 800 20
789 801 27
790 802 60
791 803 75
792 804 25
793 805 46
794 806 33
795 807 71
796 808 75
797 809 60
798 810 18
799 811 10
799 812 65
800 813 81
801 814 63
802 815 72
803 816 92
804 817 59
805 818 63
805 819 16
806 820 56
806 821 95
807 822 91
808 823 20
809 824 34
810 825 85
810 826 59
811 827 80
812 828 1
813 829 70
814 830 60
815 831 89
816 832 79
817 833 41
818 834 18
819 835 51
820 836 1
821 837 40
822 838 73
823 838 12
824 839 30
825 840 41
826 841 86
827 842 27
828 843 32
829 843 41
830 844 7
831 845 47
832 846 28
833 847 11
834 847 4
835 847 24
836 848 19
837 848 74
838 849 34
839 850 19
840 851 90
841 852 6
842 853 70
842 854 70
843 855 50
843 856 5
844 857 66
845 858 89
846 859 63
846 860 42
847 861 47
848 862 87
849 863 47
850 864 5
851 865 39
851 866 84
852 867 21
853 868 52
853 869 91
854 870 51
854 871 60
855 872 91
856 873 21
857 874 37
858 875 86
858 876 65
859 877 81
860 878 56
861 879 39
861 880 53
862 881 96
862 882 67
863 883 99
864 884 23
865 885 17
866 886 47
867 887 9
868 888 27
869 889 90
870 889 3
871 890 36
872 890 43
873 891 41
874 892 60
875 893 91
876 893 99
877 894 27
878 895 93
879 896 89
880 897 34
881 898 26
882 899 63
883 900 17
884 900 2
885 900 64
886 900 83
887 900 2
888 900 3
889 900 94
890 900 30
891 900 11
892 900 49
893 900 31
894 900 2
895 900 81
896 900 63
897 900 2
898 900 69
899 900 66
