1 2 1
1 3 1
1 4 1
1 5 1
2 6 1
2 7 1
2 8 1
2 9 1
3 10 1
3 11 1
3 12 1
3 13 1
3 14 1
4 15 1
4 16 1
4 17 1
4 18 1
5 19 1
5 20 1
5 21 1
5 22 1
5 23 1
6 24 1
7 25 1
8 26 1
9 27 1
10 28 1
11 29 1
12 30 1
13 31 1
14 32 1
15 33 1
16 34 1
17 35 1
18 36 1
19 37 1
20 38 1
21 39 1
22 40 1
23 40 1
24 41 1
25 42 1
26 43 1
27 44 1
28 45 1
29 46 1
30 46 1
31 47 1
32 48 1
33 49 1
34 50 1
35 51 1
36 52 1
37 53 1
38 53 1
39 54 1
40 54 1
41 55 1
42 56 1
42 57 1
43 58 1
43 59 1
44 60 1
44 61 1
45 62 1
46 63 1
46 64 1
47 65 1
47 66 1
48 67 1
49 68 1
50 69 1
51 70 1
52 71 1
53 72 1
54 73 1
55 74 1
56 75 1
57 76 1
57 77 1
58 78 1
59 79 1
60 80 1
61 81 1
62 82 1
62 83 1
63 84 1
64 85 1
65 86 1
65 87 1
66 88 1
67 89 1
68 90 1
69 91 1
70 92 1
71 93 1
72 94 1
73 95 1
74 96 1
75 97 1
76 98 1
77 99 1
78 99 1
79 100 1
80 100 1
81 101 1
82 102 1
83 103 1
84 104 1
85 105 1
86 105 1
87 106 1
88 106 1
89 106 1
90 107 1
91 108 1
92 109 1
93 110 1
94 111 1
95 111 1
96 112 1
97 113 1
98 114 1
99 115 1
100 116 1
101 117 1
102 118 1
103 119 1
103 120 1
104 121 1
105 122 1
106 123 1
107 124 1
108 125 1
109 126 1
109 127 1
110 128 1
111 129 1
112 130 1
113 131 1
114 132 1
115 133 1
116 133 1
117 134 1
118 134 1
119 135 1
120 135 1
121 136 1
122 136 1
123 137 1
124 138 1
125 139 1
126 139 1
127 140 1
128 141 1
129 141 1
130 142 1
131 143 1
132 144 1
133 145 1
133 146 1
134 147 1
135 148 1
135 149 1
136 150 1
137 151 1
138 152 1
139 153 1
140 154 1
141 155 1
142 156 1
143 157 1
144 157 1
145 158 1
146 159 1
147 160 1
148 161 1
149 161 1
150 162 1
151 163 1
152 164 1
153 165 1
154 166 1
155 167 1
156 168 1
157 169 1
158 170 1
159 171 1
160 172 1
161 173 1
162 174 1
163 175 1
164 176 1
165 177 1
166 177 1
167 178 1
168 179 1
168 180 1
169 181 1
169 182 1
169 183 1
170 184 1
170 185 1
171 186 1
171 187 1
172 188 1
173 189 1
174 190 1
174 191 1
175 192 1
176 193 1
176 194 1
177 195 1
178 196 1
179 197 1
180 198 1
181 199 1
182 200 1
183 201 1
184 202 1
185 203 1
186 204 1
187 204 1
188 205 1
189 205 1
190 206 1
191 206 1
192 207 1
193 208 1
194 209 1
195 209 1
196 210 1
197 211 1
197 212 1
198 213 1
199 214 1
200 215 1
201 216 1
201 217 1
201 218 1
201 219 1
202 220 1
202 221 1
203 222 1
204 223 1
205 224 1
205 225 1
206 226 1
207 227 1
208 228 1
208 229 1
209 230 1
210 231 1
210 232 1
211 233 1
212 234 1
213 235 1
214 236 1
215 237 1
216 238 1
217 239 1
218 240 1
219 241 1
220 241 1
221 242 1
222 242 1
223 243 1
224 243 1
225 244 1
226 245 1
227 246 1
228 246 1
229 247 1
230 248 1
231 249 1
232 250 1
233 251 1
234 252 1
235 253 1
235 254 1
236 255 1
237 256 1
237 257 1
238 258 1
239 259 1
240 260 1
241 261 1
242 262 1
243 263 1
243 264 1
244 265 1
245 266 1
246 267 1
247 268 1
248 269 1
249 270 1
250 271 1
251 272 1
252 273 1
253 273 1
254 274 1
255 275 1
256 275 1
257 276 1
258 277 1
259 278 1
260 278 1
261 278 1
262 278 1
263 279 1
264 280 1
265 280 1
266 281 1
267 281 1
268 281 1
269 281 1
270 282 1
271 282 1
272 283 1
273 284 1
273 285 1
273 286 1
274 287 1
274 288 1
275 289 1
275 290 1
275 291 1
276 292 1
276 293 1
277 294 1
277 295 1
278 296 1
278 297 1
278 298 1
279 299 1
280 300 1
281 301 1
282 302 1
283 303 1
284 304 1
285 305 1
286 306 1
287 307 1
288 308 1
289 308 1
290 309 1
291 310 1
292 311 1
293 312 1
294 313 1
295 314 1
296 315 1
297 316 1
298 317 1
299 318 1
300 318 1
301 319 1
302 320 1
303 321 1
304 322 1
305 322 1
306 323 1
307 324 1
308 325 1
309 326 1
310 327 1
311 328 1
312 329 1
313 330 1
314 330 1
315 331 1
316 332 1
317 332 1
318 333 1
319 334 1
320 335 1
321 336 1
321 337 1
322 338 1
323 339 1
324 340 1
325 341 1
326 342 1
327 343 1
328 344 1
329 345 1
330 346 1
330 347 1
331 348 1
332 349 1
333 350 1
333 351 1
334 352 1
334 353 1
335 354 1
336 355 1
337 356 1
338 357 1
339 358 1
340 359 1
341 360 1
342 361 1
343 362 1
344 363 1
345 364 1
346 365 1
346 366 1
347 367 1
348 368 1
349 369 1
350 370 1
351 371 1
352 372 1
353 373 1
354 374 1
355 375 1
356 376 1
357 377 1
358 378 1
359 378 1
360 379 1
361 379 1
362 379 1
363 380 1
364 381 1
365 382 1
366 383 1
367 384 1
368 385 1
369 386 1
370 386 1
371 387 1
372 388 1
373 389 1
374 390 1
375 391 1
375 392 1
375 393 1
375 394 1
376 395 1
376 396 1
376 397 1
376 398 1
377 399 1
377 400 1
378 401 1
379 402 1
379 403 1
380 404 1
380 405 1
380 406 1
380 407 1
381 408 1
382 409 1
382 410 1
383 411 1
384 412 1
384 413 1
384 414 1
385 415 1
386 416 1
387 417 1
387 418 1
387 419 1
387 420 1
388 421 1
389 422 1
389 423 1
389 424 1
390 425 1
390 426 1
391 427 1
392 428 1
393 429 1
394 430 1
395 431 1
396 431 1
397 431 1
398 431 1
399 432 1
400 432 1
401 433 1
402 434 1
403 435 1
404 436 1
405 437 1
406 438 1
407 439 1
408 440 1
409 440 1
410 441 1
411 442 1
412 442 1
413 443 1
414 443 1
415 444 1
416 445 1
417 446 1
418 446 1
419 447 1
420 447 1
421 448 1
422 448 1
423 448 1
424 449 1
425 449 1
426 449 1
427 450 1
428 450 1
429 451 1
430 451 1
431 452 1
432 452 1
433 453 1
434 454 1
435 455 1
436 456 1
437 456 1
438 456 1
439 457 1
440 457 1
441 457 1
442 458 1
443 458 1
444 459 1
445 460 1
446 461 1
447 462 1
448 463 1
449 464 1
450 465 1
451 465 1
452 466 1
453 467 1
454 468 1
455 469 1
456 470 1
457 471 1
458 472 1
459 472 1
460 473 1
461 474 1
462 475 1
463 475 1
464 476 1
465 477 1
465 478 1
466 479 1
466 480 1
467 481 1
467 482 1
468 483 1
469 484 1
469 485 1
469 486 1
470 487 1
470 488 1
471 489 1
471 490 1
472 491 1
473 492 1
474 493 1
475 494 1
475 495 1
475 496 1
476 497 1
476 498 1
477 499 1
478 500 1
479 501 1
480 501 1
481 501 1
482 502 1
483 503 1
484 504 1
485 505 1
486 506 1
487 506 1
488 507 1
489 507 1
490 508 1
491 508 1
492 508 1
493 509 1
494 510 1
495 510 1
496 510 1
497 511 1
498 511 1
499 512 1
500 513 1
501 514 1
502 515 1
503 516 1
504 517 1
505 518 1
506 519 1
507 520 1
508 521 1
508 522 1
509 523 1
510 524 1
511 525 1
512 526 1
513 527 1
514 528 1
515 529 1
516 530 1
517 531 1
518 532 1
519 533 1
520 534 1
521 535 1
522 536 1
523 537 1
523 538 1
524 539 1
525 540 1
526 541 1
527 542 1
528 543 1
529 544 1
530 545 1
531 546 1
532 547 1
533 548 1
534 549 1
535 550 1
536 551 1
537 552 1
538 553 1
539 554 1
540 555 1
541 556 1
541 557 1
542 558 1
543 559 1
543 560 1
544 561 1
545 562 1
546 563 1
547 564 1
548 565 1
549 566 1
550 567 1
551 568 1
552 569 1
553 570 1
553 571 1
554 572 1
555 573 1
555 574 1
556 575 1
557 575 1
558 575 1
559 575 1
560 576 1
561 576 1
562 577 1
563 578 1
564 578 1
565 579 1
566 580 1
567 580 1
568 581 1
569 581 1
570 582 1
571 582 1
572 583 1
573 584 1
574 585 1
575 586 1
576 587 1
577 588 1
578 589 1
579 590 1
579 591 1
579 592 1
580 593 1
581 594 1
581 595 1
582 596 1
583 597 1
584 598 1
584 599 1
585 600 1
585 601 1
585 602 1
586 603 1
587 604 1
588 605 1
589 606 1
590 606 1
591 607 1
592 608 1
593 609 1
594 610 1
595 610 1
596 611 1
597 611 1
598 612 1
599 613 1
600 614 1
601 615 1
602 616 1
603 617 1
604 618 1
605 619 1
606 620 1
607 621 1
608 622 1
609 623 1
610 624 1
611 625 1
612 626 1
613 627 1
614 628 1
615 629 1
616 630 1
617 631 1
618 632 1
619 633 1
620 634 1
621 634 1
622 635 1
623 636 1
624 637 1
625 638 1
626 639 1
627 640 1
628 641 1
629 642 1
630 643 1
631 644 1
631 645 1
632 646 1
633 647 1
634 648 1
635 649 1
636 650 1
637 651 1
638 652 1
639 653 1
640 654 1
641 655 1
642 656 1
643 657 1
644 658 1
645 659 1
646 660 1
647 661 1
647 662 1
647 663 1
647 664 1
648 665 1
648 666 1
649 667 1
650 668 1
650 669 1
651 670 1
652 671 1
652 672 1
653 673 1
654 674 1
655 675 1
656 676 1
657 677 1
658 678 1
659 679 1
660 680 1
661 681 1
662 681 1
663 682 1
664 683 1
665 684 1
666 685 1
667 686 1
668 687 1
669 687 1
670 688 1
671 688 1
672 689 1
673 690 1
674 691 1
675 692 1
676 693 1
677 694 1
678 695 1
679 696 1
680 697 1
681 698 1
682 699 1
683 700 1
684 701 1
685 702 1
686 703 1
686 704 1
687 705 1
688 706 1
689 707 1
690 708 1
691 709 1
692 710 1
693 711 1
694 712 1
695 713 1
696 714 1
697 714 1
698 714 1
699 714 1
700 715 1
701 716 1
702 716 1
703 717 1
704 717 1
705 718 1
706 719 1
707 719 1
708 720 1
709 721 1
710 722 1
711 723 1
712 724 1
713 725 1
714 726 1
715 727 1
715 728 1
716 729 1
717 730 1
717 731 1
718 732 1
719 733 1
720 734 1
721 735 1
721 736 1
722 737 1
722 738 1
723 739 1
723 740 1
723 741 1
724 742 1
724 743 1
725 744 1
726 745 1
727 745 1
728 746 1
729 747 1
730 748 1
731 749 1
732 750 1
733 750 1
734 751 1
735 751 1
736 752 1
737 753 1
738 754 1
739 755 1
740 756 1
741 757 1
742 757 1
743 758 1
744 759 1
744 760 1
745 761 1
746 762 1
747 763 1
748 764 1
749 765 1
750 766 1
750 767 1
751 768 1
752 769 1
753 770 1
754 771 1
755 772 1
756 773 1
756 774 1
757 775 1
758 776 1
759 777 1
760 778 1
761 779 1
762 780 1
763 781 1
764 782 1
765 783 1
766 784 1
767 784 1
768 785 1
769 786 1
770 787 1
771 788 1
772 789 1
773 789 1
774 790 1
775 791 1
776 792 1
777 793 1
778 793 1
779 793 1
780 794 1
781 794 1
782 794 1
783 795 1
784 795 1
785 796 1
786 797 1
787 798 1
788 798 1
789 799 1
790 799 1
791 799 1
792 799 1
793 800 1
794 800 1
795 800 1
796 800 1
797 800 1
798 800 1
799 800 1
