1 2 1
1 3 1
1 4 1
1 5 1
1 6 1
2 7 1
2 8 1
2 9 1
2 10 1
2 11 1
3 12 1
3 13 1
3 14 1
3 15 1
3 16 1
4 17 1
4 18 1
4 19 1
4 20 1
5 21 1
5 22 1
5 23 1
5 24 1
5 25 1
6 26 1
6 27 1
6 28 1
6 29 1
7 30 1
8 31 1
9 32 1
10 33 1
11 34 1
11 35 1
12 36 1
13 37 1
14 38 1
15 39 1
15 40 1
16 41 1
16 42 1
17 43 1
17 44 1
18 45 1
19 46 1
20 47 1
20 48 1
21 49 1
22 50 1
23 51 1
23 52 1
24 53 1
25 54 1
26 55 1
26 56 1
27 57 1
28 58 1
28 59 1
29 60 1
29 61 1
30 62 1
31 62 1
32 63 1
33 64 1
34 64 1
35 65 1
36 65 1
37 66 1
38 67 1
39 67 1
40 68 1
41 69 1
42 69 1
43 70 1
44 71 1
45 71 1
46 71 1
47 72 1
48 73 1
49 74 1
50 75 1
51 76 1
52 76 1
53 77 1
54 78 1
55 79 1
56 79 1
57 80 1
58 80 1
59 81 1
60 82 1
61 83 1
62 84 1
63 85 1
64 86 1
65 87 1
66 88 1
67 89 1
67 90 1
68 91 1
69 92 1
70 93 1
71 94 1
72 95 1
73 96 1
74 97 1
74 98 1
75 99 1
76 100 1
77 101 1
78 102 1
79 103 1
80 104 1
81 105 1
82 106 1
83 107 1
84 108 1
85 109 1
86 110 1
87 111 1
88 112 1
89 113 1
90 114 1
91 115 1
92 116 1
93 117 1
94 118 1
95 119 1
96 120 1
97 121 1
98 122 1
98 123 1
99 124 1
100 125 1
101 126 1
102 127 1
103 128 1
104 129 1
105 130 1
106 131 1
107 132 1
108 133 1
109 134 1
110 135 1
111 136 1
112 137 1
113 138 1
114 138 1
115 139 1
116 140 1
117 141 1
118 142 1
119 143 1
120 144 1
121 144 1
122 145 1
123 146 1
124 147 1
125 148 1
126 149 1
127 150 1
128 151 1
129 152 1
130 153 1
131 154 1
132 155 1
133 156 1
134 157 1
135 158 1
136 159 1
137 160 1
138 161 1
139 162 1
140 163 1
141 164 1
142 165 1
143 166 1
144 167 1
145 168 1
146 169 1
147 170 1
148 171 1
149 172 1
150 172 1
151 173 1
152 174 1
153 175 1
154 176 1
155 177 1
156 178 1
157 179 1
158 180 1
158 181 1
159 182 1
160 183 1
160 184 1
161 185 1
161 186 1
162 187 1
162 188 1
163 189 1
164 190 1
165 191 1
166 192 1
167 193 1
167 194 1
168 195 1
169 196 1
169 197 1
169 198 1
170 199 1
171 200 1
172 201 1
172 202 1
173 203 1
174 204 1
175 205 1
176 206 1
177 207 1
178 208 1
179 209 1
180 209 1
181 210 1
182 210 1
183 211 1
184 212 1
185 213 1
186 213 1
187 214 1
188 214 1
189 215 1
190 216 1
191 216 1
192 216 1
193 217 1
194 218 1
195 219 1
196 219 1
197 220 1
198 220 1
199 221 1
200 221 1
201 222 1
202 223 1
203 224 1
204 224 1
205 224 1
206 225 1
207 225 1
208 226 1
209 227 1
210 228 1
211 229 1
212 230 1
212 231 1
213 232 1
213 233 1
214 234 1
215 235 1
216 236 1
216 237 1
217 238 1
218 239 1
219 240 1
220 241 1
221 242 1
222 243 1
223 244 1
224 245 1
224 246 1
225 247 1
226 248 1
227 249 1
228 250 1
229 251 1
230 252 1
231 253 1
232 254 1
233 255 1
234 256 1
234 257 1
235 258 1
236 259 1
236 260 1
237 261 1
238 262 1
239 263 1
240 264 1
241 265 1
242 266 1
243 267 1
244 268 1
245 269 1
246 270 1
247 271 1
248 272 1
249 273 1
250 274 1
251 275 1
252 276 1
253 277 1
254 278 1
255 279 1
256 280 1
257 281 1
257 282 1
258 283 1
259 284 1
260 285 1
260 286 1
260 287 1
261 288 1
262 289 1
263 290 1
264 291 1
265 292 1
266 293 1
267 294 1
268 295 1
268 296 1
269 297 1
270 298 1
271 299 1
272 300 1
273 301 1
274 302 1
275 303 1
276 304 1
277 305 1
278 306 1
279 307 1
280 308 1
281 309 1
282 310 1
283 311 1
284 312 1
285 313 1
286 314 1
287 315 1
288 316 1
289 317 1
290 318 1
291 319 1
292 320 1
293 321 1
294 322 1
295 323 1
296 324 1
297 325 1
298 326 1
299 327 1
300 328 1
301 329 1
302 330 1
303 331 1
304 332 1
305 333 1
306 334 1
307 335 1
308 336 1
309 336 1
310 337 1
311 337 1
312 338 1
313 339 1
314 340 1
315 341 1
316 342 1
317 343 1
318 344 1
319 345 1
320 346 1
321 347 1
322 348 1
323 349 1
324 350 1
325 351 1
326 352 1
327 352 1
328 353 1
328 354 1
328 355 1
329 356 1
330 357 1
330 358 1
331 359 1
332 360 1
332 361 1
332 362 1
333 363 1
333 364 1
334 365 1
334 366 1
335 367 1
335 368 1
336 369 1
336 370 1
336 371 1
337 372 1
337 373 1
337 374 1
337 375 1
338 376 1
339 377 1
339 378 1
340 379 1
340 380 1
341 381 1
342 382 1
342 383 1
342 384 1
342 385 1
343 386 1
343 387 1
344 388 1
345 389 1
345 390 1
346 391 1
347 392 1
347 393 1
348 394 1
348 395 1
349 396 1
350 397 1
351 398 1
351 399 1
352 400 1
352 401 1
353 402 1
354 403 1
355 403 1
356 403 1
357 404 1
358 404 1
359 405 1
360 406 1
361 407 1
362 408 1
363 409 1
364 409 1
365 410 1
366 411 1
367 411 1
368 411 1
369 412 1
370 413 1
371 413 1
372 414 1
373 415 1
374 415 1
375 415 1
376 416 1
377 416 1
378 417 1
379 417 1
380 418 1
381 418 1
382 418 1
383 419 1
384 420 1
385 420 1
386 421 1
387 422 1
388 423 1
389 424 1
390 424 1
391 425 1
392 426 1
393 426 1
394 427 1
395 427 1
396 428 1
397 429 1
398 429 1
399 430 1
400 431 1
401 432 1
402 433 1
403 434 1
404 435 1
405 436 1
406 437 1
407 438 1
408 439 1
408 440 1
409 441 1
410 442 1
411 443 1
412 444 1
413 445 1
414 446 1
415 447 1
416 448 1
417 449 1
418 450 1
419 451 1
420 452 1
421 453 1
422 454 1
422 455 1
423 456 1
424 457 1
425 458 1
426 459 1
427 460 1
428 461 1
428 462 1
429 463 1
430 464 1
430 465 1
431 466 1
432 467 1
433 468 1
434 468 1
435 469 1
436 470 1
437 471 1
438 472 1
439 472 1
440 473 1
441 474 1
442 475 1
443 475 1
444 476 1
445 477 1
446 478 1
447 479 1
448 480 1
449 481 1
450 482 1
451 483 1
452 484 1
453 485 1
454 486 1
455 486 1
456 487 1
457 488 1
458 489 1
459 490 1
460 491 1
461 492 1
462 493 1
463 494 1
464 495 1
465 496 1
466 496 1
467 497 1
468 498 1
469 499 1
470 500 1
471 501 1
472 502 1
473 503 1
474 504 1
475 505 1
476 506 1
477 507 1
478 508 1
479 509 1
480 510 1
481 511 1
482 512 1
483 513 1
484 514 1
485 515 1
486 516 1
487 517 1
488 518 1
489 519 1
490 520 1
491 521 1
492 522 1
493 523 1
494 524 1
495 525 1
496 526 1
497 527 1
498 528 1
499 529 1
500 530 1
501 531 1
502 532 1
503 533 1
504 534 1
505 535 1
506 536 1
507 537 1
508 538 1
509 539 1
510 540 1
511 541 1
512 542 1
513 543 1
514 544 1
515 545 1
516 546 1
517 547 1
518 548 1
519 549 1
520 550 1
521 551 1
522 552 1
523 553 1
524 554 1
525 555 1
526 556 1
527 557 1
528 558 1
529 559 1
530 560 1
531 561 1
532 561 1
533 562 1
534 563 1
535 564 1
536 565 1
537 566 1
538 567 1
539 568 1
540 569 1
541 570 1
542 571 1
543 572 1
544 573 1
545 574 1
546 575 1
547 576 1
548 577 1
549 578 1
550 579 1
551 580 1
552 581 1
553 582 1
554 583 1
555 584 1
556 585 1
557 586 1
558 587 1
559 588 1
560 589 1
561 590 1
562 591 1
563 592 1
564 593 1
565 594 1
566 595 1
567 596 1
568 597 1
569 598 1
570 599 1
571 600 1
572 601 1
573 602 1
574 603 1
575 604 1
576 605 1
577 606 1
578 607 1
579 608 1
580 609 1
581 610 1
582 611 1
583 612 1
584 613 1
585 614 1
586 615 1
587 616 1
588 617 1
589 618 1
590 619 1
591 620 1
592 621 1
593 622 1
594 623 1
595 624 1
596 625 1
597 626 1
598 627 1
599 628 1
600 629 1
601 630 1
602 630 1
603 631 1
604 632 1
605 633 1
606 634 1
607 635 1
608 636 1
609 637 1
610 638 1
611 639 1
612 640 1
613 641 1
614 642 1
615 643 1
616 644 1
617 645 1
618 646 1
619 647 1
620 648 1
621 648 1
622 649 1
623 649 1
624 650 1
625 651 1
626 652 1
627 653 1
628 653 1
629 654 1
630 654 1
631 654 1
632 655 1
633 656 1
634 657 1
635 658 1
636 658 1
637 659 1
638 660 1
639 661 1
640 662 1
641 663 1
642 664 1
643 665 1
644 666 1
645 667 1
646 668 1
647 669 1
648 670 1
649 671 1
650 672 1
650 673 1
651 674 1
652 675 1
653 676 1
654 677 1
655 678 1
656 679 1
657 680 1
658 681 1
659 682 1
660 683 1
661 684 1
661 685 1
662 686 1
662 687 1
663 688 1
664 689 1
664 690 1
665 691 1
666 692 1
667 693 1
668 694 1
669 695 1
670 696 1
671 697 1
672 698 1
673 699 1
674 700 1
675 701 1
676 702 1
677 702 1
678 703 1
679 704 1
680 705 1
681 705 1
682 706 1
683 707 1
684 708 1
685 709 1
686 710 1
687 710 1
688 711 1
689 712 1
690 713 1
691 714 1
692 715 1
693 716 1
694 717 1
695 718 1
696 719 1
697 720 1
698 721 1
699 722 1
700 723 1
701 723 1
702 724 1
703 724 1
704 725 1
705 726 1
706 727 1
707 728 1
708 729 1
709 730 1
710 731 1
711 732 1
712 733 1
713 734 1
714 735 1
715 736 1
716 737 1
717 738 1
718 739 1
719 739 1
720 740 1
721 740 1
722 741 1
723 742 1
724 743 1
725 744 1
726 745 1
727 746 1
728 747 1
729 748 1
730 748 1
731 749 1
732 750 1
733 751 1
734 752 1
735 753 1
736 754 1
737 755 1
738 756 1
738 757 1
738 758 1
738 759 1
738 760 1
739 761 1
740 762 1
741 763 1
741 764 1
742 765 1
743 766 1
744 767 1
745 768 1
745 769 1
746 770 1
747 771 1
748 772 1
748 773 1
748 774 1
749 775 1
750 776 1
751 777 1
752 778 1
752 779 1
753 780 1
754 781 1
755 782 1
756 783 1
757 784 1
758 785 1
759 786 1
760 786 1
761 787 1
762 787 1
763 787 1
764 787 1
765 788 1
766 789 1
767 790 1
768 791 1
769 792 1
770 793 1
771 793 1
772 794 1
773 794 1
774 795 1
775 796 1
776 797 1
777 797 1
778 798 1
779 798 1
780 799 1
781 800 1
782 800 1
783 800 1
784 800 1
785 800 1
786 800 1
787 800 1
788 800 1
789 800 1
790 800 1
791 800 1
792 800 1
793 800 1
794 800 1
795 800 1
796 800 1
797 800 1
798 800 1
799 800 1
