1 2 148
1 3 78
1 4 149
2 5 40
2 6 158
2 7 36
2 8 157
3 9 121
3 10 74
3 11 169
4 12 70
4 13 38
4 14 194
4 15 153
5 16 92
6 17 194
6 18 124
7 19 42
8 20 15
8 21 39
9 22 164
10 23 100
10 24 80
11 25 149
11 26 99
12 27 125
12 28 15
13 29 134
13 30 183
14 31 86
15 32 175
15 33 148
16 34 90
17 34 131
18 34 166
19 35 42
20 35 127
21 36 140
22 36 15
23 36 177
24 37 173
25 37 75
26 37 170
27 38 83
28 38 25
29 38 164
30 39 142
31 40 143
32 41 93
33 41 31
34 42 95
34 43 54
35 44 130
35 45 151
36 46 19
36 47 29
37 48 68
37 49 37
38 50 37
39 51 134
39 52 2
40 53 11
41 54 71
41 55 154
42 56 134
43 57 128
44 58 46
45 59 187
46 60 134
47 61 44
48 62 111
49 63 4
50 64 95
51 65 32
52 66 36
53 67 48
54 68 123
55 69 172
56 70 128
57 71 145
58 71 72
59 71 150
60 72 184
61 72 30
62 73 140
63 74 134
64 75 38
65 76 63
66 77 161
67 78 43
68 79 23
69 79 59
70 80 113
70 81 75
71 82 9
72 83 147
72 84 184
73 85 68
74 86 42
74 87 62
75 88 25
75 89 180
76 90 24
77 91 157
77 92 27
78 93 185
78 94 69
78 95 75
79 96 112
79 97 81
79 98 186
80 99 194
81 100 26
82 101 190
83 102 44
84 103 98
85 104 37
86 105 43
87 106 75
88 106 133
89 107 15
90 108 75
91 109 46
92 110 183
93 111 143
94 112 147
95 113 177
96 114 79
97 115 147
98 116 96
99 117 124
100 117 15
101 118 121
102 118 54
103 118 125
104 119 21
105 120 18
106 121 135
107 121 178
108 122 189
109 122 94
110 123 120
111 123 136
112 124 76
113 124 7
114 125 103
115 125 131
116 126 53
117 127 137
117 128 129
118 129 158
118 130 181
118 131 161
119 132 35
119 133 179
119 134 175
119 135 158
120 136 193
120 137 22
120 138 48
120 139 192
120 140 122
121 141 25
121 142 127
122 143 70
123 144 156
123 145 171
124 146 184
124 147 74
125 148 106
125 149 182
125 150 112
125 151 169
126 152 124
126 153 12
126 154 7
127 155 160
128 155 88
129 156 72
130 157 165
131 158 193
132 159 194
133 159 13
134 160 155
135 160 195
136 161 183
137 161 23
138 162 155
139 163 131
140 164 33
141 165 140
142 165 157
143 166 152
144 167 43
145 168 23
146 169 179
147 170 159
148 171 5
149 171 112
150 172 32
151 172 129
152 172 189
153 173 136
154 173 74
155 174 133
156 175 195
157 176 21
158 177 124
159 178 9
160 179 14
161 180 184
161 181 135
162 182 87
163 183 145
164 184 171
165 185 8
166 186 116
167 187 6
168 188 185
169 189 139
170 190 99
171 191 71
172 192 192
173 193 158
174 194 184
175 195 195
176 196 25
177 197 146
178 198 114
179 199 179
180 200 38
181 200 34
182 201 11
183 202 150
184 203 46
185 204 171
186 205 41
187 206 105
188 206 69
189 207 197
190 208 156
191 209 126
192 210 13
193 211 123
194 212 67
195 212 149
196 213 120
197 214 175
198 214 50
199 214 112
200 215 3
201 215 124
202 215 166
203 215 2
204 216 111
205 217 98
206 218 78
207 219 48
208 219 136
209 219 174
210 219 13
211 220 82
212 221 114
213 222 96
214 223 95
214 224 47
215 225 118
215 226 147
216 227 87
217 228 13
217 229 68
218 230 49
219 231 1
219 232 12
220 233 113
221 234 30
222 235 137
223 236 179
224 237 38
225 238 116
226 239 157
227 239 131
228 240 81
229 241 132
230 242 71
231 242 152
232 243 94
233 244 159
234 245 114
235 246 51
236 247 93
237 248 17
237 249 119
237 250 198
237 251 52
237 252 107
238 253 141
239 254 18
239 255 116
240 256 112
240 257 169
241 258 2
241 259 196
242 260 119
242 261 84
243 262 197
243 263 26
243 264 109
244 265 63
245 266 84
246 267 19
247 268 23
248 269 156
249 269 103
250 270 81
251 270 80
252 271 34
253 272 113
254 273 193
255 273 156
256 274 28
257 274 95
258 275 148
259 276 181
260 276 154
261 277 63
262 278 23
263 279 41
264 279 132
265 280 66
266 281 168
267 282 95
268 283 111
268 284 172
269 285 18
270 286 78
271 287 173
272 288 93
273 289 186
273 290 1
274 291 137
275 292 9
276 293 50
277 294 94
278 295 61
278 296 45
278 297 141
279 298 94
280 299 180
281 300 108
282 300 173
283 300 6
284 300 130
285 300 28
286 300 61
287 300 10
288 300 28
289 300 111
290 300 20
291 300 159
292 300 129
293 300 140
294 300 91
295 300 35
296 300 81
297 300 107
298 300 17
299 300 63
