1 2 1
1 3 1
1 4 6
2 5 4
2 6 3
2 7 3
2 8 7
2 9 3
3 10 4
3 11 6
3 12 5
3 13 1
3 14 6
4 15 3
4 16 4
4 17 7
4 18 3
4 19 6
5 20 4
6 21 6
7 22 6
8 23 3
9 24 4
10 25 5
11 26 4
12 27 7
13 28 6
14 29 5
15 30 5
15 31 1
16 32 4
17 33 3
17 34 7
18 35 4
18 36 5
18 37 4
19 38 2
20 39 2
21 40 1
22 40 6
23 41 2
24 42 1
25 43 3
26 44 5
27 45 5
28 45 3
29 46 4
30 46 3
31 47 6
32 48 7
33 49 1
34 50 3
35 51 2
36 51 1
37 52 6
38 53 1
39 54 2
40 55 4
41 56 6
42 57 4
43 58 4
44 59 3
44 60 7
45 61 5
46 62 2
47 63 5
47 64 4
48 65 3
49 66 5
50 67 1
50 68 5
51 69 4
51 70 2
52 71 4
53 72 4
54 73 2
55 74 6
56 75 7
57 76 5
58 77 6
59 78 6
60 79 6
61 80 2
62 81 5
63 82 6
64 82 4
65 83 3
66 84 4
67 84 4
68 85 5
69 86 1
70 86 2
71 87 5
72 88 3
73 89 4
74 90 6
75 91 5
76 92 4
77 93 6
78 94 7
79 95 1
80 96 5
81 97 3
82 98 3
83 99 3
84 100 2
84 101 5
85 102 6
86 103 1
87 104 4
88 105 3
89 106 2
90 107 4
91 107 1
92 108 4
93 109 1
94 110 4
95 111 4
96 112 3
97 113 7
98 114 4
99 115 4
100 116 6
101 117 1
102 118 3
103 118 7
104 119 4
105 120 7
106 121 3
107 122 5
108 123 5
109 124 1
110 125 6
111 126 4
112 127 6
113 128 7
114 129 1
115 130 2
116 131 6
116 132 3
116 133 4
117 134 1
118 135 6
119 136 5
120 137 4
121 138 7
122 139 5
123 140 3
124 141 2
125 142 1
126 143 2
127 144 4
128 145 3
129 146 1
130 147 4
131 148 2
132 149 5
133 150 4
134 151 6
135 152 3
136 153 7
137 154 2
138 155 7
139 156 3
140 157 2
141 158 5
142 159 7
143 160 2
144 161 6
145 162 5
146 163 3
147 164 6
148 165 1
149 166 1
150 167 1
151 168 4
151 169 7
152 170 4
153 171 4
154 172 3
154 173 4
155 174 6
156 175 1
157 176 7
158 177 7
159 178 3
160 179 3
161 180 6
162 181 5
163 181 5
164 182 5
165 183 4
166 184 2
167 185 7
168 186 6
169 187 6
170 188 7
171 189 6
172 190 6
173 191 4
174 192 3
175 193 5
176 193 2
177 194 2
178 195 3
179 196 7
180 197 2
181 198 1
182 199 5
183 200 5
184 201 3
185 202 4
186 203 1
187 203 7
188 204 7
189 205 4
190 205 6
191 206 5
192 207 7
192 208 7
193 209 4
194 210 2
195 211 6
196 212 4
196 213 5
197 214 6
198 215 7
198 216 5
199 217 4
200 218 2
201 219 2
202 220 1
203 221 3
204 222 6
205 223 3
206 224 3
207 225 6
208 226 1
209 227 6
210 228 1
211 229 3
212 230 2
213 231 5
214 232 5
215 233 1
216 234 6
217 235 5
218 236 2
218 237 4
219 238 6
220 239 4
221 240 6
222 241 6
223 242 2
224 243 5
225 244 5
226 245 6
227 246 1
228 247 1
229 248 2
230 249 2
231 250 4
232 251 4
233 252 6
234 253 6
235 254 4
236 255 5
237 256 4
238 257 4
239 258 3
240 259 5
241 260 3
242 261 2
243 262 4
244 263 3
245 263 1
246 264 3
247 265 1
248 266 5
249 267 5
250 268 6
251 269 5
252 270 5
253 270 3
254 271 6
255 271 7
256 272 3
257 273 4
258 274 1
259 274 6
260 275 2
261 276 5
262 277 3
263 278 2
263 279 6
264 280 3
265 281 3
266 282 4
266 283 5
267 284 4
267 285 2
268 286 4
269 287 4
270 288 7
271 289 3
272 290 2
272 291 4
273 292 2
274 293 1
275 294 1
276 295 6
277 296 3
278 297 4
279 298 3
280 299 6
281 300 5
282 301 4
283 302 3
284 303 7
285 303 1
286 304 6
287 305 4
288 306 5
289 307 3
290 307 5
291 307 3
292 307 6
293 308 6
294 309 5
295 310 4
296 311 1
297 312 2
297 313 7
298 314 3
299 315 5
300 316 7
301 317 2
302 318 2
303 319 5
304 320 1
304 321 4
305 322 4
306 323 3
307 324 5
308 325 1
308 326 1
309 327 4
309 328 3
310 329 4
311 330 4
312 331 1
313 332 2
314 333 6
315 334 4
316 334 2
317 335 7
318 336 7
319 337 3
320 338 6
321 339 6
322 339 7
323 339 4
324 339 2
325 340 2
326 341 7
327 342 1
328 343 2
329 344 3
330 345 6
331 346 1
332 347 3
333 348 6
334 349 6
335 350 1
336 351 3
337 352 2
338 353 6
339 354 5
340 355 1
341 356 2
342 357 2
343 358 7
344 359 7
344 360 5
345 361 6
345 362 1
346 363 6
347 364 3
348 365 7
349 366 1
350 367 5
351 367 2
352 368 4
353 369 1
354 370 4
355 371 6
356 372 6
357 372 3
358 373 1
359 374 4
360 375 4
361 376 1
362 377 2
363 378 7
364 379 4
365 380 2
365 381 6
366 382 3
367 383 7
368 384 2
368 385 6
369 386 3
370 387 6
371 388 2
372 389 4
372 390 7
373 391 5
374 392 4
375 393 1
376 394 1
377 395 3
378 396 1
379 397 5
380 398 6
381 399 1
382 400 3
383 401 4
384 402 6
385 403 4
386 404 3
387 405 4
388 406 6
389 407 3
390 408 3
391 409 4
392 410 5
392 411 4
393 412 7
394 413 1
395 414 6
396 415 7
397 416 6
398 417 7
399 418 1
400 419 5
401 419 5
402 420 6
403 421 3
404 421 6
405 421 1
406 422 3
407 423 7
408 424 6
409 424 2
410 425 3
411 426 2
412 427 6
413 428 6
414 429 3
415 430 4
416 431 6
416 432 7
417 433 5
418 434 1
419 435 3
420 436 7
421 437 1
422 438 2
423 439 7
424 440 6
425 441 1
426 442 3
427 443 7
428 444 6
429 445 3
430 446 1
431 447 3
431 448 5
432 449 3
433 450 3
434 451 3
435 452 2
436 453 7
436 454 5
437 455 4
438 456 3
439 457 6
440 458 6
441 459 3
442 460 4
442 461 7
443 462 6
444 463 2
445 464 5
446 465 4
447 466 5
448 466 4
449 467 6
450 468 4
451 469 2
452 470 6
453 471 4
454 472 6
455 472 3
456 473 5
457 474 6
458 475 2
459 476 6
460 477 4
461 477 7
462 478 5
463 478 2
464 479 2
465 480 1
466 481 4
467 482 2
467 483 5
468 484 4
469 485 3
470 486 6
471 487 4
471 488 7
472 489 6
473 490 7
474 491 2
474 492 7
475 493 6
476 494 1
477 495 7
478 496 2
479 497 6
479 498 1
480 499 7
481 500 2
482 501 6
483 502 1
484 503 5
485 504 4
486 505 3
487 506 2
488 507 4
489 508 2
490 509 2
491 510 5
492 511 2
493 512 2
494 513 7
495 514 4
496 515 7
497 516 7
498 517 6
499 518 4
500 518 2
501 519 2
502 519 4
503 520 7
504 521 6
505 522 7
506 523 3
507 524 2
508 525 4
509 526 7
510 527 4
511 527 3
512 528 7
513 529 3
514 529 1
515 530 4
516 531 3
517 531 3
518 532 2
519 533 4
520 534 7
521 535 6
522 536 5
523 537 4
524 538 6
525 539 2
526 540 3
527 541 4
528 542 2
529 543 6
530 544 6
531 545 6
532 546 4
533 547 1
533 548 6
534 549 7
534 550 6
535 551 3
536 552 2
537 553 6
538 554 1
539 555 4
540 556 5
541 557 1
542 558 1
542 559 5
543 560 5
544 561 2
545 562 4
546 563 2
547 564 5
548 565 6
549 566 5
550 567 1
551 568 1
552 569 2
553 570 2
554 571 6
555 572 7
556 573 6
557 574 4
558 575 4
559 576 4
560 577 7
561 577 7
562 578 5
563 579 3
564 580 2
565 581 7
566 582 6
567 583 4
568 584 3
568 585 5
569 586 7
570 587 4
571 588 3
572 589 5
573 590 7
574 591 2
575 592 4
576 593 7
577 594 7
578 595 4
579 596 6
580 597 5
581 598 3
582 599 3
583 600 2
584 601 2
585 602 5
586 603 4
587 604 5
588 604 2
589 605 6
590 606 3
591 607 5
592 608 2
593 609 6
594 610 2
595 611 1
596 612 3
597 613 3
598 614 7
599 615 3
600 616 7
601 617 6
602 618 5
602 619 3
603 620 4
604 621 5
605 622 1
605 623 5
606 624 7
607 625 1
608 626 4
609 627 5
610 628 7
611 629 2
612 630 5
613 631 5
614 632 6
615 633 3
616 634 5
617 635 2
618 636 5
619 637 2
620 638 1
621 639 2
622 640 3
623 641 6
624 642 6
625 643 2
626 644 5
627 645 6
627 646 4
628 647 5
629 648 7
630 649 1
631 650 1
632 651 1
633 652 2
634 653 2
635 654 6
636 655 3
637 656 5
638 657 4
639 658 5
640 659 6
641 659 3
642 660 1
643 661 4
644 662 1
645 663 3
646 664 1
647 665 3
648 666 4
649 667 1
650 668 1
651 669 2
652 670 6
653 671 6
654 672 2
655 673 7
656 674 3
657 675 5
658 675 6
659 676 7
660 677 3
661 678 1
662 679 2
663 680 3
664 681 2
665 681 5
666 681 1
667 682 3
668 683 7
669 684 5
670 685 1
671 686 4
672 687 5
673 688 1
674 689 5
675 690 7
676 691 6
677 692 3
678 692 5
679 693 2
680 694 2
681 695 1
682 696 5
683 697 3
684 698 4
684 699 2
685 700 7
686 701 3
687 702 3
688 703 7
689 704 1
689 705 5
690 706 1
690 707 5
691 708 3
691 709 1
692 710 7
693 711 3
694 712 7
694 713 1
695 714 2
696 715 5
697 716 2
698 717 3
699 717 2
700 718 4
701 719 4
702 720 2
703 721 4
704 722 4
705 722 5
706 723 2
707 724 5
708 725 4
709 726 4
710 727 5
711 728 1
712 729 2
713 730 6
714 731 4
715 732 1
716 733 4
717 734 4
718 735 7
719 736 5
720 737 5
721 738 1
722 739 6
723 740 2
724 741 4
725 742 5
726 743 6
727 744 2
728 745 2
729 746 3
730 746 1
731 747 7
732 748 4
733 749 1
734 750 3
735 751 7
735 752 1
736 753 7
737 754 6
738 755 7
739 756 1
739 757 6
740 758 3
740 759 1
741 760 6
742 761 5
743 762 1
744 763 1
745 764 1
746 765 3
747 766 3
748 767 5
749 768 7
750 768 1
751 768 4
752 769 3
753 770 1
754 771 2
755 772 7
756 773 3
757 774 4
758 775 1
759 776 4
760 776 5
761 777 1
762 778 7
763 778 6
764 779 7
765 780 1
766 781 6
767 782 4
767 783 5
768 784 7
769 785 3
770 786 5
771 787 3
772 788 2
772 789 3
773 790 3
774 791 1
775 792 5
775 793 6
776 794 4
777 795 1
778 796 1
779 797 2
780 798 6
781 799 5
782 800 4
783 800 3
784 800 7
785 800 6
786 800 5
787 800 2
788 800 2
789 800 1
790 800 1
791 800 1
792 800 3
793 800 4
794 800 2
795 800 1
796 800 3
797 800 7
798 800 6
799 800 6
