4 3 3 3 3 3 4 3
3 4 3 5 5 4 5 3
3 4 4 4 4 4 3 3
10 9 10 8 12 12 8 9
21 15 19 14 20 18 21 14
2 2 2 2 2 2 3 2
4 4 4 3 4 5 5 4
3 4 3 3 5 5 4 5
14 12 9 13 11 12 15 10
12 13 11 9 12 15 11 15
5 7 7 7 5 5 8 5
15 15 11 15 14 14 11 16
17 13 19 17 21 22 14 22
11 11 11 12 13 10 13 14
19 15 12 17 14 17 18 18
16 14 17 14 19 17 17 20
13 16 15 15 17 13 13 14
17 20 18 19 18 22 20 13
3 4 5 3 4 4 4 4
14 12 13 15 15 13 16 12
20 23 16 20 18 14 20 18
14 20 19 22 17 19 23 17
12 13 10 10 14 15 10 14
8 8 5 6 8 6 8 8
9 10 9 10 10 10 10 14
12 14 14 12 11 11 12 12
12 14 9 10 11 10 14 11
11 14 12 11 17 13 15 12
2 3 2 2 2 2 3 2
3 3 3 3 4 4 4 3
15 13 14 11 11 13 15 11
13 10 9 10 14 12 11 10
9 13 9 13 8 9 8 8
22 21 22 20 15 16 23 17
7 6 5 8 8 6 5 5
5 7 7 4 6 5 6 6
1 2 1 2 2 1 2 1
20 18 18 21 21 15 17 20
12 13 14 11 11 11 14 9
13 12 15 10 10 10 14 14
2 2 2 2 2 2 3 2
18 17 12 14 19 19 12 14
11 9 7 12 8 8 7 11
3 2 3 2 3 2 2 2
16 12 13 15 17 18 18 11
12 15 11 11 15 13 15 17
3 2 3 3 2 3 3 2
16 12 11 11 11 16 12 11
16 16 19 15 14 12 13 14
6 9 9 8 6 8 6 8
20 12 14 19 18 14 12 19
8 5 7 5 5 5 6 5
12 12 16 15 10 16 12 16
20 19 15 16 22 23 22 22
7 4 6 7 7 6 7 6
8 7 7 6 6 8 7 8
3 2 3 3 2 3 2 2
13 10 9 10 13 12 11 11
3 3 3 3 2 2 2 2
12 7 12 11 10 11 11 12
8 11 7 8 8 10 9 12
3 5 5 5 5 5 4 3
18 18 11 14 18 15 11 13
20 12 12 17 15 16 16 14
5 7 8 7 7 6 8 8
11 7 10 8 10 11 10 8
8 10 8 11 11 9 9 12
16 11 13 16 12 15 13 12
5 4 3 3 4 3 5 3
2 2 2 1 1 2 2 2
13 14 9 12 11 10 14 9
8 5 7 5 5 5 8 6
13 8 8 8 10 12 11 12
4 4 3 5 5 4 5 4
21 13 15 15 13 22 19 21
2 2 2 3 3 2 3 3
19 19 14 15 19 14 13 22
12 13 14 15 13 12 17 14
21 18 18 20 20 15 14 16
2 1 1 1 2 2 2 1
16 14 13 14 16 21 19 20
4 3 3 3 4 4 3 3
18 18 14 21 21 14 16 19
1 2 2 1 2 2 2 1
13 17 13 13 19 15 18 17
12 18 12 13 12 15 16 12
9 12 8 10 12 11 8 13
12 19 16 18 15 18 14 13
9 9 8 7 7 6 8 6
3 3 4 4 4 3 4 4
5 5 5 8 6 7 8 7
14 16 18 16 15 11 18 15
12 10 17 15 17 10 14 11
22 16 18 21 21 13 16 22
7 7 8 6 8 6 8 6
16 14 17 18 15 22 17 21
17 23 23 18 21 14 20 14
2 2 1 1 1 1 1 2
6 6 6 7 8 8 6 8
18 17 15 15 15 16 15 16
16 14 20 23 23 14 23 21
10 10 11 10 13 16 12 17
6 4 6 6 7 7 4 6
3 3 5 5 5 3 4 3
5 5 5 6 5 8 7 8
7 7 11 7 7 7 12 7
17 14 19 23 16 20 17 23
9 9 14 9 12 13 9 9
10 10 9 9 8 8 8 8
4 6 6 4 6 5 4 5
18 23 23 18 19 20 14 22
3 3 3 2 3 2 2 3
3 4 5 4 5 5 4 3
2 1 1 1 1 2 1 2
15 15 16 12 19 12 19 17
10 11 10 8 10 11 8 8
3 3 2 3 3 2 3 3
9 12 12 11 11 11 10 12
7 8 6 9 9 7 9 10
12 9 14 11 13 14 13 9
16 13 15 15 18 14 19 16
4 3 5 3 5 5 3 5
12 8 7 11 8 8 11 7
12 12 11 11 18 14 14 18
19 21 21 16 18 17 19 14
5 3 4 3 3 5 5 3
3 3 3 3 3 3 3 3
6 7 5 8 7 7 5 6
12 12 20 15 13 18 18 19
6 9 8 7 6 8 9 8
7 5 4 6 5 5 5 7
1 2 2 2 1 2 2 2
14 20 16 17 16 19 15 16
10 11 13 10 9 8 13 13
20 16 16 22 13 16 20 16
7 6 8 9 6 7 9 9
7 5 7 6 8 7 6 7
15 14 15 16 13 18 12 15
20 22 18 19 15 21 17 13
8 7 7 7 6 8 6 7
17 20 14 13 17 13 15 17
15 16 17 12 12 12 13 13
18 15 15 15 16 17 16 14
2 3 2 2 2 3 2 3
18 15 17 12 18 19 15 19
2 1 2 2 2 2 1 1
4 4 3 3 4 4 3 4
19 14 16 18 19 12 16 15
3 2 2 2 3 2 2 3
12 10 11 10 9 12 9 12
11 10 11 11 13 14 10 10
4 4 3 3 4 5 3 3
5 3 4 4 3 5 4 5
14 12 9 13 9 13 11 14
7 5 8 8 5 5 7 6
16 18 17 14 14 14 12 20
7 7 10 8 11 12 7 10
16 18 17 20 21 14 14 20
5 6 8 5 7 5 7 6
16 17 17 12 17 12 17 10
8 7 8 7 6 6 6 7
4 4 3 3 3 4 3 3
3 5 5 4 3 3 3 3
12 16 17 12 12 17 14 18
8 10 11 8 11 10 10 8
10 8 8 9 9 6 6 7
5 5 3 4 5 3 5 4
10 8 6 10 6 8 6 10
15 14 18 16 14 16 16 15
5 3 3 3 4 4 5 3
10 10 7 11 8 12 9 7
6 8 7 9 9 8 8 7
15 18 15 15 17 19 17 18
1 1 1 2 1 1 1 2
6 7 6 9 9 7 9 9
15 15 15 15 11 16 11 11
13 10 11 11 11 9 13 10
2 2 3 3 2 2 2 2
4 5 4 4 7 7 7 4
11 10 8 13 12 9 11 9
2 2 2 2 3 2 3 3
7 6 6 7 5 7 7 6
9 8 11 10 13 12 13 8
9 8 12 8 10 10 12 13
6 7 9 8 8 8 7 6
2 1 1 1 2 1 2 1
3 3 3 2 2 2 2 2
4 3 3 4 4 4 4 4
8 9 6 6 10 7 7 7
1 1 2 2 2 1 1 1
15 20 13 20 16 21 13 15
2 3 3 2 2 2 3 3
6 9 9 10 9 7 8 8
6 5 6 7 8 5 6 5
3 3 2 2 3 3 2 3
16 12 10 15 14 16 13 11
11 10 9 9 12 9 11 14
3 4 4 3 4 3 3 4
15 20 20 22 16 15 14 23
8 9 8 9 8 9 7 9
13 14 19 15 18 15 14 19
10 7 7 11 11 10 9 10
19 18 15 14 17 17 22 23
14 17 17 17 11 13 11 18
3 4 4 4 4 4 3 3
11 11 9 10 9 10 8 9
11 13 9 9 8 10 13 11
2 3 2 2 2 3 2 3
3 2 3 3 3 2 3 2
22 20 22 22 22 20 14 23
3 2 3 2 2 2 2 3
16 17 12 12 15 17 16 16
12 9 12 10 10 12 7 11
14 10 14 11 11 10 15 13
3 3 3 3 2 3 3 2
6 7 7 6 5 7 6 7
10 13 9 9 9 11 12 15
4 3 3 4 4 4 4 4
7 6 6 7 6 5 7 4
17 20 14 21 15 18 18 15
6 9 8 7 8 6 8 7
22 20 22 20 14 17 15 13
6 6 4 7 5 7 4 4
17 22 19 20 22 14 16 18
15 15 20 15 17 14 17 18
9 8 8 7 6 7 9 9
12 20 15 14 19 13 12 20
9 13 10 12 12 11 12 9
14 10 16 14 14 13 10 17
12 8 8 13 10 12 9 8
13 15 18 12 14 16 16 14
1 2 1 1 2 1 2 2
15 11 12 14 15 14 13 10
8 13 11 11 8 12 9 9
4 6 4 6 5 4 5 6
4 7 6 5 5 5 6 7
9 13 12 11 8 13 9 8
9 6 7 7 9 9 7 8
6 7 9 7 6 10 10 8
12 13 12 10 12 14 11 9
10 8 10 12 12 11 11 10
16 11 14 15 11 16 16 11
7 5 6 5 5 5 8 8
6 6 8 5 7 8 7 6
13 10 14 13 11 13 9 14
15 20 13 15 14 18 14 14
17 14 17 17 14 15 11 17
7 8 8 6 9 9 6 7
3 3 3 2 3 2 2 2
5 8 8 5 6 8 7 7
6 7 8 6 8 8 9 6
4 3 5 4 5 5 4 3
18 11 18 11 16 11 18 14
16 10 12 14 16 12 14 15
10 10 12 12 14 9 15 15
10 13 10 12 14 9 10 14
12 10 7 9 7 8 9 8
8 9 8 8 9 8 7 9
4 4 3 4 4 3 4 3
18 16 14 17 13 17 16 12
4 4 3 3 4 4 3 4
4 4 3 4 3 4 4 4
4 4 3 4 3 3 3 3
1 2 2 1 2 2 1 1
18 18 18 18 18 17 19 17
8 7 10 10 9 10 10 10
7 6 9 6 6 6 9 7
9 7 8 7 7 9 7 8
21 17 22 14 14 23 23 16
6 5 5 5 8 5 5 5
5 5 6 5 5 5 7 5
3 3 4 3 4 3 4 3
6 6 7 6 6 8 6 5
13 15 18 15 12 13 18 12
2 2 3 3 2 2 2 2
11 12 13 13 11 8 13 13
2 3 3 2 3 3 2 2
13 13 15 12 16 16 17 10
5 4 5 5 6 5 5 7
7 8 10 8 9 10 10 6
15 18 15 17 18 17 13 19
18 14 15 13 12 20 20 17
9 13 13 10 10 10 8 8
10 12 12 11 12 8 13 8
15 19 17 16 17 17 16 13
4 7 7 7 6 4 5 6
2 3 2 3 3 2 2 3
13 11 12 14 9 11 9 14
3 3 4 4 4 4 3 3
10 11 14 13 9 9 9 12
3 4 3 4 4 4 4 3
2 2 2 1 1 2 1 1
12 11 11 9 8 12 8 9
9 8 12 8 7 7 10 9
7 7 6 6 6 8 9 6
3 4 4 3 3 3 3 4
9 11 8 7 9 9 10 11
1 1 2 1 1 2 1 1
15 13 9 13 13 14 9 9
7 12 8 7 9 9 9 12
