1 2 30
1 3 50
1 4 53
1 5 139
2 6 10
2 7 23
2 8 10
3 9 56
3 10 42
3 11 53
4 12 104
4 13 25
5 14 8
5 15 135
5 16 20
5 17 11
5 18 85
6 19 96
7 20 140
8 21 141
9 22 68
9 23 145
10 24 102
10 25 46
10 26 80
11 27 117
11 28 122
12 29 153
13 30 113
14 31 132
15 32 83
15 33 92
16 34 120
17 35 24
17 36 24
18 37 54
19 38 149
20 39 108
20 40 107
20 41 129
21 42 51
22 43 118
23 44 46
24 45 22
24 46 99
25 47 150
26 48 37
27 49 71
27 50 88
28 51 6
29 52 48
29 53 141
30 54 46
30 55 86
31 56 132
31 57 151
31 58 78
32 59 84
32 60 158
33 61 3
34 62 6
35 63 18
35 64 44
36 65 83
37 66 15
38 67 84
39 67 26
40 67 148
41 68 67
42 68 143
43 69 75
44 70 45
45 70 18
46 70 120
47 70 74
48 71 105
49 71 79
50 72 107
51 72 146
52 73 50
53 74 53
54 74 125
55 74 135
56 75 15
57 76 150
58 76 17
59 76 32
60 77 66
61 77 3
62 77 62
63 78 36
64 78 101
65 78 112
66 79 89
67 80 137
68 81 102
69 82 155
70 82 65
71 83 48
72 83 83
73 84 103
74 85 27
75 85 8
76 86 91
77 87 26
78 88 113
79 89 116
80 90 100
81 91 147
82 92 87
83 93 85
84 94 69
85 95 59
86 96 103
87 97 34
88 98 73
89 99 87
90 100 131
91 100 135
92 100 131
93 100 60
94 100 27
95 100 45
96 100 18
97 100 128
98 100 29
99 100 112
