1 2 94
1 3 8
1 4 79
1 5 24
2 6 88
3 7 58
4 8 50
5 9 77
6 10 60
6 11 11
7 12 37
8 13 95
8 14 14
8 15 33
9 16 43
10 17 34
11 18 33
12 19 29
12 20 63
13 21 68
14 22 90
15 23 72
16 24 68
17 25 99
18 25 26
19 26 99
20 26 42
21 27 27
22 28 70
23 28 77
24 29 56
25 30 62
26 31 89
27 32 37
28 33 80
29 34 62
30 35 58
31 36 98
32 37 77
33 38 24
34 39 73
35 40 68
35 41 62
36 42 26
37 43 24
38 44 13
38 45 23
38 46 6
39 47 76
40 48 86
41 49 71
42 50 38
42 51 9
43 52 33
44 53 72
45 54 88
46 55 91
47 56 62
48 57 62
49 58 18
50 58 42
51 59 39
52 60 91
53 60 37
54 61 65
55 61 52
56 61 48
57 62 15
58 63 86
59 64 20
60 65 5
61 66 41
62 67 72
63 68 29
64 69 41
64 70 42
65 71 62
66 72 31
67 73 72
68 74 41
69 75 81
70 76 53
71 77 56
71 78 74
72 79 97
73 80 23
74 81 15
75 82 17
76 83 7
77 84 47
77 85 8
78 86 75
78 87 74
79 88 37
80 89 92
81 90 71
82 90 49
83 90 77
84 90 85
85 91 31
86 92 33
87 93 69
88 94 16
89 95 80
90 96 75
91 97 94
92 97 40
93 98 52
94 99 38
95 100 92
96 100 97
97 100 54
98 100 32
99 100 25
