1 2 20
1 3 25
1 4 21
2 5 20
3 6 49
3 7 33
4 8 24
4 9 45
4 10 47
5 11 63
6 12 66
7 13 8
8 14 61
9 14 24
10 15 51
11 16 52
11 17 33
11 18 13
12 19 62
13 20 35
14 21 22
14 22 46
15 23 8
15 24 30
16 25 7
17 26 5
18 26 36
19 27 59
20 27 40
21 28 45
22 29 63
23 29 42
24 30 12
25 31 9
26 32 45
27 33 21
28 34 59
29 35 9
30 36 50
31 37 5
31 38 15
31 39 48
32 40 7
32 41 10
33 42 31
33 43 30
34 44 5
35 45 65
36 46 61
36 47 13
36 48 35
37 49 10
38 50 20
39 51 34
40 52 6
41 53 29
42 54 62
43 55 28
44 56 32
45 56 11
46 56 12
47 57 39
48 58 3
49 59 56
50 60 47
51 61 61
52 62 34
53 63 61
54 64 21
55 65 58
56 66 11
57 67 24
58 68 28
58 69 22
59 70 4
60 70 67
61 71 10
62 71 24
63 71 15
64 71 13
65 72 52
66 72 50
67 73 54
68 73 10
69 74 19
70 75 2
70 76 5
71 77 54
71 78 9
71 79 40
72 80 38
72 81 37
73 82 35
73 83 32
73 84 15
74 85 11
75 86 34
76 86 16
77 87 31
78 88 14
79 88 18
80 89 30
81 89 50
82 89 26
83 90 43
84 90 31
85 90 3
86 91 33
87 92 44
88 93 38
88 94 37
88 95 52
89 96 57
89 97 63
89 98 61
90 99 9
91 100 62
92 100 32
93 100 34
94 100 58
95 100 56
96 100 52
97 100 14
98 100 67
99 100 47
