12 15 9 22 26 13 24 13 25 12 13 14 18 23 22 11
3 3 1 1 1 3 3 2 2 3 1 3 2 3 3 3
4 3 3 4 4 5 2 5 3 5 5 5 2 2 2 2
14 10 16 10 6 6 13 14 10 11 14 15 9 8 7 6
2 2 2 2 1 3 1 1 1 1 1 3 1 2 1 1
5 5 4 7 5 5 5 8 4 7 11 8 7 6 5 10
19 20 11 19 10 19 16 19 8 16 8 13 13 15 18 20
18 7 8 9 10 18 11 14 8 14 17 16 16 17 15 7
21 8 15 7 8 10 16 18 10 14 7 10 11 16 9 12
10 11 7 10 4 7 11 9 8 9 5 7 6 8 12 8
14 11 15 22 13 16 14 20 22 13 20 10 24 9 19 21
8 14 15 15 8 12 15 13 7 9 6 10 12 12 10 12
13 15 16 13 13 15 6 15 18 12 9 12 14 18 11 11
20 16 19 24 28 11 30 20 10 15 10 21 19 21 27 24
10 8 11 7 9 10 8 5 4 12 4 5 12 11 8 10
7 14 5 8 8 14 7 5 5 6 8 8 7 11 9 14
3 2 6 5 4 3 4 3 4 6 2 6 2 6 5 3
14 5 12 14 14 10 5 15 13 12 15 15 5 12 12 13
20 26 20 24 26 15 24 27 23 24 17 17 11 16 18 20
11 12 8 6 9 7 9 12 6 12 10 8 13 8 6 12
21 11 10 15 9 16 25 26 13 25 17 25 19 24 10 24
16 25 16 11 23 19 26 22 14 20 15 9 15 22 9 12
20 23 22 20 9 21 23 17 12 8 10 12 9 21 16 12
3 3 2 1 1 2 1 1 2 3 2 1 2 1 3 3
21 13 10 25 26 11 11 20 20 18 12 17 19 10 20 23
16 20 20 17 18 15 8 13 20 12 21 14 14 10 19 7
3 4 2 3 2 2 2 5 4 3 3 3 3 3 4 3
2 5 4 3 2 4 4 4 2 2 4 3 3 4 2 3
3 5 6 4 5 5 3 3 6 5 3 3 4 3 2 4
15 19 19 17 10 10 18 19 17 19 14 16 7 16 7 8
22 17 18 21 8 22 11 19 13 16 20 12 8 16 11 11
3 6 5 4 2 3 6 3 5 6 3 5 4 6 3 3
10 4 11 8 11 5 11 6 7 6 11 11 7 11 10 8
2 5 2 2 2 2 2 2 2 2 3 2 2 5 3 4
17 8 13 21 12 21 20 20 20 15 14 9 21 12 19 7
2 2 2 1 3 3 3 3 3 1 3 3 1 1 2 1
1 1 1 1 2 1 1 1 2 2 2 2 1 2 1 2
3 4 2 6 4 6 5 3 2 4 5 3 3 3 4 3
5 3 7 4 8 5 6 5 8 3 4 4 5 8 4 4
7 11 6 18 18 18 7 16 7 13 6 13 10 7 14 16
7 7 7 6 7 9 10 6 12 6 12 9 7 8 4 12
9 8 9 6 8 5 5 5 5 7 7 9 4 4 4 3
4 3 3 2 2 5 3 5 3 5 4 2 2 5 4 6
7 4 7 5 4 3 3 6 8 6 6 5 6 8 3 5
12 6 8 10 16 13 15 8 7 15 6 17 10 6 13 11
12 24 23 13 13 14 27 20 24 11 10 24 12 12 12 17
2 4 3 5 5 4 2 5 2 4 5 2 2 3 2 2
15 30 24 27 18 25 28 17 16 14 29 13 23 22 26 25
23 19 23 24 9 13 15 10 26 26 17 17 11 16 26 21
5 2 3 5 3 2 3 3 4 5 4 3 4 4 4 2
10 29 30 29 15 19 17 16 20 26 10 12 11 22 24 13
3 2 3 2 3 1 2 2 2 3 1 1 1 2 1 3
30 23 22 21 16 24 21 26 26 14 25 14 16 28 12 17
3 3 4 2 2 3 5 2 5 3 4 2 4 5 5 5
14 8 18 11 15 15 23 20 21 12 8 23 11 11 20 17
17 17 12 14 14 8 15 13 12 17 17 16 9 6 16 12
14 18 15 16 25 17 24 13 21 25 22 23 26 22 26 13
7 10 11 6 9 5 5 11 14 11 7 14 12 12 14 5
9 7 7 4 8 8 8 9 6 4 4 4 7 7 11 9
15 6 11 13 17 12 17 15 9 8 13 18 9 13 6 11
25 24 11 17 27 22 22 26 19 11 22 20 28 19 24 21
6 7 8 6 5 3 9 7 5 8 6 7 3 8 5 4
8 5 9 12 14 6 13 9 13 5 5 6 6 10 11 7
5 9 6 6 9 12 5 6 6 11 5 6 8 15 9 12
17 18 10 20 20 17 15 8 10 18 11 16 16 18 12 9
21 19 19 17 17 16 13 15 22 20 11 15 21 12 22 21
2 1 1 3 2 3 3 1 1 2 3 2 3 2 1 2
2 2 2 1 2 2 1 2 2 2 1 1 2 1 2 1
11 4 8 7 5 11 4 6 7 6 7 6 9 10 6 6
12 11 18 26 22 20 21 22 25 21 14 12 9 22 23 16
16 10 16 13 18 14 10 19 21 20 12 14 9 11 12 21
17 8 15 16 14 8 8 10 14 16 20 18 11 18 15 11
11 13 13 9 15 15 8 17 9 12 11 18 17 10 15 17
2 2 2 1 1 2 2 2 1 1 1 2 1 2 2 1
4 9 3 9 3 5 6 4 3 6 6 7 9 5 6 8
8 7 16 16 10 13 8 16 11 13 15 12 21 14 20 14
7 12 19 16 18 20 15 20 17 21 21 11 20 10 10 10
5 4 6 4 7 7 7 4 5 8 3 7 7 7 6 7
3 3 1 1 2 3 1 1 1 1 1 1 3 3 1 1
21 26 28 15 10 22 25 11 13 25 26 26 29 26 25 18
10 25 17 17 26 29 22 19 22 22 16 17 20 26 22 15
7 9 11 10 17 18 6 7 8 10 12 17 13 8 8 18
3 9 9 5 9 7 3 9 7 9 8 5 8 4 3 7
5 3 8 4 5 7 6 6 4 7 4 7 5 7 7 6
6 14 10 10 15 12 13 10 14 5 13 13 15 15 13 8
2 2 5 2 3 4 2 4 3 5 3 5 4 4 2 2
9 7 9 5 10 9 6 4 11 7 4 6 9 9 7 4
14 23 23 8 20 10 11 11 18 9 13 23 18 15 17 15
8 5 5 9 8 11 5 10 9 12 10 9 10 6 10 6
14 9 14 13 13 9 14 9 9 9 12 6 8 5 9 11
21 21 19 9 15 18 20 13 21 7 20 15 16 7 8 18
5 4 9 10 5 7 10 4 7 8 10 10 10 5 9 7
20 14 24 16 20 24 10 24 24 17 25 18 22 10 19 24
13 13 5 7 9 14 13 6 6 9 14 5 14 8 5 10
3 5 7 5 7 6 7 5 5 3 8 4 4 7 8 6
6 5 4 11 7 10 10 10 8 10 8 6 8 9 8 8
5 5 6 9 4 5 5 7 4 6 11 4 7 4 4 5
18 10 12 10 6 14 16 13 7 17 12 10 8 9 10 8
16 11 21 13 22 14 12 21 11 17 21 18 21 13 19 9
15 8 14 15 12 9 12 12 5 11 9 5 14 14 6 11
