1 2 7
1 3 9
1 4 1
2 5 3
2 6 2
2 7 2
2 8 7
2 9 6
3 10 3
3 11 7
3 12 7
3 13 7
4 14 7
4 15 5
4 16 4
4 17 1
4 18 3
5 19 4
6 20 2
7 21 7
8 22 4
8 23 7
9 24 7
10 25 3
11 26 7
12 27 9
13 28 7
14 29 5
15 30 1
16 31 6
17 32 6
18 33 1
19 34 8
20 34 9
21 34 2
22 35 2
23 36 8
24 37 3
25 37 5
26 38 9
27 39 2
28 40 2
29 41 4
30 42 1
31 43 2
32 44 4
33 45 8
34 46 5
35 47 9
36 48 9
37 49 8
38 50 7
39 51 7
40 52 3
41 53 4
42 54 7
43 55 9
44 56 4
45 56 3
46 57 3
46 58 4
47 59 5
47 60 4
48 61 2
49 62 2
50 63 8
50 64 9
50 65 6
51 66 9
51 67 8
52 68 4
52 69 4
52 70 7
52 71 7
53 72 8
54 73 1
55 74 3
56 75 4
56 76 5
57 77 8
58 78 4
59 79 9
60 80 5
61 81 8
62 82 1
63 83 6
64 84 3
65 85 6
66 86 3
67 87 6
68 88 3
69 88 1
70 89 2
71 89 7
72 90 8
73 90 6
74 91 6
75 92 9
76 93 8
77 94 6
78 94 3
79 94 2
80 94 1
81 95 3
82 95 7
83 96 8
84 96 9
85 96 6
86 97 5
87 98 8
88 99 8
89 100 8
90 101 7
91 101 2
92 102 9
93 103 2
94 104 4
94 105 6
95 106 1
96 107 5
97 108 3
98 109 6
99 110 7
100 111 9
101 112 2
102 113 8
103 114 5
103 115 8
104 116 9
105 117 2
105 118 7
106 119 9
106 120 1
107 121 4
108 122 8
109 123 8
110 124 2
110 125 9
111 126 9
112 127 1
113 128 1
114 129 7
114 130 7
114 131 6
115 132 2
116 133 2
117 134 6
118 135 9
119 136 6
120 137 5
121 138 2
122 139 3
123 140 1
124 141 6
125 142 5
126 143 8
127 144 5
128 145 4
129 146 2
130 147 5
131 148 5
132 149 8
133 150 5
134 150 3
135 151 5
136 152 4
137 153 4
138 153 4
139 154 8
140 154 1
141 155 2
142 156 3
143 157 4
144 158 5
145 159 5
146 160 4
147 160 2
148 161 5
149 161 2
150 162 8
151 162 9
152 162 9
153 162 6
154 163 8
155 164 2
156 165 2
157 165 8
158 165 2
159 165 5
160 166 3
161 167 9
162 168 5
163 169 2
164 170 7
164 171 2
165 172 6
165 173 7
166 174 8
166 175 4
167 176 1
167 177 7
167 178 4
167 179 5
167 180 1
168 181 3
169 181 9
170 182 7
171 182 5
172 183 4
173 183 2
174 183 1
175 183 2
176 184 3
177 185 5
178 185 5
179 186 3
180 187 4
181 188 7
181 189 9
181 190 8
182 191 5
183 192 1
184 193 2
185 194 6
185 195 8
186 196 8
186 197 5
187 198 9
187 199 9
188 200 6
188 201 3
189 202 6
190 203 5
191 204 7
192 205 6
192 206 4
193 207 4
194 208 3
194 209 6
195 210 2
196 211 2
196 212 2
197 213 7
197 214 6
198 215 8
198 216 7
199 217 3
199 218 2
200 219 8
201 219 2
202 220 2
203 221 3
204 222 6
205 223 3
206 224 5
207 225 1
208 226 9
209 227 8
210 228 5
211 229 6
212 230 2
213 231 2
214 232 1
215 233 7
216 234 6
217 235 2
218 236 1
219 237 4
220 237 1
221 238 9
222 239 7
223 240 5
224 241 1
225 241 6
226 242 7
227 242 5
228 243 1
229 244 4
230 245 6
231 246 7
232 247 4
233 248 7
234 249 5
235 249 8
236 250 2
237 251 7
238 252 1
239 253 9
239 254 1
240 255 8
241 256 2
241 257 7
242 258 4
243 259 8
244 260 9
244 261 3
245 262 3
245 263 9
245 264 9
246 265 7
247 266 6
247 267 2
248 268 3
249 269 3
250 270 1
250 271 8
251 272 3
252 272 6
253 273 6
254 273 2
255 274 2
256 274 2
257 275 2
258 276 6
259 276 2
260 277 1
261 278 7
262 279 3
263 280 2
264 280 1
265 281 3
266 282 7
267 282 5
268 283 4
269 283 4
270 284 4
271 284 4
272 285 2
272 286 9
272 287 9
273 288 7
273 289 7
274 290 5
274 291 8
275 292 2
275 293 3
275 294 4
275 295 1
275 296 6
276 297 2
276 298 8
276 299 8
276 300 1
276 301 1
277 302 3
277 303 9
278 304 1
278 305 2
278 306 7
278 307 2
278 308 7
279 309 7
279 310 4
279 311 9
279 312 8
279 313 5
280 314 3
280 315 9
281 316 3
281 317 8
281 318 2
281 319 3
281 320 9
282 321 2
282 322 4
282 323 5
283 324 5
283 325 5
283 326 8
283 327 2
284 328 8
285 329 1
286 329 8
287 329 3
288 329 1
289 330 4
290 330 5
291 330 8
292 330 2
293 330 5
294 331 2
295 331 7
296 331 9
297 331 8
298 331 1
299 332 6
300 332 3
301 332 6
302 332 6
303 332 4
304 333 8
305 333 4
306 333 7
307 334 6
308 334 5
309 334 6
310 335 9
311 335 8
312 335 3
313 335 3
314 335 5
315 336 3
316 336 8
317 336 2
318 336 2
319 337 2
320 337 3
321 337 5
322 337 2
323 337 3
324 337 4
325 338 6
326 338 4
327 339 3
328 339 8
329 340 1
330 341 1
331 342 2
331 343 1
332 344 4
333 345 4
334 346 6
335 347 7
336 348 7
337 349 1
338 350 7
339 351 1
340 352 7
341 353 4
342 354 9
343 355 4
344 356 3
345 357 4
346 358 8
347 359 4
348 360 8
348 361 2
349 362 8
350 363 8
351 364 5
351 365 7
352 366 7
353 367 4
354 368 9
355 369 3
356 370 8
357 370 8
358 371 1
359 372 6
360 373 7
361 374 9
362 375 1
363 376 9
364 377 9
365 378 9
366 379 1
367 380 4
367 381 7
368 382 6
368 383 3
368 384 4
369 385 5
369 386 8
370 387 3
371 388 1
372 389 4
373 390 3
374 391 2
375 392 6
376 393 8
376 394 7
377 395 5
377 396 4
377 397 6
378 398 5
379 399 5
380 399 8
381 400 4
382 400 4
383 401 3
384 401 8
385 402 2
386 403 7
387 404 4
388 405 8
389 406 2
390 406 4
391 406 9
392 407 2
393 407 1
394 407 3
395 407 1
396 408 4
397 408 3
398 409 6
399 410 5
400 411 5
400 412 1
401 413 1
402 414 9
403 415 1
404 416 8
405 417 8
406 418 2
407 419 3
408 420 5
409 421 3
410 422 9
410 423 3
411 424 7
411 425 7
412 426 4
413 427 6
414 428 1
414 429 7
415 430 3
416 431 7
417 432 9
418 433 7
419 434 8
420 435 7
421 436 7
421 437 4
422 438 9
423 439 6
424 440 8
425 441 3
426 442 2
427 443 4
428 444 7
429 445 8
430 446 4
431 447 4
432 448 8
433 449 6
434 450 4
435 451 5
436 452 4
437 453 3
438 454 1
439 455 1
440 456 5
441 457 3
442 458 3
443 458 8
444 459 6
445 460 4
446 461 6
447 461 4
448 461 6
449 461 9
450 462 7
451 462 7
452 462 9
453 463 2
454 464 5
454 465 4
455 466 3
456 467 1
456 468 7
457 469 9
458 470 1
459 471 5
459 472 4
460 473 7
461 474 5
462 475 6
463 476 4
464 477 7
465 478 3
466 479 1
467 480 9
468 481 5
469 482 8
470 483 6
470 484 6
471 485 7
472 486 2
473 487 5
474 488 4
475 489 2
476 490 3
477 491 9
478 492 5
479 493 8
480 494 2
481 494 7
482 495 5
483 496 4
484 496 3
485 496 3
486 497 4
487 498 1
488 499 6
489 500 3
490 501 7
491 502 9
492 503 2
493 504 3
494 505 5
495 506 8
495 507 9
496 508 9
496 509 1
497 510 4
498 511 6
499 512 8
500 513 8
501 514 1
501 515 7
502 516 2
503 517 2
504 518 2
505 519 5
506 520 6
507 521 8
508 522 6
509 523 7
510 524 4
511 525 9
512 526 6
513 527 8
514 527 7
515 528 4
516 529 7
517 530 1
517 531 6
518 532 9
519 533 9
520 534 6
521 535 7
522 536 6
523 537 3
524 538 6
524 539 6
525 540 8
526 541 1
527 542 6
527 543 8
528 544 7
529 545 4
530 546 5
531 547 5
532 548 9
533 549 9
534 550 1
535 551 5
536 552 9
537 553 2
538 554 5
539 555 6
540 556 4
541 557 1
542 558 7
543 559 8
544 560 4
545 561 7
546 561 1
547 562 2
548 562 4
549 563 3
550 564 8
551 565 7
552 565 1
553 565 3
554 566 5
555 567 6
556 567 6
557 568 8
558 569 7
559 569 8
560 570 4
561 571 2
562 572 1
563 573 3
564 573 6
565 573 3
566 574 1
567 574 9
568 575 1
569 576 9
570 577 5
571 578 7
571 579 2
572 580 3
573 581 6
574 582 6
574 583 3
575 584 4
575 585 3
576 586 2
576 587 8
576 588 8
577 589 5
578 590 1
579 590 9
580 590 1
581 591 2
582 592 6
583 593 8
584 594 2
585 595 1
586 596 4
587 597 9
588 598 9
589 599 9
590 600 2
591 600 8
592 600 1
593 600 1
594 600 4
595 600 9
596 600 5
597 600 6
598 600 2
599 600 7
