1 2 7
1 3 71
1 4 45
1 5 56
1 6 51
2 7 49
2 8 22
3 9 14
3 10 34
3 11 18
3 12 79
4 13 10
5 14 12
6 15 69
6 16 40
7 17 23
8 18 35
9 19 22
10 20 52
11 21 34
12 22 7
13 23 19
14 24 54
15 25 15
16 26 60
17 27 5
18 28 79
18 29 2
19 30 68
19 31 52
20 32 5
21 33 52
21 34 44
22 35 12
23 36 71
24 37 56
25 38 3
25 39 33
25 40 2
26 41 35
26 42 54
27 43 34
27 44 48
28 45 75
29 46 52
30 47 9
30 48 75
31 49 8
31 50 46
32 51 50
33 52 33
34 53 15
35 54 78
35 55 34
36 56 23
37 57 76
37 58 36
38 59 72
39 60 19
40 61 40
41 62 49
42 63 66
43 64 58
44 65 1
45 66 31
46 67 10
47 68 53
48 68 70
49 69 25
50 70 78
51 71 8
52 71 77
53 72 66
54 73 32
55 73 49
56 74 7
57 74 45
58 74 44
59 75 56
60 76 56
61 77 33
62 78 74
63 79 31
64 80 73
65 81 2
66 82 1
67 83 65
68 84 69
69 85 21
70 86 12
71 87 67
71 88 60
72 89 68
73 90 9
74 91 64
75 92 30
76 93 45
77 94 42
78 95 50
79 96 50
80 97 73
81 98 2
82 98 56
83 99 44
84 100 28
85 101 30
86 102 77
87 102 75
88 103 64
89 103 73
90 103 27
91 104 56
92 105 6
93 106 57
94 107 21
95 107 76
96 108 5
97 109 63
98 110 48
98 111 5
99 112 34
100 113 12
101 114 49
101 115 33
102 116 62
103 117 51
103 118 52
104 119 36
104 120 20
105 121 4
106 122 19
107 123 79
107 124 60
107 125 68
108 126 53
109 127 11
110 128 48
111 129 16
112 130 39
113 131 59
114 132 5
115 133 51
116 134 16
117 134 75
118 135 77
119 135 4
120 136 68
121 137 2
122 138 33
123 139 21
124 140 62
125 141 14
126 142 63
127 143 14
128 144 76
129 144 54
130 145 29
131 146 51
132 147 50
133 148 12
134 149 76
135 150 63
136 151 34
137 152 1
138 153 53
139 154 55
140 155 15
141 156 55
142 156 9
143 157 67
144 158 34
145 159 67
145 160 53
146 161 43
147 162 61
148 163 65
149 164 44
150 165 40
151 166 20
152 167 23
153 168 53
154 169 51
155 170 7
156 171 75
156 172 29
156 173 67
157 174 40
158 174 2
159 175 51
160 175 9
161 176 46
162 176 26
163 177 63
164 177 5
165 178 26
166 179 52
167 180 35
168 180 6
169 181 57
170 182 10
171 182 50
172 183 29
173 183 6
174 184 23
175 185 23
175 186 4
175 187 39
175 188 52
176 189 3
177 190 17
177 191 46
178 192 34
178 193 32
178 194 20
178 195 21
179 196 76
180 197 54
180 198 46
181 199 68
181 200 37
182 201 79
183 202 63
184 203 71
185 204 8
186 205 74
187 206 72
188 207 25
189 208 17
190 209 13
191 210 78
192 211 36
193 212 41
194 213 78
195 213 58
196 214 67
197 215 54
198 216 56
199 217 45
200 218 25
201 219 25
202 220 66
203 221 77
204 222 36
205 223 31
206 224 33
207 225 47
208 226 24
209 227 19
210 228 76
211 229 53
212 230 62
213 231 31
214 232 34
215 233 39
216 234 32
217 235 71
218 236 36
219 237 63
220 238 34
221 239 24
222 239 71
223 240 51
224 241 11
225 242 9
226 243 11
227 243 47
228 244 20
229 244 52
230 245 44
231 246 31
232 246 26
233 247 47
234 248 7
235 249 9
236 249 66
237 249 21
238 250 71
239 251 53
240 252 38
240 253 51
241 254 71
242 255 23
243 256 66
244 257 49
245 258 54
246 259 72
247 260 62
248 261 24
249 262 65
250 263 28
251 264 21
252 265 26
253 266 47
254 267 5
255 268 59
255 269 3
256 270 11
257 271 48
258 272 12
259 273 23
260 274 64
261 275 44
262 276 37
263 277 18
264 278 73
264 279 30
265 280 24
265 281 57
266 282 45
266 283 79
267 284 14
267 285 11
268 286 77
269 287 9
269 288 75
269 289 4
270 290 32
270 291 23
270 292 31
271 293 16
272 294 65
272 295 63
272 296 46
273 297 60
274 298 17
275 299 67
276 300 43
277 301 74
278 302 15
279 303 67
280 304 44
281 305 6
282 306 59
283 306 31
284 307 29
285 307 5
286 308 29
287 309 8
288 310 54
289 311 63
290 312 5
291 313 73
292 314 25
293 315 8
294 316 24
295 317 35
296 318 55
297 318 6
298 319 67
299 320 5
300 320 68
301 321 14
302 322 14
303 323 34
303 324 23
304 325 65
305 326 52
306 327 77
306 328 71
307 329 34
308 330 50
309 331 70
310 332 72
311 333 19
312 334 70
313 335 68
314 336 57
315 337 52
315 338 25
316 339 65
317 340 27
318 341 35
318 342 40
319 343 20
320 344 59
321 345 17
321 346 14
322 347 11
323 347 69
324 348 33
325 349 16
326 350 42
327 350 72
328 350 44
329 351 18
330 351 47
331 352 65
332 352 77
333 353 65
334 354 28
335 355 70
336 356 46
337 357 77
338 357 46
339 357 69
340 358 8
341 358 10
342 359 41
343 360 67
344 360 70
345 361 28
346 362 36
347 363 31
348 364 29
349 365 44
349 366 42
350 367 17
351 368 48
352 369 12
353 370 45
354 371 67
355 372 14
356 373 2
357 374 52
358 375 51
359 376 55
359 377 58
360 378 28
361 379 46
362 380 2
363 381 52
364 382 70
365 382 24
366 383 59
367 383 72
368 384 26
369 384 46
370 385 21
371 386 21
372 386 15
373 387 40
374 387 59
375 388 2
376 389 30
377 390 12
378 391 63
379 392 15
380 392 10
381 393 14
382 394 59
383 395 14
384 396 40
385 397 12
386 398 3
387 399 59
388 400 29
389 401 10
390 401 55
391 402 60
392 403 60
393 404 77
394 405 50
395 406 49
396 407 57
396 408 74
397 409 75
397 410 76
397 411 76
398 412 68
399 413 18
399 414 18
400 415 55
401 416 48
402 417 21
403 418 66
403 419 52
404 420 59
405 421 64
406 422 14
407 423 9
408 424 58
409 425 50
410 426 4
411 427 58
412 428 66
413 429 45
414 430 37
415 431 78
416 431 32
417 432 49
418 433 37
419 434 61
420 435 5
420 436 18
421 437 53
421 438 22
422 439 42
422 440 25
422 441 64
423 442 28
423 443 25
423 444 38
424 445 31
425 446 48
426 447 41
427 448 41
427 449 23
428 450 44
429 451 36
429 452 37
430 453 50
430 454 38
431 455 73
431 456 78
431 457 56
432 458 51
432 459 79
433 460 4
434 461 2
434 462 76
435 463 15
436 464 75
437 464 77
438 464 2
439 465 30
440 466 44
441 466 1
442 466 38
443 467 63
444 467 50
445 468 59
446 468 8
447 469 64
448 469 52
449 469 31
450 470 76
451 470 20
452 471 30
453 472 24
454 473 41
455 474 13
456 475 25
457 476 8
458 476 2
459 477 2
460 477 2
461 478 51
462 478 78
463 479 44
464 480 13
465 481 55
465 482 70
466 483 53
467 484 43
468 485 15
469 486 1
469 487 10
470 488 22
471 489 29
472 490 56
473 491 31
474 492 9
475 493 59
475 494 65
476 495 42
477 496 58
478 497 51
479 498 25
480 498 56
481 498 15
482 498 41
483 499 43
484 499 6
485 500 49
486 500 3
487 500 60
488 501 16
489 502 16
490 502 29
491 503 36
492 504 45
493 505 4
494 506 72
495 507 3
496 508 62
497 509 53
498 510 71
499 511 39
500 512 23
501 513 30
502 514 61
503 515 68
504 516 67
505 517 32
506 518 40
507 519 8
508 520 39
509 521 25
510 522 16
511 523 5
512 524 56
513 525 25
514 526 16
515 527 54
515 528 40
516 529 43
517 530 19
518 531 64
519 532 77
519 533 76
520 534 55
521 535 48
522 536 60
523 537 76
524 537 3
525 538 11
526 539 42
527 540 14
528 541 77
529 541 14
530 542 77
531 543 8
532 544 32
533 545 44
534 545 26
535 546 31
536 547 51
537 548 6
538 549 70
539 550 49
540 551 8
541 552 29
542 553 4
543 554 36
543 555 74
544 556 65
544 557 5
545 558 69
546 559 32
547 560 54
548 561 79
549 562 72
550 563 47
551 564 62
552 565 37
553 566 31
554 567 33
555 568 10
556 569 8
557 570 15
558 571 74
559 572 75
560 573 1
561 574 66
562 575 70
563 576 41
564 577 57
565 578 17
566 579 71
567 580 61
568 581 1
569 582 63
569 583 3
570 584 74
571 585 70
572 586 64
573 587 23
573 588 23
574 589 2
575 590 55
576 591 21
577 592 5
578 593 8
579 594 17
580 595 22
580 596 22
581 597 13
582 598 63
582 599 51
583 600 22
584 601 11
585 602 16
585 603 62
586 604 33
587 605 74
588 606 6
589 607 18
590 608 3
591 609 40
592 610 17
593 611 75
593 612 44
594 613 36
595 614 68
595 615 76
596 616 33
597 617 6
598 618 47
598 619 48
598 620 27
599 621 72
600 622 15
601 623 38
601 624 49
602 625 55
603 626 28
604 627 30
605 628 31
606 628 38
607 629 23
608 629 9
609 630 36
610 630 68
611 631 31
612 631 3
613 631 52
614 632 35
615 632 2
616 633 65
617 633 41
618 634 24
619 634 33
620 635 72
621 636 60
622 636 12
623 637 44
624 637 59
625 638 45
626 638 73
627 639 68
628 640 20
629 641 3
629 642 28
630 643 14
630 644 12
631 645 50
632 646 38
632 647 47
633 648 51
634 649 75
635 650 30
636 651 65
637 652 20
638 653 42
638 654 1
638 655 74
638 656 69
639 657 60
640 658 70
641 659 13
642 660 14
643 661 4
644 662 63
645 663 15
646 664 23
647 665 62
648 666 50
649 667 3
650 668 27
651 669 60
652 669 20
653 670 44
654 671 74
655 671 67
656 672 54
657 673 34
658 674 12
659 675 50
660 675 9
661 676 76
662 677 10
663 677 78
664 678 48
665 679 44
666 680 3
667 681 52
668 682 22
669 683 63
670 684 63
671 685 22
672 686 1
673 687 59
674 688 17
675 689 42
675 690 8
676 691 17
677 692 67
677 693 24
678 694 58
679 695 65
679 696 23
679 697 31
680 698 31
681 699 28
682 700 34
683 701 78
684 702 63
685 703 26
685 704 39
686 705 25
687 706 41
688 707 25
689 708 15
690 709 33
691 710 37
692 711 49
693 712 51
694 713 32
695 714 38
696 715 23
697 716 61
698 717 67
699 718 13
700 719 25
701 720 64
702 721 40
703 722 34
704 723 21
705 724 3
705 725 11
706 726 68
707 727 50
708 727 66
709 728 60
710 729 5
711 730 12
712 731 67
713 732 65
714 733 72
715 733 28
716 734 23
717 735 33
718 736 33
719 737 22
720 738 78
721 739 19
722 740 69
723 741 16
724 742 41
725 743 39
726 744 4
727 745 1
728 746 44
729 747 74
730 748 45
731 748 33
732 749 37
733 750 49
734 750 72
735 751 43
736 752 65
737 753 77
738 754 22
739 755 70
740 756 33
741 757 38
742 758 47
743 759 4
744 760 29
745 761 69
746 762 78
746 763 6
747 764 4
747 765 43
748 766 21
748 767 69
749 768 57
750 769 14
751 770 69
752 771 74
753 772 76
754 773 7
755 774 28
756 775 51
756 776 68
757 777 4
758 778 48
759 779 16
760 780 58
761 781 75
762 781 32
763 782 22
764 782 64
765 783 36
766 783 58
767 784 28
768 784 59
769 785 46
770 785 6
771 786 27
772 786 43
773 787 3
774 787 33
775 787 32
776 788 18
777 788 16
778 788 12
779 789 45
780 789 64
781 790 39
781 791 33
782 792 26
783 793 37
784 794 72
785 795 37
785 796 54
786 797 60
786 798 28
787 799 36
787 800 48
787 801 2
788 802 79
788 803 22
789 804 15
789 805 37
790 806 74
791 807 61
792 808 9
793 809 24
794 810 44
795 811 6
796 811 6
797 812 63
798 813 61
799 814 46
800 815 27
801 816 33
802 817 61
803 818 32
804 819 62
805 820 37
806 821 34
807 822 38
808 823 2
809 824 66
810 825 24
811 826 49
812 827 10
813 828 22
814 829 79
815 830 5
816 831 14
817 832 9
818 833 52
819 834 75
820 835 55
821 836 22
822 837 25
823 838 79
824 838 40
825 839 36
826 839 29
827 840 3
828 841 35
829 842 15
830 843 68
831 844 45
832 845 20
833 846 63
834 846 58
835 847 53
836 848 75
837 849 47
837 850 57
837 851 43
838 852 10
838 853 79
838 854 55
838 855 22
839 856 5
839 857 62
839 858 45
840 859 23
841 860 63
841 861 70
842 862 15
842 863 76
843 864 33
844 865 57
844 866 56
845 867 58
845 868 54
846 869 78
847 870 18
847 871 54
848 872 67
849 872 58
850 872 15
851 873 71
852 873 24
853 874 30
854 874 78
855 874 72
856 875 42
857 875 57
858 875 65
859 876 56
860 877 23
861 877 34
862 878 75
863 878 60
864 878 63
865 879 62
866 879 79
867 879 74
868 879 47
869 880 46
870 880 20
871 881 4
872 882 20
873 883 33
874 884 51
875 885 35
875 886 30
875 887 49
876 888 75
876 889 25
876 890 18
877 891 33
878 892 41
878 893 34
879 894 30
880 895 44
880 896 27
880 897 78
881 898 70
881 899 26
882 900 24
883 900 63
884 900 13
885 900 25
886 900 43
887 900 36
888 900 47
889 900 47
890 900 39
891 900 75
892 900 27
893 900 59
894 900 75
895 900 26
896 900 72
897 900 61
898 900 70
899 900 61
