1 2 33
1 3 15
1 4 33
1 5 27
2 6 33
2 7 2
2 8 12
2 9 8
2 10 13
3 11 29
3 12 2
3 13 21
3 14 24
3 15 35
4 16 24
4 17 1
4 18 2
4 19 26
4 20 5
5 21 22
5 22 1
5 23 9
5 24 12
6 25 31
7 26 5
8 27 3
9 27 1
10 27 26
11 28 28
12 29 25
13 30 11
14 31 10
15 32 12
16 33 16
17 33 21
18 34 26
19 35 26
20 35 20
21 36 39
22 37 39
23 38 28
24 39 39
25 40 15
26 41 33
26 42 29
27 43 24
28 44 16
28 45 16
29 46 35
30 47 21
30 48 25
31 49 5
31 50 17
32 51 29
33 52 14
34 53 11
34 54 18
34 55 21
35 56 14
35 57 30
36 58 26
37 59 6
38 60 16
39 61 25
40 62 39
41 63 9
42 64 37
43 65 11
44 66 16
45 67 31
46 68 35
47 69 10
48 70 28
49 71 28
50 72 28
51 72 7
52 73 16
53 74 35
54 75 6
55 76 38
56 76 16
57 77 10
58 78 14
59 79 22
60 80 19
61 81 32
62 82 19
63 83 10
64 84 3
65 85 19
66 86 13
67 87 37
68 88 23
69 89 19
70 90 29
71 91 17
72 92 29
73 93 35
74 94 25
75 95 17
76 96 13
77 97 1
78 98 5
79 99 15
80 100 12
81 101 24
82 102 19
83 103 26
84 103 2
85 104 28
86 105 12
87 105 1
88 106 3
89 107 10
90 108 34
91 109 22
92 110 24
93 111 18
94 111 2
95 112 23
96 112 4
97 113 35
98 113 10
99 113 30
100 114 10
101 114 27
102 115 5
102 116 13
103 117 25
104 118 24
105 119 31
106 120 1
106 121 11
107 122 33
108 123 15
109 124 25
109 125 35
110 126 2
111 127 21
111 128 29
112 129 11
113 130 20
114 131 33
114 132 3
115 133 13
116 134 10
117 135 19
118 136 13
119 136 18
120 137 12
121 138 6
122 139 9
123 140 22
124 141 4
125 142 14
126 143 3
127 144 19
128 145 29
129 145 26
130 146 32
131 147 10
132 148 16
133 149 28
134 150 10
135 151 39
136 152 5
137 153 25
138 154 35
139 155 23
140 156 21
141 157 33
142 158 18
143 159 16
144 160 18
144 161 13
144 162 6
145 163 4
146 164 15
147 165 13
147 166 4
148 167 34
149 168 15
150 169 34
151 169 25
152 170 34
153 171 37
154 172 18
155 172 9
156 173 13
157 174 2
158 175 5
159 176 14
160 177 3
161 177 4
162 178 19
163 179 32
164 180 28
165 181 20
166 182 36
167 182 2
168 183 16
168 184 31
169 185 14
169 186 39
170 187 21
171 188 23
172 189 21
173 190 7
174 191 32
174 192 13
175 193 18
176 194 1
176 195 11
177 196 26
178 197 10
179 198 18
180 199 7
180 200 17
181 201 5
181 202 33
182 203 26
183 204 36
184 205 10
185 206 22
186 207 14
187 208 24
188 208 24
189 208 29
190 209 1
191 209 36
192 210 38
193 211 38
194 212 27
195 213 12
196 214 14
197 214 2
198 215 5
199 215 32
200 215 16
201 216 29
202 216 38
203 217 14
204 218 3
205 219 35
206 220 39
207 221 36
208 222 16
209 223 14
210 224 37
210 225 34
211 226 28
212 227 26
213 228 36
213 229 37
214 230 20
215 231 17
216 232 33
217 233 22
217 234 17
217 235 29
218 236 17
219 237 19
220 237 7
221 238 26
222 238 37
223 239 33
224 240 29
225 241 23
226 242 4
227 242 27
228 243 13
229 244 21
230 245 14
231 246 12
232 246 39
233 247 19
234 248 20
235 248 32
236 249 26
236 250 16
237 251 35
238 252 38
238 253 29
239 254 3
240 255 27
241 256 33
242 257 34
242 258 37
243 259 19
244 260 36
244 261 23
245 262 28
246 263 1
247 264 8
248 265 10
249 266 28
250 267 32
251 268 31
252 268 1
253 268 29
254 269 15
255 269 13
256 270 38
257 271 2
258 272 12
259 273 33
260 273 23
261 274 37
262 275 23
263 275 7
264 276 38
265 277 3
266 278 25
267 279 15
268 280 23
269 281 15
269 282 30
270 283 3
270 284 14
270 285 11
271 286 12
272 287 6
273 288 7
274 289 32
275 290 16
275 291 17
276 292 20
276 293 38
277 294 31
278 295 3
279 296 8
280 297 25
281 298 21
282 299 22
283 300 33
284 301 25
285 302 35
286 303 36
287 304 4
288 305 38
289 306 31
290 307 7
291 308 35
291 309 3
292 310 21
293 311 29
294 312 6
294 313 9
295 314 28
296 315 8
297 316 4
298 317 15
299 318 21
300 319 32
301 320 2
302 321 30
303 322 35
304 323 4
305 323 35
306 324 32
307 325 2
308 325 3
309 326 19
310 327 9
311 328 35
312 329 1
313 330 31
314 331 14
314 332 37
315 333 4
315 334 3
316 335 38
317 336 30
318 337 33
319 338 31
319 339 4
319 340 33
320 341 27
320 342 19
321 343 16
322 344 6
323 345 9
324 346 27
325 347 7
326 348 1
327 349 18
327 350 2
328 351 15
329 352 24
329 353 35
330 354 37
331 355 12
332 355 18
333 355 23
334 356 16
335 356 6
336 357 33
337 357 5
338 358 21
339 359 10
340 359 32
341 359 10
342 360 15
343 361 37
344 361 35
345 362 34
346 362 23
347 362 2
348 363 32
349 363 4
350 364 18
351 364 11
352 364 20
353 365 6
354 365 1
355 366 21
356 367 17
357 368 12
358 369 37
359 370 25
360 371 11
361 372 37
362 373 21
363 374 28
364 375 22
365 376 22
366 377 8
366 378 3
366 379 20
366 380 31
366 381 30
367 382 39
367 383 29
367 384 15
367 385 20
367 386 9
368 387 33
368 388 20
368 389 31
368 390 38
368 391 28
369 392 5
369 393 8
369 394 29
369 395 14
369 396 18
370 397 24
370 398 23
370 399 11
370 400 34
370 401 16
371 402 21
371 403 3
371 404 7
371 405 37
371 406 3
372 407 13
372 408 9
372 409 14
372 410 27
372 411 29
373 412 35
373 413 21
373 414 17
373 415 22
373 416 35
374 417 33
374 418 31
374 419 7
374 420 20
374 421 34
375 422 32
375 423 16
375 424 38
375 425 1
375 426 33
376 427 36
376 428 22
376 429 4
376 430 16
377 431 6
378 431 4
379 431 13
380 431 5
381 432 15
382 433 34
383 434 16
384 434 28
385 434 38
386 434 7
387 434 3
388 434 30
389 434 22
390 434 38
391 435 26
392 435 16
393 435 8
394 435 1
395 436 7
396 436 39
397 436 32
398 436 4
399 436 1
400 437 13
401 437 12
402 437 31
403 437 38
404 437 31
405 437 13
406 437 11
407 438 34
408 438 32
409 438 6
410 438 16
411 438 2
412 438 37
413 438 25
414 438 15
415 439 1
416 439 26
417 439 36
418 439 30
419 439 24
420 439 19
421 440 24
422 440 18
423 440 29
424 440 28
425 441 23
426 441 24
427 442 3
428 443 21
429 443 19
430 443 21
431 444 27
431 445 19
432 446 3
432 447 22
433 448 20
433 449 23
434 450 6
434 451 37
434 452 7
435 453 32
435 454 19
435 455 22
436 456 22
437 457 10
437 458 10
438 459 12
439 460 3
439 461 37
440 462 31
441 463 36
442 464 29
443 465 29
443 466 29
443 467 7
443 468 25
443 469 34
444 470 20
445 470 2
446 470 17
447 471 12
448 471 15
449 472 30
450 473 13
451 474 25
452 474 28
453 474 10
454 474 21
455 475 38
456 475 21
457 476 15
458 476 2
459 476 23
460 477 25
461 478 21
462 478 39
463 479 27
464 480 33
465 480 1
466 481 17
467 482 17
468 482 15
469 482 7
470 483 5
471 484 3
472 485 7
473 486 29
473 487 23
474 488 35
474 489 8
475 490 8
476 491 24
477 492 26
477 493 10
478 494 2
479 495 18
480 496 25
481 497 11
482 498 23
482 499 37
483 500 16
484 501 6
485 502 10
486 503 30
487 504 11
488 505 16
489 506 9
490 507 16
491 508 7
492 509 31
493 510 37
494 511 34
495 512 18
495 513 29
496 514 32
496 515 30
497 516 8
498 517 35
499 518 36
500 519 18
501 520 27
502 521 1
503 522 3
504 523 7
505 524 2
506 525 38
507 526 2
508 527 30
509 528 31
510 529 35
511 530 6
512 531 3
513 532 13
514 533 33
515 534 9
516 535 35
517 536 15
518 537 26
519 538 10
520 539 20
521 540 32
522 541 25
523 542 7
524 543 37
525 544 24
526 545 30
527 545 8
528 546 33
529 547 28
530 548 4
531 548 15
532 549 24
533 550 26
534 551 31
535 552 36
536 553 33
537 554 6
538 555 11
539 556 33
540 557 34
541 558 24
542 559 37
543 560 14
544 560 29
545 561 8
546 561 26
547 562 24
548 563 29
549 564 21
550 565 9
551 566 18
552 567 17
553 568 13
554 569 32
555 570 2
555 571 8
556 572 32
557 573 27
558 574 15
559 575 25
560 576 22
561 577 37
562 578 19
563 579 20
564 580 1
565 581 12
566 582 35
567 583 6
568 584 39
569 585 6
570 586 30
571 587 10
572 588 24
573 589 25
574 590 36
575 590 9
576 591 32
577 591 3
578 592 33
579 593 30
580 594 22
581 595 27
582 596 31
583 597 14
584 597 36
585 598 35
586 599 32
587 600 30
587 601 15
588 602 10
589 603 22
589 604 30
590 605 11
590 606 18
591 607 20
591 608 26
592 609 2
592 610 9
593 611 6
593 612 20
594 613 23
594 614 35
595 615 28
596 616 12
596 617 14
597 618 20
598 619 3
598 620 31
599 621 7
600 622 23
601 623 28
602 624 21
603 625 24
604 626 14
605 627 14
606 628 6
607 628 29
608 628 19
609 629 31
610 629 33
611 630 9
612 631 18
613 632 28
614 633 7
615 633 36
616 634 14
617 635 2
618 635 1
619 635 22
620 636 37
621 637 12
622 638 4
623 639 21
624 640 34
625 641 27
626 642 23
627 643 13
628 644 29
629 645 30
630 646 28
631 647 26
632 648 30
633 649 5
634 650 10
635 651 12
636 652 16
637 653 12
638 654 16
639 655 37
640 656 28
641 657 2
642 658 34
643 659 9
644 660 37
645 661 14
646 662 16
647 663 31
648 664 14
649 665 2
650 666 3
651 667 33
652 668 9
653 669 13
654 670 27
655 671 38
656 672 20
657 673 3
658 674 28
659 674 24
660 675 23
661 676 29
662 676 4
663 677 38
664 678 11
665 679 18
666 680 13
667 680 33
668 681 23
669 682 9
669 683 9
670 684 28
671 685 28
671 686 14
671 687 24
671 688 34
672 689 6
672 690 10
673 691 21
673 692 20
674 693 28
675 694 33
675 695 7
675 696 12
676 697 4
677 698 9
678 699 31
678 700 25
679 701 8
679 702 28
679 703 8
680 704 21
681 705 25
682 706 23
683 707 16
684 707 7
685 708 34
686 708 23
687 708 20
688 709 37
689 710 11
690 711 12
691 712 10
692 713 32
693 714 7
694 715 30
695 716 11
696 717 12
697 718 10
698 718 30
699 719 7
700 720 39
701 721 12
702 721 24
703 722 8
704 722 18
705 723 39
706 724 25
707 724 7
708 724 10
709 725 39
710 726 6
711 727 3
712 728 37
713 728 19
714 729 18
715 730 17
716 731 5
717 732 28
718 732 1
719 733 25
720 733 24
721 734 34
722 734 13
723 734 15
724 735 16
724 736 7
724 737 5
725 738 3
726 739 28
727 740 13
728 741 3
728 742 20
729 743 29
730 744 17
730 745 8
731 746 9
732 747 29
733 748 1
734 749 37
735 750 22
736 751 34
736 752 20
736 753 16
737 754 39
738 755 32
738 756 35
739 757 28
740 758 7
741 759 17
742 760 13
743 761 34
744 762 27
745 763 4
746 764 18
746 765 7
747 766 17
748 767 18
749 768 39
750 769 8
751 770 14
752 770 27
753 770 8
754 771 31
755 772 27
756 773 8
757 773 4
758 774 32
759 775 1
760 775 6
761 776 36
762 776 22
763 777 39
764 777 31
765 778 18
766 778 17
767 779 14
768 779 31
769 780 19
769 781 4
769 782 19
770 783 2
770 784 29
770 785 2
770 786 12
771 787 15
772 788 38
772 789 21
773 790 37
774 791 37
774 792 10
775 793 6
776 794 29
777 795 29
778 796 34
778 797 3
779 798 38
779 799 29
780 800 15
781 800 5
782 800 2
783 800 7
784 800 27
785 800 4
786 800 16
787 800 16
788 800 21
789 800 27
790 800 36
791 800 33
792 800 5
793 800 16
794 800 25
795 800 13
796 800 38
797 800 17
798 800 21
799 800 21
