25 20 16 16 25 20 25 20
7 6 5 7 8 6 5 6
5 4 6 5 7 5 6 4
1 2 2 2 2 1 2 2
9 10 7 10 8 9 8 9
2 2 2 2 3 2 3 2
7 6 8 7 8 6 8 8
2 1 2 2 2 1 1 1
14 13 19 13 18 15 14 12
5 7 5 7 7 8 8 8
7 5 8 7 5 5 5 5
9 13 11 12 14 9 12 10
17 12 10 15 16 10 15 15
9 8 8 8 8 12 11 11
21 23 17 16 21 16 23 22
12 16 18 12 19 16 15 12
18 17 14 20 19 20 20 14
5 5 5 5 7 5 7 4
3 5 4 3 5 5 3 5
11 8 11 12 13 13 11 10
13 10 10 13 13 10 12 13
11 11 7 11 11 8 10 8
3 2 2 2 2 2 3 3
12 10 12 10 10 13 14 13
17 10 11 12 17 14 14 10
5 8 7 5 5 6 8 5
17 18 16 12 16 14 13 13
4 3 5 4 5 3 4 5
18 18 19 14 12 13 14 12
5 5 5 6 5 5 6 5
14 13 11 13 16 12 17 16
8 6 6 5 8 6 6 6
16 10 14 11 12 13 14 15
8 6 8 6 6 9 7 7
5 5 5 6 8 6 6 7
13 21 15 20 15 15 15 17
22 23 23 15 23 17 16 21
11 12 12 9 9 7 9 12
15 14 12 14 13 14 12 18
7 9 10 8 7 10 10 10
20 24 24 24 23 24 19 22
2 1 1 2 1 1 2 1
15 25 18 15 18 25 19 25
9 8 9 7 10 8 7 6
6 6 6 9 7 7 7 6
13 18 22 18 18 15 19 16
11 12 18 17 11 16 15 11
9 12 14 11 9 11 13 14
10 9 11 9 14 13 12 13
8 12 11 9 12 9 10 10
2 2 1 2 2 2 1 2
15 22 18 21 15 23 17 24
9 10 6 6 8 10 9 7
5 5 4 3 5 3 4 4
14 16 14 16 14 19 18 15
5 3 4 5 5 5 4 4
11 14 15 12 17 16 15 17
3 4 4 4 3 4 4 3
2 1 1 1 2 1 2 2
5 8 7 6 8 5 7 5
18 14 19 14 12 13 15 15
4 3 3 3 3 4 3 4
9 6 9 7 6 6 8 7
18 17 21 20 20 20 15 16
4 3 4 4 4 4 4 3
16 15 13 16 15 17 14 18
18 16 13 14 12 16 18 12
13 12 14 18 16 15 12 15
2 2 2 2 1 2 1 1
20 18 24 23 19 15 24 22
17 15 15 13 13 17 13 19
14 21 23 15 14 21 14 21
20 15 17 21 25 18 22 23
7 6 9 10 7 8 9 6
4 5 5 4 5 4 3 4
3 3 3 2 2 2 3 2
15 17 21 15 24 23 22 25
20 16 19 23 20 15 19 18
12 12 11 13 12 10 10 9
3 4 5 5 5 3 3 5
10 13 16 15 14 14 17 16
4 4 3 3 3 4 3 4
19 17 21 22 16 18 20 16
5 8 6 8 7 7 5 7
19 13 20 19 13 20 17 17
7 6 5 6 5 7 7 5
7 7 4 5 6 4 6 6
10 9 10 9 8 8 6 6
7 7 7 9 8 8 10 6
18 17 17 11 16 11 16 15
6 4 4 6 5 5 5 5
4 4 4 3 4 3 3 3
16 16 20 22 17 21 20 20
17 15 12 17 13 13 18 18
6 5 7 6 7 5 4 7
3 4 4 4 4 4 3 4
21 15 21 20 22 17 19 20
6 7 7 5 5 5 4 6
21 17 17 17 21 17 23 17
3 4 4 4 3 4 4 4
8 11 9 11 13 12 12 9
8 5 8 5 5 5 8 8
4 4 4 5 3 4 5 5
2 3 2 2 3 2 3 3
8 8 13 8 13 13 8 12
4 3 3 5 4 5 3 4
2 3 3 2 3 2 2 2
1 2 1 1 2 1 2 1
9 9 9 7 8 6 7 7
10 13 14 11 10 9 15 12
3 3 4 4 3 4 4 3
7 4 5 7 4 5 5 6
8 8 9 7 8 8 7 6
23 15 21 14 18 14 22 19
3 5 5 5 5 3 5 5
7 7 9 10 8 10 9 8
7 8 8 6 6 5 5 7
8 5 5 5 6 7 7 8
18 23 18 17 20 21 17 17
8 6 8 7 9 6 9 8
16 17 14 17 15 19 17 17
13 13 9 13 13 11 11 8
16 19 17 17 13 15 16 15
2 1 2 1 2 2 1 1
5 4 4 4 5 3 3 5
7 9 9 6 7 9 9 8
5 4 7 5 6 4 4 7
21 20 23 20 21 16 18 21
3 2 2 3 3 3 3 3
2 2 3 2 3 2 3 3
12 14 14 18 14 12 11 14
22 21 19 17 22 22 23 23
2 2 2 3 3 3 3 3
12 10 12 10 8 10 11 11
10 8 13 13 8 12 8 10
10 8 8 12 9 8 9 11
15 16 14 14 19 17 15 16
23 23 16 20 22 22 15 17
19 21 18 17 16 16 15 23
2 1 2 2 1 2 2 2
12 11 13 10 11 11 9 14
13 13 10 14 11 13 10 12
8 8 5 7 5 7 7 8
20 17 16 17 20 19 22 17
8 9 10 8 9 9 11 13
12 12 10 9 13 9 12 11
7 7 7 10 9 8 10 10
18 17 16 12 18 17 11 12
8 12 8 10 11 11 10 8
4 4 3 3 3 3 3 3
8 5 7 8 5 8 6 8
19 12 13 18 18 17 15 12
15 20 21 22 15 21 15 14
11 11 9 14 13 11 10 13
17 20 23 19 19 17 24 21
12 9 9 11 11 10 14 12
9 7 6 6 8 7 8 7
11 13 13 11 8 9 9 9
14 12 10 10 15 11 9 12
4 3 3 4 3 4 4 3
18 11 11 15 14 17 18 18
12 18 18 14 17 16 16 13
7 7 8 7 9 9 6 7
8 9 8 8 6 8 7 6
18 13 14 12 14 13 12 16
4 4 4 3 3 3 4 4
3 3 5 4 4 4 4 3
5 8 6 6 6 7 7 5
17 21 16 22 20 15 16 17
3 3 3 3 4 4 4 4
18 12 16 13 16 13 14 18
1 1 1 2 1 1 1 1
19 18 16 23 19 16 16 21
17 18 22 16 15 20 20 16
7 5 7 5 6 7 4 6
7 7 8 11 7 11 7 7
5 5 5 3 5 3 5 3
4 5 3 4 5 3 5 3
24 18 16 23 15 24 24 25
5 4 5 3 3 3 3 5
16 17 15 17 12 16 13 12
20 24 16 19 17 20 16 17
9 13 9 14 15 14 11 15
14 13 15 13 18 15 12 15
16 13 19 18 15 12 13 17
10 15 11 11 12 12 15 15
13 11 12 13 13 17 12 12
14 18 17 17 17 14 15 17
2 3 3 3 2 2 2 3
13 15 13 12 15 11 14 16
21 23 16 21 19 18 18 15
1 2 1 2 2 1 2 2
14 15 14 17 12 13 11 15
12 19 14 14 18 15 18 13
6 8 8 7 7 7 8 7
8 8 6 9 9 8 7 6
7 10 9 9 9 7 8 7
16 16 14 14 16 16 12 16
18 20 18 22 13 19 13 15
13 13 12 12 17 17 12 14
11 15 11 17 15 17 18 13
16 11 11 10 12 17 15 14
6 5 5 6 6 6 6 4
11 14 11 9 12 11 12 10
11 11 12 14 14 10 11 12
2 3 3 3 3 3 2 3
19 14 15 13 17 13 20 18
12 11 10 10 9 11 12 10
18 18 18 23 22 20 19 21
12 17 10 15 11 12 12 17
12 11 7 8 12 9 11 9
8 8 7 7 6 6 8 5
13 13 20 20 17 18 12 19
14 18 12 12 14 19 12 14
7 5 5 7 8 8 5 5
18 19 13 20 17 18 13 14
9 14 10 10 12 13 15 10
9 7 6 7 7 7 9 8
4 7 6 7 7 7 7 6
14 12 11 13 9 14 14 10
7 4 4 4 6 5 7 4
9 7 9 8 8 9 9 7
7 6 7 8 6 6 6 5
17 19 20 18 22 16 15 21
7 9 9 6 8 8 7 8
11 12 11 10 9 11 10 12
8 7 7 11 12 10 9 8
9 12 10 14 10 14 10 12
5 5 7 4 7 6 4 6
9 10 10 9 9 8 8 10
16 14 17 16 18 19 15 16
7 5 5 5 8 8 8 7
16 18 12 16 15 14 14 18
8 7 5 7 8 5 6 7
12 13 13 18 13 12 18 16
9 10 9 8 11 11 10 8
7 7 5 5 5 6 7 7
7 9 7 9 10 6 6 9
14 19 12 19 12 12 18 17
8 10 7 9 9 10 10 7
6 5 6 7 6 7 6 7
14 11 14 15 17 13 13 14
16 20 14 15 15 19 18 15
12 15 10 14 13 16 10 11
21 20 15 23 20 17 19 21
8 10 11 7 8 9 7 8
16 19 15 15 16 17 19 19
2 1 1 2 1 1 1 1
20 16 20 20 14 19 16 17
23 23 23 22 22 15 20 20
14 19 15 19 21 19 20 16
17 23 25 21 21 23 20 18
16 21 22 14 19 14 15 14
8 12 12 10 13 10 11 10
15 15 21 20 15 25 16 22
15 22 20 19 16 21 24 20
24 23 24 21 16 22 16 16
17 14 14 11 15 17 12 14
2 2 3 3 2 3 2 2
9 10 7 7 8 8 9 8
16 17 13 11 15 17 13 11
22 19 21 16 20 18 21 19
12 16 13 12 19 18 14 15
5 3 4 5 5 5 4 5
8 8 5 5 7 8 7 8
18 14 16 17 14 19 18 15
17 19 24 22 24 15 21 18
13 13 12 10 9 9 10 12
13 17 16 10 14 17 13 17
15 13 16 12 18 11 13 18
6 8 8 9 8 10 6 9
21 24 23 18 23 16 25 17
12 11 9 9 10 12 9 11
6 7 4 4 4 6 4 4
14 22 20 23 23 23 16 18
3 3 2 3 3 2 2 3
9 8 9 7 6 8 8 7
13 20 12 14 18 14 12 15
6 5 7 5 8 6 6 8
7 7 5 6 4 4 4 4
3 4 3 5 3 3 4 4
9 9 9 8 9 8 7 9
15 14 16 14 12 14 18 15
2 1 1 1 2 2 2 1
6 7 7 7 8 7 6 8
14 11 9 11 10 10 9 13
1 1 2 1 1 1 1 1
12 17 16 10 13 16 16 11
17 15 23 18 14 19 22 20
3 4 3 4 4 3 4 3
3 3 3 3 2 2 2 2
9 9 12 13 15 11 12 10
24 19 17 15 21 23 16 23
18 13 15 17 21 16 21 20
22 17 15 21 15 14 19 17
9 8 7 8 8 7 9 6
16 19 17 23 15 21 22 17
18 13 13 13 13 15 17 19
6 7 6 9 6 6 7 6
10 14 17 12 13 11 11 12
