1 2 112
1 3 150
1 4 57
1 5 10
1 6 7
2 7 55
3 8 116
4 9 31
5 10 98
6 11 42
7 12 129
7 13 71
7 14 95
8 15 53
8 16 83
9 17 36
10 18 76
10 19 24
10 20 13
10 21 167
11 22 124
11 23 2
12 24 65
13 25 169
14 26 166
15 27 2
16 28 80
17 29 70
18 30 111
19 31 164
20 32 52
21 33 178
22 34 56
23 34 103
24 35 174
25 36 34
25 37 104
26 38 129
27 39 140
28 40 4
29 41 122
30 42 111
31 43 50
32 44 18
33 45 158
34 46 1
35 47 132
36 48 55
37 49 88
38 50 31
39 51 107
39 52 6
40 53 97
40 54 26
41 55 93
41 56 115
42 57 80
43 58 114
44 59 156
45 60 136
45 61 35
45 62 22
46 63 78
47 64 81
48 64 3
49 65 24
50 66 164
51 67 12
52 67 144
53 68 177
54 69 159
55 70 44
56 70 89
57 71 93
58 72 78
59 73 102
60 74 94
61 75 112
62 76 138
63 76 131
64 77 74
65 78 69
66 79 42
67 80 156
68 81 129
69 82 144
70 82 108
71 83 26
72 84 79
73 85 64
74 86 6
75 87 176
76 88 86
77 89 123
78 90 20
78 91 78
79 92 32
80 93 76
81 94 117
82 95 122
83 96 7
84 97 48
85 98 118
86 99 149
87 100 169
88 101 16
89 102 9
90 103 27
91 104 133
92 105 153
93 106 165
94 107 71
95 108 110
96 109 51
97 110 85
98 111 27
99 112 149
100 113 164
101 114 85
102 115 63
103 116 60
103 117 134
104 118 92
105 119 29
106 120 154
107 121 146
108 122 171
109 123 105
110 124 70
111 125 22
112 126 131
112 127 151
113 128 175
114 129 50
115 130 58
116 131 72
117 132 80
117 133 56
117 134 17
118 135 48
119 136 72
120 137 48
121 138 82
122 139 112
123 140 56
123 141 77
123 142 149
124 143 156
124 144 116
124 145 95
125 146 80
125 147 51
125 148 159
126 149 54
126 150 69
127 151 5
127 152 118
127 153 140
128 154 134
129 155 28
130 156 94
131 157 168
132 158 94
133 159 126
134 159 137
135 159 57
136 160 9
137 160 166
138 160 105
139 161 63
140 162 17
141 162 122
142 163 45
143 163 111
144 164 166
145 165 113
146 166 134
147 166 168
148 167 90
149 167 131
150 168 172
151 169 143
152 170 124
153 170 2
154 170 48
155 171 112
156 172 69
157 172 120
158 173 169
159 173 36
160 174 164
161 175 135
162 175 131
163 176 143
164 176 71
165 177 147
166 178 105
167 179 55
168 179 73
169 180 66
170 180 45
171 181 79
172 182 165
172 183 166
172 184 167
173 185 175
173 186 153
174 187 59
175 188 79
175 189 72
176 190 93
177 191 85
178 192 169
179 193 45
180 194 59
180 195 150
180 196 102
181 197 7
182 198 175
183 199 84
183 200 4
184 201 159
185 202 9
186 203 74
187 204 31
188 205 176
189 206 96
190 207 122
191 208 151
192 209 20
193 210 29
194 211 4
195 212 133
196 213 132
196 214 83
197 215 136
198 216 58
199 217 138
200 217 126
201 218 177
202 219 91
203 219 34
204 220 124
205 221 90
206 222 106
207 222 131
208 223 177
209 223 159
210 224 122
211 224 25
212 225 34
213 225 141
214 225 107
215 226 157
216 227 61
217 228 84
218 229 59
219 230 104
220 231 109
221 232 159
222 233 116
223 234 96
224 235 151
225 236 71
226 237 81
227 238 115
228 239 48
229 240 81
230 241 147
231 242 73
232 243 10
232 244 159
232 245 64
233 246 35
234 247 22
235 248 22
236 249 120
237 250 92
238 251 60
239 252 132
240 253 27
241 254 145
242 254 77
243 255 101
244 255 58
245 256 141
246 257 63
247 258 55
248 259 76
249 259 117
250 260 81
251 261 29
252 262 173
252 263 154
253 264 101
254 265 162
254 266 75
255 267 113
255 268 83
256 269 43
257 270 27
258 271 73
259 272 4
260 273 72
261 274 5
262 275 169
263 276 30
264 276 177
265 277 86
266 278 44
267 279 165
268 280 46
269 280 128
270 281 54
271 282 135
272 283 164
273 284 91
274 285 132
275 286 32
275 287 115
276 288 174
277 289 173
277 290 158
278 291 177
279 292 32
280 293 46
280 294 112
281 295 93
282 296 101
282 297 11
283 298 57
284 299 140
285 300 22
286 300 122
287 300 75
288 300 164
289 300 28
290 300 111
291 300 125
292 300 96
293 300 50
294 300 81
295 300 111
296 300 96
297 300 114
298 300 43
299 300 68
