1 2 1
1 3 1
1 4 1
2 5 1
2 6 1
2 7 1
2 8 1
3 9 1
3 10 1
3 11 1
3 12 1
4 13 1
4 14 1
4 15 1
5 16 1
6 17 1
7 18 1
7 19 1
8 20 1
9 21 1
9 22 1
10 23 1
10 24 1
11 25 1
11 26 1
12 27 1
13 28 1
13 29 1
13 30 1
14 31 1
15 32 1
15 33 1
16 34 1
16 35 1
16 36 1
17 37 1
18 38 1
18 39 1
18 40 1
19 41 1
20 42 1
21 43 1
21 44 1
21 45 1
21 46 1
22 47 1
22 48 1
23 49 1
23 50 1
24 51 1
25 52 1
25 53 1
26 54 1
27 55 1
27 56 1
28 57 1
29 58 1
30 59 1
31 60 1
32 61 1
32 62 1
33 63 1
33 64 1
34 65 1
35 66 1
36 66 1
37 66 1
38 67 1
39 67 1
40 67 1
41 68 1
42 68 1
43 68 1
44 68 1
45 69 1
46 69 1
47 69 1
48 70 1
49 70 1
50 70 1
51 70 1
52 71 1
53 72 1
54 72 1
55 72 1
56 73 1
57 73 1
58 73 1
59 73 1
60 74 1
61 74 1
62 74 1
63 74 1
64 74 1
65 75 1
65 76 1
66 77 1
66 78 1
67 79 1
67 80 1
68 81 1
69 82 1
70 83 1
70 84 1
71 85 1
71 86 1
72 87 1
73 88 1
74 89 1
75 90 1
76 90 1
77 90 1
78 91 1
79 92 1
80 93 1
81 93 1
82 94 1
83 95 1
84 96 1
85 97 1
86 98 1
87 98 1
88 99 1
89 99 1
90 100 1
91 100 1
92 100 1
93 100 1
94 100 1
95 100 1
96 100 1
97 100 1
98 100 1
99 100 1
