1 2 2
1 3 11
1 4 10
1 5 11
2 6 8
2 7 4
2 8 7
2 9 8
3 10 4
3 11 4
3 12 8
3 13 9
4 14 11
4 15 12
4 16 6
4 17 5
5 18 6
5 19 6
5 20 9
5 21 3
6 22 13
7 23 3
8 24 12
9 25 10
10 26 12
11 27 7
12 28 3
12 29 1
13 30 9
14 31 7
15 32 12
16 33 11
16 34 7
17 35 3
17 36 7
18 37 10
19 38 2
20 39 10
21 40 5
22 41 5
23 42 9
24 43 10
25 44 5
26 45 9
26 46 4
27 47 3
28 48 10
29 49 1
30 50 9
31 51 3
32 52 9
33 53 6
34 54 4
35 55 7
36 56 8
37 57 11
38 58 6
38 59 10
39 60 1
40 61 4
41 62 1
42 63 7
43 63 9
44 63 6
45 64 12
46 65 12
47 66 5
48 67 4
49 68 8
50 69 10
51 69 11
52 69 5
53 70 7
54 70 2
55 71 10
56 72 8
57 73 5
58 74 7
59 75 8
60 76 7
61 77 5
62 78 4
63 79 9
64 80 6
65 81 10
66 82 9
67 83 12
68 84 13
69 85 10
70 86 2
71 87 5
72 88 5
73 89 4
74 90 5
75 91 10
76 92 2
77 93 6
77 94 13
78 95 11
79 96 1
80 97 7
81 98 8
81 99 1
82 100 2
83 101 3
84 102 10
85 103 5
85 104 5
86 105 9
87 106 3
88 107 2
89 108 1
90 109 2
91 110 10
91 111 10
92 112 9
93 113 10
94 114 11
94 115 2
95 116 11
96 117 2
97 118 9
98 119 13
99 120 7
100 121 7
101 122 11
102 123 11
103 124 5
104 125 8
105 126 4
106 127 11
107 128 3
108 129 5
109 130 5
110 131 3
111 132 11
112 133 3
113 134 10
114 135 3
115 136 13
116 137 2
117 138 4
118 139 3
119 139 13
120 140 10
121 141 11
122 141 8
123 141 1
124 142 2
125 143 3
126 144 7
127 145 1
128 146 13
129 146 8
130 147 2
131 148 7
132 149 7
133 150 9
134 151 5
135 151 11
136 152 7
137 153 11
138 154 8
139 155 4
140 156 6
141 157 4
142 158 5
143 159 7
143 160 3
144 161 4
145 162 7
146 163 5
147 164 3
148 165 8
149 166 1
150 167 7
150 168 11
151 169 4
152 170 12
153 171 1
154 172 2
155 173 4
156 173 3
157 174 10
158 175 12
159 176 3
160 177 13
161 178 2
162 179 7
163 180 2
164 181 11
165 181 11
166 182 3
167 182 9
168 183 8
169 184 1
170 185 9
171 186 13
172 187 1
173 188 4
174 189 9
175 190 11
176 191 6
177 192 1
178 193 6
178 194 11
179 195 2
180 196 9
180 197 11
180 198 8
181 199 5
182 200 12
183 201 8
184 202 4
185 203 5
186 204 5
187 204 9
188 205 4
189 206 9
190 207 1
191 208 13
192 209 12
193 210 2
194 211 4
195 212 6
196 213 10
197 214 10
198 215 5
199 215 1
200 216 10
201 217 4
202 218 9
203 219 1
204 220 6
205 221 3
206 222 2
207 223 8
208 224 8
209 225 12
210 225 6
211 226 3
212 227 11
213 228 9
214 229 13
215 230 6
216 231 7
217 232 9
218 233 1
219 234 9
220 235 1
221 236 1
222 237 6
223 238 1
224 239 9
225 240 9
226 241 2
227 242 2
228 243 7
229 244 9
230 245 2
231 246 4
232 247 7
233 248 11
234 249 6
235 250 11
236 251 11
237 252 11
238 253 5
239 254 4
240 255 12
241 256 13
242 257 13
243 258 1
243 259 8
244 260 3
245 261 4
246 262 5
247 263 9
248 264 5
249 265 3
250 266 5
251 267 2
252 268 5
253 269 11
254 270 5
255 271 9
256 272 2
257 273 6
257 274 8
258 275 12
259 276 9
260 277 6
261 278 12
261 279 12
262 280 8
263 281 8
264 282 10
265 283 10
266 284 11
267 285 4
267 286 9
268 287 11
269 288 10
270 289 7
271 290 10
272 291 5
273 292 13
274 293 8
275 294 10
276 295 7
277 296 10
277 297 2
278 298 9
279 299 12
279 300 11
280 301 2
281 302 13
282 303 13
283 304 9
284 305 6
285 306 6
286 306 12
287 307 1
288 308 12
289 309 7
290 310 5
291 310 11
292 311 1
293 311 10
294 312 8
295 313 12
296 314 2
297 315 8
298 315 7
299 316 11
300 317 10
301 318 9
302 319 1
303 320 8
304 321 3
305 322 12
306 323 13
307 324 8
307 325 11
308 326 4
309 327 9
310 328 11
311 329 9
312 330 13
313 331 12
314 332 3
315 333 3
316 334 8
317 335 8
318 336 2
319 337 12
320 338 13
321 339 7
322 340 10
323 341 6
324 342 1
325 343 6
326 344 8
327 345 12
328 346 12
329 347 3
330 348 8
331 349 9
332 350 3
333 351 3
334 352 7
335 353 5
336 354 2
337 355 8
338 356 6
339 357 9
340 358 6
341 359 2
342 360 3
343 361 13
344 362 12
345 363 4
346 364 10
347 365 7
348 366 6
349 367 10
350 368 3
351 369 4
352 370 13
353 371 12
354 372 2
355 373 11
356 374 11
357 375 8
358 376 6
359 377 5
360 378 13
361 379 10
362 380 10
363 381 9
363 382 7
364 383 12
364 384 9
365 385 3
366 386 12
367 387 4
368 388 9
369 389 9
370 390 8
371 391 1
372 392 2
373 393 4
374 394 7
374 395 1
375 396 13
376 397 13
377 397 2
378 398 11
379 399 5
380 400 10
381 400 12
382 401 9
383 402 6
384 402 2
385 403 10
386 404 12
387 405 10
388 406 11
389 407 11
390 408 10
391 409 7
392 410 6
393 410 8
394 411 9
395 412 10
396 413 13
397 414 7
398 415 6
399 416 4
399 417 1
400 418 8
401 419 8
401 420 8
402 421 3
403 422 10
404 423 8
405 424 5
405 425 6
406 426 5
407 427 1
408 428 13
409 429 5
410 430 13
410 431 3
411 432 5
412 433 9
413 434 7
414 435 6
415 436 12
416 437 13
417 437 9
418 438 6
419 439 11
420 440 4
421 441 5
422 442 10
423 443 6
424 443 5
425 444 5
426 445 12
427 446 4
428 447 1
429 448 4
430 449 1
431 450 9
432 451 11
433 452 12
434 453 1
435 454 4
436 454 8
437 455 8
438 456 8
439 456 4
440 457 12
441 458 11
442 459 13
443 460 12
444 461 11
445 462 2
446 463 10
447 464 10
448 464 6
449 465 9
450 466 6
451 467 13
452 468 13
453 468 5
454 469 7
455 470 2
456 471 3
456 472 13
457 473 10
458 474 9
459 475 3
460 476 9
460 477 2
461 478 12
462 479 2
462 480 10
463 481 11
464 482 9
465 483 6
466 484 8
467 485 4
467 486 13
468 487 12
468 488 3
469 489 3
470 490 12
471 490 7
472 491 1
473 492 4
474 493 12
475 494 8
476 495 10
477 496 4
478 497 6
479 498 12
480 499 13
481 500 4
482 501 3
483 502 9
484 503 4
485 504 4
486 505 4
487 506 7
488 507 3
489 508 7
490 509 4
491 510 1
492 511 8
493 512 11
494 513 6
495 513 3
496 513 2
497 514 13
498 515 11
499 516 6
500 517 10
501 518 8
502 518 7
503 519 12
504 520 4
505 520 1
506 521 5
507 522 12
508 523 1
509 524 7
510 525 6
511 526 13
512 527 6
512 528 5
512 529 10
513 530 13
514 531 10
515 532 6
516 533 10
517 534 13
518 535 2
519 536 12
520 537 4
521 538 6
521 539 6
522 540 10
523 541 7
524 542 10
525 543 5
526 544 4
527 545 5
527 546 7
528 547 12
529 548 9
530 549 11
531 550 5
532 551 9
533 552 10
534 553 5
535 554 8
536 555 7
537 556 4
538 557 5
539 558 2
540 559 3
541 560 13
542 561 7
543 562 8
544 563 10
545 564 6
546 565 7
547 566 6
548 566 6
549 567 2
550 568 4
551 569 3
552 570 11
553 571 6
554 572 4
555 573 8
556 574 4
557 575 8
558 576 7
559 577 13
560 578 7
561 579 12
562 580 9
563 581 10
564 582 13
565 583 11
566 584 9
567 585 1
568 586 2
569 587 4
570 588 1
570 589 9
571 590 11
572 591 4
573 592 13
574 593 9
575 594 7
576 595 13
577 596 9
578 597 6
579 598 6
580 599 5
581 600 10
582 601 6
583 602 9
584 603 9
585 604 9
586 605 1
587 606 4
587 607 13
588 608 5
589 609 12
590 610 13
591 611 6
592 612 8
593 613 1
594 614 9
595 615 2
595 616 13
596 617 3
597 618 6
598 619 10
599 620 4
600 621 9
601 622 8
602 623 13
603 624 4
604 625 3
605 626 8
606 627 5
607 628 13
608 629 13
609 630 10
610 631 5
611 632 12
612 633 13
613 634 13
614 635 1
615 636 2
616 637 5
617 638 6
618 639 10
619 639 3
620 640 4
621 640 3
622 641 13
623 641 4
624 642 3
625 643 7
626 644 9
627 644 10
628 645 9
629 646 6
630 646 13
631 647 12
632 648 4
633 649 2
634 650 2
635 651 11
636 652 1
637 653 12
638 653 5
639 654 11
640 655 3
640 656 10
641 657 2
642 658 8
643 659 4
644 660 10
645 661 6
646 662 10
647 663 6
648 664 7
648 665 5
649 666 3
649 667 11
650 668 6
651 669 3
652 670 9
653 671 8
654 672 1
655 673 8
656 674 12
657 675 11
658 676 1
659 677 8
660 678 6
661 679 11
662 680 7
663 681 6
663 682 5
664 683 11
665 684 10
666 685 1
667 686 4
668 687 2
669 688 11
670 689 7
671 690 4
672 691 11
673 692 3
674 693 2
675 694 3
676 695 2
677 696 13
678 697 2
679 698 1
680 699 4
681 700 3
682 701 10
683 702 1
684 703 2
685 704 9
686 705 5
687 706 13
688 707 8
689 708 2
690 709 5
690 710 8
691 711 13
692 712 4
693 713 12
694 714 7
695 715 9
696 716 10
697 717 7
698 718 8
699 719 5
700 720 4
701 721 7
702 722 11
703 722 8
704 723 9
705 724 6
706 725 2
707 726 1
708 727 3
709 728 5
710 729 2
711 730 10
712 731 2
713 732 9
714 733 8
715 734 4
716 734 11
717 735 11
718 735 6
719 736 8
720 737 7
721 738 11
722 739 3
723 740 9
724 741 11
725 742 6
726 743 11
727 743 8
728 743 2
729 743 2
730 744 8
731 745 8
732 746 9
733 747 6
733 748 3
733 749 8
734 750 7
734 751 4
734 752 10
735 753 2
735 754 4
735 755 4
736 756 12
736 757 9
737 758 12
738 759 5
739 760 6
740 761 4
741 762 4
742 763 7
743 764 13
744 765 5
745 766 13
746 766 2
747 766 9
748 767 13
749 767 8
750 768 6
751 769 5
752 770 11
753 771 3
754 772 2
755 773 7
756 773 11
757 773 9
758 774 9
759 775 7
760 776 11
761 776 11
762 777 5
763 778 8
764 778 6
765 779 12
765 780 7
766 781 4
767 782 4
767 783 9
767 784 7
768 785 4
768 786 10
769 787 4
770 788 10
770 789 3
771 790 8
771 791 5
771 792 9
772 793 1
773 794 6
774 795 10
775 796 12
776 797 7
777 798 4
778 799 5
779 800 10
780 800 6
781 800 10
782 800 6
783 800 5
784 800 9
785 800 11
786 800 11
787 800 12
788 800 13
789 800 6
790 800 9
791 800 5
792 800 9
793 800 2
794 800 11
795 800 7
796 800 8
797 800 3
798 800 10
799 800 11
