1 2 2
1 3 3
1 4 2
2 5 1
2 6 1
3 7 2
3 8 2
4 9 3
4 10 3
4 11 1
4 12 1
4 13 2
5 14 1
6 15 1
6 16 1
7 17 3
8 18 3
9 19 2
9 20 2
9 21 1
9 22 2
10 23 1
10 24 3
11 25 1
12 26 1
12 27 2
12 28 2
12 29 1
13 30 3
14 31 1
15 32 1
16 32 1
17 33 1
18 34 3
19 34 3
20 35 1
21 35 2
22 35 1
23 35 2
24 35 3
25 36 1
26 37 3
27 38 3
28 39 1
29 40 2
30 40 1
31 41 2
31 42 1
32 43 1
32 44 1
32 45 2
33 46 1
34 47 1
35 48 3
36 49 1
36 50 1
37 51 2
37 52 2
38 53 3
39 54 1
40 55 2
40 56 2
41 57 3
42 58 3
43 59 3
44 60 1
45 61 2
46 62 1
47 63 3
48 64 2
49 65 3
50 65 3
51 66 3
52 67 3
53 68 1
54 68 1
55 69 2
56 70 3
57 71 3
58 72 2
59 73 3
60 73 3
61 74 1
62 75 3
63 76 1
64 77 2
65 78 1
66 79 1
67 80 1
68 81 2
69 82 3
70 83 3
71 84 1
72 84 3
73 85 3
74 85 3
75 85 1
76 86 3
77 86 3
78 87 3
79 88 3
80 88 3
81 89 3
82 89 3
83 90 2
84 91 1
85 92 2
85 93 1
86 94 1
86 95 3
87 96 3
87 97 3
87 98 2
87 99 3
88 100 2
88 101 3
89 102 2
89 103 1
90 104 1
91 105 2
92 106 2
93 107 2
93 108 3
94 109 1
95 110 3
96 111 2
96 112 1
97 113 2
98 114 3
98 115 1
99 116 1
99 117 1
100 118 1
100 119 1
101 120 3
102 121 1
103 122 2
104 123 3
105 124 1
106 125 2
107 126 1
108 127 1
109 127 2
110 128 1
111 129 2
112 130 3
113 131 1
114 132 3
115 133 2
116 134 1
117 135 3
118 136 3
119 137 3
120 138 1
121 138 1
122 139 2
123 140 2
124 141 1
125 142 2
126 142 1
127 142 1
128 143 3
129 144 3
130 145 2
131 146 1
132 147 3
133 148 3
134 148 2
135 149 2
136 149 3
137 150 1
138 150 3
139 150 3
140 151 1
141 152 1
142 153 1
142 154 3
143 155 2
143 156 1
144 157 3
144 158 1
144 159 2
145 160 1
146 161 1
147 162 1
148 163 1
149 164 1
149 165 3
150 166 1
151 167 1
151 168 3
152 169 2
153 169 3
154 170 3
155 171 2
156 172 2
157 173 2
158 173 2
159 174 1
160 175 3
161 175 1
162 176 3
163 176 1
164 177 3
165 177 2
166 178 3
167 178 3
168 179 1
169 180 3
169 181 1
170 182 3
170 183 2
171 184 3
172 185 1
172 186 2
173 187 1
173 188 1
174 189 2
175 190 2
176 191 2
176 192 1
177 193 3
177 194 3
178 195 1
179 196 3
179 197 3
180 198 3
181 199 3
182 200 1
183 200 3
184 200 3
185 200 2
186 201 1
187 202 1
188 202 2
189 203 2
190 203 3
191 204 1
192 205 1
193 205 1
194 206 3
195 207 2
196 208 2
197 208 1
198 209 3
198 210 2
198 211 2
199 212 2
200 213 3
201 214 1
201 215 3
202 216 3
202 217 1
203 218 3
204 219 1
204 220 3
205 221 1
206 222 3
207 223 3
208 224 2
208 225 2
209 226 3
210 227 2
211 228 3
212 229 3
213 229 3
214 229 3
215 230 2
216 231 2
217 232 1
218 233 3
219 233 1
220 234 1
221 235 3
222 236 1
223 236 1
224 236 1
225 237 1
226 238 1
227 239 1
228 240 1
229 241 3
229 242 1
230 243 2
231 244 2
231 245 3
232 246 2
233 247 1
234 248 3
235 249 2
236 250 3
237 251 2
237 252 3
238 253 3
239 254 2
240 254 2
241 255 1
242 255 1
243 256 2
244 257 2
245 258 2
246 259 2
247 259 2
248 260 2
249 260 3
250 260 3
251 261 1
252 262 1
253 263 1
254 264 1
255 265 1
256 266 3
257 267 1
258 268 2
259 269 3
260 270 2
260 271 3
261 272 2
262 273 2
263 274 2
263 275 2
263 276 1
263 277 1
264 278 3
264 279 3
264 280 3
264 281 3
265 282 3
265 283 3
265 284 1
266 285 3
266 286 2
266 287 1
266 288 2
266 289 2
267 290 1
267 291 2
268 292 2
268 293 3
268 294 2
268 295 1
268 296 2
269 297 1
269 298 2
269 299 2
270 300 3
270 301 3
270 302 2
270 303 3
271 304 3
271 305 2
271 306 3
272 307 1
272 308 1
272 309 2
273 310 1
273 311 2
273 312 3
273 313 2
273 314 1
274 315 3
275 315 1
276 315 1
277 316 1
278 316 3
279 317 1
280 317 3
281 317 3
282 318 1
283 318 2
284 318 3
285 318 3
286 318 3
287 319 3
288 319 2
289 320 3
290 320 1
291 321 1
292 321 2
293 321 1
294 321 1
295 321 3
296 322 1
297 322 3
298 323 2
299 324 3
300 324 1
301 324 2
302 324 2
303 325 3
304 325 3
305 325 1
306 325 3
307 325 1
308 326 1
309 327 2
310 327 2
311 327 2
312 328 1
313 328 2
314 328 3
315 329 1
316 330 1
317 331 2
318 332 1
319 333 1
320 334 2
321 335 3
322 336 2
323 337 3
324 338 3
325 339 1
326 339 1
327 340 1
328 341 1
329 342 1
330 343 2
331 344 3
331 345 2
332 346 3
332 347 3
333 348 2
334 349 1
335 350 1
336 351 2
336 352 3
337 353 3
337 354 1
338 355 2
339 356 2
340 357 2
341 358 3
342 359 2
343 360 3
344 360 1
345 361 2
346 362 3
347 362 2
348 363 3
349 363 1
350 364 2
351 365 3
352 365 1
353 365 1
354 366 1
355 367 1
356 367 2
357 368 2
358 369 2
359 370 1
360 371 3
361 372 2
362 373 1
363 374 2
364 375 1
365 376 2
366 377 2
367 378 2
368 379 1
369 380 1
370 381 3
371 382 2
372 383 1
373 384 3
373 385 1
374 386 2
375 387 2
376 388 1
377 389 1
378 390 2
379 391 1
380 392 3
381 393 2
382 394 3
383 395 1
384 396 3
385 396 3
386 397 2
387 398 2
388 399 1
389 400 3
390 401 3
391 402 3
392 402 1
393 403 3
393 404 2
394 405 3
395 406 1
396 407 3
396 408 1
397 409 2
398 410 3
399 411 2
400 412 2
400 413 1
400 414 3
401 415 3
402 416 2
403 417 2
404 418 3
405 419 3
406 420 3
407 421 3
408 422 3
409 423 3
410 424 2
411 425 2
412 426 3
413 427 2
414 428 1
415 429 1
416 430 1
417 431 3
418 432 1
419 433 3
420 434 1
421 435 1
422 436 2
423 437 3
424 438 1
425 439 2
426 440 3
427 441 1
428 442 3
429 443 2
430 444 2
431 445 3
432 446 1
433 447 3
434 448 2
435 449 2
436 450 3
437 451 1
438 452 2
439 453 3
440 454 2
441 455 1
442 455 2
443 456 2
444 457 2
445 458 2
446 459 1
447 460 3
448 461 1
449 461 3
450 462 3
451 463 2
452 464 1
453 465 3
454 466 1
455 467 1
456 468 1
457 468 1
458 469 2
459 470 1
460 471 3
461 472 3
462 473 2
463 474 1
464 475 1
465 476 3
466 477 1
466 478 3
467 479 1
468 480 3
469 481 3
470 482 1
471 483 1
472 484 2
473 485 3
474 486 2
475 487 3
476 488 1
477 489 1
478 490 3
479 491 1
480 491 1
481 492 3
482 493 3
483 494 3
484 495 2
485 496 2
486 497 1
487 498 2
488 499 2
489 500 2
490 501 2
491 502 3
492 503 1
492 504 2
493 505 1
494 506 1
495 507 3
496 508 1
497 509 3
497 510 2
498 511 3
499 512 3
499 513 2
500 514 2
501 515 1
501 516 3
501 517 1
501 518 3
502 519 3
503 520 3
504 521 2
505 522 2
506 523 2
507 524 2
508 525 2
509 526 3
510 527 2
511 528 1
512 529 2
513 530 3
514 531 1
515 532 1
516 533 2
517 534 3
518 535 3
519 536 1
520 537 1
521 538 2
522 539 1
523 540 1
524 541 1
525 542 2
526 543 2
527 544 2
528 545 3
529 546 2
530 547 2
531 548 3
532 549 3
533 550 2
534 551 2
535 552 2
536 553 3
537 554 2
538 555 1
539 556 2
540 557 3
541 558 1
542 559 1
542 560 2
543 561 1
544 562 2
545 563 2
546 564 1
547 565 2
548 566 1
549 567 2
550 568 1
551 569 1
552 570 3
553 571 3
554 572 2
555 573 2
556 573 3
557 574 1
558 575 1
559 576 2
560 577 2
561 578 1
562 579 3
563 580 3
564 581 3
565 582 1
566 583 3
567 583 2
568 584 3
569 584 3
570 585 1
571 586 3
572 587 3
573 588 2
574 589 2
575 590 1
576 591 3
577 592 1
578 592 2
579 593 3
580 594 3
581 595 3
582 596 1
583 597 3
584 598 1
585 599 3
586 599 1
587 600 2
588 600 3
589 600 1
590 600 2
591 600 1
592 600 2
593 600 2
594 600 2
595 600 1
596 600 2
597 600 3
598 600 3
599 600 2
