13 10 8 7
9 12 12 9
13 9 8 5
5 13 11 13
17 9 9 18
21 15 18 9
7 8 4 6
2 4 4 5
11 11 10 8
22 21 10 24
14 14 12 8
5 5 2 4
9 11 17 9
12 11 8 9
10 10 12 5
20 12 18 7
2 2 1 1
5 8 7 11
3 6 3 8
14 14 15 7
6 5 4 5
14 8 14 6
22 23 8 19
16 9 11 14
1 2 2 3
1 1 2 2
7 3 5 6
10 11 6 7
2 6 2 3
14 14 17 11
19 11 8 16
7 5 6 9
7 6 8 4
4 5 4 3
17 10 12 17
4 6 8 7
1 2 1 2
10 14 6 5
4 3 3 3
9 18 18 14
11 6 5 10
1 1 2 1
8 19 11 15
23 8 19 17
16 22 17 19
3 4 3 3
9 17 18 22
8 10 12 7
12 8 14 11
10 4 6 5
4 11 11 11
6 9 5 8
3 2 4 4
10 7 9 4
24 19 21 23
16 15 19 16
6 4 2 5
2 5 3 3
23 12 14 12
5 9 6 5
4 5 4 3
4 9 7 9
4 6 3 6
16 14 14 10
9 9 11 18
13 6 8 9
4 6 5 6
5 8 4 11
16 22 12 20
9 12 10 10
5 4 3 3
7 7 17 7
7 8 11 14
6 5 2 2
6 3 6 4
5 4 11 9
10 20 9 15
6 4 3 6
7 7 8 8
5 5 2 3
12 8 10 12
10 16 8 20
17 17 15 16
2 2 2 1
11 8 12 11
4 3 4 5
5 4 5 2
5 5 7 3
22 8 23 18
6 5 6 4
2 1 1 1
4 4 8 6
1 3 2 3
16 12 7 15
9 14 9 16
23 20 21 18
2 3 4 3
10 11 9 7
6 6 14 6
7 7 14 15
5 3 2 3
22 21 9 11
7 8 9 5
1 1 1 1
4 2 2 2
7 19 18 15
4 11 10 9
11 11 8 9
1 2 1 1
1 2 2 1
3 1 2 3
1 2 1 1
1 1 2 2
1 1 1 1
15 6 9 8
7 6 6 6
13 15 15 9
4 4 5 5
6 3 3 4
5 6 7 3
1 1 1 1
9 19 20 8
5 2 4 2
5 6 4 4
1 2 1 3
8 6 5 7
8 7 14 6
5 5 7 7
14 18 9 7
9 8 8 6
19 14 20 19
11 10 10 7
5 6 5 6
3 4 5 2
13 9 10 14
6 5 4 6
3 4 3 2
3 2 1 2
5 12 6 8
15 12 10 11
5 4 3 2
1 2 3 2
8 16 9 14
1 1 1 2
6 5 6 7
7 4 4 8
5 7 9 13
16 15 7 17
19 7 13 20
7 5 4 6
11 19 19 17
13 10 17 12
4 8 11 6
17 8 8 14
19 11 12 12
9 12 15 9
15 9 6 5
1 2 3 1
6 3 8 5
12 10 17 14
1 2 2 1
13 12 13 13
7 9 12 9
1 2 2 1
2 2 1 1
15 17 10 9
9 6 10 7
6 14 6 9
18 20 14 18
2 3 1 2
4 6 5 6
2 2 2 1
4 11 7 11
4 7 6 3
2 5 4 3
2 1 1 1
15 8 9 17
12 24 12 18
11 17 21 15
13 15 19 8
11 9 6 9
7 5 3 8
15 13 19 9
11 21 18 18
9 8 4 6
5 3 5 2
9 18 20 14
4 7 8 10
1 1 2 2
12 14 11 7
10 14 12 8
8 9 11 14
21 9 19 12
4 4 3 5
1 2 1 1
11 5 10 9
6 10 6 18
18 20 13 10
19 12 14 23
2 4 3 5
1 1 1 2
16 9 8 6
8 6 15 12
19 9 12 9
14 18 21 9
8 10 20 12
2 2 1 1
2 5 2 3
3 7 5 6
3 3 7 4
3 6 6 5
13 22 19 13
20 20 13 10
15 11 21 18
9 5 4 8
8 7 5 9
8 15 19 19
6 4 5 4
8 8 7 20
2 2 3 2
4 7 4 8
4 8 4 12
6 16 14 9
1 1 1 2
1 3 2 2
6 5 9 11
2 6 5 5
12 8 8 12
15 17 22 22
7 8 6 3
5 5 7 7
2 2 2 1
14 15 12 10
14 10 10 15
12 7 7 12
11 13 8 9
2 4 6 2
2 5 3 4
16 12 8 15
4 4 6 8
5 3 7 6
1 1 2 2
12 17 15 14
15 9 12 8
9 8 13 13
8 7 13 12
7 14 15 16
5 2 4 5
13 9 8 8
6 11 4 6
13 7 7 16
5 9 9 9
8 5 5 5
18 17 10 19
13 5 11 5
2 6 3 2
17 21 18 12
1 3 3 2
8 4 3 9
14 7 14 9
13 15 9 13
9 9 10 10
6 6 11 5
15 9 16 7
16 20 23 14
6 12 9 13
12 7 13 5
10 7 8 8
17 13 7 14
5 5 4 3
12 11 18 18
7 11 7 11
18 13 11 12
9 18 13 20
8 10 7 9
18 17 18 14
2 2 3 2
9 10 20 18
3 1 2 2
9 7 7 4
7 13 10 11
11 5 12 12
14 9 14 12
10 14 6 13
1 2 1 1
13 15 17 11
9 15 14 11
2 2 6 2
14 8 16 16
11 7 10 4
7 11 15 10
9 4 4 7
10 5 11 6
14 7 7 8
2 5 2 2
9 9 4 3
5 7 7 7
18 8 19 14
5 3 4 6
2 1 1 2
8 5 8 6
10 12 8 5
3 5 4 2
9 4 5 7
4 5 5 2
2 3 5 3
2 2 1 2
8 7 3 6
9 8 16 15
9 5 6 6
11 9 4 7
12 15 16 7
2 6 3 4
3 1 1 1
8 9 13 15
11 7 7 7
8 6 4 10
3 2 4 5
12 17 18 23
9 16 7 15
2 4 2 3
20 24 18 19
2 4 6 4
10 17 16 12
14 11 10 15
2 5 3 2
2 5 3 3
8 20 8 9
13 13 10 7
7 6 8 13
14 9 10 15
16 18 22 10
15 16 23 14
1 1 2 1
14 10 13 24
4 3 5 2
6 3 4 5
8 6 4 8
4 9 11 8
8 21 20 20
18 12 15 8
2 3 3 2
10 14 11 8
7 3 9 3
1 1 2 2
8 4 5 11
12 14 18 9
12 15 8 10
1 2 3 1
3 3 2 1
9 7 9 11
3 1 1 2
15 11 11 7
20 8 15 18
7 7 11 6
7 4 5 3
10 13 6 9
15 20 14 8
8 9 11 17
6 9 7 5
9 8 17 15
8 4 8 10
6 3 8 3
7 3 3 5
2 1 2 2
15 8 6 6
20 18 20 20
7 5 4 3
7 3 4 5
6 6 7 11
6 3 3 2
13 9 18 16
12 10 9 7
10 7 12 12
1 2 2 2
17 8 13 17
20 19 20 9
7 4 9 6
11 22 12 10
9 10 13 6
20 14 18 13
10 20 12 7
12 10 10 16
7 11 10 7
14 11 18 20
16 23 23 23
16 20 24 20
8 7 4 7
4 4 5 6
3 1 2 1
5 4 4 4
7 5 8 7
2 1 2 1
5 5 11 11
3 4 4 4
11 5 4 5
10 5 7 4
4 8 8 4
12 20 12 9
9 4 5 4
4 6 6 4
6 4 4 5
16 9 13 18
1 1 1 2
6 9 9 11
13 19 9 11
12 12 10 6
2 2 1 2
17 8 16 23
2 2 1 1
5 9 7 8
16 11 14 13
4 2 6 5
13 14 7 7
1 2 1 1
15 13 18 9
7 9 11 8
7 5 3 7
2 1 1 1
15 18 17 16
7 11 8 8
8 13 10 15
10 10 10 10
11 14 18 23
11 9 10 19
11 18 7 10
11 7 7 7
8 8 5 5
8 9 10 9
2 2 3 2
7 7 4 8
3 7 4 6
11 5 9 9
3 7 3 4
5 4 3 5
9 9 15 12
17 10 6 10
2 2 1 1
3 5 4 2
6 6 4 4
4 4 4 6
12 18 11 16
21 23 14 22
4 12 11 5
7 8 7 8
11 7 13 11
2 3 1 2
8 9 15 9
5 6 4 5
12 18 10 14
13 13 12 8
10 11 12 6
9 14 12 14
4 5 6 4
15 5 13 6
15 14 11 13
2 2 3 5
1 1 1 2
3 1 3 3
1 2 1 1
14 12 6 5
11 10 7 16
10 7 7 4
2 3 2 3
11 11 13 9
3 3 1 3
4 4 5 5
14 13 14 9
3 2 2 3
20 11 13 12
6 7 8 4
5 3 3 5
6 6 2 3
3 2 4 2
11 11 9 5
8 8 7 7
6 2 2 6
6 8 6 8
7 5 6 6
11 14 11 17
6 9 6 7
9 10 9 6
7 11 11 4
6 10 7 6
4 5 4 3
8 5 13 8
11 7 10 10
3 2 2 4
6 11 10 7
15 15 7 10
10 14 11 10
2 4 3 4
4 7 8 5
3 2 4 5
12 13 12 16
3 3 4 4
21 10 19 15
7 5 7 9
6 8 10 8
5 8 9 7
9 14 5 6
2 2 1 2
2 4 4 2
16 6 9 10
2 1 2 1
10 19 17 19
12 9 15 7
1 2 2 1
3 1 1 3
8 5 6 3
17 10 20 17
4 3 2 2
4 7 4 4
6 6 5 10
1 2 1 2
5 4 6 9
3 3 5 3
8 9 4 11
16 8 18 22
1 2 1 2
9 14 18 11
8 17 11 15
12 11 9 12
2 2 1 1
8 9 6 9
9 12 9 15
11 9 8 6
16 19 10 8
14 9 8 9
3 3 3 3
13 9 6 5
5 12 11 5
9 7 14 9
3 2 3 2
11 7 6 10
14 8 12 17
6 3 3 6
2 1 2 1
3 5 3 5
12 11 7 14
7 5 5 10
12 12 10 5
2 3 3 1
7 3 3 4
7 9 8 4
4 3 6 4
6 16 17 13
10 15 24 11
2 5 4 2
12 15 15 15
6 11 10 11
3 5 2 3
3 7 6 5
13 9 12 17
12 8 12 9
13 11 14 9
11 11 9 10
2 3 1 1
13 7 9 6
6 11 5 5
10 10 7 9
5 7 3 5
2 3 2 2
5 5 7 4
12 11 13 20
7 14 10 16
10 8 10 11
2 2 1 2
2 1 2 2
14 14 6 6
2 5 4 3
21 16 9 21
8 9 14 8
3 5 5 5
15 7 12 18
6 17 6 6
11 15 9 15
8 13 6 13
1 1 2 1
22 17 18 18
5 5 7 6
6 14 12 13
6 6 6 8
18 14 14 17
3 3 2 2
6 4 7 3
5 5 9 5
4 3 4 6
6 10 9 6
1 2 2 2
6 2 2 6
14 6 13 9
10 16 7 8
20 14 16 18
13 6 11 15
2 5 5 4
12 4 12 6
8 10 10 16
17 18 15 9
2 2 1 1
14 8 13 14
9 11 23 22
15 13 9 12
10 18 16 16
15 7 9 15
16 21 13 13
9 10 16 11
3 3 2 3
9 12 6 14
11 14 6 9
6 6 18 12
1 2 2 2
2 1 3 1
9 15 9 15
2 3 2 5
17 11 17 6
15 9 9 14
7 8 8 10
9 5 9 8
14 8 14 11
8 9 11 9
10 16 10 6
7 3 6 7
5 9 7 4
1 1 2 1
6 8 15 11
6 6 3 7
18 13 16 15
7 6 15 7
4 6 4 4
19 17 13 19
6 3 3 3
22 8 12 13
15 11 14 7
9 8 6 12
8 7 9 6
1 2 2 1
3 2 4 4
13 12 16 14
2 1 2 2
5 6 4 5
22 13 10 9
3 5 4 5
7 10 6 5
5 6 5 8
4 4 3 3
6 4 7 4
8 21 18 9
4 8 5 8
21 15 12 12
10 14 6 13
15 9 8 14
2 1 2 2
5 14 11 7
10 10 21 13
7 5 8 3
14 18 18 12
14 20 7 10
20 9 7 14
17 16 12 6
1 2 1 2
11 9 14 10
18 12 18 7
11 19 20 15
12 7 13 19
6 7 4 4
15 6 9 10
12 13 8 16
11 6 5 10
3 3 2 3
7 19 16 13
4 12 6 7
2 3 1 2
2 1 1 1
10 10 21 19
15 6 13 8
16 14 15 16
1 1 2 2
9 7 5 7
10 9 4 7
20 20 13 17
4 4 7 11
11 7 5 4
3 8 8 7
1 2 2 1
11 14 14 7
14 12 13 6
3 8 3 5
15 9 12 16
8 8 6 9
10 9 11 17
10 11 10 14
5 7 4 6
16 17 11 15
9 4 7 5
3 8 4 3
4 2 2 5
13 12 6 17
13 17 10 13
5 4 8 6
