1 2 1
1 3 1
1 4 1
1 5 1
2 6 1
2 7 1
2 8 1
2 9 1
3 10 1
3 11 1
3 12 1
4 13 1
4 14 1
4 15 1
4 16 1
4 17 1
5 18 1
5 19 1
5 20 1
5 21 1
5 22 1
6 23 1
7 24 1
8 25 1
9 25 1
10 26 1
11 27 1
12 28 1
13 29 1
14 30 1
15 31 1
16 32 1
17 33 1
18 34 1
19 35 1
20 35 1
21 36 1
22 37 1
23 38 1
24 39 1
25 40 1
26 41 1
27 42 1
28 43 1
29 44 1
30 45 1
31 46 1
31 47 1
32 48 1
33 49 1
34 50 1
35 51 1
36 52 1
37 53 1
38 54 1
39 55 1
40 56 1
41 57 1
42 58 1
42 59 1
43 60 1
44 61 1
45 62 1
46 63 1
47 64 1
48 65 1
49 66 1
50 67 1
51 68 1
52 69 1
53 70 1
54 71 1
55 72 1
56 73 1
57 74 1
58 75 1
59 76 1
60 77 1
61 78 1
62 79 1
63 80 1
64 81 1
65 82 1
66 83 1
66 84 1
67 85 1
67 86 1
68 87 1
69 88 1
69 89 1
70 90 1
70 91 1
71 92 1
72 92 1
73 93 1
74 94 1
75 94 1
76 95 1
77 96 1
78 97 1
79 98 1
80 99 1
81 100 1
82 101 1
83 102 1
84 103 1
85 103 1
86 104 1
87 104 1
88 105 1
89 106 1
90 107 1
91 108 1
92 109 1
93 110 1
94 111 1
95 111 1
96 111 1
97 112 1
98 113 1
99 114 1
100 115 1
101 116 1
102 116 1
103 117 1
104 118 1
105 119 1
106 120 1
107 121 1
108 122 1
109 123 1
110 124 1
111 125 1
112 126 1
113 127 1
114 128 1
115 129 1
116 130 1
117 131 1
118 132 1
119 133 1
120 134 1
121 135 1
122 136 1
123 137 1
124 138 1
125 139 1
125 140 1
126 141 1
127 142 1
128 143 1
129 144 1
130 145 1
131 146 1
132 147 1
133 148 1
134 149 1
135 150 1
136 151 1
137 152 1
138 153 1
139 154 1
140 155 1
141 156 1
142 156 1
143 157 1
144 158 1
145 159 1
146 160 1
147 161 1
148 162 1
149 163 1
150 164 1
151 165 1
152 166 1
153 167 1
154 168 1
155 169 1
156 170 1
157 171 1
158 172 1
159 173 1
160 174 1
161 175 1
162 176 1
163 177 1
164 178 1
165 179 1
166 180 1
166 181 1
167 182 1
168 183 1
169 184 1
169 185 1
170 186 1
170 187 1
171 188 1
172 189 1
173 190 1
174 191 1
174 192 1
175 193 1
176 194 1
176 195 1
176 196 1
177 197 1
177 198 1
178 199 1
179 200 1
179 201 1
180 202 1
181 202 1
182 202 1
183 203 1
184 204 1
185 205 1
186 206 1
187 206 1
188 207 1
189 208 1
190 208 1
191 209 1
192 210 1
193 210 1
194 211 1
195 211 1
196 212 1
197 213 1
198 213 1
199 214 1
200 215 1
201 216 1
202 217 1
203 218 1
204 219 1
205 220 1
206 221 1
207 222 1
208 223 1
209 224 1
210 225 1
211 226 1
212 227 1
213 228 1
214 229 1
215 230 1
216 231 1
217 232 1
217 233 1
218 234 1
218 235 1
218 236 1
218 237 1
218 238 1
219 239 1
219 240 1
219 241 1
219 242 1
220 243 1
220 244 1
220 245 1
220 246 1
220 247 1
221 248 1
221 249 1
221 250 1
222 251 1
222 252 1
222 253 1
222 254 1
223 255 1
223 256 1
224 257 1
224 258 1
225 259 1
226 260 1
227 261 1
228 262 1
228 263 1
228 264 1
229 265 1
229 266 1
230 267 1
230 268 1
231 269 1
231 270 1
231 271 1
231 272 1
232 273 1
233 273 1
234 273 1
235 273 1
236 274 1
237 275 1
238 276 1
239 276 1
240 277 1
241 277 1
242 277 1
243 277 1
244 277 1
245 278 1
246 278 1
247 279 1
248 279 1
249 279 1
250 280 1
251 280 1
252 280 1
253 280 1
254 281 1
255 281 1
256 282 1
257 283 1
258 283 1
259 283 1
260 284 1
261 284 1
262 284 1
263 285 1
264 286 1
265 286 1
266 287 1
267 288 1
268 288 1
269 288 1
270 289 1
271 289 1
272 289 1
273 290 1
274 291 1
275 292 1
276 293 1
277 293 1
278 294 1
279 294 1
280 295 1
281 296 1
282 296 1
283 297 1
284 298 1
285 299 1
286 300 1
287 301 1
288 301 1
289 302 1
290 303 1
291 304 1
292 305 1
293 306 1
294 307 1
295 308 1
296 309 1
297 310 1
298 311 1
299 312 1
300 312 1
301 313 1
302 314 1
303 315 1
304 316 1
304 317 1
305 318 1
306 319 1
307 320 1
308 321 1
309 322 1
310 323 1
310 324 1
311 325 1
311 326 1
311 327 1
312 328 1
313 329 1
313 330 1
313 331 1
314 332 1
315 333 1
316 334 1
317 335 1
318 336 1
319 337 1
320 337 1
321 338 1
322 339 1
323 340 1
324 341 1
325 342 1
326 343 1
327 344 1
328 345 1
329 346 1
330 347 1
331 348 1
332 348 1
333 349 1
334 350 1
335 351 1
336 352 1
337 353 1
338 354 1
338 355 1
339 356 1
340 357 1
341 358 1
342 359 1
343 360 1
344 361 1
345 362 1
346 363 1
347 364 1
347 365 1
348 366 1
348 367 1
349 368 1
350 369 1
351 369 1
352 370 1
353 370 1
354 371 1
355 371 1
356 372 1
357 373 1
358 374 1
359 374 1
360 375 1
361 375 1
362 376 1
363 377 1
364 378 1
365 378 1
366 379 1
367 380 1
368 381 1
369 382 1
369 383 1
369 384 1
370 385 1
371 386 1
372 387 1
373 388 1
373 389 1
374 390 1
375 391 1
376 392 1
377 393 1
377 394 1
378 395 1
379 396 1
380 397 1
380 398 1
381 399 1
382 400 1
383 401 1
384 402 1
385 403 1
386 404 1
387 405 1
388 406 1
389 407 1
390 408 1
391 409 1
392 410 1
393 411 1
394 412 1
395 412 1
396 413 1
397 414 1
398 414 1
399 415 1
400 416 1
401 417 1
402 417 1
403 417 1
404 418 1
405 419 1
406 420 1
407 421 1
408 422 1
409 422 1
410 423 1
411 424 1
412 424 1
413 425 1
414 426 1
415 427 1
416 428 1
417 429 1
418 430 1
419 431 1
419 432 1
419 433 1
420 434 1
421 435 1
422 436 1
423 437 1
424 438 1
425 439 1
426 440 1
427 441 1
428 442 1
429 443 1
430 444 1
431 445 1
432 446 1
433 447 1
434 448 1
435 449 1
436 450 1
437 450 1
438 451 1
439 452 1
440 452 1
441 453 1
442 454 1
443 455 1
444 456 1
445 457 1
446 458 1
447 459 1
448 460 1
449 461 1
450 462 1
451 463 1
451 464 1
452 465 1
453 466 1
454 467 1
455 468 1
455 469 1
455 470 1
456 471 1
457 472 1
458 473 1
459 474 1
460 475 1
461 476 1
462 477 1
463 478 1
464 479 1
464 480 1
464 481 1
465 482 1
465 483 1
466 484 1
467 484 1
468 485 1
469 486 1
470 487 1
471 488 1
472 489 1
473 490 1
474 491 1
475 491 1
476 492 1
477 493 1
478 494 1
479 495 1
480 496 1
481 497 1
482 498 1
483 499 1
484 500 1
485 500 1
486 500 1
487 500 1
488 500 1
489 500 1
490 500 1
491 500 1
492 500 1
493 500 1
494 500 1
495 500 1
496 500 1
497 500 1
498 500 1
499 500 1
