1 2 2
1 3 4
1 4 7
1 5 4
2 6 5
2 7 1
2 8 1
3 9 6
3 10 4
4 11 5
4 12 3
4 13 6
4 14 7
5 15 1
5 16 4
5 17 5
5 18 5
6 19 1
7 20 5
8 21 1
9 22 1
10 23 1
11 24 4
12 25 3
13 26 2
14 27 6
15 28 3
16 29 6
17 30 4
18 31 2
19 32 5
20 33 5
21 34 5
22 35 2
23 36 4
24 37 2
25 38 1
26 39 4
27 40 2
28 41 3
29 42 1
30 43 2
31 44 2
32 45 1
33 46 3
34 47 4
35 48 5
36 49 6
37 50 7
38 51 6
39 52 4
40 53 4
41 54 2
42 55 4
43 56 5
44 57 3
45 58 2
46 59 5
47 60 6
48 61 1
49 62 1
50 63 2
51 64 2
52 65 7
53 66 1
54 67 1
55 68 3
56 69 2
57 70 4
58 71 1
59 72 6
60 73 5
61 74 2
62 75 6
63 76 6
64 77 3
65 78 4
65 79 1
65 80 3
66 81 2
67 82 5
68 83 5
69 84 1
70 85 1
71 86 1
72 87 4
73 87 2
74 88 5
75 89 2
76 89 6
77 90 6
78 91 1
79 92 2
80 92 1
81 93 1
82 93 6
83 94 6
84 95 1
85 95 4
86 96 2
87 97 7
87 98 3
88 99 2
88 100 3
89 101 2
90 102 1
91 103 6
92 104 4
93 105 3
94 106 7
94 107 3
95 108 6
96 109 2
97 110 7
97 111 6
98 112 5
99 113 5
100 114 4
101 115 7
102 116 5
103 117 5
104 118 1
105 119 7
106 120 7
107 121 2
107 122 4
108 123 3
109 124 5
110 125 6
111 126 3
112 127 7
112 128 5
113 129 5
114 130 3
114 131 1
115 132 2
116 133 3
117 134 4
118 135 5
119 136 4
120 137 7
121 138 6
122 139 7
123 140 2
124 141 7
125 141 7
126 142 6
127 143 1
128 144 5
129 145 4
130 146 4
131 147 1
132 148 7
133 148 5
134 149 7
135 150 4
136 151 2
137 151 6
138 152 1
139 153 6
140 154 4
141 155 4
142 156 3
143 157 2
144 158 6
145 159 5
146 160 2
147 161 4
148 162 2
149 163 3
149 164 7
150 165 1
151 166 1
152 167 7
153 168 3
154 169 3
155 170 7
156 171 6
157 172 4
158 173 3
159 174 3
159 175 6
160 176 4
161 177 3
162 178 1
163 179 4
164 180 1
165 181 2
166 182 2
167 183 4
168 184 4
169 185 5
170 186 2
171 187 5
172 188 7
173 189 4
174 190 5
175 191 5
176 192 3
177 193 6
178 194 6
179 195 5
179 196 7
180 197 6
181 198 7
182 199 3
183 200 3
183 201 2
184 202 1
184 203 3
185 204 5
186 205 4
187 206 7
188 207 5
189 207 6
190 208 3
191 208 7
192 209 2
193 209 3
194 210 3
195 211 2
196 212 7
197 213 3
198 214 7
199 215 6
200 216 2
201 217 3
202 218 5
203 219 7
204 220 4
205 221 5
206 222 6
207 223 6
208 224 1
209 225 3
210 226 2
211 227 6
212 228 3
213 229 6
214 230 2
215 231 1
216 232 3
217 233 7
218 234 6
219 235 4
220 236 5
221 237 3
222 238 7
223 239 7
224 240 2
224 241 3
225 242 2
226 243 2
227 244 2
228 245 2
228 246 1
229 247 6
230 248 1
231 249 2
232 250 6
233 251 7
234 252 7
235 253 4
235 254 1
236 255 3
237 256 7
238 257 4
239 258 3
240 259 2
241 260 7
241 261 5
242 262 1
243 263 7
244 264 5
245 265 7
246 266 1
247 267 3
248 268 1
249 269 6
250 270 1
251 271 1
252 272 3
253 273 1
254 274 7
255 275 2
256 276 5
257 277 5
258 278 7
259 279 7
260 280 2
261 281 2
262 282 1
263 283 3
264 283 5
265 284 5
266 285 5
267 286 2
268 287 2
269 288 1
270 289 3
271 290 4
272 291 4
273 292 7
274 292 6
275 293 6
276 294 6
277 295 2
278 296 4
279 297 4
280 298 7
281 299 6
282 300 2
283 301 4
284 302 5
284 303 2
285 304 4
286 305 7
287 306 1
288 307 5
289 308 2
290 309 7
291 310 5
292 311 4
293 312 2
294 313 3
295 314 4
296 315 3
297 316 4
298 317 5
299 318 7
300 319 1
301 320 5
301 321 2
302 322 7
303 323 1
304 324 7
305 325 5
306 326 7
307 327 6
308 328 4
309 329 4
310 330 6
311 331 4
312 332 2
313 333 5
314 334 3
315 335 7
316 335 4
317 336 6
318 337 5
319 338 6
320 339 2
321 340 6
322 341 7
323 342 1
324 343 3
325 344 3
326 345 1
327 346 4
328 347 3
329 348 3
330 348 7
331 349 4
332 350 5
333 351 4
334 352 6
335 352 2
336 353 5
337 353 3
338 353 4
339 354 1
340 355 5
341 356 2
342 357 6
343 358 3
344 359 5
345 359 1
346 360 1
347 361 7
348 361 7
349 362 7
350 362 3
351 363 5
352 364 5
353 365 1
353 366 2
354 367 4
354 368 3
355 369 7
355 370 6
356 371 1
357 372 4
357 373 4
357 374 4
358 375 7
359 376 5
360 377 7
360 378 6
361 379 1
362 380 5
363 381 4
364 382 7
365 383 1
366 384 3
367 385 1
368 386 4
369 387 4
370 387 3
371 388 2
372 389 4
373 390 4
374 390 1
375 391 3
376 392 2
377 393 2
378 394 6
379 395 5
380 396 1
381 397 5
382 397 5
383 398 5
384 398 7
385 399 5
386 400 6
387 401 4
388 402 6
389 403 4
390 404 2
391 404 7
392 405 4
393 406 6
394 406 6
395 407 4
396 408 1
397 409 4
398 410 4
399 411 1
400 412 4
400 413 1
401 414 6
402 415 5
403 416 5
404 417 6
405 418 5
406 419 6
406 420 3
406 421 5
407 422 7
407 423 7
408 424 3
409 425 3
410 426 5
411 427 3
412 427 7
413 428 6
414 428 5
415 429 1
416 429 2
417 430 7
418 430 3
419 430 5
420 430 6
421 431 4
422 431 2
423 432 7
424 432 1
425 433 3
426 434 5
427 435 1
428 436 5
429 437 3
429 438 5
430 439 7
431 440 6
431 441 6
432 442 5
433 443 1
434 444 6
435 445 5
436 446 6
436 447 3
437 448 5
437 449 2
437 450 2
437 451 3
438 452 2
438 453 1
439 454 3
440 455 1
441 456 4
441 457 2
442 458 7
443 459 5
444 460 3
445 461 5
446 462 3
447 462 1
448 463 7
449 463 7
450 464 2
451 465 3
452 465 2
453 466 4
454 467 2
455 468 5
456 468 7
457 468 1
458 469 4
459 470 3
460 471 6
461 472 5
462 472 7
463 473 5
464 474 7
465 475 7
466 476 5
467 477 3
468 478 7
469 479 4
470 480 7
471 481 7
471 482 6
472 483 5
472 484 6
473 485 6
474 486 5
474 487 7
474 488 4
475 489 2
475 490 5
475 491 1
476 492 5
476 493 7
476 494 6
477 495 5
477 496 2
478 497 1
479 498 5
479 499 2
480 500 5
481 501 7
482 502 2
483 502 1
484 503 6
485 504 3
486 504 2
487 505 3
488 506 4
489 506 4
490 507 1
491 508 4
492 508 5
493 509 5
494 509 7
495 510 5
496 511 3
497 511 3
498 512 6
499 513 5
500 514 2
501 515 4
502 516 3
503 517 5
504 518 2
505 519 5
506 520 7
506 521 6
507 522 6
508 523 6
509 524 5
510 525 3
511 526 6
512 527 3
513 528 3
514 529 7
515 530 2
516 531 2
517 532 4
518 533 3
519 534 4
520 535 5
521 536 5
522 537 2
523 538 7
524 539 7
525 540 7
526 541 1
527 542 6
528 543 1
529 544 6
530 545 5
531 546 6
532 546 7
533 547 6
534 547 4
535 548 1
536 549 6
537 550 4
538 551 3
539 551 4
540 552 2
541 552 5
542 553 7
543 553 3
544 554 2
545 555 2
546 556 6
547 557 7
548 558 4
549 559 1
549 560 5
550 561 4
550 562 3
551 563 2
552 564 5
553 565 6
553 566 5
554 567 5
555 568 4
556 569 2
557 570 4
558 571 1
559 572 1
560 572 6
561 572 7
562 573 5
563 574 1
564 575 1
565 575 4
566 576 7
567 577 6
568 578 4
569 579 6
570 580 3
571 581 4
572 582 6
572 583 7
573 584 6
574 585 2
575 586 5
576 587 6
576 588 3
577 589 7
578 590 4
579 590 5
580 591 6
581 592 5
582 593 6
583 594 5
584 595 7
585 596 2
586 597 5
587 598 1
588 599 4
589 600 6
590 600 1
591 600 7
592 600 6
593 600 7
594 600 3
595 600 6
596 600 4
597 600 1
598 600 3
599 600 4
