1 2 6
1 3 11
1 4 8
2 5 5
2 6 17
2 7 10
3 8 3
3 9 14
4 10 8
5 11 9
5 12 10
5 13 15
6 14 2
6 15 16
6 16 4
7 17 10
7 18 13
7 19 17
7 20 2
8 21 17
8 22 5
8 23 15
8 24 5
9 25 13
9 26 3
10 27 15
10 28 10
10 29 16
11 30 6
12 31 4
13 32 2
14 33 8
15 34 7
16 35 14
17 36 9
18 37 10
19 37 3
20 38 11
21 39 5
22 40 4
23 41 6
24 42 6
25 43 15
26 44 16
27 45 2
28 46 2
29 47 7
30 48 15
31 49 8
32 50 11
33 51 12
34 51 17
35 52 8
36 53 6
37 54 9
38 55 10
39 55 9
40 56 13
41 57 17
42 57 7
43 58 6
44 59 13
45 59 15
46 59 11
47 60 1
48 61 2
49 62 4
49 63 11
50 64 2
51 65 10
52 66 7
53 67 14
54 68 2
55 69 11
56 70 7
56 71 1
57 72 8
57 73 8
58 74 10
58 75 3
59 76 6
60 77 14
60 78 6
61 79 12
62 80 3
63 81 8
64 82 15
65 83 10
66 84 8
67 85 6
68 86 3
69 87 14
70 88 6
71 89 5
72 90 4
73 91 1
74 92 13
75 93 17
76 94 12
77 95 9
78 96 10
79 97 8
80 98 4
81 99 5
82 99 1
83 100 5
84 101 16
85 102 17
86 103 10
87 104 7
88 105 1
89 106 3
90 107 10
91 108 1
92 109 2
93 110 7
94 111 1
95 112 3
96 113 10
97 114 6
98 115 1
99 116 16
100 117 7
101 118 3
102 119 13
103 120 12
104 120 9
105 121 15
106 122 14
107 123 17
108 124 1
109 125 9
110 126 15
111 127 10
112 128 2
113 129 1
114 130 17
115 131 10
116 132 11
117 133 15
118 134 14
119 135 6
120 136 3
121 137 7
122 137 13
123 138 4
124 139 6
125 140 10
126 141 4
127 142 15
128 142 10
129 143 1
130 144 12
131 144 10
132 145 5
133 145 6
134 146 10
135 147 10
136 148 8
137 148 14
138 149 13
139 149 17
140 150 5
141 151 15
142 152 13
143 153 1
144 154 6
145 155 7
146 156 5
147 157 8
147 158 13
147 159 11
148 160 1
149 161 6
150 162 12
150 163 9
150 164 5
151 165 4
152 166 9
152 167 13
152 168 13
153 169 6
153 170 2
154 171 12
155 172 9
156 173 2
157 174 8
158 175 17
159 176 7
160 177 9
161 177 9
162 178 13
163 178 16
164 179 8
165 180 13
166 181 5
167 182 8
168 183 6
169 184 13
170 185 7
171 186 10
172 187 9
173 187 8
174 188 8
175 189 4
176 189 3
177 190 8
178 191 2
179 191 1
180 192 8
181 192 17
182 193 6
183 194 5
184 195 13
185 196 2
186 197 4
187 198 16
187 199 6
188 200 2
189 201 4
190 202 13
190 203 12
191 204 8
192 205 5
192 206 10
193 207 10
193 208 7
194 209 10
194 210 13
195 211 6
196 212 15
197 213 4
198 214 10
199 214 8
200 215 16
201 216 11
202 217 3
203 218 3
204 219 15
205 219 1
206 220 7
207 221 17
208 221 14
209 222 14
210 222 14
211 223 17
212 224 7
213 225 4
214 226 2
215 227 8
216 228 16
217 229 4
218 230 12
219 231 16
220 232 12
221 233 7
222 234 11
223 235 3
224 236 5
225 237 12
226 238 3
227 239 9
228 240 4
229 241 11
230 242 2
231 243 2
232 244 8
233 245 15
234 246 17
235 246 3
236 247 16
237 248 8
238 249 13
239 250 9
240 251 16
240 252 15
240 253 11
241 254 15
242 255 12
243 256 17
243 257 5
244 258 6
245 259 12
246 260 8
247 261 17
248 262 17
248 263 5
249 264 2
250 265 9
251 266 6
251 267 3
252 268 11
253 269 1
254 270 4
254 271 17
255 272 5
256 273 5
257 274 13
258 275 1
259 276 3
260 277 15
260 278 4
261 279 6
262 280 7
263 281 1
263 282 4
264 283 13
264 284 10
264 285 11
265 286 15
265 287 16
265 288 11
266 289 13
266 290 13
266 291 14
267 292 11
267 293 1
268 294 6
269 295 4
270 296 15
270 297 11
270 298 16
271 299 5
271 300 9
271 301 16
272 302 10
273 303 2
273 304 1
274 305 5
275 306 10
276 307 3
276 308 11
277 309 2
277 310 6
278 311 4
278 312 11
278 313 3
278 314 17
279 315 17
279 316 9
279 317 16
280 318 6
281 319 3
282 319 8
283 319 5
284 319 1
285 320 12
286 321 15
287 321 3
288 321 14
289 322 11
290 322 11
291 323 6
292 323 12
293 324 15
294 324 11
295 324 3
296 324 10
297 325 3
298 325 9
299 326 11
300 326 10
301 326 2
302 326 17
303 326 10
304 327 17
305 327 7
306 327 3
307 328 15
308 328 3
309 329 2
310 329 6
311 330 15
312 331 1
313 331 13
314 331 2
315 332 10
316 332 6
317 333 13
318 334 2
319 335 2
320 336 6
321 337 8
322 338 16
323 339 9
324 340 6
325 341 15
326 342 15
327 342 16
328 343 5
329 344 16
330 345 1
331 346 15
332 346 12
333 347 14
334 348 11
335 349 2
336 350 17
337 351 16
338 352 13
339 353 11
339 354 5
340 355 6
341 356 13
342 357 1
343 358 13
344 359 9
345 360 14
346 361 8
347 362 11
348 363 4
349 363 16
350 364 16
351 365 13
352 365 3
353 366 12
354 367 16
355 368 7
356 369 4
357 370 5
358 370 4
359 370 8
360 371 7
361 372 16
362 373 16
363 374 10
363 375 10
364 376 13
365 377 6
366 378 3
367 379 4
367 380 5
368 381 1
369 382 9
369 383 7
370 384 15
371 385 8
372 386 3
373 387 5
374 388 9
375 389 11
376 390 10
377 391 5
378 391 5
379 392 15
380 393 15
381 393 4
382 394 15
383 395 12
384 396 4
385 396 5
386 397 10
387 398 5
388 399 9
388 400 2
388 401 8
389 402 5
389 403 9
390 404 3
391 405 2
392 406 12
393 407 1
393 408 1
394 409 12
395 410 13
396 411 8
396 412 13
397 413 13
397 414 7
398 415 7
398 416 12
399 417 6
400 418 14
401 419 7
402 419 17
403 420 15
404 420 3
405 421 14
406 422 6
407 422 2
408 423 5
409 424 6
410 424 9
411 424 15
412 424 5
413 425 4
414 425 12
415 426 4
416 427 6
417 428 15
418 429 13
418 430 1
418 431 8
419 432 2
420 433 1
420 434 12
421 435 13
422 436 15
423 437 3
424 438 10
425 439 15
426 440 2
427 441 9
428 442 11
429 443 10
430 444 2
430 445 6
431 446 4
432 447 9
433 448 5
434 449 15
434 450 10
435 451 13
435 452 16
436 453 12
437 454 14
438 455 17
439 456 6
440 457 2
441 458 4
442 459 1
443 459 2
444 460 7
445 461 3
446 461 1
447 461 3
448 462 17
449 462 8
450 463 5
451 463 7
452 464 5
453 464 8
454 464 8
455 465 3
456 465 17
457 466 10
458 467 3
459 468 9
459 469 16
460 470 9
461 471 5
462 472 2
463 473 6
464 474 4
465 475 12
466 476 13
467 477 6
468 478 3
469 479 10
469 480 2
470 481 2
471 482 1
471 483 3
472 484 3
472 485 4
473 486 4
473 487 7
474 488 6
475 489 1
476 490 13
476 491 14
476 492 4
477 493 8
478 494 13
479 495 14
480 496 12
480 497 13
480 498 17
480 499 5
481 500 4
482 501 4
483 502 16
484 503 8
485 504 11
486 505 11
487 506 7
487 507 14
488 508 6
489 509 5
490 510 12
491 511 7
492 512 3
493 513 14
494 514 6
495 515 4
496 516 2
497 516 12
498 517 11
499 517 14
500 518 13
501 519 10
502 520 7
503 520 10
504 521 4
505 522 4
506 523 12
507 524 12
508 525 2
509 526 3
510 526 15
511 527 4
512 528 1
513 529 9
514 530 3
515 531 2
516 531 11
517 532 10
518 532 17
519 532 4
520 533 12
521 534 17
522 534 3
523 535 15
524 535 10
525 536 14
526 536 16
527 537 5
528 538 10
529 538 4
530 539 10
531 540 3
532 541 9
533 542 6
534 543 12
535 544 8
536 545 10
537 546 11
538 547 4
539 548 17
539 549 13
540 550 9
540 551 2
541 552 9
541 553 5
542 554 3
542 555 6
543 556 6
544 557 13
545 558 4
545 559 15
545 560 2
545 561 8
546 562 10
546 563 5
547 564 5
548 565 14
549 566 8
550 567 2
551 568 7
552 569 8
553 570 8
554 570 10
555 570 17
556 571 3
557 572 4
558 572 6
559 573 4
560 574 8
561 575 14
562 576 3
563 577 2
564 578 5
565 579 9
565 580 5
566 581 1
567 582 5
568 583 4
568 584 12
569 585 2
570 586 5
570 587 1
570 588 5
571 589 10
572 590 2
573 591 3
573 592 11
574 593 12
575 594 12
576 595 9
577 596 6
577 597 16
578 598 6
578 599 10
579 600 16
580 600 7
581 600 13
582 600 7
583 600 16
584 600 4
585 600 11
586 600 16
587 600 14
588 600 12
589 600 11
590 600 7
591 600 15
592 600 2
593 600 17
594 600 12
595 600 10
596 600 13
597 600 4
598 600 12
599 600 15
