1 2 83
1 3 76
1 4 8
1 5 49
2 6 30
2 7 58
3 8 64
3 9 24
4 10 6
4 11 46
5 12 44
5 13 69
5 14 76
6 15 31
6 16 43
6 17 27
7 18 8
7 19 25
7 20 5
8 21 47
9 22 52
9 23 88
9 24 28
9 25 87
10 26 36
11 27 47
12 28 23
13 29 44
14 30 67
14 31 52
15 32 49
16 33 78
17 34 88
18 35 40
19 36 18
20 37 20
21 38 78
21 39 5
22 40 78
22 41 61
23 42 48
24 43 16
25 44 86
25 45 40
26 46 74
27 47 35
28 48 43
29 49 58
30 50 45
30 51 47
31 52 67
31 53 63
32 54 17
33 55 67
34 55 2
35 56 3
36 57 14
37 58 15
38 59 11
39 59 80
40 60 49
41 61 36
42 61 34
43 62 43
44 63 69
45 63 30
46 64 44
47 65 46
48 66 12
49 67 12
50 68 62
51 68 29
52 68 66
53 69 80
54 70 80
55 71 83
56 72 85
57 73 42
58 73 13
59 74 30
60 74 15
61 75 11
62 75 82
63 76 23
64 77 22
65 78 35
66 79 84
67 80 6
68 81 48
69 82 43
70 83 80
71 84 26
72 85 13
73 86 73
73 87 59
74 88 82
75 89 30
76 90 48
77 91 81
77 92 40
78 93 18
79 94 68
80 95 53
80 96 31
80 97 63
81 98 9
82 99 72
83 100 49
84 100 43
85 100 59
86 100 66
87 100 11
88 100 53
89 100 55
90 100 17
91 100 81
92 100 59
93 100 59
94 100 6
95 100 50
96 100 18
97 100 15
98 100 67
99 100 51
