1 2 69
1 3 13
1 4 82
2 5 25
3 6 13
4 7 7
4 8 45
4 9 7
4 10 9
4 11 71
5 12 60
6 13 48
7 14 16
8 15 27
9 16 82
10 17 55
11 18 13
12 19 48
13 19 83
14 20 37
15 21 24
16 22 32
17 23 25
18 24 51
19 25 87
20 26 33
21 27 6
22 28 31
23 29 16
24 30 1
25 31 2
26 32 58
27 33 18
27 34 37
28 35 58
29 36 10
30 37 18
31 38 53
32 39 55
33 40 57
34 41 28
35 42 51
36 43 4
37 44 15
38 45 16
39 45 78
40 46 46
41 46 11
42 47 77
43 48 30
44 48 49
45 49 38
45 50 57
45 51 69
46 52 62
47 53 20
47 54 42
48 55 27
49 56 45
50 57 71
51 58 66
52 59 3
53 60 50
54 61 66
55 62 22
56 63 44
57 64 80
58 65 23
59 66 38
60 67 38
61 68 32
62 69 52
63 70 64
64 71 11
65 72 36
66 73 42
67 74 45
68 74 87
69 75 50
70 76 82
71 77 48
72 78 75
73 79 85
74 80 77
75 81 86
75 82 56
76 83 45
77 83 71
78 83 44
79 84 89
80 84 22
81 85 8
82 86 79
83 87 30
84 88 77
85 89 58
86 90 32
87 91 32
88 92 41
89 93 63
90 94 43
91 95 83
92 96 63
92 97 36
93 98 53
94 99 41
95 100 47
96 100 76
97 100 26
98 100 16
99 100 80
