1 2 17
1 3 31
2 4 31
2 5 8
2 6 33
2 7 7
2 8 9
3 9 21
3 10 3
3 11 9
3 12 2
3 13 18
4 14 12
5 15 18
6 16 3
6 17 23
7 18 19
8 19 20
9 20 4
10 21 4
11 22 1
12 23 12
12 24 3
13 25 28
14 26 22
15 27 29
16 27 36
17 28 23
18 29 26
19 29 31
20 29 39
21 29 38
22 29 12
23 30 23
24 30 9
25 30 23
26 31 33
27 32 10
27 33 38
27 34 22
28 35 25
29 36 37
29 37 6
30 38 2
30 39 17
30 40 11
31 41 19
32 42 23
33 42 35
34 42 26
35 42 37
36 43 20
37 43 21
38 43 31
39 44 25
40 45 34
41 46 24
42 47 34
43 48 32
44 49 32
45 50 31
46 51 4
47 52 6
47 53 35
47 54 18
47 55 32
48 56 38
48 57 11
48 58 9
49 59 28
50 60 29
50 61 19
50 62 25
51 63 25
52 63 11
53 63 6
54 63 19
55 64 13
56 64 6
57 64 7
58 65 14
59 65 15
60 65 22
61 66 21
62 66 2
63 67 9
63 68 39
64 69 3
65 70 17
66 71 6
67 72 26
68 73 32
69 74 30
70 75 26
71 75 32
72 76 26
72 77 7
73 78 9
74 79 15
75 80 13
76 81 19
76 82 14
76 83 13
77 84 9
78 85 35
78 86 37
78 87 33
79 88 6
79 89 24
80 90 26
80 91 30
81 92 28
82 93 16
83 94 10
84 94 34
85 94 24
86 95 19
87 96 6
88 97 10
89 97 15
90 98 4
91 99 18
92 100 36
93 100 16
94 100 28
95 100 25
96 100 14
97 100 2
98 100 21
99 100 30
