1 2 10
1 3 18
1 4 27
2 5 1
2 6 15
2 7 15
3 8 10
3 9 7
3 10 14
4 11 16
4 12 26
5 13 3
6 14 15
7 15 21
7 16 17
7 17 11
8 18 21
9 19 21
10 20 17
11 21 27
12 22 13
13 23 28
14 24 25
15 25 11
16 26 1
17 26 9
18 27 20
19 28 7
20 28 26
21 29 15
22 29 11
23 30 28
24 31 7
24 32 6
24 33 14
25 34 8
25 35 16
26 36 2
27 37 7
28 38 2
29 39 20
30 40 16
31 41 10
32 42 25
33 43 1
34 44 18
35 45 24
36 46 11
36 47 10
37 48 11
38 49 23
39 50 3
40 51 29
41 52 26
41 53 14
42 54 5
43 55 26
44 56 7
45 57 7
46 58 16
47 59 19
47 60 7
48 61 18
48 62 28
49 63 3
50 64 14
51 65 19
52 65 3
53 66 8
54 66 24
55 66 20
56 66 17
57 67 1
58 67 25
59 67 4
60 68 1
61 68 22
62 68 10
63 68 29
64 68 1
65 69 6
66 70 5
67 71 7
68 72 27
69 73 2
69 74 3
70 75 12
70 76 21
70 77 3
71 78 14
72 79 1
72 80 12
73 81 16
74 81 9
75 82 26
76 83 15
77 84 18
78 84 28
79 84 22
80 85 20
81 86 19
81 87 21
82 88 6
82 89 4
83 90 9
83 91 7
84 92 3
85 93 2
86 94 10
87 94 21
88 95 1
89 96 28
90 97 5
91 98 23
92 98 22
93 99 4
94 100 19
95 100 26
96 100 14
97 100 12
98 100 9
99 100 2
