1 2 1
1 3 2
1 4 9
2 5 5
2 6 1
2 7 5
2 8 1
3 9 3
3 10 9
3 11 2
3 12 7
4 13 4
4 14 1
4 15 6
4 16 1
5 17 6
6 18 1
6 19 7
6 20 7
6 21 5
7 22 2
7 23 9
8 24 7
9 25 3
10 26 2
11 27 7
12 28 8
13 29 8
14 30 6
14 31 4
15 32 5
15 33 8
15 34 1
16 35 8
17 36 8
18 36 7
19 37 4
20 38 4
21 39 2
22 40 3
23 41 3
24 41 3
25 42 6
26 42 5
27 43 2
28 43 4
29 44 1
30 45 2
31 45 8
32 46 1
33 47 7
34 48 2
35 48 5
36 49 3
37 50 7
37 51 6
37 52 8
38 53 4
38 54 2
39 55 4
40 56 2
40 57 7
41 58 8
42 59 5
43 60 5
43 61 7
44 62 4
45 63 6
46 64 8
47 65 3
47 66 1
48 67 4
48 68 5
48 69 2
49 70 2
50 71 7
51 72 5
52 73 6
53 73 8
54 74 7
55 75 8
56 76 1
57 76 7
58 77 9
59 78 5
60 78 2
61 79 3
62 79 4
63 80 4
64 81 2
65 82 8
66 83 3
67 84 6
68 85 6
69 85 7
70 86 1
71 87 4
72 88 2
73 89 6
74 89 7
75 90 5
76 91 8
77 92 4
78 93 2
79 94 3
80 95 7
81 96 1
82 97 6
83 98 3
84 99 8
85 99 1
86 100 7
86 101 4
86 102 9
87 103 1
88 104 3
89 105 8
89 106 1
89 107 3
90 108 3
91 109 8
92 110 7
93 111 3
93 112 6
94 113 5
94 114 8
94 115 3
95 116 3
96 117 2
97 118 9
98 119 3
99 120 2
100 121 7
101 122 8
102 123 4
103 123 5
104 123 2
105 124 4
106 125 5
107 125 9
108 126 5
109 127 1
110 128 5
111 129 2
112 130 8
113 131 7
114 132 3
115 133 7
116 134 4
117 134 7
118 135 5
119 135 9
120 136 4
121 137 6
122 138 8
123 138 5
124 139 5
125 140 2
126 141 1
127 141 8
128 142 2
129 143 9
130 144 6
131 145 8
132 146 2
133 147 9
134 147 6
135 148 8
136 149 5
137 150 7
138 151 5
138 152 8
139 153 9
140 154 7
140 155 1
141 156 1
142 157 6
143 158 2
143 159 6
144 160 7
145 161 1
146 162 2
146 163 6
146 164 4
147 165 3
148 166 7
148 167 1
149 168 1
149 169 1
150 170 1
151 171 5
152 171 8
153 172 8
154 172 6
155 173 5
156 174 4
157 175 7
158 175 1
159 176 4
160 177 7
161 178 9
162 178 9
163 179 3
164 179 8
165 180 5
166 181 3
167 182 6
168 183 3
169 184 7
170 185 7
171 186 5
172 187 2
173 188 3
174 189 6
175 190 3
176 191 5
177 192 3
178 193 1
179 194 7
180 195 1
181 196 7
181 197 1
182 198 3
183 199 1
184 200 8
185 201 5
186 202 3
187 203 7
188 204 7
189 205 9
190 206 6
191 207 6
192 208 6
193 209 7
194 210 9
195 211 5
196 212 7
197 213 1
198 214 1
199 215 8
200 216 8
201 217 2
202 218 1
203 219 7
204 219 9
205 220 9
206 221 2
207 222 3
208 223 6
209 224 4
210 225 8
211 226 6
212 226 8
213 227 2
214 228 8
215 228 3
216 228 2
217 229 1
218 230 3
219 231 3
219 232 6
220 233 2
221 234 9
221 235 4
222 236 2
222 237 9
223 238 5
224 239 5
224 240 8
225 241 6
226 242 1
227 243 1
227 244 9
228 245 6
228 246 7
228 247 8
229 248 7
230 249 1
231 249 7
232 250 2
233 251 3
234 252 8
235 253 4
236 254 7
237 255 2
238 256 1
239 257 2
240 258 2
241 259 4
242 260 8
243 261 4
244 262 2
245 263 2
246 264 1
247 265 4
248 266 8
249 267 2
250 268 6
251 269 3
252 270 2
253 271 5
254 271 2
255 272 1
256 273 5
257 273 5
258 274 6
259 274 8
260 275 2
261 276 6
262 277 6
263 277 9
264 278 8
265 279 4
266 280 8
267 281 8
268 282 6
268 283 7
268 284 9
268 285 2
269 286 9
270 287 5
271 288 9
272 289 5
273 290 2
274 291 3
275 292 3
275 293 9
276 294 3
277 295 1
277 296 1
278 297 1
279 298 5
280 299 8
281 299 6
282 300 4
283 301 9
284 302 3
285 303 7
286 304 5
287 305 4
288 306 8
289 307 6
290 308 8
291 309 3
292 310 4
293 311 6
294 311 9
295 312 6
296 313 1
297 313 5
298 314 9
299 315 1
300 315 9
301 315 4
302 316 2
303 317 4
304 317 9
305 318 2
306 318 1
307 318 6
308 319 8
309 320 4
310 321 3
311 322 7
312 323 8
313 324 5
314 324 6
315 325 9
315 326 5
316 327 7
316 328 3
317 329 1
317 330 8
318 331 2
318 332 7
318 333 3
319 334 8
320 335 2
320 336 9
320 337 2
321 338 3
321 339 2
322 340 6
323 341 3
324 342 1
324 343 6
325 344 5
326 345 5
327 346 5
328 347 6
329 348 5
330 349 4
331 350 9
332 351 2
333 352 9
334 353 9
335 354 9
336 355 7
337 356 6
338 357 7
339 358 6
340 358 6
341 359 8
342 360 5
343 361 8
344 362 6
345 363 7
346 364 2
347 365 2
348 366 3
349 367 4
349 368 7
350 369 3
351 370 4
352 371 3
353 372 2
354 373 4
355 374 6
356 375 2
357 376 6
358 377 3
359 378 8
360 379 8
361 380 9
362 381 9
363 381 9
364 381 1
365 382 1
366 382 5
367 383 9
368 383 4
369 384 8
370 385 2
371 385 8
372 385 2
373 386 6
374 386 7
375 386 2
376 386 8
377 386 1
378 387 5
379 388 8
380 389 4
381 390 8
382 391 4
382 392 7
383 393 7
383 394 8
384 395 7
384 396 1
384 397 8
385 398 5
385 399 2
385 400 6
386 401 4
387 402 8
388 403 9
389 404 9
390 405 2
391 406 1
392 406 7
393 407 9
394 408 8
395 409 8
396 410 9
397 411 7
398 412 4
399 413 6
400 414 7
401 415 2
402 415 3
403 416 9
404 417 5
405 418 9
406 419 1
406 420 3
406 421 1
407 422 1
407 423 1
408 424 5
408 425 1
408 426 7
409 427 7
409 428 5
409 429 5
409 430 5
410 431 9
410 432 8
411 433 8
411 434 2
411 435 5
412 436 2
412 437 5
413 438 9
413 439 4
413 440 7
413 441 9
414 442 7
414 443 7
415 444 1
415 445 4
416 446 3
417 447 8
417 448 9
417 449 6
418 450 7
419 450 6
420 450 7
421 451 6
422 451 6
423 452 2
424 453 2
425 453 8
426 454 6
427 454 4
428 454 6
429 455 3
430 456 3
431 457 9
432 457 7
433 458 2
434 458 4
435 459 2
436 460 8
437 461 6
438 462 5
439 462 4
440 463 1
441 463 4
442 464 4
443 464 5
444 465 3
445 465 4
446 466 8
447 466 7
448 466 8
449 467 3
450 468 7
451 469 7
452 470 3
453 471 9
454 472 7
455 473 9
456 474 6
457 475 3
457 476 9
458 477 6
459 478 3
460 479 8
461 480 6
462 481 8
463 482 3
464 483 4
465 484 1
466 485 3
467 486 1
468 487 1
469 488 6
470 489 9
471 489 7
472 489 9
473 490 1
474 490 6
475 491 9
476 492 9
477 493 7
478 494 8
479 495 3
480 496 4
481 497 4
482 498 6
483 498 9
484 499 7
485 500 3
486 501 6
487 502 5
488 503 1
489 504 6
490 505 7
491 506 3
492 507 9
493 507 5
494 507 7
495 508 4
496 509 9
497 510 7
498 511 4
499 512 5
500 513 8
501 514 5
502 515 8
503 516 5
504 517 8
505 518 2
506 519 8
507 520 4
508 521 5
509 522 8
510 522 9
511 523 8
512 524 5
513 525 8
514 526 1
515 527 7
515 528 9
515 529 4
515 530 1
516 531 8
516 532 6
516 533 7
517 534 9
517 535 8
518 536 8
519 537 5
519 538 8
520 539 6
520 540 3
521 541 2
521 542 9
522 543 3
522 544 8
523 545 2
523 546 2
523 547 9
523 548 1
524 549 5
524 550 9
524 551 5
525 552 2
526 553 1
526 554 1
527 555 3
528 555 1
529 556 1
530 557 9
531 557 8
532 557 2
533 557 7
534 558 8
535 558 5
536 559 3
537 559 1
538 559 1
539 559 6
540 560 1
541 560 5
542 560 8
543 561 3
544 561 6
545 562 3
546 562 3
547 563 3
548 564 7
549 564 5
550 565 6
551 566 8
552 567 1
553 567 4
554 567 3
555 568 7
556 569 6
557 570 1
558 571 3
559 572 4
560 573 3
561 574 5
562 575 9
563 576 8
563 577 3
564 578 2
565 579 8
565 580 8
566 581 4
567 582 5
568 583 9
568 584 1
569 585 8
570 586 7
571 587 3
572 588 9
573 589 7
574 590 4
574 591 5
575 592 4
575 593 1
576 594 6
577 595 6
578 596 4
579 597 1
580 598 5
580 599 5
581 600 6
582 601 9
583 602 7
584 602 7
585 603 8
586 604 7
587 605 1
588 605 9
589 606 1
590 607 8
591 608 7
592 609 4
593 610 6
594 611 4
595 612 9
596 613 4
597 614 3
598 615 5
599 616 4
600 617 4
601 617 8
602 618 3
603 619 3
604 620 2
605 621 2
606 622 9
607 623 2
608 624 2
609 625 8
610 626 8
611 626 5
612 627 1
613 628 4
614 629 8
615 630 4
616 631 3
617 632 2
618 633 4
619 634 2
620 635 9
621 636 4
622 637 4
623 638 4
624 639 6
625 640 4
626 641 2
627 642 1
628 643 1
629 644 2
630 645 6
631 646 2
632 647 6
633 648 3
634 649 6
635 650 2
636 650 8
637 651 1
638 652 1
639 653 4
640 654 4
641 655 3
642 656 2
643 657 1
644 657 5
645 658 1
646 659 3
647 660 6
648 661 1
648 662 8
649 663 7
650 664 9
650 665 8
650 666 3
651 667 8
651 668 6
652 669 4
653 670 9
654 671 9
655 672 7
656 673 5
657 674 7
658 675 8
658 676 5
659 677 5
660 678 1
660 679 8
661 680 8
662 681 3
663 682 9
664 683 3
665 684 7
666 685 9
667 686 3
668 687 4
669 688 7
670 688 3
671 689 5
672 690 4
673 691 9
674 692 3
675 693 1
676 693 3
677 694 2
678 695 6
679 696 4
680 697 6
681 698 2
682 699 4
683 700 8
684 701 5
685 702 5
686 703 1
687 704 9
688 704 2
689 705 5
690 706 4
691 707 7
692 708 4
693 709 7
694 710 4
695 711 2
696 712 2
697 713 5
697 714 6
698 715 5
699 716 7
700 717 8
700 718 4
701 719 7
702 720 4
703 721 2
703 722 1
704 723 2
705 724 1
706 725 2
707 726 5
707 727 9
708 728 2
709 729 7
710 730 2
711 731 6
712 732 2
713 733 4
714 733 8
715 734 6
716 734 6
717 735 3
718 736 1
719 736 5
720 737 4
721 738 8
722 739 3
723 739 5
724 740 2
725 741 4
726 742 1
727 742 2
728 743 8
729 744 9
730 745 3
731 745 2
732 746 4
733 747 2
734 747 8
735 748 4
736 749 9
737 750 6
738 751 1
739 752 9
740 753 3
741 754 7
742 755 8
743 756 9
744 757 9
745 758 2
746 759 8
747 760 4
748 761 3
749 762 7
750 763 8
750 764 6
750 765 1
751 766 4
751 767 8
752 768 9
753 769 2
754 770 8
755 771 1
756 772 6
757 773 2
757 774 7
758 775 9
758 776 6
759 777 5
760 778 1
761 779 2
762 780 6
763 781 6
764 782 5
765 783 8
766 784 5
767 785 7
768 786 8
769 787 6
770 788 7
771 789 5
772 790 9
773 791 6
774 792 4
775 793 1
776 794 6
777 795 9
778 796 4
779 797 7
780 798 5
781 799 8
782 800 4
783 801 6
784 802 7
784 803 5
785 804 5
786 805 2
787 806 1
788 807 9
789 808 4
789 809 5
790 810 3
791 811 4
792 812 1
793 813 2
793 814 4
794 815 4
795 816 7
796 817 7
797 818 8
798 819 9
799 820 6
800 821 5
801 822 8
802 823 4
803 824 5
804 825 4
805 826 8
806 827 8
807 828 9
808 829 4
809 830 3
810 831 9
811 832 5
812 833 8
813 834 6
814 835 7
815 836 8
816 837 9
817 838 5
818 839 6
819 840 3
820 840 4
821 841 9
822 842 9
823 843 1
824 844 2
825 845 3
826 846 5
827 847 8
828 847 3
829 847 9
830 848 5
831 849 3
832 849 8
833 850 6
834 851 4
835 851 8
836 851 1
837 852 2
838 853 5
839 854 9
840 855 9
841 856 8
842 857 1
843 858 7
844 859 1
845 860 8
846 861 9
847 862 4
848 863 6
849 864 2
850 865 3
851 866 5
852 867 2
853 868 3
854 869 4
855 870 2
856 871 6
857 872 5
858 873 5
859 874 4
860 875 7
861 876 8
862 877 4
863 878 4
864 879 7
865 880 3
866 881 9
867 882 8
867 883 6
868 884 8
869 885 4
870 886 4
871 887 9
872 888 9
873 889 5
874 890 4
875 891 6
876 892 5
877 893 9
878 894 6
879 895 7
880 896 3
881 897 6
882 898 2
883 899 8
884 900 5
885 900 7
886 900 6
887 900 8
888 900 7
889 900 5
890 900 2
891 900 3
892 900 2
893 900 2
894 900 4
895 900 3
896 900 3
897 900 6
898 900 7
899 900 7
