1 2 79
1 3 24
1 4 68
1 5 21
1 6 9
2 7 98
2 8 61
2 9 96
3 10 72
3 11 76
3 12 34
3 13 36
4 14 58
4 15 25
5 16 32
5 17 94
6 18 48
6 19 11
6 20 28
6 21 73
6 22 16
7 23 4
8 23 73
9 23 81
10 24 21
11 25 52
12 26 48
13 27 73
14 28 89
15 29 20
16 30 84
17 31 22
18 32 91
19 33 8
20 34 46
21 35 78
22 36 87
23 37 61
24 38 38
25 39 60
26 40 13
27 41 15
28 42 94
29 43 22
30 44 78
31 45 67
32 46 95
33 47 31
34 48 85
35 49 73
36 50 68
37 51 47
38 52 75
38 53 61
39 54 22
40 55 58
41 56 95
41 57 23
42 58 71
43 59 85
44 60 71
45 61 28
46 62 23
47 63 58
48 64 47
49 65 16
50 66 78
51 67 94
52 68 34
53 69 41
54 69 60
55 70 65
56 71 78
57 72 68
58 73 96
59 73 40
60 74 20
61 75 66
62 76 92
63 77 8
64 78 41
65 79 2
66 80 82
67 81 69
68 81 23
69 82 49
70 83 74
71 83 93
72 84 98
73 85 15
74 86 52
75 87 86
76 87 55
77 88 99
78 88 57
79 89 40
80 89 26
81 90 8
81 91 65
82 92 68
82 93 94
82 94 22
82 95 80
83 96 64
83 97 27
84 98 80
84 99 94
85 100 6
85 101 12
85 102 62
85 103 62
86 104 73
86 105 96
87 106 46
87 107 19
87 108 71
87 109 56
87 110 33
88 111 48
88 112 57
89 113 29
89 114 97
90 115 20
91 116 15
92 117 20
93 118 32
94 119 92
95 119 30
96 120 62
97 121 29
98 122 88
99 122 67
100 123 57
101 124 66
102 125 80
103 126 69
104 127 86
105 128 28
106 129 53
107 130 83
108 130 8
109 131 34
110 132 44
111 132 20
112 133 49
113 134 26
114 135 37
115 136 20
116 137 78
117 138 89
118 139 35
119 140 57
120 141 63
121 142 71
122 143 29
123 144 27
124 145 17
125 146 85
126 147 74
127 148 81
128 149 32
129 150 72
130 151 54
131 151 80
132 152 89
133 153 58
134 154 26
135 155 97
136 156 28
137 156 47
138 157 93
139 158 87
140 159 22
141 159 73
142 160 85
143 161 20
144 161 51
145 162 97
146 162 97
147 163 51
148 163 95
149 164 11
150 165 19
151 165 40
152 166 33
153 167 34
154 167 80
155 167 86
156 168 24
157 169 97
158 170 59
159 171 97
160 172 66
161 173 13
161 174 44
161 175 66
162 176 68
163 177 73
164 178 78
165 179 42
166 180 9
167 181 95
167 182 70
168 183 85
169 183 72
170 184 19
171 185 26
172 186 17
173 187 41
174 188 98
175 189 54
176 190 1
177 191 59
178 192 88
179 192 53
180 192 29
181 193 5
182 193 44
183 194 82
183 195 15
184 196 1
185 197 94
186 198 15
187 199 39
188 200 16
189 201 81
190 202 80
191 203 81
192 204 61
193 205 27
194 206 72
195 207 94
196 208 11
196 209 84
197 210 14
198 211 25
199 212 6
200 213 40
200 214 82
201 215 65
202 216 86
203 217 69
204 218 79
204 219 49
205 220 90
205 221 6
206 222 4
207 223 3
208 224 18
209 225 25
210 226 78
211 227 91
212 228 41
213 229 35
214 230 33
215 231 84
216 232 36
217 233 81
218 234 5
219 235 53
220 236 14
221 237 47
222 238 30
223 238 17
224 238 90
225 238 81
226 238 79
227 239 93
228 240 63
229 240 7
230 240 17
231 241 74
232 241 49
233 242 69
234 242 73
235 243 57
236 243 55
237 243 77
238 244 60
238 245 2
239 246 95
239 247 41
239 248 15
240 249 6
240 250 27
240 251 38
240 252 37
241 253 41
242 254 13
242 255 14
243 256 41
243 257 40
243 258 77
244 259 81
245 260 44
246 261 68
247 262 94
248 263 20
249 263 94
250 264 4
251 264 6
252 265 95
253 266 2
254 267 18
255 268 92
256 269 79
257 270 86
258 271 66
259 272 33
260 273 80
261 274 69
262 275 14
263 276 48
264 277 19
265 278 22
266 278 79
267 279 36
268 280 96
269 281 51
270 282 36
271 282 38
272 283 65
273 284 88
274 285 15
275 286 24
276 287 24
277 288 48
278 289 52
279 290 11
279 291 57
280 292 73
281 293 71
282 294 15
283 295 79
283 296 29
284 297 76
285 298 46
286 299 56
287 300 67
287 301 59
288 302 70
288 303 74
288 304 90
289 305 43
290 306 2
291 307 22
291 308 26
292 309 76
293 310 15
294 311 32
295 312 42
296 313 20
297 313 24
298 313 33
299 313 14
300 314 5
301 315 68
302 315 38
303 316 32
304 316 28
305 317 10
306 317 97
307 318 94
308 319 13
309 319 75
310 320 98
311 320 58
312 321 59
312 322 61
313 323 40
314 324 19
314 325 99
315 326 47
315 327 11
315 328 71
315 329 49
316 330 71
317 331 29
317 332 18
318 333 52
318 334 85
318 335 2
319 336 24
319 337 31
320 338 3
321 339 99
322 340 98
323 341 16
324 341 51
325 342 89
326 343 31
327 344 67
328 344 89
329 344 43
330 345 47
331 346 89
332 346 19
333 347 78
334 347 61
335 348 24
336 349 79
337 350 65
338 351 96
339 352 40
340 353 44
341 354 23
342 355 15
343 356 14
344 357 79
345 358 32
346 359 55
347 360 43
348 361 70
349 362 89
350 363 94
351 364 30
352 365 78
353 366 91
354 367 53
355 368 34
356 369 91
357 370 89
358 371 45
359 372 73
360 373 3
360 374 28
361 375 59
362 376 12
363 377 76
364 378 10
365 379 55
365 380 65
365 381 78
366 382 36
366 383 24
366 384 88
367 385 21
367 386 38
367 387 53
367 388 52
368 389 69
368 390 45
368 391 25
368 392 23
369 393 25
369 394 45
369 395 58
369 396 80
369 397 22
370 398 88
370 399 21
370 400 94
370 401 66
371 402 88
371 403 83
372 404 14
372 405 48
372 406 43
372 407 25
372 408 41
373 409 74
374 410 53
374 411 25
374 412 1
374 413 41
374 414 6
375 415 80
375 416 36
375 417 56
375 418 20
376 419 89
376 420 56
376 421 98
377 422 56
377 423 65
377 424 26
378 425 21
378 426 70
378 427 53
378 428 24
379 429 79
380 429 11
381 429 58
382 429 65
383 429 21
384 429 51
385 430 51
386 430 84
387 430 92
388 430 75
389 430 54
390 431 89
391 431 35
392 431 97
393 431 90
394 432 84
395 432 67
396 432 18
397 432 60
398 432 31
399 433 56
400 433 95
401 433 42
402 433 41
403 433 60
404 433 80
405 434 79
406 434 78
407 434 11
408 434 67
409 434 11
410 435 60
411 435 70
412 435 20
413 435 21
414 436 92
415 436 25
416 436 82
417 436 26
418 436 84
419 436 22
420 436 66
421 436 45
422 437 73
423 437 34
424 437 50
425 438 75
426 438 4
427 438 41
428 438 79
429 439 6
430 440 21
430 441 7
430 442 21
431 443 1
432 444 80
432 445 12
432 446 40
432 447 6
433 448 73
434 449 37
435 450 81
435 451 38
436 452 32
437 453 7
438 454 19
439 455 18
439 456 10
440 457 84
440 458 8
441 459 84
442 460 1
443 461 35
444 462 40
445 463 38
446 464 33
447 465 67
448 466 86
449 467 31
450 468 73
451 469 72
452 470 29
453 471 12
453 472 49
454 473 13
455 474 60
456 475 77
457 476 50
458 477 9
459 477 38
460 478 80
461 478 99
462 479 12
463 480 75
464 481 98
465 482 50
466 483 83
467 484 95
468 485 7
469 486 37
470 487 70
471 488 68
472 489 7
473 490 7
474 491 93
475 492 71
476 493 25
477 494 9
478 495 43
479 496 44
480 497 90
481 498 36
482 499 13
483 500 67
484 501 42
485 502 17
486 503 70
487 504 91
488 505 14
489 506 40
489 507 75
490 508 15
491 509 75
492 510 83
493 511 56
494 512 21
495 513 68
496 514 37
497 515 90
498 516 79
499 517 9
500 518 67
501 519 31
502 520 73
503 521 88
504 522 82
505 523 29
506 524 16
507 525 25
508 525 47
509 526 85
510 527 20
511 528 32
512 529 35
512 530 77
513 531 3
513 532 56
514 533 74
515 534 45
515 535 9
516 536 80
517 537 2
517 538 64
518 539 99
519 540 52
520 541 23
521 542 82
522 543 78
522 544 15
522 545 48
522 546 97
522 547 50
523 548 34
523 549 14
523 550 28
524 551 92
525 552 49
526 553 13
527 554 88
528 555 65
529 556 67
530 557 61
531 558 42
532 559 20
533 559 98
534 560 24
535 561 9
536 562 36
537 562 31
538 563 84
539 564 77
540 565 71
541 566 80
542 567 6
543 567 43
544 568 26
545 569 21
546 570 35
547 571 31
548 571 10
549 572 27
550 572 17
551 572 28
552 573 94
553 574 29
554 575 59
555 576 63
556 577 85
557 578 94
558 579 74
559 580 63
560 581 44
561 581 79
562 582 68
563 583 19
564 583 91
565 584 93
566 585 42
567 586 42
568 587 82
569 588 74
570 589 73
571 590 89
572 591 7
573 591 21
574 592 93
575 593 97
576 594 57
577 595 60
578 596 90
579 597 99
580 598 89
581 598 9
582 599 69
583 600 2
584 601 74
585 602 49
586 603 30
587 604 95
588 605 59
589 606 97
590 607 52
591 608 84
592 609 19
593 610 70
594 611 22
595 612 45
596 613 50
597 614 88
598 615 85
599 616 50
600 617 73
601 618 38
602 619 91
603 620 15
604 621 33
605 622 56
606 623 21
607 624 14
608 625 94
609 626 69
609 627 66
610 628 72
611 629 35
612 630 82
613 631 83
614 632 75
614 633 98
615 634 1
616 635 70
617 636 16
618 637 89
618 638 24
619 639 8
620 640 92
621 641 51
621 642 8
621 643 81
622 644 3
623 645 56
624 646 35
625 647 14
626 648 92
627 649 58
628 650 76
629 651 85
630 651 11
631 651 20
632 652 10
633 653 74
634 654 75
635 655 42
636 656 16
637 657 69
638 657 98
639 658 97
640 659 7
641 660 46
642 661 43
643 661 57
644 661 34
645 662 74
646 663 22
647 664 44
648 665 57
649 666 78
650 667 61
651 668 32
652 669 19
653 670 8
654 671 72
655 672 13
656 673 73
657 674 27
658 675 42
659 676 85
659 677 24
660 678 94
661 679 43
662 680 31
663 681 12
664 682 52
665 683 33
666 684 27
667 684 5
668 685 4
669 686 67
670 686 88
671 686 54
672 687 48
673 688 47
674 688 79
675 688 32
676 689 27
677 690 34
678 691 66
679 691 27
680 692 29
681 693 51
682 694 80
683 695 45
684 696 4
685 697 84
686 698 3
686 699 39
687 700 28
688 701 38
689 702 34
690 703 59
691 704 99
691 705 8
691 706 8
692 707 17
692 708 97
692 709 81
693 710 33
694 711 88
695 712 90
696 713 39
696 714 15
697 715 41
698 716 73
699 717 85
700 718 16
701 719 19
702 720 97
703 721 16
704 722 57
704 723 79
705 724 53
706 725 17
707 726 21
707 727 22
708 728 58
709 729 96
710 730 8
711 731 24
712 732 89
713 733 58
714 733 77
715 734 42
716 735 78
717 735 71
718 736 87
719 737 90
720 738 27
721 738 54
722 738 81
723 739 35
724 739 29
725 740 4
726 740 10
727 741 20
728 742 96
729 742 63
730 743 46
731 744 12
732 745 4
732 746 42
732 747 44
733 748 59
734 749 87
735 750 95
736 751 83
736 752 69
737 753 98
738 754 40
739 755 25
740 756 33
741 757 42
741 758 12
742 759 78
743 760 76
744 761 18
744 762 71
745 763 46
746 764 82
747 765 37
747 766 76
748 767 16
748 768 16
749 769 37
750 770 62
751 771 6
752 772 88
753 773 79
754 774 54
755 775 55
756 776 38
757 777 82
758 778 39
759 779 4
760 780 63
761 781 65
762 782 34
763 783 88
764 783 17
765 784 8
766 784 45
767 785 90
768 785 65
769 786 17
770 786 90
771 787 11
772 788 5
773 789 88
774 789 42
775 790 20
776 790 58
777 790 43
778 791 85
779 792 92
780 793 18
781 794 32
782 795 36
783 796 58
784 797 41
785 798 60
786 799 99
787 800 21
788 801 64
788 802 22
789 803 28
790 804 45
791 805 4
792 806 30
793 807 36
793 808 8
794 809 50
795 810 45
796 811 63
797 812 46
798 813 58
799 814 87
800 815 41
801 816 86
802 817 27
803 818 47
803 819 71
803 820 58
804 821 70
804 822 33
805 823 64
805 824 88
806 825 73
806 826 4
807 827 23
807 828 38
808 829 29
809 830 80
810 831 97
810 832 53
811 833 13
812 834 19
813 834 47
814 835 74
815 836 42
816 837 50
817 838 99
818 839 47
819 840 91
820 841 93
821 842 62
822 843 79
823 844 45
824 845 78
825 846 36
826 846 73
827 847 89
828 848 96
829 849 45
830 850 46
831 850 3
832 851 92
833 852 58
834 853 33
835 854 87
836 855 44
837 856 44
838 857 96
839 858 84
840 859 33
841 860 51
842 861 81
843 862 26
844 863 90
845 864 99
846 865 59
847 866 57
848 867 22
849 868 15
850 869 50
851 870 51
852 871 41
852 872 34
853 873 59
854 874 10
855 875 31
856 876 86
857 877 91
858 878 14
859 879 96
860 880 26
861 881 51
862 882 62
863 883 70
864 884 29
865 885 76
866 886 9
867 887 41
868 888 55
869 889 28
870 890 1
871 891 85
872 892 56
873 892 60
874 892 16
875 893 53
876 893 21
877 894 72
878 894 71
879 894 53
880 895 8
881 896 98
882 896 65
883 896 25
884 896 82
885 896 68
886 897 53
887 897 95
888 898 14
889 898 8
890 899 33
891 900 99
892 900 20
893 900 24
894 900 57
895 900 25
896 900 43
897 900 16
898 900 73
899 900 42
