1 2 9
1 3 56
1 4 110
2 5 100
2 6 72
2 7 141
2 8 145
3 9 166
3 10 160
3 11 160
3 12 112
3 13 8
4 14 45
4 15 114
4 16 88
5 17 75
6 18 89
7 18 170
8 19 49
9 20 168
10 21 100
11 21 4
12 22 137
13 23 144
14 23 169
15 24 97
16 24 131
17 25 130
18 26 82
19 27 4
20 28 48
20 29 86
21 30 10
22 31 145
23 32 63
24 33 111
24 34 175
25 35 166
26 36 158
27 37 113
27 38 144
27 39 102
28 40 20
29 41 137
30 42 80
31 43 119
32 44 46
33 45 179
33 46 74
34 47 161
35 48 45
36 49 119
37 50 3
38 51 117
39 52 110
40 52 34
41 53 113
42 54 38
43 55 8
44 55 78
45 56 13
46 57 6
47 58 130
48 59 94
49 60 41
50 60 35
51 61 74
52 61 117
53 62 50
54 63 60
55 64 57
56 64 72
57 64 75
58 65 37
59 66 57
60 67 87
60 68 163
61 69 45
62 70 110
63 71 4
63 72 145
63 73 49
64 74 11
65 75 114
65 76 121
66 77 17
67 78 1
68 79 110
69 80 163
70 80 61
71 81 105
72 82 46
73 83 97
74 84 65
75 85 37
76 85 31
77 86 63
78 87 167
79 88 86
80 89 79
81 90 176
82 91 88
83 92 126
84 93 39
85 94 87
86 95 35
87 96 43
88 97 115
89 98 174
90 99 4
91 100 80
92 101 70
93 102 153
94 102 158
95 103 9
96 104 122
96 105 19
96 106 102
97 107 45
98 108 157
98 109 23
99 110 130
100 111 13
100 112 137
101 113 145
102 114 128
102 115 174
103 116 26
104 117 39
105 118 98
106 118 43
107 119 7
108 120 129
109 121 65
110 122 140
111 123 91
112 123 80
113 124 43
114 125 43
115 126 45
116 127 30
117 128 31
118 129 69
119 130 145
120 131 15
121 132 57
122 133 134
123 134 86
124 135 84
125 136 88
126 137 139
127 138 66
128 139 88
129 140 173
130 141 179
131 142 118
132 143 158
133 144 37
134 145 5
135 146 38
136 147 15
137 148 94
138 149 61
139 150 93
140 151 150
141 152 3
142 152 155
143 153 25
144 153 139
145 154 105
146 154 98
147 154 14
148 155 28
149 156 10
149 157 77
149 158 94
149 159 82
149 160 6
150 161 13
151 162 96
151 163 161
152 164 130
153 165 150
153 166 110
154 167 80
154 168 169
154 169 14
155 170 36
156 171 11
157 172 76
158 172 73
159 173 70
160 173 137
161 174 114
162 174 63
163 175 81
164 176 52
165 177 19
166 178 28
167 179 23
168 179 120
169 180 62
170 180 133
171 181 163
172 182 135
172 183 5
173 184 70
173 185 124
174 186 68
175 187 35
176 188 105
176 189 92
176 190 152
177 191 91
177 192 146
178 193 63
179 194 7
180 195 103
180 196 164
180 197 54
181 198 166
182 199 145
183 199 11
184 200 32
185 201 10
186 202 84
187 202 103
188 202 27
189 203 45
190 204 31
191 205 97
192 206 164
193 207 136
194 208 110
195 209 141
196 210 30
197 210 106
198 211 81
199 212 153
200 213 129
201 214 78
202 215 103
203 216 142
203 217 62
204 218 15
204 219 133
205 220 76
206 221 100
207 222 96
208 223 64
209 224 151
210 225 62
211 226 89
212 226 113
213 227 7
214 227 152
215 228 101
216 228 63
217 228 56
218 228 177
219 229 178
220 229 163
221 230 53
222 230 75
223 231 82
224 232 106
225 232 106
226 233 11
227 234 74
227 235 66
227 236 67
228 237 174
229 238 30
229 239 16
229 240 156
230 241 103
231 242 136
231 243 80
232 244 162
233 245 161
234 246 86
234 247 107
235 248 96
236 249 141
237 250 108
238 251 31
239 252 35
239 253 139
240 254 153
241 255 96
241 256 140
242 257 175
243 258 74
244 259 138
245 260 135
246 261 41
247 262 120
248 263 146
249 264 1
250 265 162
251 266 100
252 267 89
253 268 40
254 269 80
255 270 25
256 271 159
257 272 103
258 273 59
259 274 143
260 275 144
261 276 21
262 276 166
263 277 174
264 278 113
265 279 123
266 280 44
267 280 28
268 281 66
269 281 13
270 282 100
271 282 50
272 283 14
273 283 78
274 284 57
275 285 22
275 286 48
276 287 1
276 288 40
277 289 116
278 290 79
278 291 172
279 292 118
280 293 128
281 294 172
282 295 43
283 296 126
284 297 84
285 298 21
286 299 3
287 300 70
288 301 137
289 302 44
290 303 159
291 304 31
292 305 44
293 306 73
294 307 28
295 308 110
296 309 33
297 310 32
298 311 151
299 312 157
300 312 78
301 313 20
302 314 7
303 315 38
304 316 161
305 317 153
306 317 25
307 318 174
308 319 140
309 320 97
310 321 17
311 322 38
312 322 91
313 322 113
314 323 77
315 324 160
316 324 18
317 324 61
318 324 141
319 325 11
320 326 110
321 326 52
322 327 164
323 328 131
323 329 121
324 330 36
325 331 19
325 332 76
326 333 36
327 334 69
328 335 166
328 336 58
329 337 54
330 338 98
331 339 27
332 340 27
333 341 80
333 342 112
334 343 7
335 344 177
335 345 92
336 346 85
337 347 10
337 348 54
338 349 67
338 350 120
339 351 111
340 352 52
341 353 93
342 354 52
343 355 108
344 356 2
345 357 133
346 358 76
347 359 153
348 360 84
349 361 166
350 362 45
351 363 176
351 364 38
352 365 167
353 366 82
353 367 121
354 368 152
355 369 112
356 370 43
357 371 142
358 372 75
359 373 174
360 374 175
361 375 152
362 376 114
363 377 150
364 378 168
365 379 33
366 380 72
367 381 58
368 382 5
369 383 78
370 384 176
371 385 44
372 385 39
373 386 107
374 387 178
375 388 126
376 389 153
377 390 141
378 391 20
379 391 167
380 392 52
381 392 67
382 392 155
383 393 11
384 393 175
385 394 27
386 395 173
387 395 57
388 396 153
389 397 61
390 397 143
391 398 64
392 399 84
393 400 49
394 400 8
395 400 172
396 400 8
397 400 90
398 400 35
399 400 55
