1 2 1
1 3 1
1 4 1
1 5 1
1 6 1
2 7 1
2 8 1
2 9 1
3 10 1
3 11 1
3 12 1
3 13 1
4 14 1
4 15 1
4 16 1
5 17 1
5 18 1
5 19 1
5 20 1
5 21 1
6 22 1
6 23 1
6 24 1
6 25 1
6 26 1
7 27 1
8 28 1
9 28 1
10 29 1
11 30 1
12 30 1
13 31 1
14 31 1
15 32 1
16 33 1
17 34 1
18 34 1
19 34 1
20 35 1
21 36 1
22 37 1
23 38 1
24 39 1
25 40 1
26 40 1
27 41 1
28 42 1
28 43 1
29 44 1
30 45 1
31 46 1
32 47 1
33 48 1
34 49 1
35 50 1
36 51 1
37 52 1
38 53 1
38 54 1
38 55 1
39 56 1
40 57 1
41 58 1
42 59 1
43 60 1
44 61 1
45 62 1
46 63 1
47 64 1
47 65 1
48 66 1
49 67 1
50 68 1
51 69 1
51 70 1
52 71 1
53 72 1
53 73 1
54 74 1
54 75 1
54 76 1
55 77 1
55 78 1
56 79 1
57 80 1
58 81 1
59 82 1
60 83 1
61 84 1
62 85 1
63 86 1
64 87 1
64 88 1
65 89 1
66 90 1
67 91 1
68 92 1
69 93 1
70 94 1
71 95 1
72 96 1
73 97 1
74 98 1
74 99 1
75 100 1
76 101 1
77 102 1
78 103 1
79 104 1
80 105 1
81 106 1
82 107 1
83 108 1
84 108 1
85 109 1
86 109 1
87 110 1
88 110 1
89 110 1
90 111 1
91 111 1
92 112 1
93 112 1
94 113 1
95 114 1
96 114 1
97 115 1
98 115 1
99 116 1
100 117 1
101 118 1
102 119 1
103 119 1
104 120 1
105 120 1
106 121 1
106 122 1
107 123 1
108 124 1
109 125 1
110 126 1
111 127 1
112 128 1
113 129 1
114 130 1
115 131 1
116 132 1
117 133 1
118 134 1
119 135 1
120 136 1
120 137 1
121 138 1
122 139 1
123 140 1
123 141 1
124 142 1
125 143 1
126 144 1
127 145 1
128 146 1
129 147 1
130 148 1
131 149 1
132 150 1
133 151 1
134 152 1
135 153 1
135 154 1
136 155 1
137 156 1
138 157 1
139 158 1
139 159 1
140 160 1
141 161 1
142 162 1
143 163 1
144 164 1
145 165 1
146 166 1
147 167 1
148 168 1
149 169 1
150 170 1
151 171 1
152 172 1
153 173 1
153 174 1
154 175 1
155 176 1
156 177 1
157 178 1
158 179 1
159 180 1
160 181 1
161 182 1
162 183 1
163 184 1
164 185 1
164 186 1
165 187 1
165 188 1
166 189 1
167 190 1
168 191 1
169 192 1
170 193 1
171 194 1
172 195 1
173 196 1
174 197 1
175 198 1
176 199 1
177 200 1
178 201 1
179 202 1
180 203 1
181 203 1
182 204 1
183 204 1
184 204 1
185 205 1
186 206 1
187 206 1
188 207 1
189 208 1
190 209 1
191 210 1
192 211 1
193 212 1
194 212 1
195 213 1
196 214 1
197 214 1
198 215 1
199 216 1
200 216 1
201 217 1
202 218 1
203 219 1
203 220 1
204 221 1
205 222 1
205 223 1
206 224 1
206 225 1
207 226 1
207 227 1
208 228 1
209 229 1
209 230 1
210 231 1
211 232 1
212 233 1
212 234 1
213 235 1
214 236 1
215 237 1
215 238 1
215 239 1
216 240 1
217 241 1
218 242 1
219 243 1
220 244 1
221 245 1
222 245 1
223 245 1
224 246 1
225 247 1
226 248 1
227 248 1
228 248 1
229 249 1
230 249 1
231 250 1
232 250 1
233 251 1
234 252 1
235 253 1
236 254 1
237 255 1
238 256 1
239 257 1
240 257 1
241 258 1
242 259 1
243 259 1
244 260 1
245 261 1
246 262 1
247 263 1
248 264 1
249 265 1
250 266 1
251 267 1
252 268 1
253 269 1
254 270 1
255 271 1
256 272 1
257 273 1
258 274 1
259 275 1
260 276 1
261 277 1
262 278 1
263 279 1
264 280 1
265 280 1
266 281 1
267 282 1
268 283 1
269 284 1
270 285 1
271 286 1
272 286 1
273 287 1
274 288 1
275 289 1
276 290 1
277 291 1
277 292 1
277 293 1
278 294 1
279 295 1
280 296 1
281 297 1
282 298 1
283 299 1
284 300 1
285 301 1
286 302 1
287 303 1
288 304 1
289 305 1
290 306 1
291 307 1
291 308 1
292 309 1
293 310 1
294 311 1
295 312 1
296 313 1
297 314 1
297 315 1
298 316 1
299 317 1
300 318 1
301 319 1
302 320 1
303 321 1
304 322 1
305 323 1
306 324 1
307 325 1
307 326 1
308 327 1
309 328 1
310 329 1
311 330 1
311 331 1
312 332 1
313 333 1
314 334 1
315 335 1
316 336 1
316 337 1
317 338 1
318 339 1
319 340 1
320 341 1
321 342 1
322 343 1
323 344 1
324 345 1
325 346 1
326 347 1
327 348 1
328 348 1
329 349 1
330 350 1
331 351 1
332 352 1
333 353 1
334 354 1
335 355 1
336 356 1
337 357 1
338 358 1
339 359 1
340 360 1
341 361 1
342 362 1
343 363 1
344 364 1
345 365 1
346 366 1
347 367 1
348 367 1
349 368 1
350 369 1
351 370 1
352 371 1
353 371 1
354 371 1
355 372 1
356 373 1
357 374 1
358 375 1
359 376 1
360 377 1
361 378 1
362 378 1
363 379 1
364 380 1
365 381 1
366 382 1
366 383 1
367 384 1
368 385 1
369 386 1
370 387 1
371 388 1
371 389 1
372 390 1
373 391 1
374 392 1
375 393 1
376 394 1
376 395 1
377 396 1
378 397 1
379 398 1
380 399 1
381 399 1
382 399 1
383 400 1
384 401 1
385 402 1
386 403 1
387 404 1
388 404 1
389 405 1
390 406 1
391 407 1
392 407 1
393 408 1
394 408 1
395 409 1
396 409 1
397 409 1
398 410 1
398 411 1
399 412 1
399 413 1
400 414 1
400 415 1
400 416 1
401 417 1
401 418 1
401 419 1
402 420 1
402 421 1
403 422 1
403 423 1
404 424 1
405 425 1
406 426 1
407 427 1
408 428 1
409 429 1
409 430 1
409 431 1
410 432 1
411 433 1
412 434 1
413 435 1
414 435 1
415 435 1
416 435 1
417 435 1
418 436 1
419 436 1
420 436 1
421 437 1
422 438 1
423 438 1
424 439 1
425 439 1
426 440 1
427 440 1
428 441 1
429 441 1
430 442 1
431 443 1
432 444 1
433 445 1
433 446 1
434 447 1
434 448 1
435 449 1
436 450 1
436 451 1
436 452 1
437 453 1
437 454 1
437 455 1
438 456 1
439 457 1
439 458 1
439 459 1
439 460 1
440 461 1
440 462 1
441 463 1
441 464 1
441 465 1
442 466 1
442 467 1
442 468 1
443 469 1
443 470 1
444 471 1
445 471 1
446 472 1
447 472 1
448 473 1
449 473 1
450 474 1
451 474 1
452 475 1
453 476 1
454 477 1
455 478 1
456 479 1
457 479 1
458 480 1
459 480 1
460 481 1
461 481 1
462 481 1
463 482 1
464 483 1
465 483 1
466 484 1
467 485 1
468 485 1
469 486 1
470 487 1
471 488 1
472 488 1
473 488 1
474 489 1
475 489 1
476 490 1
477 490 1
478 491 1
479 491 1
480 491 1
481 492 1
482 493 1
483 494 1
484 494 1
485 494 1
486 495 1
487 495 1
488 496 1
488 497 1
488 498 1
489 499 1
490 500 1
490 501 1
491 502 1
491 503 1
491 504 1
491 505 1
491 506 1
492 507 1
492 508 1
492 509 1
492 510 1
493 511 1
493 512 1
494 513 1
494 514 1
495 515 1
495 516 1
496 517 1
497 518 1
498 519 1
499 520 1
500 521 1
501 522 1
501 523 1
501 524 1
502 525 1
503 526 1
504 527 1
505 528 1
505 529 1
506 530 1
507 531 1
508 532 1
509 533 1
510 534 1
511 535 1
512 536 1
513 537 1
514 538 1
515 539 1
516 540 1
517 541 1
518 541 1
519 542 1
520 542 1
521 543 1
522 544 1
523 545 1
524 546 1
525 547 1
526 548 1
527 549 1
528 549 1
529 550 1
530 551 1
531 552 1
532 553 1
533 554 1
534 555 1
535 556 1
536 557 1
537 558 1
538 558 1
539 559 1
540 559 1
541 560 1
542 561 1
543 562 1
544 563 1
545 564 1
546 565 1
547 566 1
548 567 1
549 568 1
550 569 1
551 570 1
552 571 1
553 572 1
554 573 1
555 574 1
556 575 1
557 576 1
558 577 1
558 578 1
559 579 1
560 580 1
561 581 1
562 581 1
563 582 1
564 583 1
565 584 1
566 585 1
567 586 1
568 587 1
569 587 1
570 588 1
571 589 1
572 590 1
573 591 1
574 591 1
575 592 1
576 593 1
577 594 1
578 595 1
579 596 1
580 597 1
581 597 1
582 598 1
583 599 1
584 600 1
585 601 1
586 601 1
587 602 1
588 603 1
589 604 1
590 605 1
591 606 1
592 607 1
593 608 1
594 609 1
595 610 1
596 611 1
597 612 1
598 613 1
599 614 1
600 615 1
600 616 1
600 617 1
601 618 1
602 619 1
602 620 1
603 621 1
603 622 1
604 623 1
605 624 1
606 625 1
607 626 1
608 627 1
608 628 1
609 629 1
609 630 1
610 631 1
611 632 1
612 633 1
613 634 1
614 635 1
615 636 1
616 637 1
617 638 1
618 639 1
619 640 1
620 640 1
621 641 1
622 642 1
623 643 1
624 644 1
625 645 1
626 646 1
627 647 1
628 648 1
629 649 1
630 650 1
631 651 1
632 652 1
633 653 1
634 654 1
635 655 1
635 656 1
636 657 1
637 658 1
638 659 1
639 660 1
640 661 1
641 662 1
641 663 1
642 664 1
643 665 1
644 666 1
645 667 1
646 668 1
647 669 1
648 670 1
649 671 1
650 672 1
651 673 1
652 674 1
653 675 1
654 676 1
655 677 1
656 678 1
657 679 1
658 680 1
659 680 1
660 680 1
661 680 1
662 681 1
663 681 1
664 682 1
665 683 1
666 684 1
667 684 1
668 685 1
669 685 1
670 685 1
671 686 1
672 686 1
673 686 1
674 687 1
675 688 1
675 689 1
676 690 1
677 691 1
678 692 1
679 693 1
679 694 1
680 695 1
681 696 1
682 697 1
683 698 1
683 699 1
684 700 1
684 701 1
685 702 1
685 703 1
686 704 1
687 705 1
687 706 1
688 707 1
689 708 1
690 709 1
691 710 1
692 711 1
693 712 1
694 713 1
695 714 1
696 715 1
697 716 1
698 717 1
699 718 1
700 719 1
701 720 1
702 721 1
703 722 1
704 722 1
705 723 1
706 724 1
707 725 1
708 725 1
709 726 1
710 726 1
711 726 1
712 726 1
713 726 1
714 727 1
715 727 1
716 728 1
717 728 1
718 729 1
719 729 1
720 730 1
721 730 1
722 731 1
723 731 1
724 731 1
725 732 1
725 733 1
725 734 1
725 735 1
725 736 1
726 737 1
726 738 1
727 739 1
727 740 1
727 741 1
727 742 1
728 743 1
728 744 1
728 745 1
728 746 1
729 747 1
729 748 1
729 749 1
729 750 1
730 751 1
731 752 1
731 753 1
732 754 1
733 754 1
734 754 1
735 754 1
736 755 1
737 755 1
738 755 1
739 756 1
740 757 1
741 758 1
742 758 1
743 759 1
744 760 1
745 761 1
746 761 1
747 762 1
748 763 1
749 763 1
750 764 1
751 765 1
752 765 1
753 765 1
754 766 1
755 767 1
756 768 1
757 769 1
757 770 1
757 771 1
758 772 1
759 773 1
760 774 1
761 775 1
761 776 1
762 777 1
762 778 1
763 779 1
763 780 1
763 781 1
763 782 1
764 783 1
764 784 1
765 785 1
765 786 1
766 787 1
767 787 1
768 787 1
769 788 1
770 788 1
771 789 1
772 790 1
773 791 1
774 792 1
775 792 1
776 792 1
777 793 1
778 794 1
779 795 1
780 796 1
781 796 1
782 797 1
783 797 1
784 797 1
785 798 1
786 799 1
787 800 1
787 801 1
788 802 1
788 803 1
789 804 1
790 805 1
791 806 1
791 807 1
792 808 1
793 809 1
793 810 1
794 811 1
794 812 1
795 813 1
796 814 1
796 815 1
796 816 1
797 817 1
798 818 1
798 819 1
799 820 1
800 821 1
801 821 1
802 821 1
803 822 1
804 822 1
805 823 1
806 823 1
807 824 1
808 824 1
809 825 1
810 826 1
811 826 1
812 827 1
813 828 1
814 829 1
815 830 1
816 831 1
817 832 1
818 833 1
819 834 1
820 835 1
821 836 1
822 837 1
822 838 1
823 839 1
824 840 1
825 841 1
826 842 1
827 843 1
828 844 1
829 845 1
830 846 1
831 847 1
832 848 1
832 849 1
833 850 1
834 851 1
835 852 1
836 853 1
837 854 1
838 855 1
839 856 1
840 857 1
841 858 1
842 859 1
843 860 1
844 861 1
845 861 1
846 862 1
847 863 1
848 864 1
849 865 1
850 866 1
851 867 1
852 867 1
853 868 1
854 869 1
855 870 1
856 871 1
856 872 1
857 873 1
858 874 1
858 875 1
859 876 1
860 877 1
860 878 1
861 879 1
862 880 1
863 881 1
864 882 1
865 883 1
866 884 1
867 885 1
867 886 1
867 887 1
868 888 1
869 888 1
870 889 1
871 890 1
872 891 1
873 892 1
874 892 1
875 893 1
876 894 1
877 894 1
878 895 1
879 896 1
880 896 1
881 897 1
882 897 1
883 898 1
884 898 1
885 898 1
886 899 1
887 899 1
888 900 1
889 900 1
890 900 1
891 900 1
892 900 1
893 900 1
894 900 1
895 900 1
896 900 1
897 900 1
898 900 1
899 900 1
