11 8 10 10 11 11 8 8
1 1 2 2 1 2 2 1
16 13 16 14 14 14 15 13
13 15 13 12 12 14 15 12
7 6 7 7 7 7 7 7
11 8 9 8 9 11 9 9
17 15 18 18 15 18 15 15
13 11 12 12 10 13 10 13
6 5 6 5 6 5 6 6
7 7 8 7 8 9 9 7
10 12 11 9 10 9 12 12
15 16 15 15 17 14 15 14
3 2 2 2 2 3 3 2
1 1 2 1 2 1 1 1
17 17 16 17 15 14 17 17
11 10 10 10 11 11 10 10
12 13 15 14 14 15 15 13
3 2 2 3 2 2 2 2
14 15 17 15 17 14 17 15
9 12 10 11 10 10 10 12
17 16 14 14 14 16 17 17
10 8 11 11 10 11 11 11
1 1 2 2 1 2 1 1
7 7 8 8 8 7 7 8
13 14 14 14 13 15 15 13
14 16 15 17 16 14 16 16
8 8 9 9 7 9 9 8
6 6 7 7 7 7 7 6
8 8 7 7 8 8 7 7
13 13 10 13 11 13 10 13
3 3 3 3 3 2 2 2
7 6 6 6 7 6 6 7
15 17 14 16 15 14 14 15
11 9 11 12 9 9 11 11
8 8 7 8 8 7 7 8
9 8 7 7 7 8 8 7
1 1 1 2 1 2 2 2
8 8 8 7 7 8 7 8
15 17 16 16 17 18 18 17
9 7 7 8 9 9 9 9
3 3 4 4 4 3 4 4
3 3 4 3 3 3 3 3
3 2 3 3 3 2 3 2
9 9 9 9 9 8 8 9
2 2 1 1 2 1 2 2
16 16 14 14 13 15 15 14
3 3 4 3 4 4 4 4
2 2 3 3 2 2 3 2
7 7 8 8 7 8 8 8
3 3 2 2 2 3 2 2
5 4 5 5 5 4 5 5
10 12 12 9 9 10 9 9
17 15 17 16 17 16 15 14
2 2 3 2 3 3 3 3
7 7 6 6 7 7 7 7
10 11 10 8 11 8 8 11
6 5 6 6 6 6 6 5
1 2 2 1 2 2 1 1
7 7 8 7 7 8 7 7
14 17 15 15 17 16 16 14
15 16 15 16 13 16 13 16
4 3 4 3 3 3 3 4
13 11 11 10 11 12 13 10
12 10 10 13 13 10 13 10
8 11 11 9 10 8 8 10
13 13 13 14 14 13 15 12
3 2 3 2 3 2 3 2
3 3 3 2 3 3 2 2
6 5 6 5 5 5 5 5
5 6 5 5 6 5 6 6
1 2 1 1 1 2 1 2
12 15 14 14 13 14 15 14
14 12 11 14 14 13 11 13
16 13 14 14 15 13 15 15
14 15 16 13 13 14 14 15
6 6 7 7 7 7 6 7
7 8 8 7 9 7 9 9
3 2 3 2 2 3 2 3
8 7 8 7 8 7 8 7
14 15 14 13 14 15 12 12
9 8 9 8 7 7 9 7
15 16 13 16 16 15 13 14
7 7 8 7 7 8 7 7
13 13 12 11 11 14 13 13
17 15 16 16 16 16 17 16
11 11 12 13 11 10 10 12
1 2 1 2 1 1 1 1
10 12 10 13 13 13 13 10
16 14 17 14 17 14 17 15
10 11 10 11 10 10 8 10
8 8 7 7 7 8 8 8
7 8 8 8 8 7 8 7
7 8 7 7 7 8 8 8
5 5 6 5 5 6 5 5
16 14 17 16 16 18 16 14
5 6 6 5 5 5 5 5
3 2 2 2 2 2 2 3
5 5 4 4 5 5 5 4
8 8 9 9 8 7 7 9
17 18 18 17 15 17 18 15
7 7 6 7 7 7 6 6
16 14 17 16 16 16 16 18
3 4 3 4 3 3 3 3
14 17 17 15 17 14 14 16
6 6 5 5 5 5 5 6
12 12 11 11 11 10 11 9
8 9 11 9 10 11 11 10
6 6 5 6 6 6 5 6
4 4 4 3 4 4 3 3
10 11 10 13 13 11 13 11
6 6 5 6 5 5 6 6
1 2 1 1 2 2 2 1
8 10 8 9 11 10 11 9
9 11 9 11 11 12 12 10
4 4 3 3 3 3 4 4
2 2 1 1 2 2 1 1
3 3 3 2 2 3 3 3
4 5 5 4 5 5 4 5
6 6 6 5 5 6 6 6
1 2 1 1 1 1 2 1
9 10 11 12 9 9 11 12
10 9 9 11 12 12 10 9
10 13 10 12 10 10 10 12
4 4 5 4 4 4 5 4
11 12 13 12 11 10 11 10
5 5 6 5 6 5 6 6
5 5 5 5 5 4 5 5
11 10 12 11 12 9 10 9
11 14 12 14 12 11 14 14
4 4 5 4 4 4 4 5
6 6 5 6 6 5 6 6
8 7 8 7 8 7 8 7
11 11 10 10 10 13 12 12
11 12 12 14 13 12 13 14
10 8 9 9 8 8 11 8
4 4 4 3 3 4 4 3
8 8 7 7 8 7 8 7
2 3 2 2 2 3 3 2
18 18 15 15 18 15 18 17
9 10 11 11 10 8 11 8
9 7 7 8 9 9 7 7
13 12 14 12 11 14 14 13
10 11 11 13 13 10 11 11
12 14 13 14 13 13 13 12
16 14 14 17 16 16 16 17
15 15 16 15 15 14 13 15
14 14 13 12 13 12 12 14
7 7 7 7 6 6 7 6
2 2 3 3 3 3 2 3
12 15 12 15 12 12 15 14
7 8 9 7 7 8 7 7
2 2 2 2 2 1 2 2
16 14 16 16 14 17 16 16
6 6 6 6 6 7 6 7
3 4 3 4 4 4 3 3
10 11 11 13 11 11 10 10
11 11 13 10 11 12 12 11
2 2 1 2 1 2 2 2
6 5 6 6 5 5 6 6
7 8 8 7 8 7 8 7
6 7 7 6 7 7 6 7
14 11 11 14 13 13 13 11
1 2 2 2 1 2 1 1
12 13 12 13 12 13 11 13
1 2 1 1 1 2 1 2
1 1 1 2 2 2 2 1
13 15 15 13 15 15 15 12
14 14 17 14 16 17 17 15
12 13 13 13 14 11 14 11
8 8 7 8 9 9 9 9
9 8 7 8 7 7 7 9
10 10 11 11 9 10 8 11
7 7 7 7 9 7 7 9
13 12 13 11 13 12 12 13
3 3 3 4 3 4 4 3
6 5 5 5 5 6 6 6
13 12 10 11 12 12 12 13
1 1 2 2 1 1 1 1
3 3 3 3 4 3 4 3
12 12 11 11 9 10 10 10
3 3 3 3 2 3 3 3
9 9 11 12 12 12 10 9
8 7 8 7 8 7 7 8
1 2 1 2 2 2 1 2
1 1 2 1 1 2 1 1
4 4 4 3 3 4 4 3
1 2 2 1 2 1 2 1
5 6 5 5 5 5 6 5
14 16 16 15 16 15 13 15
12 10 12 13 12 13 13 10
11 13 12 13 14 13 11 12
4 3 3 3 3 4 3 3
6 6 6 5 6 6 5 6
17 15 18 16 17 16 16 18
14 17 17 17 16 14 15 16
6 5 6 5 5 6 6 5
9 9 9 9 10 9 10 10
4 5 5 4 5 5 4 5
16 15 14 14 17 16 16 14
17 17 14 15 17 14 17 15
7 8 7 8 8 7 7 7
1 1 2 1 2 2 1 1
14 12 14 15 13 15 13 13
12 11 14 14 13 13 13 11
2 1 1 2 2 1 1 1
2 3 3 3 3 3 2 3
17 15 15 14 14 15 14 14
4 3 4 4 3 4 4 4
6 7 7 7 7 7 6 7
8 7 8 7 8 7 8 7
12 12 12 12 11 13 14 12
3 3 3 3 3 3 4 4
11 13 13 12 11 12 12 12
8 9 8 8 10 11 10 9
13 14 13 14 16 14 13 15
8 9 8 7 9 9 9 9
6 7 6 6 6 6 6 6
12 12 13 13 14 14 14 14
3 3 2 2 2 2 2 3
2 2 2 2 1 1 1 2
3 3 4 3 3 4 4 3
1 2 2 2 1 1 1 2
11 13 11 12 12 12 12 13
12 15 15 13 13 12 13 12
2 3 3 2 3 3 3 2
7 8 7 7 9 8 8 9
14 16 15 16 18 18 16 14
4 5 4 5 4 4 4 4
17 17 15 15 17 15 16 18
10 10 13 13 10 12 10 13
6 7 6 7 6 6 7 7
15 14 15 16 13 14 15 15
11 11 11 9 11 9 10 10
4 4 5 5 5 5 5 5
6 5 6 5 6 6 6 5
15 16 15 15 18 16 16 14
14 16 15 17 15 15 16 16
11 8 10 9 8 11 11 8
14 11 13 13 11 11 13 12
14 15 17 15 14 17 14 18
15 15 14 18 15 14 17 16
4 5 4 4 5 4 5 5
2 2 1 1 2 2 1 1
10 10 8 9 11 10 8 11
9 10 12 9 12 10 12 12
12 12 12 13 12 13 12 14
1 2 1 2 2 1 2 2
14 16 14 14 17 15 16 15
14 15 18 17 17 17 14 18
4 4 4 3 4 4 3 4
8 8 7 9 9 9 8 8
14 14 14 14 12 13 13 14
4 3 4 4 3 3 4 3
9 11 9 11 12 11 10 12
12 11 12 12 11 12 9 11
13 11 12 11 12 13 11 10
17 14 15 15 14 17 15 15
13 15 13 12 12 13 12 12
4 4 5 4 5 5 4 5
14 15 15 14 14 14 14 15
7 7 6 6 6 6 7 7
15 14 17 14 16 14 15 15
6 6 7 6 6 7 7 6
14 15 15 15 14 15 15 17
11 11 12 13 13 13 13 12
14 14 13 12 13 15 13 15
10 11 13 13 12 10 10 12
14 12 15 13 12 12 15 14
15 12 12 14 12 13 12 13
7 8 7 8 8 7 7 7
6 5 6 5 6 5 5 5
14 18 18 18 18 17 14 18
7 6 7 6 7 7 6 6
9 9 9 9 12 12 11 9
6 6 6 7 6 7 6 6
7 8 8 7 7 7 8 7
1 2 2 2 2 2 1 2
6 7 6 7 6 6 6 7
15 18 17 15 18 16 16 16
12 12 10 9 11 9 10 10
3 4 3 3 3 3 3 3
8 11 9 11 9 11 10 9
8 8 8 7 7 8 8 9
12 10 11 11 13 13 13 13
5 6 6 5 6 5 6 5
16 18 17 14 15 14 17 15
7 8 8 7 7 8 8 8
6 7 6 6 7 7 6 6
7 6 6 6 6 6 6 7
6 7 7 7 7 7 7 6
2 3 2 3 2 2 3 2
2 1 2 1 2 2 2 1
8 7 7 8 7 7 8 7
14 16 15 17 16 14 14 15
13 12 12 12 11 11 13 10
16 15 15 16 14 15 17 17
13 15 14 16 15 15 16 13
5 5 6 5 5 6 5 5
5 5 5 5 5 4 5 4
8 8 8 7 7 7 8 7
8 8 8 8 8 7 7 7
7 7 8 7 7 7 7 8
8 7 8 8 8 9 9 8
14 13 16 14 14 13 14 13
14 12 11 13 11 12 11 14
12 12 11 11 9 12 10 11
14 16 17 14 18 17 17 16
8 8 7 8 7 7 8 7
8 7 7 7 7 8 8 8
18 18 18 14 15 14 15 18
11 10 12 10 10 12 10 9
8 11 10 9 9 11 8 8
5 5 5 4 4 4 4 5
10 8 9 10 10 9 10 8
14 15 15 16 14 15 16 13
15 18 18 16 14 17 16 15
4 3 4 3 3 3 4 3
7 8 8 9 7 8 7 7
14 14 13 14 13 14 14 14
16 15 15 15 16 17 14 17
6 6 6 7 6 6 7 7
1 1 1 2 2 2 1 1
8 8 10 10 11 9 9 11
9 11 11 9 8 9 9 11
8 7 8 8 7 7 7 8
11 14 13 14 14 14 14 11
2 2 1 1 2 2 2 1
3 2 2 2 2 2 2 2
7 7 9 8 7 7 7 7
10 11 9 11 11 9 10 11
4 5 5 4 4 4 4 4
8 8 8 9 7 7 7 7
3 2 3 3 2 3 3 2
7 7 6 6 6 6 6 6
16 14 15 17 17 18 16 17
14 16 16 14 15 14 15 14
13 15 14 13 15 14 15 14
15 15 14 13 15 16 13 16
2 3 3 2 3 3 2 2
7 8 9 8 9 8 7 9
12 12 12 14 14 12 12 14
15 15 12 15 13 12 14 13
17 17 15 15 17 15 15 18
2 2 3 2 3 3 2 2
9 9 11 9 10 10 11 9
15 16 15 15 13 14 15 14
4 4 5 5 5 4 4 4
4 4 4 4 3 3 4 3
4 5 5 5 4 4 5 5
6 6 7 7 7 7 6 7
1 2 1 1 2 1 2 1
2 3 2 2 3 2 2 2
8 10 10 11 10 9 10 8
16 14 16 14 15 16 16 13
4 5 4 4 4 4 5 4
6 6 5 5 5 6 5 5
5 6 5 6 5 6 5 5
15 16 16 16 13 14 16 16
17 14 16 17 16 16 14 15
14 15 16 15 13 16 16 15
7 8 8 7 8 8 7 7
9 10 10 8 10 10 11 10
11 13 10 13 10 10 12 11
2 3 2 3 2 2 2 3
6 6 6 5 6 5 5 5
12 14 14 15 12 14 12 15
11 11 11 10 8 11 11 8
13 14 15 13 14 12 15 15
5 5 5 5 6 5 5 5
4 5 4 4 5 5 4 5
13 12 12 13 13 13 15 14
12 9 9 10 11 9 11 11
14 14 13 15 13 14 16 13
12 11 12 12 12 9 9 11
10 10 11 12 12 11 12 13
2 2 2 2 2 2 2 2
4 3 3 3 3 3 4 3
14 13 14 13 11 12 12 13
12 11 14 11 14 12 14 11
12 11 11 11 10 9 9 9
7 7 9 9 9 7 9 9
3 2 3 2 2 3 3 3
15 15 16 14 16 15 14 15
5 6 5 5 6 5 5 5
15 15 17 15 14 14 18 14
7 6 6 6 7 7 7 7
12 11 11 11 11 13 11 12
1 1 2 2 2 2 2 1
6 7 6 6 7 7 7 7
17 15 14 14 18 14 17 14
15 14 14 14 16 17 17 17
5 5 4 4 5 5 5 4
11 11 13 12 10 11 10 13
9 9 9 9 9 7 7 9
7 6 6 6 7 6 6 6
11 10 12 10 11 10 11 10
9 8 11 8 9 8 11 9
11 13 11 12 14 14 13 13
2 3 2 3 2 3 3 2
11 14 14 12 11 13 11 11
11 10 12 12 13 13 12 13
12 9 12 12 10 9 9 11
11 12 14 14 11 11 11 11
8 10 11 10 8 9 11 8
5 6 6 6 6 6 5 5
1 2 2 1 2 1 2 1
7 8 7 8 7 7 7 7
7 8 8 8 7 7 8 8
18 17 17 16 14 15 14 17
3 4 4 4 4 3 4 4
3 2 3 3 2 3 3 2
11 12 10 10 12 9 11 11
13 12 13 13 13 10 12 10
8 8 7 7 7 8 8 8
5 4 5 5 5 4 5 4
7 7 8 9 8 9 9 7
6 5 6 6 6 5 5 5
2 2 1 1 1 2 2 2
5 5 5 5 5 6 5 5
15 18 15 18 18 14 17 17
11 14 13 13 11 11 11 12
10 12 12 9 10 11 11 9
3 3 4 3 3 3 3 3
5 5 6 5 6 6 6 5
15 14 14 15 12 15 15 13
11 11 9 12 12 10 11 11
18 16 15 18 17 15 16 17
18 14 17 16 16 17 15 16
14 17 15 17 17 16 17 14
16 17 16 18 18 15 16 18
9 9 12 9 12 12 11 11
4 4 3 3 4 4 4 3
7 7 6 6 6 6 7 7
5 6 5 6 5 6 6 5
13 11 12 13 12 12 10 12
2 2 2 2 2 1 1 2
4 4 3 4 4 4 3 3
13 15 16 14 13 14 16 13
16 15 15 16 15 17 14 15
6 6 5 6 5 5 5 5
10 10 11 11 10 11 9 9
16 16 15 15 16 14 18 14
15 16 13 16 16 13 13 14
7 6 6 6 7 6 7 6
5 5 4 4 4 4 4 5
3 2 2 2 3 2 3 2
15 14 16 14 13 16 13 15
8 8 7 9 9 8 9 9
11 11 12 11 12 9 9 12
11 13 12 14 12 13 12 13
13 14 14 13 13 14 14 15
12 11 10 11 12 10 11 12
6 5 6 5 5 5 5 5
12 14 12 12 13 12 13 14
3 3 3 3 3 3 3 4
12 13 11 12 12 13 10 10
8 8 7 7 8 8 7 7
15 13 14 16 14 15 15 13
8 9 7 7 8 7 7 7
1 1 1 2 1 1 1 2
17 16 17 15 14 16 14 15
18 18 16 15 17 18 17 15
13 11 11 11 12 14 12 12
9 9 8 8 8 10 9 9
7 7 7 8 8 7 7 7
14 13 14 15 15 15 15 13
5 6 6 6 5 5 6 6
7 8 7 8 7 7 8 7
15 14 17 17 15 15 14 17
8 11 10 11 11 11 10 9
10 10 12 11 9 9 10 9
9 9 8 8 7 9 7 8
17 15 17 18 14 17 14 15
2 3 2 2 3 3 2 2
12 13 13 15 12 14 13 15
11 11 12 12 9 10 12 9
11 8 9 11 9 8 11 11
6 6 6 6 6 6 5 6
6 7 6 6 6 6 6 6
2 3 3 2 2 3 3 3
16 17 14 17 17 17 16 14
17 14 16 16 14 15 15 15
5 5 5 6 6 5 5 6
4 4 5 4 4 4 4 5
12 15 12 13 13 14 14 13
5 6 6 5 6 6 6 5
5 5 4 5 5 5 5 4
5 5 4 5 4 5 4 4
13 15 12 14 13 15 12 12
10 11 10 10 11 10 12 13
2 2 2 2 2 2 2 3
10 11 11 11 9 10 9 11
13 11 11 13 13 10 12 13
2 2 2 2 1 1 2 1
12 13 14 12 13 11 12 11
4 4 5 5 4 5 5 4
15 14 13 15 15 15 16 16
6 5 5 5 5 5 5 6
7 7 7 7 7 7 7 7
2 1 2 2 1 2 1 2
5 4 4 4 4 5 4 4
3 3 3 3 2 2 2 2
6 6 6 7 6 6 7 7
7 7 6 7 6 7 7 6
16 14 16 15 15 15 14 15
7 8 8 9 9 9 9 7
6 5 6 6 6 5 6 5
8 10 11 10 11 8 11 10
5 4 5 4 5 4 5 5
11 11 12 12 12 10 10 13
5 5 4 4 4 5 4 5
13 15 16 13 16 16 16 16
15 15 14 14 15 17 14 17
2 3 2 2 2 2 2 3
12 13 14 15 14 14 13 14
7 6 7 6 7 6 7 6
14 14 12 14 14 11 12 14
8 11 9 11 10 10 8 10
15 13 12 12 15 15 12 14
4 4 3 3 4 3 3 4
2 2 2 1 1 2 1 2
7 9 9 7 7 9 9 8
15 14 15 15 16 14 14 16
6 5 6 5 6 5 5 5
18 16 16 15 18 15 15 18
3 3 4 4 3 4 4 3
11 11 12 12 12 12 12 9
5 4 5 4 4 4 4 5
6 5 6 5 6 5 5 5
2 2 2 2 1 2 2 1
7 7 7 9 7 8 9 9
4 3 4 4 3 4 3 3
9 11 8 8 9 9 10 11
1 1 1 1 2 2 1 1
11 13 13 10 12 11 11 10
14 14 14 14 13 14 11 12
8 8 8 8 8 7 7 7
17 17 15 17 16 14 17 17
2 2 1 1 2 2 1 2
12 12 11 9 9 9 11 9
3 3 2 3 3 2 3 2
12 12 11 13 11 12 13 12
17 16 16 16 15 16 16 17
5 6 6 6 5 5 5 6
6 5 5 6 5 6 5 6
6 7 7 7 7 7 6 6
14 13 15 15 14 13 16 15
7 7 6 7 7 7 6 6
8 10 9 10 10 10 8 8
2 2 2 2 2 1 1 1
8 7 7 8 7 7 7 7
12 12 12 11 13 11 12 14
4 4 5 5 5 5 5 5
3 3 3 4 4 4 4 4
3 4 3 4 3 4 4 3
12 13 13 13 13 12 13 13
14 15 13 12 15 12 12 14
8 7 8 8 8 7 8 7
8 9 11 8 11 9 8 9
13 14 14 11 14 11 13 13
6 5 6 5 5 6 5 5
1 2 1 2 2 2 1 2
16 15 17 17 14 17 17 14
6 6 6 7 6 7 6 6
13 12 13 11 11 12 13 10
14 13 13 14 15 14 15 16
13 15 12 12 13 12 15 14
9 7 9 8 8 9 8 9
3 3 2 2 3 2 2 3
14 15 16 15 14 16 18 17
8 8 7 8 7 7 8 8
14 17 16 15 16 16 16 18
13 15 13 16 16 15 15 13
7 7 7 8 7 8 8 7
5 5 4 5 4 4 4 4
1 1 1 1 2 1 2 1
15 16 14 15 14 14 15 15
9 9 9 11 9 9 12 9
11 13 13 14 12 13 12 14
15 15 13 15 13 15 15 13
13 15 16 14 15 16 14 15
14 15 13 15 13 13 15 14
13 12 14 12 11 11 11 14
2 3 3 3 2 2 3 2
6 7 7 6 7 7 6 7
4 5 4 5 4 5 5 4
5 4 4 5 4 4 5 4
9 9 8 8 9 9 8 7
12 15 12 12 12 15 12 15
16 13 14 14 13 16 13 14
4 3 3 3 4 3 3 3
3 4 3 4 3 3 4 4
1 1 1 1 2 2 2 1
5 6 5 6 5 5 6 6
15 14 14 16 16 15 15 17
15 16 14 14 15 16 18 17
18 16 16 14 17 18 14 17
10 13 10 13 11 13 11 13
10 13 11 10 13 11 11 10
6 5 5 6 5 6 6 5
12 15 13 15 15 13 12 14
10 11 11 10 10 11 9 9
15 17 15 15 17 16 14 15
9 7 7 9 9 7 8 8
6 6 5 5 5 5 5 6
9 10 9 9 9 12 11 9
13 13 12 12 11 13 13 13
6 6 6 6 5 5 5 6
14 12 14 13 11 12 12 13
12 13 12 12 10 10 10 13
14 14 17 14 15 16 16 14
14 17 17 16 14 14 16 16
11 12 11 12 11 14 14 14
13 11 12 13 12 10 12 12
16 15 17 16 15 15 16 17
6 6 7 6 6 6 7 7
4 4 3 4 4 3 4 4
3 3 3 3 2 2 3 3
5 5 6 6 5 6 6 6
2 2 2 2 1 2 2 2
11 13 12 11 11 12 13 14
11 11 11 11 12 11 13 12
3 3 2 2 2 3 3 2
8 8 7 7 7 8 8 8
1 2 1 2 1 1 2 2
9 10 11 9 12 10 10 10
13 14 11 12 11 14 13 11
9 12 11 9 9 11 9 10
17 15 14 16 14 16 14 16
8 9 8 10 9 9 11 8
15 14 14 15 16 16 15 16
16 14 14 16 15 14 13 16
3 3 2 2 2 3 2 3
6 7 6 7 6 7 7 6
14 15 14 12 13 15 13 14
14 17 18 17 14 14 14 14
10 9 11 8 10 10 10 10
11 10 12 11 11 10 12 10
3 3 3 3 3 2 3 3
7 8 8 7 7 8 8 7
3 3 3 4 4 3 4 4
5 4 5 5 5 5 5 4
5 4 4 5 4 5 5 4
9 11 12 12 12 10 11 11
3 4 4 4 4 4 4 4
9 12 9 10 10 11 10 10
18 15 17 14 16 17 15 18
8 7 7 8 7 7 8 8
10 11 11 12 11 13 13 10
12 12 10 11 11 11 13 10
16 13 14 13 14 13 14 15
15 14 16 14 17 14 17 16
13 11 13 10 13 13 13 10
7 7 7 6 7 6 7 7
4 5 4 5 4 4 5 5
6 5 5 6 5 6 6 5
10 8 8 11 11 9 8 11
15 15 17 16 14 18 16 14
14 16 13 14 15 15 15 15
10 11 12 12 9 11 11 10
14 16 15 14 16 16 16 16
15 14 14 13 14 14 14 14
12 11 12 10 12 12 9 10
14 17 14 18 18 16 18 15
16 13 15 16 15 15 16 15
5 4 5 5 5 4 4 5
2 1 2 2 2 2 1 2
3 4 3 4 3 3 3 3
2 1 1 2 2 2 1 1
10 10 8 9 11 9 11 10
6 6 5 6 5 6 5 6
16 16 15 14 14 16 17 17
15 15 13 14 13 14 13 15
8 9 9 8 8 9 8 11
16 15 14 14 16 15 14 16
11 12 13 12 12 12 10 10
13 13 11 11 11 11 11 13
8 7 7 8 9 9 8 8
12 13 13 14 12 15 12 13
7 7 6 7 6 7 6 7
10 9 10 10 8 10 8 11
1 1 2 1 2 1 2 2
14 12 12 12 12 11 13 14
12 12 14 13 14 13 12 13
6 5 5 5 5 5 6 6
3 2 2 2 3 2 2 3
4 5 5 5 4 5 5 5
16 13 13 14 14 14 16 14
9 9 9 8 9 9 7 8
8 8 8 8 7 7 7 8
12 9 10 11 12 11 11 11
3 4 4 3 3 4 3 4
13 14 13 14 13 14 11 14
10 11 10 11 9 11 10 10
14 13 16 15 16 15 14 13
7 7 8 8 8 8 8 8
15 18 14 16 16 14 16 15
15 15 16 13 14 15 14 16
4 3 3 4 4 4 4 4
13 11 10 10 12 13 11 11
