1 2 1
1 3 1
1 4 1
1 5 1
1 6 1
2 7 1
2 8 1
2 9 1
2 10 1
2 11 1
3 12 1
3 13 1
3 14 1
3 15 1
3 16 1
4 17 1
4 18 1
4 19 1
4 20 1
4 21 1
5 22 1
5 23 1
5 24 1
5 25 1
6 26 1
6 27 1
6 28 1
6 29 1
6 30 1
7 31 1
8 32 1
9 33 1
10 34 1
11 35 1
12 36 1
13 37 1
14 38 1
15 39 1
16 40 1
17 41 1
18 42 1
19 43 1
20 44 1
21 45 1
22 46 1
23 47 1
24 48 1
25 49 1
26 50 1
27 51 1
28 52 1
29 53 1
30 54 1
31 55 1
32 56 1
33 57 1
34 58 1
35 59 1
36 60 1
37 61 1
38 62 1
38 63 1
39 64 1
40 65 1
40 66 1
41 67 1
42 68 1
43 69 1
44 70 1
45 71 1
46 72 1
47 73 1
48 74 1
49 75 1
50 76 1
51 77 1
52 78 1
53 79 1
54 80 1
55 81 1
56 82 1
57 83 1
58 83 1
59 84 1
60 85 1
61 86 1
62 87 1
63 88 1
64 89 1
65 90 1
66 91 1
67 92 1
68 93 1
69 94 1
70 94 1
71 95 1
72 96 1
73 97 1
74 98 1
75 99 1
76 100 1
77 101 1
78 102 1
79 103 1
80 103 1
81 104 1
82 105 1
83 106 1
84 106 1
85 107 1
86 108 1
87 109 1
88 110 1
89 110 1
90 111 1
91 112 1
92 113 1
93 114 1
94 115 1
95 116 1
96 117 1
97 117 1
98 118 1
99 119 1
100 120 1
101 120 1
102 121 1
103 121 1
104 122 1
105 123 1
106 124 1
107 125 1
108 126 1
108 127 1
108 128 1
109 129 1
110 130 1
111 131 1
112 132 1
113 133 1
113 134 1
114 135 1
115 136 1
116 137 1
117 138 1
118 139 1
119 140 1
119 141 1
120 142 1
121 143 1
122 144 1
123 145 1
124 145 1
125 146 1
126 147 1
127 148 1
128 149 1
129 150 1
130 151 1
131 152 1
132 153 1
133 154 1
134 155 1
135 156 1
136 157 1
137 158 1
138 159 1
139 160 1
140 161 1
141 162 1
142 163 1
143 164 1
144 165 1
145 166 1
146 166 1
147 166 1
148 167 1
149 168 1
150 168 1
151 169 1
152 169 1
153 170 1
154 171 1
155 172 1
156 173 1
157 174 1
158 174 1
159 174 1
160 175 1
161 176 1
162 177 1
163 178 1
164 179 1
165 180 1
166 181 1
167 181 1
168 182 1
169 183 1
170 183 1
171 184 1
172 185 1
173 186 1
174 187 1
175 188 1
176 189 1
177 190 1
178 191 1
179 192 1
180 193 1
181 194 1
182 195 1
183 196 1
183 197 1
184 198 1
185 199 1
185 200 1
186 201 1
186 202 1
186 203 1
187 204 1
187 205 1
188 206 1
189 207 1
189 208 1
190 209 1
191 210 1
191 211 1
192 212 1
193 213 1
194 214 1
195 215 1
196 216 1
197 217 1
198 217 1
199 218 1
200 219 1
201 220 1
202 221 1
203 222 1
204 223 1
205 223 1
206 224 1
207 225 1
208 226 1
209 227 1
210 228 1
211 229 1
212 230 1
213 231 1
214 232 1
215 233 1
216 234 1
217 235 1
218 236 1
219 237 1
220 238 1
221 239 1
222 240 1
223 241 1
224 242 1
225 243 1
226 244 1
227 245 1
228 246 1
229 247 1
230 248 1
231 249 1
232 250 1
233 251 1
234 252 1
235 253 1
236 254 1
237 255 1
238 256 1
239 257 1
240 258 1
240 259 1
241 260 1
242 261 1
243 262 1
244 263 1
245 264 1
246 265 1
246 266 1
247 267 1
248 268 1
249 269 1
250 270 1
251 271 1
252 272 1
253 273 1
254 274 1
255 275 1
256 276 1
257 277 1
258 278 1
259 279 1
260 280 1
261 281 1
262 282 1
263 283 1
264 284 1
265 285 1
266 286 1
267 287 1
268 288 1
269 289 1
270 290 1
271 291 1
271 292 1
272 293 1
273 294 1
274 295 1
275 296 1
276 297 1
277 298 1
278 299 1
279 300 1
279 301 1
280 302 1
281 303 1
282 304 1
283 305 1
284 306 1
285 307 1
286 308 1
287 309 1
288 310 1
289 311 1
290 311 1
291 312 1
292 313 1
293 314 1
294 314 1
295 315 1
296 315 1
297 316 1
298 317 1
299 318 1
300 318 1
301 319 1
302 319 1
303 319 1
304 319 1
305 320 1
306 320 1
307 321 1
308 321 1
309 322 1
310 323 1
311 324 1
311 325 1
312 326 1
312 327 1
312 328 1
313 329 1
314 330 1
314 331 1
314 332 1
315 333 1
316 334 1
316 335 1
316 336 1
317 337 1
318 338 1
318 339 1
319 340 1
319 341 1
320 342 1
321 343 1
322 344 1
323 345 1
324 346 1
325 347 1
326 348 1
327 349 1
327 350 1
328 351 1
329 352 1
330 353 1
330 354 1
330 355 1
331 356 1
332 357 1
333 358 1
334 359 1
335 360 1
336 361 1
336 362 1
337 363 1
337 364 1
338 365 1
338 366 1
339 367 1
339 368 1
340 369 1
340 370 1
341 371 1
341 372 1
342 373 1
343 374 1
344 375 1
345 376 1
346 377 1
347 377 1
348 378 1
349 379 1
350 380 1
351 380 1
352 381 1
353 382 1
354 383 1
355 383 1
356 384 1
357 384 1
358 384 1
359 385 1
360 386 1
361 386 1
362 386 1
363 387 1
364 388 1
365 388 1
366 389 1
367 389 1
368 390 1
369 390 1
370 390 1
371 391 1
372 391 1
373 391 1
374 391 1
375 392 1
376 392 1
377 393 1
378 393 1
379 394 1
380 395 1
381 396 1
382 397 1
383 398 1
384 399 1
385 400 1
386 401 1
387 402 1
388 403 1
389 404 1
390 404 1
391 404 1
392 405 1
393 406 1
394 407 1
395 408 1
396 409 1
396 410 1
396 411 1
397 412 1
398 413 1
399 414 1
399 415 1
400 416 1
400 417 1
401 418 1
402 419 1
403 420 1
404 421 1
405 422 1
405 423 1
406 424 1
407 425 1
408 426 1
409 427 1
410 428 1
410 429 1
411 430 1
412 431 1
413 432 1
414 433 1
415 434 1
416 435 1
417 436 1
418 437 1
419 438 1
420 439 1
421 440 1
422 441 1
423 442 1
424 443 1
425 443 1
426 444 1
427 445 1
428 446 1
429 447 1
430 448 1
431 449 1
432 450 1
433 450 1
434 451 1
435 451 1
436 452 1
437 453 1
438 454 1
439 455 1
440 456 1
441 457 1
442 458 1
443 459 1
444 460 1
444 461 1
445 462 1
446 463 1
447 464 1
447 465 1
448 466 1
449 467 1
450 468 1
451 469 1
452 470 1
453 471 1
454 472 1
455 473 1
456 474 1
456 475 1
457 476 1
458 477 1
459 478 1
460 479 1
461 480 1
462 481 1
463 482 1
463 483 1
464 484 1
464 485 1
465 486 1
466 487 1
467 488 1
468 489 1
469 490 1
470 491 1
471 492 1
472 493 1
473 494 1
474 495 1
475 496 1
476 497 1
477 498 1
478 499 1
479 500 1
480 501 1
481 501 1
482 502 1
483 503 1
484 504 1
485 505 1
486 505 1
487 506 1
488 507 1
489 507 1
490 508 1
491 509 1
492 510 1
493 510 1
494 511 1
495 512 1
496 513 1
497 514 1
498 515 1
499 516 1
500 517 1
501 518 1
502 519 1
502 520 1
502 521 1
503 522 1
504 523 1
505 524 1
505 525 1
506 526 1
506 527 1
507 528 1
507 529 1
507 530 1
508 531 1
509 532 1
510 533 1
510 534 1
511 535 1
512 536 1
513 537 1
514 538 1
515 539 1
515 540 1
516 541 1
517 542 1
518 543 1
519 544 1
520 544 1
521 545 1
522 546 1
523 547 1
524 548 1
525 549 1
526 550 1
527 550 1
528 551 1
529 551 1
530 552 1
531 553 1
532 554 1
533 554 1
534 554 1
535 555 1
536 556 1
537 557 1
538 558 1
539 559 1
540 560 1
541 561 1
542 562 1
543 563 1
544 564 1
544 565 1
545 566 1
546 567 1
547 568 1
548 569 1
549 570 1
550 571 1
551 572 1
552 573 1
553 574 1
553 575 1
554 576 1
555 577 1
556 578 1
557 579 1
558 580 1
559 581 1
560 582 1
560 583 1
561 584 1
562 585 1
563 586 1
564 587 1
564 588 1
565 589 1
566 590 1
567 591 1
568 592 1
569 593 1
570 594 1
570 595 1
571 596 1
572 597 1
573 598 1
574 599 1
575 600 1
576 601 1
577 602 1
578 603 1
579 604 1
580 605 1
581 606 1
582 607 1
583 608 1
584 609 1
585 609 1
586 610 1
587 610 1
588 610 1
589 611 1
590 611 1
591 611 1
592 611 1
593 612 1
594 612 1
595 613 1
596 614 1
597 615 1
598 616 1
599 616 1
600 617 1
601 617 1
602 618 1
603 619 1
604 619 1
605 619 1
606 619 1
607 619 1
608 620 1
609 621 1
610 622 1
610 623 1
611 624 1
612 625 1
613 626 1
614 627 1
615 628 1
616 629 1
617 630 1
618 631 1
619 632 1
620 633 1
621 634 1
622 635 1
622 636 1
623 637 1
623 638 1
624 639 1
624 640 1
625 641 1
625 642 1
626 643 1
626 644 1
626 645 1
627 646 1
627 647 1
628 648 1
629 649 1
630 650 1
630 651 1
631 652 1
631 653 1
632 654 1
632 655 1
633 656 1
634 657 1
635 658 1
636 659 1
637 659 1
638 659 1
639 660 1
640 661 1
641 661 1
642 662 1
643 662 1
644 663 1
645 663 1
646 664 1
647 664 1
648 665 1
649 666 1
650 667 1
651 667 1
652 668 1
653 669 1
654 669 1
655 670 1
656 671 1
657 672 1
657 673 1
658 674 1
659 675 1
660 676 1
661 677 1
662 678 1
663 679 1
664 680 1
665 681 1
666 682 1
667 683 1
668 684 1
669 685 1
670 686 1
671 687 1
672 688 1
673 689 1
674 690 1
675 691 1
676 691 1
677 692 1
678 693 1
679 694 1
680 695 1
681 696 1
682 697 1
683 698 1
684 699 1
685 699 1
686 699 1
687 699 1
688 700 1
689 700 1
690 700 1
691 700 1
692 700 1
693 700 1
694 700 1
695 700 1
696 700 1
697 700 1
698 700 1
699 700 1
