7 7 8 9 11 10 11 7 9 9 12 8 7 10 9 11
4 4 4 3 4 4 3 4 3 3 4 4 4 4 3 3
6 7 7 6 8 9 8 7 7 6 6 6 8 8 8 6
13 9 10 12 11 10 12 11 9 12 12 10 9 9 8 11
9 8 6 7 8 6 7 7 7 9 6 7 8 8 6 8
7 6 5 4 5 5 6 6 7 7 5 6 5 6 4 7
5 4 4 5 3 5 4 5 3 3 3 5 5 5 3 3
13 10 9 10 14 10 9 13 12 10 13 12 13 10 11 13
4 3 3 4 4 3 5 4 5 4 5 3 5 4 5 3
4 4 4 3 4 3 3 4 4 4 3 4 4 4 4 4
11 8 10 10 13 8 11 9 9 11 9 10 13 13 11 8
13 10 12 13 12 9 13 9 11 10 11 13 8 10 11 9
8 8 8 7 9 9 7 6 8 6 8 8 7 9 6 9
13 11 10 10 11 9 12 10 13 14 14 10 12 9 9 11
3 4 4 3 4 3 4 3 4 4 3 4 3 4 3 4
6 7 7 7 6 9 8 7 8 8 6 8 7 8 7 8
9 6 9 6 8 9 9 7 10 10 10 6 8 8 10 8
1 1 2 1 2 2 1 1 2 2 2 2 1 1 2 2
13 9 9 9 13 10 14 9 14 12 13 14 13 10 11 13
13 9 10 11 10 13 12 11 9 11 14 11 12 9 10 9
12 14 11 13 14 11 9 11 11 13 10 12 11 14 9 9
3 3 3 3 4 4 3 3 4 4 3 3 4 4 4 3
3 4 4 4 3 3 4 3 4 3 4 3 3 3 4 4
8 5 5 7 5 8 6 5 8 7 6 6 6 8 5 7
14 14 14 11 12 15 11 15 9 11 9 15 9 13 15 11
7 7 7 6 7 10 6 10 6 9 9 7 10 9 7 8
9 7 8 9 7 11 8 7 12 11 11 8 12 8 12 10
5 8 5 5 7 6 7 8 7 8 8 8 6 5 6 8
11 11 12 10 8 10 13 10 9 10 11 13 12 13 11 10
3 4 5 4 3 3 4 5 4 4 5 4 5 3 5 3
2 2 1 2 2 2 2 1 1 1 1 1 1 2 1 1
3 3 4 4 3 3 3 3 3 3 4 4 4 3 4 3
8 8 6 8 7 7 5 6 5 5 6 7 8 8 6 7
14 12 11 10 14 14 11 9 12 10 9 11 13 10 10 10
8 12 13 10 10 10 13 13 9 13 13 11 8 8 10 10
4 7 7 7 4 7 7 7 4 5 5 5 7 5 4 5
4 5 4 5 4 6 5 6 4 4 4 7 5 7 4 5
12 10 10 9 13 11 9 11 9 12 10 12 8 10 12 13
12 8 12 9 11 12 8 8 9 13 12 11 9 8 10 12
3 4 3 4 4 3 3 3 4 4 4 4 3 4 4 3
10 9 13 11 10 10 10 10 10 9 11 11 12 8 8 11
7 7 6 6 8 9 6 9 6 9 9 8 7 6 7 8
10 13 14 14 13 11 15 15 10 15 13 15 13 11 9 12
3 3 2 3 3 3 3 2 3 2 2 2 2 2 3 2
8 7 6 6 9 7 7 8 6 6 8 6 8 8 7 9
3 5 3 4 4 3 5 4 4 4 3 4 5 4 4 4
2 1 1 1 1 1 2 2 2 1 2 2 1 1 2 1
13 13 9 12 15 11 9 11 13 11 12 11 15 10 9 13
10 12 12 10 11 9 9 9 9 13 13 10 12 10 12 12
15 9 13 12 9 13 12 15 13 12 14 13 13 11 11 15
