1 2 1
1 3 4
2 4 4
2 5 5
2 6 3
2 7 4
3 8 2
3 9 3
3 10 1
4 11 2
5 12 4
6 12 1
7 13 4
8 14 5
9 15 1
10 16 4
11 17 1
12 18 3
13 19 1
14 20 2
15 21 4
15 22 2
16 23 4
17 24 3
18 25 5
19 26 1
20 27 2
21 28 2
22 29 5
22 30 5
23 31 3
23 32 3
24 33 5
25 34 3
26 34 2
27 35 1
28 36 1
29 37 1
30 38 5
31 38 5
32 39 2
33 40 3
34 41 4
35 42 5
36 43 2
37 44 3
38 45 3
39 46 2
40 47 2
40 48 5
41 49 1
41 50 1
41 51 5
42 52 2
42 53 4
43 54 5
43 55 4
43 56 4
43 57 3
44 58 5
44 59 1
44 60 2
45 61 1
45 62 3
46 63 4
46 64 4
47 65 5
48 65 3
49 66 3
50 66 3
51 66 4
52 66 5
53 67 5
54 68 5
55 68 2
56 68 1
57 69 2
58 69 4
59 69 5
60 70 4
61 70 5
62 71 1
63 71 3
64 71 2
65 72 2
66 73 4
67 74 2
68 75 5
69 76 5
70 77 3
71 78 4
72 79 4
73 79 1
74 80 1
75 80 2
76 81 3
77 82 1
78 83 1
79 84 2
80 85 3
81 86 1
81 87 5
82 88 4
83 89 1
84 90 3
85 91 4
86 92 2
87 92 2
88 93 3
89 93 4
90 94 5
91 95 5
91 96 4
92 97 4
92 98 4
93 99 1
94 100 2
95 100 5
96 100 2
97 100 2
98 100 1
99 100 2
