1 2 8
1 3 17
1 4 59
1 5 32
2 6 69
2 7 13
3 8 80
3 9 67
4 10 52
4 11 65
4 12 37
4 13 58
5 14 50
5 15 56
5 16 83
5 17 4
5 18 77
6 19 48
7 19 98
8 19 18
9 20 64
10 20 1
11 21 68
12 22 60
13 22 30
14 23 57
15 23 78
16 24 39
17 24 1
18 24 98
19 25 86
19 26 79
19 27 43
19 28 15
19 29 23
20 30 78
20 31 97
21 32 96
21 33 9
21 34 88
22 35 44
22 36 1
23 37 91
23 38 49
23 39 5
23 40 78
24 41 55
24 42 3
24 43 68
25 44 15
26 45 79
27 46 12
28 47 2
29 47 28
30 48 76
31 49 72
32 50 38
33 51 43
34 52 99
35 53 12
36 54 99
37 55 49
38 56 39
39 57 39
40 58 95
41 59 87
42 60 14
43 61 91
44 62 9
45 63 96
45 64 23
46 65 49
47 66 61
48 67 89
49 68 28
50 69 5
51 70 80
51 71 93
52 72 51
53 73 51
54 74 92
55 75 67
56 76 25
56 77 40
56 78 41
57 79 85
57 80 62
58 81 70
59 82 36
60 83 7
61 84 40
62 85 82
63 85 17
64 86 56
65 87 86
66 88 49
67 88 30
68 89 77
69 89 17
70 90 6
71 90 45
72 91 83
73 91 52
74 92 35
75 93 90
76 93 71
77 94 17
78 95 1
79 96 94
80 96 48
81 97 65
82 98 98
83 98 85
84 99 83
85 100 66
86 101 64
87 102 79
88 103 89
89 104 65
90 104 33
91 105 42
92 106 12
93 107 41
94 108 79
95 109 28
96 109 33
97 109 35
98 110 48
99 110 24
100 111 2
101 111 15
102 111 24
103 112 90
104 113 13
105 113 10
106 114 14
107 114 81
108 114 34
109 115 86
110 115 23
111 116 36
111 117 69
111 118 1
111 119 93
111 120 31
112 121 70
112 122 28
112 123 40
113 124 22
113 125 73
114 126 91
114 127 43
115 128 34
115 129 66
115 130 83
116 131 45
117 131 14
118 132 85
119 133 41
120 134 6
121 134 46
122 134 21
123 135 42
124 136 28
125 137 49
126 138 51
127 138 82
128 138 70
129 139 51
130 139 77
131 140 8
131 141 67
132 142 9
132 143 6
132 144 90
133 145 62
133 146 53
133 147 61
134 148 28
135 149 51
135 150 31
135 151 91
135 152 11
136 153 66
136 154 88
137 155 45
137 156 89
137 157 86
138 158 32
139 159 70
139 160 81
140 161 19
141 162 93
142 163 13
143 163 40
144 164 13
145 164 41
146 165 32
147 166 40
148 167 19
149 168 77
150 169 69
151 169 45
152 170 29
153 171 28
154 171 2
155 172 49
156 173 91
157 174 62
158 174 84
159 175 74
160 175 44
161 176 79
162 177 55
163 177 64
164 178 22
165 179 34
166 180 51
167 181 78
168 182 51
169 183 9
170 184 88
171 185 30
172 186 37
173 187 26
174 187 72
175 188 8
176 189 4
177 190 63
178 191 31
179 192 16
180 193 64
181 194 27
182 195 45
183 196 59
183 197 38
184 198 24
185 199 92
186 200 98
187 201 97
188 202 47
189 203 51
190 204 96
191 205 28
192 206 57
193 207 12
194 208 51
195 209 40
196 210 66
196 211 36
197 212 67
198 213 74
199 214 49
200 215 31
201 216 85
202 217 13
203 218 12
204 219 28
205 220 71
206 221 3
207 222 66
208 223 42
209 224 84
210 225 65
210 226 5
211 227 25
212 228 75
213 229 89
214 230 76
215 231 10
216 232 77
217 233 74
218 234 56
219 234 72
220 234 28
221 235 55
222 236 97
223 237 94
224 238 63
225 239 32
226 239 67
227 239 1
228 240 59
229 241 21
230 241 92
231 241 65
232 242 46
233 243 39
234 244 89
235 245 33
235 246 48
235 247 31
236 248 3
237 249 58
237 250 27
238 251 82
239 252 75
240 253 94
241 254 66
241 255 30
242 256 55
243 257 27
244 258 94
245 259 89
246 260 45
247 261 85
248 262 65
249 263 61
249 264 90
250 265 5
251 266 50
252 267 73
253 268 19
254 269 89
254 270 37
255 271 36
256 272 31
257 273 62
258 274 8
259 275 82
260 276 89
261 276 19
262 276 49
263 277 12
264 277 47
265 278 35
266 278 31
267 278 19
268 278 41
269 279 80
270 280 1
271 281 66
272 282 31
273 283 34
274 284 15
275 285 50
275 286 97
275 287 63
275 288 73
276 289 93
276 290 20
276 291 17
276 292 79
277 293 12
278 294 34
279 295 41
279 296 62
280 297 38
280 298 56
280 299 81
281 300 69
281 301 58
282 302 37
282 303 39
282 304 42
282 305 55
283 306 38
283 307 90
284 308 95
285 308 55
286 308 39
287 309 82
288 310 60
289 311 88
290 312 89
291 313 49
292 314 56
293 314 95
294 314 47
295 315 99
296 316 73
297 316 17
298 317 32
299 317 15
300 318 83
301 319 33
302 319 1
303 320 47
304 320 9
305 321 38
306 322 97
307 322 31
308 323 80
309 324 16
310 325 25
311 326 25
312 327 57
313 328 86
314 329 63
315 330 28
316 331 23
317 332 32
318 333 87
319 334 46
320 335 70
321 336 27
322 336 97
323 337 57
324 337 91
325 337 47
326 337 26
327 337 20
328 338 95
329 339 99
330 340 1
331 341 37
332 342 10
333 342 52
334 343 7
335 344 44
336 344 64
337 345 65
337 346 39
337 347 42
338 348 73
339 349 13
340 350 74
340 351 67
341 352 90
342 353 83
342 354 8
342 355 29
342 356 34
343 357 46
343 358 27
344 359 87
344 360 41
344 361 56
345 362 32
346 363 5
347 364 29
348 365 73
349 366 39
350 367 30
351 368 1
352 368 12
353 369 84
354 370 15
355 371 89
356 372 63
357 373 13
358 374 20
359 374 78
360 375 46
361 375 48
362 376 38
363 377 40
364 378 76
365 379 34
366 379 30
367 380 26
368 380 94
369 381 20
370 381 7
371 382 64
372 383 51
373 384 41
374 384 43
375 385 81
376 386 16
377 387 24
378 388 96
379 389 99
380 390 16
381 391 94
382 392 52
383 393 29
384 394 47
385 395 57
386 396 9
386 397 88
387 398 41
387 399 45
387 400 66
388 401 6
388 402 14
389 403 5
389 404 49
389 405 62
390 406 90
390 407 91
390 408 11
391 409 24
391 410 99
392 411 65
392 412 60
392 413 53
393 414 63
393 415 95
394 416 6
394 417 1
395 418 21
396 419 66
397 420 59
398 420 5
399 421 63
400 422 87
401 422 91
402 422 3
403 423 25
404 424 5
405 425 39
406 426 95
407 427 99
408 427 69
409 428 47
410 428 1
411 429 35
412 430 22
413 431 50
414 432 48
415 433 85
416 434 85
417 435 88
418 436 25
419 437 61
420 437 48
421 438 22
422 439 39
423 439 63
424 440 50
425 441 23
426 441 95
427 442 39
428 443 63
429 444 61
430 444 21
431 444 36
432 445 81
433 445 60
434 446 18
435 447 57
436 447 32
437 448 83
437 449 45
438 450 60
439 451 12
440 452 77
441 453 69
442 454 91
443 455 18
444 456 1
445 457 59
446 458 6
447 459 26
448 460 7
449 461 53
450 462 71
451 463 93
452 464 74
453 465 57
454 466 73
455 467 41
456 468 60
457 469 99
458 470 6
459 471 80
460 472 60
461 473 96
462 474 20
463 475 40
464 476 50
465 477 83
466 478 88
466 479 2
467 480 53
468 481 27
469 482 71
469 483 17
470 484 23
470 485 84
471 486 40
471 487 95
472 488 39
473 489 11
474 489 74
475 490 14
476 491 4
477 492 48
478 493 73
479 494 90
480 495 75
481 496 99
482 497 49
483 498 41
484 499 51
485 500 49
486 501 73
487 502 23
488 503 45
489 504 54
490 505 17
491 506 83
492 507 94
493 508 18
494 509 25
495 510 60
496 511 3
497 512 59
498 513 63
499 514 63
500 515 1
501 515 6
502 516 39
503 517 50
504 518 4
505 519 37
506 520 11
507 521 4
507 522 51
508 523 40
509 524 73
510 525 6
511 526 18
512 527 9
513 528 76
514 529 10
515 530 32
516 531 71
517 532 79
518 533 84
519 534 56
520 535 20
521 535 43
522 536 74
523 536 42
524 537 97
525 537 84
526 538 71
527 539 69
528 540 18
529 541 92
530 541 30
531 542 17
532 543 21
532 544 65
533 545 77
534 546 77
534 547 36
535 548 44
536 549 13
537 550 92
537 551 35
538 552 52
539 553 31
540 554 14
540 555 27
541 556 48
541 557 19
541 558 45
541 559 6
542 560 9
542 561 7
543 562 54
544 563 50
545 564 55
546 565 64
547 566 68
548 567 97
549 567 96
550 568 29
551 568 78
552 569 8
553 570 17
554 571 78
555 572 88
556 572 76
557 573 28
558 574 75
559 574 20
560 575 19
561 576 19
562 577 23
563 578 28
564 579 18
565 580 87
566 580 41
567 581 46
568 582 68
569 583 56
570 584 31
571 585 33
572 586 89
573 587 65
574 588 55
575 588 71
576 588 7
577 589 11
578 590 46
579 590 98
580 591 96
581 592 27
582 593 79
583 594 19
584 595 9
585 596 94
586 597 12
587 598 52
588 599 21
589 600 32
590 600 93
591 600 18
592 600 77
593 600 66
594 600 33
595 600 22
596 600 15
597 600 23
598 600 88
599 600 89
