1 2 4
1 3 5
1 4 1
2 5 2
3 6 5
3 7 3
3 8 2
4 9 1
5 10 4
6 11 1
7 12 1
8 13 4
9 14 2
10 15 3
11 16 1
12 17 5
13 18 3
14 18 2
15 19 3
15 20 2
16 21 4
17 22 5
18 23 1
18 24 3
19 25 2
20 25 2
21 26 5
22 27 5
23 28 3
24 28 3
25 29 4
26 30 3
27 31 5
27 32 4
28 33 4
29 34 5
30 35 1
31 36 5
32 37 1
33 38 3
34 39 2
34 40 1
35 41 1
35 42 3
36 43 2
37 44 1
37 45 3
37 46 2
38 47 2
39 48 4
40 49 4
41 50 3
42 51 1
43 52 4
44 53 3
45 54 2
46 55 3
47 56 1
48 57 4
49 58 4
50 59 3
51 60 5
52 60 4
53 61 1
54 62 1
55 63 4
56 64 4
57 65 2
57 66 5
57 67 1
58 68 5
59 69 1
59 70 2
60 71 5
61 72 3
62 73 5
63 74 2
64 75 1
64 76 1
65 77 5
65 78 5
66 79 1
66 80 2
67 81 2
67 82 2
67 83 4
68 84 5
69 85 5
69 86 2
70 87 1
71 88 3
72 89 3
73 90 1
73 91 2
73 92 1
73 93 1
74 94 4
74 95 3
75 96 3
75 97 4
76 98 1
77 99 4
78 99 3
79 100 3
80 100 1
81 100 2
82 101 5
83 101 3
84 102 3
85 102 4
86 103 5
87 103 5
88 103 2
89 104 3
90 104 2
91 105 2
92 105 4
93 105 3
94 106 1
95 107 4
96 107 2
97 108 3
98 108 3
99 109 5
100 109 1
101 109 3
102 110 5
103 111 1
104 111 2
105 112 3
106 113 3
107 113 1
108 113 3
109 114 1
109 115 1
110 116 3
111 117 1
111 118 3
111 119 1
112 120 5
112 121 1
113 122 2
113 123 5
114 124 4
115 125 4
116 126 5
117 127 2
118 128 3
119 129 3
119 130 5
120 131 2
121 132 2
122 133 2
123 134 4
123 135 2
124 136 4
125 136 4
126 137 5
127 138 2
128 139 5
129 139 4
130 140 4
131 141 4
132 141 1
133 142 5
134 143 2
135 143 5
136 144 5
137 145 2
138 146 5
139 147 3
140 148 5
141 149 5
142 150 4
143 151 4
144 152 2
145 153 4
146 153 4
147 153 3
148 154 1
149 154 4
150 154 4
151 154 1
152 155 1
152 156 1
152 157 4
153 158 1
153 159 2
153 160 2
154 161 2
154 162 1
154 163 3
154 164 5
155 165 1
156 166 5
157 166 4
158 166 4
159 167 2
160 168 3
161 168 1
162 169 4
163 169 4
164 170 2
165 171 5
165 172 2
166 173 1
166 174 3
167 175 5
167 176 5
167 177 4
168 178 3
169 179 4
169 180 1
169 181 5
169 182 5
170 183 4
170 184 1
170 185 3
170 186 2
171 187 2
172 188 1
173 189 5
174 189 5
175 189 3
176 190 4
177 190 5
178 191 4
179 192 1
180 192 1
181 192 2
182 193 2
183 194 1
184 194 1
185 195 1
186 195 2
187 196 2
188 196 5
189 196 4
190 196 5
191 197 2
192 197 5
193 198 5
194 198 5
195 199 2
196 200 1
197 200 3
198 200 4
199 200 3
