1 2 2
1 3 2
1 4 6
1 5 6
2 6 5
3 7 7
3 8 4
4 9 7
4 10 6
5 11 4
5 12 1
5 13 7
6 14 4
7 15 5
8 15 7
9 15 7
10 16 3
11 16 6
12 17 4
13 18 3
14 19 1
15 20 2
15 21 5
16 22 1
17 23 5
18 24 5
18 25 1
18 26 4
19 27 1
20 28 3
21 28 3
22 29 7
23 30 3
24 31 6
25 31 2
26 31 3
27 32 6
28 33 7
28 34 4
29 35 7
29 36 5
29 37 3
30 38 2
31 39 5
32 40 6
33 41 5
34 42 1
35 43 6
36 44 2
37 45 6
38 46 6
39 47 1
40 48 5
41 49 6
42 50 5
43 51 5
44 52 2
45 52 6
46 53 1
47 54 6
48 55 5
49 55 2
50 56 4
51 57 4
52 57 1
53 58 7
54 58 2
55 59 6
56 60 7
56 61 7
56 62 4
56 63 7
56 64 4
57 65 1
58 66 4
59 67 1
59 68 7
60 69 3
61 70 3
62 71 1
63 72 3
64 73 3
65 74 7
66 75 1
67 76 7
68 77 4
69 78 4
70 79 5
71 79 4
72 80 5
73 80 1
74 81 7
75 82 6
76 83 3
76 84 6
77 85 1
77 86 4
77 87 6
77 88 6
78 89 5
78 90 7
79 91 5
79 92 2
79 93 6
79 94 7
80 95 1
80 96 5
81 97 2
81 98 6
81 99 6
82 100 4
82 101 5
83 102 6
84 102 5
85 102 4
86 102 5
87 102 3
88 103 1
89 103 2
90 104 5
91 104 2
92 104 4
93 105 3
94 105 6
95 106 5
96 107 2
97 107 7
98 107 1
99 107 5
100 108 4
101 109 7
102 110 1
103 111 1
104 112 6
105 113 7
106 114 5
107 115 6
108 116 3
109 116 1
110 117 2
111 118 7
111 119 1
111 120 6
112 121 4
113 122 7
114 123 5
115 124 5
116 125 5
117 126 3
118 127 4
119 127 6
120 128 5
121 128 7
122 129 1
123 130 2
124 130 5
125 131 6
126 132 2
126 133 3
126 134 1
127 135 1
128 136 1
129 137 1
130 138 6
131 139 1
132 140 6
132 141 5
132 142 3
133 143 3
134 144 4
135 145 7
136 146 3
136 147 1
136 148 3
137 149 2
138 150 3
138 151 3
139 152 3
140 153 3
141 153 5
142 153 7
143 154 5
144 155 6
145 156 3
146 156 5
147 157 1
148 158 1
149 159 4
150 160 5
151 161 6
152 161 4
153 162 3
154 162 3
155 163 5
156 164 5
157 165 6
158 166 5
159 166 5
160 167 6
161 167 5
162 168 1
163 169 7
164 170 2
164 171 3
165 172 7
166 173 1
166 174 5
167 175 1
168 176 1
168 177 6
169 178 2
169 179 3
170 180 4
171 181 3
171 182 1
172 183 3
173 184 6
173 185 7
174 186 2
174 187 7
174 188 3
175 189 2
176 190 5
177 190 2
178 190 1
179 190 2
180 190 7
181 191 7
182 192 5
183 192 2
184 192 7
185 192 7
186 192 5
187 193 1
188 193 6
189 193 1
190 194 6
191 195 7
192 196 1
192 197 2
193 198 1
193 199 3
194 200 3
195 200 1
196 200 6
197 200 7
198 200 1
199 200 7
