3 3 4 5 9 10 3 0
1 10 9 3 4 3 3 2
2 10 8 5 5 12 1 5
14 17 0 24 7 3 3 22
8 22 9 12 21 21 8 30
19 22 22 4 23 17 31 11
4 6 1 6 6 6 8 1
9 2 7 0 11 8 12 12
5 11 1 8 2 12 8 17
11 14 1 8 8 19 11 21
9 19 19 20 30 36 29 38
11 11 1 4 11 9 10 0
8 4 7 16 18 16 3 11
6 5 14 7 17 36 27 20
1 0 2 0 1 2 2 0
1 0 2 0 1 0 0 1
3 7 0 9 2 1 6 11
17 0 19 4 2 8 2 23
17 17 11 6 7 18 0 0
3 6 4 4 0 1 2 2
17 15 27 22 4 13 18 6
8 29 26 0 23 7 13 5
5 14 5 10 0 8 4 5
16 14 8 24 16 18 8 9
6 10 5 4 9 4 7 10
3 0 12 6 10 4 3 0
3 0 6 2 1 8 9 19
23 21 8 11 16 13 1 23
36 8 33 17 1 20 4 21
5 9 4 3 5 2 5 2
14 6 13 8 9 2 16 2
23 17 8 14 23 11 25 5
14 13 12 10 12 3 17 2
2 3 6 14 29 15 12 7
3 7 4 3 1 9 2 3
29 6 27 10 15 23 9 30
17 12 19 12 23 5 4 19
3 4 11 10 16 15 16 4
2 4 3 2 2 2 3 2
31 23 30 20 4 19 37 18
16 21 28 33 14 0 11 16
3 8 4 8 12 8 3 2
0 30 34 19 1 35 36 12
0 5 7 9 9 10 7 2
0 27 24 23 19 8 16 11
18 13 24 3 19 8 11 20
14 2 6 9 9 1 1 2
14 1 19 23 0 25 4 24
0 2 4 4 3 11 2 3
22 8 23 7 20 3 14 14
34 32 35 19 19 34 17 27
10 2 0 9 11 11 7 10
12 14 23 20 27 7 0 4
12 13 3 14 4 17 15 18
3 1 3 0 5 2 1 0
2 13 17 4 1 14 17 14
10 24 29 36 1 17 24 30
6 3 0 8 0 8 5 10
13 4 4 9 14 24 0 17
8 2 12 18 4 19 8 10
2 0 2 2 2 0 2 1
5 1 6 8 6 5 6 4
2 19 18 22 8 21 3 16
0 3 4 10 4 5 8 2
5 6 4 0 1 2 1 2
4 4 3 2 1 0 1 4
4 7 13 4 10 1 1 9
1 2 2 0 1 2 2 2
12 12 25 19 8 19 17 29
6 3 9 19 5 13 15 2
4 2 3 1 3 0 5 1
1 1 1 2 0 0 0 0
4 16 4 5 4 20 23 24
36 19 36 16 12 5 34 29
4 0 0 0 6 4 4 1
19 24 3 2 26 2 18 27
5 0 19 1 8 4 23 14
14 10 15 7 15 10 7 4
6 16 9 5 5 0 1 13
7 2 0 1 1 8 0 2
19 0 2 10 0 13 11 7
17 17 20 0 3 20 33 4
9 2 10 3 10 18 13 15
8 2 3 8 3 5 7 2
16 33 23 32 36 30 29 14
4 7 21 24 19 29 29 19
27 17 7 26 4 37 4 4
0 0 1 1 0 0 0 2
7 28 29 19 14 36 14 12
13 8 22 1 15 15 2 11
35 31 20 3 3 4 17 32
28 0 31 13 13 28 6 30
13 11 0 1 3 14 8 14
12 12 20 0 19 1 20 4
16 2 25 3 20 19 4 27
35 30 30 27 17 37 26 38
10 3 6 3 14 4 15 13
29 22 9 11 14 11 32 2
2 0 1 1 2 0 0 0
23 33 33 0 26 14 5 2
23 16 31 10 27 38 38 30
3 13 17 18 14 3 5 14
8 9 8 0 1 5 7 2
4 16 4 16 12 1 16 1
6 6 1 2 4 0 3 7
7 6 2 2 7 4 10 10
16 24 21 0 24 7 3 18
12 2 12 7 5 17 6 12
21 26 22 1 25 7 19 2
2 3 1 0 5 5 6 0
1 8 29 25 13 4 18 25
13 1 2 10 6 13 3 1
35 31 35 19 34 20 11 34
1 2 1 2 1 0 1 1
6 8 4 1 7 5 2 4
27 14 1 18 27 3 22 23
6 2 1 0 2 6 10 0
14 34 30 8 20 6 5 16
21 5 26 11 20 12 17 22
5 4 4 3 2 10 4 9
20 16 3 3 3 20 14 16
1 8 8 3 6 7 10 10
0 9 9 5 1 1 6 4
34 16 2 15 27 16 28 15
4 7 26 14 10 6 23 21
35 6 24 40 11 28 36 31
3 0 2 2 3 3 0 0
23 29 4 17 25 2 7 29
12 11 4 0 9 15 26 32
8 6 1 20 18 18 17 15
2 2 2 0 1 0 0 2
0 1 2 1 2 2 1 2
2 20 27 4 25 22 14 5
15 7 11 5 10 0 4 16
12 17 0 17 6 4 3 4
12 6 7 31 29 24 6 5
10 1 12 7 6 2 4 0
13 23 26 3 23 18 19 16
7 13 2 1 4 13 22 10
4 5 3 12 2 15 20 19
0 9 18 0 15 3 6 16
4 7 7 0 7 6 1 6
2 1 2 0 1 2 0 0
9 16 6 9 14 2 2 13
8 3 4 0 3 6 4 0
13 9 6 21 22 5 15 7
5 24 16 7 6 22 12 24
0 2 1 1 4 4 4 2
4 16 8 2 13 18 5 16
4 13 2 3 9 2 5 12
4 3 1 1 3 0 1 1
0 2 5 7 4 8 5 1
17 4 20 12 6 15 27 15
6 3 6 0 8 6 2 0
20 5 6 3 13 16 5 5
20 2 19 12 19 22 3 17
1 14 16 0 5 9 2 12
14 20 28 21 25 22 17 16
11 9 2 16 14 2 12 7
8 0 9 2 4 6 1 10
6 0 5 5 4 2 4 5
6 2 1 7 0 2 5 0
4 2 3 2 1 1 6 5
1 2 2 5 1 7 0 3
6 6 4 9 6 2 10 3
5 22 20 22 21 11 25 3
3 18 1 5 4 1 15 23
6 3 6 6 5 2 10 2
26 19 1 18 15 21 5 16
23 11 5 12 26 29 21 31
7 5 8 8 31 16 27 19
8 5 22 17 11 10 24 11
10 6 5 0 2 1 8 0
15 38 32 12 16 11 32 11
0 0 2 0 0 2 0 1
16 13 36 0 24 3 34 30
5 13 25 11 18 14 5 9
9 1 2 4 9 12 8 8
2 1 2 1 1 0 1 1
14 14 2 8 6 9 3 12
17 7 5 3 3 9 0 5
10 4 0 7 9 19 15 18
2 1 1 7 5 2 1 2
2 0 2 2 2 2 0 2
10 0 12 10 6 10 18 2
11 2 0 0 6 4 8 17
7 11 0 17 1 4 1 18
5 8 7 12 4 8 0 13
12 11 5 11 11 16 14 5
8 22 8 15 23 20 21 22
30 11 19 5 0 5 13 8
15 15 7 29 21 27 27 1
9 16 18 10 11 16 20 25
10 14 10 2 2 0 2 3
12 2 2 4 11 6 6 9
22 9 10 15 12 17 17 13
26 22 21 32 13 4 0 8
30 36 19 26 9 34 6 11
0 2 0 1 1 0 0 1
3 9 12 7 0 4 11 0
4 2 3 2 1 4 1 0
2 1 1 10 7 6 4 13
21 20 8 12 1 3 16 4
0 3 3 0 6 3 1 6
12 25 8 24 30 18 1 28
3 2 11 12 8 13 5 0
0 6 17 0 15 2 10 6
6 0 5 3 7 1 12 8
1 3 1 1 0 0 1 1
14 34 17 24 26 1 8 39
4 4 10 4 3 12 12 12
6 5 0 2 0 5 3 0
8 30 28 12 23 16 10 27
10 16 12 20 4 17 6 8
10 2 4 10 5 8 5 8
7 7 16 20 19 8 2 14
17 21 19 16 6 0 7 12
14 18 17 8 23 24 2 1
17 11 13 1 12 9 25 17
6 21 5 16 22 6 2 7
3 1 2 1 1 2 3 0
2 4 4 4 1 3 2 0
5 2 7 2 2 7 8 8
14 14 10 15 2 4 15 16
0 8 3 23 19 23 4 1
3 2 2 1 2 3 4 1
28 6 35 34 0 23 13 8
6 11 10 19 9 8 20 18
1 5 8 13 38 11 21 23
0 5 2 0 8 5 5 3
6 11 7 15 6 14 11 0
1 9 25 17 12 28 21 3
26 14 0 23 5 4 15 22
11 1 3 8 18 18 14 1
0 4 8 2 7 8 8 6
32 15 5 14 4 14 14 30
2 1 0 2 1 0 1 2
10 3 8 1 2 10 3 7
11 16 23 15 9 2 11 40
20 21 15 18 33 24 9 1
15 6 4 8 14 0 1 16
8 19 12 11 27 11 12 24
6 11 0 10 7 0 11 10
6 9 1 5 4 13 14 3
9 11 3 28 4 29 26 7
4 15 20 7 8 2 14 17
18 20 14 14 0 18 11 1
7 24 6 19 12 3 34 1
38 6 18 38 33 36 32 23
2 5 9 13 17 3 22 8
7 0 7 18 13 17 13 6
6 13 4 7 15 5 11 10
0 3 2 1 0 0 3 1
3 8 9 5 6 9 3 5
12 4 12 24 18 29 11 25
8 15 6 15 21 14 4 0
1 1 2 1 2 2 0 2
1 1 0 0 1 2 0 1
6 3 4 2 3 2 0 6
8 26 11 14 19 30 19 27
0 4 2 4 2 1 3 1
11 11 0 1 7 13 17 11
5 7 4 11 0 4 3 12
16 22 10 19 16 2 5 23
14 12 11 13 14 5 14 1
4 5 6 11 9 5 1 10
10 9 11 12 11 11 3 5
34 24 32 2 9 12 17 30
1 0 31 23 18 17 16 17
3 6 7 8 4 7 4 9
18 1 15 2 9 7 17 21
16 6 15 4 15 4 5 23
3 3 1 2 1 2 1 2
23 22 6 9 1 19 7 20
19 8 13 27 13 6 27 9
1 0 1 0 0 1 2 0
8 1 10 8 4 5 24 9
4 10 19 20 9 4 6 2
2 23 9 26 15 22 14 9
19 9 4 4 5 28 3 11
12 22 25 6 19 5 13 3
0 1 2 2 2 2 2 1
9 7 3 7 9 2 3 2
12 1 10 32 11 11 20 16
17 14 19 21 1 17 4 1
1 14 4 13 4 12 6 13
3 9 0 10 7 0 11 9
9 22 27 14 28 18 25 9
4 9 5 3 1 2 11 2
1 4 3 1 3 3 1 2
10 2 10 14 4 8 7 4
13 14 16 2 2 10 13 17
0 4 1 0 2 0 2 4
6 1 6 7 10 3 7 5
13 18 9 15 28 17 23 12
28 2 14 26 18 18 28 23
9 18 21 5 14 15 3 18
16 10 23 11 10 0 24 17
5 33 4 15 20 21 14 21
6 20 8 2 0 8 10 15
11 3 19 18 10 16 10 0
7 3 9 0 12 3 0 11
20 15 6 22 19 22 19 21
3 6 14 16 6 16 16 5
11 5 2 16 14 12 16 16
1 33 38 31 27 19 20 28
6 3 2 8 1 1 9 4
1 6 1 6 12 10 9 14
1 6 0 5 0 4 3 3
19 19 17 17 15 26 13 20
23 11 13 29 23 12 0 19
7 9 9 1 7 9 6 6
1 0 0 2 1 0 2 2
21 15 9 14 19 9 1 18
3 2 2 6 0 6 6 1
10 0 2 5 8 6 10 2
0 1 1 0 2 2 1 1
16 3 13 5 2 7 11 15
10 4 16 4 9 15 6 8
9 3 17 9 3 16 3 7
27 24 4 21 13 20 24 24
16 6 16 13 10 11 1 8
4 3 0 3 3 4 2 1
4 19 15 19 5 31 17 11
19 6 6 19 18 18 5 5
2 3 3 4 4 4 2 3
11 2 12 13 13 11 1 4
10 7 31 15 23 30 7 15
14 19 19 16 14 0 14 12
9 24 25 21 22 8 18 7
31 2 6 19 33 12 18 36
30 14 35 35 31 26 19 0
18 16 12 36 21 10 28 17
28 36 1 10 21 34 22 33
10 2 10 1 10 10 0 8
3 1 3 0 4 2 1 1
30 27 0 15 15 5 28 30
38 26 13 15 6 13 33 29
0 0 2 1 1 0 2 1
37 22 6 37 39 24 15 27
7 20 5 6 18 3 20 3
4 4 3 1 4 1 0 3
13 13 1 4 7 8 1 1
21 8 20 22 21 17 9 16
2 4 2 1 3 1 2 3
4 1 2 3 2 4 2 2
23 23 3 12 3 0 4 4
9 9 17 9 2 10 4 16
3 2 6 5 5 6 4 0
6 32 7 19 21 12 37 26
11 14 20 7 8 5 7 14
1 1 0 2 2 1 2 0
34 4 4 20 32 27 16 27
4 4 2 3 2 2 0 4
15 19 18 20 22 19 19 10
0 1 2 2 1 0 0 2
18 18 6 22 30 19 19 11
1 11 30 0 27 4 8 15
17 1 20 11 28 4 17 7
1 13 7 15 16 2 3 12
0 6 3 5 1 6 5 3
1 30 26 14 21 7 26 15
24 0 9 21 1 8 10 0
3 16 17 7 12 1 0 17
7 32 3 14 28 31 29 2
28 23 32 13 23 20 20 14
2 5 8 5 5 2 2 4
31 16 27 10 13 34 2 35
1 4 8 6 0 4 5 0
12 0 8 8 15 1 3 12
7 17 5 9 16 9 0 17
8 5 3 2 5 3 7 5
0 10 2 10 9 7 5 3
3 31 4 4 29 23 28 9
17 28 19 18 13 7 15 16
17 29 15 10 7 13 32 13
3 0 2 0 0 3 1 0
0 1 0 0 0 1 1 0
10 14 27 10 1 0 32 13
12 24 23 19 16 22 8 16
0 13 8 7 4 21 17 13
31 3 22 32 8 27 26 18
4 13 1 21 19 9 21 5
7 20 7 2 9 8 3 5
6 2 0 4 0 3 5 6
22 4 8 10 8 8 3 2
1 3 9 8 8 6 7 9
12 8 5 11 0 3 14 11
14 3 4 13 4 15 4 3
28 2 19 16 28 34 2 35
2 9 1 8 10 7 0 5
4 2 11 17 4 1 18 15
1 5 0 6 3 3 6 4
3 6 8 9 5 9 6 2
9 9 15 6 6 4 1 5
13 9 12 5 12 13 2 9
5 2 3 4 1 9 7 0
3 15 10 5 1 35 26 3
0 2 1 13 2 13 0 12
1 0 2 1 0 2 2 2
19 10 36 13 6 30 12 20
15 3 20 21 3 8 9 5
4 20 15 18 16 25 1 15
2 1 4 1 3 2 3 4
6 4 6 6 2 5 4 1
21 23 12 25 26 15 6 20
36 30 26 5 22 6 30 8
1 0 2 0 4 1 2 4
4 3 1 4 0 1 1 3
17 24 16 14 13 20 0 17
22 29 19 11 11 7 27 13
6 27 9 12 4 29 27 21
18 32 28 6 20 12 0 29
2 1 0 0 2 1 2 1
1 11 16 12 12 7 1 14
7 1 0 3 28 29 7 19
6 10 6 0 6 4 4 4
10 4 6 9 10 2 4 5
0 24 15 12 14 28 0 34
9 14 14 16 36 16 16 11
3 5 3 7 0 1 0 0
7 1 3 5 12 1 6 9
5 2 0 8 1 3 3 2
7 13 0 29 25 31 35 26
0 6 3 0 3 4 5 2
1 24 20 2 2 19 17 16
11 2 9 10 7 18 9 9
0 1 4 1 7 7 3 3
8 22 15 9 9 16 18 13
14 12 0 14 14 8 13 10
1 17 10 14 0 15 0 13
15 22 31 15 12 6 2 19
1 3 2 1 1 1 4 3
1 1 1 2 2 2 0 0
6 7 1 2 3 9 1 1
19 19 16 36 18 11 27 29
17 5 18 17 8 31 19 28
4 1 1 29 24 6 23 12
10 13 7 8 4 17 13 2
20 29 4 26 32 24 19 26
10 26 16 19 11 26 20 20
15 16 14 5 0 20 21 8
28 21 13 20 7 39 40 9
9 5 8 27 10 20 19 14
23 1 16 27 4 31 0 16
11 10 24 0 18 26 22 19
22 3 0 0 14 19 15 6
22 23 31 23 0 40 22 0
11 1 3 0 9 9 3 9
34 30 27 32 33 33 27 16
27 35 28 18 31 15 18 34
5 11 1 4 0 2 2 1
9 9 1 9 5 12 10 16
9 18 17 4 28 12 0 29
15 9 10 1 9 5 5 6
21 13 9 12 9 20 8 13
3 17 5 12 1 21 23 1
32 29 36 25 6 4 10 11
8 8 33 33 8 28 2 3
6 23 2 10 6 21 8 3
14 4 2 23 3 24 1 20
6 2 30 1 32 32 13 12
7 6 20 26 28 23 14 13
3 2 1 4 7 0 2 5
13 5 14 0 0 12 3 8
0 12 8 4 19 16 18 8
3 5 8 18 3 3 18 14
9 25 25 5 32 23 5 5
39 2 15 27 7 20 26 17
15 18 30 28 12 24 21 6
9 12 15 17 9 16 16 1
2 2 7 11 0 10 16 16
3 19 0 7 5 11 9 7
2 4 1 0 3 4 0 0
4 4 5 2 8 8 4 2
8 16 26 33 35 32 15 9
20 24 4 1 16 15 9 5
1 12 2 2 24 7 6 10
11 0 10 3 8 11 7 8
11 8 17 3 4 10 7 9
12 7 0 0 6 11 1 13
9 21 26 3 24 7 21 19
9 1 2 3 16 18 18 18
6 5 2 2 6 2 3 2
29 21 22 11 10 18 10 14
5 9 0 3 20 10 8 8
5 16 8 2 18 12 8 13
3 1 4 3 3 1 1 3
11 12 10 11 3 17 14 12
12 18 25 29 18 2 21 30
10 7 18 2 3 18 6 25
1 16 6 15 5 9 15 16
1 0 3 0 1 2 1 0
6 2 5 2 7 4 6 10
2 3 2 1 3 1 0 4
31 3 4 24 28 23 10 20
24 12 9 0 10 21 5 1
4 1 4 3 2 4 3 1
0 11 12 9 10 7 9 4
0 1 1 2 0 1 1 2
14 1 21 7 8 0 16 14
6 16 16 16 0 13 2 4
5 11 0 12 6 10 6 7
6 34 27 16 12 24 29 29
17 16 27 13 5 19 5 13
11 16 16 3 27 9 12 29
4 4 0 0 1 3 0 1
10 29 5 32 4 34 5 36
1 11 13 6 13 28 3 19
18 20 23 36 36 0 20 18
3 0 2 2 4 0 0 4
20 17 16 20 1 26 18 30
18 19 34 26 32 31 28 31
0 9 2 4 7 0 3 2
28 10 14 19 2 3 1 25
28 32 1 28 13 10 18 18
20 14 1 2 26 19 14 7
4 4 4 4 3 1 3 2
27 18 1 11 28 7 11 22
5 2 7 0 8 2 5 2
2 22 7 0 26 13 19 3
16 2 1 26 11 9 27 17
6 33 40 35 26 28 20 20
29 22 23 33 29 24 35 4
4 11 9 0 0 10 5 5
1 6 0 4 2 3 4 3
1 9 6 6 3 7 0 9
18 3 19 15 13 0 22 14
28 18 21 26 25 27 2 1
6 3 7 8 4 15 9 6
5 17 1 18 17 7 5 12
27 23 33 26 8 22 30 8
2 1 2 0 0 4 2 3
0 20 25 13 22 22 23 19
25 8 23 13 9 2 28 33
0 4 1 3 1 2 1 4
13 6 9 7 6 3 6 7
10 6 9 5 10 0 6 5
16 22 6 16 14 4 16 6
6 1 7 6 2 5 3 3
8 3 3 6 6 0 2 2
3 26 3 2 18 20 23 20
14 16 16 23 23 18 2 30
1 2 2 2 0 1 2 1
38 7 33 39 18 4 10 27
10 2 12 2 2 9 1 12
9 3 22 13 19 12 12 35
10 9 6 1 9 0 3 6
5 3 2 3 3 6 1 5
6 5 0 1 1 6 3 1
13 2 12 6 2 3 5 1
4 20 7 8 2 20 17 26
27 21 4 9 22 1 15 8
14 9 12 0 1 13 9 6
20 3 9 18 13 17 1 26
18 17 15 15 19 2 1 0
0 7 6 4 7 6 6 1
0 3 2 2 3 0 0 0
26 18 6 4 3 36 15 8
11 7 4 7 3 18 6 20
17 13 16 3 0 11 5 15
10 9 6 31 6 32 5 25
33 13 24 3 0 1 28 5
29 0 18 15 11 7 13 17
7 28 26 22 21 13 6 18
4 27 22 21 14 11 30 21
11 5 8 11 1 2 5 4
32 13 30 30 9 1 10 37
1 20 17 9 7 19 18 15
19 0 17 5 2 24 9 20
2 5 9 13 0 0 11 1
5 3 3 3 7 5 8 3
16 4 14 3 11 30 27 0
25 8 6 21 5 4 6 24
2 2 0 0 2 2 0 2
1 6 5 5 1 4 2 1
7 1 3 4 6 7 4 0
17 11 20 0 32 34 8 33
0 2 5 5 1 8 7 3
16 8 6 14 10 12 18 15
7 38 11 38 37 12 29 16
18 16 16 15 23 8 6 14
3 5 4 11 12 11 3 7
2 15 26 18 8 10 8 13
21 4 30 17 7 4 5 18
7 16 8 19 9 1 3 9
21 28 27 10 30 28 3 21
20 20 8 2 37 2 18 25
21 7 29 23 19 8 36 7
0 7 3 10 6 0 2 1
30 15 13 3 26 12 25 7
10 7 17 11 1 18 8 16
6 4 8 10 4 4 6 3
32 20 10 34 21 2 21 29
17 2 14 22 1 8 17 16
1 3 21 19 11 26 1 1
15 32 12 34 27 29 5 14
15 10 23 32 7 19 36 3
21 1 18 22 19 11 14 19
11 13 0 4 3 4 4 5
