0 2 1 0 2 0 1 2
0 8 10 7 8 14 13 10
9 9 5 2 5 10 2 6
0 1 2 2 2 2 0 2
7 9 10 12 2 5 0 3
18 22 1 9 22 10 1 12
8 16 0 12 9 6 15 11
1 0 0 2 1 2 2 0
0 5 13 21 17 7 22 19
8 14 11 4 0 1 2 7
4 18 1 5 0 18 5 18
7 8 30 17 3 23 0 18
1 2 2 0 0 0 0 2
2 4 2 3 0 11 8 19
2 18 15 7 28 26 10 8
8 8 12 10 11 11 11 4
6 12 1 0 4 1 1 11
12 17 3 19 14 20 9 10
22 16 20 7 6 6 27 6
18 2 17 8 8 11 13 2
2 1 3 4 2 4 0 2
2 3 2 2 5 5 5 0
2 2 1 2 0 2 0 2
11 14 15 3 2 4 11 20
10 8 16 6 7 8 6 2
0 2 2 0 0 2 0 2
1 1 2 2 2 2 0 0
19 2 9 14 10 1 10 4
9 12 9 1 2 7 0 10
25 23 3 26 8 5 6 10
2 0 1 0 0 2 0 1
23 18 0 27 30 5 4 6
5 0 9 2 1 1 4 12
1 0 1 1 1 1 1 2
13 28 7 18 3 21 9 2
4 1 3 1 4 3 0 4
19 5 18 5 1 18 20 2
0 1 5 5 11 4 10 4
10 21 13 16 4 12 6 18
0 6 1 11 9 7 1 9
22 23 7 21 15 6 19 17
25 6 22 5 21 11 9 12
21 9 26 10 25 20 7 21
6 2 6 3 3 0 1 1
6 9 22 7 0 26 3 10
9 1 19 16 14 18 10 10
21 21 20 8 13 10 11 13
4 1 1 18 12 12 15 15
8 9 10 3 12 16 5 9
1 6 4 11 12 11 10 2
0 15 2 16 7 14 4 14
8 2 8 1 10 13 14 11
15 11 5 7 3 1 11 10
1 0 0 3 2 4 2 0
9 11 7 7 11 3 7 12
2 4 8 10 5 2 5 2
10 9 0 6 3 7 9 10
30 17 24 18 29 3 25 20
3 9 7 0 12 0 12 5
2 3 6 5 5 1 4 0
17 14 10 7 5 3 20 13
18 16 4 4 9 10 15 2
5 1 1 1 0 2 5 9
20 1 3 21 15 20 21 21
19 0 9 31 25 30 29 26
13 5 4 0 18 19 18 19
0 12 2 12 0 5 6 2
6 0 2 3 1 6 4 2
4 0 8 8 1 0 10 0
15 4 11 25 0 0 4 1
5 13 18 1 27 19 15 12
29 25 15 12 16 22 16 18
0 3 3 2 6 2 3 0
1 18 22 15 25 16 0 4
5 21 14 17 6 5 24 1
0 2 1 0 0 0 2 0
0 16 11 4 16 8 13 15
1 2 1 0 1 1 2 1
5 14 5 8 18 1 3 18
5 6 8 18 24 17 0 3
1 0 0 6 6 0 10 7
3 3 13 4 13 5 11 14
19 9 0 7 14 7 14 8
6 6 5 4 4 0 5 3
1 1 4 13 9 5 12 10
6 1 2 12 17 11 8 10
14 3 13 3 14 12 5 14
1 4 3 4 4 3 3 7
1 3 12 0 4 14 10 1
1 2 0 2 0 1 1 1
0 6 8 5 1 1 4 0
12 10 1 8 21 1 14 10
4 0 14 10 10 4 1 13
4 14 13 17 24 14 11 19
4 0 3 2 2 1 6 1
27 15 25 21 27 4 22 2
12 18 18 0 5 10 12 10
20 3 16 18 15 14 1 11
12 24 22 21 5 3 12 14
18 4 21 20 13 8 1 15
9 19 11 6 6 19 3 15
1 0 4 1 4 3 1 3
10 4 3 2 9 3 11 9
10 1 19 17 18 13 6 15
8 4 13 13 6 9 7 3
5 4 2 5 1 4 1 3
0 4 2 1 3 0 1 2
9 2 5 8 3 1 9 9
7 5 12 0 0 2 2 5
4 23 0 17 14 5 9 5
3 12 10 7 11 1 22 3
17 0 28 13 15 19 7 13
8 6 10 13 11 7 3 15
0 2 3 3 5 6 1 9
1 2 4 2 3 2 4 3
1 15 8 20 17 3 14 1
1 1 2 0 0 1 2 1
0 5 6 3 15 1 5 14
1 4 1 3 4 4 1 4
7 4 2 2 16 19 22 2
4 6 4 3 7 5 6 3
7 2 13 12 9 11 3 7
8 1 4 2 6 3 3 4
0 0 2 0 1 4 0 2
1 1 2 1 0 0 1 2
28 17 25 10 6 20 1 21
0 18 9 8 16 2 17 12
4 7 5 4 0 11 3 5
12 25 26 0 22 23 0 15
2 2 9 10 2 0 12 15
5 1 13 6 11 8 5 4
0 20 22 10 0 4 2 2
7 6 7 2 0 5 2 3
5 23 23 17 22 27 24 14
5 15 19 16 3 3 1 9
3 21 20 21 22 5 14 9
1 4 9 10 2 0 2 9
7 3 7 0 10 4 10 10
22 17 2 7 18 17 5 12
21 1 22 4 16 9 8 10
4 4 12 0 3 11 2 11
6 2 1 6 3 4 4 1
8 6 4 10 19 2 12 15
5 11 10 2 2 2 12 4
30 31 9 0 0 2 6 20
14 17 17 9 16 8 10 17
5 0 10 2 12 2 14 2
18 7 18 1 21 11 23 15
17 7 13 20 18 1 12 3
0 1 1 2 1 1 0 2
0 12 12 10 8 10 5 12
10 12 27 3 28 1 29 20
6 7 6 11 15 1 10 2
12 11 7 9 4 14 2 8
8 11 7 2 7 8 11 5
1 3 2 0 3 0 1 4
25 15 11 7 18 5 7 5
7 5 2 1 2 1 0 1
11 1 10 7 14 25 17 14
6 12 7 11 6 15 11 1
0 3 7 4 1 0 0 2
3 4 1 2 3 4 1 3
1 7 2 2 4 3 4 6
10 8 3 9 2 2 10 6
3 4 2 13 13 3 15 4
16 17 3 3 25 6 19 17
2 8 2 3 5 0 0 4
1 17 14 6 8 5 24 13
4 7 3 6 3 3 1 3
0 23 16 26 27 4 24 23
1 3 1 3 4 1 0 1
6 7 1 11 12 3 4 11
2 4 0 12 3 3 10 6
12 14 3 8 4 13 3 8
14 9 14 1 11 11 19 5
2 6 1 2 1 5 9 9
8 5 4 2 12 1 7 7
5 1 6 5 6 3 2 5
11 12 7 18 16 19 13 28
10 12 17 17 4 10 15 7
10 26 25 14 3 0 21 10
20 21 12 14 18 11 3 22
3 4 4 0 3 4 0 3
6 10 10 9 2 9 3 0
4 12 19 6 19 17 10 12
1 20 3 3 11 12 7 0
14 9 15 8 3 18 15 5
7 10 16 2 0 16 12 1
6 5 3 6 5 5 3 0
1 2 2 1 0 2 1 0
2 1 7 7 6 8 8 3
5 3 1 5 6 4 2 8
4 1 0 4 0 1 2 4
0 0 0 0 0 0 0 2
12 3 3 3 27 23 24 0
10 12 4 9 2 7 9 6
12 13 28 7 31 26 18 16
15 2 8 12 4 4 13 5
9 10 3 1 8 1 2 10
17 14 2 6 6 17 18 22
2 3 3 6 6 3 5 1
15 0 4 12 3 29 12 26
4 21 13 7 25 26 16 28
4 9 19 18 12 20 17 20
3 0 0 4 3 1 1 0
3 3 9 2 1 2 3 14
26 0 25 25 8 11 26 6
18 24 4 9 16 10 7 11
5 19 15 8 18 18 0 18
10 4 6 15 10 10 3 14
6 12 1 8 9 3 16 9
1 8 7 0 18 6 4 1
18 5 10 20 6 9 17 17
5 6 0 1 3 4 5 6
0 7 2 0 1 10 8 2
8 3 16 1 5 13 8 6
6 3 2 3 3 2 4 6
4 1 4 3 1 1 3 2
6 9 9 10 0 6 1 10
5 12 9 20 9 4 13 1
13 1 15 7 4 1 10 0
12 8 2 9 16 13 13 9
2 1 0 14 5 14 0 9
0 0 0 0 2 0 1 1
0 2 1 3 1 4 3 4
26 9 1 6 9 11 7 8
26 16 21 22 5 1 0 7
2 0 2 2 6 5 2 5
24 18 13 20 27 25 0 15
1 1 3 2 2 4 1 1
0 1 0 7 8 6 1 4
13 15 15 6 6 4 7 17
18 19 12 11 13 1 4 7
1 3 2 4 0 8 4 3
2 3 3 5 5 4 8 7
24 21 13 16 10 5 19 20
1 0 1 1 3 4 4 4
3 7 10 3 5 1 3 3
9 10 8 3 5 9 1 9
17 4 17 20 15 18 1 16
10 6 14 20 7 19 18 22
15 22 22 21 1 17 18 18
7 2 9 8 6 8 3 12
5 9 10 10 3 3 4 1
1 8 10 6 11 2 11 1
3 5 6 5 4 1 0 2
15 2 1 18 10 17 7 14
32 27 26 0 15 23 8 19
11 14 24 12 18 18 14 27
22 9 20 21 16 21 9 21
23 8 24 3 7 16 15 19
4 0 3 1 0 4 0 3
0 16 9 1 0 10 5 2
1 6 2 11 3 16 18 2
6 15 18 2 17 11 13 3
21 25 31 31 4 16 6 23
12 16 18 7 12 12 15 14
4 5 9 4 2 1 10 1
6 11 12 5 16 1 13 12
22 12 16 13 9 6 15 0
28 5 19 24 18 10 15 8
2 12 14 1 1 4 15 14
0 8 9 10 0 9 8 7
12 28 30 23 28 30 3 18
6 2 6 12 3 3 4 1
6 26 6 10 5 30 6 3
3 10 9 10 8 11 11 0
16 15 28 23 19 15 11 6
4 0 3 4 1 0 1 1
7 5 4 1 0 2 0 5
7 6 16 18 11 3 0 18
13 13 11 25 0 2 11 9
13 3 9 2 7 1 4 3
2 9 12 1 4 17 14 20
2 6 1 4 1 1 4 8
13 20 0 1 6 5 9 4
8 0 7 8 1 4 0 6
6 3 2 0 2 6 1 6
7 28 13 26 24 27 21 25
0 4 5 4 2 0 2 6
1 0 2 0 2 1 1 1
12 18 3 0 5 19 19 15
11 18 16 18 0 12 13 9
0 12 5 2 3 1 1 10
4 2 4 3 3 4 2 2
0 2 0 2 1 1 0 2
10 25 26 14 12 8 20 17
1 1 2 3 3 4 3 4
4 11 2 1 6 12 9 4
16 9 21 22 10 11 18 9
2 2 1 0 0 0 0 0
10 5 2 11 8 1 5 4
7 1 6 6 15 4 0 7
22 18 11 13 20 6 17 25
10 5 9 5 1 10 7 8
12 1 10 6 8 12 8 7
4 0 18 5 4 15 18 27
2 2 0 2 0 2 1 0
19 17 13 10 13 25 25 5
8 2 5 2 6 6 2 9
5 6 4 4 1 4 3 2
9 14 18 17 14 7 12 16
4 1 0 1 1 0 3 4
6 21 0 8 23 17 5 1
10 24 7 15 7 30 25 15
1 1 0 3 2 2 0 4
10 1 1 9 9 14 8 7
19 25 16 26 0 12 24 18
3 4 6 0 3 5 2 0
9 2 11 12 7 4 10 11
19 12 20 7 12 17 0 13
0 6 7 1 1 10 7 13
0 1 2 0 3 1 4 4
2 4 4 2 1 4 4 3
10 0 1 9 3 12 5 1
5 1 22 3 2 6 15 18
2 0 2 1 0 0 2 2
10 0 0 6 10 11 2 3
8 10 13 12 12 8 10 10
4 2 0 5 2 2 8 18
2 13 22 6 11 2 6 10
18 24 1 14 8 20 6 9
17 18 28 7 9 6 27 1
15 16 9 13 18 7 9 12
2 2 1 1 2 1 1 0
5 3 6 5 2 4 0 2
1 0 1 0 1 1 0 1
10 0 8 13 5 8 4 2
5 0 2 2 0 6 3 3
13 20 10 13 9 11 15 15
9 9 4 16 18 1 8 18
15 4 22 12 13 14 10 18
3 5 2 0 1 5 8 3
18 14 14 16 6 23 9 8
6 5 9 3 4 9 9 5
12 8 11 11 5 14 8 1
9 22 11 25 0 26 6 14
4 0 0 6 7 7 6 2
1 4 3 0 0 0 4 1
22 15 4 3 15 12 3 7
13 14 6 13 11 8 6 11
16 7 6 10 10 8 16 8
15 6 2 26 22 14 1 9
6 3 7 0 7 6 3 5
18 8 21 2 9 22 16 10
4 12 3 1 14 12 18 1
10 10 14 0 15 0 25 25
20 22 15 10 12 18 13 0
13 8 7 12 12 6 11 6
0 2 5 4 6 1 3 13
15 24 9 12 5 5 9 28
3 6 6 7 4 6 5 8
19 17 5 13 2 5 11 8
17 1 8 17 7 16 14 1
17 17 3 14 8 10 20 0
0 3 15 8 9 3 15 12
0 26 10 32 28 6 20 25
22 11 21 18 0 11 19 13
15 0 4 10 9 10 15 3
15 6 15 6 12 11 17 10
10 21 1 1 20 24 1 18
2 5 1 1 2 2 5 3
2 14 16 12 4 8 3 0
12 6 20 18 6 20 19 4
2 0 1 0 0 1 2 1
21 14 20 8 2 16 15 19
0 1 4 5 0 7 3 4
1 17 8 9 19 0 1 15
16 11 4 16 12 13 6 2
10 15 18 8 15 6 16 17
7 5 9 5 9 7 4 4
2 0 0 0 2 0 1 2
10 22 17 22 22 27 18 1
10 18 8 17 5 13 16 2
26 25 16 18 1 1 20 21
2 13 6 1 1 14 16 2
2 22 3 12 7 5 11 9
1 14 6 13 3 3 0 11
2 15 6 0 6 5 9 4
15 4 1 0 22 2 12 6
5 9 5 13 11 7 14 8
25 18 2 23 13 12 6 13
2 15 9 4 8 12 13 6
9 3 10 0 11 8 11 1
4 3 2 2 0 3 4 1
2 2 0 0 0 0 1 0
7 2 17 10 3 3 5 4
12 7 14 14 14 15 7 8
7 1 0 16 5 3 10 11
13 9 13 0 0 13 10 12
3 3 19 11 13 17 16 19
13 6 12 12 8 4 11 12
3 11 9 14 2 3 0 4
10 32 6 11 0 15 2 6
17 1 10 1 4 20 8 12
2 1 1 0 0 1 2 2
6 2 2 4 4 2 6 2
7 2 3 0 1 6 2 6
10 5 1 22 2 19 17 24
1 2 22 21 18 7 3 2
11 13 13 20 12 26 20 7
1 2 2 1 0 1 2 2
1 4 7 0 9 10 7 3
18 10 4 7 13 15 4 18
12 10 15 30 29 9 26 31
1 0 0 2 0 0 2 0
8 15 12 14 16 3 16 0
2 1 8 4 8 1 3 9
27 31 16 22 26 24 18 11
1 2 2 0 1 2 0 2
13 3 11 13 19 2 5 2
2 3 0 5 3 5 1 4
27 28 3 30 11 0 23 24
12 7 11 13 17 18 5 15
2 1 2 0 0 2 2 1
4 8 0 3 5 3 1 7
2 1 2 1 1 0 2 0
4 3 2 2 0 0 4 3
2 4 3 4 0 4 0 2
11 10 6 11 3 8 9 15
13 21 20 5 8 0 2 23
6 8 4 0 6 7 2 6
18 23 0 8 25 3 1 23
18 3 19 4 24 15 8 21
4 17 10 25 21 0 3 27
7 6 10 1 1 4 4 8
8 9 7 7 2 1 3 6
17 20 5 16 23 3 9 7
16 30 9 14 23 25 22 18
3 5 5 2 8 4 8 1
11 6 30 26 6 30 2 12
4 5 2 7 7 2 3 8
18 5 20 2 13 0 0 9
2 7 14 16 22 9 22 20
7 8 2 7 8 0 7 5
4 18 1 3 7 4 21 2
8 8 6 1 7 1 7 4
10 6 17 18 28 20 20 11
7 21 25 7 26 0 23 17
22 4 7 20 26 14 3 10
4 4 20 2 0 9 25 19
1 4 0 6 3 6 0 3
12 3 6 10 10 0 8 10
22 17 5 1 26 12 17 22
7 6 5 7 8 10 1 4
23 2 22 20 21 15 18 22
19 8 20 15 0 11 20 32
14 10 26 2 17 0 21 26
10 12 22 20 8 17 14 4
3 21 3 12 2 28 14 24
6 11 14 17 11 1 3 11
2 3 8 1 4 0 5 3
0 10 14 14 8 1 3 1
6 1 5 5 9 3 2 9
14 6 6 4 2 5 13 0
5 1 3 0 6 6 6 7
0 0 9 4 10 0 12 11
3 12 11 9 5 6 12 5
28 10 10 21 19 10 19 7
2 32 11 27 4 7 19 26
5 3 2 1 5 5 1 0
18 7 2 12 2 14 16 13
7 3 6 4 0 3 5 7
7 1 9 8 0 2 2 8
0 6 12 0 5 0 11 8
0 21 11 27 30 15 2 4
19 23 5 7 8 1 28 8
7 1 16 9 6 8 0 9
15 2 11 14 19 10 16 4
0 2 2 2 1 0 2 1
26 30 6 3 6 21 5 2
16 19 12 7 6 16 12 5
6 5 8 2 11 11 7 6
1 0 1 1 2 1 1 0
8 4 6 16 8 13 3 13
25 11 22 12 9 19 8 1
21 24 4 13 8 16 17 0
4 4 3 2 3 4 4 0
8 15 21 1 28 14 0 20
17 15 4 14 11 3 13 16
0 1 1 6 5 4 7 7
3 3 5 0 0 2 2 3
5 8 26 26 0 2 7 11
9 7 13 3 17 16 4 12
25 31 19 11 5 10 26 9
2 7 3 6 8 8 8 5
20 0 17 8 20 18 8 15
11 4 12 15 0 6 9 2
18 1 14 23 18 6 14 1
1 5 6 6 5 4 6 1
13 3 9 2 14 5 0 4
28 19 0 14 18 16 3 16
24 24 22 12 10 1 17 9
11 11 10 13 2 6 13 5
8 10 3 6 11 1 6 5
9 16 11 16 1 10 2 4
0 2 2 2 2 2 1 0
10 8 1 8 2 4 9 5
14 10 6 1 8 10 6 9
12 2 18 12 0 10 3 12
9 3 5 10 4 8 9 7
3 0 2 4 3 2 2 0
12 20 20 16 14 18 3 15
3 7 1 4 3 1 1 2
20 5 9 20 17 10 20 30
2 1 0 2 0 0 1 4
5 11 9 2 20 5 19 11
6 1 1 6 1 4 1 0
3 21 4 26 25 0 8 10
8 7 6 26 20 24 23 4
2 0 2 2 2 1 0 1
22 7 13 9 7 8 9 3
9 2 7 12 0 1 11 8
7 16 18 19 16 14 14 0
14 7 21 3 14 17 4 8
6 0 2 6 2 0 1 0
17 16 8 15 1 17 5 1
17 18 10 5 10 8 2 1
11 5 15 16 7 15 15 1
4 26 14 20 1 9 6 18
1 3 3 2 3 1 4 4
1 9 0 6 9 0 3 2
0 2 5 1 6 2 4 5
15 18 26 25 0 20 14 3
3 1 1 2 2 2 0 0
9 12 10 5 0 4 8 10
0 1 2 2 1 1 0 1
23 6 4 24 28 14 10 8
14 9 0 17 12 13 12 25
0 3 5 2 5 3 0 5
6 13 1 7 1 5 0 16
13 2 22 9 12 23 16 22
7 5 2 4 5 7 4 5
9 9 5 4 7 1 2 7
17 4 7 4 9 12 6 9
0 5 0 4 3 4 2 3
11 17 16 8 1 6 9 12
11 6 11 18 16 8 3 5
1 13 6 11 6 6 13 5
3 14 4 15 3 4 15 2
13 11 10 4 15 1 9 2
1 1 3 8 5 10 2 2
3 10 6 9 3 8 4 9
13 4 15 7 9 2 14 10
2 8 3 8 7 6 4 3
7 4 1 8 2 0 8 5
19 16 6 2 8 8 19 3
10 18 12 13 10 11 11 2
2 0 1 1 2 0 0 1
7 3 0 9 19 28 21 25
6 3 1 0 3 5 2 9
3 15 4 3 3 12 12 15
24 13 11 22 10 23 11 23
5 2 5 9 7 10 11 13
19 14 4 0 4 0 16 15
1 2 6 3 3 0 0 5
5 2 3 4 2 6 4 5
3 2 3 0 2 3 0 2
26 19 22 4 2 32 1 30
16 17 7 30 0 31 2 7
6 1 5 8 5 2 10 10
3 0 15 6 12 17 5 2
7 11 6 10 9 8 3 8
5 18 6 10 3 11 13 17
3 1 5 6 1 2 1 3
15 23 11 20 30 12 6 13
27 17 7 27 12 18 20 30
2 22 24 2 3 9 14 22
21 27 3 32 29 31 13 26
13 26 4 7 24 7 3 6
18 7 2 2 17 13 14 9
19 4 22 17 14 3 14 18
1 22 16 20 0 21 21 14
3 3 1 1 6 3 0 1
15 14 16 0 7 18 3 9
14 2 6 15 9 4 4 1
16 11 2 16 18 14 5 0
2 0 1 0 0 1 2 0
29 3 1 6 15 18 24 2
22 16 9 8 15 8 15 13
4 16 3 2 16 18 17 18
7 5 6 5 6 7 4 4
10 20 16 17 11 7 12 24
6 3 5 0 1 0 5 6
11 9 3 24 1 22 13 1
3 0 8 7 1 8 1 7
0 3 3 1 0 3 0 6
0 14 7 7 5 14 13 10
0 2 3 0 3 1 4 2
0 3 1 1 3 0 0 0
13 4 13 2 6 2 14 3
24 0 8 15 28 16 6 3
6 0 2 5 4 2 3 6
14 7 16 19 14 2 16 10
9 8 5 2 12 8 1 1
19 20 1 15 2 13 9 6
11 4 9 14 1 1 9 2
22 0 17 8 12 21 17 2
5 9 0 6 1 4 6 8
2 1 2 6 3 3 2 8
