15 1 15 12 11 22 23 14
22 4 15 21 21 13 22 3
14 26 2 22 5 11 5 26
20 21 18 0 3 12 15 13
9 11 10 12 10 7 3 0
1 3 4 2 2 3 0 4
0 0 1 0 1 8 2 2
8 4 1 6 2 9 0 8
13 6 4 8 2 10 8 2
0 2 2 0 2 0 1 1
18 4 22 15 0 19 3 12
13 26 1 5 26 26 12 10
0 0 5 3 4 2 2 2
0 1 4 4 2 4 2 3
7 2 0 5 2 9 9 7
12 12 9 2 0 6 7 13
14 9 10 18 14 21 0 0
1 1 2 2 2 0 1 1
12 7 12 8 9 1 5 12
12 9 12 10 6 19 19 18
2 2 2 0 1 5 8 1
6 8 0 2 6 0 4 11
0 18 2 20 5 4 13 1
1 14 18 10 6 1 18 3
1 23 4 26 18 23 7 3
3 1 1 0 5 6 1 0
6 5 4 3 0 4 5 1
10 3 7 10 6 6 3 4
6 6 1 6 5 2 9 3
4 3 4 4 1 1 3 1
19 4 14 13 22 20 8 14
2 6 12 2 8 12 1 2
7 14 7 14 17 17 17 22
1 6 5 6 2 3 3 4
4 0 3 2 0 0 2 4
3 1 8 5 5 3 4 8
7 7 1 6 3 2 8 4
1 0 4 0 3 1 1 0
4 6 0 8 10 5 6 7
8 21 7 17 2 6 10 21
14 17 11 14 2 24 4 9
2 5 8 8 5 7 6 4
2 18 12 20 12 7 4 19
20 10 19 11 12 2 2 20
5 13 4 21 21 15 6 19
6 2 12 9 7 1 3 2
2 4 1 2 0 3 3 4
0 8 12 6 12 5 2 10
14 13 13 2 13 1 1 15
5 3 7 10 6 10 10 0
0 1 3 4 1 4 3 4
10 2 9 22 15 22 19 15
15 15 7 14 1 10 19 2
5 6 22 7 8 3 18 3
17 6 1 2 5 8 3 16
20 8 15 12 19 6 4 14
4 0 4 5 5 0 9 8
8 1 23 14 2 11 17 8
12 0 22 24 21 25 20 12
2 20 20 14 1 0 5 12
9 16 7 12 7 4 9 14
11 6 14 4 1 14 10 13
9 2 5 6 13 14 17 10
5 10 6 13 16 10 16 13
5 2 3 1 3 0 0 5
1 0 3 4 1 3 4 0
11 16 5 3 2 1 17 18
1 0 1 2 6 4 6 5
18 4 21 20 13 11 0 8
8 9 8 5 9 0 0 4
13 0 0 13 4 14 5 8
3 4 4 23 15 10 26 13
1 5 13 19 13 21 13 19
3 0 4 2 3 3 4 3
3 12 5 2 12 9 1 2
2 4 4 1 2 0 1 0
0 1 0 0 1 2 2 0
2 5 6 12 6 11 2 18
2 8 6 6 6 4 5 2
3 1 8 5 8 8 2 3
2 2 0 1 2 2 0 0
2 12 12 10 2 0 3 5
9 17 23 4 13 25 27 20
4 1 1 1 9 8 7 0
12 16 6 0 21 18 13 9
1 10 6 14 2 11 4 13
1 8 3 3 0 7 8 2
6 18 16 8 18 8 7 3
11 0 8 2 5 4 7 6
25 4 12 7 20 20 12 25
16 2 14 17 10 7 18 17
14 22 2 9 3 22 15 2
0 1 1 2 3 4 0 1
12 10 2 10 6 1 6 5
0 7 4 3 6 6 2 8
1 7 5 6 17 5 15 1
17 6 9 17 13 9 7 15
1 2 1 4 1 1 1 2
14 14 7 9 12 4 12 7
4 8 0 10 10 16 1 15
1 2 2 5 2 6 1 5
2 0 1 2 0 2 0 1
9 14 4 14 10 13 10 13
0 8 7 0 8 4 2 6
11 0 0 8 10 10 5 4
17 14 15 7 5 11 2 11
4 2 1 1 2 1 2 1
10 2 8 24 7 13 21 16
24 3 21 23 6 3 9 4
1 3 0 4 3 0 2 0
7 9 8 7 6 16 0 17
7 13 16 3 7 7 3 12
1 1 2 0 1 1 1 2
18 13 4 19 6 19 19 4
5 4 0 1 8 1 8 8
3 3 1 2 0 3 0 2
7 3 12 6 5 12 14 14
16 15 11 21 15 25 22 4
12 17 3 3 1 12 13 10
5 2 16 14 13 15 10 15
0 4 5 5 3 4 19 21
16 2 3 24 9 15 18 3
2 2 2 0 1 0 0 2
0 9 9 0 11 14 2 10
12 5 1 11 7 2 5 11
19 6 22 2 12 9 15 10
7 3 8 3 0 8 1 9
1 1 1 0 2 2 2 1
4 0 7 4 7 2 1 5
12 10 13 7 23 21 7 21
0 3 0 3 0 3 1 1
5 4 2 0 7 7 9 10
15 6 2 13 1 11 14 7
7 5 0 2 1 0 9 11
2 0 0 1 1 1 1 1
23 25 13 18 25 2 11 6
10 13 5 5 18 3 9 9
17 10 19 0 19 9 5 12
6 7 4 8 10 4 12 7
12 1 5 4 12 8 2 0
18 20 9 5 2 4 18 10
2 1 1 10 9 3 2 10
8 20 15 3 10 1 8 9
13 6 10 7 8 6 5 13
5 6 10 9 3 8 4 8
20 5 1 12 9 18 2 16
2 5 2 9 10 1 3 3
16 8 3 9 15 0 5 3
17 5 8 16 17 5 7 4
10 0 9 2 9 4 2 10
3 5 2 5 2 1 0 1
0 12 13 6 17 0 19 18
1 2 0 2 0 0 2 0
6 21 5 2 22 26 11 4
14 11 6 6 11 14 5 18
2 0 0 0 3 10 3 1
6 4 2 1 1 6 6 5
9 2 13 0 7 3 1 8
5 5 0 1 1 1 12 7
1 0 1 1 2 0 2 0
6 10 1 1 8 6 5 8
23 3 11 8 23 21 0 17
7 4 2 7 8 0 6 2
8 13 14 12 2 6 10 0
2 2 0 3 0 2 4 4
7 20 16 13 1 22 1 22
21 0 13 22 5 4 1 9
0 2 1 0 1 2 1 2
6 14 9 10 5 17 13 18
15 12 10 14 17 19 18 20
4 6 4 4 2 5 3 2
4 4 19 0 6 9 12 4
14 14 20 7 1 8 8 2
0 2 0 1 1 2 1 0
4 2 6 6 3 5 2 0
18 19 16 17 15 19 4 6
2 2 2 1 2 1 1 0
7 15 5 2 6 12 11 9
15 18 15 1 10 0 2 21
1 1 8 1 4 0 7 3
1 14 4 6 18 7 16 17
6 10 10 0 4 14 3 12
20 1 20 27 12 15 12 18
4 0 2 3 1 2 4 2
0 5 2 2 4 4 0 2
6 2 5 16 0 1 4 14
0 5 1 5 4 5 3 6
5 7 8 6 8 7 6 7
15 22 3 14 0 19 1 20
14 3 8 7 4 10 12 4
19 17 21 21 22 6 24 14
4 2 1 2 1 3 2 3
0 8 2 0 5 4 8 6
0 5 8 12 11 2 9 8
1 4 4 3 1 3 1 1
6 16 1 8 4 1 1 19
22 1 13 22 18 0 18 18
7 7 8 9 2 5 8 0
9 8 6 2 18 18 16 6
8 7 3 0 4 8 5 6
19 5 18 19 20 12 4 4
6 7 7 4 11 11 8 8
12 1 20 9 11 11 9 17
5 6 6 4 1 4 3 5
8 3 8 4 4 10 4 5
0 1 2 1 2 1 2 1
0 2 1 1 0 4 0 3
2 10 1 6 4 1 9 7
10 8 0 5 4 3 7 0
3 5 1 3 1 4 5 5
5 1 4 5 5 0 1 0
3 14 4 17 20 16 12 0
6 6 0 0 7 8 0 0
2 8 8 3 1 0 9 6
12 2 17 10 4 16 11 14
1 16 3 14 16 0 12 1
0 2 3 1 4 0 0 4
12 1 23 27 12 10 10 21
9 26 15 7 14 23 26 18
15 21 15 15 5 12 4 7
7 5 8 1 3 2 5 0
0 1 6 7 8 2 1 3
22 21 5 25 11 15 10 23
0 0 3 3 2 7 6 7
1 0 8 12 12 9 14 16
7 18 11 6 20 20 2 10
1 1 1 1 2 0 0 0
0 21 5 23 18 13 3 13
16 11 16 2 6 13 11 0
6 18 1 0 2 19 11 3
1 11 20 23 13 8 17 4
6 16 7 2 11 6 16 3
24 7 16 19 18 12 21 12
10 4 3 5 1 7 10 9
6 1 8 3 6 5 1 7
15 12 15 0 0 13 1 15
6 8 13 3 15 12 0 16
8 15 1 21 4 14 26 3
6 0 1 4 1 2 3 4
13 4 5 16 0 3 3 5
21 10 15 4 23 16 1 26
21 15 5 13 1 5 5 17
2 14 11 4 8 11 8 11
9 7 6 11 1 3 3 6
4 14 14 6 11 4 6 10
1 1 2 5 8 9 6 7
2 11 2 18 11 19 2 0
15 12 16 16 20 3 13 18
13 16 11 9 4 18 16 7
8 9 4 0 5 9 2 0
2 8 16 4 4 4 7 8
0 0 3 4 0 8 1 2
1 0 1 1 2 2 2 0
1 2 1 0 0 0 2 0
2 13 9 10 8 2 0 3
6 15 15 11 16 10 7 14
0 14 9 9 13 9 6 11
6 23 10 21 16 23 23 20
21 21 20 2 18 22 13 9
1 2 1 4 5 3 5 4
3 10 17 21 11 14 12 11
2 16 16 13 3 8 1 5
9 3 1 1 7 10 2 0
2 5 4 6 4 4 4 4
11 9 10 6 11 5 15 19
2 0 13 8 7 8 1 9
1 1 1 0 0 0 1 2
4 8 11 7 8 12 3 2
2 2 2 0 1 1 2 0
3 10 6 4 1 3 1 3
14 5 15 2 2 8 14 6
3 0 6 3 3 5 0 5
3 1 4 3 3 5 1 8
3 5 12 22 19 20 7 15
20 15 0 1 18 3 22 17
2 7 3 7 5 14 4 1
6 4 8 5 10 7 23 5
15 11 5 20 19 1 17 18
2 13 15 11 17 16 15 16
23 8 10 26 22 11 14 3
1 1 2 2 0 4 3 0
4 2 0 2 1 4 2 0
5 3 5 4 1 6 2 5
4 6 9 6 2 25 8 10
3 2 2 0 0 2 4 1
5 2 4 5 2 1 7 1
7 4 12 1 8 2 2 13
3 7 11 13 10 8 3 4
17 27 5 13 4 23 10 2
11 8 9 6 4 9 4 2
1 20 14 24 11 3 20 0
0 5 6 15 11 12 6 6
12 3 1 9 5 5 11 10
20 20 14 6 2 4 4 4
19 13 12 24 5 8 19 14
2 7 4 4 12 1 1 10
8 6 6 6 0 10 16 21
0 1 2 1 0 1 2 1
17 5 11 2 8 15 25 15
15 0 15 8 6 20 16 15
7 6 9 0 15 2 15 2
7 12 19 13 20 11 10 9
5 4 3 3 0 4 3 3
28 26 17 15 4 10 0 27
18 9 20 14 1 12 1 9
4 8 2 6 4 0 7 10
3 0 5 3 4 4 5 0
1 1 0 1 1 0 1 1
2 4 2 0 3 6 2 2
0 2 3 3 7 4 8 7
8 1 5 2 4 0 9 6
10 9 3 4 16 4 14 14
3 8 8 2 9 4 9 4
0 24 7 5 15 2 22 3
2 2 2 0 1 1 1 1
6 13 5 14 16 3 0 5
0 20 12 10 8 0 15 19
9 9 10 3 10 1 9 13
9 9 10 11 10 3 6 5
26 14 9 15 3 14 28 12
6 0 2 18 9 9 5 2
9 9 8 2 6 24 16 14
7 1 3 3 0 7 2 7
4 8 12 2 8 9 1 5
0 3 0 4 4 0 0 3
18 6 12 11 3 5 17 20
2 7 7 0 2 3 7 0
1 2 0 2 2 1 0 1
13 3 15 19 13 20 4 25
8 7 0 17 9 12 21 15
2 0 3 23 21 16 2 16
1 18 8 4 11 10 22 5
6 12 14 0 6 7 14 7
4 0 10 16 7 15 20 2
0 1 1 8 2 2 6 2
10 0 11 2 23 7 15 16
12 19 24 3 21 4 21 3
13 1 23 8 16 1 15 0
17 2 1 12 7 7 16 18
0 0 1 1 2 1 1 1
6 6 7 4 10 0 10 5
13 9 10 12 4 16 5 7
10 1 9 5 9 4 6 0
8 3 11 3 9 9 5 3
4 23 17 1 12 11 5 25
2 9 7 11 2 12 18 22
17 7 18 13 24 16 11 5
9 4 7 9 7 9 4 16
8 13 7 12 4 12 14 10
0 1 3 0 0 1 3 2
2 1 0 0 1 1 4 3
11 11 17 13 13 10 18 9
0 3 4 3 10 13 6 4
11 11 11 1 4 6 4 14
5 8 0 4 3 2 11 8
7 4 3 0 7 8 11 13
15 15 6 24 15 4 3 6
11 12 6 6 4 15 16 7
26 28 1 21 9 6 12 19
6 11 1 10 2 1 12 0
11 13 1 5 1 15 10 13
2 2 4 4 8 6 7 8
18 9 13 5 2 8 8 3
5 1 7 12 4 14 7 1
18 4 20 5 25 19 9 21
16 10 17 16 17 14 11 10
1 5 5 1 1 1 14 9
0 12 2 6 10 9 3 6
3 2 0 0 3 0 2 2
19 17 15 20 2 10 11 2
0 6 1 1 2 5 1 0
3 1 8 5 8 1 1 4
0 4 4 0 3 2 0 0
19 20 26 20 20 5 13 26
16 2 9 1 2 15 13 6
0 12 6 6 1 1 8 16
5 10 6 10 7 5 1 1
0 2 0 0 2 3 2 1
15 4 15 12 7 10 9 9
1 6 3 2 6 3 4 0
11 2 3 9 12 13 13 12
9 8 3 9 9 7 15 5
22 22 8 21 12 10 25 22
1 4 19 17 11 9 24 5
0 12 4 5 6 11 7 6
6 8 1 5 1 9 7 1
5 8 16 3 4 14 12 3
2 0 0 1 2 2 1 2
17 9 5 19 24 4 13 14
1 5 2 7 2 6 0 2
1 12 10 11 10 12 5 6
1 1 0 2 2 0 0 0
7 10 18 11 17 5 3 14
18 10 6 1 10 5 7 26
2 0 0 4 2 1 0 1
14 21 9 6 13 3 4 21
12 6 24 11 27 18 7 17
1 2 2 2 0 4 2 0
0 1 0 0 1 1 2 1
20 19 20 4 17 18 19 10
1 24 12 14 17 16 12 15
5 14 5 13 9 11 10 14
2 3 1 0 0 3 3 1
20 25 2 28 6 1 27 21
18 12 22 3 0 22 10 2
9 25 28 23 23 3 2 25
0 12 5 6 1 5 9 7
2 5 3 2 1 3 5 6
1 1 1 0 4 1 0 4
6 7 12 1 8 4 8 6
0 4 5 0 1 3 5 6
3 8 8 1 4 5 5 8
20 9 12 1 7 10 14 8
15 22 12 14 8 18 13 17
4 1 4 2 4 4 3 2
20 9 19 19 21 10 18 3
3 3 0 4 4 4 2 4
14 4 1 4 6 13 7 2
20 1 8 11 1 17 9 13
11 12 18 22 13 4 6 20
5 9 0 2 7 1 10 0
4 9 1 0 5 2 16 1
15 3 11 22 6 7 14 18
20 10 2 13 1 11 16 28
16 16 13 14 5 6 2 19
11 0 8 22 7 10 16 10
6 4 2 3 2 4 1 3
6 5 1 14 6 9 12 0
3 5 0 14 12 4 15 19
4 7 6 9 0 9 4 10
2 3 3 0 2 2 1 3
0 2 1 2 0 0 2 1
9 18 14 7 0 6 0 2
15 5 6 16 6 11 7 4
2 1 2 0 0 2 3 0
0 4 6 6 1 5 3 3
7 8 1 8 8 19 22 8
20 1 15 9 5 8 10 25
2 10 8 11 14 19 8 17
0 0 0 3 4 0 2 2
2 3 3 3 1 4 1 1
12 3 8 9 14 2 10 0
13 0 2 14 5 2 7 10
3 2 20 2 23 4 8 5
1 1 2 1 0 1 1 1
11 5 12 0 12 9 11 13
12 9 1 3 6 5 0 6
0 0 0 1 2 0 2 0
19 24 1 8 13 20 18 6
4 0 6 2 2 4 7 8
3 5 5 3 4 15 0 10
0 8 4 6 6 6 2 4
15 7 6 14 12 13 7 9
2 9 24 12 0 21 17 11
11 12 2 2 1 5 0 2
14 12 23 10 0 9 20 10
11 7 18 8 15 16 9 13
9 1 4 6 4 9 0 2
7 4 3 4 2 1 4 3
2 0 1 1 1 2 2 1
2 6 4 3 5 3 8 12
9 19 21 11 0 19 13 23
2 12 0 11 1 9 6 0
4 6 5 3 0 8 0 6
13 8 8 12 20 0 21 3
0 0 4 0 2 4 1 3
12 3 1 9 0 1 12 0
1 9 11 17 11 3 6 12
9 1 9 5 0 5 10 10
19 16 15 11 10 1 20 15
3 3 3 2 2 0 1 3
10 10 4 9 22 11 24 16
8 7 3 8 8 5 8 6
5 6 0 2 6 1 1 7
5 2 2 8 7 5 5 12
17 17 0 6 14 0 14 19
1 6 15 16 0 1 1 2
14 17 20 15 1 0 9 11
14 16 16 17 11 20 12 13
2 2 0 6 4 4 3 6
4 10 10 9 1 0 9 5
15 7 7 11 7 7 0 10
12 1 1 9 3 20 0 21
18 15 5 7 18 13 2 1
6 3 2 2 7 9 3 5
6 16 5 10 5 8 5 2
9 5 10 8 0 2 12 3
7 17 10 4 17 1 20 14
2 1 18 16 13 15 11 5
14 17 26 11 17 17 26 21
2 0 2 1 1 1 0 1
0 3 16 1 0 8 3 13
19 1 9 17 12 1 8 11
1 3 3 3 0 2 4 6
13 15 9 22 22 6 3 1
3 3 2 2 3 4 2 1
12 6 6 9 2 6 16 16
6 2 7 2 1 2 10 1
0 2 9 22 28 28 11 17
4 0 2 3 3 2 2 2
12 16 18 11 16 18 7 0
13 9 24 20 24 4 9 11
6 7 16 28 24 2 10 23
11 7 14 6 3 8 5 16
1 0 5 0 8 3 1 2
14 1 1 11 7 9 14 2
4 4 17 10 12 8 0 9
3 4 2 3 0 4 3 0
6 7 10 3 11 9 6 4
1 0 9 3 3 4 11 11
18 9 4 21 7 1 8 19
2 1 0 2 2 0 2 0
4 10 10 7 5 2 3 9
0 2 0 0 0 2 2 2
8 4 4 8 8 4 5 4
1 4 0 4 1 3 3 1
2 4 2 0 2 1 1 3
0 1 2 3 4 7 12 7
9 6 1 4 8 7 6 6
1 2 4 0 2 2 2 4
1 0 2 0 0 0 1 1
1 6 8 0 2 2 8 3
1 4 2 1 1 3 1 0
2 13 14 1 6 8 3 2
6 2 2 10 1 7 3 0
12 12 7 1 0 5 4 10
2 0 0 4 4 1 1 3
7 0 8 1 6 10 4 6
20 3 21 23 14 18 8 6
2 15 11 14 16 9 7 6
14 5 19 2 17 16 0 5
11 20 23 12 21 19 18 17
17 12 6 3 15 0 4 14
2 5 4 12 12 2 7 6
8 8 5 5 4 7 3 1
15 8 12 6 6 2 4 8
1 0 3 1 5 5 0 0
1 0 0 1 2 0 0 1
11 4 4 12 9 13 11 12
16 10 2 13 13 11 8 13
4 2 13 10 11 13 11 4
1 2 0 8 4 5 6 0
2 1 0 0 1 2 2 2
4 8 24 10 6 4 26 15
14 6 15 15 13 17 0 1
9 7 9 1 3 0 10 10
10 10 24 0 3 17 16 4
14 2 12 9 10 5 12 3
10 16 3 14 17 8 4 1
5 10 3 7 11 6 4 2
13 14 11 7 12 5 0 3
16 0 20 18 18 8 19 21
2 1 2 2 4 1 2 2
1 1 1 1 0 1 2 2
0 0 0 2 1 2 1 0
5 18 14 16 21 5 7 2
10 5 12 9 7 12 5 8
10 15 15 10 17 16 10 20
5 0 7 7 1 10 1 10
14 7 1 16 10 7 10 13
6 13 6 12 13 16 11 4
9 17 3 15 2 2 3 2
11 23 25 22 3 17 1 2
1 1 2 2 2 12 1 0
11 15 7 10 13 4 9 4
3 2 2 3 3 0 7 6
7 2 1 10 7 11 8 11
9 9 8 9 10 7 8 12
10 8 12 8 3 5 9 0
17 2 8 4 6 1 17 18
8 4 12 12 3 2 2 5
15 2 12 12 17 7 7 3
4 10 5 9 10 1 4 2
0 0 0 1 2 0 0 0
7 26 25 7 9 26 2 9
9 8 16 13 12 8 0 0
0 0 0 0 1 1 0 1
8 16 5 12 18 17 10 13
0 0 3 0 1 4 3 4
3 6 2 8 2 5 3 2
9 22 19 18 23 24 12 23
7 1 6 0 3 8 1 9
0 8 6 8 7 0 5 0
7 0 11 2 1 6 9 5
10 11 24 10 2 23 6 14
13 15 6 10 18 9 26 6
16 22 2 4 11 24 23 13
7 5 7 5 5 5 12 0
14 0 8 8 6 8 16 4
5 6 5 8 7 10 6 2
16 21 10 18 26 26 3 7
14 2 10 14 15 10 5 14
1 6 16 5 4 8 13 8
8 9 2 2 6 6 2 7
4 3 1 4 4 4 3 2
1 3 1 3 4 4 2 4
1 3 9 3 12 4 6 11
14 3 13 11 13 1 12 5
2 7 5 3 1 4 5 1
1 8 3 4 3 8 7 7
