1 2 1
1 3 1
1 4 1
1 5 1
1 6 1
2 7 1
2 8 1
3 9 1
3 10 1
3 11 1
4 12 1
4 13 1
4 14 1
5 15 1
6 16 1
6 17 1
6 18 1
7 19 1
8 20 1
9 21 1
10 22 1
11 23 1
12 24 1
13 25 1
14 26 1
15 27 1
16 28 1
17 29 1
18 30 1
19 31 1
20 32 1
20 33 1
21 34 1
22 35 1
23 36 1
24 37 1
25 38 1
26 39 1
27 40 1
28 41 1
29 42 1
29 43 1
30 44 1
31 45 1
32 46 1
33 47 1
34 48 1
35 49 1
36 50 1
37 51 1
38 52 1
39 53 1
40 54 1
41 55 1
42 56 1
43 57 1
44 58 1
45 59 1
46 59 1
47 60 1
48 61 1
49 62 1
50 63 1
51 64 1
52 65 1
53 66 1
54 67 1
55 68 1
56 69 1
57 69 1
58 70 1
59 71 1
60 72 1
60 73 1
61 74 1
62 75 1
63 76 1
64 77 1
64 78 1
65 79 1
66 80 1
67 81 1
67 82 1
68 83 1
69 84 1
69 85 1
70 86 1
71 87 1
72 88 1
73 88 1
74 89 1
75 90 1
76 91 1
77 91 1
78 92 1
79 93 1
80 94 1
81 94 1
82 95 1
83 95 1
84 96 1
85 96 1
86 97 1
87 98 1
88 99 1
89 100 1
90 101 1
91 102 1
92 103 1
93 104 1
93 105 1
94 106 1
95 107 1
95 108 1
96 109 1
96 110 1
96 111 1
96 112 1
97 113 1
98 114 1
99 115 1
100 116 1
101 117 1
102 118 1
103 119 1
104 120 1
105 121 1
106 122 1
107 123 1
108 124 1
109 124 1
110 125 1
111 126 1
112 127 1
113 128 1
114 129 1
115 130 1
116 130 1
117 131 1
118 132 1
119 133 1
120 134 1
121 135 1
122 135 1
123 135 1
124 136 1
125 137 1
126 138 1
127 139 1
128 140 1
129 141 1
130 142 1
130 143 1
131 144 1
132 145 1
132 146 1
132 147 1
133 148 1
134 149 1
135 150 1
135 151 1
136 152 1
137 153 1
138 154 1
139 155 1
140 156 1
141 157 1
142 158 1
143 159 1
144 160 1
145 161 1
146 162 1
147 163 1
148 164 1
149 165 1
150 166 1
151 167 1
152 168 1
153 169 1
154 170 1
155 171 1
156 172 1
157 173 1
158 174 1
159 174 1
160 175 1
161 176 1
162 176 1
163 177 1
164 178 1
165 178 1
166 179 1
167 180 1
168 181 1
169 181 1
170 182 1
171 183 1
172 184 1
173 185 1
174 186 1
175 186 1
176 187 1
177 188 1
178 189 1
179 190 1
180 191 1
181 192 1
182 193 1
183 194 1
184 195 1
185 196 1
186 197 1
187 198 1
187 199 1
188 200 1
188 201 1
189 202 1
190 203 1
191 204 1
191 205 1
192 206 1
193 207 1
194 208 1
195 209 1
196 210 1
197 211 1
198 212 1
199 213 1
200 214 1
201 215 1
202 216 1
203 217 1
204 218 1
205 219 1
206 220 1
207 220 1
208 221 1
209 222 1
210 223 1
211 223 1
212 224 1
213 225 1
214 226 1
215 226 1
216 227 1
217 227 1
218 228 1
219 229 1
220 230 1
221 231 1
222 232 1
223 233 1
224 234 1
225 235 1
226 236 1
227 237 1
227 238 1
228 239 1
229 240 1
230 241 1
230 242 1
231 243 1
232 244 1
233 245 1
234 246 1
235 247 1
236 248 1
237 249 1
238 250 1
239 251 1
240 252 1
241 253 1
242 253 1
243 254 1
244 254 1
245 255 1
245 256 1
246 257 1
247 258 1
247 259 1
248 260 1
248 261 1
249 262 1
250 263 1
251 264 1
251 265 1
252 266 1
253 267 1
253 268 1
254 269 1
255 270 1
256 271 1
257 272 1
258 273 1
259 274 1
260 275 1
261 276 1
262 277 1
263 278 1
264 279 1
265 280 1
266 281 1
267 281 1
268 281 1
269 282 1
270 283 1
271 284 1
272 285 1
273 286 1
274 287 1
275 288 1
276 289 1
277 290 1
278 291 1
279 292 1
280 293 1
281 294 1
282 295 1
283 296 1
284 297 1
285 298 1
285 299 1
286 300 1
287 301 1
288 302 1
289 303 1
289 304 1
290 305 1
291 306 1
292 307 1
292 308 1
293 309 1
294 310 1
295 311 1
296 312 1
297 313 1
298 314 1
299 315 1
300 315 1
301 316 1
302 316 1
303 316 1
304 317 1
305 318 1
306 319 1
307 320 1
308 321 1
309 322 1
310 322 1
311 322 1
312 323 1
313 324 1
314 325 1
315 326 1
316 327 1
317 328 1
318 329 1
319 330 1
320 331 1
321 332 1
321 333 1
322 334 1
323 335 1
324 336 1
325 337 1
326 338 1
327 339 1
328 339 1
329 340 1
330 341 1
331 341 1
332 342 1
333 343 1
334 344 1
335 345 1
336 346 1
337 347 1
338 348 1
339 349 1
339 350 1
340 351 1
341 352 1
342 353 1
343 354 1
344 355 1
345 356 1
346 357 1
347 358 1
348 359 1
349 360 1
350 361 1
351 362 1
352 363 1
353 364 1
354 365 1
355 366 1
356 367 1
356 368 1
357 369 1
358 370 1
358 371 1
359 372 1
359 373 1
360 374 1
360 375 1
361 376 1
362 377 1
363 378 1
364 379 1
365 380 1
366 381 1
367 382 1
368 382 1
369 383 1
370 384 1
371 385 1
372 386 1
373 387 1
374 388 1
375 389 1
376 389 1
377 390 1
378 391 1
379 392 1
380 393 1
381 394 1
382 395 1
383 396 1
384 397 1
385 398 1
386 399 1
387 400 1
388 401 1
389 402 1
390 403 1
391 404 1
392 405 1
393 406 1
394 407 1
395 408 1
396 409 1
397 410 1
398 411 1
399 412 1
399 413 1
400 414 1
401 415 1
402 416 1
403 417 1
403 418 1
404 419 1
405 420 1
406 421 1
406 422 1
407 423 1
408 424 1
409 425 1
410 426 1
411 427 1
412 428 1
413 429 1
414 430 1
415 431 1
416 432 1
417 433 1
418 434 1
419 435 1
420 436 1
421 437 1
422 438 1
423 439 1
424 440 1
425 440 1
426 441 1
427 442 1
428 443 1
429 444 1
430 445 1
431 446 1
432 447 1
433 448 1
434 448 1
435 449 1
436 449 1
437 450 1
438 450 1
439 451 1
440 452 1
440 453 1
441 454 1
442 455 1
443 456 1
443 457 1
444 458 1
444 459 1
445 460 1
446 461 1
447 462 1
448 463 1
449 464 1
450 465 1
450 466 1
451 467 1
452 468 1
453 469 1
454 470 1
455 471 1
456 472 1
457 473 1
458 474 1
459 475 1
460 476 1
461 477 1
462 478 1
463 479 1
464 480 1
465 481 1
466 482 1
467 483 1
468 484 1
469 485 1
470 486 1
471 487 1
472 487 1
473 487 1
474 488 1
475 489 1
476 490 1
477 491 1
478 492 1
479 493 1
480 494 1
481 494 1
482 495 1
483 495 1
484 496 1
485 497 1
486 498 1
486 499 1
487 500 1
488 501 1
489 502 1
490 503 1
491 504 1
492 505 1
493 506 1
494 507 1
494 508 1
495 509 1
496 510 1
497 511 1
498 511 1
499 512 1
500 513 1
501 513 1
502 514 1
503 514 1
504 515 1
505 516 1
506 516 1
507 517 1
508 518 1
509 519 1
510 520 1
511 521 1
512 522 1
513 523 1
513 524 1
513 525 1
514 526 1
515 527 1
516 528 1
517 529 1
517 530 1
518 531 1
519 532 1
520 533 1
521 534 1
522 535 1
523 536 1
524 537 1
524 538 1
525 539 1
526 540 1
527 541 1
528 542 1
529 543 1
530 544 1
530 545 1
531 546 1
531 547 1
532 548 1
533 549 1
534 550 1
535 551 1
536 551 1
537 552 1
538 553 1
539 554 1
540 555 1
541 555 1
542 556 1
543 557 1
544 558 1
545 559 1
546 560 1
547 561 1
548 562 1
549 563 1
550 564 1
551 565 1
551 566 1
552 567 1
553 568 1
554 569 1
555 570 1
556 571 1
556 572 1
557 573 1
558 574 1
559 575 1
560 576 1
561 577 1
562 578 1
563 579 1
564 580 1
565 580 1
566 581 1
567 582 1
568 582 1
569 583 1
570 584 1
571 585 1
572 585 1
573 586 1
574 587 1
575 588 1
576 589 1
577 590 1
578 590 1
579 591 1
580 592 1
581 593 1
582 593 1
583 594 1
584 594 1
585 595 1
586 596 1
587 597 1
588 598 1
589 599 1
590 599 1
591 600 1
592 600 1
593 600 1
594 600 1
595 600 1
596 600 1
597 600 1
598 600 1
599 600 1
