1 2 65
1 3 21
1 4 78
1 5 65
2 6 51
2 7 20
2 8 63
3 9 58
3 10 53
3 11 30
3 12 69
3 13 68
4 14 19
4 15 75
5 16 50
5 17 70
5 18 21
5 19 75
5 20 12
6 21 11
7 22 46
8 23 42
9 24 7
10 25 17
11 26 43
12 27 71
13 28 25
14 29 39
14 30 29
15 31 50
16 32 17
17 33 56
18 34 27
19 35 31
19 36 11
20 37 23
21 38 2
22 39 9
23 40 21
24 41 15
25 42 72
26 43 10
27 44 47
28 45 67
29 46 10
30 47 54
31 48 8
32 49 4
33 50 34
34 51 7
35 52 37
36 53 48
37 54 31
38 55 72
39 56 65
40 57 50
41 58 35
42 59 72
43 60 51
44 61 47
45 62 56
46 63 57
47 64 39
48 65 23
49 66 64
50 67 54
51 67 69
52 68 77
53 69 18
54 70 42
55 71 45
56 72 64
57 73 51
58 74 25
59 75 69
60 76 41
61 77 46
62 78 4
63 79 62
64 80 18
65 81 22
66 82 19
67 83 28
68 83 12
69 84 5
70 85 2
71 86 61
72 87 62
73 88 48
74 89 31
75 90 33
76 91 71
77 92 7
78 93 60
79 94 28
80 95 28
81 96 66
82 97 2
83 98 31
84 99 29
85 100 27
86 101 31
87 102 51
88 103 46
89 104 64
90 105 36
91 106 73
92 107 20
93 108 42
94 109 6
95 110 8
96 111 19
97 112 42
98 113 25
99 114 63
100 115 27
101 116 58
102 117 20
103 118 18
104 119 29
105 120 18
105 121 75
106 122 9
107 123 29
108 124 59
108 125 37
109 126 48
110 127 14
111 128 38
112 129 31
113 130 13
114 131 45
115 132 52
116 133 22
117 134 28
118 135 50
119 136 69
120 137 28
121 138 74
122 139 40
123 140 50
124 141 58
125 142 56
126 143 5
127 144 9
128 145 7
129 146 46
130 147 20
131 148 18
132 149 55
133 150 61
134 151 73
135 152 42
136 153 25
137 154 54
138 155 56
139 156 62
140 157 59
141 158 59
142 159 69
143 160 26
144 161 58
145 162 63
146 163 16
147 164 73
148 165 33
149 166 32
150 167 65
151 168 79
152 169 63
153 170 18
154 171 54
155 172 4
156 173 45
157 174 34
158 175 77
159 176 52
160 177 41
161 178 29
162 179 28
163 180 33
164 181 76
165 182 42
166 183 3
167 184 29
168 185 74
169 186 60
170 187 78
171 188 48
172 189 71
173 190 47
174 191 18
175 191 70
176 192 38
177 192 42
178 193 29
179 194 22
180 195 76
181 196 56
182 197 43
183 198 43
184 199 59
185 200 54
186 201 25
186 202 61
187 203 21
188 204 16
189 205 5
190 206 58
191 207 10
192 208 57
193 209 77
194 210 29
195 211 63
196 212 61
197 213 26
197 214 34
198 215 19
199 216 42
200 217 47
201 217 39
202 218 48
203 219 77
204 220 33
205 221 21
206 222 40
207 223 10
208 224 5
209 225 7
210 226 13
211 227 75
212 227 38
213 228 14
214 229 61
215 230 4
216 231 17
217 232 48
218 233 36
218 234 22
219 235 48
220 236 17
221 237 68
222 238 71
223 239 50
224 240 7
225 241 79
225 242 28
226 243 3
227 244 35
228 245 34
229 246 2
230 247 31
231 248 46
232 249 5
233 250 67
234 251 59
235 252 55
236 253 49
237 254 14
238 255 67
239 256 61
240 257 68
241 258 6
242 259 56
243 260 74
244 261 37
245 262 48
246 263 62
247 264 30
248 265 17
249 266 2
250 267 73
251 268 62
252 268 41
253 269 67
254 270 2
255 270 44
256 271 33
257 272 48
258 273 39
259 274 47
260 275 70
261 276 66
262 277 78
263 278 50
264 279 25
265 280 74
266 281 25
267 282 45
268 283 14
269 284 15
270 285 52
271 286 27
272 287 45
273 288 49
274 289 31
275 290 63
276 291 22
277 292 23
278 293 3
279 294 46
280 295 22
281 296 54
282 297 48
283 298 76
284 299 41
285 300 77
286 301 66
287 302 56
288 303 24
289 304 78
289 305 77
290 306 35
290 307 37
291 308 48
292 309 49
293 310 15
294 311 53
295 312 69
296 313 75
297 314 50
298 315 15
299 316 32
300 317 59
301 318 68
302 319 55
303 320 13
304 321 60
305 322 3
306 323 32
307 324 25
308 325 28
309 326 29
310 327 16
311 327 19
312 328 13
313 329 18
314 330 67
315 330 60
316 331 3
317 332 39
318 333 53
319 334 61
320 335 2
321 336 64
322 337 52
323 338 33
324 339 31
325 340 34
326 341 22
327 342 47
328 343 68
329 344 18
330 345 61
331 346 55
332 347 37
333 348 48
333 349 64
334 350 39
335 351 31
336 352 44
337 353 60
338 354 1
338 355 37
339 356 6
340 357 16
341 358 62
342 359 22
343 360 70
344 361 48
345 362 42
346 363 24
347 364 9
348 365 20
349 366 20
350 367 65
351 368 73
352 369 9
353 370 14
354 371 66
355 372 29
356 373 39
357 374 50
358 375 58
359 376 36
360 377 10
361 378 65
362 379 17
363 380 40
364 380 63
365 381 37
366 381 33
367 382 38
368 383 5
369 384 11
370 385 32
371 386 58
372 387 5
373 388 16
374 389 70
375 390 52
376 391 38
377 392 12
378 393 7
379 394 24
380 395 25
381 396 31
382 397 72
383 398 19
384 399 35
385 400 16
386 401 26
387 402 62
388 403 11
389 404 27
390 405 49
391 406 42
392 407 53
393 408 14
394 409 37
395 410 51
396 411 12
397 412 12
398 413 53
399 414 51
400 415 70
400 416 9
401 417 16
402 418 42
403 419 51
403 420 32
404 421 49
405 422 15
406 423 32
407 424 33
408 425 32
409 426 64
410 427 63
411 428 72
412 429 38
413 430 3
414 431 8
415 432 36
416 432 38
417 433 17
418 434 60
419 435 68
420 435 77
421 436 71
422 437 62
423 438 78
424 439 51
424 440 52
425 441 60
426 442 70
427 443 2
428 444 78
429 445 10
430 446 23
430 447 3
431 448 70
432 449 60
433 450 6
434 451 4
435 452 36
436 453 72
437 454 35
438 455 2
439 456 6
440 457 47
441 458 18
442 459 69
443 460 64
444 461 7
445 462 3
446 463 38
447 464 53
448 465 62
449 466 12
450 467 58
451 467 70
452 468 32
453 469 78
454 470 38
455 470 47
456 471 59
457 472 65
458 473 13
459 474 18
460 475 6
461 476 34
461 477 60
462 478 56
463 479 53
464 480 63
465 481 71
466 482 44
467 483 72
468 484 78
468 485 28
469 486 57
470 487 33
471 488 7
472 489 8
473 490 54
474 491 63
475 492 35
476 493 55
477 494 51
478 494 76
479 495 45
480 496 54
481 497 48
482 497 22
483 498 17
484 499 49
485 500 24
486 501 41
487 502 35
488 503 52
489 504 63
490 505 30
491 506 76
492 507 71
493 508 21
494 509 13
495 510 37
496 511 69
497 512 44
498 513 62
499 514 20
500 515 25
501 516 33
502 517 28
503 518 57
504 519 62
505 520 14
506 521 17
507 522 55
508 523 77
509 524 47
510 525 24
511 526 23
512 527 36
513 528 28
514 529 7
515 530 59
516 531 34
517 532 74
518 533 37
519 534 30
520 535 64
521 536 74
522 537 25
523 538 3
523 539 34
524 540 36
525 541 6
526 542 10
527 543 40
528 544 70
529 545 73
530 546 31
531 547 52
532 548 3
532 549 45
533 550 70
534 550 33
535 551 32
536 552 23
537 553 68
538 554 16
539 555 2
540 556 6
541 557 32
542 558 14
543 559 65
544 560 26
545 561 55
546 562 13
547 562 68
548 563 75
549 564 40
550 565 56
551 566 51
552 567 4
553 568 15
554 569 2
555 570 6
556 571 2
557 572 39
558 573 6
559 574 37
560 575 14
561 576 77
562 577 50
563 578 59
564 579 53
565 580 38
566 581 74
567 582 25
568 583 50
569 584 47
570 585 42
571 586 40
572 587 21
573 588 53
574 589 1
575 590 3
576 591 63
577 592 76
578 593 25
579 594 36
580 595 77
580 596 48
581 597 67
582 598 56
583 599 46
584 600 16
585 601 33
586 602 71
587 603 53
587 604 23
588 605 4
589 606 12
590 607 53
591 608 6
592 609 48
593 610 77
594 611 68
595 612 49
596 613 22
597 614 27
598 615 39
599 616 59
600 617 6
601 618 72
602 619 74
603 620 62
604 621 53
605 622 52
606 623 7
607 623 74
608 624 9
609 625 16
610 626 9
611 627 44
612 628 30
613 629 63
614 630 41
615 631 70
615 632 5
616 633 49
617 634 30
618 635 34
619 636 4
620 637 45
621 638 64
622 639 33
623 640 4
624 641 57
625 642 46
626 643 39
627 644 5
628 645 10
629 646 40
630 647 77
631 648 5
632 649 24
633 650 21
634 651 17
635 652 23
636 653 66
637 654 10
638 655 37
639 656 76
640 657 25
641 658 17
642 659 10
643 660 9
644 661 12
645 662 45
646 663 63
647 664 31
648 665 64
649 666 59
650 667 61
651 668 41
652 669 14
653 670 5
654 671 30
655 672 32
656 673 15
657 674 38
658 675 4
659 676 12
660 677 18
661 678 76
662 679 44
663 680 69
664 681 33
665 682 49
666 683 39
667 684 56
668 685 28
669 686 39
670 687 40
671 688 23
672 689 79
673 690 78
674 691 42
675 692 47
676 693 40
677 694 57
678 695 59
679 696 70
680 697 28
681 698 45
682 699 39
683 700 67
684 700 58
685 701 25
686 702 36
687 702 41
688 703 13
689 704 1
690 705 40
691 706 11
692 707 13
693 708 33
694 709 61
695 710 5
696 711 73
697 712 1
698 713 67
699 714 2
700 715 55
701 716 67
702 717 12
703 718 28
703 719 14
704 720 19
704 721 10
705 722 48
706 723 48
707 724 1
708 725 65
709 726 36
710 727 56
711 728 6
712 729 50
713 730 67
714 731 38
715 732 38
716 733 32
717 734 36
718 735 56
719 736 29
720 737 17
721 738 53
722 739 50
723 740 8
724 741 59
725 742 30
726 743 6
727 744 46
728 745 49
729 746 67
730 747 19
731 748 63
732 749 35
733 749 18
734 750 79
735 751 3
736 752 6
737 753 7
738 754 49
739 755 15
740 756 75
741 756 75
742 757 28
743 758 26
744 759 46
745 760 20
746 761 70
747 762 5
748 763 20
749 764 58
750 765 9
751 766 52
752 767 61
753 768 43
754 769 55
755 770 37
756 771 20
757 772 78
758 773 50
759 774 53
760 775 30
761 776 48
762 777 19
763 778 7
764 779 6
765 780 46
766 781 51
767 782 64
768 783 79
769 784 63
770 785 22
771 785 76
772 786 23
773 787 4
774 788 79
775 789 22
776 790 30
777 791 29
778 792 55
779 793 39
780 794 66
781 795 44
782 796 44
783 797 52
784 798 74
785 799 27
786 800 7
786 801 70
787 802 72
787 803 23
788 804 44
789 805 66
790 806 28
791 807 72
792 808 31
793 809 9
794 810 62
795 811 32
796 812 65
797 813 53
798 814 55
799 815 21
800 816 65
801 817 15
802 818 3
803 819 11
804 820 73
805 821 63
806 822 25
807 823 36
808 824 10
809 825 41
809 826 72
810 827 56
811 828 38
812 829 76
813 830 54
814 831 72
815 832 60
816 833 77
817 834 62
818 835 73
819 836 8
820 837 66
821 838 5
822 839 5
823 840 5
824 841 22
825 842 36
826 843 54
827 844 73
828 845 11
829 846 5
830 847 51
831 848 78
832 849 19
833 850 59
834 851 1
835 852 77
836 853 31
837 854 68
838 855 13
839 856 7
840 857 65
841 858 11
842 859 10
843 860 6
844 861 12
845 862 31
846 863 30
847 864 61
848 865 64
849 866 69
850 867 17
851 868 45
852 869 48
853 870 66
854 870 2
855 871 32
856 872 31
857 872 21
858 873 1
859 874 38
860 875 29
861 876 20
862 877 20
863 878 26
864 879 11
865 880 45
866 880 3
867 881 39
868 882 48
869 883 56
870 884 42
871 885 9
872 886 46
873 887 60
873 888 60
874 889 52
875 890 23
876 891 34
877 892 14
878 893 9
879 894 15
880 895 55
881 896 6
882 897 49
883 898 34
884 899 71
885 900 27
886 900 58
887 900 23
888 900 10
889 900 11
890 900 46
891 900 67
892 900 6
893 900 60
894 900 50
895 900 5
896 900 8
897 900 7
898 900 42
899 900 42
