3 13 17 9
6 30 35 9
5 2 1 5
27 1 1 1
4 11 7 10
13 9 9 13
4 1 5 7
0 11 8 2
4 19 1 21
7 33 20 29
14 6 11 5
26 11 31 25
1 4 2 6
4 0 4 4
12 9 13 3
31 13 32 26
1 9 14 15
2 5 12 12
0 0 1 3
11 17 4 30
3 20 2 8
17 2 1 6
10 12 3 20
4 4 0 4
18 4 12 18
6 15 9 7
20 14 5 15
1 7 6 1
1 7 9 3
14 32 26 34
0 0 12 4
10 12 8 12
4 24 24 31
6 7 2 0
14 0 8 4
9 14 8 15
2 3 18 15
12 11 4 0
7 12 11 26
3 0 14 36
23 19 28 25
12 20 2 2
8 6 0 9
12 26 10 7
1 1 7 11
0 2 6 3
1 4 1 2
33 15 32 25
29 5 12 21
0 2 0 0
22 7 15 15
4 24 32 10
13 3 12 14
5 2 6 8
11 17 12 6
6 9 1 5
4 0 3 1
2 0 1 0
5 2 6 4
20 8 23 8
15 20 12 17
9 12 12 12
8 2 5 11
18 15 17 1
37 37 1 20
3 11 8 6
3 14 15 4
10 24 8 26
13 11 14 18
20 4 5 9
0 4 1 3
5 0 10 10
7 7 2 5
28 39 11 28
10 26 13 5
5 12 28 3
16 12 28 17
15 16 0 7
26 15 13 37
12 37 24 24
4 11 18 1
6 4 11 7
33 16 26 33
8 3 9 7
2 32 9 29
11 0 2 16
17 0 4 18
34 23 19 2
8 20 23 20
6 10 7 6
17 19 12 23
27 22 21 23
20 27 14 12
11 18 23 8
23 3 11 12
3 4 6 5
2 2 2 0
5 9 7 19
16 8 9 16
13 7 5 12
24 1 22 14
4 3 2 4
0 5 8 10
18 13 14 17
0 5 12 16
20 19 21 20
6 9 6 8
2 4 7 5
14 15 11 13
3 2 9 11
1 10 26 30
7 0 9 1
2 1 1 1
5 37 1 11
0 4 0 1
8 9 3 14
1 4 7 2
2 12 23 9
4 6 12 4
13 17 1 22
0 2 2 1
12 9 3 16
3 4 1 1
29 0 16 15
3 0 8 11
16 8 15 13
3 0 12 2
15 23 9 22
4 3 3 1
15 24 14 1
28 26 28 28
5 10 15 3
0 23 21 12
27 23 22 15
8 20 13 1
9 1 2 8
10 1 9 4
24 6 14 37
7 3 30 2
31 16 25 18
2 4 20 22
1 17 1 21
18 20 3 12
3 3 4 4
16 0 13 0
13 0 3 1
6 9 4 3
14 10 1 11
5 34 14 20
14 12 13 16
0 1 2 4
1 0 2 1
2 8 4 8
0 1 2 1
15 7 2 23
31 12 24 1
20 20 13 3
14 30 16 9
20 12 5 20
28 29 28 0
10 15 15 7
28 2 31 26
6 5 7 7
20 7 0 0
9 22 13 10
4 4 16 8
1 0 5 4
23 9 19 21
17 31 38 39
13 11 9 16
35 1 30 6
16 3 22 25
11 13 9 20
8 3 5 5
5 4 0 5
5 6 1 1
6 3 6 10
21 14 8 4
20 13 1 28
9 5 4 8
3 4 3 1
13 18 16 10
17 5 14 7
27 25 11 22
4 3 4 4
10 0 17 15
24 16 21 22
6 2 5 5
0 14 4 3
8 4 8 3
2 1 1 2
0 11 24 26
8 8 0 3
6 27 7 36
1 15 11 17
29 22 33 26
1 25 25 17
5 7 1 4
22 2 9 31
6 3 0 12
19 18 10 7
0 4 13 13
8 12 11 4
7 22 19 1
12 12 6 15
15 18 3 6
7 6 5 4
2 8 23 1
22 0 14 3
34 3 7 2
9 5 2 6
1 1 3 4
5 8 10 6
35 25 16 14
9 9 2 2
15 24 13 21
8 18 2 20
1 4 0 3
8 10 14 8
4 6 11 23
15 26 20 33
30 30 6 5
0 1 2 2
25 21 24 30
22 33 32 33
9 0 10 5
10 5 7 5
3 3 3 2
16 5 9 18
0 4 2 2
22 1 21 10
24 10 15 18
24 5 5 12
3 2 25 22
5 0 1 3
22 6 1 3
7 8 9 0
2 3 2 2
4 2 2 0
9 38 13 16
1 1 1 1
22 13 20 18
6 1 6 0
31 15 20 28
40 38 13 29
3 14 15 4
30 22 25 17
13 13 14 5
4 4 14 2
0 3 4 1
4 1 6 5
18 6 1 10
23 8 17 18
35 3 21 14
2 20 18 7
25 22 18 27
0 3 1 0
0 0 11 10
2 12 12 12
2 4 3 8
0 0 0 1
20 4 4 10
21 12 22 18
6 5 2 6
18 2 22 18
18 9 17 19
24 15 23 14
12 2 9 18
5 4 0 5
0 18 4 0
27 11 30 37
6 24 20 22
2 1 1 0
12 2 2 4
25 33 14 25
4 5 11 6
3 12 10 0
5 9 13 8
12 5 6 9
31 33 14 28
19 17 4 10
28 9 20 8
2 4 2 2
15 6 33 7
0 1 9 9
10 7 9 27
6 23 26 5
5 1 5 6
14 26 15 4
0 1 12 7
7 3 14 1
1 6 0 0
9 3 23 34
7 7 1 7
14 4 12 16
12 2 7 10
5 11 14 11
1 16 15 7
8 16 18 13
20 16 22 22
2 8 10 12
14 3 39 34
25 7 12 18
13 22 7 10
9 3 2 15
0 1 2 1
29 36 15 19
0 23 10 3
6 8 3 2
32 11 29 21
0 4 7 0
2 1 2 0
9 18 9 3
9 5 2 1
11 22 20 19
1 1 1 1
15 2 5 4
3 1 3 6
4 3 22 8
0 12 1 9
23 19 34 25
11 2 4 0
3 3 6 3
0 1 0 1
3 14 31 0
31 40 13 11
5 1 3 10
31 36 1 26
29 26 24 9
20 3 25 6
7 10 10 2
3 2 9 4
21 26 32 28
0 1 2 2
18 15 7 26
5 14 13 10
16 10 13 13
16 9 9 11
1 15 19 5
24 22 5 13
4 1 1 8
1 0 1 2
7 12 2 6
16 9 25 7
12 19 23 32
27 23 6 31
9 3 11 20
19 5 8 3
6 6 0 3
18 15 2 15
31 2 9 0
6 11 14 2
19 12 33 10
19 9 19 4
8 23 33 19
27 7 4 28
13 26 31 3
12 2 10 10
0 17 21 22
7 17 14 15
8 15 12 14
8 4 12 6
4 26 11 0
2 2 11 15
10 26 5 22
4 2 3 3
2 16 13 10
25 28 13 30
2 12 8 14
8 5 2 1
23 19 5 10
7 16 18 8
16 12 3 31
16 13 9 18
0 1 1 2
2 2 1 1
20 5 14 8
2 0 5 4
11 0 8 2
6 7 1 5
3 1 0 4
11 2 0 20
0 1 2 2
31 25 11 10
10 7 6 3
7 12 17 24
7 21 9 18
7 2 19 0
16 16 0 6
12 3 10 4
12 14 9 2
6 27 18 1
3 0 4 5
11 17 15 13
2 6 21 29
7 24 11 32
27 18 9 8
1 6 12 29
0 1 2 2
6 0 6 4
