1 2 42
1 3 61
1 4 32
1 5 4
1 6 67
2 7 38
2 8 44
2 9 45
3 10 53
3 11 43
3 12 39
4 13 61
4 14 31
4 15 42
4 16 43
5 17 61
5 18 12
5 19 50
6 20 37
6 21 13
6 22 40
6 23 25
6 24 41
7 25 15
8 26 43
9 27 10
10 28 69
11 29 15
12 30 22
13 31 67
14 32 1
15 33 67
16 34 28
17 35 67
18 35 55
19 36 30
20 37 66
21 38 42
22 39 45
23 40 23
24 41 37
25 42 7
26 43 3
27 44 33
28 45 56
29 46 2
30 47 62
31 48 32
32 49 67
33 50 60
34 51 39
35 52 2
36 53 5
37 54 53
38 55 15
39 56 22
40 57 22
41 58 30
42 59 20
43 60 8
44 61 15
45 62 3
46 63 20
47 64 19
48 65 61
49 66 64
50 67 49
51 68 38
52 69 2
53 70 28
54 71 26
55 72 40
56 73 39
57 74 20
58 75 24
59 76 12
60 77 40
61 78 3
62 79 38
63 80 53
64 81 66
65 82 27
66 83 58
67 84 51
68 85 61
69 86 7
70 87 53
71 88 65
72 89 42
73 90 66
74 91 67
75 92 15
76 93 44
76 94 25
76 95 8
77 96 37
78 97 7
79 98 28
80 99 68
81 100 12
82 101 36
83 102 17
84 103 13
85 104 15
86 105 15
87 106 41
88 107 14
89 108 12
90 109 45
91 110 51
92 111 62
93 112 49
94 113 40
95 114 62
96 115 25
97 116 21
98 117 48
99 118 17
100 119 18
101 120 51
102 121 40
103 122 52
104 123 19
105 124 60
106 125 68
107 126 59
108 127 48
109 128 54
110 129 30
111 130 32
112 131 33
113 132 11
114 133 52
115 134 62
116 134 56
117 135 48
118 136 40
119 137 39
120 138 39
121 139 54
122 140 1
123 141 18
124 142 62
125 143 58
126 144 28
127 145 58
128 146 11
129 147 7
130 148 36
131 149 67
132 150 3
133 151 51
134 152 62
135 153 3
136 154 50
137 155 43
138 156 9
139 157 39
140 158 28
141 159 19
142 160 6
143 161 18
144 162 2
145 163 28
146 164 55
147 165 67
147 166 68
148 167 6
149 168 32
150 169 30
151 170 51
152 171 29
153 172 16
154 173 3
155 174 39
156 175 35
157 176 32
158 177 52
159 178 20
160 179 11
161 180 37
162 181 16
163 182 30
164 183 2
165 184 18
166 185 65
167 186 51
168 187 23
169 188 46
170 189 43
171 190 61
172 191 12
173 192 57
174 193 22
175 194 12
176 195 17
177 196 30
178 197 31
179 198 44
180 199 34
181 200 41
182 200 40
183 201 40
184 202 40
185 203 24
186 203 53
187 204 57
188 205 51
189 206 59
190 207 11
190 208 27
191 209 35
192 210 55
193 211 9
194 212 67
195 213 21
195 214 46
196 215 57
197 216 2
198 217 64
199 218 55
200 219 57
201 220 60
202 221 40
203 222 7
204 223 68
205 224 28
206 225 6
207 226 50
208 227 31
209 228 69
210 229 11
211 230 59
212 231 48
213 232 7
214 233 56
215 234 45
216 235 28
217 236 19
218 237 61
219 238 2
220 239 47
221 240 10
222 241 32
223 242 13
224 243 68
225 244 30
226 245 12
227 245 33
228 246 46
229 247 26
230 248 16
231 249 20
232 250 24
233 251 48
234 252 10
235 253 41
236 254 63
237 255 55
238 256 17
239 257 38
240 258 3
241 259 43
242 260 2
243 261 3
243 262 55
244 263 20
245 264 44
246 265 51
247 266 67
248 267 66
249 268 9
250 269 43
251 270 68
252 271 39
253 272 50
254 273 22
255 274 17
256 275 57
257 276 55
258 277 47
259 278 40
260 279 69
261 280 2
262 281 12
263 282 28
264 283 31
265 284 20
266 285 35
267 286 47
268 287 35
269 288 53
270 289 30
271 290 10
272 291 37
273 292 18
274 293 13
275 294 14
276 295 2
277 296 9
278 297 25
279 298 52
280 299 21
281 299 57
282 300 2
283 301 51
284 302 69
285 303 15
286 304 56
287 305 44
288 306 27
289 307 67
290 308 25
291 309 31
292 310 48
293 311 26
294 312 2
295 313 6
296 314 29
297 315 56
298 316 13
299 317 58
300 318 26
301 319 55
302 320 36
303 321 27
303 322 7
304 323 9
305 324 14
306 325 47
307 326 47
308 327 44
309 328 18
310 329 30
311 330 16
312 331 30
313 332 58
314 333 46
315 334 58
316 335 26
317 336 5
318 337 57
319 338 68
320 338 3
321 339 33
322 340 8
323 341 31
324 342 63
325 343 39
326 344 11
327 345 35
328 346 22
329 347 19
330 348 64
331 349 22
332 349 19
333 350 2
334 351 55
335 352 27
336 353 4
337 354 46
338 355 55
339 356 43
340 357 66
341 358 25
342 359 41
343 360 53
344 361 64
344 362 34
345 363 17
346 364 54
346 365 4
347 366 35
348 367 21
349 368 27
350 369 65
351 370 40
352 371 41
353 372 13
354 373 17
355 374 25
356 375 44
357 376 19
358 377 26
359 378 15
360 379 13
361 380 13
362 381 32
363 382 17
364 383 37
365 384 14
366 385 1
367 386 69
368 387 47
369 388 49
370 389 43
371 390 33
372 391 46
373 392 8
374 393 23
375 394 46
376 395 28
377 396 36
378 397 48
379 398 1
380 399 39
381 400 54
382 401 6
383 402 20
384 403 14
385 404 58
386 405 26
387 406 37
388 407 7
389 408 58
390 409 43
391 410 33
392 411 63
393 412 10
394 413 3
395 414 66
396 415 25
397 416 31
398 417 56
399 418 24
400 419 21
401 420 68
402 421 26
403 422 5
404 423 48
405 424 34
406 425 27
407 426 27
408 427 33
409 428 63
410 429 69
411 430 24
412 431 2
413 432 65
414 433 26
415 434 60
416 435 29
417 436 47
418 437 5
419 438 2
420 439 10
421 440 48
422 441 9
423 442 50
424 443 2
425 443 27
426 444 6
427 445 9
428 446 1
429 447 36
430 448 32
431 449 59
432 450 22
433 451 31
434 452 2
435 453 20
436 454 53
437 455 26
438 456 39
439 457 22
440 458 53
441 459 34
442 460 10
443 461 9
444 462 65
445 463 18
445 464 32
446 465 2
447 466 45
448 467 43
449 468 53
450 469 61
451 470 17
452 471 55
453 472 49
454 473 22
455 474 46
456 475 50
457 476 41
458 477 31
459 478 35
460 479 53
461 480 61
462 481 16
463 482 35
464 483 65
465 484 9
466 484 25
467 485 57
468 486 41
469 487 22
470 487 46
471 488 68
472 489 32
473 490 52
474 491 27
475 492 62
476 493 48
477 494 69
478 495 61
479 496 63
480 497 40
481 498 52
482 499 58
483 500 44
484 501 7
485 502 68
485 503 24
486 504 41
487 505 19
488 506 41
489 507 60
490 508 53
491 509 28
492 510 32
493 511 25
493 512 45
494 513 32
495 514 40
496 515 50
497 516 29
498 517 26
499 518 39
500 519 8
501 520 58
502 521 29
503 522 41
504 523 68
505 524 58
506 525 1
507 526 61
508 527 26
509 528 2
510 529 17
511 530 27
512 531 23
513 531 65
514 532 64
515 533 27
516 533 67
517 534 44
518 535 10
519 536 58
520 537 37
521 538 55
522 539 12
523 540 21
523 541 46
524 542 42
525 543 42
526 544 38
527 545 34
528 546 63
529 547 56
530 548 33
531 549 36
532 550 2
533 551 59
534 552 42
535 553 19
536 554 19
537 555 21
538 556 47
539 557 20
540 558 59
541 559 30
542 560 55
543 561 66
544 562 38
545 563 22
546 564 33
547 565 11
548 566 9
549 567 61
550 568 69
551 569 35
552 570 13
553 571 42
554 572 21
555 573 63
555 574 61
556 575 62
557 576 16
558 577 42
559 578 51
560 579 55
561 580 42
562 581 27
563 582 65
564 583 6
565 584 38
566 585 5
567 586 60
568 587 60
569 588 38
570 589 65
571 590 21
572 591 10
573 592 4
574 593 16
575 594 2
576 595 41
577 596 2
578 597 55
579 598 55
580 599 63
581 600 23
582 601 35
583 602 5
584 603 4
585 604 46
586 605 53
587 606 8
588 607 61
589 607 47
590 608 20
591 608 17
592 609 50
593 610 61
594 611 47
594 612 53
595 613 44
596 614 36
597 615 12
598 616 45
599 617 7
600 618 49
601 619 2
602 620 28
603 621 21
604 622 42
605 623 2
606 624 14
607 625 1
608 626 24
609 627 68
610 628 2
611 629 3
612 630 33
613 631 11
614 632 21
615 633 31
616 634 11
617 635 1
618 636 56
619 637 39
620 638 67
621 639 68
622 640 30
623 641 54
624 642 28
624 643 37
625 644 43
626 645 23
627 646 38
628 647 16
629 648 28
630 649 41
631 650 4
632 651 47
633 652 9
634 653 63
635 654 54
636 655 20
637 656 13
638 657 20
639 658 53
640 659 54
641 660 16
642 661 16
643 662 61
644 663 30
645 664 35
646 665 2
647 666 63
648 667 65
649 667 46
650 668 10
651 669 22
652 670 29
653 671 22
654 672 66
655 673 63
656 673 20
657 674 34
658 675 39
659 676 57
660 677 47
661 678 22
662 679 21
663 680 49
664 681 69
665 682 34
666 683 39
667 684 13
668 685 16
669 686 31
670 687 24
671 688 23
671 689 12
672 690 17
673 691 17
674 692 36
675 693 24
676 694 6
677 695 48
678 696 16
678 697 45
679 698 1
680 699 53
681 700 49
682 701 7
683 702 48
684 703 42
685 704 66
686 705 57
687 706 60
688 707 62
689 708 16
690 709 48
691 710 21
692 711 14
693 712 57
694 713 46
695 714 47
696 715 54
697 716 51
698 717 61
699 718 54
700 719 64
701 720 3
702 721 3
703 722 60
704 723 14
705 724 68
706 725 14
707 726 17
708 727 43
709 728 28
710 729 12
711 730 49
712 731 53
713 732 52
714 733 59
715 734 1
716 735 7
717 736 18
718 737 64
719 738 64
720 739 24
721 740 66
722 741 34
723 742 44
724 743 22
725 744 5
726 745 23
727 746 22
728 747 11
729 748 9
730 749 30
731 750 17
732 751 17
733 751 2
734 752 61
735 753 58
736 754 64
737 754 13
738 755 2
739 756 24
740 757 57
741 758 22
742 759 30
743 760 54
744 761 46
745 762 65
746 763 39
747 764 8
748 765 69
749 766 3
750 767 53
751 768 68
752 769 59
753 770 49
754 771 10
755 772 13
756 773 23
757 774 51
758 775 35
759 776 50
760 777 42
761 778 14
762 779 14
763 780 54
764 781 26
765 782 54
766 783 17
767 784 44
768 785 67
769 786 34
770 787 13
771 788 27
772 789 68
773 790 7
774 791 31
775 792 49
776 793 8
777 794 21
778 795 26
779 796 38
780 797 34
781 798 13
782 799 49
783 800 54
784 801 23
785 802 69
786 803 29
787 804 62
788 805 3
789 806 26
790 807 54
791 808 64
792 809 6
793 810 59
794 811 34
795 812 39
796 813 6
796 814 26
797 815 36
798 816 38
799 817 54
800 818 55
801 819 27
802 820 17
803 821 15
803 822 3
804 823 19
805 824 23
806 825 29
807 826 64
808 827 6
809 828 22
810 829 61
811 830 47
812 831 28
813 832 19
814 833 57
815 834 20
816 835 46
817 836 15
818 837 52
819 838 7
820 839 41
821 840 11
822 841 16
823 842 35
824 843 46
825 844 1
826 845 16
827 846 11
828 847 16
829 848 27
830 849 52
831 850 10
832 851 59
833 852 11
834 853 10
835 854 26
836 855 43
837 856 43
838 857 64
839 858 57
840 859 21
841 860 62
842 861 30
843 862 35
844 863 29
845 864 28
846 865 52
847 866 30
848 867 61
849 868 14
850 869 66
851 870 62
852 871 29
853 872 33
854 873 69
855 874 34
856 875 13
857 876 14
858 877 50
859 878 58
860 879 42
861 880 42
862 881 9
863 882 25
864 883 62
865 884 64
866 884 26
867 885 35
868 886 62
869 887 1
870 888 51
871 889 2
872 890 33
873 891 46
874 892 45
875 892 37
876 893 20
877 894 5
878 895 24
879 896 43
880 897 37
881 898 4
882 899 68
883 900 1
884 900 51
885 900 10
886 900 65
887 900 22
888 900 66
889 900 13
890 900 48
891 900 30
892 900 64
893 900 45
894 900 57
895 900 38
896 900 5
897 900 37
898 900 54
899 900 33
