16 16 17 17 16 17 16 17 16 16 17 17 16 16 17 17
19 18 19 18 19 18 19 19 18 19 19 19 19 19 18 19
4 5 4 5 4 5 5 5 4 4 5 4 5 4 4 4
6 5 5 5 6 5 5 6 6 6 6 5 6 6 6 5
12 12 12 11 12 11 12 11 12 11 12 11 11 12 11 12
12 11 12 12 12 12 11 11 11 11 11 11 12 11 11 12
7 7 7 6 7 7 6 6 7 6 6 7 7 6 7 7
16 16 16 15 15 15 16 16 15 15 16 16 15 15 15 15
17 17 17 16 17 17 16 16 16 17 16 17 16 17 16 16
5 4 4 5 5 5 5 5 4 5 5 5 4 5 5 4
3 3 4 3 3 3 3 3 4 4 4 3 3 3 3 4
16 16 17 16 16 16 17 17 17 17 16 16 16 17 16 17
20 21 19 20 19 19 21 19 19 19 19 21 19 20 19 19
6 5 6 5 5 6 6 5 6 5 6 5 6 6 6 6
4 5 5 4 4 5 5 4 5 4 5 5 4 4 4 5
3 2 2 3 2 2 3 2 3 2 3 3 2 3 3 2
9 9 9 10 10 9 9 9 9 9 9 9 10 9 10 10
17 17 17 16 16 17 17 17 16 16 17 17 17 17 16 16
4 4 3 3 4 3 4 4 3 4 3 4 3 4 3 3
19 19 19 21 20 21 20 20 20 19 20 21 21 19 20 21
19 18 18 19 19 19 18 19 18 19 19 19 18 19 18 19
7 7 7 7 7 7 7 7 7 7 6 7 7 6 7 7
7 8 7 8 8 7 7 8 8 8 7 7 8 8 7 8
12 11 11 12 11 11 11 11 11 12 12 11 12 12 12 11
13 13 13 12 13 13 12 12 12 13 13 13 12 12 12 12
8 8 7 7 8 7 7 7 8 7 7 8 8 8 7 7
6 7 6 6 7 6 6 6 7 7 6 7 7 7 6 7
18 18 17 18 18 18 17 17 17 17 17 18 18 17 17 17
15 15 16 16 16 15 16 16 15 15 16 15 15 16 15 15
2 1 2 1 1 1 1 1 2 1 1 2 2 2 1 1
13 13 13 13 14 13 13 14 13 14 14 14 14 13 13 14
5 5 5 6 5 5 6 5 6 6 6 5 6 5 5 6
16 17 16 16 16 16 17 16 17 17 17 16 16 16 16 16
21 20 19 20 21 21 20 19 19 21 20 20 20 19 19 21
6 7 7 7 7 7 7 6 6 7 6 7 6 7 6 7
20 19 20 19 19 19 19 19 20 19 19 19 20 20 19 19
15 14 14 14 15 15 14 15 14 14 14 15 15 14 14 14
1 1 1 2 1 1 1 2 1 2 2 1 1 2 2 2
16 16 15 16 15 15 15 16 16 15 15 16 15 16 16 16
10 10 11 10 10 11 11 11 11 10 10 10 10 10 10 11
15 14 14 15 14 15 14 15 14 15 14 14 15 15 15 15
17 16 17 17 17 16 17 17 16 16 16 16 17 17 16 17
6 5 6 5 6 5 5 5 5 5 6 5 6 5 5 6
7 7 7 8 8 8 8 8 7 8 8 7 8 7 8 7
6 6 6 6 6 6 6 6 7 7 6 6 6 6 7 6
5 5 4 5 4 4 5 5 5 5 5 5 5 4 4 5
12 11 12 12 12 12 11 11 11 11 12 11 12 12 11 12
10 10 11 10 10 10 10 10 10 10 11 10 11 11 11 10
16 16 16 16 17 17 17 17 17 16 17 17 16 16 17 16
6 5 6 5 6 5 5 5 6 6 6 6 6 6 5 5
11 12 11 11 12 12 12 11 11 11 11 12 11 11 11 11
13 13 12 12 12 12 12 12 13 12 13 12 13 12 13 13
1 2 1 1 1 1 1 1 1 1 1 1 2 1 2 2
19 20 19 20 19 20 20 19 20 20 20 19 19 19 19 20
16 16 17 17 16 16 16 16 17 17 17 17 17 17 17 16
8 7 8 8 7 8 7 7 8 8 7 8 8 8 8 8
3 4 4 3 3 4 4 3 3 4 3 3 4 3 4 3
19 19 19 20 21 19 19 19 20 20 21 19 21 19 20 19
19 18 18 18 18 19 18 19 19 18 18 18 19 19 19 18
15 15 15 15 14 14 14 14 14 15 15 14 15 15 14 14
20 19 19 20 20 19 20 19 20 20 19 20 20 19 20 19
19 21 19 21 19 21 20 19 21 19 20 20 19 21 19 21
13 13 13 13 14 13 13 13 14 14 14 13 13 13 13 14
19 19 19 19 20 20 19 20 19 19 20 19 19 20 20 20
3 3 3 3 4 3 4 3 3 4 4 3 4 4 3 3
2 2 3 2 2 3 3 2 3 2 2 2 3 2 2 2
19 20 21 19 20 21 19 20 20 20 19 20 20 19 19 19
2 1 2 2 1 1 1 1 2 2 2 2 1 1 1 1
11 11 11 11 11 12 11 11 12 11 11 12 12 11 11 12
6 7 6 6 7 7 7 6 6 6 6 6 7 7 6 7
17 17 17 17 18 18 18 18 17 17 17 17 17 18 17 18
2 2 1 2 2 1 1 1 1 2 2 2 1 2 2 2
9 9 9 9 9 9 8 8 9 9 8 9 8 8 9 9
11 11 10 10 11 11 10 10 11 11 11 11 10 11 10 11
8 9 9 9 8 9 9 8 8 9 9 8 9 9 8 9
15 15 15 14 15 14 15 15 14 14 15 15 14 14 14 14
20 20 20 20 19 19 19 19 19 19 20 19 20 19 20 19
10 9 10 9 9 9 10 9 9 9 10 9 10 10 10 10
15 14 15 14 15 14 14 15 14 15 14 14 14 15 15 14
6 5 5 6 6 5 5 5 6 5 6 6 6 5 6 5
16 17 16 17 17 17 17 16 17 17 17 17 16 17 16 16
13 12 13 12 12 13 12 13 13 12 12 13 12 13 13 13
8 7 8 7 8 8 7 8 8 7 8 8 7 8 7 8
2 2 3 2 2 3 3 2 3 3 2 3 2 3 3 2
19 20 19 20 21 20 19 19 20 21 20 20 20 20 19 21
9 9 9 10 10 10 9 9 10 10 10 10 10 10 9 10
15 15 15 16 16 16 15 15 16 15 16 16 16 15 16 15
6 6 6 5 6 6 6 6 5 6 6 5 5 6 5 6
12 12 11 12 11 12 11 11 12 11 12 12 11 12 12 12
20 21 20 20 19 20 21 21 19 21 19 21 19 19 21 19
2 2 2 2 3 2 2 2 2 3 3 3 2 2 3 2
9 10 10 10 9 10 9 9 9 10 10 9 9 9 9 9
9 8 9 9 9 8 9 9 9 8 8 9 8 8 8 8
2 3 3 2 3 3 3 3 3 2 2 3 2 2 2 2
13 14 14 13 14 14 13 13 14 14 14 14 13 14 13 14
19 19 20 20 20 20 19 20 19 19 19 19 19 20 19 20
7 8 8 8 7 7 8 7 7 7 7 8 7 8 8 7
14 14 13 13 13 13 14 13 14 14 14 13 13 14 13 13
2 2 2 3 2 2 2 3 2 2 3 2 2 3 3 3
16 16 16 17 16 17 17 16 16 16 16 16 16 16 17 16
4 4 4 4 3 3 4 3 3 3 3 4 3 4 4 4
15 16 15 15 16 15 15 15 16 15 16 16 15 16 15 15
10 10 10 10 10 11 11 10 11 11 10 11 10 11 11 10
12 12 11 12 12 11 12 11 12 12 11 11 11 12 11 12
19 20 19 20 19 20 20 20 19 19 20 20 19 19 19 19
17 16 16 17 16 16 16 16 16 17 17 16 17 16 17 17
11 11 11 11 10 11 10 11 10 10 10 11 10 11 11 11
9 8 9 9 9 8 8 9 8 9 9 9 9 8 8 9
7 8 8 7 8 8 8 8 8 8 7 7 7 8 8 7
20 20 20 21 19 21 21 20 21 20 20 21 20 21 20 19
15 14 15 15 15 15 14 14 15 14 15 15 15 14 15 15
11 10 10 11 11 11 11 10 11 11 10 10 11 11 10 11
15 15 16 15 16 15 15 16 15 16 16 15 15 16 16 16
7 8 8 7 8 7 7 7 8 7 8 7 7 7 7 7
20 20 19 19 20 20 20 19 19 19 21 20 21 21 19 20
20 19 19 20 20 19 19 20 20 19 19 19 20 19 19 20
9 9 8 8 9 8 9 9 8 8 9 9 8 9 8 9
21 21 19 20 21 20 19 20 21 19 21 20 20 19 19 19
20 19 20 20 19 19 19 19 19 20 20 20 19 20 19 20
8 9 9 9 9 8 9 9 9 8 8 8 8 8 9 9
14 14 14 14 13 13 13 13 14 13 13 13 14 14 13 13
11 12 11 11 11 11 11 12 11 11 11 11 11 12 12 12
20 19 20 19 19 20 20 19 20 19 19 19 19 20 19 20
17 18 17 18 18 17 18 18 18 18 17 17 18 17 17 18
2 3 2 2 2 2 3 2 3 3 2 3 2 2 2 3
15 15 15 15 16 15 16 16 15 15 16 16 15 16 16 16
16 16 17 17 16 16 17 17 17 17 16 16 16 16 16 17
3 3 2 2 2 2 3 2 2 2 3 3 2 2 2 2
18 19 18 19 19 18 18 19 19 19 18 18 18 19 18 19
2 3 3 3 3 2 2 3 2 3 2 3 2 3 3 3
9 10 10 9 9 9 10 10 10 9 9 9 9 9 10 10
14 14 14 14 15 14 14 14 14 14 14 14 14 14 15 15
7 6 6 7 6 6 6 6 7 6 7 6 6 7 7 6
19 18 18 19 18 19 19 19 19 19 18 18 18 19 18 18
1 2 2 1 2 2 1 1 2 2 2 2 1 2 2 1
17 18 17 18 17 18 17 18 17 17 18 18 17 17 18 17
16 15 15 16 15 16 16 16 15 16 16 15 16 15 15 15
14 15 15 15 14 14 15 14 15 15 14 15 14 14 15 15
15 14 15 15 14 14 15 15 14 14 15 14 14 15 14 14
7 7 6 7 6 6 7 6 7 7 7 7 6 7 7 7
5 4 5 4 5 5 4 5 5 5 4 5 5 5 4 4
12 13 13 12 12 13 13 12 12 13 13 13 13 12 13 13
16 16 16 15 15 15 16 15 16 15 15 16 16 15 16 15
5 5 4 5 5 5 5 5 5 5 5 5 5 5 5 5
6 6 7 7 6 6 7 6 6 7 6 6 6 6 6 7
16 16 17 17 17 16 16 16 16 17 17 17 17 16 16 17
13 12 12 13 13 12 12 13 12 12 13 13 12 13 12 12
16 16 15 15 15 16 15 16 16 16 15 16 16 15 16 16
12 12 12 13 12 12 13 13 12 12 12 12 12 12 12 13
11 11 10 10 10 11 10 10 11 10 10 11 11 10 10 11
13 13 13 13 13 13 13 12 12 12 12 12 13 12 13 12
3 4 4 4 4 3 4 4 4 4 3 3 4 4 3 4
17 16 17 17 17 16 16 17 17 16 17 17 17 17 16 16
7 7 7 6 6 6 6 6 6 6 7 7 7 7 7 6
10 10 10 11 11 10 11 11 11 10 11 11 10 10 10 11
6 7 7 7 6 7 6 7 7 7 6 6 7 7 6 7
16 16 15 16 16 16 15 16 16 16 15 16 15 15 15 16
18 19 19 19 18 18 18 19 19 18 18 19 18 18 18 19
16 16 15 16 15 16 15 16 16 16 16 16 16 15 16 16
13 13 14 14 14 13 14 13 13 14 13 13 14 13 14 14
17 17 17 16 16 17 17 16 16 17 17 17 16 16 16 17
17 17 17 17 18 18 18 17 17 18 17 17 18 18 18 17
19 19 19 19 20 20 19 20 19 20 20 20 20 20 19 19
14 13 14 14 13 14 14 14 14 13 14 14 14 14 13 13
14 13 14 14 13 13 13 13 14 13 14 13 14 14 13 14
13 13 13 13 14 13 14 14 13 13 14 13 13 14 14 14
5 5 4 4 5 5 4 5 4 4 4 4 4 4 5 5
2 3 2 2 2 3 2 2 2 2 2 3 3 2 3 2
19 18 18 18 18 19 18 18 18 18 19 18 19 18 18 19
13 12 13 13 12 12 13 12 12 13 13 12 13 13 12 12
3 3 3 3 3 3 2 3 3 3 3 2 3 2 2 3
19 20 21 21 21 20 20 21 20 21 20 19 20 20 19 20
14 15 14 15 14 15 15 14 14 14 15 15 15 14 14 15
14 14 14 14 14 15 14 15 15 15 15 14 15 15 15 14
20 21 20 19 21 20 19 20 21 19 21 20 21 19 19 19
9 10 9 9 9 10 9 10 9 10 10 9 10 10 10 9
13 13 13 14 14 13 14 14 14 13 14 14 14 14 13 13
12 11 12 11 11 12 12 11 11 11 12 12 11 11 11 12
19 18 19 19 19 19 19 18 18 18 19 18 19 18 19 18
8 7 7 7 8 7 8 7 7 8 7 8 8 8 8 7
17 18 17 17 17 17 17 18 17 17 17 18 17 18 18 18
12 12 12 12 12 12 12 13 13 12 13 13 13 12 12 12
6 5 5 6 6 5 6 5 6 5 5 6 5 5 5 6
1 2 1 2 1 1 2 1 1 2 2 1 2 1 2 2
11 12 12 11 12 11 11 11 11 12 11 11 12 11 11 12
10 9 9 10 10 9 9 9 10 9 10 9 9 9 9 10
21 21 19 21 20 20 21 19 19 20 21 19 21 19 20 20
19 20 20 20 20 20 19 19 19 20 19 20 19 19 19 19
10 9 9 9 10 10 9 10 9 10 9 9 9 9 9 9
20 20 20 19 19 20 19 19 20 19 19 20 20 19 20 20
10 10 11 11 11 10 10 11 10 11 10 10 11 11 11 11
9 10 10 9 9 10 9 9 10 9 9 10 9 10 9 10
9 10 10 10 9 9 10 9 10 10 10 9 9 10 10 9
11 12 11 11 12 11 11 12 11 11 11 11 12 11 11 11
10 10 10 10 10 9 9 10 10 9 9 9 9 10 10 10
14 14 13 13 13 13 14 14 14 14 13 14 14 14 13 13
9 9 8 8 9 9 9 9 8 9 8 9 8 8 9 9
12 12 12 13 13 12 13 12 12 13 13 13 12 13 12 12
18 19 19 18 19 19 18 18 18 18 18 18 18 19 19 18
10 9 9 10 9 9 9 9 10 10 9 9 9 10 10 9
10 10 10 11 11 11 10 10 10 11 11 11 11 11 11 11
13 13 13 13 14 13 13 14 14 14 13 14 13 14 14 13
19 19 18 19 19 19 19 19 18 18 19 18 19 19 18 19
17 17 16 16 16 16 16 16 17 17 16 16 16 16 17 16
14 13 14 13 14 14 13 13 13 14 13 13 14 13 13 14
18 18 19 19 19 18 18 19 19 19 19 18 18 19 18 18
9 9 8 9 8 8 9 8 9 9 8 9 9 9 9 9
19 19 18 19 18 19 19 18 18 18 18 19 19 19 18 18
7 6 6 6 6 7 7 7 6 7 6 7 7 7 7 6
6 7 6 7 7 7 7 7 7 7 7 7 7 6 7 6
13 12 12 12 12 13 13 13 13 13 12 13 13 13 12 13
15 16 16 15 15 15 15 15 16 15 15 16 16 16 16 15
16 15 16 16 15 16 16 16 15 16 16 16 16 16 16 16
6 6 6 6 6 6 7 6 6 6 7 7 6 7 7 7
4 3 3 3 4 4 3 3 4 4 4 3 3 3 3 3
3 3 2 3 3 2 2 3 3 3 3 3 2 3 2 3
7 7 7 7 7 7 7 7 7 8 8 8 8 7 7 8
11 11 12 12 12 11 12 12 12 11 12 12 12 12 12 12
19 19 18 19 18 18 18 18 18 19 19 18 18 18 19 18
10 10 9 9 9 10 10 10 10 10 9 9 10 9 10 9
13 13 13 13 14 13 14 14 14 14 13 13 14 14 13 13
21 19 20 20 19 21 19 19 20 20 21 20 19 21 20 19
21 21 21 21 20 19 20 21 20 19 19 20 21 19 19 20
7 8 7 7 7 8 8 8 7 7 7 8 7 8 7 7
13 13 12 12 12 13 13 13 12 12 12 12 12 12 12 13
4 4 3 3 4 4 4 4 4 4 3 4 4 4 3 4
5 4 4 5 5 5 5 4 4 4 4 5 5 4 4 5
9 9 9 9 9 9 8 8 8 9 8 9 9 9 8 8
20 19 21 19 20 21 20 19 21 20 19 19 20 21 19 21
8 8 7 7 7 7 7 7 8 8 7 7 8 7 7 8
9 9 9 8 8 8 9 8 9 8 9 9 8 8 8 9
8 8 9 9 8 9 9 8 8 9 9 9 8 9 9 8
19 19 18 18 18 18 19 18 19 18 19 19 18 19 19 19
10 11 11 11 11 11 11 10 11 10 11 10 10 11 11 10
3 2 3 3 2 3 3 3 2 3 2 3 3 2 3 3
16 15 16 16 15 16 16 15 16 16 16 15 16 16 15 16
7 6 7 6 6 6 6 6 6 7 7 7 7 6 7 6
13 13 13 13 14 14 14 14 14 14 14 14 13 13 13 14
4 4 4 5 4 5 4 5 5 4 5 4 4 4 4 5
7 6 7 6 7 6 7 7 6 7 6 6 6 7 6 6
7 7 8 7 7 8 7 8 8 8 8 7 8 8 7 8
14 13 14 14 14 14 14 13 14 14 13 13 14 14 13 13
16 17 16 17 16 17 17 17 17 17 16 17 16 16 17 16
2 2 3 3 3 3 2 2 3 3 2 2 2 2 3 2
10 9 10 10 10 9 9 9 9 10 9 9 10 10 10 9
12 11 11 11 12 12 11 12 12 12 11 12 12 12 11 11
1 2 1 1 1 1 2 1 1 2 1 1 2 2 1 2
6 6 7 6 6 6 6 6 7 7 7 6 6 7 7 6
4 3 4 3 4 3 4 4 4 3 4 3 4 3 3 3
6 6 7 7 6 7 6 7 7 7 7 6 6 6 6 6
19 19 21 21 20 19 19 20 21 19 21 20 21 20 20 19
3 3 2 2 2 3 2 2 2 2 3 3 2 2 2 2
9 10 10 10 10 9 9 10 9 10 10 10 10 10 9 9
11 11 10 10 10 10 10 11 11 11 11 11 11 10 10 10
17 16 16 16 16 16 16 17 16 16 16 17 17 16 17 16
10 10 11 11 11 10 10 11 10 10 10 10 11 11 10 11
14 14 15 15 14 14 15 15 15 15 14 14 14 14 15 14
18 19 18 18 19 19 19 19 18 18 19 18 19 19 19 18
21 19 21 19 19 20 20 21 21 21 21 21 21 20 19 21
21 21 20 20 20 19 21 19 19 20 19 19 20 20 21 19
20 19 19 20 20 19 20 20 20 20 20 19 19 20 20 19
13 13 13 14 13 14 14 14 14 14 14 13 13 13 13 14
4 3 3 4 4 4 4 4 4 3 3 3 3 4 3 3
16 16 16 17 17 16 16 16 16 17 16 16 17 17 16 17
8 9 8 9 9 9 9 9 9 9 9 8 8 9 9 9
5 5 5 5 5 5 5 6 5 5 5 6 6 6 6 6
17 16 16 16 16 17 16 17 17 17 16 16 17 17 17 16
19 20 21 19 20 19 19 19 19 21 20 21 21 21 21 21
19 18 19 19 18 19 19 18 19 18 18 18 19 19 18 18
9 9 9 9 9 9 10 10 9 10 10 10 10 10 9 9
12 13 13 13 12 12 13 12 12 12 13 12 12 12 13 12
6 5 5 5 5 6 5 6 5 6 6 6 6 5 6 5
16 15 16 15 15 16 15 15 16 16 15 16 15 15 16 15
4 4 4 5 4 5 4 5 4 5 4 4 4 4 4 5
4 4 5 5 5 4 4 4 4 4 4 5 5 5 5 5
11 10 10 10 11 10 10 10 10 10 10 10 10 10 11 10
10 10 10 9 9 9 9 9 9 9 9 9 10 10 9 10
14 15 14 15 15 14 15 14 15 15 15 15 15 14 15 14
6 5 5 6 6 5 5 5 6 6 5 5 5 5 5 5
17 16 17 17 17 16 17 17 17 17 16 17 17 17 17 16
8 9 8 8 8 9 9 8 9 9 9 9 8 9 9 9
4 5 5 5 5 5 5 5 5 4 5 5 4 5 5 4
17 17 16 16 16 17 16 17 16 16 16 16 16 17 16 17
4 5 4 4 4 4 5 5 5 5 4 4 4 4 5 5
5 5 6 6 5 6 6 5 6 5 6 5 5 5 6 5
11 12 11 12 11 11 12 12 11 12 12 11 12 11 11 11
3 3 4 4 3 3 4 4 3 3 4 4 4 3 4 4
8 8 7 7 7 7 7 8 7 7 7 8 8 7 8 8
19 21 19 21 19 19 20 20 21 20 20 20 21 20 20 21
19 20 20 20 19 20 19 20 19 19 19 20 20 20 19 19
16 16 16 15 16 15 16 15 16 16 16 15 16 15 16 16
19 20 21 19 20 19 20 21 19 21 21 20 21 21 19 20
6 5 5 5 6 5 6 6 6 5 6 6 5 6 5 6
16 17 17 17 17 16 16 17 16 16 17 16 16 17 16 16
4 4 3 4 3 4 3 4 3 3 4 3 3 4 3 4
14 13 13 14 14 13 14 13 14 13 14 14 14 13 13 14
12 12 12 11 11 12 11 12 12 11 12 11 12 11 11 12
10 11 11 10 11 11 11 11 10 11 10 10 11 11 11 11
15 15 15 15 14 14 15 15 15 14 14 15 14 14 14 15
15 15 15 15 15 16 15 15 15 15 16 16 16 15 16 15
11 11 11 12 11 11 11 12 12 12 11 11 11 12 12 11
5 5 4 4 5 4 5 4 5 5 4 5 5 5 4 5
5 6 6 5 6 5 6 5 6 5 6 6 6 5 6 5
6 6 6 6 5 5 6 5 5 6 6 6 5 5 6 6
3 3 3 3 2 2 2 2 2 3 2 3 2 2 2 3
13 14 14 14 14 14 13 14 14 14 14 14 14 13 13 13
7 7 7 7 7 7 8 8 8 7 7 7 7 7 7 8
2 2 1 1 1 1 2 1 1 2 2 2 1 1 1 1
16 17 16 16 17 16 16 17 16 16 17 16 17 16 16 17
4 4 5 4 5 5 4 4 4 5 4 4 5 4 4 5
17 16 17 16 17 17 17 16 16 17 16 16 17 16 16 17
3 3 4 4 3 3 4 3 3 4 3 4 3 3 3 3
17 16 16 17 17 16 17 17 16 16 16 17 16 16 16 16
19 19 21 21 20 20 20 20 19 19 21 21 20 21 21 20
3 4 4 4 3 3 3 3 4 4 4 3 4 3 3 3
13 12 13 13 13 13 13 12 12 12 12 12 12 12 12 12
14 14 14 14 14 15 15 15 15 15 14 15 15 14 15 14
4 5 5 5 5 5 4 5 5 4 4 4 4 4 5 5
6 7 6 7 7 6 7 7 7 6 6 6 6 7 7 7
8 8 8 7 7 7 7 7 8 7 7 8 8 8 8 7
18 18 19 19 18 19 19 18 19 18 18 18 19 18 19 19
10 10 10 11 11 11 11 11 11 10 10 10 10 11 11 10
3 3 3 2 3 2 3 2 3 3 2 3 3 3 2 3
8 9 8 9 8 9 9 9 8 8 9 8 9 9 9 8
7 8 8 7 7 7 7 8 7 8 7 8 8 8 7 8
16 15 15 16 16 15 15 15 16 15 15 15 16 16 15 16
7 7 8 8 7 8 7 8 8 8 8 7 7 8 7 7
9 8 9 9 8 8 8 8 8 9 9 9 9 9 8 9
12 12 12 13 13 13 12 13 13 13 12 12 12 13 12 12
20 19 19 20 20 20 20 19 20 19 19 20 20 21 19 20
11 12 11 11 11 11 12 11 11 11 12 12 12 12 12 11
19 19 19 18 19 19 18 18 18 18 19 18 18 19 18 18
16 16 15 16 15 16 16 15 15 15 15 15 15 16 15 16
19 19 19 20 19 19 20 20 20 20 19 20 19 19 19 19
6 5 6 5 5 6 5 5 6 5 6 5 6 6 5 6
4 4 5 4 5 5 4 4 5 5 4 4 5 5 4 5
2 2 2 2 2 2 2 2 3 3 3 2 3 3 3 2
20 19 20 19 19 19 19 20 20 19 19 19 20 19 20 20
20 19 20 20 19 20 19 20 19 19 20 19 19 20 19 19
19 19 20 19 20 19 20 19 20 19 20 20 19 20 19 20
5 5 5 4 4 4 5 5 5 5 4 5 4 5 4 5
9 8 8 8 8 9 8 8 9 8 8 9 9 9 9 8
19 19 19 19 19 18 19 18 18 19 18 18 19 18 18 18
4 4 3 4 4 3 3 4 4 3 3 4 3 3 3 3
10 10 9 9 9 10 9 9 10 9 9 9 10 10 9 9
7 7 7 8 8 8 7 7 7 8 7 7 8 7 8 7
2 2 3 2 3 3 2 3 3 3 2 2 3 2 2 2
7 6 7 6 7 6 6 7 7 6 6 6 6 7 6 7
15 15 15 16 16 16 16 15 16 15 16 15 16 15 15 15
9 9 8 8 8 8 9 8 8 8 8 9 9 9 9 9
12 11 11 11 12 11 11 12 12 12 12 12 12 11 12 12
3 2 2 3 3 2 3 3 3 3 3 3 3 2 2 3
6 6 7 6 6 7 7 6 7 7 7 6 6 6 6 6
18 18 18 17 17 17 17 18 17 18 17 17 17 18 18 18
8 8 8 7 7 7 8 8 8 8 8 8 7 7 8 7
16 15 15 16 16 15 16 15 15 15 15 15 15 15 15 16
3 3 2 3 2 2 2 3 2 3 2 2 2 2 2 2
4 4 4 4 3 3 3 3 3 4 4 3 4 4 3 3
13 12 13 12 13 12 12 13 13 12 13 12 12 13 12 13
3 3 3 4 4 3 4 4 4 4 3 3 4 3 3 4
2 1 2 1 2 1 1 1 2 2 2 1 2 2 1 1
15 16 16 15 16 16 16 16 16 15 15 15 16 16 16 16
20 19 20 19 21 19 20 21 20 19 19 20 20 19 20 19
10 11 11 11 11 10 11 10 11 11 11 10 10 11 11 10
11 12 12 11 11 11 12 11 11 12 11 12 12 11 11 12
8 8 9 8 9 8 9 9 9 8 9 9 9 8 8 8
14 15 15 14 15 14 15 14 15 15 15 14 14 15 14 15
13 12 12 13 13 12 12 12 13 12 13 13 12 12 13 12
16 17 16 16 17 17 16 17 16 16 17 17 17 16 16 17
11 11 10 10 10 10 11 11 10 10 10 10 11 11 11 11
14 13 13 14 13 13 13 14 14 13 13 13 14 13 13 13
13 12 12 13 12 13 12 12 12 12 13 12 13 12 12 13
15 15 14 15 14 14 14 15 14 14 15 15 14 15 15 14
2 2 2 3 2 3 3 2 2 2 2 3 3 2 3 3
1 2 1 2 1 1 1 1 2 1 1 2 2 2 2 1
5 6 6 6 6 6 6 5 5 6 6 6 5 5 5 6
6 6 7 6 6 6 7 7 7 6 6 7 6 7 6 7
16 16 16 15 16 15 15 15 16 15 16 16 16 15 16 16
16 16 15 15 15 15 16 15 16 16 15 16 15 15 16 15
12 13 12 13 12 12 13 12 12 13 13 13 13 13 12 12
5 6 6 6 6 6 5 5 5 5 5 5 6 6 5 6
1 1 2 2 2 2 2 1 1 1 2 2 1 1 2 2
3 4 3 4 3 4 4 3 4 3 4 3 3 3 4 4
16 16 16 17 16 17 16 17 17 17 17 16 16 16 16 16
19 18 18 19 19 19 18 19 18 19 18 18 19 18 19 18
11 10 10 11 10 10 10 10 10 11 10 10 10 10 10 11
3 3 4 3 4 4 3 3 4 4 3 3 4 4 4 4
14 13 14 13 13 13 13 14 14 14 13 14 13 14 14 14
19 19 19 20 20 21 20 19 20 21 19 19 19 21 19 20
2 3 3 2 3 3 3 2 2 3 2 2 2 2 3 3
3 4 3 4 3 4 3 4 4 4 4 4 3 4 3 4
20 19 19 19 20 19 19 19 20 19 19 19 20 19 20 19
9 8 9 9 9 9 9 8 9 8 8 8 9 9 9 9
16 16 16 16 15 16 16 16 15 16 16 16 16 15 16 15
12 12 12 12 13 13 13 12 12 12 13 12 13 13 13 12
8 8 8 7 8 7 7 7 7 8 7 7 7 7 7 8
8 8 8 9 9 8 9 9 9 8 9 9 8 9 8 9
2 2 1 1 1 1 2 1 1 2 2 2 2 2 1 2
10 11 10 11 10 10 11 10 10 11 11 11 10 10 11 11
13 14 13 14 14 14 13 14 14 13 13 14 13 13 14 13
4 4 5 4 4 4 5 5 5 5 5 4 5 5 5 4
8 7 8 7 7 8 7 7 7 7 8 7 8 8 7 8
13 13 13 13 12 12 12 13 13 12 12 13 12 12 12 12
12 13 12 12 12 13 12 12 12 13 12 13 13 12 12 12
14 14 14 14 14 14 14 15 14 15 14 14 15 15 15 15
3 3 3 4 4 4 3 3 3 4 4 4 3 3 3 3
1 2 1 2 2 2 1 1 2 2 2 1 1 2 1 2
2 1 2 2 1 1 2 2 2 2 2 1 2 2 2 2
13 14 13 13 13 14 14 13 14 14 14 14 13 14 14 13
13 13 14 13 14 14 14 14 14 13 13 14 13 13 13 14
14 14 13 13 13 14 14 13 13 14 14 14 14 13 13 13
12 12 12 12 12 12 13 13 13 13 13 12 13 12 12 12
11 12 11 11 12 12 12 11 12 12 12 12 12 11 12 11
17 17 17 17 18 18 17 17 18 17 18 18 17 18 17 17
10 10 9 10 9 10 9 10 9 10 10 9 9 10 10 9
16 17 17 17 17 17 16 17 16 17 16 16 17 16 16 16
3 3 4 3 4 3 3 4 3 3 4 3 4 3 3 4
16 16 16 16 16 16 15 16 16 15 15 16 16 15 15 15
20 20 19 19 19 20 20 19 20 19 19 20 20 19 19 19
11 11 11 11 12 12 12 12 12 11 12 11 11 11 11 12
3 3 3 3 4 3 3 4 3 3 4 4 3 4 3 3
15 14 14 14 14 14 15 15 14 14 14 15 14 15 15 15
12 12 11 11 11 12 11 11 11 11 11 11 12 12 12 12
8 8 7 7 8 8 8 7 8 7 8 7 8 8 8 8
4 4 3 4 4 4 4 3 3 4 3 4 4 4 4 3
3 2 3 3 3 2 2 2 3 2 3 3 3 2 3 3
8 7 7 8 8 7 7 8 8 7 7 7 8 7 8 7
6 7 7 6 7 6 7 6 7 7 6 6 7 7 7 6
9 9 9 9 10 9 10 9 9 9 10 9 10 9 10 10
15 14 14 14 15 15 14 15 14 14 15 15 15 14 15 15
18 17 18 18 17 18 18 17 17 17 17 18 18 17 18 17
14 14 14 13 14 14 14 13 14 14 14 13 13 14 13 14
15 16 15 16 16 16 16 16 15 16 15 15 16 16 15 16
15 16 16 16 15 15 15 16 15 15 16 16 15 16 15 15
2 3 2 2 2 3 2 3 3 3 3 3 2 3 2 3
13 12 13 12 13 12 13 13 12 12 12 13 13 13 12 13
9 9 8 8 8 8 8 8 8 9 9 8 9 9 8 8
18 19 19 18 18 19 18 19 19 19 19 18 19 18 18 18
1 1 1 2 2 2 1 2 2 2 1 2 2 1 2 1
19 19 20 20 20 20 19 21 20 20 19 19 19 19 19 20
4 5 4 4 4 4 4 5 4 4 5 4 4 5 4 4
14 14 14 15 14 14 15 14 15 15 15 14 15 14 15 14
5 5 5 5 5 6 5 5 6 5 5 6 6 6 5 6
13 13 14 14 13 13 13 13 14 13 14 14 13 13 14 13
15 15 16 16 16 15 15 15 15 15 15 16 16 16 16 15
15 15 15 14 14 14 15 15 14 15 14 14 15 14 14 14
11 10 10 10 11 10 10 10 10 11 11 10 10 10 11 10
14 14 13 13 13 14 13 13 13 14 14 14 14 14 13 13
16 15 16 15 15 15 15 15 15 16 15 16 16 15 15 15
20 20 20 19 19 20 20 19 20 21 21 19 19 21 20 21
8 8 7 8 7 8 8 8 8 8 7 8 8 8 8 7
12 12 11 12 11 12 12 11 11 11 12 12 12 12 12 11
9 8 9 9 8 8 9 9 8 9 8 9 8 8 8 8
12 12 12 13 12 12 13 12 13 12 13 12 12 12 12 13
11 12 11 11 12 12 11 12 12 11 11 11 12 11 11 11
16 17 16 16 17 17 17 16 16 16 17 16 17 16 16 17
12 12 11 11 12 12 12 12 12 12 12 12 12 11 12 11
18 17 18 17 17 18 18 18 17 18 18 17 17 18 18 17
5 5 5 5 6 6 6 6 6 5 6 5 5 6 6 5
13 13 13 13 13 13 14 14 14 14 14 14 13 13 14 13
4 4 5 4 4 4 5 5 5 5 4 5 5 4 4 4
10 9 9 9 10 10 9 10 9 10 9 10 9 10 9 10
5 4 5 4 5 5 5 5 5 5 5 4 5 4 4 4
12 13 12 13 13 12 13 13 13 13 13 12 13 12 12 13
19 21 19 20 19 19 21 21 21 21 19 19 21 20 20 19
10 10 10 10 10 10 10 10 10 10 11 10 10 11 10 10
12 12 12 13 12 12 13 13 13 12 12 13 13 12 13 12
21 21 21 20 19 19 19 20 20 19 20 21 21 20 19 20
5 6 5 5 6 6 6 6 6 5 5 6 6 6 5 5
12 12 13 13 12 13 13 12 13 12 12 13 13 13 13 13
16 17 17 17 16 16 16 17 16 16 16 16 16 16 17 16
11 10 10 10 10 11 11 11 10 11 11 11 11 10 10 10
7 7 7 8 7 8 7 7 7 7 7 8 8 7 8 7
7 7 7 7 7 7 7 6 6 6 7 7 7 6 7 6
16 16 17 16 17 16 16 16 17 17 17 17 16 16 17 16
12 11 11 12 12 11 12 12 11 11 11 11 11 11 12 12
6 6 5 5 6 6 6 5 6 5 6 6 6 5 5 5
2 2 2 3 3 3 3 2 3 3 3 3 2 3 2 2
12 12 12 12 13 12 13 13 13 12 13 13 13 12 12 12
9 8 8 8 8 8 9 9 8 9 8 8 9 9 8 9
12 11 11 12 12 12 12 12 12 12 11 11 12 12 11 11
6 7 6 7 6 6 6 7 6 6 7 6 6 6 7 7
16 16 16 16 17 16 16 17 17 17 16 16 16 17 17 17
5 4 5 5 4 4 4 4 5 4 5 5 4 4 4 5
4 3 4 4 3 4 4 3 4 4 3 3 4 3 4 3
19 18 18 18 19 18 19 18 19 18 18 19 18 19 19 18
11 12 12 11 11 12 11 11 12 12 12 12 11 11 12 11
4 4 5 5 5 4 4 4 4 5 4 5 4 5 5 5
14 15 15 14 14 14 14 15 14 14 15 15 14 14 14 14
5 6 5 5 5 5 5 6 5 6 6 6 6 5 5 6
17 18 17 17 17 17 17 18 17 17 18 17 17 18 18 18
1 2 2 1 1 1 1 1 1 2 1 2 2 1 1 1
15 14 15 15 14 14 15 15 15 14 14 15 14 14 14 15
2 2 2 1 1 1 2 1 1 2 2 2 2 2 2 1
16 17 16 17 17 17 17 17 17 17 17 17 16 17 17 17
12 13 12 13 13 13 12 13 12 12 12 12 12 13 12 12
20 19 20 20 20 20 19 20 20 20 19 19 20 19 20 20
6 7 6 7 7 7 7 7 6 7 6 6 6 6 7 6
5 5 4 5 5 4 5 4 5 4 5 4 5 4 5 5
13 14 13 13 14 13 13 14 13 14 13 14 14 14 14 13
