1 2 1
1 3 2
1 4 5
1 5 1
2 6 1
2 7 2
2 8 1
3 9 4
3 10 2
3 11 4
3 12 4
3 13 4
4 14 5
4 15 2
4 16 5
4 17 5
5 18 5
5 19 3
5 20 3
6 21 2
6 22 2
7 23 2
8 24 4
8 25 4
9 26 3
10 27 1
10 28 3
11 29 1
12 30 2
13 31 3
14 32 4
15 33 1
15 34 5
16 35 5
17 36 5
17 37 1
18 38 2
19 39 2
20 40 1
20 41 5
21 42 3
22 43 4
23 44 5
24 44 2
25 45 4
26 46 2
27 47 4
28 48 5
29 49 2
30 50 2
31 51 5
32 52 2
33 53 5
34 54 5
35 55 1
36 56 1
37 57 4
38 58 1
39 59 4
40 60 5
41 61 5
42 62 1
43 63 1
44 64 2
45 65 3
46 66 3
47 67 5
48 67 5
49 68 3
50 69 5
51 70 1
52 70 1
53 71 4
54 72 2
55 72 3
56 73 4
57 74 3
58 75 5
59 76 3
60 77 1
61 77 5
62 78 2
62 79 4
62 80 3
63 81 4
63 82 2
64 83 1
64 84 3
64 85 1
65 86 5
65 87 1
65 88 1
65 89 3
66 90 5
66 91 2
66 92 4
67 93 4
67 94 1
67 95 1
68 96 1
68 97 5
69 98 2
69 99 1
69 100 5
69 101 4
69 102 2
70 103 3
70 104 2
70 105 4
70 106 3
70 107 5
71 108 4
71 109 1
72 110 3
72 111 1
72 112 5
73 113 5
73 114 3
73 115 3
74 116 3
74 117 3
74 118 4
75 119 3
75 120 1
75 121 4
76 122 1
76 123 4
76 124 3
76 125 1
76 126 3
77 127 4
77 128 2
77 129 2
77 130 1
78 131 3
79 131 4
80 131 4
81 131 3
82 131 5
83 132 5
84 132 3
85 132 5
86 132 2
87 132 2
88 132 3
89 132 5
90 133 1
91 133 1
92 133 4
93 133 1
94 133 3
95 133 1
96 134 1
97 134 5
98 134 3
99 134 3
100 134 2
101 135 3
102 135 5
103 136 3
104 136 1
105 136 1
106 136 5
107 136 4
108 137 5
109 137 3
110 137 1
111 137 5
112 137 1
113 138 5
114 138 5
115 138 4
116 138 4
117 139 3
118 139 4
119 140 5
120 140 4
121 140 4
122 140 3
123 140 2
124 140 5
125 140 3
126 141 3
127 141 3
128 141 5
129 142 4
130 142 1
131 143 2
132 144 1
133 145 1
134 146 3
135 147 5
136 148 2
136 149 1
137 150 1
138 151 1
139 152 4
139 153 5
140 154 4
140 155 3
141 156 4
142 157 4
143 158 2
144 159 1
145 160 1
146 161 5
147 162 1
148 163 4
149 164 3
150 165 4
150 166 3
150 167 2
151 168 4
151 169 1
152 170 3
153 171 4
154 172 2
155 173 3
156 174 1
156 175 4
157 176 5
157 177 4
157 178 1
158 179 5
159 180 3
160 181 1
161 182 2
162 183 2
163 184 5
164 185 5
165 186 5
166 187 3
167 188 4
168 189 5
169 190 4
170 191 2
171 192 2
172 193 1
173 194 4
174 195 3
175 196 4
176 197 4
177 198 1
178 199 3
179 200 4
180 200 3
181 200 2
182 200 2
183 200 1
184 200 4
185 200 1
186 200 1
187 200 2
188 200 5
189 200 4
190 200 2
191 200 2
192 200 1
193 200 3
194 200 5
195 200 5
196 200 3
197 200 4
198 200 1
199 200 3
