1 2 1
1 3 1
1 4 1
1 5 1
1 6 1
2 7 1
2 8 1
3 9 1
3 10 1
3 11 1
4 12 1
4 13 1
4 14 1
5 15 1
5 16 1
6 17 1
7 18 1
8 19 1
9 20 1
10 21 1
11 22 1
12 23 1
13 24 1
14 25 1
15 25 1
16 26 1
17 27 1
18 28 1
19 28 1
20 29 1
21 30 1
22 30 1
23 31 1
24 32 1
25 32 1
26 33 1
27 34 1
28 35 1
29 36 1
30 37 1
31 38 1
32 39 1
33 40 1
34 41 1
35 42 1
35 43 1
36 44 1
37 45 1
38 46 1
38 47 1
39 48 1
39 49 1
40 50 1
41 51 1
41 52 1
42 53 1
43 54 1
44 54 1
45 54 1
46 55 1
47 55 1
48 56 1
49 57 1
50 57 1
51 58 1
52 59 1
53 60 1
54 61 1
55 62 1
56 63 1
57 64 1
58 65 1
59 65 1
60 66 1
60 67 1
61 68 1
61 69 1
62 70 1
62 71 1
63 72 1
63 73 1
64 74 1
65 75 1
66 76 1
67 77 1
68 78 1
69 79 1
70 80 1
71 81 1
72 82 1
73 83 1
74 84 1
74 85 1
75 86 1
76 87 1
77 88 1
78 89 1
79 90 1
80 91 1
81 92 1
82 93 1
83 94 1
83 95 1
84 96 1
85 97 1
86 98 1
86 99 1
87 100 1
88 101 1
89 102 1
90 103 1
91 104 1
92 105 1
93 106 1
94 107 1
95 108 1
96 109 1
97 110 1
98 111 1
99 112 1
100 113 1
101 114 1
102 114 1
103 115 1
104 115 1
105 116 1
106 116 1
107 116 1
108 116 1
109 117 1
110 118 1
111 119 1
112 119 1
113 120 1
114 121 1
114 122 1
115 123 1
116 124 1
117 125 1
117 126 1
118 127 1
119 128 1
120 129 1
121 130 1
122 131 1
123 131 1
124 132 1
125 133 1
126 134 1
127 135 1
128 136 1
129 137 1
129 138 1
129 139 1
130 140 1
131 141 1
132 142 1
133 143 1
134 144 1
135 145 1
136 146 1
136 147 1
137 148 1
138 149 1
139 150 1
140 151 1
141 152 1
142 153 1
143 153 1
144 154 1
145 155 1
146 156 1
147 157 1
148 158 1
149 159 1
150 160 1
151 161 1
152 162 1
153 163 1
154 164 1
155 165 1
155 166 1
156 167 1
157 168 1
158 169 1
159 170 1
160 170 1
161 170 1
162 171 1
163 172 1
164 172 1
165 173 1
166 173 1
167 173 1
168 174 1
169 175 1
169 176 1
170 177 1
170 178 1
171 179 1
172 180 1
172 181 1
173 182 1
173 183 1
173 184 1
174 185 1
174 186 1
174 187 1
175 188 1
176 189 1
177 190 1
178 191 1
179 192 1
180 193 1
181 194 1
182 195 1
183 196 1
184 197 1
185 198 1
186 199 1
187 199 1
188 200 1
189 200 1
190 200 1
191 200 1
192 200 1
193 200 1
194 200 1
195 200 1
196 200 1
197 200 1
198 200 1
199 200 1
