1 2 6
1 3 9
1 4 3
1 5 4
2 6 7
2 7 4
3 8 5
3 9 6
3 10 9
3 11 6
4 12 7
4 13 7
4 14 3
5 15 4
5 16 6
6 17 4
6 18 4
6 19 9
7 20 7
8 21 7
8 22 5
9 23 2
10 24 6
11 25 4
12 26 2
13 27 7
14 28 9
15 29 1
16 30 7
17 31 1
18 32 3
19 33 4
20 34 8
21 35 8
22 36 8
23 37 5
24 38 1
25 39 5
26 40 9
27 41 2
28 42 8
29 42 6
30 43 2
31 44 7
32 45 8
32 46 6
32 47 7
33 48 9
33 49 1
34 50 6
35 51 9
35 52 9
36 53 4
36 54 7
36 55 8
37 56 2
38 57 4
39 58 4
40 59 2
41 60 7
41 61 8
42 62 2
42 63 3
43 64 5
43 65 5
44 66 8
45 66 4
46 66 6
47 66 3
48 67 7
49 68 4
50 68 2
51 69 4
52 70 1
53 70 3
54 71 5
55 72 2
56 72 5
57 73 2
58 74 4
59 74 1
60 74 8
61 75 3
62 75 4
63 76 8
64 77 1
65 78 2
66 79 5
67 80 4
68 81 1
68 82 2
68 83 9
68 84 9
68 85 8
69 86 7
69 87 2
70 88 7
70 89 6
71 90 8
71 91 7
72 92 8
72 93 9
73 94 6
74 95 6
75 96 9
76 97 1
77 98 8
77 99 4
77 100 7
78 101 2
78 102 2
79 103 9
80 103 1
81 103 2
82 104 2
83 104 3
84 105 6
85 105 4
86 106 8
87 107 8
88 108 7
89 108 6
90 109 7
91 109 8
92 109 2
93 110 2
94 110 5
95 110 8
96 111 6
97 111 5
98 112 7
99 113 5
100 113 7
101 114 6
102 115 6
103 116 2
104 117 2
105 118 3
105 119 5
106 120 3
106 121 4
107 122 6
107 123 6
107 124 7
108 125 1
109 126 9
109 127 4
109 128 1
110 129 8
110 130 1
111 131 5
112 132 8
112 133 2
113 134 4
113 135 5
114 136 3
114 137 4
115 138 8
115 139 3
115 140 9
115 141 4
116 142 2
117 143 8
118 143 6
119 144 3
120 144 5
121 145 3
122 146 3
123 147 9
124 148 7
125 148 9
126 149 2
127 150 9
128 151 1
129 152 9
130 153 4
131 154 5
132 155 8
133 156 2
134 157 6
135 157 2
136 158 1
137 158 1
138 159 7
139 160 8
140 161 9
141 161 9
142 162 1
143 163 3
144 164 9
145 165 5
146 166 1
147 167 4
148 168 8
149 169 2
150 170 6
151 171 2
152 172 1
153 173 4
154 174 5
155 175 6
156 176 4
156 177 5
157 178 6
158 179 5
159 180 5
160 181 9
161 182 8
162 183 5
163 183 2
164 184 3
165 184 7
166 185 4
167 185 1
168 186 4
169 187 8
170 188 1
171 189 3
172 190 3
173 191 1
174 191 7
175 192 1
176 193 8
177 193 1
178 194 4
179 194 7
180 195 9
181 196 9
182 197 9
183 198 2
184 199 4
185 200 2
186 201 4
187 201 2
188 202 7
189 203 6
190 204 5
191 205 3
192 206 2
193 207 1
194 208 4
195 209 7
196 210 9
197 211 2
198 212 1
198 213 3
198 214 9
199 215 8
200 216 1
201 217 5
202 218 7
203 219 9
203 220 8
204 221 7
205 222 1
206 223 4
207 224 1
208 225 8
209 226 6
210 227 2
211 228 9
212 229 5
213 230 8
214 231 1
215 232 4
216 233 6
217 234 1
217 235 2
218 236 8
219 237 5
220 238 3
221 239 8
222 240 9
223 241 1
224 242 5
224 243 2
225 244 5
226 245 5
227 246 3
228 247 8
229 248 2
230 249 4
231 250 4
232 251 8
233 252 3
234 253 9
235 253 7
236 254 4
237 254 6
238 255 5
239 256 1
240 257 5
241 258 1
242 258 3
243 259 1
244 260 9
245 261 6
246 262 2
247 263 1
248 264 9
248 265 6
248 266 1
249 267 8
250 268 8
250 269 3
250 270 8
251 271 9
252 272 9
253 273 9
253 274 6
254 275 7
255 276 8
256 277 9
257 278 1
257 279 5
258 280 4
259 281 3
260 282 9
261 283 5
262 284 2
263 285 6
264 286 9
265 286 7
266 287 5
267 287 2
268 288 2
269 288 6
270 289 4
271 289 9
272 290 4
273 290 6
274 291 8
275 292 1
276 292 1
277 292 9
278 293 6
279 293 8
280 294 7
281 294 2
282 295 5
283 296 3
284 296 1
285 296 9
286 297 2
286 298 6
287 299 2
287 300 1
288 301 6
289 302 2
290 303 5
291 304 7
291 305 1
292 306 3
293 307 6
294 308 2
295 309 8
296 310 9
296 311 4
297 312 7
298 312 4
299 313 8
300 314 1
301 315 8
302 316 7
303 317 6
304 317 3
305 318 1
306 318 3
307 319 2
308 319 3
309 320 1
310 321 4
311 322 9
312 323 6
312 324 7
312 325 7
313 326 1
313 327 8
313 328 5
314 329 1
315 330 5
316 331 9
316 332 2
317 333 8
318 334 8
319 335 5
319 336 4
319 337 2
320 338 7
320 339 1
321 340 8
322 341 1
323 342 5
324 343 2
325 344 7
326 345 9
327 346 2
328 347 3
329 348 5
330 349 4
331 350 3
332 351 5
333 352 3
334 352 1
335 353 8
336 354 7
337 355 7
338 356 2
339 357 4
340 358 9
341 359 7
342 360 6
343 361 6
344 362 7
345 362 9
346 363 6
347 364 1
348 365 4
349 366 3
350 366 2
351 367 8
352 367 9
353 368 4
354 369 4
355 370 7
356 370 1
357 371 6
358 372 4
359 373 2
360 374 8
361 375 7
362 376 3
363 377 9
364 377 3
365 378 4
366 379 5
367 380 9
368 381 5
369 382 2
370 383 9
371 384 1
372 384 5
373 385 4
374 386 1
375 387 3
376 388 1
377 389 7
378 390 1
379 391 4
380 391 5
381 392 7
382 393 8
383 394 6
384 395 8
385 395 3
386 396 4
386 397 5
387 398 1
388 399 1
389 400 7
389 401 6
390 402 8
390 403 1
390 404 9
391 405 5
392 406 3
392 407 5
393 408 7
393 409 9
393 410 2
394 411 8
395 412 2
395 413 5
396 414 5
397 415 7
398 415 6
399 415 4
400 416 5
401 416 6
402 416 1
403 417 3
404 418 9
405 418 1
406 418 5
407 419 7
408 420 4
409 421 4
410 421 9
411 422 3
412 423 8
413 424 4
414 425 2
414 426 6
414 427 5
414 428 2
414 429 4
415 430 9
415 431 5
415 432 9
415 433 1
415 434 5
416 435 3
416 436 1
417 437 5
418 438 8
418 439 1
418 440 7
419 441 8
419 442 4
419 443 4
420 444 1
420 445 2
421 446 7
422 447 7
422 448 2
422 449 8
423 450 4
423 451 8
423 452 1
423 453 6
424 454 1
424 455 6
425 456 5
426 457 1
427 457 7
428 458 5
429 458 4
430 458 8
431 459 9
432 459 6
433 459 9
434 460 5
435 460 3
436 461 6
437 461 6
438 461 9
439 462 5
440 462 5
441 463 5
442 464 6
443 464 7
444 465 1
445 465 4
446 466 1
447 466 3
448 467 3
449 468 6
450 468 4
451 468 3
452 469 7
453 470 1
454 470 4
455 471 3
456 472 2
457 473 4
457 474 5
458 475 6
459 476 8
460 477 1
461 478 4
461 479 5
462 480 1
462 481 5
463 482 6
464 483 7
464 484 3
465 485 8
465 486 3
465 487 6
466 488 3
467 489 7
468 490 6
469 491 4
469 492 3
470 493 3
470 494 4
471 495 6
472 496 5
473 496 2
474 497 7
475 498 7
476 498 2
477 499 6
478 500 5
479 500 8
480 501 8
481 501 2
482 502 4
483 503 9
484 504 9
485 504 1
486 505 4
487 506 9
488 507 6
489 507 9
490 508 2
491 509 5
492 510 3
493 510 1
494 511 8
495 512 5
496 513 9
496 514 6
497 515 4
497 516 1
498 517 2
499 518 6
499 519 6
500 520 8
501 521 6
502 522 9
503 523 4
504 524 7
505 525 3
506 526 4
507 527 1
508 528 6
509 529 9
510 530 3
511 531 3
512 532 8
513 533 8
514 534 5
515 535 4
516 536 6
517 537 9
518 538 5
519 539 7
520 540 1
521 541 6
522 542 6
523 543 5
524 544 8
525 545 4
526 546 1
527 547 5
528 548 1
529 549 2
530 550 1
531 551 5
532 552 8
533 553 8
534 554 7
535 555 7
536 556 6
537 556 7
538 556 8
539 557 2
540 558 8
541 559 5
542 559 3
543 560 3
544 560 6
545 561 1
546 561 3
547 562 7
548 562 4
549 563 5
550 564 3
551 564 3
552 564 2
553 565 7
553 566 2
554 567 1
554 568 6
555 569 9
556 570 4
556 571 2
557 572 3
558 573 2
558 574 7
559 575 7
560 576 6
560 577 9
561 578 3
562 579 3
563 580 5
563 581 1
564 582 9
565 583 7
566 584 1
567 585 1
568 586 7
569 587 9
570 588 1
571 589 1
571 590 5
572 591 8
573 592 4
574 593 6
575 594 9
576 595 7
576 596 8
577 597 8
578 598 4
579 599 5
580 600 5
580 601 8
581 602 8
582 603 7
583 604 3
584 605 3
585 606 4
586 607 7
587 608 2
588 609 9
589 610 6
590 611 5
591 611 5
592 611 6
593 612 8
594 613 5
595 614 5
596 614 1
597 615 4
598 615 7
599 616 5
600 617 4
601 618 2
602 618 6
603 618 4
604 619 5
604 620 5
605 621 1
606 622 7
607 623 1
608 624 9
608 625 8
609 626 2
609 627 7
610 628 5
611 629 5
612 630 5
612 631 3
613 632 4
614 633 4
614 634 2
615 635 6
616 636 5
617 637 7
617 638 3
618 639 2
619 640 5
620 640 3
621 641 4
622 641 2
623 641 4
624 642 7
625 643 2
626 644 5
627 644 4
628 645 8
629 646 6
630 646 8
631 646 6
632 647 7
633 647 4
634 648 9
635 648 9
636 648 3
637 649 8
638 649 9
639 650 3
640 651 7
641 652 8
642 653 8
642 654 6
643 655 9
644 656 4
645 657 4
646 658 8
647 659 3
648 660 5
649 661 4
650 662 3
651 663 4
652 663 7
653 664 2
654 665 9
655 665 7
656 666 1
657 667 2
658 668 3
659 669 3
660 670 1
661 670 7
662 671 8
663 672 3
663 673 1
663 674 2
663 675 6
663 676 9
664 677 2
665 678 5
665 679 9
666 680 7
667 681 5
667 682 8
667 683 3
667 684 6
668 685 3
668 686 4
669 687 2
669 688 9
670 689 4
670 690 7
670 691 2
670 692 6
671 693 3
672 694 3
673 695 9
674 696 7
675 697 4
676 698 9
677 698 2
678 699 4
679 700 3
680 701 7
681 702 1
682 703 6
683 703 1
684 704 2
685 705 2
686 706 3
687 707 5
688 707 8
689 708 9
690 708 8
691 709 1
692 710 1
693 711 5
694 712 3
695 713 6
696 714 2
697 714 2
698 715 4
699 716 1
700 717 8
701 718 6
702 719 5
703 720 4
704 721 5
705 722 9
706 723 5
707 724 5
708 725 6
709 726 9
710 727 7
711 728 4
712 729 1
712 730 1
713 731 4
714 732 7
715 733 9
716 734 8
717 735 9
718 736 9
719 737 2
720 738 7
721 739 3
722 740 1
723 741 6
724 742 5
725 743 7
725 744 7
726 745 1
727 746 7
728 747 7
729 748 5
730 748 2
731 749 3
732 749 6
733 749 3
734 750 3
735 750 2
736 751 2
737 751 6
738 752 2
739 752 1
740 752 2
741 753 9
742 753 8
743 753 3
744 754 8
745 754 5
746 754 2
747 755 3
748 756 1
748 757 1
748 758 3
749 759 2
750 760 9
751 761 7
752 762 8
752 763 8
753 764 3
754 765 9
755 766 3
756 767 9
756 768 8
756 769 5
757 770 1
757 771 1
757 772 3
757 773 6
758 774 4
758 775 2
758 776 1
758 777 1
759 778 8
760 779 3
760 780 2
761 781 6
761 782 2
761 783 3
762 784 2
762 785 5
762 786 4
762 787 2
763 788 7
763 789 5
763 790 1
764 791 6
765 792 7
766 793 3
766 794 8
766 795 2
766 796 4
767 797 7
768 797 5
769 797 8
770 798 6
771 799 5
772 799 3
773 800 1
774 801 1
775 802 3
776 802 8
777 803 4
778 804 6
779 804 4
780 805 5
781 805 1
782 806 7
783 806 4
784 807 6
785 808 5
786 808 9
787 809 3
788 810 1
789 811 7
790 811 8
791 812 5
792 812 3
793 812 4
794 812 2
795 812 2
796 812 6
797 813 5
798 813 7
799 814 2
800 815 5
801 815 7
802 815 8
803 816 6
804 817 4
805 818 8
806 819 3
807 820 8
808 821 8
809 821 8
810 822 1
811 823 3
812 824 5
813 825 5
814 826 1
814 827 3
814 828 5
815 829 4
816 830 8
817 831 5
817 832 7
817 833 4
818 834 7
818 835 3
818 836 4
818 837 5
819 838 3
820 839 1
820 840 1
821 841 7
822 842 8
823 843 5
823 844 2
824 845 9
825 846 6
826 847 8
827 848 3
828 849 5
829 850 5
830 851 8
831 852 1
832 853 7
833 854 2
834 855 4
835 856 9
836 857 3
837 858 4
838 859 3
839 860 6
840 861 5
841 861 4
842 862 7
843 863 8
844 864 3
845 865 4
846 866 2
847 867 1
848 868 4
849 868 3
850 868 5
851 869 6
852 870 4
853 871 9
854 871 3
855 872 1
856 873 8
857 874 4
858 875 5
859 876 9
860 876 2
861 877 9
862 877 8
863 878 2
864 879 1
865 879 7
866 880 5
867 881 6
868 881 9
869 882 6
870 883 8
871 884 3
872 885 3
873 885 5
874 886 3
875 886 8
876 887 1
877 887 9
878 888 5
879 888 7
880 889 5
881 890 6
882 891 9
883 892 9
884 893 6
884 894 9
885 895 9
886 896 4
887 897 4
888 898 3
888 899 3
889 900 3
890 900 6
891 900 9
892 900 5
893 900 9
894 900 3
895 900 2
896 900 9
897 900 6
898 900 9
899 900 2
