1 1 2 0
0 0 2 2
2 0 2 7
5 17 6 1
7 6 5 0
13 17 16 10
1 3 6 4
0 2 8 0
20 18 8 12
1 0 2 5
0 3 1 4
4 4 3 1
2 0 1 0
4 3 6 6
5 2 9 8
11 6 7 7
19 17 15 8
22 6 10 20
24 11 4 13
11 10 18 7
17 23 12 21
1 6 7 5
8 22 2 24
6 7 5 3
1 1 1 0
23 22 0 19
2 1 5 0
7 4 4 10
5 6 0 4
0 3 8 4
2 1 1 2
2 2 4 5
7 8 5 7
0 2 2 4
2 3 1 5
6 6 3 9
7 5 3 3
4 5 6 8
1 1 0 0
11 0 2 14
6 10 2 4
12 2 2 10
14 10 23 2
7 8 5 7
7 6 6 16
4 3 2 4
5 3 1 0
23 28 28 0
9 15 15 8
28 28 13 25
8 11 18 13
24 12 9 1
18 3 1 4
1 11 16 1
5 7 4 1
1 1 5 9
12 8 12 9
3 1 19 20
2 5 6 5
3 11 0 7
15 0 4 21
11 15 1 11
13 24 20 14
8 4 4 6
1 2 0 1
3 2 3 5
1 10 9 14
17 20 0 3
22 7 5 1
6 6 9 9
5 13 4 14
10 2 8 8
14 15 2 16
17 7 23 22
0 1 1 2
5 2 9 12
7 1 2 7
4 5 1 4
14 5 16 14
1 23 0 13
1 0 0 2
5 4 1 5
3 5 0 7
7 7 17 13
11 21 15 8
3 0 9 3
14 11 5 14
2 2 2 1
14 6 1 22
0 14 6 16
2 1 1 0
12 7 24 4
10 11 4 13
4 3 23 4
7 6 14 9
7 2 12 3
0 2 5 8
13 13 13 6
0 1 1 1
4 13 16 3
3 6 0 2
2 8 15 12
4 3 12 11
5 2 5 3
2 2 1 2
16 16 13 4
11 8 10 12
4 7 6 17
3 2 0 7
4 0 4 1
1 1 0 2
5 2 6 2
20 26 1 25
1 7 0 7
9 1 25 19
4 1 5 0
16 27 13 3
15 10 0 7
2 2 0 0
17 1 4 4
0 14 5 6
0 2 0 1
0 5 23 2
1 2 0 2
1 7 9 1
25 24 21 14
14 18 5 26
1 3 2 2
8 5 6 4
8 12 4 8
19 25 9 16
2 3 4 8
17 9 17 14
12 19 18 2
16 2 24 21
8 5 5 4
16 12 0 11
7 3 8 2
5 0 14 2
6 5 3 2
10 11 10 5
4 10 2 5
14 1 8 10
15 8 4 8
11 10 3 11
9 8 9 10
20 10 20 22
15 17 8 0
4 5 0 1
13 8 9 14
9 6 6 2
3 4 5 1
13 9 15 14
21 13 17 5
6 12 14 2
19 17 15 9
16 4 0 16
20 9 19 16
10 7 8 4
8 3 0 1
12 10 11 18
5 5 3 10
0 1 0 0
23 20 9 4
4 3 4 0
16 0 10 13
3 7 24 7
7 0 1 1
1 1 2 2
19 18 12 12
1 7 2 9
4 8 5 3
13 2 12 6
3 24 4 15
1 0 1 6
9 1 5 3
3 1 2 8
22 6 19 12
14 3 6 3
18 5 10 14
0 7 6 3
13 7 20 4
1 14 6 19
12 2 0 10
2 0 1 2
2 0 5 9
15 5 6 8
6 14 12 1
3 6 1 5
7 5 2 12
18 22 11 9
4 6 6 0
12 14 11 2
0 6 4 15
9 3 2 8
4 1 6 4
8 23 8 16
11 20 19 24
16 9 12 8
22 13 25 16
8 4 7 3
11 10 0 10
21 25 18 23
0 3 0 4
5 4 0 0
3 6 1 4
8 3 9 9
22 11 7 23
21 8 18 8
3 3 11 10
8 1 2 6
3 4 2 2
6 9 18 11
4 4 4 2
7 11 20 5
1 2 1 0
1 2 1 0
11 10 14 14
2 18 7 5
2 17 10 19
3 3 4 5
6 0 4 0
11 12 17 4
7 1 2 7
15 2 23 17
4 0 2 5
4 3 0 6
15 13 10 18
6 22 3 11
14 2 17 8
12 11 11 13
20 16 13 21
1 7 12 1
5 6 15 12
12 13 4 13
26 0 8 11
4 2 1 0
19 22 8 2
7 6 8 4
4 12 2 12
7 6 23 21
1 2 3 7
4 3 4 3
3 4 6 2
8 14 2 0
7 1 8 2
23 10 6 1
14 18 16 2
13 8 0 10
12 3 9 7
16 12 1 8
24 24 21 16
14 0 7 15
18 3 17 15
1 3 4 2
0 15 10 13
3 20 12 2
16 24 2 14
28 4 26 3
7 23 4 1
10 2 9 5
0 0 0 3
20 1 11 12
3 12 15 11
4 0 7 0
4 2 0 3
0 20 14 7
26 24 13 5
4 6 6 3
7 7 16 7
5 9 10 5
1 2 8 5
2 0 7 4
8 1 8 14
15 2 16 16
1 1 1 2
15 23 28 3
17 8 16 8
19 22 5 2
2 11 13 12
12 1 10 12
0 1 0 1
1 7 7 3
16 10 2 21
0 1 2 2
1 10 13 11
5 7 11 8
2 5 6 6
8 3 8 2
19 17 4 11
6 9 3 4
0 0 1 1
13 8 14 6
2 18 8 7
4 12 16 24
13 7 1 1
2 3 8 17
8 9 10 9
1 2 0 0
1 1 2 0
1 0 8 1
3 3 1 1
16 16 6 9
8 16 1 5
3 6 0 6
27 2 1 7
16 17 9 13
26 12 25 11
1 6 5 3
1 1 2 0
0 8 10 11
3 6 5 13
24 10 20 21
4 15 1 6
7 4 5 27
6 9 9 12
3 6 8 11
8 1 0 9
9 0 5 8
12 3 8 1
13 11 3 11
8 2 8 6
8 1 5 8
3 2 1 3
4 6 7 5
7 12 4 9
8 2 7 7
0 1 0 2
16 10 3 18
0 0 0 2
9 4 8 2
16 5 3 7
3 24 17 1
2 6 14 15
11 8 9 0
4 5 5 2
5 6 6 1
9 7 0 17
3 5 5 6
4 0 3 0
1 11 9 5
1 0 0 1
12 12 12 8
23 15 6 2
6 3 8 22
8 5 7 2
24 20 24 0
7 4 1 0
1 2 1 0
10 11 11 11
5 5 0 3
9 9 9 19
5 2 10 7
26 27 17 27
2 0 1 2
10 6 11 0
19 0 17 3
15 18 12 10
0 0 2 1
10 7 10 9
2 4 3 0
10 14 0 8
25 19 0 13
23 14 19 12
13 15 13 12
12 11 15 21
12 7 14 4
6 22 14 21
12 3 11 9
7 3 10 9
1 2 0 1
6 8 13 18
1 18 8 10
1 8 12 2
5 1 0 5
1 5 11 0
17 3 13 11
4 8 5 0
1 11 28 2
1 3 4 4
4 8 6 15
4 1 0 0
7 8 6 2
4 1 9 3
1 4 2 1
0 0 0 10
15 3 8 3
3 0 8 7
6 2 4 3
0 0 1 2
1 8 3 7
2 1 1 0
12 3 8 9
2 1 6 1
5 7 22 11
7 22 20 16
1 1 0 0
11 3 12 17
8 11 12 4
7 7 1 9
1 7 8 1
2 0 0 2
5 1 2 2
14 25 15 5
2 3 3 7
26 7 0 5
1 0 1 1
0 2 2 0
6 0 0 2
6 3 1 6
14 13 15 5
7 0 6 13
2 2 0 10
15 24 15 14
0 6 2 1
13 6 0 6
18 7 3 20
0 3 0 0
0 6 6 10
11 11 3 11
4 4 6 10
4 0 1 4
1 2 2 0
14 16 12 14
17 3 14 10
16 21 15 22
3 25 5 15
13 19 0 9
15 4 18 23
8 10 14 4
0 0 0 1
8 14 13 19
12 3 0 3
5 2 0 5
8 12 18 2
0 5 0 8
28 14 5 3
10 12 25 2
8 0 5 0
2 6 8 16
0 11 15 9
3 8 8 10
4 1 5 2
17 10 2 6
2 1 0 2
0 2 2 3
10 5 0 6
1 6 0 6
1 3 0 4
7 0 5 8
2 3 3 3
2 0 0 0
1 1 9 0
8 5 8 8
0 18 11 6
10 6 11 3
0 0 3 10
6 5 5 6
9 16 11 15
0 5 7 6
0 9 13 4
3 3 1 8
13 4 14 16
4 3 1 9
2 2 2 2
1 17 1 7
14 7 17 10
17 12 4 9
6 2 5 4
8 6 10 4
23 3 7 8
9 11 19 0
6 5 3 4
6 6 1 2
22 15 4 25
0 2 3 3
5 14 7 3
7 18 10 14
6 6 4 7
12 2 9 2
2 8 10 21
19 6 2 9
4 1 2 4
0 5 4 16
2 1 1 2
2 0 0 1
5 3 4 3
11 0 5 2
6 10 7 4
10 8 3 9
7 22 16 11
2 2 0 1
13 20 3 18
6 10 4 5
10 7 7 7
0 3 11 11
2 20 6 2
0 3 12 6
4 18 17 5
3 0 3 0
10 0 4 8
9 12 2 13
2 3 0 10
6 6 0 6
28 1 8 5
3 0 0 2
9 9 11 14
5 13 2 1
7 6 2 3
1 0 4 2
28 27 11 1
0 9 14 6
2 13 10 4
4 11 20 5
1 6 6 18
3 4 6 6
8 1 2 12
18 2 12 13
16 12 24 9
4 4 15 0
1 5 4 1
9 22 0 18
3 7 1 7
6 2 10 13
0 6 1 3
13 18 13 0
2 0 2 1
5 4 0 1
16 16 11 11
0 0 0 0
2 0 2 0
7 6 4 10
6 6 3 2
26 23 7 15
4 2 2 2
2 1 9 3
4 7 1 3
9 5 12 5
4 0 1 2
20 6 13 9
0 8 0 0
17 4 17 1
3 13 8 20
0 1 0 1
3 1 1 3
11 6 14 11
19 16 11 22
4 7 8 5
8 4 3 3
9 21 19 16
20 10 9 3
6 0 0 4
8 2 9 8
5 28 5 26
10 5 4 8
11 13 10 19
4 4 2 0
2 19 25 20
11 24 4 13
1 7 3 2
5 15 13 2
17 6 13 9
2 10 5 26
20 9 10 13
2 9 5 6
2 2 1 0
17 2 19 8
19 21 1 22
4 10 5 19
6 5 9 4
7 4 10 7
2 12 2 3
11 23 2 15
15 5 16 5
17 1 16 8
10 15 13 10
23 18 26 16
4 5 11 5
16 13 3 5
15 8 3 9
22 6 5 22
0 11 14 3
3 5 1 0
12 13 21 6
2 0 2 6
2 9 13 11
0 14 7 13
1 7 22 13
8 3 7 7
0 0 1 0
15 6 11 2
7 5 4 3
2 7 4 16
13 7 2 17
7 24 2 21
2 5 4 0
2 5 1 6
13 3 8 1
6 2 7 0
2 5 0 2
1 9 2 8
2 6 9 9
15 11 11 17
7 16 11 3
10 14 15 17
3 0 12 5
3 1 3 2
1 1 3 3
2 11 7 2
5 8 10 7
0 1 1 2
0 1 1 2
3 0 7 7
3 2 23 21
4 19 6 14
0 9 14 25
2 4 0 6
5 1 5 2
9 9 23 6
1 3 2 4
6 4 9 10
6 10 5 4
17 20 9 1
4 2 2 4
22 5 25 8
18 17 5 3
1 2 0 1
5 2 5 8
7 7 7 5
25 6 20 1
2 0 0 0
13 9 0 5
5 4 8 1
20 12 17 14
0 11 6 0
13 2 16 13
4 17 16 17
0 2 2 0
4 7 5 4
19 10 22 21
3 4 1 6
3 1 8 8
3 5 4 8
2 0 1 2
2 10 16 20
2 11 11 4
1 12 1 1
11 8 6 17
9 12 9 10
13 2 23 23
7 8 24 8
11 0 7 7
3 2 2 0
22 15 22 3
3 3 13 15
1 4 0 3
5 4 6 0
2 0 3 0
4 6 6 2
6 2 10 9
1 4 2 0
5 0 3 6
10 10 4 9
0 10 6 6
0 13 9 19
12 12 6 12
6 2 8 0
1 1 0 0
6 16 7 1
13 13 7 2
1 1 3 2
3 10 6 8
1 0 0 2
8 4 12 5
1 22 6 18
3 4 2 2
1 5 9 5
6 16 0 5
2 2 4 9
13 19 17 11
10 13 16 10
4 0 4 4
6 1 5 5
3 21 9 4
8 8 6 10
13 11 22 19
16 20 7 13
11 13 8 2
20 5 18 10
0 1 2 2
7 6 6 1
22 4 23 18
6 3 5 3
0 5 12 4
8 5 4 8
0 11 14 4
9 8 5 10
8 3 0 4
5 7 9 10
0 3 2 1
