1 2 10
1 3 16
1 4 10
1 5 16
1 6 17
2 7 13
2 8 11
2 9 16
2 10 1
2 11 13
3 12 9
3 13 8
3 14 7
3 15 16
4 16 6
4 17 8
4 18 8
4 19 8
4 20 13
5 21 9
5 22 5
5 23 8
5 24 17
6 25 1
6 26 15
6 27 10
6 28 14
6 29 3
7 30 2
8 31 9
9 32 8
10 33 17
11 34 5
12 34 15
13 35 14
14 35 5
15 36 8
16 37 17
17 37 7
18 38 11
19 39 8
20 40 10
21 40 9
22 41 14
23 41 16
24 42 7
25 42 14
26 43 4
27 43 14
28 44 10
29 45 3
30 46 17
30 47 17
31 48 10
32 49 2
33 50 12
34 51 11
35 52 17
35 53 4
36 54 3
37 55 2
38 56 17
39 57 5
40 58 11
41 59 13
42 60 2
43 61 9
44 62 1
44 63 15
45 64 9
46 65 4
47 66 12
48 67 2
49 68 12
50 69 2
51 70 15
52 71 9
53 72 17
54 73 6
55 74 16
56 75 15
57 76 2
58 76 1
59 77 13
60 78 1
61 79 11
62 80 8
63 80 9
64 81 6
65 82 14
66 83 2
67 84 11
68 84 7
69 84 9
70 85 8
71 86 2
72 86 15
73 87 13
74 88 15
75 89 1
76 89 2
77 90 3
78 91 8
79 91 11
80 92 5
81 93 6
82 94 1
82 95 7
82 96 16
83 97 9
83 98 13
84 99 4
85 100 7
85 101 2
85 102 9
86 103 6
87 104 16
87 105 15
88 106 4
88 107 9
89 108 10
89 109 5
90 110 2
91 111 13
92 112 8
92 113 13
93 114 15
93 115 10
94 116 12
95 116 5
96 117 1
97 118 1
98 119 9
99 119 7
100 120 16
101 121 16
102 121 13
103 122 11
104 122 3
105 123 3
106 124 14
107 124 5
108 125 10
109 126 10
110 127 4
111 128 12
112 128 15
113 129 12
114 129 15
115 130 10
116 131 6
117 132 4
118 133 5
119 134 14
120 135 16
121 136 17
122 137 2
123 138 16
124 139 2
125 140 1
126 141 14
127 142 8
128 143 4
129 144 14
130 145 9
131 146 4
132 147 11
133 148 14
133 149 8
134 150 17
134 151 4
135 152 9
135 153 10
136 154 7
137 155 8
137 156 7
138 157 12
139 158 10
139 159 8
140 160 11
141 161 4
142 162 17
143 163 6
144 164 7
144 165 17
145 166 14
145 167 16
146 168 13
147 169 1
148 170 16
149 171 7
150 172 15
151 173 11
152 174 9
153 175 17
154 176 14
155 177 16
156 178 14
157 179 5
158 180 1
159 181 15
160 182 2
161 183 3
161 184 11
162 185 10
163 186 13
164 187 9
165 188 9
166 189 12
167 190 14
168 191 14
169 192 10
170 193 12
171 194 10
172 194 3
173 195 1
174 196 8
175 197 4
176 198 15
177 199 11
178 200 4
179 201 16
180 201 6
181 202 14
182 203 6
183 204 14
184 205 12
185 205 7
186 205 11
187 206 17
188 206 11
189 207 6
190 208 4
191 209 12
192 210 4
193 211 5
194 212 9
194 213 3
195 214 5
196 215 1
197 216 6
197 217 13
198 218 15
198 219 10
199 220 9
200 221 14
200 222 6
201 223 14
201 224 9
202 225 3
203 226 16
203 227 17
203 228 15
204 229 13
205 230 8
205 231 10
206 232 3
207 233 5
208 234 1
209 235 8
210 235 9
211 236 5
212 237 10
213 238 17
214 238 2
215 239 11
216 240 16
217 241 2
218 241 4
219 241 3
220 242 14
221 242 1
222 243 16
223 243 12
224 244 9
225 245 9
226 245 9
227 246 9
228 246 16
229 247 13
230 248 10
231 249 3
232 249 8
233 250 16
234 251 15
235 252 13
236 253 4
237 253 7
238 254 8
239 255 6
240 256 4
241 257 10
242 257 6
243 258 12
244 259 15
245 259 7
246 260 16
247 260 10
248 261 2
249 262 6
250 263 14
251 264 16
252 265 17
253 266 2
254 267 10
255 268 8
256 269 15
257 270 8
258 271 8
259 272 12
259 273 17
260 274 3
261 275 17
262 276 15
263 277 17
264 278 16
265 279 3
266 280 14
267 281 7
267 282 5
268 283 13
269 284 11
269 285 4
270 286 13
271 287 4
272 288 10
273 289 14
274 290 11
274 291 10
275 292 5
276 293 4
277 294 10
278 295 8
279 296 17
280 297 5
281 298 5
282 299 12
282 300 10
283 301 16
284 302 17
285 303 4
285 304 7
286 305 15
287 306 14
287 307 16
288 308 13
289 309 2
290 310 12
290 311 16
291 312 4
292 313 4
293 314 13
294 315 3
295 316 13
296 317 14
296 318 10
296 319 4
297 320 13
297 321 14
298 322 1
298 323 9
299 324 3
299 325 6
299 326 5
299 327 15
300 328 6
301 329 2
301 330 13
301 331 8
301 332 9
302 333 15
303 334 8
303 335 12
303 336 8
303 337 8
304 338 16
304 339 13
305 340 2
305 341 7
305 342 15
306 343 12
306 344 1
306 345 12
307 346 16
307 347 11
307 348 15
308 349 17
309 350 1
310 351 7
310 352 4
311 353 9
311 354 17
312 355 6
312 356 8
312 357 16
312 358 9
313 359 10
314 360 2
314 361 2
315 362 17
315 363 11
316 364 11
316 365 4
316 366 3
317 367 11
318 367 16
319 368 3
320 368 16
321 368 12
322 369 12
323 369 16
324 370 7
325 371 1
326 371 12
327 371 7
328 372 12
329 372 2
330 372 17
331 372 1
332 373 12
333 374 17
334 374 17
335 374 1
336 375 14
337 375 10
338 375 9
339 375 16
340 375 13
341 376 13
342 377 3
343 377 13
344 378 15
345 378 10
346 378 7
347 379 5
348 379 12
349 380 3
350 381 12
351 381 16
352 382 1
353 383 6
354 383 10
355 384 15
356 384 1
357 384 12
358 385 4
359 385 6
360 385 14
361 386 7
362 386 1
363 386 5
364 387 11
365 387 1
366 387 8
367 388 7
368 389 7
369 390 12
370 391 7
371 392 2
372 393 9
373 394 2
374 395 6
375 396 4
376 397 16
377 398 10
378 399 2
379 400 15
380 401 8
381 402 6
382 403 10
383 404 5
384 405 17
385 406 6
386 407 6
387 408 13
388 409 13
389 410 13
390 410 1
391 411 5
392 412 7
393 413 5
394 413 15
395 414 16
396 415 7
397 416 1
398 417 8
399 418 13
400 419 12
401 420 5
402 421 9
403 421 8
404 422 10
405 422 10
406 422 3
407 423 16
408 424 10
409 425 5
409 426 12
410 427 12
411 428 15
412 429 15
413 430 7
413 431 2
414 432 16
415 433 2
416 434 9
417 435 16
418 436 8
419 437 5
420 438 16
421 439 8
422 440 3
423 441 1
424 442 6
425 443 11
426 444 4
427 445 8
428 445 1
429 446 9
430 447 3
431 447 7
432 448 2
433 448 1
434 448 16
435 449 4
436 450 7
437 451 8
438 452 5
439 452 17
440 453 17
441 453 4
442 454 9
443 455 15
444 456 11
445 457 1
445 458 11
446 459 17
447 460 10
448 461 17
449 462 2
449 463 12
450 464 14
451 465 7
452 466 8
453 467 13
453 468 6
453 469 1
454 470 15
455 471 10
456 472 8
457 473 6
458 474 10
459 475 16
460 476 5
460 477 10
461 478 15
462 479 8
462 480 15
463 481 9
464 482 1
465 483 12
465 484 12
466 485 17
467 486 13
468 487 1
469 488 10
470 489 1
471 490 2
472 491 15
473 492 7
473 493 10
474 494 1
475 495 2
475 496 8
475 497 7
476 498 7
477 499 2
478 500 11
479 501 7
480 502 8
481 503 9
482 504 5
483 505 15
483 506 17
484 507 2
485 508 8
486 509 13
487 510 6
488 511 1
489 512 12
490 513 16
491 514 10
492 515 4
493 516 8
494 517 3
495 517 9
496 518 2
497 519 3
498 520 11
499 521 16
500 522 11
501 523 10
502 524 5
503 524 2
504 524 3
505 525 6
506 525 11
507 526 15
508 527 3
509 527 15
510 528 3
511 528 17
512 529 10
513 530 5
514 531 4
515 532 14
516 533 10
517 534 11
518 535 12
519 536 9
519 537 10
519 538 11
520 539 10
521 540 7
522 541 4
523 542 1
524 543 3
525 544 17
526 545 8
526 546 10
527 547 11
528 548 3
529 549 17
530 550 1
531 551 9
532 551 10
533 552 17
534 553 12
535 554 5
536 555 11
537 555 15
538 556 11
539 556 14
540 557 5
541 558 9
542 559 3
543 559 2
544 559 3
545 560 12
546 561 11
547 562 3
548 563 13
549 564 10
550 565 12
551 566 14
552 567 6
553 568 14
554 569 1
554 570 1
555 571 14
556 572 10
557 573 17
558 574 12
558 575 10
559 576 6
560 577 17
560 578 10
561 579 1
561 580 14
562 581 5
563 582 10
563 583 6
564 584 9
565 585 14
566 586 2
567 587 17
568 588 17
569 589 11
570 590 7
571 591 6
572 592 5
573 593 7
574 594 17
575 595 12
576 596 3
577 596 1
578 597 7
579 598 9
580 598 12
581 599 14
582 600 8
583 601 15
584 602 3
585 603 9
586 604 6
587 605 8
588 606 14
589 606 5
590 607 17
591 608 13
592 609 7
593 610 3
594 611 12
595 611 4
596 612 16
597 613 14
598 614 1
599 615 16
600 616 3
601 616 5
602 617 14
603 618 1
603 619 12
604 620 4
604 621 2
605 622 9
605 623 8
606 624 2
607 625 11
607 626 13
608 627 1
609 628 4
610 629 15
610 630 16
611 631 10
612 632 9
612 633 6
613 634 1
614 635 4
614 636 5
614 637 2
614 638 15
615 639 15
616 640 9
616 641 11
616 642 14
617 643 5
618 644 3
619 645 2
620 646 15
621 647 4
622 648 15
623 648 5
624 649 14
625 650 14
626 651 1
627 652 9
628 653 10
629 654 8
630 655 8
631 656 17
632 656 7
633 657 13
634 658 10
635 659 11
636 659 1
637 660 9
638 660 9
639 661 10
640 662 11
641 663 15
642 664 15
643 664 16
644 665 2
645 666 3
646 667 11
647 668 1
648 669 3
649 670 13
650 671 3
651 672 2
652 673 2
653 674 3
654 675 17
655 676 14
656 676 15
657 677 4
658 678 8
659 679 8
660 680 11
661 681 12
662 682 5
663 683 16
664 684 17
665 685 2
666 685 2
667 686 13
668 686 13
669 687 7
670 688 2
671 689 14
672 690 5
673 691 12
674 691 16
675 692 16
676 693 2
677 694 1
678 695 9
679 695 12
680 696 14
681 697 4
682 698 15
683 698 5
684 699 13
685 700 12
686 700 9
687 700 15
688 700 12
689 700 5
690 700 6
691 700 9
692 700 13
693 700 6
694 700 16
695 700 15
696 700 7
697 700 2
698 700 8
699 700 16
