1 2 14
1 3 18
1 4 24
2 5 37
2 6 19
2 7 13
2 8 43
3 9 99
3 10 73
3 11 96
3 12 71
3 13 91
4 14 39
4 15 38
4 16 42
4 17 59
4 18 66
5 19 38
6 20 68
7 20 4
8 20 91
9 21 27
10 22 71
11 22 44
12 22 1
13 22 20
14 23 76
15 24 77
16 25 69
17 26 52
18 26 76
19 27 32
20 28 12
20 29 36
21 30 47
22 31 41
22 32 33
22 33 77
23 34 4
23 35 55
24 36 66
25 37 16
25 38 49
26 39 13
26 40 84
27 41 80
28 41 80
29 42 53
30 43 8
31 44 77
32 45 71
33 46 37
34 47 81
35 48 51
36 49 88
37 49 11
38 50 43
39 51 76
40 52 5
41 53 48
41 54 28
42 55 50
42 56 35
43 57 74
43 58 36
43 59 79
44 60 52
45 61 61
46 62 66
47 63 42
47 64 42
48 65 16
49 66 16
50 67 33
51 68 82
52 69 66
53 70 99
54 71 97
55 71 80
56 72 29
57 72 63
58 73 63
59 74 44
60 74 81
61 75 91
62 76 27
63 76 59
64 77 66
65 78 68
66 78 75
67 79 45
68 80 88
69 80 3
70 81 28
71 82 59
72 83 62
73 84 48
74 85 1
74 86 37
74 87 73
75 88 96
75 89 47
76 90 99
76 91 94
76 92 6
77 93 73
78 94 14
78 95 2
79 96 2
79 97 41
80 98 3
81 99 60
82 99 72
83 100 41
84 101 35
85 102 95
86 102 15
87 102 41
88 103 82
89 103 18
90 104 88
91 104 76
92 105 63
93 106 54
94 107 91
95 107 17
96 107 95
97 108 43
98 108 67
99 109 43
100 110 98
101 111 88
102 112 79
103 113 37
103 114 35
104 115 51
105 116 86
105 117 1
105 118 80
105 119 7
106 120 29
107 121 49
108 122 57
109 123 65
110 124 90
111 125 8
112 125 56
113 126 7
114 127 58
115 128 76
116 129 3
117 130 54
118 131 36
119 132 39
120 133 19
121 134 53
122 135 23
123 136 39
124 137 19
124 138 93
125 139 54
126 140 98
127 141 65
128 142 19
129 143 15
129 144 83
130 145 63
131 146 90
131 147 31
132 148 87
133 149 79
133 150 99
134 151 21
134 152 65
135 153 43
136 154 19
137 154 21
138 154 54
139 155 97
140 156 61
141 157 55
142 158 92
143 159 10
144 159 48
145 160 90
146 161 74
147 162 54
148 163 54
149 163 72
150 164 47
151 165 73
152 166 88
153 167 57
154 168 93
155 169 78
156 169 93
157 170 21
158 170 20
159 171 89
160 172 80
161 173 38
162 174 72
163 175 81
164 176 71
165 177 9
166 178 63
167 179 10
168 180 14
168 181 92
169 182 6
169 183 53
169 184 10
170 185 40
171 186 51
171 187 29
172 188 60
173 189 33
174 190 72
174 191 37
175 192 33
176 193 92
177 194 55
178 195 16
179 196 62
179 197 89
180 198 33
181 199 32
182 199 42
183 200 92
184 201 83
185 202 51
186 203 89
187 204 90
188 205 38
189 206 19
190 207 69
191 207 23
192 208 59
193 209 49
194 210 48
195 210 30
196 211 39
197 212 63
198 213 68
199 214 47
200 215 94
201 215 48
202 216 99
203 217 96
204 218 99
205 219 12
206 220 61
207 220 67
208 221 89
209 222 33
210 223 31
211 224 87
212 225 45
213 226 21
214 226 21
215 227 18
216 228 36
217 229 92
218 230 36
219 231 66
220 231 94
221 232 55
222 232 87
223 233 5
224 233 27
225 234 45
226 235 6
227 236 51
227 237 75
227 238 79
228 239 98
229 240 75
230 241 58
231 242 55
232 243 58
232 244 3
233 245 50
234 246 56
235 247 57
236 248 5
237 249 54
238 250 82
239 251 62
240 252 69
241 253 44
242 253 3
243 254 41
244 254 79
245 255 19
246 256 93
247 257 3
248 258 43
249 259 35
250 260 58
251 261 85
252 262 36
253 263 31
253 264 45
254 265 81
255 266 94
256 267 25
257 268 45
258 268 67
259 269 50
260 270 66
261 271 97
262 272 24
263 273 83
264 274 42
265 274 51
266 275 73
267 276 6
268 277 38
269 278 15
269 279 50
270 280 22
270 281 49
271 282 91
272 283 2
273 284 58
273 285 77
274 286 46
274 287 64
275 288 60
276 289 22
277 290 39
278 291 61
278 292 66
279 293 31
279 294 71
280 295 94
280 296 86
281 297 40
282 298 79
283 299 63
284 300 24
284 301 24
284 302 35
285 303 53
286 304 98
287 305 59
287 306 40
288 307 75
289 308 81
290 309 35
290 310 15
290 311 31
291 312 80
291 313 70
291 314 11
292 315 90
292 316 15
293 317 86
293 318 34
293 319 36
293 320 73
293 321 87
294 322 32
295 323 50
296 324 93
296 325 60
296 326 97
297 327 35
298 328 50
298 329 65
299 330 17
300 331 1
301 332 47
301 333 77
301 334 28
302 335 18
302 336 52
302 337 33
302 338 16
303 339 90
303 340 28
303 341 48
304 342 9
305 343 93
305 344 72
306 345 16
306 346 60
307 347 22
307 348 78
307 349 49
307 350 4
308 351 4
308 352 17
308 353 83
308 354 43
309 355 67
310 355 1
311 355 15
312 355 56
313 355 56
314 355 70
315 355 22
316 355 91
317 356 62
318 356 92
319 356 16
320 356 29
321 357 94
322 357 31
323 357 64
324 357 43
325 357 22
326 357 8
327 358 59
328 358 31
329 358 80
330 358 12
331 358 66
332 358 58
333 358 90
334 358 4
335 359 19
336 360 35
337 360 51
338 360 14
339 360 55
340 360 14
341 360 93
342 361 38
343 361 96
344 361 61
345 361 42
346 361 93
347 361 35
348 361 95
349 362 74
350 362 42
351 362 89
352 363 13
353 363 52
354 363 7
355 364 68
356 365 43
357 366 88
357 367 26
358 368 8
358 369 56
359 370 92
360 371 80
360 372 77
361 373 1
362 374 83
363 375 77
363 376 36
364 377 70
365 378 28
366 379 32
367 380 66
367 381 42
368 382 12
368 383 33
369 384 18
370 385 74
371 386 75
372 387 77
373 388 4
374 389 76
375 390 18
376 391 88
377 392 3
378 393 23
379 394 76
380 395 14
381 396 40
382 397 8
383 398 82
384 398 76
385 399 95
386 400 55
387 401 21
388 402 75
389 403 79
390 404 83
391 405 79
392 406 44
393 407 12
394 408 69
395 409 70
396 410 67
397 410 63
398 411 48
399 412 73
400 413 77
401 414 33
402 415 48
403 415 7
404 416 95
405 417 98
406 418 96
407 419 34
407 420 75
408 421 93
408 422 51
409 423 97
410 424 37
410 425 14
411 426 56
411 427 76
412 428 42
413 429 15
414 430 39
414 431 4
415 432 6
416 433 14
417 434 69
418 435 44
419 436 67
420 436 82
421 437 27
422 438 67
423 438 60
424 439 25
425 440 90
426 441 56
427 441 88
428 442 11
429 443 67
430 444 78
431 444 22
432 445 52
433 446 23
434 446 64
435 447 19
436 448 27
437 449 27
437 450 42
438 451 57
439 452 71
440 453 36
441 454 16
442 455 87
442 456 46
443 457 79
444 458 19
444 459 87
445 460 13
445 461 6
446 462 92
447 463 33
448 464 33
449 464 3
450 465 5
451 466 17
452 467 84
453 468 7
454 468 73
455 469 25
456 469 72
457 470 83
458 471 6
459 472 15
460 473 63
461 474 81
462 475 62
463 476 13
464 477 71
464 478 81
465 479 67
466 480 48
467 481 27
467 482 96
468 483 29
469 484 83
469 485 28
470 486 61
470 487 53
471 488 45
472 489 88
473 490 89
474 491 75
474 492 44
475 493 12
476 494 33
477 495 25
478 496 15
479 497 25
480 498 64
481 499 37
482 500 55
483 501 4
484 502 97
485 503 5
486 504 45
486 505 72
487 506 96
488 507 90
489 508 65
490 509 26
491 510 68
492 511 9
493 512 56
494 513 31
495 514 35
496 515 78
497 515 3
498 516 27
499 517 27
500 517 37
501 518 38
502 519 27
503 519 91
504 520 8
505 521 91
506 522 38
507 522 59
508 523 3
509 524 29
510 525 87
511 526 85
512 526 11
513 527 65
514 528 39
515 529 78
516 529 17
517 530 71
518 531 46
519 531 86
520 532 38
521 532 4
522 533 68
523 533 80
524 533 81
525 534 49
526 535 7
527 536 91
527 537 45
528 538 10
529 539 11
529 540 71
530 541 31
531 542 89
532 543 99
532 544 39
533 545 62
533 546 72
534 547 51
535 548 39
536 549 32
537 550 84
538 551 96
539 552 59
540 552 98
541 552 36
542 553 40
543 553 13
544 554 44
545 555 7
546 555 33
547 556 14
548 557 96
549 558 63
550 559 62
550 560 4
550 561 82
551 562 96
551 563 79
552 564 26
553 565 27
554 566 11
555 567 87
556 568 23
556 569 35
557 570 73
557 571 10
558 572 42
559 573 58
560 574 76
561 575 57
562 576 73
563 577 29
563 578 84
564 579 65
565 580 27
566 581 33
566 582 19
567 583 54
568 584 26
569 585 57
569 586 49
569 587 44
570 588 75
570 589 11
571 590 87
571 591 32
572 592 14
573 593 84
574 593 29
575 594 28
576 595 24
577 596 85
578 596 93
579 596 68
580 597 32
581 598 13
582 599 80
583 600 37
584 600 99
585 600 70
586 601 55
587 601 69
588 602 24
589 602 11
590 603 32
591 604 68
592 605 1
593 606 1
594 607 26
595 608 85
596 609 62
597 610 35
598 611 12
599 612 61
600 613 64
600 614 32
600 615 35
601 616 75
601 617 17
602 618 17
603 619 79
604 620 52
605 621 23
606 622 73
607 622 89
608 623 42
609 624 27
610 625 15
611 626 79
612 627 38
613 628 95
614 629 23
615 630 78
616 631 84
617 632 63
618 633 27
619 634 68
620 635 64
621 636 78
622 637 59
623 638 71
624 639 71
625 640 91
626 640 88
627 641 92
628 642 14
629 643 82
630 644 96
631 645 95
632 646 45
633 646 33
634 647 66
635 647 39
636 648 14
636 649 69
637 650 73
637 651 54
638 652 38
639 653 12
640 654 69
641 655 82
642 656 23
642 657 83
642 658 31
643 659 26
644 660 37
645 661 33
646 662 1
646 663 8
646 664 12
647 665 11
647 666 32
648 667 57
649 668 81
650 669 99
651 669 12
652 670 45
653 671 95
654 672 65
655 672 83
656 672 98
657 673 22
658 674 69
659 674 17
660 675 92
661 676 32
662 676 56
663 676 77
664 677 47
665 678 60
666 678 30
667 679 31
668 679 85
669 680 62
670 681 47
671 682 54
672 682 8
673 683 28
674 684 29
675 685 94
676 686 83
677 687 50
678 687 40
679 688 74
679 689 17
680 690 39
681 691 10
682 692 14
682 693 46
682 694 13
683 695 67
684 696 5
685 697 21
686 698 16
687 699 29
688 700 2
689 700 39
690 700 83
691 700 23
692 700 39
693 700 7
694 700 47
695 700 24
696 700 82
697 700 46
698 700 91
699 700 11
