1 2 118
1 3 94
1 4 125
1 5 16
2 6 69
2 7 49
2 8 27
2 9 63
2 10 20
3 11 61
3 12 17
3 13 38
4 14 133
4 15 104
4 16 31
4 17 49
4 18 80
5 19 86
5 20 27
5 21 71
6 22 106
7 23 92
8 24 53
9 25 108
9 26 25
10 27 91
10 28 19
11 29 90
12 30 135
12 31 12
13 32 84
13 33 12
14 34 93
15 35 136
15 36 101
16 37 137
17 38 60
18 39 34
19 40 122
19 41 95
20 42 86
21 43 71
22 44 69
23 45 10
24 45 53
25 46 58
26 47 97
27 48 90
28 49 85
29 49 35
30 50 55
31 51 135
32 52 30
33 52 119
34 53 50
35 54 74
36 55 27
37 56 13
38 57 120
39 58 8
40 59 73
41 60 75
42 61 33
43 62 110
44 63 69
45 63 92
46 64 66
47 65 87
48 66 127
49 67 15
50 68 88
51 69 135
52 70 44
53 71 13
54 72 26
55 73 87
56 74 122
57 75 124
58 76 15
59 77 100
60 78 8
61 79 21
62 80 44
63 81 22
64 82 36
65 83 44
66 84 138
67 85 74
68 86 24
69 87 76
70 88 127
71 89 60
72 90 50
73 91 101
74 92 134
75 93 124
76 94 1
77 95 26
78 96 101
79 97 26
80 98 39
81 99 7
82 100 37
83 101 132
84 102 11
85 103 109
86 104 97
87 105 125
88 106 30
89 107 61
89 108 136
90 109 10
91 110 5
92 111 64
93 112 36
94 113 98
95 114 138
96 115 138
97 116 38
97 117 5
98 118 50
99 119 21
100 120 124
101 121 1
102 122 45
103 122 51
104 123 96
105 124 108
106 124 134
107 124 53
108 125 87
109 125 24
110 126 123
111 127 46
112 127 3
113 128 82
114 128 33
115 129 74
116 130 87
117 130 133
118 130 20
119 131 108
120 132 115
121 133 21
122 134 71
123 135 16
124 136 56
125 137 34
126 138 16
127 139 87
128 140 21
129 141 77
130 142 84
131 143 125
131 144 135
132 145 97
132 146 96
133 147 126
134 148 130
134 149 19
135 150 30
135 151 139
135 152 80
135 153 58
136 154 82
137 155 114
138 156 112
138 157 107
139 158 122
140 159 102
141 160 53
141 161 6
141 162 28
142 163 108
142 164 39
143 165 18
144 165 43
145 165 114
146 166 112
147 166 8
148 166 57
149 166 20
150 167 118
151 168 11
152 168 54
153 169 51
154 170 102
155 171 17
156 172 41
157 173 46
158 173 17
159 173 129
160 174 75
161 174 83
162 175 42
163 176 22
164 177 111
165 178 69
166 179 39
167 180 87
168 181 116
169 182 40
170 183 135
171 184 136
172 185 78
173 186 65
174 187 5
175 188 114
176 189 95
177 190 23
178 191 137
179 192 53
180 192 111
181 193 126
182 193 73
183 194 12
184 194 18
185 195 27
186 196 81
187 196 59
188 197 119
189 197 139
190 197 86
191 198 102
191 199 70
191 200 59
192 201 89
192 202 41
192 203 60
193 204 79
193 205 54
193 206 86
193 207 47
193 208 105
194 209 100
195 210 86
195 211 102
195 212 76
196 213 84
196 214 72
196 215 54
196 216 80
197 217 30
198 218 92
199 219 99
200 220 119
201 221 108
202 221 103
203 221 67
204 222 121
205 223 94
206 224 39
207 225 41
208 226 70
209 227 40
210 228 31
211 228 93
212 229 121
213 230 13
214 231 43
215 231 128
216 232 121
217 233 111
218 234 77
219 235 69
220 236 44
221 237 18
222 238 138
223 239 104
223 240 121
224 241 137
224 242 82
225 243 129
226 244 120
227 245 84
228 246 31
229 247 44
230 248 70
230 249 89
230 250 35
231 251 37
231 252 102
231 253 102
232 254 63
233 255 125
233 256 97
234 257 54
235 258 121
236 259 24
237 260 82
238 261 72
239 262 79
240 263 28
241 264 42
242 264 19
243 265 87
244 266 24
245 267 116
246 268 99
247 269 6
248 270 28
249 271 121
250 272 115
251 273 50
252 273 28
253 273 121
254 274 83
255 274 65
256 274 112
257 275 27
258 276 95
259 277 29
259 278 40
260 279 31
261 280 41
262 281 110
263 282 121
264 283 58
265 284 48
266 285 75
267 286 15
268 287 119
269 288 131
270 289 109
271 290 77
272 291 3
273 292 121
274 293 132
275 294 88
276 295 59
277 296 60
278 297 78
279 298 52
280 299 139
281 300 61
282 301 9
283 302 101
284 303 41
285 304 49
286 305 36
287 306 35
288 307 35
289 308 100
290 308 111
291 309 99
292 310 85
293 311 121
294 312 39
295 313 95
296 314 106
297 315 31
298 316 108
299 316 46
300 317 14
301 317 64
302 318 72
303 319 23
304 320 83
305 321 95
306 321 98
307 322 54
308 323 128
309 323 29
310 323 111
311 324 83
312 325 39
313 326 88
314 327 123
315 328 37
316 329 9
317 329 78
318 329 69
319 330 117
320 331 41
321 332 77
322 333 113
323 334 86
324 334 7
325 335 101
325 336 47
325 337 71
325 338 37
325 339 126
326 340 7
326 341 12
326 342 87
326 343 34
327 344 5
327 345 99
327 346 70
327 347 90
327 348 122
328 349 43
328 350 55
328 351 91
329 352 2
329 353 1
329 354 44
329 355 3
329 356 18
330 357 103
330 358 6
330 359 19
331 360 104
331 361 134
331 362 93
331 363 62
332 364 3
332 365 70
332 366 129
332 367 131
333 368 103
333 369 136
333 370 46
334 371 132
334 372 69
335 373 97
336 373 118
337 374 50
338 374 93
339 375 82
340 375 67
341 375 28
342 376 30
343 376 49
344 376 48
345 377 9
346 377 39
347 378 108
348 378 76
349 379 63
350 379 41
351 380 12
352 381 22
353 381 120
354 382 83
355 382 4
356 382 39
357 383 71
358 384 121
359 384 120
360 384 81
361 384 59
362 384 112
363 385 50
364 385 117
365 386 14
366 387 22
367 388 14
368 388 63
369 388 10
370 389 90
371 389 9
372 389 102
373 390 125
374 391 111
375 392 30
376 393 113
377 394 51
377 395 37
378 396 135
379 397 93
379 398 31
380 399 118
381 400 127
382 401 31
383 402 68
384 403 77
384 404 78
384 405 15
385 406 83
386 407 115
387 408 11
388 409 132
389 410 84
389 411 13
390 412 131
391 413 49
392 414 66
393 415 113
394 416 118
395 416 131
396 417 65
397 418 9
398 419 63
399 419 127
400 420 87
401 420 27
402 421 52
403 422 8
404 423 38
405 424 83
406 425 101
407 426 94
408 426 40
409 427 104
410 428 111
411 429 61
412 430 55
413 431 86
414 431 101
415 432 14
416 433 137
417 434 104
418 435 91
419 436 108
420 436 31
421 437 72
422 438 114
423 439 43
424 439 16
425 440 72
426 441 67
427 442 28
428 443 51
429 444 79
430 445 118
431 446 28
432 447 52
433 448 56
434 449 123
435 450 17
436 451 139
437 452 5
438 453 21
438 454 49
439 455 86
440 456 63
441 457 128
442 458 129
443 459 99
444 460 66
445 461 39
446 461 127
447 462 100
448 463 131
449 463 2
450 464 108
451 465 46
452 466 51
453 467 72
454 468 116
455 469 74
456 470 138
457 471 43
458 471 99
459 472 19
460 473 30
461 474 46
462 475 6
463 475 90
464 475 4
465 476 27
466 477 83
467 478 91
468 479 15
469 480 12
470 480 15
471 481 32
472 482 17
473 482 128
474 483 124
474 484 109
474 485 91
474 486 116
474 487 38
475 488 24
475 489 125
475 490 58
475 491 22
476 492 11
476 493 137
477 494 48
477 495 7
478 496 65
479 497 114
480 498 10
480 499 135
481 500 13
482 501 44
482 502 57
483 503 44
484 504 139
485 505 113
485 506 59
486 507 64
486 508 34
487 509 119
488 510 108
489 511 119
490 512 14
491 513 29
491 514 134
492 515 114
493 516 120
494 517 137
494 518 126
495 519 119
496 520 61
497 521 115
498 522 40
498 523 101
499 524 79
500 525 105
501 526 74
502 527 54
503 528 69
504 529 6
505 529 119
506 529 74
507 530 31
508 531 35
509 532 97
510 533 78
511 533 9
512 534 77
513 535 45
514 535 105
515 536 129
516 536 63
517 536 97
518 537 69
519 537 92
520 538 117
521 538 54
522 539 38
523 539 57
524 540 79
525 541 121
526 542 53
527 542 118
528 543 58
529 544 49
530 545 45
531 545 117
532 546 44
533 546 67
534 547 1
535 548 69
536 549 77
537 550 75
538 551 17
539 552 39
540 553 126
541 554 56
542 555 50
543 556 5
543 557 34
543 558 130
544 559 109
545 560 93
546 561 117
547 562 89
548 563 89
549 564 124
550 565 58
550 566 110
551 567 15
551 568 36
552 569 61
553 570 116
554 571 113
554 572 30
555 573 95
556 574 133
557 575 57
558 575 27
559 575 54
560 576 55
561 577 113
562 578 28
563 578 81
564 579 116
565 580 51
566 581 38
567 581 88
568 582 58
569 583 36
570 584 41
571 585 30
572 585 124
573 585 122
574 586 90
574 587 114
575 588 73
576 589 100
577 590 6
577 591 78
577 592 71
578 593 80
579 594 2
580 595 121
580 596 42
581 597 119
582 598 42
583 599 65
584 600 33
585 601 33
585 602 111
585 603 73
586 604 63
587 605 70
588 606 33
589 607 28
590 608 110
591 609 110
592 610 31
593 611 109
594 612 53
595 613 62
596 613 20
597 614 2
598 615 138
599 616 41
600 617 102
601 618 116
602 619 46
603 620 70
604 621 67
605 622 108
606 623 50
607 624 24
608 625 69
609 626 35
610 627 33
611 628 11
612 629 86
613 630 22
614 631 47
615 632 97
616 633 8
617 634 90
618 635 5
619 636 32
619 637 65
620 638 1
621 639 27
622 640 127
623 641 51
624 642 2
625 643 106
626 643 36
627 644 131
628 645 67
629 646 80
630 647 81
631 648 78
632 649 65
633 650 67
634 650 57
635 651 27
636 652 70
637 653 138
638 654 20
639 655 24
640 656 57
641 657 23
642 658 117
643 659 100
644 660 2
645 661 13
646 662 138
647 663 104
648 664 85
649 665 129
650 666 1
651 667 116
652 668 80
653 669 74
653 670 2
654 671 138
655 672 90
656 673 112
657 674 87
658 675 35
659 676 15
660 677 74
661 678 6
662 679 131
663 679 38
664 679 56
665 680 55
666 680 97
667 681 77
668 681 5
669 681 90
670 682 71
671 682 120
672 683 98
672 684 20
672 685 20
673 686 12
673 687 79
674 688 33
675 689 135
675 690 15
675 691 8
676 692 125
677 693 55
678 694 99
679 695 12
679 696 125
680 697 63
681 698 133
682 699 8
683 700 20
684 700 129
685 700 33
686 700 18
687 700 59
688 700 101
689 700 22
690 700 31
691 700 76
692 700 72
693 700 3
694 700 50
695 700 133
696 700 3
697 700 67
698 700 85
699 700 85
