1 2 1
1 3 1
1 4 1
2 5 1
2 6 1
2 7 1
2 8 1
2 9 1
3 10 1
3 11 1
3 12 1
3 13 1
3 14 1
4 15 1
4 16 1
4 17 1
4 18 1
4 19 1
5 20 1
6 21 1
7 21 1
8 22 1
9 23 1
10 24 1
11 25 1
12 26 1
13 27 1
14 27 1
15 27 1
16 28 1
17 29 1
18 30 1
19 31 1
20 32 1
21 33 1
22 34 1
23 35 1
23 36 1
24 37 1
24 38 1
24 39 1
25 40 1
26 41 1
27 42 1
28 43 1
29 44 1
29 45 1
30 46 1
30 47 1
30 48 1
31 49 1
32 50 1
33 51 1
34 52 1
35 52 1
36 53 1
37 53 1
38 53 1
39 54 1
40 55 1
41 56 1
42 56 1
43 57 1
44 58 1
45 59 1
46 60 1
47 61 1
48 62 1
49 63 1
50 64 1
51 65 1
52 65 1
53 66 1
54 67 1
55 68 1
56 69 1
57 70 1
58 71 1
59 72 1
60 73 1
61 74 1
62 75 1
63 75 1
64 76 1
65 77 1
66 78 1
66 79 1
67 80 1
68 81 1
69 82 1
70 83 1
71 84 1
72 85 1
72 86 1
73 87 1
74 88 1
75 89 1
75 90 1
76 91 1
77 91 1
78 92 1
79 92 1
80 93 1
81 93 1
82 94 1
83 95 1
84 96 1
85 97 1
86 98 1
87 99 1
88 100 1
89 101 1
90 102 1
91 103 1
92 104 1
93 105 1
94 106 1
95 107 1
95 108 1
96 109 1
97 110 1
97 111 1
98 112 1
98 113 1
99 114 1
100 115 1
101 116 1
102 117 1
102 118 1
102 119 1
103 120 1
104 121 1
105 122 1
106 123 1
107 123 1
108 124 1
109 124 1
110 125 1
111 126 1
112 127 1
113 128 1
114 129 1
115 129 1
116 130 1
117 131 1
118 131 1
119 132 1
120 133 1
121 134 1
122 135 1
123 136 1
124 137 1
124 138 1
125 139 1
126 140 1
127 141 1
128 142 1
129 143 1
130 144 1
131 145 1
132 146 1
133 147 1
133 148 1
134 149 1
135 150 1
136 151 1
137 152 1
138 153 1
139 154 1
140 155 1
141 156 1
141 157 1
142 158 1
143 159 1
144 160 1
144 161 1
145 162 1
145 163 1
146 164 1
147 165 1
148 166 1
149 167 1
150 168 1
151 168 1
152 168 1
153 169 1
154 169 1
155 170 1
156 170 1
157 171 1
158 171 1
159 172 1
160 173 1
161 174 1
162 174 1
163 175 1
164 175 1
165 176 1
166 177 1
166 178 1
167 179 1
168 180 1
169 181 1
170 182 1
171 183 1
172 184 1
172 185 1
173 186 1
174 187 1
175 188 1
175 189 1
176 190 1
177 191 1
178 192 1
179 193 1
180 194 1
181 195 1
182 196 1
183 196 1
184 197 1
185 198 1
186 199 1
187 200 1
188 201 1
189 202 1
190 203 1
191 204 1
192 205 1
192 206 1
193 207 1
194 208 1
195 209 1
196 210 1
197 211 1
198 212 1
199 213 1
199 214 1
200 215 1
201 216 1
202 217 1
202 218 1
203 219 1
204 219 1
205 220 1
206 220 1
207 220 1
208 221 1
209 222 1
210 223 1
211 223 1
212 224 1
213 224 1
214 225 1
215 225 1
216 225 1
217 226 1
218 227 1
219 228 1
220 229 1
220 230 1
221 231 1
221 232 1
221 233 1
221 234 1
222 235 1
223 236 1
224 237 1
225 238 1
225 239 1
226 240 1
226 241 1
227 242 1
227 243 1
228 244 1
229 245 1
230 246 1
230 247 1
231 248 1
232 249 1
233 250 1
234 251 1
235 252 1
236 253 1
237 254 1
237 255 1
238 256 1
239 257 1
240 258 1
241 259 1
242 260 1
243 261 1
244 262 1
245 263 1
246 264 1
247 265 1
248 266 1
249 267 1
250 267 1
251 268 1
252 269 1
253 270 1
254 270 1
255 271 1
256 271 1
257 272 1
258 273 1
259 274 1
260 275 1
261 275 1
262 276 1
263 277 1
263 278 1
264 279 1
265 280 1
266 281 1
267 282 1
268 283 1
269 284 1
270 285 1
271 286 1
272 287 1
273 288 1
274 289 1
275 290 1
276 291 1
277 292 1
278 292 1
279 293 1
280 294 1
281 295 1
282 295 1
283 296 1
284 296 1
285 296 1
286 297 1
287 298 1
288 298 1
289 299 1
290 300 1
291 301 1
291 302 1
291 303 1
292 304 1
292 305 1
292 306 1
292 307 1
293 308 1
294 309 1
294 310 1
295 311 1
296 312 1
297 313 1
298 314 1
298 315 1
298 316 1
299 317 1
300 318 1
301 319 1
302 319 1
303 320 1
304 321 1
305 322 1
306 323 1
307 323 1
308 323 1
309 324 1
310 324 1
311 325 1
312 326 1
313 326 1
314 327 1
315 328 1
316 328 1
317 329 1
318 329 1
319 330 1
320 331 1
321 332 1
322 333 1
323 334 1
324 335 1
324 336 1
325 337 1
326 338 1
327 339 1
327 340 1
328 341 1
329 342 1
330 343 1
331 343 1
332 344 1
333 345 1
334 345 1
335 346 1
336 347 1
337 348 1
338 349 1
339 350 1
340 351 1
341 352 1
342 352 1
343 353 1
343 354 1
344 355 1
344 356 1
344 357 1
345 358 1
346 359 1
346 360 1
346 361 1
347 362 1
347 363 1
348 364 1
349 365 1
350 366 1
350 367 1
351 368 1
351 369 1
352 370 1
353 371 1
354 371 1
355 371 1
356 371 1
357 372 1
358 372 1
359 373 1
360 374 1
361 374 1
362 375 1
363 376 1
364 376 1
365 377 1
366 378 1
367 379 1
368 379 1
369 380 1
370 381 1
371 382 1
372 383 1
373 384 1
373 385 1
374 386 1
375 387 1
376 388 1
377 389 1
378 390 1
379 391 1
379 392 1
380 393 1
380 394 1
380 395 1
381 396 1
382 397 1
383 398 1
384 398 1
385 399 1
386 400 1
387 401 1
388 401 1
389 402 1
390 403 1
391 404 1
392 405 1
393 405 1
394 406 1
395 407 1
396 407 1
397 408 1
398 409 1
398 410 1
399 411 1
400 412 1
401 413 1
402 414 1
403 415 1
404 416 1
405 417 1
406 418 1
407 419 1
408 420 1
409 421 1
410 422 1
411 423 1
411 424 1
412 425 1
412 426 1
413 427 1
414 428 1
415 429 1
416 430 1
416 431 1
417 432 1
418 433 1
418 434 1
419 435 1
420 436 1
421 437 1
422 437 1
423 437 1
424 437 1
425 438 1
426 439 1
427 440 1
428 440 1
429 441 1
430 441 1
431 442 1
432 442 1
433 443 1
434 443 1
435 444 1
436 445 1
437 446 1
437 447 1
438 448 1
439 449 1
440 450 1
440 451 1
440 452 1
440 453 1
441 454 1
442 455 1
442 456 1
443 457 1
443 458 1
443 459 1
444 460 1
444 461 1
444 462 1
445 463 1
446 464 1
447 464 1
448 465 1
449 466 1
450 467 1
451 468 1
452 468 1
453 469 1
454 470 1
455 471 1
456 471 1
457 472 1
458 472 1
459 473 1
460 474 1
461 475 1
462 475 1
463 476 1
463 477 1
464 478 1
465 479 1
466 480 1
467 481 1
468 482 1
469 483 1
470 484 1
470 485 1
470 486 1
471 487 1
472 488 1
473 489 1
474 490 1
474 491 1
475 492 1
476 493 1
477 493 1
478 494 1
479 495 1
480 496 1
481 496 1
482 496 1
483 497 1
484 498 1
485 499 1
486 500 1
487 500 1
488 501 1
489 501 1
490 502 1
491 502 1
492 503 1
493 504 1
493 505 1
494 506 1
494 507 1
495 508 1
496 509 1
496 510 1
496 511 1
497 512 1
498 513 1
499 514 1
500 515 1
501 516 1
501 517 1
502 518 1
502 519 1
502 520 1
503 521 1
504 522 1
505 522 1
506 522 1
507 523 1
508 523 1
509 524 1
510 524 1
511 524 1
512 525 1
513 525 1
514 525 1
515 526 1
516 527 1
517 528 1
518 528 1
519 529 1
520 530 1
521 531 1
522 532 1
523 533 1
523 534 1
524 535 1
524 536 1
525 537 1
526 538 1
526 539 1
527 540 1
528 541 1
529 542 1
529 543 1
529 544 1
530 545 1
530 546 1
531 547 1
531 548 1
532 549 1
533 550 1
534 551 1
535 552 1
536 553 1
537 553 1
538 554 1
539 554 1
540 555 1
541 555 1
542 556 1
543 556 1
544 557 1
545 557 1
546 558 1
547 559 1
548 559 1
549 560 1
550 561 1
550 562 1
551 563 1
552 564 1
553 565 1
553 566 1
553 567 1
554 568 1
554 569 1
555 570 1
555 571 1
556 572 1
557 573 1
558 574 1
559 575 1
560 576 1
561 577 1
562 577 1
563 578 1
564 579 1
565 580 1
566 581 1
567 582 1
568 583 1
569 584 1
570 584 1
571 585 1
572 586 1
573 586 1
574 587 1
575 587 1
576 588 1
577 589 1
578 590 1
579 591 1
580 592 1
581 593 1
582 594 1
583 595 1
584 596 1
585 597 1
586 598 1
587 599 1
588 600 1
589 600 1
590 600 1
591 600 1
592 600 1
593 600 1
594 600 1
595 600 1
596 600 1
597 600 1
598 600 1
599 600 1
