1 2 1
1 3 1
1 4 1
1 5 1
1 6 1
2 7 1
2 8 1
2 9 1
3 10 1
3 11 1
3 12 1
3 13 1
4 14 1
4 15 1
5 16 1
5 17 1
6 18 1
6 19 1
6 20 1
7 21 1
7 22 1
8 23 1
8 24 1
9 25 1
10 26 1
11 27 1
12 28 1
13 29 1
14 30 1
15 31 1
15 32 1
16 33 1
16 34 1
16 35 1
17 36 1
18 37 1
19 38 1
20 39 1
20 40 1
21 41 1
22 42 1
23 42 1
24 43 1
25 43 1
26 44 1
27 45 1
28 46 1
29 47 1
30 48 1
31 49 1
32 50 1
33 51 1
34 52 1
35 53 1
36 54 1
37 55 1
38 56 1
39 57 1
40 58 1
41 59 1
42 60 1
43 60 1
44 61 1
45 61 1
46 62 1
47 63 1
48 64 1
49 65 1
50 66 1
51 67 1
52 68 1
53 69 1
54 69 1
55 70 1
56 71 1
57 72 1
58 73 1
59 74 1
60 75 1
60 76 1
61 77 1
61 78 1
62 79 1
63 80 1
64 81 1
65 82 1
66 83 1
66 84 1
66 85 1
67 86 1
68 87 1
69 88 1
70 89 1
70 90 1
71 91 1
72 92 1
72 93 1
73 94 1
74 95 1
75 96 1
76 97 1
77 98 1
78 99 1
79 100 1
80 101 1
81 102 1
82 103 1
83 104 1
84 105 1
85 106 1
86 107 1
87 108 1
87 109 1
88 110 1
89 111 1
90 112 1
91 113 1
92 114 1
93 115 1
94 116 1
95 117 1
95 118 1
96 119 1
96 120 1
96 121 1
97 122 1
97 123 1
98 124 1
98 125 1
98 126 1
99 127 1
99 128 1
100 129 1
100 130 1
100 131 1
100 132 1
101 133 1
101 134 1
101 135 1
101 136 1
101 137 1
102 138 1
102 139 1
102 140 1
102 141 1
103 142 1
103 143 1
104 144 1
105 145 1
105 146 1
105 147 1
106 148 1
106 149 1
106 150 1
107 151 1
108 152 1
108 153 1
108 154 1
108 155 1
109 156 1
110 157 1
111 158 1
111 159 1
111 160 1
112 161 1
113 162 1
113 163 1
114 164 1
114 165 1
115 166 1
115 167 1
115 168 1
115 169 1
115 170 1
116 171 1
116 172 1
116 173 1
116 174 1
117 175 1
118 176 1
119 176 1
120 177 1
121 177 1
122 177 1
123 178 1
124 179 1
125 179 1
126 179 1
127 180 1
128 181 1
129 181 1
130 181 1
131 182 1
132 182 1
133 182 1
134 182 1
135 183 1
136 184 1
137 184 1
138 185 1
139 186 1
140 186 1
141 187 1
142 187 1
143 188 1
144 188 1
145 188 1
146 189 1
147 189 1
148 190 1
149 190 1
150 190 1
151 190 1
152 190 1
153 190 1
154 190 1
155 191 1
156 191 1
157 192 1
158 192 1
159 192 1
160 192 1
161 193 1
162 193 1
163 193 1
164 194 1
165 194 1
166 194 1
167 194 1
168 195 1
169 195 1
170 195 1
171 195 1
172 195 1
173 196 1
174 196 1
175 197 1
176 198 1
177 199 1
178 200 1
179 201 1
180 202 1
181 203 1
182 204 1
183 205 1
184 206 1
185 207 1
186 208 1
187 208 1
188 209 1
189 210 1
190 211 1
191 212 1
192 213 1
193 214 1
194 215 1
195 216 1
196 217 1
197 218 1
198 218 1
199 219 1
200 220 1
201 221 1
202 222 1
203 223 1
204 223 1
205 224 1
206 224 1
207 225 1
208 225 1
209 226 1
210 227 1
211 228 1
212 228 1
213 228 1
214 229 1
215 230 1
216 230 1
217 230 1
218 231 1
218 232 1
219 233 1
220 234 1
220 235 1
221 236 1
221 237 1
222 238 1
222 239 1
223 240 1
224 241 1
224 242 1
224 243 1
224 244 1
225 245 1
226 246 1
227 247 1
228 248 1
228 249 1
229 250 1
229 251 1
230 252 1
231 253 1
232 254 1
233 255 1
234 256 1
235 257 1
236 258 1
237 259 1
238 260 1
238 261 1
239 262 1
240 263 1
241 264 1
242 265 1
243 266 1
244 267 1
244 268 1
245 269 1
246 270 1
247 271 1
248 272 1
249 273 1
250 274 1
250 275 1
251 276 1
252 277 1
253 278 1
254 279 1
255 279 1
256 280 1
257 281 1
258 282 1
259 283 1
260 284 1
261 285 1
262 286 1
263 287 1
264 288 1
265 289 1
266 290 1
267 291 1
268 292 1
269 292 1
270 293 1
271 294 1
272 295 1
273 296 1
274 297 1
275 298 1
276 298 1
277 299 1
278 300 1
279 300 1
280 300 1
281 300 1
282 300 1
283 300 1
284 300 1
285 300 1
286 300 1
287 300 1
288 300 1
289 300 1
290 300 1
291 300 1
292 300 1
293 300 1
294 300 1
295 300 1
296 300 1
297 300 1
298 300 1
299 300 1
