1 2 13
1 3 2
1 4 9
1 5 4
2 6 6
2 7 11
2 8 13
2 9 1
3 10 6
3 11 8
3 12 5
4 13 8
4 14 5
4 15 13
4 16 9
5 17 12
5 18 11
5 19 9
5 20 5
6 21 3
7 22 7
8 23 12
9 24 11
10 25 12
11 26 7
11 27 13
12 28 10
12 29 10
13 30 5
14 31 13
14 32 1
14 33 5
15 34 8
16 35 12
16 36 11
17 37 9
17 38 10
17 39 10
18 40 11
19 41 6
19 42 10
20 43 4
21 44 6
22 45 4
23 46 13
24 47 12
25 48 1
26 49 3
27 50 1
28 51 6
29 52 10
30 53 6
31 54 2
32 55 5
33 56 4
34 57 8
35 58 5
36 59 6
37 60 1
38 61 2
39 62 7
40 63 13
41 64 10
42 65 7
43 66 8
44 67 10
45 68 2
46 69 13
47 70 13
47 71 5
48 72 11
48 73 6
49 74 7
50 75 8
51 76 5
52 77 11
52 78 11
53 79 13
54 80 5
55 81 9
55 82 5
56 83 1
57 84 12
58 85 1
59 86 6
60 87 4
61 88 7
62 89 8
62 90 7
62 91 8
63 92 10
63 93 2
64 94 7
64 95 12
65 96 12
66 97 6
67 98 10
68 99 9
69 100 11
70 101 3
71 102 13
71 103 1
72 104 7
72 105 4
73 106 2
74 107 10
75 108 6
76 109 10
77 110 9
78 111 12
79 112 13
79 113 2
80 114 8
81 115 6
82 116 3
83 117 12
84 118 13
85 119 7
86 120 7
87 121 4
88 122 6
89 123 9
89 124 5
89 125 5
90 126 7
90 127 4
91 128 2
92 129 5
93 130 10
93 131 3
93 132 9
94 133 2
95 134 12
96 135 2
97 136 3
98 137 1
99 138 2
100 139 4
101 140 7
102 140 9
103 141 2
104 142 1
105 143 3
106 144 11
107 145 4
108 145 5
109 146 1
110 147 2
111 148 2
112 148 9
113 149 4
114 149 12
115 150 10
116 151 7
117 152 5
118 153 13
119 153 5
120 154 11
121 155 1
122 155 11
123 156 11
124 157 12
125 158 7
126 159 6
127 160 4
128 160 10
129 161 10
130 161 4
131 161 6
132 162 11
133 162 3
134 162 9
135 163 6
136 164 4
137 165 12
138 166 10
139 167 9
140 168 4
141 169 11
142 170 8
143 171 5
144 172 5
145 173 13
146 174 3
147 175 4
148 176 8
149 177 12
150 177 7
151 178 4
152 178 5
153 179 12
154 180 12
155 181 8
156 182 4
157 183 5
158 184 3
159 185 7
160 186 12
161 187 9
162 188 9
163 189 4
164 190 11
165 191 6
166 192 8
166 193 3
167 194 3
168 195 11
168 196 11
169 197 10
170 198 10
171 199 13
171 200 6
172 201 12
172 202 13
173 203 4
173 204 10
173 205 3
173 206 3
174 207 4
175 208 2
175 209 11
175 210 6
176 211 9
177 212 2
178 213 3
179 214 1
180 215 1
181 216 13
182 217 4
182 218 13
183 219 6
183 220 8
184 221 8
185 222 3
186 223 4
187 224 6
188 225 4
189 226 2
190 227 7
191 228 13
192 229 5
193 230 4
194 231 5
195 231 6
196 232 7
197 233 1
198 233 4
199 234 13
200 235 5
201 236 11
202 237 12
203 238 4
204 239 11
205 239 2
206 240 5
207 241 6
208 242 7
209 243 13
210 244 1
211 244 1
212 245 2
213 246 6
214 246 9
215 247 8
216 248 9
217 249 12
218 250 12
219 251 4
220 251 8
221 252 2
222 253 13
223 254 8
224 254 1
225 255 9
226 256 12
227 257 8
228 258 4
229 259 1
230 260 5
231 261 3
232 262 6
233 263 12
234 264 11
235 265 8
236 266 9
237 267 2
238 268 13
239 269 10
240 270 5
241 271 7
242 272 11
243 273 3
244 274 1
245 275 4
246 276 6
247 277 5
248 278 2
249 279 11
250 280 2
251 281 3
251 282 1
251 283 7
252 284 9
253 285 8
254 286 2
255 287 2
256 288 6
257 289 8
258 290 11
259 291 10
260 292 11
261 293 4
262 294 8
263 295 13
264 296 10
265 297 12
266 297 12
267 298 2
268 299 10
269 300 7
270 301 12
271 302 1
272 303 5
273 304 13
274 305 6
275 306 2
276 307 4
277 308 11
278 309 2
279 310 10
280 311 8
281 312 13
282 313 6
283 314 11
284 315 1
285 316 9
286 317 7
287 318 11
288 319 12
289 319 11
290 320 3
291 321 13
292 322 8
293 323 13
294 324 11
295 324 2
296 325 8
297 326 10
298 327 1
299 328 2
300 329 13
301 330 2
302 331 3
303 332 3
304 333 6
305 334 1
306 335 6
307 336 9
308 337 8
309 338 1
310 339 13
311 340 3
312 341 6
313 342 2
314 343 5
315 343 10
316 343 1
317 344 12
318 345 1
319 346 5
320 347 11
321 348 5
322 349 3
323 350 11
323 351 1
323 352 9
324 353 4
325 354 1
326 355 6
327 356 3
328 357 1
328 358 13
328 359 12
329 360 4
329 361 7
330 362 5
331 363 1
332 364 8
332 365 12
333 366 12
333 367 9
334 368 3
335 369 11
335 370 3
336 371 11
337 372 8
337 373 9
338 374 2
338 375 3
339 376 5
340 377 7
340 378 12
340 379 6
341 380 12
341 381 12
342 382 12
343 383 7
344 384 1
344 385 9
345 386 9
346 387 2
346 388 3
347 389 8
348 390 12
349 391 12
350 391 5
351 392 5
352 393 13
353 394 9
354 395 8
355 395 8
356 396 11
357 397 1
358 398 8
359 399 12
360 400 13
361 400 5
362 401 10
363 402 8
364 402 11
365 403 10
366 404 9
367 404 4
368 405 2
369 405 12
370 406 11
371 406 9
372 407 8
373 408 13
374 409 8
375 410 11
376 411 13
377 412 13
378 413 6
379 414 7
380 415 6
381 416 13
382 417 9
383 418 1
384 419 3
385 420 5
386 421 13
387 422 2
388 423 11
389 424 3
390 425 11
391 426 10
392 427 1
393 428 12
394 429 2
395 430 11
396 431 2
397 432 13
398 433 10
399 434 5
400 435 12
401 436 8
402 437 5
403 438 2
404 439 2
405 440 11
406 441 10
407 442 5
408 443 7
409 444 13
410 445 9
411 446 8
412 446 5
413 447 6
414 448 8
415 449 6
416 449 13
417 450 10
418 451 5
419 452 1
420 453 5
421 454 13
422 455 10
423 456 8
424 457 6
425 458 12
426 459 9
427 460 2
428 461 8
429 462 5
430 463 12
431 464 13
432 465 6
433 466 4
434 467 1
435 468 11
436 469 4
437 470 5
438 471 1
439 472 12
440 473 9
441 474 13
442 474 4
443 475 5
444 476 7
445 477 11
446 478 1
447 479 7
448 480 4
449 481 12
450 482 10
451 483 7
452 484 5
453 485 1
454 486 5
455 487 2
456 488 12
457 489 7
458 490 2
459 491 9
459 492 1
460 493 6
460 494 12
461 495 5
462 496 3
463 497 13
464 498 8
465 499 6
466 500 1
467 501 11
467 502 4
468 503 8
468 504 12
469 505 8
470 506 6
471 507 8
471 508 4
472 509 1
473 510 11
474 511 2
475 512 9
476 513 9
476 514 2
477 515 2
478 516 10
479 517 9
480 518 9
481 519 5
482 520 13
483 521 12
484 522 2
485 523 3
486 524 1
486 525 4
487 526 9
488 527 7
489 528 1
490 529 2
491 529 1
492 529 10
493 530 10
494 530 9
495 530 13
496 531 8
497 532 5
498 532 5
499 533 7
500 533 5
501 533 10
502 533 8
503 534 2
504 534 2
505 534 9
506 534 8
507 535 6
508 535 1
509 535 3
510 535 6
511 536 10
512 537 10
513 538 3
514 538 1
515 539 4
516 539 4
517 540 12
518 541 12
519 541 12
520 542 9
521 542 6
522 542 13
523 543 6
524 543 4
525 544 13
526 545 10
527 546 2
528 547 4
528 548 11
528 549 13
529 550 13
529 551 3
529 552 2
530 553 6
531 554 10
531 555 4
532 556 13
532 557 9
533 558 9
534 559 11
534 560 2
534 561 5
535 562 4
536 563 13
536 564 1
537 565 5
537 566 9
537 567 8
538 568 4
539 569 2
539 570 9
540 571 7
540 572 9
541 573 6
541 574 3
541 575 13
542 576 12
543 577 7
543 578 4
544 579 13
545 580 6
546 581 9
547 582 11
548 583 6
549 584 1
550 585 12
551 586 13
552 586 6
553 587 11
554 588 8
555 589 11
556 590 7
557 591 13
558 592 8
559 593 12
560 594 9
561 595 3
562 596 12
563 596 4
564 597 9
565 598 7
566 599 4
567 599 12
568 600 13
569 601 3
570 602 10
571 602 2
572 603 10
573 604 13
574 605 11
575 606 3
576 607 6
577 608 4
578 609 11
579 610 13
580 611 10
581 612 3
582 613 10
582 614 1
583 615 10
584 616 5
585 617 5
586 618 8
587 619 9
587 620 13
588 621 4
589 622 10
590 623 12
590 624 13
591 625 11
592 626 2
593 627 10
594 628 12
594 629 9
595 630 6
596 631 7
597 632 13
598 633 3
599 634 10
600 635 1
600 636 7
600 637 11
601 638 8
602 639 6
602 640 8
603 641 6
603 642 3
604 643 10
605 644 9
606 645 12
607 646 3
608 647 9
609 648 8
610 649 4
611 650 8
612 651 1
612 652 12
613 653 2
614 654 7
615 655 13
616 656 11
617 656 6
618 656 1
619 657 1
620 657 5
621 658 7
622 658 10
623 659 10
624 659 1
625 660 1
626 661 2
627 662 12
628 663 13
629 663 3
630 663 6
631 664 6
632 665 13
633 665 1
634 665 1
635 666 6
636 667 4
637 668 12
638 669 1
639 670 3
640 670 12
641 671 3
642 672 8
643 672 8
644 673 9
645 673 12
646 673 10
647 674 8
648 675 7
649 676 4
650 677 12
651 678 3
652 678 6
653 679 1
654 680 10
655 680 4
656 681 9
657 682 6
658 683 7
659 684 7
660 685 6
661 685 13
662 686 10
663 687 7
664 688 1
665 689 6
666 690 11
667 691 8
668 692 8
669 693 1
670 693 5
671 694 4
672 695 2
673 696 2
674 697 4
675 698 2
676 699 10
677 700 4
678 700 8
679 701 5
679 702 8
680 703 2
681 704 6
681 705 8
681 706 10
682 707 11
683 708 13
683 709 7
683 710 6
684 711 4
684 712 8
685 713 13
685 714 7
686 715 13
686 716 2
687 717 7
687 718 9
688 719 11
688 720 7
689 721 7
690 722 2
690 723 4
691 724 11
692 725 10
692 726 5
693 727 3
693 728 9
694 729 8
695 730 10
695 731 10
696 732 3
697 733 9
698 734 5
698 735 5
698 736 7
699 737 7
700 738 7
700 739 4
701 740 7
702 741 9
703 742 9
704 743 4
705 744 6
706 745 2
707 745 10
708 746 3
709 747 10
710 747 6
711 748 11
712 749 10
713 750 12
714 751 5
715 752 10
716 753 13
717 754 5
718 755 2
719 756 13
720 756 9
721 757 8
722 758 8
723 758 13
724 759 1
725 759 4
726 760 2
727 760 4
728 761 2
729 762 3
730 763 4
731 763 10
732 764 13
733 765 2
734 765 1
735 766 7
736 767 3
737 767 6
738 768 2
739 769 2
740 770 13
741 771 13
742 772 1
743 773 9
744 774 3
745 775 8
746 776 3
747 777 7
748 778 11
749 779 2
750 780 12
751 781 12
752 782 7
753 783 3
754 784 12
755 785 13
756 786 5
757 787 4
758 788 5
759 789 13
760 790 11
761 791 7
762 792 8
763 793 7
764 794 6
765 795 5
766 796 2
767 797 2
768 798 5
769 799 4
770 800 5
771 800 1
772 800 3
773 800 1
774 800 11
775 800 9
776 800 12
777 800 11
778 800 3
779 800 11
780 800 6
781 800 1
782 800 5
783 800 6
784 800 12
785 800 1
786 800 12
787 800 7
788 800 6
789 800 12
790 800 6
791 800 12
792 800 6
793 800 1
794 800 9
795 800 11
796 800 6
797 800 4
798 800 6
799 800 3
