1 2 1
1 3 1
1 4 1
1 5 1
2 6 1
2 7 1
2 8 1
2 9 1
2 10 1
3 11 1
4 12 1
4 13 1
4 14 1
5 15 1
5 16 1
5 17 1
6 18 1
7 19 1
7 20 1
8 21 1
9 22 1
10 23 1
10 24 1
11 25 1
12 26 1
13 27 1
13 28 1
14 29 1
15 30 1
16 31 1
16 32 1
16 33 1
17 34 1
17 35 1
18 36 1
19 36 1
20 36 1
21 37 1
22 37 1
23 38 1
24 39 1
25 40 1
26 41 1
27 42 1
28 43 1
29 43 1
30 44 1
31 45 1
32 46 1
33 46 1
34 47 1
35 47 1
36 48 1
37 49 1
38 50 1
39 51 1
40 52 1
41 53 1
41 54 1
42 55 1
43 56 1
44 57 1
45 58 1
46 59 1
47 60 1
48 61 1
49 61 1
50 61 1
51 62 1
52 63 1
53 64 1
54 65 1
55 66 1
56 66 1
57 66 1
58 66 1
59 67 1
60 67 1
61 68 1
62 69 1
62 70 1
63 71 1
64 72 1
64 73 1
65 74 1
65 75 1
66 76 1
66 77 1
67 78 1
68 79 1
69 80 1
70 81 1
70 82 1
70 83 1
71 84 1
71 85 1
72 86 1
73 87 1
73 88 1
74 89 1
75 90 1
76 91 1
77 92 1
78 93 1
79 94 1
80 95 1
80 96 1
81 97 1
82 98 1
83 99 1
84 100 1
85 101 1
86 102 1
87 103 1
87 104 1
87 105 1
88 106 1
89 107 1
89 108 1
90 109 1
90 110 1
91 111 1
92 112 1
92 113 1
93 114 1
94 115 1
95 115 1
96 116 1
97 117 1
98 118 1
99 119 1
100 120 1
101 120 1
102 121 1
103 122 1
104 123 1
105 124 1
106 124 1
107 125 1
108 126 1
109 126 1
110 127 1
111 128 1
112 129 1
113 130 1
114 130 1
115 131 1
116 131 1
117 132 1
118 133 1
119 134 1
120 135 1
121 136 1
122 136 1
123 136 1
124 137 1
125 137 1
126 138 1
127 139 1
128 140 1
129 140 1
130 140 1
131 141 1
131 142 1
131 143 1
132 144 1
133 145 1
133 146 1
134 147 1
134 148 1
134 149 1
134 150 1
135 151 1
135 152 1
136 153 1
137 154 1
137 155 1
138 156 1
139 157 1
140 158 1
140 159 1
141 160 1
142 160 1
143 161 1
144 162 1
145 162 1
146 163 1
147 164 1
148 164 1
149 164 1
150 165 1
151 166 1
152 166 1
153 167 1
154 168 1
155 168 1
156 169 1
157 169 1
158 170 1
159 170 1
160 171 1
161 172 1
162 173 1
163 174 1
164 175 1
165 176 1
166 177 1
167 178 1
168 179 1
169 180 1
170 181 1
171 182 1
172 183 1
173 184 1
174 185 1
175 186 1
176 187 1
177 188 1
178 189 1
179 190 1
180 191 1
181 192 1
181 193 1
182 194 1
183 195 1
184 196 1
185 197 1
186 198 1
187 199 1
187 200 1
187 201 1
188 202 1
189 203 1
189 204 1
190 205 1
191 206 1
192 207 1
192 208 1
192 209 1
193 210 1
194 211 1
195 212 1
196 213 1
197 214 1
198 214 1
199 215 1
200 216 1
201 217 1
202 218 1
203 219 1
204 220 1
205 220 1
206 221 1
207 222 1
208 222 1
209 223 1
210 223 1
211 224 1
212 225 1
213 226 1
214 227 1
215 228 1
216 229 1
217 230 1
218 231 1
219 232 1
220 233 1
221 234 1
221 235 1
222 236 1
223 237 1
224 238 1
225 239 1
226 239 1
227 240 1
228 240 1
229 241 1
230 242 1
231 242 1
232 243 1
233 244 1
234 245 1
235 245 1
236 246 1
237 247 1
238 248 1
239 249 1
239 250 1
240 251 1
241 252 1
241 253 1
242 254 1
242 255 1
243 256 1
244 257 1
245 258 1
246 259 1
246 260 1
247 261 1
247 262 1
248 263 1
249 264 1
249 265 1
249 266 1
250 267 1
251 268 1
252 269 1
253 270 1
254 271 1
255 272 1
255 273 1
255 274 1
256 275 1
257 276 1
258 277 1
259 278 1
260 279 1
261 280 1
261 281 1
262 282 1
262 283 1
263 284 1
264 285 1
265 286 1
266 287 1
267 288 1
268 289 1
269 290 1
270 291 1
271 292 1
272 293 1
273 294 1
274 295 1
275 296 1
276 297 1
277 297 1
278 298 1
279 299 1
280 300 1
281 301 1
282 302 1
283 303 1
284 304 1
285 305 1
286 305 1
287 305 1
288 305 1
289 306 1
290 306 1
291 307 1
292 307 1
293 308 1
294 308 1
295 308 1
296 309 1
297 310 1
298 311 1
299 311 1
300 312 1
301 313 1
302 313 1
303 314 1
304 315 1
304 316 1
304 317 1
305 318 1
305 319 1
306 320 1
306 321 1
306 322 1
307 323 1
307 324 1
307 325 1
307 326 1
307 327 1
308 328 1
308 329 1
308 330 1
309 331 1
309 332 1
309 333 1
309 334 1
310 335 1
310 336 1
310 337 1
311 338 1
311 339 1
312 340 1
312 341 1
312 342 1
312 343 1
312 344 1
313 345 1
313 346 1
314 347 1
314 348 1
314 349 1
314 350 1
315 351 1
316 351 1
317 351 1
318 351 1
319 352 1
320 352 1
321 352 1
322 352 1
323 353 1
324 353 1
325 354 1
326 354 1
327 354 1
328 355 1
329 356 1
330 356 1
331 357 1
332 357 1
333 357 1
334 358 1
335 358 1
336 358 1
337 359 1
338 359 1
339 359 1
340 359 1
341 360 1
342 360 1
343 360 1
344 361 1
345 361 1
346 361 1
347 361 1
348 362 1
349 362 1
350 362 1
351 363 1
352 364 1
353 365 1
353 366 1
354 367 1
355 368 1
356 369 1
357 370 1
358 371 1
358 372 1
359 373 1
360 374 1
360 375 1
361 376 1
362 377 1
362 378 1
362 379 1
363 380 1
364 381 1
364 382 1
364 383 1
365 384 1
366 385 1
367 386 1
367 387 1
368 388 1
369 389 1
370 390 1
371 391 1
372 392 1
373 393 1
374 394 1
374 395 1
375 396 1
376 397 1
377 398 1
377 399 1
378 400 1
379 401 1
380 402 1
381 403 1
382 403 1
383 403 1
384 404 1
385 404 1
386 405 1
387 405 1
388 406 1
389 406 1
390 407 1
391 407 1
392 408 1
393 409 1
394 410 1
395 410 1
396 411 1
397 412 1
398 412 1
399 413 1
400 413 1
401 413 1
402 414 1
403 415 1
404 416 1
404 417 1
405 418 1
406 419 1
407 420 1
407 421 1
408 422 1
408 423 1
409 424 1
410 425 1
411 426 1
412 427 1
412 428 1
413 429 1
414 430 1
415 431 1
416 432 1
417 433 1
418 434 1
419 434 1
420 435 1
421 436 1
422 437 1
423 438 1
424 439 1
425 440 1
426 441 1
427 441 1
428 442 1
429 443 1
430 444 1
431 445 1
432 446 1
433 447 1
434 448 1
434 449 1
435 450 1
436 451 1
437 452 1
438 453 1
439 454 1
440 455 1
440 456 1
441 457 1
441 458 1
442 459 1
442 460 1
443 461 1
443 462 1
444 463 1
445 464 1
446 464 1
447 464 1
448 465 1
449 466 1
450 467 1
451 467 1
452 468 1
453 468 1
454 469 1
455 469 1
456 470 1
457 471 1
458 472 1
459 473 1
460 473 1
461 474 1
462 475 1
463 476 1
464 477 1
465 478 1
466 479 1
467 480 1
468 481 1
469 482 1
470 483 1
471 484 1
471 485 1
472 486 1
472 487 1
473 488 1
473 489 1
474 490 1
475 491 1
476 492 1
477 493 1
478 494 1
478 495 1
478 496 1
479 497 1
480 498 1
481 499 1
481 500 1
482 501 1
483 502 1
484 503 1
484 504 1
485 505 1
486 506 1
487 507 1
487 508 1
488 509 1
489 510 1
490 511 1
490 512 1
491 513 1
492 514 1
493 515 1
494 516 1
495 517 1
496 517 1
497 518 1
498 519 1
499 519 1
500 520 1
501 521 1
502 521 1
503 522 1
504 523 1
505 524 1
506 525 1
507 526 1
508 527 1
509 528 1
510 529 1
511 529 1
512 529 1
513 530 1
514 531 1
515 531 1
516 532 1
517 532 1
518 533 1
519 533 1
520 533 1
521 533 1
522 533 1
523 534 1
524 535 1
525 535 1
526 536 1
527 536 1
528 537 1
529 537 1
530 538 1
531 539 1
532 540 1
533 541 1
533 542 1
534 543 1
534 544 1
535 545 1
536 546 1
536 547 1
537 548 1
537 549 1
538 550 1
538 551 1
539 552 1
540 553 1
541 554 1
542 555 1
543 556 1
544 557 1
545 558 1
546 559 1
547 560 1
548 561 1
549 562 1
550 563 1
551 564 1
552 565 1
553 566 1
554 567 1
555 568 1
556 569 1
557 570 1
558 571 1
559 572 1
559 573 1
560 574 1
560 575 1
561 576 1
562 577 1
563 578 1
564 579 1
565 580 1
566 581 1
567 582 1
568 583 1
569 584 1
570 585 1
571 586 1
572 587 1
573 588 1
574 589 1
574 590 1
575 591 1
576 592 1
577 593 1
578 594 1
579 595 1
580 596 1
581 597 1
582 598 1
583 599 1
584 600 1
585 601 1
586 602 1
587 603 1
588 604 1
589 605 1
590 606 1
591 606 1
592 607 1
593 608 1
594 608 1
595 608 1
596 609 1
597 610 1
598 611 1
598 612 1
599 613 1
600 614 1
601 615 1
602 616 1
602 617 1
603 618 1
603 619 1
604 620 1
605 621 1
606 622 1
607 623 1
607 624 1
608 625 1
609 626 1
610 626 1
611 627 1
612 628 1
613 628 1
614 629 1
615 629 1
616 630 1
617 631 1
618 632 1
619 632 1
620 633 1
621 633 1
622 634 1
623 634 1
624 634 1
625 634 1
626 635 1
626 636 1
626 637 1
627 638 1
627 639 1
627 640 1
628 641 1
628 642 1
629 643 1
629 644 1
630 645 1
631 646 1
632 647 1
632 648 1
633 649 1
633 650 1
634 651 1
634 652 1
635 653 1
636 653 1
637 654 1
638 655 1
639 656 1
640 657 1
641 658 1
642 659 1
643 660 1
644 660 1
645 661 1
646 662 1
647 662 1
648 662 1
649 663 1
650 663 1
651 664 1
652 664 1
653 665 1
654 666 1
655 667 1
656 668 1
656 669 1
657 670 1
657 671 1
658 672 1
659 673 1
659 674 1
659 675 1
660 676 1
660 677 1
661 678 1
661 679 1
661 680 1
662 681 1
663 682 1
663 683 1
664 684 1
665 685 1
666 686 1
667 687 1
668 688 1
669 689 1
670 690 1
671 691 1
672 691 1
673 691 1
674 692 1
675 693 1
676 694 1
677 695 1
678 695 1
679 696 1
680 697 1
681 697 1
682 698 1
683 699 1
684 699 1
685 700 1
686 700 1
687 700 1
688 700 1
689 700 1
690 700 1
691 700 1
692 700 1
693 700 1
694 700 1
695 700 1
696 700 1
697 700 1
698 700 1
699 700 1
