1 2 1
1 3 1
2 4 1
2 5 1
2 6 1
2 7 1
3 8 1
3 9 1
4 10 1
5 11 1
6 12 1
7 13 1
7 14 1
8 15 1
9 16 1
9 17 1
10 18 1
11 19 1
12 20 1
13 21 1
13 22 1
14 23 1
15 24 1
16 25 1
17 26 1
17 27 1
18 28 1
19 29 1
20 29 1
21 30 1
22 30 1
23 31 1
24 32 1
25 33 1
26 34 1
27 35 1
28 36 1
29 37 1
30 38 1
31 39 1
32 40 1
33 41 1
34 42 1
35 43 1
36 44 1
36 45 1
36 46 1
36 47 1
37 48 1
37 49 1
37 50 1
38 51 1
38 52 1
38 53 1
39 54 1
39 55 1
40 56 1
41 57 1
42 58 1
43 59 1
43 60 1
44 61 1
45 62 1
46 62 1
47 63 1
48 63 1
49 64 1
50 64 1
51 65 1
52 65 1
53 66 1
54 66 1
55 67 1
56 67 1
57 68 1
58 68 1
59 68 1
60 68 1
61 69 1
62 69 1
63 69 1
64 70 1
65 71 1
66 72 1
67 73 1
68 74 1
69 75 1
70 76 1
71 77 1
71 78 1
71 79 1
71 80 1
72 81 1
73 82 1
73 83 1
74 84 1
74 85 1
75 86 1
76 87 1
77 87 1
78 87 1
79 88 1
80 88 1
81 89 1
82 90 1
83 90 1
84 91 1
85 92 1
86 93 1
87 94 1
88 95 1
89 96 1
90 97 1
91 98 1
92 99 1
93 100 1
94 100 1
95 100 1
96 100 1
97 100 1
98 100 1
99 100 1
