8 9 5 7
8 0 0 3
7 7 19 1
18 14 7 8
16 7 6 9
9 17 7 18
7 4 2 3
22 19 7 7
12 4 5 1
5 12 3 9
12 8 1 5
3 7 12 1
1 12 8 1
15 12 17 18
11 20 15 15
3 24 5 21
3 0 12 21
16 18 2 3
1 10 1 1
23 1 13 25
1 11 6 11
21 5 12 22
1 0 3 5
5 5 10 11
13 5 13 0
7 6 5 1
4 11 11 12
0 8 1 3
1 18 13 4
3 1 1 2
12 17 11 2
6 10 7 5
14 3 16 10
11 8 16 9
1 0 1 2
1 1 4 2
11 20 11 6
1 5 0 1
6 7 3 5
6 4 4 3
8 1 11 13
6 2 0 5
2 8 10 12
5 2 2 8
13 21 9 7
6 11 7 10
5 10 8 10
11 2 16 12
23 23 10 19
6 6 3 10
3 10 9 12
14 23 18 15
7 6 3 1
22 9 4 22
11 1 15 7
20 3 10 1
11 1 13 10
2 8 12 8
3 11 9 1
0 5 5 0
7 0 8 1
10 3 1 2
19 17 15 20
6 0 7 13
6 9 3 8
16 7 17 18
0 7 2 5
0 5 2 9
12 10 17 3
6 4 19 3
19 2 21 9
6 3 7 5
1 0 2 4
2 16 9 0
1 8 3 3
1 3 4 9
23 14 2 10
11 11 6 4
25 8 10 9
2 9 10 4
4 2 10 6
0 14 2 7
2 1 3 6
17 9 18 21
18 4 3 8
14 9 3 8
2 3 0 2
0 16 0 12
9 1 11 15
3 20 8 0
5 4 5 0
12 26 27 14
17 0 4 3
8 11 3 8
19 10 13 16
4 1 1 3
10 18 3 13
12 5 12 1
2 2 0 3
5 16 4 24
