1 2 4
1 3 1
1 4 1
1 5 1
1 6 5
2 7 1
2 8 6
2 9 4
2 10 5
2 11 7
3 12 2
3 13 7
3 14 5
4 15 2
4 16 3
5 17 4
5 18 2
5 19 5
5 20 3
5 21 2
6 22 6
6 23 3
6 24 2
7 25 2
8 25 5
9 25 1
10 25 3
11 25 6
12 25 1
13 26 3
14 26 4
15 26 7
16 27 1
17 27 3
18 27 1
19 28 1
20 29 4
21 29 5
22 30 2
23 30 7
24 30 3
25 31 6
25 32 2
25 33 6
26 34 4
27 35 1
27 36 4
28 37 4
28 38 2
29 39 5
29 40 4
30 41 1
30 42 1
30 43 5
30 44 4
30 45 7
31 46 3
32 47 7
33 48 2
34 48 1
35 49 7
36 50 5
37 50 7
38 51 7
39 52 2
40 53 2
41 53 4
42 54 6
43 55 2
44 56 3
45 57 5
46 58 6
47 59 2
48 60 7
49 61 2
50 62 2
51 63 3
52 64 6
53 65 3
54 66 1
55 67 1
56 68 6
57 69 1
58 70 2
59 71 6
60 72 3
61 73 7
62 74 5
63 75 3
64 76 2
65 77 7
66 77 4
67 78 3
68 79 4
69 80 4
70 81 7
71 82 3
71 83 1
72 84 2
72 85 3
73 86 3
74 87 3
75 88 3
76 89 6
76 90 5
77 91 1
77 92 6
78 93 2
79 94 5
79 95 7
79 96 3
80 97 1
81 98 6
82 98 7
83 99 7
84 100 5
85 101 6
86 102 7
87 103 3
88 104 6
89 105 5
90 106 5
91 107 5
92 108 2
93 109 2
94 109 7
95 110 6
96 111 7
97 112 5
98 113 5
98 114 1
98 115 6
99 116 6
100 117 3
101 118 5
102 119 4
103 120 1
103 121 6
104 122 1
104 123 1
105 124 2
106 125 5
107 126 7
107 127 1
108 128 1
109 129 7
110 130 3
110 131 4
111 132 2
112 133 5
113 134 3
114 134 1
115 135 4
116 135 1
117 136 3
118 137 2
119 138 6
120 138 7
121 138 5
122 139 6
123 140 7
124 141 6
125 141 5
126 141 4
127 142 7
128 142 7
129 142 1
130 143 4
131 143 5
132 144 7
133 145 4
134 146 5
135 146 6
136 147 3
137 148 5
138 149 2
139 149 2
140 150 6
141 151 5
142 151 7
143 152 5
144 153 1
145 154 7
146 155 3
146 156 3
147 157 6
147 158 6
147 159 1
148 160 4
148 161 5
149 162 4
150 163 1
151 164 4
151 165 1
152 166 3
153 167 1
153 168 1
154 169 7
155 170 3
156 171 7
157 172 2
158 173 3
159 174 3
160 175 7
161 175 2
162 176 2
163 177 2
164 178 6
165 179 1
166 179 7
167 180 5
168 181 6
169 182 7
170 183 7
171 183 1
172 184 1
173 184 3
174 185 5
175 186 3
176 186 3
177 187 7
178 187 2
179 187 6
180 187 2
181 188 4
182 189 6
183 190 6
183 191 4
183 192 2
184 193 2
185 194 7
185 195 6
185 196 6
186 197 6
187 198 3
188 199 1
189 200 2
190 201 2
191 202 5
192 203 2
192 204 2
193 205 2
194 206 3
194 207 1
195 208 7
195 209 4
196 210 5
197 211 4
198 212 3
198 213 7
199 214 1
199 215 4
200 216 1
200 217 7
200 218 2
200 219 6
201 220 5
202 221 1
203 221 4
204 221 7
205 222 5
206 223 7
207 224 3
208 225 2
209 225 5
210 226 7
211 226 5
212 226 6
213 227 3
214 227 5
215 228 4
216 229 5
217 230 4
218 231 5
219 231 4
220 232 2
221 233 3
222 234 6
223 235 2
223 236 2
224 237 6
224 238 5
225 239 1
226 240 1
227 241 4
228 242 1
228 243 4
228 244 7
229 245 4
229 246 5
230 247 5
231 248 3
232 249 6
233 250 4
234 251 4
235 252 6
236 253 2
237 254 6
238 255 3
239 256 5
240 256 4
241 257 6
242 258 5
243 258 5
244 259 5
245 260 3
246 260 7
247 261 5
248 262 6
249 263 2
250 264 2
251 265 2
252 266 1
253 267 7
254 268 4
255 269 7
256 270 1
257 271 3
258 272 1
258 273 4
259 274 2
260 275 1
261 276 2
262 277 2
263 278 1
264 279 3
265 280 6
266 281 5
267 282 7
268 283 6
269 284 2
270 284 1
271 285 3
272 286 1
273 287 7
274 288 4
275 288 5
276 289 2
277 289 7
278 290 7
279 291 2
280 292 3
281 293 1
282 294 3
283 295 3
284 296 4
284 297 7
285 298 5
286 299 7
287 300 4
288 301 7
289 302 1
290 303 5
290 304 6
291 305 2
292 306 7
292 307 6
293 308 5
294 309 7
294 310 1
295 311 1
295 312 1
295 313 4
295 314 4
296 315 2
297 316 6
297 317 2
298 318 1
298 319 6
299 320 2
299 321 5
299 322 1
300 323 5
300 324 1
300 325 7
300 326 4
301 327 2
301 328 2
302 329 6
303 330 3
304 330 1
305 330 6
306 330 2
307 331 2
308 331 7
309 331 6
310 332 2
311 332 1
312 332 4
313 332 7
314 333 6
315 333 1
316 333 1
317 334 5
318 335 6
319 336 1
320 336 3
321 336 3
322 336 6
323 336 4
324 337 2
325 337 2
326 337 7
327 337 2
328 337 5
329 337 3
330 338 3
331 339 3
331 340 4
332 341 6
333 342 1
333 343 7
334 344 1
334 345 6
335 346 2
336 347 1
337 348 6
338 349 6
338 350 6
339 351 3
340 352 7
341 353 2
342 354 7
343 355 5
344 356 7
345 357 4
345 358 7
346 359 6
346 360 7
347 361 3
348 362 5
348 363 2
349 364 7
350 364 6
351 365 1
352 365 5
353 366 1
354 366 6
355 367 6
356 368 7
357 368 3
358 369 6
359 369 2
360 370 5
361 370 2
362 371 6
363 372 1
364 373 4
365 374 6
365 375 4
366 376 3
367 377 7
368 378 3
369 379 4
370 380 7
371 381 3
372 382 6
373 383 5
374 383 7
375 384 5
376 385 4
377 385 2
378 386 5
379 386 6
380 387 4
381 388 6
382 388 6
383 389 1
383 390 6
384 391 2
385 392 6
385 393 4
386 394 1
386 395 2
386 396 7
387 397 7
387 398 7
387 399 1
388 400 5
388 401 7
389 402 5
390 403 2
391 404 2
392 405 3
393 406 2
394 407 2
395 408 4
396 409 3
397 410 3
398 411 3
399 412 6
400 413 1
401 414 4
402 415 6
403 416 2
404 417 2
405 417 4
406 418 5
407 418 1
408 419 6
409 420 3
410 421 1
411 422 3
412 423 3
413 424 2
414 425 5
415 426 7
416 427 1
417 428 1
418 429 3
419 430 1
420 431 3
421 432 7
422 433 7
422 434 2
423 435 3
424 436 7
425 437 7
426 438 2
427 439 1
428 440 3
429 441 1
430 442 4
431 443 1
432 444 5
433 445 7
434 445 6
435 446 3
436 447 7
437 448 6
438 449 2
439 450 5
440 451 6
441 452 3
441 453 6
442 454 6
443 455 6
444 456 7
445 457 4
446 458 5
447 459 6
447 460 2
448 461 2
449 462 7
450 463 6
451 464 4
451 465 7
452 466 5
453 467 3
453 468 4
454 469 4
454 470 6
455 471 5
456 472 1
456 473 7
457 474 3
458 475 1
458 476 2
459 477 6
459 478 4
460 479 7
461 480 3
462 481 3
463 482 5
464 482 6
465 483 6
466 483 2
467 484 2
468 485 4
469 485 3
470 485 6
471 485 4
472 485 7
473 486 4
474 486 6
475 486 6
476 487 2
477 488 7
478 489 3
479 490 1
480 491 1
481 492 5
482 493 1
482 494 4
483 495 3
484 496 7
484 497 3
485 498 5
486 499 4
486 500 5
487 501 1
488 502 4
489 503 3
490 504 1
491 505 3
491 506 1
492 507 3
493 507 4
494 508 5
495 509 5
496 509 6
497 509 6
498 509 7
499 510 4
500 510 7
501 511 4
502 512 4
503 512 3
504 513 1
505 513 6
506 513 1
507 514 5
508 515 6
508 516 1
509 517 4
509 518 4
510 519 2
511 520 1
511 521 6
512 522 6
513 523 3
514 524 5
514 525 7
514 526 1
515 527 6
516 528 6
516 529 2
517 530 3
517 531 2
518 532 6
519 533 3
519 534 7
519 535 5
520 536 1
521 537 4
521 538 4
522 539 4
523 540 4
523 541 7
524 542 6
525 543 3
526 543 2
527 543 6
528 544 3
529 544 6
530 545 6
531 546 5
532 547 3
533 548 3
534 549 7
535 549 7
536 550 3
537 550 6
538 551 5
539 552 3
540 553 1
541 554 5
542 555 5
543 556 1
544 557 5
545 558 5
546 559 4
547 560 3
548 561 4
549 562 4
550 563 3
551 564 4
552 565 1
553 566 6
554 567 6
555 568 2
556 569 1
557 570 3
558 571 2
559 572 7
560 572 4
561 573 7
562 573 6
563 574 4
564 574 7
565 574 3
566 575 4
567 576 7
568 577 1
569 578 2
569 579 5
570 580 6
570 581 3
571 582 5
572 583 1
572 584 2
573 585 5
574 586 7
575 587 1
576 588 1
577 589 1
578 590 5
579 591 3
580 592 3
581 593 4
582 594 5
583 594 7
584 595 5
585 596 5
586 597 7
587 598 5
588 599 4
589 600 2
590 600 2
591 600 7
592 600 3
593 600 7
594 600 1
595 600 2
596 600 3
597 600 2
598 600 2
599 600 3
