10 8 8 4 3 1 0 7
2 7 6 7 1 7 3 2
12 3 2 4 13 6 21 17
6 1 3 1 6 1 5 4
3 3 4 3 2 4 15 13
12 1 15 9 2 28 18 25
1 1 0 1 0 1 0 0
1 0 1 0 0 1 2 1
7 3 4 12 10 6 16 0
5 4 12 6 8 3 2 2
1 6 16 6 17 24 14 1
14 8 15 3 19 11 21 23
12 1 11 18 14 16 14 9
12 3 12 4 9 10 4 6
12 9 12 15 1 3 15 11
15 5 20 14 14 14 11 2
3 15 15 13 17 10 9 12
13 9 11 7 6 0 4 13
2 5 7 13 19 25 27 11
3 1 7 19 0 0 8 16
28 3 6 7 13 6 26 25
26 1 19 19 22 9 21 4
1 6 1 6 7 6 0 6
20 20 19 10 18 0 15 1
22 1 16 13 1 23 22 22
3 3 1 2 1 4 4 3
2 0 7 14 12 1 1 4
0 5 7 4 1 7 4 7
5 8 5 7 6 10 12 7
11 14 15 6 0 8 19 10
13 11 5 3 4 3 8 3
7 8 1 5 4 3 6 4
3 18 9 4 2 12 1 11
22 14 7 19 7 23 19 19
4 3 4 9 13 10 16 13
5 0 6 9 5 0 7 5
4 0 0 4 5 0 5 6
2 0 8 2 5 3 7 3
0 5 4 0 2 6 3 1
15 11 7 18 7 16 21 5
6 6 0 1 0 4 1 0
17 13 2 18 9 2 4 0
2 16 23 22 16 1 24 14
6 0 9 4 0 2 1 3
14 16 3 22 2 13 20 11
1 0 2 0 0 0 0 2
7 3 3 7 6 7 2 4
12 10 10 10 9 17 1 13
9 7 0 4 9 10 5 3
8 1 2 4 7 3 3 11
0 1 2 6 5 1 4 3
4 9 1 10 13 17 11 7
13 1 9 2 0 22 18 22
22 22 4 19 1 8 0 2
0 11 3 6 16 15 13 13
2 5 5 4 0 1 3 4
0 10 13 8 11 12 10 9
3 3 2 0 2 6 5 3
18 22 10 23 9 18 13 17
4 9 12 19 4 15 20 10
1 2 3 3 5 0 2 5
19 12 3 17 20 14 18 19
16 1 18 17 3 14 14 2
12 15 1 20 5 19 21 19
6 6 12 4 7 7 4 9
13 3 11 7 10 11 2 12
6 3 0 28 5 5 5 26
2 1 1 1 0 0 0 1
3 23 0 23 23 14 19 7
0 6 0 4 0 8 2 6
5 10 10 3 8 6 0 10
12 8 14 2 13 16 2 5
11 18 12 20 8 18 15 4
0 1 4 2 3 3 2 2
10 13 5 1 11 10 6 2
23 4 2 15 10 28 3 9
3 11 21 20 22 5 12 8
1 4 5 0 2 7 8 1
5 16 9 17 5 1 2 12
18 3 1 9 19 14 24 13
8 2 0 1 3 14 0 3
0 0 1 2 2 2 0 1
0 1 2 0 0 1 2 2
10 13 13 13 8 2 10 7
11 7 4 12 9 1 5 0
6 2 4 8 5 7 1 6
3 9 10 3 8 5 13 12
14 2 3 3 13 4 4 3
1 24 4 16 22 16 12 1
14 9 11 13 4 2 13 0
14 4 9 8 7 22 10 7
13 5 13 5 12 11 1 10
3 1 0 0 4 0 4 3
5 12 9 2 0 9 11 11
8 14 3 12 8 16 13 8
9 7 0 3 1 8 1 0
5 1 8 4 0 7 5 2
21 7 16 24 21 19 12 11
4 18 1 18 3 5 8 17
3 4 2 1 1 1 1 0
6 11 14 14 8 0 9 12
1 6 1 6 6 4 2 0
0 6 0 7 5 5 0 4
3 5 0 5 1 5 0 4
10 9 6 7 5 10 5 10
7 1 3 9 6 10 5 8
11 7 2 16 25 2 4 23
4 1 4 4 3 4 2 2
2 2 13 4 12 10 14 8
23 6 10 22 16 24 13 5
1 5 6 12 2 3 5 22
4 5 5 5 6 3 0 0
1 9 9 16 7 6 3 13
11 23 5 11 8 10 2 10
6 22 0 21 20 21 15 13
12 7 6 5 7 5 10 2
10 1 11 1 14 5 7 3
12 12 2 14 17 7 2 16
9 14 4 8 2 5 0 17
1 7 1 1 8 3 5 4
4 7 1 8 5 2 2 8
20 19 4 15 15 16 20 3
1 2 0 1 0 0 2 1
11 11 4 2 2 2 11 11
2 4 7 13 10 10 16 6
17 12 13 14 20 15 7 1
3 4 2 2 1 3 2 4
8 7 13 1 4 14 8 8
4 2 0 5 0 2 6 1
6 4 4 7 7 6 4 3
17 15 16 17 7 0 14 18
9 6 1 5 6 9 3 0
3 0 0 0 1 2 3 0
0 1 0 1 2 2 2 3
14 12 10 27 22 14 20 16
8 3 5 6 7 3 4 2
0 7 2 4 6 10 10 8
0 16 4 13 0 10 14 5
18 25 11 14 9 6 18 22
5 0 3 4 0 5 2 1
3 0 5 13 2 3 11 14
0 12 8 0 4 11 6 3
15 6 2 9 5 13 9 20
0 2 1 3 4 2 2 3
20 24 1 8 24 11 24 17
0 6 2 0 6 6 5 6
12 18 4 17 2 7 14 15
13 22 14 7 2 18 16 16
1 0 2 2 2 2 2 1
16 18 15 12 14 17 18 14
1 10 0 14 2 13 5 6
27 1 13 4 25 19 3 23
2 19 17 18 23 8 8 19
1 3 0 3 3 5 5 1
10 4 12 1 6 3 15 19
13 12 9 2 6 8 5 0
4 16 13 13 10 10 12 6
10 5 11 1 11 11 2 7
17 5 6 18 22 1 17 10
7 2 1 0 3 2 3 7
7 6 1 1 6 0 6 1
22 17 18 20 2 13 27 3
3 4 3 2 9 6 4 9
1 3 6 10 6 5 0 14
15 11 21 1 15 15 8 5
0 4 1 3 2 2 3 4
14 7 1 7 11 10 10 1
20 6 3 14 17 14 10 14
3 3 4 3 4 11 6 12
10 5 5 9 4 2 5 6
7 11 3 5 9 4 5 7
11 3 3 9 14 1 8 4
2 20 8 20 2 5 4 10
1 2 11 8 7 14 6 13
17 17 2 10 7 12 17 14
17 9 17 19 16 9 19 14
8 5 1 25 3 17 0 21
18 27 15 10 9 19 14 6
28 8 6 27 28 10 10 4
16 1 11 24 0 23 3 16
1 0 1 2 1 2 1 0
11 12 11 4 11 10 13 12
5 20 19 10 21 14 16 1
10 12 8 13 16 0 7 1
1 20 21 0 15 6 10 6
14 1 18 21 7 2 6 23
2 0 1 3 1 4 4 6
2 12 7 10 9 4 5 11
7 8 7 9 11 0 3 6
2 8 8 2 2 8 3 0
2 2 3 2 0 4 1 3
10 9 2 6 4 3 10 5
5 6 4 3 5 0 5 0
2 0 1 0 1 3 3 4
15 16 3 15 17 0 11 14
3 15 13 8 19 14 14 0
6 0 9 1 1 5 9 12
11 10 3 10 20 19 6 16
2 2 1 0 1 0 1 0
9 16 15 15 21 8 21 21
9 6 0 2 6 6 3 2
10 14 7 16 8 5 1 18
1 2 2 9 3 5 6 3
1 8 1 2 4 3 5 4
2 4 3 2 4 6 6 1
2 0 0 2 0 2 0 0
16 1 12 17 1 4 20 11
6 6 3 3 1 0 0 5
2 5 4 6 5 9 4 10
20 24 26 6 3 11 10 1
0 7 5 7 3 14 2 10
10 3 1 0 14 23 5 12
6 2 7 5 10 5 0 7
8 16 15 2 2 10 2 12
6 10 6 7 0 4 9 0
11 20 14 2 9 14 12 9
22 20 20 10 2 1 13 21
12 8 10 4 7 3 12 1
3 2 7 4 5 3 8 4
4 12 7 8 7 14 13 3
3 13 8 5 10 5 6 9
5 9 3 5 9 1 6 0
10 14 15 8 20 6 17 5
9 8 18 15 17 5 12 8
5 3 8 10 1 8 3 9
10 18 10 11 8 5 14 12
5 4 6 10 4 15 0 10
0 2 11 13 12 3 14 12
10 1 1 4 1 10 10 12
6 1 13 5 11 8 10 0
0 6 6 3 1 2 3 0
4 3 1 0 1 0 2 1
2 7 13 12 19 10 6 20
19 6 13 12 14 3 20 7
4 6 0 9 8 9 10 1
18 8 11 8 8 8 15 16
5 11 10 24 19 8 22 26
6 6 1 4 2 1 2 4
0 1 2 1 0 1 0 1
8 10 0 6 15 13 15 7
0 13 8 5 0 12 9 0
16 1 11 10 5 9 12 11
12 11 14 6 7 8 4 21
1 2 10 4 5 5 4 8
0 8 8 10 14 5 7 12
0 3 0 3 0 1 3 0
21 5 22 7 8 3 14 2
3 5 0 12 8 10 3 3
8 3 6 10 0 8 5 7
6 5 4 9 8 3 0 8
3 0 4 4 4 0 2 0
0 2 0 3 2 2 0 3
3 7 4 8 1 4 5 1
3 4 2 4 0 0 2 0
1 0 2 0 3 3 3 0
7 16 4 10 15 0 11 5
3 1 3 0 3 4 3 4
14 28 26 17 17 25 18 1
13 16 3 2 14 2 0 6
6 0 2 8 7 3 0 3
2 17 16 6 18 20 25 25
11 5 9 3 7 2 6 1
2 1 2 4 2 2 3 1
4 1 4 4 3 6 4 6
11 9 6 17 3 2 9 15
16 3 1 7 22 24 7 15
7 6 6 2 1 8 5 5
5 15 13 22 4 9 4 1
2 1 1 0 1 0 1 2
2 2 0 2 2 3 0 4
5 4 10 24 22 6 13 12
9 1 4 5 8 2 9 1
5 9 8 8 0 7 10 7
6 2 3 2 2 2 0 4
27 28 27 6 2 19 27 20
6 8 1 5 7 10 15 24
13 15 2 20 11 18 10 6
14 9 17 10 1 3 1 0
8 10 9 6 7 5 0 5
19 20 11 4 4 14 0 21
0 1 4 4 2 2 4 4
13 3 2 10 4 4 9 2
18 13 14 9 0 14 24 22
24 2 3 15 4 4 22 5
0 9 1 10 6 10 1 4
6 2 8 8 5 11 7 3
6 6 5 4 3 3 0 0
23 24 9 0 19 20 18 25
1 1 2 1 1 1 2 0
8 6 0 3 0 8 8 5
7 14 17 12 2 10 5 5
4 1 3 0 2 1 3 4
0 1 3 1 1 1 0 3
13 11 9 17 20 4 9 14
5 9 6 5 13 1 26 12
7 2 4 4 6 8 8 8
0 1 0 4 4 3 3 3
28 23 10 24 25 17 27 2
3 4 4 4 3 1 1 2
1 2 2 2 2 2 1 2
9 8 7 9 8 0 2 3
15 4 17 1 18 0 6 14
6 4 12 8 4 0 11 0
5 8 8 1 1 5 0 8
3 4 6 0 1 0 5 1
8 1 16 0 3 2 7 12
14 4 4 2 14 16 16 16
2 1 2 1 1 2 0 2
2 6 7 12 12 8 2 3
3 0 9 10 10 4 2 9
5 6 6 4 4 2 4 1
0 7 7 5 0 0 8 7
4 5 1 6 3 0 0 5
22 8 24 18 2 18 16 21
3 10 16 2 0 14 17 11
12 25 22 16 4 24 21 20
8 7 6 6 0 5 5 2
2 3 0 1 4 4 1 4
20 2 28 27 8 3 8 23
12 19 2 13 11 16 11 1
4 13 5 20 28 15 15 26
8 2 16 10 15 10 17 8
0 2 3 3 4 1 1 3
2 7 6 9 0 12 4 2
3 2 4 4 0 1 10 9
14 7 1 20 13 3 16 0
18 26 21 10 3 8 1 9
2 3 5 4 7 6 7 8
0 0 10 0 7 14 3 1
4 3 0 3 2 2 1 1
17 0 4 13 18 21 16 1
2 0 4 1 1 10 1 14
2 6 1 13 6 4 11 8
3 9 4 3 7 7 6 5
2 13 7 14 17 6 1 8
6 9 8 6 2 9 4 2
3 5 3 2 7 8 0 3
6 0 10 10 1 4 8 12
11 24 21 19 24 11 15 5
1 4 2 1 2 3 0 4
9 15 1 13 22 26 23 5
5 8 2 1 8 0 8 1
13 13 15 3 8 16 16 20
8 7 0 10 4 5 1 6
4 1 2 4 4 1 4 2
0 1 1 0 0 0 1 2
2 1 1 1 0 1 1 1
9 20 20 6 9 15 10 18
21 24 2 9 22 22 12 18
14 5 15 16 10 12 7 5
20 8 23 4 10 3 19 7
0 8 3 6 5 0 1 2
18 11 2 2 24 23 19 9
5 1 19 18 21 4 17 10
2 3 4 2 2 1 3 2
10 15 14 10 12 4 1 0
8 0 3 3 8 4 12 5
6 14 13 6 18 3 18 24
17 11 4 12 1 8 12 17
2 8 9 9 10 15 15 9
7 6 1 2 8 4 3 7
3 7 0 18 15 5 1 7
9 10 14 7 8 2 13 14
12 8 11 2 13 18 10 12
2 5 25 14 13 23 13 18
2 0 12 11 11 4 4 11
12 4 2 4 10 10 7 10
23 17 23 21 14 25 2 6
1 15 19 7 20 12 16 22
2 1 0 4 2 4 3 1
16 22 10 13 4 15 1 4
9 1 7 1 10 3 5 0
11 6 12 14 11 11 16 1
18 24 18 11 5 25 19 7
1 1 2 1 1 0 1 1
14 11 20 9 0 17 11 8
21 14 1 21 22 19 13 4
3 0 0 3 1 1 4 2
2 5 0 7 8 7 6 0
5 4 3 5 2 1 5 4
12 13 10 14 3 9 12 14
3 10 7 5 1 16 7 5
2 2 4 4 3 0 3 4
0 0 2 1 0 0 1 1
2 5 9 9 8 8 1 6
0 8 5 13 0 12 3 3
4 0 3 4 0 8 8 5
12 12 3 3 10 9 2 1
10 8 1 8 6 2 2 14
4 8 11 15 20 1 1 5
12 7 6 9 5 10 9 16
13 6 14 12 10 16 16 5
11 11 13 13 13 13 13 14
22 17 16 8 7 14 21 28
3 17 13 16 19 6 20 15
3 10 1 0 4 12 3 12
21 0 8 15 5 14 0 19
2 1 0 2 0 0 2 1
7 3 4 2 4 4 1 3
0 1 0 1 0 2 1 1
18 15 5 10 9 7 7 6
0 11 12 7 7 5 9 8
11 2 9 2 0 15 16 14
1 18 5 14 10 2 6 0
9 6 5 7 5 4 2 5
26 26 0 13 7 2 23 17
4 16 2 11 3 2 13 11
7 3 3 6 5 4 5 3
14 13 6 16 15 9 8 16
0 2 1 3 1 1 0 1
20 1 21 25 2 5 1 10
5 2 2 3 10 5 5 0
11 1 3 6 10 3 3 13
1 2 2 1 2 1 1 0
16 17 19 0 3 7 21 25
2 0 9 4 4 4 27 11
19 1 6 21 16 24 25 3
14 16 24 13 7 6 11 18
3 0 14 11 16 19 11 9
6 9 10 6 1 6 11 5
0 3 3 0 3 2 0 3
21 14 18 11 3 10 5 5
1 0 2 2 0 1 2 1
1 3 7 20 11 8 4 10
1 3 11 10 10 1 7 9
1 0 0 2 1 2 0 2
0 0 2 1 1 2 0 0
12 19 25 8 17 6 4 18
16 8 8 12 16 8 12 13
6 0 6 0 5 4 3 3
0 1 2 0 1 2 0 0
23 8 7 24 17 1 20 5
19 21 28 15 18 18 4 9
6 2 5 0 1 2 3 5
11 2 8 6 7 10 2 3
7 0 4 4 4 1 4 2
0 0 1 1 2 0 1 1
0 0 21 3 0 17 13 11
14 11 0 8 16 14 2 17
6 4 8 7 2 6 5 1
18 20 9 1 14 3 8 1
5 6 8 6 4 8 0 5
2 6 10 0 12 9 6 4
21 9 0 20 13 19 7 19
8 5 21 23 8 4 9 9
0 1 0 1 4 1 0 0
16 8 10 0 13 11 0 11
6 3 0 5 3 4 5 3
2 2 2 0 0 2 0 1
5 8 5 6 0 0 3 6
2 7 8 6 1 1 3 2
27 0 1 4 9 1 14 2
18 2 0 5 22 17 22 21
10 4 6 8 1 11 14 6
5 2 7 14 7 4 14 10
22 19 18 8 3 5 14 12
10 9 2 9 6 12 8 3
9 7 12 9 20 4 1 3
10 3 4 15 14 5 9 5
0 0 2 1 0 0 0 2
21 11 0 22 4 8 13 26
14 10 4 3 3 15 17 14
15 13 7 6 2 18 15 15
9 27 10 14 18 23 21 5
4 0 5 1 6 1 5 5
17 9 8 11 17 6 5 13
13 10 17 28 28 20 11 4
1 2 4 2 1 0 4 2
24 0 23 15 12 22 3 2
9 8 14 6 10 7 6 16
7 0 2 4 2 7 6 5
0 12 0 9 1 1 8 1
9 9 21 12 24 11 24 8
5 7 6 10 9 6 2 6
18 11 25 18 15 0 2 20
1 1 3 3 3 3 4 4
1 18 8 9 5 1 13 15
2 2 1 0 0 1 0 2
1 10 4 10 2 2 2 3
10 7 24 12 3 5 25 6
3 11 8 3 4 5 6 7
4 5 11 19 12 5 18 14
5 0 3 5 7 1 4 8
10 11 8 20 13 1 8 5
6 13 9 7 10 2 11 4
1 13 15 14 6 14 14 10
3 6 7 13 1 12 8 14
10 5 8 15 5 1 6 14
20 18 14 19 2 17 19 20
17 12 3 3 24 8 5 23
6 4 4 4 5 5 0 3
13 15 3 0 10 10 15 9
16 22 0 8 15 18 20 24
5 11 3 2 15 14 12 4
11 9 4 8 13 23 19 17
8 13 14 19 9 24 24 5
10 12 5 12 9 4 4 5
25 5 25 23 4 19 27 27
3 4 6 5 3 6 4 7
1 7 0 8 0 8 2 7
6 8 1 0 0 1 3 5
12 16 14 4 1 0 2 5
2 3 9 9 1 9 2 5
1 1 0 2 1 2 0 0
10 14 2 2 2 2 2 10
1 1 0 0 1 2 2 0
0 1 0 1 1 2 0 1
13 5 21 0 14 20 8 17
3 4 4 2 1 0 3 4
2 4 4 3 3 0 4 1
3 5 4 20 21 1 11 22
17 1 4 0 7 16 23 7
7 2 5 19 19 5 14 17
16 22 18 8 0 23 6 21
16 9 18 26 2 9 10 1
14 8 10 16 17 8 5 16
15 16 9 18 17 10 24 17
8 13 4 15 3 7 12 9
13 26 27 2 27 21 23 20
1 10 16 15 1 8 4 16
4 7 10 3 1 11 13 1
5 10 9 5 9 4 4 0
4 1 10 6 7 4 4 8
5 2 1 5 6 3 1 1
20 22 14 16 23 1 1 7
11 7 2 12 12 1 8 12
8 11 10 12 9 0 5 1
4 6 5 1 11 8 19 23
5 6 11 16 18 15 2 4
1 2 2 2 2 0 1 0
7 16 9 12 13 19 17 4
2 2 0 2 2 1 1 2
0 7 10 1 6 1 8 7
4 0 1 3 3 0 2 2
19 4 10 1 4 19 22 3
6 8 13 3 11 17 17 4
2 13 6 9 5 24 16 14
10 9 0 3 15 12 16 12
4 6 6 1 0 2 2 4
1 14 2 6 3 10 5 11
3 11 12 7 3 2 15 9
1 17 8 5 2 9 5 3
2 0 0 1 0 1 2 1
8 1 8 11 3 3 10 11
8 0 10 8 8 2 3 0
0 0 1 2 2 0 2 1
1 2 1 3 3 2 2 0
0 6 1 6 0 1 6 4
3 0 3 6 1 3 6 6
10 1 5 12 2 12 6 5
4 6 6 5 1 6 4 5
10 15 1 16 14 1 4 13
3 9 5 3 22 21 10 11
8 6 10 2 7 5 7 11
2 9 6 0 6 8 5 0
12 15 3 12 3 8 5 15
1 1 0 0 2 2 1 2
15 1 23 0 6 1 9 14
1 0 1 3 3 4 0 4
27 20 18 24 24 9 5 25
8 3 0 2 9 0 2 2
1 3 3 2 5 4 1 2
0 3 3 1 6 9 8 8
7 4 1 7 12 12 7 0
0 1 1 2 1 1 0 1
12 22 17 26 20 6 13 26
8 7 4 10 7 4 0 2
0 8 4 1 6 3 3 4
4 9 14 6 15 6 11 13
1 1 2 0 4 4 0 0
2 1 3 3 0 0 6 5
10 7 2 13 3 3 6 15
19 5 7 22 12 8 21 2
1 1 9 1 14 4 14 13
18 15 24 19 15 0 4 6
22 9 11 24 27 26 5 11
7 10 19 2 17 9 20 14
5 3 3 2 6 2 3 5
26 19 1 15 3 26 3 4
9 1 7 7 1 5 8 2
8 0 14 7 5 7 9 6
21 5 12 4 21 2 10 12
14 12 16 11 18 6 13 14
3 6 16 13 14 11 1 5
2 2 2 0 0 1 0 2
6 12 14 21 22 18 4 13
12 3 13 16 17 11 11 6
1 10 10 3 3 4 2 4
22 13 18 6 10 1 12 15
13 5 23 20 17 0 12 21
0 3 1 12 5 8 5 5
1 0 1 3 1 2 3 1
15 2 10 11 3 8 12 2
6 6 6 2 4 2 4 1
5 7 7 1 13 12 3 19
5 1 6 2 5 8 5 5
10 3 1 14 1 8 10 16
14 6 10 2 10 3 4 7
11 2 2 14 4 5 6 4
3 9 21 14 8 5 3 11
