1 2 53
1 3 5
1 4 42
1 5 48
1 6 73
2 7 60
3 8 37
3 9 49
4 10 61
4 11 49
5 12 32
5 13 67
5 14 29
5 15 10
6 16 68
6 17 60
7 18 72
7 19 43
8 20 30
9 21 6
10 22 25
11 23 58
12 24 20
12 25 60
12 26 11
12 27 22
13 28 36
14 29 26
14 30 53
14 31 35
15 32 17
15 33 19
16 34 14
16 35 55
17 36 67
18 37 53
19 38 6
20 38 37
21 39 70
22 39 38
23 39 9
24 40 25
25 41 51
26 41 27
27 41 1
28 42 49
29 42 37
30 42 62
31 42 49
32 42 78
33 43 12
34 44 62
35 44 31
36 45 67
37 46 10
37 47 39
38 48 21
39 49 44
40 50 11
40 51 25
40 52 35
41 53 62
42 54 32
42 55 23
43 56 1
44 57 26
45 58 72
45 59 50
46 60 38
47 61 36
48 62 19
49 63 65
50 64 53
51 65 45
52 66 56
53 67 67
54 68 39
55 69 69
55 70 52
56 71 52
57 72 24
57 73 26
58 74 37
59 75 11
60 76 1
61 77 5
61 78 57
62 79 48
63 80 18
64 81 20
65 82 45
66 83 37
67 84 11
68 85 68
69 86 12
70 87 42
71 88 48
72 89 38
72 90 16
73 91 24
74 92 40
75 93 68
76 94 49
77 95 32
78 95 50
79 96 18
80 96 27
81 96 1
82 97 11
83 98 12
84 99 79
85 100 77
86 101 38
87 102 16
88 103 17
89 104 79
90 105 30
91 106 38
92 107 34
93 108 18
94 109 19
95 110 41
96 111 32
97 112 39
98 113 64
99 114 4
100 115 73
101 116 16
101 117 62
102 118 3
103 119 23
104 120 46
105 121 38
106 122 34
107 123 52
108 124 45
109 125 30
110 126 74
111 127 76
112 128 34
113 129 3
114 130 70
115 131 5
116 132 19
117 133 23
118 134 25
119 135 41
120 136 61
120 137 57
121 138 49
122 139 66
123 140 67
124 141 70
125 142 77
125 143 20
126 144 3
127 145 27
127 146 67
128 147 64
128 148 15
128 149 79
129 150 26
129 151 56
130 152 69
131 153 16
132 154 58
133 155 76
134 156 58
135 157 58
135 158 22
136 159 53
137 160 29
138 161 52
138 162 52
139 163 39
140 164 75
140 165 25
141 166 71
142 167 77
143 168 20
144 168 68
145 168 72
146 169 19
147 169 25
148 169 70
149 169 59
150 170 28
151 170 37
152 170 27
153 171 14
154 171 47
155 171 73
156 172 15
157 172 11
158 172 26
159 173 64
160 173 59
161 173 69
162 173 6
163 174 38
164 174 79
165 174 74
166 175 66
167 176 18
167 177 40
168 178 63
169 179 37
169 180 76
170 181 6
171 182 72
171 183 76
172 184 53
172 185 56
172 186 63
173 187 42
173 188 73
174 189 20
174 190 23
175 191 40
176 192 28
177 193 4
178 194 79
179 195 57
180 195 4
181 196 65
182 197 68
183 198 74
184 199 76
185 200 51
186 200 64
187 201 32
188 201 25
189 202 62
190 202 14
191 203 51
192 204 23
193 205 16
193 206 70
194 207 48
195 208 25
195 209 74
196 210 73
197 211 14
198 212 47
199 213 71
199 214 76
200 215 18
201 216 67
202 217 16
202 218 30
202 219 70
203 220 29
204 221 22
205 222 64
206 222 45
207 223 25
208 224 45
209 225 37
210 226 12
211 227 28
212 228 45
213 228 58
214 229 67
215 230 64
216 231 8
217 232 78
218 232 29
219 233 74
220 234 73
221 235 65
222 236 34
223 237 29
224 238 59
225 239 74
226 240 76
227 241 47
228 242 22
229 243 17
230 244 45
230 245 50
231 246 53
232 247 64
233 248 25
234 249 59
235 250 3
236 251 75
237 252 35
237 253 58
238 254 48
239 255 20
240 256 55
241 257 28
242 258 3
243 259 54
244 260 30
245 261 1
245 262 43
246 263 68
247 264 36
248 265 7
249 266 55
250 267 69
251 268 65
252 269 18
253 270 28
254 271 3
255 272 17
256 273 79
257 274 12
257 275 6
258 276 2
259 277 72
260 278 71
261 279 9
262 280 30
263 281 27
264 282 20
265 283 3
266 284 38
267 285 79
268 286 12
269 287 57
270 288 68
271 289 51
272 289 35
273 289 78
274 290 4
275 291 35
276 292 9
277 293 40
278 294 70
279 295 57
280 296 53
281 296 8
282 297 41
283 298 12
284 299 70
285 300 45
286 300 45
287 300 10
288 300 1
289 300 23
290 300 31
291 300 3
292 300 25
293 300 62
294 300 57
295 300 43
296 300 75
297 300 22
298 300 30
299 300 37
