1 2 48
1 3 15
2 4 17
2 5 31
2 6 79
2 7 80
3 8 41
3 9 66
3 10 33
3 11 26
4 12 15
4 13 12
5 14 46
6 15 47
7 16 6
8 17 21
9 18 57
10 19 40
11 20 69
12 21 1
12 22 72
12 23 1
13 24 6
13 25 81
14 26 29
15 27 88
15 28 80
16 29 42
16 30 38
17 31 31
18 32 75
19 33 34
20 34 58
20 35 23
20 36 21
21 37 31
22 37 13
23 37 29
24 38 21
25 38 5
26 38 68
27 39 7
28 39 50
29 40 75
30 41 83
31 42 35
32 43 39
33 43 50
34 44 74
35 45 11
36 46 55
37 47 15
38 48 36
39 49 34
40 50 63
41 51 65
42 52 54
43 53 44
43 54 16
44 55 82
44 56 52
45 57 85
46 58 36
47 59 27
48 60 58
49 60 34
50 61 35
51 62 47
52 63 72
53 64 75
54 65 68
55 65 75
56 66 71
57 67 57
58 67 4
59 68 79
60 69 61
61 70 9
62 71 57
63 71 18
64 72 39
65 73 63
66 74 87
67 75 7
68 76 35
69 77 48
70 78 44
71 78 23
72 79 21
73 80 9
74 81 61
75 81 61
76 82 82
77 83 50
78 83 21
79 84 36
80 84 54
81 85 23
82 86 34
82 87 34
83 88 58
84 89 18
84 90 82
85 91 74
85 92 87
85 93 87
86 94 83
87 95 49
88 96 54
89 97 55
90 98 45
91 99 23
92 100 33
93 101 66
94 102 67
95 103 47
96 104 52
96 105 16
97 106 44
98 107 7
99 108 70
100 109 79
100 110 6
101 111 57
102 112 45
102 113 74
103 114 51
104 115 18
105 116 8
105 117 76
106 118 46
107 119 52
108 120 14
109 121 5
110 122 60
111 123 20
112 124 55
113 125 37
114 126 9
114 127 79
114 128 77
114 129 38
115 130 14
116 131 6
116 132 59
116 133 1
116 134 41
117 135 53
117 136 34
117 137 25
118 138 68
119 139 12
119 140 70
120 141 66
120 142 56
121 143 36
121 144 15
121 145 75
122 146 87
122 147 26
123 148 1
124 149 86
125 149 42
126 149 6
127 149 55
128 149 37
129 149 87
130 149 16
131 149 32
132 149 29
133 150 51
134 150 46
135 151 60
136 151 30
137 151 11
138 151 63
139 152 30
140 152 84
141 152 62
142 152 17
143 152 11
144 153 52
145 153 17
146 153 14
147 153 89
148 153 63
149 154 49
150 155 23
151 156 23
152 157 17
152 158 70
153 159 5
154 160 28
155 161 57
156 162 63
157 162 13
158 163 84
159 163 61
160 164 66
160 165 25
160 166 63
161 167 34
162 168 49
163 169 59
164 170 49
165 171 66
165 172 73
166 173 53
166 174 11
166 175 88
166 176 19
167 177 1
167 178 82
168 179 33
168 180 57
168 181 87
169 182 69
169 183 1
169 184 81
170 185 6
171 185 12
172 185 82
173 186 82
174 187 2
175 187 57
176 188 76
177 188 56
178 189 57
179 190 41
180 190 29
181 190 66
182 191 57
183 191 54
184 191 61
185 192 81
186 193 17
187 194 41
188 195 84
188 196 8
189 197 44
189 198 50
189 199 58
190 200 32
191 201 83
192 202 57
193 202 6
194 203 48
195 204 87
196 205 86
197 205 2
198 206 21
199 207 33
200 208 4
201 208 65
202 209 4
202 210 56
203 211 20
204 212 24
204 213 44
205 214 66
206 215 59
206 216 52
207 217 73
207 218 59
208 219 87
208 220 5
209 221 18
210 221 77
211 222 67
212 223 48
213 223 51
214 224 62
215 225 50
216 225 5
217 226 36
218 226 22
219 227 55
220 228 38
221 229 33
222 229 49
223 230 22
224 231 21
225 232 53
226 233 34
227 234 7
228 235 65
229 236 54
229 237 11
230 238 22
230 239 65
231 240 63
232 241 22
232 242 77
233 243 59
233 244 25
234 245 23
235 246 8
235 247 29
235 248 67
236 249 29
237 250 66
237 251 72
238 252 84
239 253 86
240 254 14
241 255 67
242 256 17
243 257 78
244 258 50
244 259 32
245 260 40
246 261 86
247 262 16
248 263 56
249 264 34
250 265 84
251 266 17
252 267 83
253 268 40
254 269 67
255 270 54
256 271 55
257 272 12
258 272 24
259 273 55
260 274 29
261 275 28
262 275 79
263 276 49
264 277 53
265 277 72
266 278 55
267 278 53
268 279 25
269 279 58
270 280 86
271 280 66
272 280 1
273 280 69
274 281 77
275 281 39
276 282 76
277 283 78
278 284 34
279 285 44
280 286 51
281 287 29
282 288 35
283 289 67
283 290 8
284 291 12
284 292 20
285 293 77
285 294 82
286 295 66
286 296 54
287 297 21
287 298 69
288 299 20
289 300 54
290 300 71
291 300 25
292 300 17
293 300 17
294 300 51
295 300 72
296 300 34
297 300 24
298 300 45
299 300 8
