7 7 8 8 7 8 7 9 9 7 9 8 8 8 7 7
6 7 7 7 7 7 6 6 6 6 6 6 6 7 7 7
11 12 13 12 13 10 12 10 13 10 12 11 12 11 10 10
11 11 8 9 11 10 9 10 10 11 10 8 11 8 8 8
15 17 15 15 17 15 18 20 15 19 18 18 19 20 16 18
10 10 11 9 10 9 11 8 8 10 8 10 11 8 8 10
4 4 3 4 4 3 4 3 4 3 3 3 4 3 4 3
18 16 20 20 19 16 19 16 17 17 19 19 17 19 16 17
7 6 6 6 6 7 7 7 6 7 7 6 7 7 6 7
4 4 5 5 4 4 5 4 4 4 4 4 4 5 4 4
4 4 4 5 4 5 4 4 4 4 5 5 5 5 4 5
18 19 21 21 21 21 20 16 21 17 19 18 17 18 21 17
4 4 4 5 5 4 5 4 4 5 4 4 5 4 5 4
16 20 19 19 18 21 21 18 17 17 18 20 21 18 18 20
13 16 16 14 15 16 15 16 14 14 16 14 16 16 14 16
16 14 17 16 16 17 16 15 17 16 15 16 14 17 15 17
7 7 7 8 8 7 8 7 7 7 7 7 7 7 7 8
9 8 7 8 9 7 9 8 9 8 8 7 9 7 9 7
4 4 4 4 5 4 5 5 4 4 4 4 4 4 5 5
5 4 5 4 5 4 4 4 4 4 4 5 4 4 5 5
3 2 3 2 2 2 2 2 2 2 3 3 3 3 3 3
14 13 14 11 13 13 12 13 13 13 11 13 12 11 14 13
9 11 11 10 11 11 11 11 11 9 10 12 12 9 9 11
14 15 13 15 12 14 15 13 13 12 14 15 13 15 13 12
9 8 10 9 9 10 11 9 11 9 11 11 11 9 11 9
17 17 15 16 17 16 15 17 16 17 17 14 16 16 17 14
14 17 14 15 17 15 16 17 17 17 15 15 14 16 14 14
20 20 19 20 18 16 18 17 17 16 16 17 20 18 15 20
13 11 10 10 12 11 12 10 11 12 10 12 12 10 12 12
6 5 6 6 5 6 5 5 6 5 5 5 6 6 6 6
11 11 10 11 9 10 10 11 9 12 9 12 11 12 12 10
10 10 9 11 10 11 11 9 12 10 11 10 10 11 12 9
13 12 14 14 12 12 11 14 13 11 14 13 14 13 12 13
9 9 10 9 9 8 8 10 8 10 10 10 9 8 10 9
18 21 19 20 20 21 17 21 18 21 18 16 21 17 20 16
5 5 4 4 5 5 4 5 5 4 5 4 5 4 5 5
5 5 6 6 6 6 5 5 5 5 6 6 5 5 5 5
19 15 17 17 17 18 18 20 18 20 16 18 20 15 19 18
5 4 4 4 5 5 4 4 5 5 4 5 4 4 4 4
16 20 16 17 20 16 19 18 16 16 17 20 17 17 16 20
18 18 15 17 14 14 16 16 16 16 14 15 17 17 14 14
13 13 13 12 14 14 14 14 14 12 12 12 13 13 14 12
1 2 1 1 2 1 1 1 2 1 1 2 2 1 1 1
6 7 7 6 6 6 6 6 6 6 7 7 6 6 6 7
14 14 15 14 14 15 16 13 15 16 14 16 14 15 13 14
11 11 13 11 14 11 12 14 11 12 13 12 14 12 14 14
13 14 14 14 13 14 12 14 12 14 11 13 11 14 13 11
14 14 13 14 13 16 15 16 15 14 13 16 16 16 16 15
13 12 12 15 13 14 14 14 13 13 12 15 12 12 12 13
9 10 10 9 10 10 11 10 11 12 10 10 11 10 11 12
3 3 4 4 3 3 4 3 4 4 3 4 4 4 3 3
1 2 2 1 1 1 1 1 1 2 1 2 1 1 2 1
17 15 16 16 14 16 17 17 14 14 18 15 18 17 16 17
14 11 13 12 13 12 12 14 11 12 11 11 12 12 11 11
9 11 11 11 10 9 9 9 10 11 11 9 10 11 9 10
13 15 12 13 15 14 12 12 12 14 14 14 15 14 15 15
13 16 13 16 13 15 14 13 14 16 14 14 14 15 15 13
4 5 5 5 5 5 5 5 4 4 5 4 5 5 5 4
9 9 9 8 9 8 7 8 9 8 9 7 9 7 8 7
10 12 11 13 11 10 12 12 11 11 11 10 12 10 13 11
5 4 4 4 4 5 4 4 4 4 5 4 4 5 4 5
2 3 2 2 2 2 3 2 3 2 2 3 3 2 3 3
11 12 11 10 12 11 11 13 10 11 12 13 10 10 10 12
4 5 5 5 4 5 4 5 4 5 5 5 4 5 4 5
8 8 7 7 7 8 8 8 7 7 7 9 8 9 9 9
11 9 8 11 11 10 10 9 11 10 10 10 10 10 10 9
13 13 12 10 12 10 10 13 12 13 10 11 13 10 13 13
11 13 12 13 11 13 14 14 14 11 11 14 12 14 14 13
20 17 16 19 17 18 17 16 18 21 21 19 20 17 18 17
2 1 2 2 1 2 1 2 1 1 1 1 1 1 1 2
17 14 16 14 17 14 15 14 14 16 17 14 16 15 17 16
18 19 18 19 17 19 16 19 16 16 17 21 17 18 19 16
9 11 10 10 12 11 12 12 10 10 9 11 12 10 10 12
3 3 3 3 2 3 2 3 3 3 2 2 3 3 2 2
10 11 11 11 10 10 11 13 12 12 10 11 12 13 12 10
20 18 16 18 21 20 16 16 16 16 16 18 18 20 17 18
7 7 8 7 8 8 8 8 8 7 8 8 7 8 8 8
7 8 8 8 8 8 8 7 7 7 8 8 7 7 7 8
2 1 1 2 2 2 2 2 2 2 1 2 2 2 2 1
7 7 7 7 7 8 7 7 8 7 7 8 7 7 7 7
14 15 15 16 17 17 18 17 18 18 15 16 17 18 14 16
13 12 14 13 15 14 15 14 12 15 15 15 14 15 14 14
13 13 13 12 13 10 11 12 13 13 10 12 13 10 11 13
11 13 11 12 14 12 11 12 13 11 11 11 13 12 13 13
4 3 3 3 4 4 4 3 3 4 4 4 3 4 3 3
16 16 20 19 20 16 19 15 15 15 19 16 20 19 18 18
13 15 16 15 16 13 15 13 16 13 15 13 16 14 13 16
19 17 19 16 20 18 21 18 19 20 19 16 20 18 19 16
3 3 4 4 3 3 3 4 4 3 4 4 4 3 3 3
14 12 13 15 12 14 14 15 14 14 12 12 13 15 13 13
15 14 15 14 12 14 12 14 15 14 15 13 14 14 12 14
20 19 16 17 17 16 19 20 19 18 20 15 16 18 19 19
1 1 1 1 1 2 1 2 2 2 1 1 1 1 1 2
2 3 2 3 2 2 2 3 2 3 3 2 3 3 2 3
3 4 4 3 4 3 3 4 4 4 3 4 4 3 4 3
4 3 3 4 3 3 3 3 3 4 4 3 4 3 3 4
13 10 11 12 11 13 12 11 11 10 13 12 12 13 12 13
9 7 7 9 7 8 7 9 9 9 9 7 8 9 9 7
5 6 5 5 6 5 5 5 5 6 6 6 6 5 5 5
8 9 9 9 8 9 7 9 7 8 7 9 7 9 7 9
7 7 6 6 6 6 7 6 6 7 7 7 7 7 7 6
18 19 16 15 19 15 19 15 17 20 15 19 20 17 19 16
11 14 11 12 11 11 13 11 14 14 13 12 14 13 13 13
6 6 6 6 7 7 7 6 7 6 6 6 6 6 6 6
12 10 12 10 12 10 10 12 12 10 11 12 12 12 9 10
4 5 4 4 5 4 4 4 5 5 4 5 5 5 5 4
7 7 7 7 7 6 7 7 7 6 7 6 7 6 6 7
4 4 5 5 4 4 4 4 4 4 5 4 4 4 5 5
14 16 14 15 15 15 16 15 14 17 16 16 18 15 16 17
14 14 14 14 14 14 15 13 14 15 14 14 15 15 14 12
7 7 7 7 8 7 7 7 8 8 8 8 8 7 8 8
20 21 16 20 20 16 20 18 17 20 18 21 21 18 20 17
6 6 6 7 6 7 7 7 6 6 6 7 6 7 7 6
17 17 16 16 21 16 18 20 17 16 21 20 19 21 17 16
16 18 14 17 17 18 15 17 15 15 15 14 14 14 18 16
5 6 5 5 5 6 5 6 5 5 6 5 6 6 6 6
7 8 8 7 7 7 7 7 8 8 7 7 8 8 7 8
3 3 3 2 2 3 3 3 2 2 3 2 2 2 3 2
18 17 17 17 16 14 16 16 14 16 15 17 15 15 16 16
16 15 16 14 15 15 17 17 16 15 17 17 14 17 16 16
19 19 20 19 21 18 17 17 18 17 21 19 20 20 19 16
15 16 17 16 18 15 17 15 15 17 16 15 15 17 20 16
4 5 5 4 4 5 5 5 5 4 4 4 4 5 4 4
13 11 13 13 12 12 12 11 10 10 11 10 13 13 12 13
13 14 14 14 11 14 14 14 11 14 13 12 12 13 11 14
11 11 12 14 11 14 12 12 12 14 12 12 11 12 12 14
7 7 7 7 7 7 7 7 8 7 7 7 8 8 7 8
6 7 7 6 7 6 7 7 7 7 7 6 6 7 6 7
6 6 6 5 5 6 5 6 5 5 5 5 5 5 5 6
13 14 14 13 13 12 14 15 12 14 15 15 14 13 13 15
4 4 4 3 3 4 4 4 4 4 3 4 4 3 4 4
15 16 19 15 17 20 16 20 16 15 19 15 19 16 20 18
18 18 20 15 17 15 17 17 20 20 19 17 20 16 17 19
4 3 3 3 3 3 3 4 4 3 4 4 3 3 3 3
18 16 14 16 18 18 14 17 18 15 14 16 17 14 18 14
8 7 8 7 8 8 7 7 8 8 8 8 7 8 7 7
3 3 3 3 3 4 3 3 4 3 3 4 3 3 4 4
5 5 6 5 6 6 6 5 5 6 5 5 5 5 5 5
18 18 17 14 16 15 16 17 18 15 18 18 16 14 15 15
19 17 17 18 18 17 17 16 19 18 18 18 17 16 20 21
18 15 14 18 17 17 17 17 17 14 15 18 18 16 15 18
1 2 1 1 1 1 2 2 2 1 1 2 2 1 2 1
16 18 16 18 14 14 15 14 16 18 16 14 14 16 17 15
2 2 1 1 1 2 1 2 2 2 2 2 1 2 1 1
14 15 15 15 14 15 15 15 16 15 16 14 13 15 14 15
7 7 6 7 7 7 6 6 6 6 6 7 6 7 6 6
6 6 5 5 5 5 5 6 5 5 5 6 6 6 6 5
8 8 10 8 8 11 11 9 10 11 8 8 9 8 8 11
1 2 2 2 1 2 1 1 1 2 1 2 1 2 2 1
7 7 6 7 7 7 7 7 6 7 6 7 7 7 6 6
2 2 2 1 2 1 1 2 1 1 1 1 1 1 1 1
7 6 7 7 6 7 6 6 6 6 7 6 7 7 6 7
18 20 18 19 16 18 17 17 17 20 17 19 17 17 18 19
10 10 9 12 10 11 9 12 9 11 12 12 11 11 12 11
17 14 14 17 16 14 17 16 16 16 16 16 17 16 14 14
13 12 14 14 13 11 13 12 11 14 11 13 14 12 12 12
15 15 16 13 13 13 15 13 15 14 16 14 15 15 13 14
3 2 2 2 2 3 3 2 3 3 2 3 2 2 3 2
9 7 8 8 9 9 9 8 7 7 8 7 7 9 7 8
18 20 20 18 17 20 18 18 17 18 20 16 17 20 18 21
13 13 13 12 11 10 11 13 12 13 11 11 12 13 12 13
8 11 8 9 11 10 10 10 8 8 9 9 8 10 8 11
2 2 2 2 2 2 2 2 1 1 1 2 1 1 1 1
7 8 9 7 9 7 7 8 8 8 7 8 7 9 9 9
3 4 3 3 4 4 3 4 3 3 3 4 4 3 3 3
12 12 12 14 14 13 13 12 15 15 12 13 14 13 13 13
2 3 3 3 3 2 2 2 3 3 3 2 2 2 3 3
7 7 7 7 6 6 6 7 6 7 6 7 6 7 6 6
5 6 5 5 5 6 5 6 6 6 5 6 6 6 5 5
17 17 15 17 15 16 14 15 16 16 16 14 14 14 16 14
13 14 14 15 15 13 14 14 14 16 14 15 15 16 14 15
17 15 18 16 17 15 18 17 17 20 20 18 15 19 19 15
12 10 11 10 11 11 12 12 11 10 10 12 12 12 12 11
4 4 4 3 3 4 3 4 3 3 4 3 3 4 4 4
4 3 3 4 3 4 4 3 3 4 3 4 3 3 4 3
13 12 12 14 14 12 14 13 11 14 14 13 12 13 12 12
3 2 2 2 3 2 2 3 3 2 2 2 2 3 2 3
21 16 21 17 17 16 18 16 21 16 18 20 17 19 19 21
15 16 16 17 17 14 16 17 14 17 16 15 14 16 16 16
16 20 16 21 16 19 19 20 21 18 19 16 17 16 18 20
11 11 9 12 10 11 9 12 10 10 12 9 11 9 11 11
3 3 2 3 3 2 3 3 3 3 2 3 3 3 2 3
15 13 14 14 14 14 14 12 14 12 15 13 14 15 13 12
19 17 18 20 16 20 19 18 16 15 18 18 20 20 18 20
19 15 16 15 17 19 20 18 19 16 18 17 17 19 19 20
14 13 14 13 14 14 14 15 12 12 12 15 15 14 13 12
3 2 3 2 3 3 2 3 3 3 2 2 3 2 2 3
14 13 13 13 13 13 14 12 15 14 13 12 14 15 15 15
4 5 4 4 5 4 4 5 5 4 4 5 5 5 5 4
10 9 10 11 12 9 9 11 9 9 9 10 11 11 11 9
10 12 10 10 9 9 10 12 11 9 9 11 9 11 12 12
10 10 9 11 8 9 8 8 8 11 9 9 9 9 8 8
7 8 7 7 8 8 8 7 8 8 8 7 7 8 7 7
15 14 12 13 12 12 13 14 13 13 12 12 14 12 14 14
4 3 4 3 4 4 4 3 4 3 4 4 3 3 4 4
16 15 15 16 15 14 14 14 15 17 15 14 15 17 16 14
6 6 6 5 6 5 6 6 5 6 6 5 6 5 5 6
7 8 8 8 8 7 7 8 8 8 7 8 8 8 8 8
11 12 12 11 10 11 12 9 12 10 12 11 10 11 9 11
20 18 20 17 17 15 17 16 18 15 17 17 20 16 17 17
19 18 15 16 20 15 19 18 19 18 20 17 16 15 16 20
1 1 2 2 1 1 1 1 1 2 1 1 2 2 1 2
12 15 14 12 15 12 12 12 14 15 12 12 13 12 14 12
14 16 17 17 14 17 15 16 16 17 15 15 15 14 14 16
6 7 7 7 7 6 7 6 6 6 7 6 7 6 6 6
10 8 8 9 11 11 8 9 11 10 11 9 10 9 9 9
5 4 4 4 5 5 5 4 4 4 4 5 4 5 5 5
7 8 8 8 7 9 9 8 9 9 9 7 8 8 7 9
4 4 4 4 4 4 5 5 5 5 4 4 5 5 4 4
3 4 4 3 3 3 4 3 3 4 3 3 3 4 3 4
13 14 12 11 11 13 11 14 14 11 13 11 12 11 12 11
3 2 3 3 2 2 2 2 3 2 3 3 3 3 3 3
19 20 16 16 16 21 20 16 21 16 21 20 20 18 21 17
9 9 8 8 9 7 8 8 9 8 9 8 9 9 7 9
6 5 6 5 6 6 6 5 5 6 5 6 6 5 6 6
14 12 12 12 15 14 14 12 13 12 13 15 13 14 15 14
19 16 19 18 19 18 18 20 18 16 16 19 18 15 20 15
3 3 3 3 3 3 2 3 3 3 2 2 2 2 3 2
11 11 11 11 10 10 8 9 11 9 11 11 9 9 11 10
2 2 2 1 2 2 1 1 2 2 1 1 1 2 2 1
13 12 14 12 12 15 12 13 14 12 14 14 15 13 14 12
16 15 14 13 14 16 15 16 13 15 15 16 13 14 13 13
17 15 14 14 15 15 16 15 17 14 14 14 14 17 15 14
6 5 6 6 5 6 6 5 5 6 6 6 5 5 6 6
18 20 15 18 15 17 17 17 15 19 17 20 19 15 19 17
18 18 17 14 18 17 16 15 16 18 18 18 16 18 14 15
5 5 6 5 6 6 6 6 5 6 6 6 6 6 5 5
19 15 20 17 16 16 18 15 15 15 16 16 18 17 20 17
8 9 7 7 8 8 9 9 9 8 8 8 8 8 7 8
3 4 4 3 3 4 4 4 4 4 4 4 4 3 4 4
10 12 12 12 10 12 11 10 9 11 11 9 11 12 10 9
14 12 13 14 14 14 12 13 12 13 14 12 15 12 14 12
10 8 9 10 10 8 9 10 9 10 8 8 8 11 10 9
10 9 11 8 8 9 8 9 10 10 8 9 11 11 8 10
7 8 8 7 8 8 8 7 8 8 7 8 8 7 8 7
7 6 6 7 7 6 7 7 7 6 7 6 7 7 7 7
9 9 7 8 7 7 7 8 7 7 8 9 7 7 8 7
4 5 5 4 4 4 5 5 4 5 5 4 5 5 5 5
9 10 10 10 10 11 9 10 10 9 9 10 10 12 10 9
3 2 2 3 3 2 2 3 3 3 3 2 3 2 3 2
7 6 7 6 6 6 7 6 6 7 7 7 6 7 7 6
19 16 15 17 15 16 18 19 19 16 18 20 15 16 20 19
4 4 4 4 3 3 4 4 4 3 4 4 3 3 4 4
16 19 21 18 21 20 16 18 16 17 20 21 20 20 16 21
4 4 4 4 4 4 3 4 4 4 4 3 3 3 3 3
17 15 17 14 14 14 14 15 16 16 14 14 17 15 14 17
8 11 8 11 9 11 8 9 8 8 8 11 10 8 8 10
8 8 8 7 8 7 8 7 7 7 7 7 8 8 8 8
17 18 15 20 20 20 17 18 18 20 18 17 16 20 18 19
6 6 7 7 7 7 7 7 7 7 6 6 7 6 7 6
4 5 4 4 4 4 4 4 5 5 5 5 5 5 5 4
8 8 9 9 11 8 8 11 8 9 11 10 10 11 8 10
15 13 16 15 14 13 14 13 13 13 14 16 16 14 13 13
11 10 11 9 12 12 12 9 12 12 11 9 11 11 12 10
2 3 3 2 3 2 2 2 3 2 3 3 2 3 2 3
7 6 7 6 6 6 6 6 6 6 6 7 7 7 7 7
17 16 17 15 14 14 15 15 14 17 16 17 15 14 17 15
7 7 8 8 7 7 7 7 7 8 8 7 8 7 7 7
9 7 9 8 9 8 8 9 9 8 8 8 7 8 8 7
17 19 21 21 20 17 21 20 19 20 16 20 16 19 21 20
8 8 10 10 9 8 11 8 9 9 11 8 8 10 11 10
2 3 2 3 2 3 3 2 2 3 2 2 3 3 2 2
8 7 8 8 7 8 7 7 8 8 8 8 8 7 7 8
3 3 3 4 3 3 3 4 3 4 3 4 3 3 3 4
15 17 15 16 17 17 18 14 15 17 16 18 17 16 14 17
18 21 21 21 17 20 17 16 20 18 21 16 16 17 19 21
2 2 2 3 2 2 2 3 2 2 3 2 2 3 3 3
14 14 15 14 16 18 15 17 15 16 18 14 14 15 17 18
8 8 8 7 7 8 8 8 8 8 8 8 8 7 8 8
14 16 16 15 16 15 13 15 15 15 15 15 13 14 13 13
9 11 10 10 10 9 8 11 9 10 9 8 10 11 9 10
2 2 2 2 2 1 1 2 1 1 2 2 2 1 2 2
1 1 2 2 1 2 1 2 2 2 2 1 1 2 2 2
2 1 2 2 2 1 2 2 2 2 2 1 2 1 1 1
8 7 7 8 7 8 8 7 8 8 7 7 7 7 7 8
7 7 7 7 7 8 7 7 7 8 7 8 7 8 8 8
17 14 14 17 17 15 15 16 17 17 16 17 14 16 17 14
21 17 16 16 20 20 18 17 17 16 16 16 20 18 18 17
7 9 7 7 9 8 8 7 9 8 7 7 8 9 7 9
16 14 14 16 18 18 15 14 16 17 16 15 14 18 16 15
16 14 16 15 16 13 13 16 15 13 16 14 14 14 13 16
15 17 17 18 16 15 14 15 15 16 15 14 17 15 15 17
3 3 2 2 3 2 2 3 3 2 3 3 2 3 3 3
20 19 17 19 17 18 16 18 19 16 16 20 17 18 17 20
6 7 7 6 6 7 6 7 7 7 6 6 6 6 6 6
15 17 16 18 16 16 14 15 15 16 17 17 16 15 14 18
16 15 15 14 15 13 16 14 14 15 13 13 14 15 13 15
12 11 11 12 12 11 11 12 14 12 13 11 11 11 14 12
4 3 4 3 4 3 3 3 3 3 3 4 4 3 3 4
17 17 15 14 17 14 17 14 15 14 14 16 17 14 14 15
2 2 2 1 1 2 2 1 2 2 1 1 2 2 1 2
14 12 14 14 12 14 14 15 14 13 14 14 12 15 14 13
8 8 7 8 7 7 7 7 7 7 8 7 7 7 8 7
8 7 7 8 9 7 7 8 9 7 7 8 8 7 8 8
11 11 11 12 11 13 11 13 12 13 10 13 13 11 13 11
10 9 8 10 11 10 10 8 10 9 11 10 9 8 11 9
13 12 12 11 13 12 13 14 11 11 13 11 13 13 13 12
9 9 10 11 11 11 9 11 10 10 11 10 9 11 11 10
6 6 6 6 5 5 6 6 5 6 6 5 5 6 6 5
16 15 16 16 14 17 17 14 16 17 17 16 17 16 15 17
