1 2 12
1 3 9
1 4 5
2 5 1
2 6 6
2 7 3
3 8 8
3 9 3
4 10 13
4 11 12
4 12 12
4 13 6
5 14 13
6 15 5
7 16 9
8 17 13
9 18 1
10 19 7
10 20 12
11 21 11
12 22 2
13 23 7
14 24 10
14 25 1
15 26 6
16 27 2
17 28 10
18 29 5
19 30 7
19 31 13
20 32 12
21 33 7
22 34 13
23 35 11
24 36 11
24 37 2
25 38 8
25 39 9
26 40 4
27 41 2
28 42 12
29 43 1
29 44 5
29 45 3
30 46 9
31 47 6
32 48 5
32 49 5
33 50 6
34 51 4
35 52 8
36 53 3
37 53 4
38 54 9
39 55 10
40 56 3
41 57 8
42 57 8
43 58 2
44 59 7
45 60 10
46 61 8
47 62 2
48 63 4
49 64 1
50 65 1
51 65 9
52 66 9
53 67 1
53 68 7
54 69 7
55 70 9
56 71 5
56 72 10
56 73 6
57 74 7
57 75 6
58 76 8
59 77 7
60 78 5
61 79 6
62 80 2
63 81 4
64 82 13
65 83 4
66 84 5
66 85 4
67 86 9
68 86 12
69 87 7
70 88 7
71 88 2
72 89 5
73 89 10
74 90 1
75 91 8
76 92 2
77 93 9
78 94 10
79 95 13
80 96 12
81 96 9
82 97 10
83 98 11
84 99 12
85 99 4
86 100 10
87 101 12
88 101 5
89 101 2
90 102 11
91 103 11
92 103 10
93 104 3
94 105 13
95 106 9
96 106 8
97 106 5
98 107 1
99 108 11
100 109 1
101 110 9
101 111 7
102 112 3
103 113 2
104 114 3
104 115 9
105 116 8
105 117 9
106 118 11
107 119 2
107 120 5
108 121 10
109 122 10
110 123 3
111 124 9
112 124 6
113 125 5
114 126 8
115 127 1
116 128 13
117 128 13
118 129 7
119 130 2
120 131 7
121 132 10
122 133 11
123 134 7
123 135 3
124 136 11
124 137 13
125 138 12
125 139 1
125 140 1
126 141 4
127 142 4
127 143 1
128 144 6
129 145 8
129 146 7
130 147 3
131 148 7
131 149 10
132 150 12
133 151 12
134 152 10
135 153 9
136 154 3
137 154 8
138 155 10
139 156 10
140 157 13
141 158 2
142 158 2
143 159 13
144 160 1
145 161 5
146 162 13
147 163 1
148 163 13
149 163 11
150 164 7
151 165 2
152 166 1
153 166 10
154 167 7
155 168 4
156 169 2
157 170 7
158 171 13
159 172 10
160 173 7
161 174 11
162 175 3
163 176 5
164 177 12
165 178 10
166 179 10
166 180 11
167 181 9
168 182 11
169 183 9
170 184 11
171 185 12
171 186 13
172 187 3
173 188 7
174 189 9
175 190 9
176 191 7
177 192 6
178 193 9
178 194 13
179 195 11
179 196 7
180 197 12
181 198 4
182 199 10
183 200 7
184 201 4
185 202 8
186 203 13
187 204 13
188 205 1
189 206 13
190 207 4
191 208 6
192 209 6
193 210 13
194 211 5
195 212 9
196 213 9
197 214 3
198 215 13
199 216 8
200 217 1
201 218 3
202 219 4
203 220 10
204 221 5
205 222 5
206 223 8
207 224 12
208 225 9
209 226 9
210 227 8
211 228 3
212 228 6
213 228 5
214 228 10
215 229 11
216 229 2
217 230 7
218 230 1
219 231 4
220 231 13
221 232 10
222 233 4
223 234 6
224 235 3
225 236 5
226 237 1
227 238 3
227 239 13
228 240 13
228 241 3
229 242 12
230 243 4
230 244 5
231 245 13
231 246 9
231 247 3
232 248 4
232 249 10
233 250 10
233 251 13
233 252 8
234 253 13
235 254 9
235 255 7
235 256 1
235 257 9
236 258 6
237 259 1
237 260 13
238 261 2
239 262 3
240 262 3
241 263 4
242 264 13
243 265 9
244 266 11
245 267 1
246 267 3
247 268 2
248 268 9
249 269 8
250 269 8
251 270 2
252 271 12
253 271 12
254 271 7
255 272 8
256 272 2
257 272 12
258 273 5
259 274 9
260 274 12
261 275 9
262 275 7
263 276 6
264 277 13
265 278 4
266 279 5
267 280 5
268 281 4
269 282 8
270 283 11
271 284 4
272 285 10
273 286 2
274 287 10
275 288 1
276 289 10
277 290 1
278 291 10
279 292 12
280 293 7
281 294 6
282 295 4
283 296 2
284 297 2
285 298 13
286 299 2
287 300 5
288 301 11
289 302 1
290 303 1
290 304 4
291 305 9
292 306 6
293 307 4
293 308 13
294 309 3
294 310 2
295 311 12
295 312 1
296 313 10
297 314 12
298 315 7
299 316 10
300 317 6
301 318 8
302 319 8
303 319 1
304 320 2
305 321 8
306 321 7
307 322 5
308 323 5
309 324 7
310 325 12
311 326 4
312 327 5
313 328 9
314 329 3
315 330 11
316 331 10
317 332 8
318 333 7
319 334 1
319 335 2
320 336 12
321 337 12
322 338 7
323 339 5
324 340 3
325 341 9
326 342 8
326 343 7
327 344 3
328 345 11
328 346 7
329 347 7
330 348 10
330 349 13
331 350 13
332 351 9
333 352 4
334 353 8
335 353 6
336 354 4
337 355 3
338 356 2
339 357 1
340 358 11
341 359 7
342 359 9
343 360 11
344 361 6
345 362 4
346 363 4
347 363 3
348 364 6
349 365 9
350 366 4
351 367 7
352 368 8
353 368 4
354 369 1
355 369 4
356 370 12
357 371 3
358 372 13
359 372 4
360 372 8
361 373 1
362 374 5
363 375 9
364 375 11
365 375 11
366 376 7
367 377 4
368 378 11
369 379 3
369 380 10
369 381 8
370 382 10
371 383 13
371 384 5
372 385 6
373 386 11
374 387 6
374 388 11
375 389 1
376 390 1
377 391 5
378 392 13
379 393 10
380 394 8
381 395 11
381 396 5
382 397 10
383 398 4
384 399 5
385 400 6
386 401 3
387 402 11
388 403 5
389 404 6
390 405 12
391 406 13
392 407 11
393 408 2
394 409 7
395 410 1
396 411 6
397 412 3
398 413 7
399 414 5
400 415 8
401 416 6
402 417 5
403 418 2
404 419 3
405 420 8
406 421 2
407 422 4
408 423 3
409 424 10
410 425 8
411 426 8
412 427 5
413 428 6
414 429 2
415 430 12
416 431 3
416 432 1
417 433 10
417 434 12
418 435 2
419 436 4
420 437 12
421 438 10
421 439 7
422 440 8
423 441 7
424 442 2
425 443 3
426 444 7
427 444 9
428 445 11
429 445 4
430 446 3
431 446 2
432 447 10
433 447 6
434 447 12
435 448 4
436 449 4
437 450 10
438 451 1
439 451 2
440 452 6
441 453 7
442 454 11
443 455 3
444 456 7
445 457 4
446 458 13
447 459 2
448 459 13
449 460 9
450 461 12
451 462 9
452 463 11
453 464 4
454 465 3
455 466 7
456 467 9
457 468 9
458 468 1
459 469 10
460 470 8
461 470 8
462 471 11
463 472 9
464 473 9
465 474 2
466 475 6
466 476 12
467 477 4
468 478 5
468 479 4
469 480 2
469 481 12
469 482 11
470 483 11
471 484 6
472 485 1
473 486 10
474 487 6
475 488 11
475 489 4
476 490 8
477 491 5
478 492 12
479 493 11
480 494 12
480 495 12
481 496 11
482 497 3
483 498 6
484 499 9
485 500 10
486 500 7
487 500 3
488 500 9
489 500 8
490 500 8
491 500 9
492 500 9
493 500 12
494 500 9
495 500 13
496 500 8
497 500 6
498 500 2
499 500 13
