1 2 1
1 3 1
1 4 1
1 5 1
2 6 1
2 7 1
2 8 1
2 9 1
3 10 1
3 11 1
3 12 1
4 13 1
4 14 1
5 15 1
5 16 1
5 17 1
6 18 1
7 19 1
7 20 1
8 21 1
9 22 1
10 23 1
10 24 1
10 25 1
10 26 1
11 27 1
11 28 1
12 29 1
13 30 1
13 31 1
14 32 1
15 33 1
15 34 1
16 35 1
17 36 1
17 37 1
18 38 1
19 39 1
20 39 1
21 39 1
22 40 1
23 41 1
24 42 1
25 43 1
26 43 1
27 44 1
28 45 1
29 45 1
30 46 1
31 47 1
32 48 1
33 49 1
34 49 1
35 50 1
36 51 1
37 51 1
38 52 1
39 53 1
40 54 1
41 55 1
42 56 1
43 57 1
44 58 1
45 59 1
46 60 1
47 61 1
48 62 1
49 63 1
50 64 1
51 65 1
52 66 1
53 67 1
54 68 1
55 69 1
56 70 1
57 71 1
58 72 1
59 73 1
60 74 1
60 75 1
61 76 1
62 77 1
63 78 1
64 79 1
65 80 1
66 81 1
67 82 1
67 83 1
68 84 1
69 85 1
70 86 1
71 87 1
71 88 1
72 89 1
72 90 1
73 91 1
73 92 1
74 93 1
75 94 1
76 95 1
76 96 1
77 97 1
78 98 1
78 99 1
79 100 1
79 101 1
80 102 1
81 103 1
82 104 1
83 105 1
84 105 1
85 106 1
86 106 1
87 107 1
88 108 1
89 109 1
90 110 1
91 111 1
92 112 1
93 113 1
94 113 1
95 114 1
96 114 1
97 115 1
98 115 1
99 116 1
100 117 1
101 118 1
102 118 1
103 119 1
104 120 1
105 121 1
106 122 1
107 123 1
107 124 1
108 125 1
109 126 1
110 127 1
110 128 1
110 129 1
110 130 1
111 131 1
112 132 1
112 133 1
113 134 1
113 135 1
114 136 1
115 137 1
116 138 1
117 139 1
118 140 1
119 141 1
120 142 1
121 143 1
122 143 1
123 144 1
124 145 1
125 146 1
126 146 1
127 147 1
128 148 1
129 148 1
130 148 1
131 149 1
132 150 1
133 150 1
134 151 1
135 151 1
136 152 1
137 153 1
138 154 1
139 154 1
140 155 1
141 156 1
141 157 1
142 158 1
143 159 1
144 160 1
145 161 1
146 162 1
147 163 1
148 164 1
149 165 1
150 166 1
151 167 1
152 168 1
153 169 1
154 170 1
155 171 1
156 172 1
157 173 1
158 174 1
159 175 1
160 176 1
161 177 1
162 178 1
163 178 1
164 179 1
165 180 1
166 181 1
167 181 1
168 182 1
169 183 1
170 184 1
171 185 1
172 186 1
173 187 1
174 188 1
175 189 1
176 190 1
177 191 1
178 192 1
179 193 1
179 194 1
180 195 1
181 196 1
182 197 1
182 198 1
183 199 1
184 200 1
185 201 1
185 202 1
186 203 1
187 204 1
188 205 1
189 206 1
190 207 1
191 208 1
191 209 1
191 210 1
191 211 1
192 212 1
193 213 1
194 214 1
194 215 1
195 216 1
196 217 1
197 218 1
198 219 1
199 220 1
199 221 1
200 222 1
201 223 1
202 224 1
203 225 1
204 225 1
205 226 1
206 226 1
207 227 1
208 228 1
209 229 1
210 230 1
211 231 1
212 232 1
213 233 1
214 234 1
215 235 1
216 236 1
217 237 1
218 238 1
219 239 1
220 240 1
221 241 1
222 242 1
223 243 1
224 244 1
225 245 1
226 246 1
227 247 1
228 247 1
229 248 1
230 249 1
231 250 1
232 251 1
233 252 1
234 253 1
235 254 1
236 255 1
237 256 1
238 257 1
239 258 1
240 259 1
241 260 1
242 261 1
243 261 1
244 262 1
245 263 1
246 264 1
246 265 1
247 266 1
248 267 1
249 268 1
250 269 1
251 270 1
252 271 1
253 272 1
254 273 1
254 274 1
255 275 1
256 276 1
257 277 1
258 278 1
259 279 1
260 280 1
261 281 1
262 282 1
262 283 1
263 284 1
264 285 1
265 286 1
266 286 1
267 287 1
268 288 1
269 288 1
270 289 1
271 290 1
272 291 1
273 292 1
274 293 1
275 294 1
276 295 1
277 296 1
278 297 1
279 298 1
280 299 1
281 300 1
282 301 1
283 302 1
284 303 1
285 304 1
286 305 1
287 306 1
288 307 1
289 308 1
290 308 1
291 309 1
292 310 1
293 311 1
294 312 1
295 312 1
296 313 1
297 314 1
298 315 1
299 315 1
300 316 1
301 317 1
302 318 1
303 319 1
304 320 1
305 320 1
306 321 1
307 322 1
308 323 1
309 324 1
310 324 1
311 324 1
312 325 1
313 326 1
314 327 1
315 328 1
316 329 1
317 330 1
318 331 1
319 332 1
319 333 1
320 334 1
321 335 1
321 336 1
322 337 1
322 338 1
323 339 1
323 340 1
324 341 1
325 342 1
325 343 1
326 344 1
327 345 1
328 346 1
329 347 1
329 348 1
329 349 1
330 350 1
331 351 1
332 352 1
332 353 1
332 354 1
333 355 1
333 356 1
334 357 1
334 358 1
335 359 1
335 360 1
335 361 1
336 362 1
336 363 1
337 364 1
337 365 1
338 366 1
338 367 1
339 368 1
339 369 1
339 370 1
340 371 1
341 372 1
341 373 1
341 374 1
342 375 1
342 376 1
343 377 1
343 378 1
343 379 1
343 380 1
344 381 1
344 382 1
344 383 1
345 384 1
345 385 1
345 386 1
346 387 1
346 388 1
346 389 1
347 390 1
347 391 1
347 392 1
347 393 1
348 394 1
348 395 1
349 396 1
349 397 1
349 398 1
349 399 1
350 400 1
351 401 1
351 402 1
352 403 1
353 403 1
354 403 1
355 403 1
356 404 1
357 404 1
358 404 1
359 404 1
360 405 1
361 405 1
362 405 1
363 405 1
364 405 1
365 406 1
366 406 1
367 406 1
368 406 1
369 406 1
370 407 1
371 407 1
372 407 1
373 407 1
374 407 1
375 407 1
376 408 1
377 408 1
378 408 1
379 409 1
380 409 1
381 409 1
382 410 1
383 410 1
384 410 1
385 410 1
386 410 1
387 411 1
388 411 1
389 412 1
390 412 1
391 412 1
392 412 1
393 412 1
394 412 1
395 413 1
396 413 1
397 413 1
398 414 1
399 414 1
400 414 1
401 414 1
402 414 1
403 415 1
404 416 1
405 417 1
406 418 1
407 419 1
408 420 1
409 421 1
409 422 1
409 423 1
410 424 1
411 425 1
411 426 1
412 427 1
412 428 1
413 429 1
414 430 1
415 431 1
415 432 1
416 433 1
417 434 1
417 435 1
418 436 1
419 437 1
420 438 1
421 439 1
422 440 1
423 441 1
424 442 1
425 443 1
425 444 1
426 445 1
427 446 1
428 447 1
428 448 1
429 449 1
430 450 1
431 451 1
432 452 1
432 453 1
432 454 1
433 455 1
434 456 1
434 457 1
435 458 1
435 459 1
436 460 1
437 461 1
438 462 1
438 463 1
439 464 1
440 465 1
440 466 1
441 467 1
442 468 1
443 469 1
444 470 1
444 471 1
445 472 1
446 473 1
446 474 1
447 475 1
447 476 1
448 477 1
448 478 1
448 479 1
449 480 1
449 481 1
450 482 1
451 483 1
452 483 1
453 483 1
454 484 1
455 484 1
456 484 1
457 484 1
458 484 1
459 485 1
460 486 1
461 486 1
462 486 1
463 487 1
464 487 1
465 487 1
466 488 1
467 488 1
468 488 1
469 488 1
470 489 1
471 489 1
472 489 1
473 489 1
474 489 1
475 490 1
476 491 1
477 491 1
478 491 1
479 491 1
480 492 1
481 492 1
482 492 1
483 493 1
483 494 1
484 495 1
484 496 1
484 497 1
485 498 1
485 499 1
486 500 1
486 501 1
486 502 1
487 503 1
487 504 1
487 505 1
488 506 1
488 507 1
489 508 1
489 509 1
490 510 1
490 511 1
490 512 1
490 513 1
491 514 1
491 515 1
492 516 1
492 517 1
493 518 1
494 519 1
495 520 1
496 521 1
497 522 1
498 522 1
499 523 1
500 524 1
501 525 1
502 526 1
503 527 1
504 527 1
505 527 1
506 528 1
507 529 1
508 530 1
509 530 1
510 530 1
511 531 1
512 532 1
513 533 1
514 534 1
515 535 1
516 535 1
517 536 1
518 537 1
519 538 1
520 539 1
521 540 1
522 541 1
523 542 1
524 543 1
525 544 1
526 545 1
527 546 1
528 547 1
529 548 1
530 549 1
531 550 1
532 551 1
533 552 1
534 553 1
535 553 1
536 554 1
537 555 1
538 556 1
539 557 1
540 558 1
541 558 1
542 559 1
543 560 1
544 560 1
545 561 1
546 561 1
547 562 1
548 563 1
549 564 1
550 565 1
551 566 1
552 567 1
553 568 1
554 569 1
555 570 1
556 571 1
557 572 1
558 573 1
559 574 1
560 575 1
561 576 1
561 577 1
562 578 1
563 579 1
564 580 1
565 581 1
566 582 1
567 583 1
568 584 1
568 585 1
569 586 1
570 587 1
571 588 1
572 589 1
572 590 1
573 591 1
574 592 1
575 593 1
576 594 1
577 595 1
578 596 1
579 597 1
580 598 1
581 599 1
582 600 1
583 601 1
584 602 1
585 603 1
586 604 1
587 605 1
588 606 1
589 607 1
590 608 1
591 609 1
592 610 1
593 611 1
594 612 1
595 613 1
596 613 1
597 614 1
598 615 1
599 616 1
600 617 1
601 618 1
602 619 1
603 620 1
604 620 1
605 621 1
606 621 1
607 622 1
608 623 1
609 624 1
610 625 1
611 626 1
612 627 1
613 628 1
614 629 1
615 630 1
616 631 1
617 631 1
618 632 1
619 633 1
620 633 1
621 634 1
622 635 1
622 636 1
622 637 1
623 638 1
624 639 1
625 640 1
626 641 1
627 642 1
628 643 1
628 644 1
629 645 1
629 646 1
630 647 1
631 648 1
632 649 1
632 650 1
633 651 1
633 652 1
634 653 1
635 654 1
636 655 1
637 656 1
638 657 1
639 658 1
640 659 1
641 660 1
642 661 1
643 662 1
644 663 1
645 664 1
646 665 1
647 666 1
648 667 1
649 668 1
650 669 1
651 670 1
652 671 1
653 672 1
654 672 1
655 673 1
656 673 1
657 674 1
658 674 1
659 675 1
660 676 1
661 676 1
662 677 1
663 678 1
664 678 1
665 679 1
666 680 1
667 681 1
668 682 1
669 683 1
670 684 1
671 685 1
672 686 1
672 687 1
673 688 1
674 689 1
675 690 1
676 691 1
677 692 1
678 693 1
679 694 1
680 695 1
681 696 1
682 697 1
683 698 1
684 699 1
684 700 1
684 701 1
685 702 1
686 703 1
687 703 1
688 704 1
689 705 1
690 706 1
691 707 1
692 708 1
693 709 1
694 710 1
695 711 1
696 712 1
697 713 1
698 714 1
699 715 1
700 716 1
701 716 1
702 717 1
703 718 1
703 719 1
704 720 1
705 721 1
706 722 1
707 723 1
708 724 1
709 725 1
710 726 1
711 727 1
712 728 1
713 729 1
713 730 1
714 731 1
715 732 1
715 733 1
716 734 1
716 735 1
717 736 1
718 737 1
719 738 1
720 739 1
721 740 1
722 741 1
723 742 1
724 743 1
725 744 1
726 745 1
727 746 1
728 747 1
729 748 1
730 749 1
731 750 1
732 750 1
733 751 1
734 751 1
735 752 1
736 753 1
737 754 1
738 755 1
739 756 1
740 757 1
741 758 1
742 759 1
743 760 1
744 760 1
745 761 1
746 762 1
747 763 1
748 764 1
749 765 1
750 766 1
751 767 1
752 768 1
753 769 1
754 770 1
755 771 1
756 772 1
757 773 1
758 774 1
759 775 1
759 776 1
760 777 1
760 778 1
761 779 1
762 780 1
763 781 1
764 782 1
765 783 1
766 784 1
767 785 1
768 786 1
769 787 1
770 788 1
771 789 1
772 789 1
773 790 1
774 791 1
775 791 1
776 791 1
777 792 1
778 793 1
779 794 1
780 795 1
781 796 1
782 796 1
783 797 1
784 798 1
785 798 1
786 799 1
787 799 1
788 800 1
789 800 1
790 800 1
791 800 1
792 800 1
793 800 1
794 800 1
795 800 1
796 800 1
797 800 1
798 800 1
799 800 1
