1 2 1
1 3 1
1 4 1
2 5 1
2 6 1
2 7 1
2 8 1
3 9 1
3 10 1
3 11 1
3 12 1
4 13 1
4 14 1
4 15 1
4 16 1
5 17 1
5 18 1
6 19 1
6 20 1
7 21 1
7 22 1
8 23 1
9 24 1
9 25 1
10 26 1
11 27 1
11 28 1
12 29 1
13 30 1
14 31 1
15 32 1
16 33 1
16 34 1
16 35 1
17 36 1
18 36 1
19 37 1
20 38 1
21 39 1
22 40 1
23 41 1
24 41 1
25 42 1
26 43 1
27 44 1
28 44 1
29 45 1
30 45 1
31 46 1
32 47 1
33 48 1
34 49 1
35 50 1
36 51 1
37 51 1
38 51 1
39 52 1
40 52 1
41 52 1
42 53 1
43 53 1
44 53 1
45 54 1
46 54 1
47 55 1
48 55 1
49 56 1
50 57 1
51 58 1
51 59 1
51 60 1
52 61 1
52 62 1
52 63 1
53 64 1
53 65 1
53 66 1
54 67 1
54 68 1
55 69 1
56 70 1
56 71 1
56 72 1
56 73 1
57 74 1
58 75 1
59 76 1
60 77 1
61 78 1
62 79 1
62 80 1
63 81 1
64 82 1
65 83 1
66 84 1
67 85 1
68 86 1
69 87 1
70 88 1
71 89 1
72 90 1
73 91 1
74 92 1
75 93 1
76 94 1
77 95 1
78 96 1
79 97 1
79 98 1
80 99 1
81 100 1
82 101 1
83 102 1
84 103 1
85 104 1
86 105 1
87 106 1
88 107 1
89 108 1
90 109 1
91 110 1
92 111 1
93 112 1
94 113 1
95 114 1
96 115 1
97 116 1
98 117 1
99 118 1
100 119 1
101 120 1
102 121 1
103 122 1
104 123 1
105 124 1
106 125 1
107 126 1
108 127 1
109 128 1
110 129 1
111 130 1
112 131 1
113 132 1
114 133 1
115 134 1
116 135 1
117 136 1
118 137 1
119 138 1
120 138 1
121 139 1
122 140 1
123 141 1
124 142 1
125 143 1
126 144 1
127 145 1
128 146 1
129 147 1
130 147 1
131 148 1
132 149 1
133 149 1
134 150 1
135 151 1
136 152 1
137 153 1
138 154 1
139 155 1
140 156 1
141 157 1
142 158 1
143 159 1
144 160 1
145 161 1
146 162 1
147 162 1
148 163 1
149 164 1
150 165 1
151 166 1
152 167 1
153 168 1
154 169 1
155 170 1
155 171 1
156 172 1
157 173 1
157 174 1
158 175 1
159 176 1
160 177 1
161 178 1
162 179 1
163 180 1
164 181 1
164 182 1
165 183 1
166 184 1
167 185 1
168 186 1
169 187 1
170 188 1
171 189 1
172 190 1
173 191 1
174 192 1
175 193 1
176 194 1
177 195 1
177 196 1
177 197 1
178 198 1
179 199 1
180 200 1
181 201 1
182 201 1
183 202 1
184 203 1
185 203 1
186 203 1
187 203 1
188 204 1
189 204 1
190 204 1
191 205 1
192 205 1
193 206 1
194 206 1
195 206 1
196 207 1
197 207 1
198 207 1
199 208 1
200 209 1
200 210 1
200 211 1
201 212 1
202 213 1
202 214 1
202 215 1
203 216 1
203 217 1
204 218 1
205 219 1
205 220 1
205 221 1
206 222 1
207 223 1
208 224 1
208 225 1
209 226 1
210 227 1
211 227 1
212 228 1
213 229 1
214 230 1
215 231 1
216 231 1
217 232 1
218 233 1
219 234 1
220 235 1
221 236 1
222 237 1
223 238 1
224 239 1
225 240 1
226 241 1
227 241 1
228 242 1
229 242 1
230 243 1
231 244 1
232 245 1
233 246 1
234 247 1
235 248 1
236 249 1
237 250 1
238 251 1
239 252 1
240 253 1
241 254 1
242 255 1
243 256 1
243 257 1
244 258 1
244 259 1
245 260 1
245 261 1
246 262 1
247 263 1
248 264 1
248 265 1
248 266 1
249 267 1
249 268 1
250 269 1
251 270 1
252 271 1
253 272 1
253 273 1
254 274 1
255 275 1
256 276 1
257 277 1
258 278 1
259 279 1
260 280 1
261 281 1
261 282 1
262 283 1
263 284 1
264 285 1
265 286 1
266 287 1
267 288 1
268 289 1
269 290 1
270 291 1
271 292 1
272 293 1
273 294 1
274 295 1
275 296 1
276 297 1
277 298 1
278 299 1
279 300 1
280 301 1
281 302 1
282 303 1
283 304 1
284 305 1
285 305 1
286 306 1
287 307 1
288 308 1
289 309 1
290 310 1
291 311 1
292 312 1
293 312 1
294 313 1
295 314 1
296 314 1
297 315 1
298 316 1
299 317 1
300 317 1
301 317 1
302 318 1
303 318 1
304 319 1
305 319 1
306 320 1
307 321 1
308 322 1
309 323 1
310 323 1
311 324 1
312 324 1
313 325 1
314 326 1
314 327 1
315 328 1
315 329 1
316 330 1
317 331 1
318 332 1
319 333 1
319 334 1
320 335 1
320 336 1
321 337 1
322 338 1
323 339 1
323 340 1
324 341 1
325 342 1
326 343 1
327 344 1
328 345 1
328 346 1
329 347 1
330 348 1
330 349 1
331 350 1
332 351 1
333 352 1
334 353 1
335 354 1
336 355 1
337 356 1
338 357 1
338 358 1
339 359 1
339 360 1
340 361 1
341 362 1
341 363 1
342 364 1
342 365 1
343 366 1
344 367 1
345 367 1
346 368 1
347 368 1
348 369 1
349 369 1
350 370 1
351 371 1
352 371 1
353 372 1
354 373 1
355 374 1
356 375 1
357 375 1
358 376 1
359 376 1
360 377 1
361 378 1
362 379 1
363 379 1
364 380 1
365 380 1
366 381 1
367 382 1
367 383 1
368 384 1
369 385 1
369 386 1
370 387 1
371 388 1
371 389 1
371 390 1
372 391 1
373 392 1
374 393 1
375 394 1
375 395 1
376 396 1
377 397 1
377 398 1
378 399 1
379 400 1
380 401 1
381 402 1
382 403 1
383 404 1
384 405 1
384 406 1
385 407 1
386 408 1
387 409 1
388 410 1
389 411 1
390 412 1
391 413 1
392 414 1
393 415 1
393 416 1
393 417 1
394 418 1
395 419 1
396 420 1
397 421 1
398 422 1
399 423 1
400 424 1
401 425 1
402 426 1
403 427 1
404 428 1
405 429 1
406 430 1
407 431 1
408 432 1
409 432 1
410 433 1
411 434 1
412 434 1
413 435 1
414 435 1
415 436 1
416 437 1
417 438 1
418 438 1
419 439 1
420 440 1
421 440 1
422 441 1
423 442 1
424 442 1
425 442 1
426 443 1
427 444 1
428 445 1
429 446 1
430 446 1
431 447 1
432 448 1
433 449 1
434 449 1
435 450 1
436 451 1
437 452 1
438 453 1
439 454 1
440 454 1
441 455 1
442 455 1
443 456 1
443 457 1
444 458 1
444 459 1
445 460 1
445 461 1
445 462 1
445 463 1
445 464 1
446 465 1
447 466 1
448 467 1
448 468 1
449 469 1
450 470 1
451 471 1
451 472 1
452 473 1
452 474 1
453 475 1
454 476 1
454 477 1
455 478 1
456 479 1
457 480 1
458 480 1
459 480 1
460 481 1
461 482 1
462 483 1
463 484 1
464 484 1
465 485 1
466 485 1
467 486 1
468 486 1
469 487 1
470 487 1
471 488 1
472 489 1
473 490 1
474 491 1
475 491 1
476 492 1
477 493 1
478 493 1
479 494 1
480 495 1
481 496 1
482 497 1
483 498 1
484 499 1
485 500 1
486 501 1
487 502 1
488 502 1
489 503 1
490 504 1
491 505 1
492 505 1
493 506 1
494 507 1
495 508 1
496 509 1
497 510 1
497 511 1
498 512 1
499 513 1
500 514 1
500 515 1
501 516 1
502 517 1
503 518 1
504 519 1
505 520 1
505 521 1
506 522 1
507 523 1
508 524 1
509 525 1
509 526 1
510 527 1
511 528 1
512 529 1
513 530 1
513 531 1
514 532 1
515 533 1
516 534 1
517 535 1
518 536 1
519 537 1
520 538 1
521 539 1
522 540 1
523 541 1
524 541 1
525 542 1
526 543 1
527 544 1
528 545 1
529 546 1
530 547 1
531 548 1
532 549 1
533 550 1
534 550 1
535 551 1
536 552 1
537 553 1
538 553 1
539 554 1
540 555 1
541 556 1
542 557 1
543 558 1
544 559 1
545 560 1
546 561 1
547 562 1
548 563 1
549 564 1
550 565 1
551 566 1
552 567 1
553 567 1
554 568 1
555 569 1
556 570 1
557 571 1
558 572 1
559 572 1
560 573 1
561 574 1
562 574 1
563 575 1
564 576 1
565 577 1
566 578 1
567 579 1
568 580 1
569 580 1
570 581 1
571 582 1
572 583 1
573 584 1
574 585 1
575 586 1
576 587 1
577 588 1
578 589 1
579 590 1
580 591 1
581 592 1
581 593 1
582 594 1
583 595 1
584 596 1
585 597 1
586 598 1
586 599 1
587 600 1
588 601 1
588 602 1
589 603 1
590 604 1
590 605 1
590 606 1
591 607 1
591 608 1
591 609 1
591 610 1
592 611 1
593 612 1
594 613 1
595 614 1
596 615 1
597 616 1
598 616 1
599 617 1
600 618 1
601 618 1
602 619 1
603 619 1
604 620 1
605 620 1
606 621 1
607 622 1
608 623 1
609 623 1
610 624 1
611 625 1
612 626 1
612 627 1
613 628 1
614 629 1
615 630 1
616 631 1
617 632 1
618 633 1
619 634 1
619 635 1
620 636 1
621 637 1
622 638 1
623 639 1
624 640 1
624 641 1
625 642 1
626 643 1
627 644 1
628 645 1
629 646 1
630 646 1
631 647 1
632 648 1
633 649 1
634 650 1
635 651 1
636 652 1
637 653 1
638 654 1
639 655 1
640 656 1
641 657 1
642 658 1
643 658 1
644 659 1
645 660 1
646 660 1
647 661 1
648 661 1
649 662 1
650 662 1
651 663 1
652 663 1
653 663 1
654 663 1
655 664 1
656 665 1
657 665 1
658 666 1
659 667 1
660 668 1
660 669 1
660 670 1
661 671 1
662 672 1
662 673 1
663 674 1
664 675 1
664 676 1
665 677 1
666 678 1
667 679 1
668 680 1
668 681 1
669 682 1
670 683 1
671 684 1
671 685 1
671 686 1
672 687 1
673 688 1
674 689 1
675 690 1
675 691 1
676 692 1
676 693 1
677 694 1
678 695 1
679 695 1
680 696 1
681 697 1
682 697 1
683 697 1
684 698 1
685 698 1
686 699 1
687 699 1
688 700 1
689 701 1
690 701 1
691 702 1
692 702 1
693 702 1
694 703 1
695 704 1
695 705 1
696 706 1
697 707 1
697 708 1
698 709 1
699 710 1
700 711 1
701 712 1
702 713 1
703 714 1
704 715 1
704 716 1
705 717 1
706 718 1
707 719 1
707 720 1
708 721 1
708 722 1
709 723 1
710 724 1
710 725 1
711 726 1
711 727 1
712 728 1
712 729 1
713 730 1
714 731 1
715 732 1
716 733 1
717 734 1
718 735 1
719 736 1
720 737 1
721 738 1
722 739 1
723 740 1
724 741 1
725 742 1
726 743 1
727 744 1
728 745 1
729 746 1
730 747 1
731 748 1
732 749 1
733 750 1
734 750 1
735 751 1
736 752 1
737 753 1
738 754 1
739 755 1
740 756 1
741 756 1
742 757 1
743 758 1
744 759 1
745 760 1
746 761 1
747 761 1
748 762 1
749 763 1
750 764 1
751 765 1
752 766 1
753 767 1
754 768 1
755 769 1
756 770 1
757 771 1
758 772 1
759 773 1
760 774 1
761 775 1
762 776 1
763 777 1
764 778 1
765 779 1
765 780 1
766 781 1
767 782 1
768 783 1
768 784 1
768 785 1
769 786 1
770 787 1
770 788 1
770 789 1
771 790 1
772 791 1
773 792 1
773 793 1
774 794 1
774 795 1
774 796 1
774 797 1
775 798 1
776 799 1
777 800 1
778 800 1
779 800 1
780 800 1
781 800 1
782 800 1
783 800 1
784 800 1
785 800 1
786 800 1
787 800 1
788 800 1
789 800 1
790 800 1
791 800 1
792 800 1
793 800 1
794 800 1
795 800 1
796 800 1
797 800 1
798 800 1
799 800 1
