1 2 69
1 3 3
1 4 53
1 5 63
2 6 17
2 7 55
2 8 7
3 9 63
3 10 19
4 11 14
5 12 50
5 13 50
5 14 65
6 15 66
7 16 48
8 17 17
9 18 36
10 19 62
11 20 23
11 21 56
11 22 31
11 23 65
12 24 58
12 25 59
12 26 20
13 27 40
14 28 55
15 29 32
16 29 68
17 29 62
18 29 12
19 30 7
20 30 46
21 30 49
22 30 20
23 31 7
24 32 20
25 33 40
26 34 26
27 34 15
28 35 55
29 36 46
30 37 46
31 38 10
32 39 59
32 40 55
33 41 54
33 42 11
34 43 25
35 44 57
36 45 62
37 46 13
37 47 41
38 48 41
39 49 59
39 50 52
39 51 43
40 52 12
41 53 63
42 54 36
43 55 24
44 56 28
45 57 19
46 58 1
47 59 11
48 60 31
48 61 55
48 62 45
49 63 4
50 64 3
51 65 46
52 66 31
53 67 9
54 68 63
55 69 25
56 70 59
56 71 41
57 72 33
58 73 26
59 74 36
60 75 49
61 76 43
62 77 7
63 78 10
64 79 50
65 80 68
66 81 60
67 82 53
68 83 12
69 83 15
70 84 43
71 85 37
72 86 57
73 87 4
74 88 16
75 89 39
76 90 14
77 91 23
78 92 10
79 93 42
80 94 6
81 95 28
82 96 1
83 97 1
84 98 69
85 99 44
86 100 35
87 101 16
88 101 31
89 102 36
90 102 6
91 103 12
92 103 49
93 104 22
94 104 67
95 105 27
96 105 68
97 106 12
98 107 56
99 108 38
100 109 1
100 110 23
101 111 48
102 112 8
102 113 26
102 114 9
103 115 12
103 116 44
104 117 34
105 118 53
106 119 41
107 120 38
108 121 28
109 122 21
110 122 39
111 123 39
112 123 58
113 124 59
114 125 50
115 126 26
116 127 41
117 128 22
118 129 16
119 130 42
120 130 60
121 130 21
122 131 11
123 132 29
124 133 43
125 134 56
125 135 37
125 136 45
126 137 48
127 138 31
128 139 26
128 140 63
128 141 13
129 142 67
129 143 19
130 144 54
131 145 64
132 146 6
133 146 55
134 147 34
135 148 53
136 149 67
137 150 56
138 151 28
139 151 46
140 152 37
141 153 26
142 154 25
143 155 29
144 156 5
145 157 61
146 158 22
146 159 22
147 160 62
147 161 37
148 162 38
148 163 35
149 164 50
150 165 20
151 166 64
151 167 44
152 168 9
153 169 19
153 170 42
154 171 61
155 172 69
156 173 14
157 174 21
158 174 20
159 174 2
160 175 10
161 176 56
162 177 67
163 178 18
164 179 59
165 180 42
166 181 11
167 182 42
168 182 37
169 183 9
170 184 18
171 184 53
172 185 32
173 186 60
174 187 45
175 188 8
176 189 56
177 190 66
178 191 41
179 192 61
180 193 47
181 194 44
182 195 62
183 196 2
184 197 27
185 198 67
186 199 17
187 200 55
188 201 53
189 202 25
190 203 13
191 204 24
192 205 40
193 206 49
194 207 32
195 208 57
196 209 8
197 210 52
197 211 3
198 212 20
199 213 54
200 214 47
201 215 32
202 216 63
203 217 29
204 218 68
205 219 55
206 220 5
207 221 11
208 222 3
209 223 34
210 224 27
211 225 56
212 226 39
213 227 40
214 228 65
215 229 12
216 230 14
217 231 35
218 232 44
219 232 59
220 232 47
221 233 31
222 234 15
223 234 37
224 234 64
225 235 25
226 236 34
227 236 35
228 237 40
229 238 19
229 239 68
230 240 8
231 241 22
232 242 59
233 243 12
233 244 48
234 245 19
235 246 60
236 247 67
237 248 3
237 249 35
237 250 68
238 251 9
239 252 25
240 253 51
241 254 62
242 255 18
243 256 14
244 257 48
244 258 11
245 259 10
246 260 3
247 261 41
248 262 69
249 263 34
250 263 48
251 264 10
252 265 53
253 266 18
254 267 54
255 268 32
256 269 38
257 270 63
258 271 59
259 272 24
260 273 7
261 274 1
262 275 61
262 276 54
262 277 42
263 278 64
263 279 26
263 280 50
263 281 44
264 282 56
264 283 33
264 284 12
264 285 18
264 286 33
265 287 13
265 288 40
265 289 33
266 290 41
266 291 58
266 292 6
267 293 24
267 294 20
268 295 3
268 296 42
269 297 60
269 298 67
269 299 50
269 300 64
270 301 4
270 302 62
271 303 19
271 304 33
272 305 24
273 306 1
273 307 48
273 308 46
274 309 8
274 310 11
274 311 43
275 312 43
276 312 43
277 312 16
278 312 39
279 312 32
280 313 24
281 313 9
282 313 4
283 313 32
284 313 44
285 313 45
286 313 40
287 313 25
288 314 42
289 314 30
290 314 30
291 314 32
292 314 51
293 314 56
294 315 54
295 315 59
296 315 15
297 315 5
298 315 40
299 315 37
300 316 43
301 316 7
302 316 7
303 316 16
304 317 34
305 318 23
306 318 59
307 319 23
308 319 62
309 319 67
310 319 39
311 319 33
312 320 49
312 321 41
313 322 36
313 323 30
313 324 57
314 325 67
314 326 8
315 327 64
315 328 6
316 329 8
316 330 19
317 331 53
317 332 11
318 333 51
319 334 32
319 335 2
320 336 67
321 337 43
322 338 10
323 339 52
323 340 58
323 341 62
324 342 25
325 343 30
326 344 66
326 345 63
327 346 68
328 347 25
329 348 47
330 349 21
331 350 1
331 351 52
332 352 29
332 353 51
333 354 13
334 355 67
334 356 17
335 357 19
336 358 16
337 359 7
338 360 53
339 360 15
340 361 65
341 361 47
342 362 31
343 362 24
344 363 62
345 363 53
346 363 53
347 364 51
348 364 13
349 364 29
350 365 26
351 365 31
352 366 53
353 366 20
354 366 20
355 367 6
356 367 2
357 367 40
358 368 64
359 369 49
359 370 58
360 371 50
361 372 41
362 373 16
363 374 3
364 375 19
365 376 56
366 377 28
366 378 69
367 379 23
368 380 4
369 381 23
370 382 32
370 383 34
371 384 43
372 385 42
373 386 65
373 387 33
374 388 1
375 389 57
376 390 19
377 391 52
378 392 20
379 393 7
380 394 42
381 395 6
382 396 17
383 397 57
384 398 52
385 399 52
386 400 24
387 401 6
388 402 54
389 402 36
390 403 15
391 404 52
392 405 66
393 406 41
394 407 54
395 408 20
395 409 29
396 410 59
397 411 51
397 412 36
398 413 40
399 414 57
400 415 59
401 416 22
402 417 53
403 418 19
404 419 53
405 420 34
406 421 1
407 422 32
408 423 28
409 423 19
410 424 45
411 424 39
412 424 19
413 424 48
414 425 12
415 426 69
416 427 26
417 427 67
418 428 5
419 429 19
420 430 7
421 431 19
422 432 1
422 433 69
422 434 8
422 435 58
422 436 25
423 437 69
424 438 64
425 439 29
426 440 18
427 441 38
428 442 62
429 443 20
430 444 17
430 445 27
430 446 57
431 447 50
431 448 63
432 449 41
433 449 17
434 450 33
435 450 47
436 451 19
437 451 28
438 452 46
439 453 38
440 453 51
441 454 48
442 455 2
443 456 65
444 457 34
445 457 65
446 458 10
447 458 41
448 459 59
449 460 48
450 461 41
451 462 61
452 463 55
453 464 7
454 465 18
455 466 59
455 467 21
455 468 41
456 469 57
457 470 63
458 471 53
459 472 65
459 473 69
459 474 63
460 475 45
461 475 60
462 475 59
463 476 18
464 476 6
465 477 38
466 477 44
467 477 64
468 478 11
469 478 64
470 479 7
471 480 42
472 480 48
473 480 52
474 480 48
475 481 1
475 482 64
476 483 4
476 484 50
477 485 57
477 486 51
478 487 20
478 488 68
478 489 13
478 490 36
479 491 11
479 492 26
479 493 6
480 494 26
480 495 56
481 496 22
482 497 2
483 498 51
484 499 30
485 500 29
486 500 17
487 501 41
488 502 10
489 503 18
490 504 68
491 505 27
492 506 48
493 507 37
494 508 44
495 509 37
496 510 1
497 511 38
498 512 37
499 513 15
500 514 38
501 515 49
502 516 60
503 517 31
504 518 36
505 519 48
506 520 9
507 521 43
508 522 30
509 523 16
510 524 23
511 525 44
512 526 37
512 527 53
512 528 10
513 529 59
514 530 35
515 531 28
516 532 46
517 533 39
518 534 7
519 535 50
519 536 45
520 537 12
521 538 69
522 539 50
522 540 60
523 541 25
524 542 13
525 543 41
526 544 3
527 545 25
528 545 42
529 545 33
530 546 69
531 547 38
532 548 36
533 548 27
534 549 69
535 550 1
536 550 65
537 551 51
538 552 17
539 553 45
540 554 6
541 554 41
542 555 20
543 555 45
544 556 57
545 556 61
546 557 20
547 558 1
548 558 29
549 559 23
550 560 13
551 561 60
552 562 33
553 563 24
554 564 7
555 565 56
556 565 56
557 566 60
558 566 36
559 567 17
560 568 63
561 569 52
562 569 69
563 570 4
564 571 44
565 572 33
566 573 30
567 574 68
567 575 36
568 576 27
569 577 20
569 578 4
570 579 58
571 580 54
572 581 64
573 582 9
573 583 24
574 584 14
575 585 19
576 586 4
577 587 37
578 588 34
579 589 5
580 590 2
581 591 37
582 592 18
583 593 25
584 594 24
585 595 59
586 596 15
587 596 26
588 597 4
589 598 57
590 599 51
591 600 4
592 600 7
593 600 63
594 600 37
595 600 69
596 600 50
597 600 63
598 600 32
599 600 58
