1 2 1
1 3 1
1 4 1
2 5 1
2 6 1
2 7 1
3 8 1
3 9 1
3 10 1
4 11 1
4 12 1
4 13 1
5 14 1
6 15 1
6 16 1
7 17 1
8 18 1
8 19 1
9 20 1
10 21 1
11 22 1
12 23 1
13 24 1
14 25 1
15 26 1
16 27 1
17 28 1
18 28 1
19 29 1
20 30 1
21 31 1
22 31 1
23 32 1
24 33 1
25 34 1
26 35 1
27 36 1
28 37 1
29 38 1
30 39 1
31 40 1
32 41 1
33 42 1
34 43 1
35 44 1
36 45 1
37 45 1
38 46 1
39 47 1
40 48 1
41 48 1
42 49 1
43 50 1
44 51 1
45 52 1
46 53 1
47 53 1
48 54 1
49 55 1
50 56 1
51 57 1
51 58 1
52 59 1
53 60 1
54 61 1
54 62 1
55 63 1
55 64 1
56 65 1
57 66 1
58 67 1
59 68 1
60 69 1
61 70 1
62 71 1
63 72 1
64 72 1
65 73 1
66 74 1
67 75 1
68 76 1
69 77 1
70 78 1
71 79 1
72 80 1
73 81 1
74 82 1
74 83 1
75 84 1
76 85 1
77 86 1
77 87 1
78 88 1
79 89 1
80 90 1
81 91 1
82 92 1
83 93 1
84 94 1
85 95 1
86 96 1
87 97 1
88 97 1
89 98 1
90 99 1
91 100 1
92 101 1
92 102 1
93 103 1
94 104 1
95 105 1
96 106 1
96 107 1
97 108 1
98 109 1
99 110 1
100 111 1
100 112 1
100 113 1
101 114 1
101 115 1
101 116 1
102 117 1
102 118 1
102 119 1
103 120 1
103 121 1
103 122 1
104 123 1
104 124 1
104 125 1
105 126 1
105 127 1
106 128 1
106 129 1
107 130 1
107 131 1
108 132 1
108 133 1
108 134 1
109 135 1
109 136 1
110 137 1
110 138 1
111 139 1
112 139 1
113 139 1
114 140 1
115 140 1
116 141 1
117 141 1
118 142 1
119 142 1
120 142 1
121 142 1
122 143 1
123 143 1
124 143 1
125 143 1
126 144 1
127 144 1
128 144 1
129 145 1
130 145 1
131 145 1
132 146 1
133 146 1
134 146 1
135 147 1
136 147 1
137 147 1
138 147 1
139 148 1
140 148 1
141 149 1
142 150 1
143 150 1
144 151 1
145 151 1
146 152 1
147 152 1
148 153 1
148 154 1
149 155 1
149 156 1
149 157 1
150 158 1
150 159 1
150 160 1
151 161 1
151 162 1
152 163 1
152 164 1
153 165 1
154 166 1
155 167 1
156 167 1
157 168 1
158 169 1
159 170 1
160 171 1
161 172 1
162 173 1
163 174 1
164 175 1
165 176 1
166 176 1
167 177 1
168 177 1
169 178 1
170 178 1
171 179 1
172 179 1
173 180 1
174 181 1
175 181 1
176 182 1
176 183 1
176 184 1
177 185 1
177 186 1
177 187 1
178 188 1
179 189 1
180 190 1
181 191 1
181 192 1
182 193 1
183 193 1
184 194 1
185 195 1
186 196 1
187 197 1
188 198 1
189 199 1
190 200 1
191 201 1
192 201 1
193 202 1
194 203 1
194 204 1
195 205 1
196 206 1
197 207 1
197 208 1
198 209 1
199 210 1
200 211 1
201 212 1
202 213 1
203 214 1
204 215 1
205 216 1
206 217 1
207 217 1
208 218 1
209 218 1
210 218 1
211 219 1
212 219 1
213 220 1
214 221 1
215 222 1
215 223 1
215 224 1
216 225 1
216 226 1
217 227 1
217 228 1
218 229 1
219 230 1
219 231 1
220 232 1
221 233 1
222 234 1
223 235 1
224 235 1
225 236 1
226 237 1
227 237 1
228 238 1
229 239 1
230 239 1
231 240 1
232 241 1
232 242 1
233 243 1
234 244 1
234 245 1
235 246 1
236 247 1
237 248 1
238 249 1
239 250 1
240 251 1
240 252 1
241 253 1
242 254 1
243 255 1
244 255 1
245 256 1
246 257 1
247 258 1
248 259 1
249 260 1
250 261 1
251 262 1
252 263 1
253 264 1
254 265 1
255 266 1
256 267 1
257 268 1
258 268 1
259 269 1
260 270 1
261 270 1
262 271 1
263 272 1
264 273 1
265 274 1
266 275 1
266 276 1
267 277 1
268 278 1
269 279 1
269 280 1
269 281 1
270 282 1
271 283 1
271 284 1
272 285 1
272 286 1
273 287 1
274 288 1
275 289 1
276 290 1
277 291 1
278 292 1
279 293 1
280 294 1
281 295 1
282 295 1
283 296 1
284 297 1
285 298 1
286 299 1
287 300 1
288 300 1
289 300 1
290 300 1
291 300 1
292 300 1
293 300 1
294 300 1
295 300 1
296 300 1
297 300 1
298 300 1
299 300 1
