7 12 11 5
5 3 2 4
4 2 3 3
2 2 1 1
2 1 1 1
21 12 7 21
2 1 1 1
17 16 9 10
14 17 20 18
25 10 11 16
14 24 19 14
5 2 2 5
19 18 19 12
3 3 4 4
15 24 26 27
6 6 9 9
11 15 11 9
11 15 11 6
12 14 10 9
3 4 7 5
4 5 5 2
1 2 2 2
26 26 24 27
2 2 1 2
16 17 19 16
18 14 22 20
3 4 4 4
11 13 25 29
6 9 13 13
9 9 9 6
20 24 23 26
16 24 17 13
2 1 2 1
3 4 3 5
25 26 9 14
20 17 15 23
26 17 22 22
14 12 6 8
16 17 24 12
2 1 2 2
23 17 20 16
7 8 4 5
10 22 14 14
24 27 24 25
3 2 2 5
12 12 14 6
14 14 15 6
14 21 14 21
2 1 1 1
3 3 7 5
21 10 14 29
22 11 20 28
2 1 2 3
10 12 14 7
19 20 25 23
10 12 6 13
2 3 5 4
13 5 9 14
12 10 8 5
23 25 14 22
2 3 2 2
3 8 3 3
28 16 11 11
9 11 7 16
16 10 7 9
5 4 2 5
17 18 15 11
13 11 26 28
3 3 3 3
11 11 5 6
5 13 12 6
15 10 12 10
10 30 19 10
17 14 23 26
22 21 16 19
11 9 13 6
14 12 18 9
14 9 14 9
8 9 11 9
23 19 19 18
3 6 3 5
12 7 15 8
11 10 13 12
4 5 5 5
25 29 15 10
9 5 8 6
8 15 11 8
17 18 16 19
17 14 25 10
14 14 21 8
6 6 12 13
15 21 11 14
15 15 17 12
5 12 9 12
9 7 13 6
8 12 8 10
4 2 2 5
30 17 12 11
25 26 12 22
4 8 12 11
14 23 9 20
8 7 9 8
18 8 7 9
4 3 7 5
17 12 8 8
9 10 11 17
23 11 20 11
14 12 29 15
8 5 10 4
1 3 2 2
5 3 5 3
8 4 8 6
2 2 3 1
16 18 9 14
9 5 8 11
11 13 13 7
8 22 9 17
22 22 17 21
4 7 7 9
7 8 10 8
6 9 12 8
19 23 23 21
21 16 15 12
9 14 15 23
1 2 2 1
5 2 2 3
15 14 27 16
2 2 1 2
17 27 24 15
6 4 7 7
4 8 6 3
19 17 12 11
23 14 21 10
1 2 1 1
7 6 9 10
5 5 3 2
1 2 2 3
17 9 13 10
6 5 4 6
6 7 11 10
5 3 4 4
12 16 8 24
19 11 17 16
21 22 15 18
2 2 2 1
5 2 3 4
9 11 7 11
2 1 2 3
11 8 15 8
15 5 6 15
24 10 26 20
19 24 15 13
5 6 6 7
2 4 3 4
24 14 11 10
16 17 10 17
9 17 21 18
4 3 6 6
6 8 10 9
14 22 12 17
2 1 2 1
17 8 20 19
11 16 18 10
25 20 21 19
16 17 8 15
11 10 5 6
6 5 10 10
5 4 6 7
24 16 12 10
5 7 6 7
9 15 9 8
22 23 11 9
11 15 14 18
6 3 2 4
13 10 8 11
2 5 5 5
14 18 11 19
15 20 11 8
6 9 13 6
7 14 12 7
1 1 2 3
11 13 19 10
7 10 5 11
22 23 13 27
21 19 10 15
17 21 11 20
3 6 5 9
4 10 7 5
20 21 12 14
15 15 6 11
17 11 11 19
21 20 14 13
18 9 6 6
11 24 13 21
3 6 4 4
18 16 19 12
6 8 5 5
8 13 7 6
21 26 14 26
5 7 8 3
17 11 18 26
16 26 25 17
2 1 2 1
20 12 11 19
10 8 14 12
14 10 9 10
9 13 8 16
15 10 20 16
9 17 13 11
13 23 14 22
12 9 22 15
15 12 20 14
15 14 8 13
2 3 2 3
9 10 14 14
4 10 11 4
25 16 24 27
6 12 10 8
6 5 8 7
20 19 17 14
20 21 23 9
15 11 17 11
5 5 9 8
20 18 15 23
10 6 8 5
7 16 11 14
3 3 5 3
3 5 4 4
10 16 24 14
9 8 15 7
16 12 23 24
10 23 22 26
8 11 14 13
24 9 16 19
10 9 10 12
8 6 14 6
2 2 1 2
4 4 6 4
21 19 17 13
2 3 2 4
7 18 6 8
5 2 3 4
8 8 8 7
5 2 5 3
5 4 5 2
24 27 19 27
16 8 10 12
11 12 18 30
3 2 2 2
20 30 29 16
8 10 9 17
22 10 20 9
2 3 3 2
3 3 1 3
1 2 3 2
13 18 26 12
23 19 23 19
8 6 3 6
10 6 8 8
3 8 6 8
23 10 15 15
11 10 7 9
11 12 11 13
7 4 8 7
18 15 20 19
2 3 2 3
3 2 2 3
15 16 18 27
16 14 17 17
9 13 13 9
3 3 1 1
6 10 15 8
6 15 6 10
1 2 1 1
19 13 10 17
4 4 6 2
2 1 2 2
11 5 10 12
6 10 7 11
11 6 12 5
14 23 17 20
12 6 14 6
10 8 16 8
12 13 10 20
2 3 4 3
6 3 6 5
9 11 22 24
4 3 3 5
12 10 17 14
13 18 14 12
10 12 13 23
11 12 16 17
4 3 3 3
16 15 10 17
14 15 8 20
12 11 9 13
7 10 17 8
9 11 6 9
4 7 8 5
27 20 22 19
4 12 7 4
10 5 11 14
11 16 15 15
19 21 9 18
16 21 22 18
2 3 2 1
5 6 8 3
7 13 6 8
13 10 19 13
9 12 7 12
6 3 2 3
9 11 7 13
6 8 3 9
2 3 2 6
21 20 15 9
15 11 11 25
1 2 1 1
11 4 5 4
8 4 6 10
11 5 10 6
22 20 30 30
5 5 4 5
8 4 3 6
17 25 20 20
4 3 5 4
5 6 10 14
21 18 21 16
12 7 18 12
2 1 2 1
20 23 20 14
11 23 19 21
4 8 7 7
14 11 15 7
23 18 10 27
10 7 12 11
4 2 4 5
16 11 15 7
5 10 4 7
23 10 16 26
14 21 12 23
6 10 5 6
9 10 5 11
7 9 8 4
10 22 18 10
13 11 12 9
7 9 6 8
8 17 14 20
10 14 11 9
18 7 12 15
10 8 14 13
22 14 13 9
23 19 9 23
8 8 8 5
23 15 15 15
14 18 9 11
2 5 4 3
8 8 12 8
26 11 23 17
16 18 15 13
13 8 16 11
1 2 3 1
19 14 9 20
13 23 22 23
10 8 10 9
1 2 1 2
2 2 5 2
5 8 10 9
12 13 10 9
14 25 23 19
1 1 1 2
30 28 22 29
7 17 17 14
12 10 13 16
6 10 10 6
11 14 12 11
6 4 6 8
4 3 5 3
14 19 10 7
14 29 13 10
6 8 5 3
4 5 4 6
28 15 13 10
17 14 11 13
3 3 3 3
4 11 4 5
4 7 8 5
28 13 17 13
20 14 10 15
15 14 11 13
3 5 2 5
10 6 12 12
13 12 10 11
4 4 4 2
4 4 6 2
4 4 8 4
8 11 10 8
9 4 4 3
5 5 9 11
6 5 8 3
4 2 6 2
26 14 9 23
19 11 9 13
2 2 2 1
25 30 24 12
18 7 12 14
11 15 14 7
2 3 5 4
9 22 20 23
12 9 13 13
16 21 17 24
6 12 13 15
3 2 1 1
21 22 23 22
20 8 20 18
6 5 6 6
18 20 22 23
12 6 12 6
5 3 4 4
8 7 9 7
4 6 7 4
26 12 24 21
6 17 15 15
5 2 3 3
1 2 1 2
8 9 14 7
14 13 9 5
9 12 12 9
6 4 4 2
4 5 4 2
11 12 11 17
14 11 12 24
8 15 13 13
16 16 26 14
10 16 14 16
14 13 22 11
18 20 18 24
14 12 14 6
10 21 13 24
13 9 20 10
26 26 26 18
7 6 10 13
13 12 15 15
1 2 1 1
4 3 3 3
9 9 15 21
21 9 21 13
15 7 19 17
3 2 3 3
2 1 2 1
6 8 6 9
15 7 16 19
5 9 9 6
11 7 6 17
10 10 12 6
10 12 20 15
3 3 3 2
22 19 20 21
17 21 13 14
14 7 15 12
2 5 4 2
11 14 6 6
3 8 4 6
12 23 19 24
14 17 19 22
13 7 18 19
29 16 12 15
1 3 2 1
24 29 11 27
3 3 5 4
18 9 19 7
12 18 11 10
7 10 7 5
7 7 4 4
14 9 14 16
12 17 15 8
1 1 1 1
13 8 17 14
1 2 3 3
9 8 17 13
19 9 8 12
20 22 12 16
16 26 19 15
3 4 2 5
6 8 8 8
13 11 7 6
19 25 18 16
7 8 5 3
18 17 17 23
15 13 13 19
5 3 3 2
19 16 14 19
16 13 16 6
19 22 21 9
9 9 8 6
8 20 8 20
12 16 11 26
23 12 29 13
12 14 12 14
4 2 4 2
13 12 8 9
