1 2 11
1 3 12
1 4 4
1 5 9
2 6 3
3 7 15
4 8 16
5 9 10
6 10 4
7 11 10
7 12 7
7 13 19
8 14 9
8 15 2
9 16 5
10 17 17
11 18 9
12 19 10
13 20 10
14 21 12
15 22 14
16 23 15
17 24 2
17 25 19
18 26 19
19 27 11
19 28 5
20 29 11
21 30 16
21 31 5
22 32 9
23 33 1
23 34 16
24 35 14
25 36 6
26 36 2
27 37 7
28 37 4
29 38 11
30 38 18
31 38 17
32 38 3
33 39 14
34 39 1
35 40 1
36 41 13
37 42 12
37 43 19
37 44 10
38 45 12
38 46 19
38 47 13
39 48 16
40 49 11
41 50 16
42 51 3
42 52 12
43 53 16
43 54 5
44 55 11
45 56 10
45 57 1
46 58 14
46 59 9
46 60 7
47 61 4
48 62 10
48 63 2
49 64 16
50 64 19
51 64 4
52 64 15
53 64 2
54 64 2
55 64 9
56 65 5
57 65 8
58 65 10
59 65 7
60 65 4
61 65 12
62 65 9
63 65 1
64 66 13
64 67 4
64 68 18
65 69 4
65 70 14
66 71 12
67 72 17
68 73 13
69 74 8
70 74 3
71 75 13
71 76 13
72 77 8
72 78 2
72 79 1
73 80 17
74 81 18
74 82 11
75 83 4
76 84 7
77 84 19
78 84 7
79 84 9
80 85 5
81 86 2
82 87 8
83 88 6
84 89 1
85 90 18
86 91 12
87 92 8
87 93 2
88 94 10
89 95 13
90 96 6
91 97 10
92 98 10
93 99 12
94 100 7
95 100 12
96 100 6
97 100 10
98 100 17
99 100 5
