1 2 13
1 3 13
1 4 11
1 5 12
2 6 8
2 7 3
2 8 3
2 9 2
2 10 2
3 11 5
3 12 13
3 13 13
4 14 5
4 15 12
4 16 10
5 17 9
5 18 4
5 19 8
5 20 10
5 21 5
6 22 1
7 23 13
8 24 13
9 25 3
10 26 12
11 26 7
12 27 11
13 28 7
14 29 12
15 30 1
16 30 11
17 30 8
18 31 9
19 32 9
20 33 4
21 34 13
22 35 10
23 36 1
24 37 3
25 38 11
26 39 10
27 40 13
27 41 7
28 42 4
29 43 8
30 44 10
31 45 8
32 46 9
33 47 11
34 48 7
35 49 5
36 50 9
36 51 13
37 52 2
38 53 5
39 54 13
40 55 11
40 56 3
41 57 8
42 58 1
42 59 8
43 60 1
44 61 8
45 62 1
46 63 11
47 64 12
48 65 2
49 66 2
50 67 1
51 67 9
52 67 13
53 68 5
54 68 12
55 69 11
56 70 5
57 70 13
58 71 4
59 72 3
60 72 10
61 73 5
62 74 5
63 74 2
64 75 12
65 76 2
66 77 10
67 78 9
68 79 7
69 79 4
70 80 8
71 80 4
72 81 11
73 81 11
74 82 13
75 82 4
76 83 4
77 84 5
77 85 6
77 86 3
77 87 10
78 88 12
78 89 6
78 90 3
79 91 8
80 92 9
80 93 5
81 94 9
81 95 7
82 96 4
82 97 13
83 98 9
83 99 6
84 100 11
85 100 9
86 100 4
87 100 7
88 100 6
89 100 12
90 100 12
91 100 11
92 100 6
93 100 3
94 100 1
95 100 10
96 100 12
97 100 3
98 100 1
99 100 12
