1 2 2
1 3 10
1 4 10
1 5 3
2 6 5
2 7 10
2 8 6
2 9 13
3 10 11
3 11 12
3 12 3
3 13 2
4 14 2
4 15 8
4 16 5
4 17 4
5 18 9
5 19 3
5 20 13
5 21 9
6 22 12
6 23 13
7 24 9
8 25 4
9 26 1
9 27 1
9 28 6
10 29 6
10 30 9
11 31 3
11 32 2
11 33 1
11 34 7
12 35 12
12 36 8
13 37 7
14 38 12
15 39 7
15 40 10
15 41 8
16 42 11
16 43 2
17 44 7
17 45 11
18 46 3
18 47 1
19 48 12
19 49 3
19 50 12
20 51 3
20 52 10
21 53 10
21 54 3
21 55 8
22 56 13
22 57 2
23 58 12
23 59 7
24 60 4
24 61 8
25 62 1
25 63 4
25 64 1
26 65 11
27 66 13
28 67 10
29 68 4
30 69 13
31 70 10
32 71 12
33 72 7
34 73 6
35 74 5
36 75 6
36 76 3
37 77 12
37 78 5
38 79 11
39 80 4
40 81 6
41 82 4
41 83 10
42 84 12
42 85 2
43 86 4
44 87 5
45 88 11
46 89 3
47 90 12
47 91 5
47 92 2
48 93 12
48 94 9
49 95 2
50 96 13
51 97 2
52 98 7
53 99 12
53 100 13
54 101 1
55 102 5
56 103 10
57 103 10
58 104 11
59 105 4
60 105 6
61 105 3
62 106 10
63 106 4
64 106 4
65 107 3
66 108 10
67 109 7
68 109 12
69 109 2
70 109 13
71 110 4
72 110 9
73 111 8
74 112 10
75 113 9
76 113 8
77 114 3
78 114 6
79 115 8
80 116 4
81 117 10
82 118 8
83 119 2
84 119 12
85 119 8
86 119 5
87 120 11
88 121 13
89 121 3
90 121 8
91 122 4
92 122 2
93 123 6
94 124 8
95 124 12
96 125 1
97 126 9
98 127 7
99 128 6
100 128 2
101 129 13
102 130 5
103 131 1
104 132 4
105 133 10
106 134 13
107 135 12
108 136 12
109 137 8
110 138 8
111 139 12
112 140 7
113 141 9
114 142 5
115 143 1
116 144 9
117 145 4
118 146 12
119 147 9
120 148 3
121 149 9
122 150 11
123 151 9
124 152 5
125 153 5
126 154 9
127 155 3
127 156 7
128 157 1
129 158 12
130 159 5
131 160 2
132 161 3
133 162 10
134 163 3
135 164 2
136 165 2
137 166 12
138 167 11
139 168 3
140 169 6
141 170 10
142 171 7
143 172 1
144 173 6
145 174 4
146 175 4
147 176 5
148 177 9
149 178 1
150 179 4
151 180 1
152 181 3
153 182 2
154 183 7
154 184 1
155 185 8
156 186 6
157 187 10
158 188 5
159 189 6
159 190 1
160 191 5
161 192 1
162 193 12
163 194 2
164 195 13
165 196 1
166 196 5
167 196 10
168 196 8
169 196 8
170 197 7
171 197 13
172 198 2
173 199 9
174 200 8
175 201 13
176 202 6
177 203 9
178 203 10
179 204 6
180 205 2
181 206 12
182 207 2
183 207 2
184 208 13
185 209 8
186 210 2
187 210 3
188 211 3
189 211 10
190 212 12
191 213 10
192 214 4
193 215 10
193 216 5
194 217 6
195 218 7
196 219 8
197 220 10
198 221 13
199 222 3
200 223 10
201 224 10
202 225 1
203 226 12
204 227 6
204 228 2
205 229 1
206 230 12
207 231 11
207 232 9
208 233 8
209 234 4
210 235 3
211 236 13
212 237 3
213 238 7
213 239 4
214 240 9
215 241 4
216 242 11
217 243 6
218 244 6
219 245 11
220 246 4
221 247 9
222 248 10
223 249 10
224 250 7
225 251 10
226 252 9
226 253 8
227 254 7
228 255 11
229 256 4
230 257 6
231 258 6
232 259 10
233 260 2
233 261 10
234 262 12
235 263 11
235 264 8
236 265 5
236 266 1
237 267 12
238 268 9
239 269 11
240 270 2
241 271 4
242 272 7
242 273 4
243 274 3
244 275 5
245 276 6
246 277 12
247 278 12
247 279 3
248 280 7
249 281 8
250 282 4
251 283 7
252 284 13
253 285 1
254 286 8
255 287 10
256 288 8
257 289 7
258 290 7
259 291 12
260 292 1
261 293 11
262 294 6
262 295 13
263 296 12
264 297 5
265 298 11
266 299 8
267 300 11
268 301 10
269 302 4
270 303 11
271 304 1
272 305 7
273 306 4
274 306 10
275 307 6
276 308 2
277 309 2
278 309 10
279 310 1
280 311 9
281 312 5
282 312 7
283 312 5
284 313 12
285 314 9
286 315 2
287 316 1
288 317 9
289 318 5
290 319 13
291 320 9
292 321 3
293 322 1
294 323 4
295 324 5
296 325 9
297 326 3
298 327 2
299 328 12
300 329 4
301 330 7
302 331 13
303 332 5
304 333 6
305 334 5
306 335 1
306 336 11
307 337 13
308 338 8
309 339 10
310 340 11
311 341 11
312 342 7
313 343 3
314 344 8
315 345 12
316 346 12
317 347 5
318 348 12
319 349 8
320 350 1
321 351 5
322 352 7
323 353 2
324 354 11
325 355 9
326 356 8
327 357 3
328 358 13
329 359 3
330 360 4
330 361 11
331 362 6
331 363 5
331 364 11
331 365 1
332 366 11
332 367 10
333 368 12
333 369 2
334 370 7
334 371 9
335 372 13
335 373 8
335 374 13
335 375 12
336 376 6
336 377 10
336 378 3
336 379 2
337 380 13
337 381 13
337 382 4
337 383 12
338 384 5
338 385 2
339 386 3
339 387 11
339 388 3
339 389 1
340 390 12
340 391 9
341 392 8
341 393 6
341 394 8
341 395 12
342 396 3
342 397 9
342 398 2
343 399 8
344 400 13
344 401 8
345 402 8
345 403 8
345 404 10
346 405 3
347 406 11
347 407 6
348 408 3
348 409 13
348 410 5
348 411 2
349 412 12
350 413 2
350 414 7
351 415 8
351 416 6
351 417 5
352 418 8
352 419 11
353 420 5
353 421 11
353 422 11
353 423 11
354 424 6
354 425 8
354 426 2
355 427 10
355 428 10
356 429 1
356 430 4
356 431 10
357 432 13
357 433 13
358 434 2
358 435 6
358 436 13
359 437 5
359 438 12
360 439 7
361 439 12
362 440 4
363 440 13
364 441 1
365 441 10
366 442 7
367 443 11
368 443 11
369 443 4
370 443 2
371 443 1
372 443 11
373 444 7
374 444 13
375 444 8
376 444 4
377 445 1
378 445 4
379 446 8
380 446 9
381 447 12
382 448 8
383 448 1
384 449 8
385 450 13
386 450 3
387 450 5
388 451 8
389 451 1
390 452 11
391 452 7
392 453 8
393 453 8
394 454 6
395 454 1
396 454 3
397 454 4
398 455 1
399 456 3
400 457 9
401 457 2
402 457 10
403 457 2
404 458 13
405 459 11
406 459 1
407 459 11
408 459 7
409 460 4
410 460 10
411 461 7
412 461 12
413 462 3
414 462 13
415 462 6
416 463 4
417 463 13
418 464 13
419 464 11
420 464 8
421 464 9
422 464 6
423 465 2
424 465 8
425 466 11
426 466 7
427 466 5
428 466 12
429 467 5
430 468 9
431 468 12
432 469 8
433 470 4
434 471 5
435 472 9
436 472 2
437 472 1
438 472 13
439 473 2
440 474 7
441 475 10
442 476 2
442 477 5
443 478 8
443 479 5
444 480 11
445 481 13
446 482 1
447 483 5
448 484 4
448 485 6
449 486 2
450 487 5
450 488 11
451 489 5
452 490 1
453 491 6
454 492 8
454 493 8
455 494 9
456 495 13
457 496 13
457 497 9
458 498 4
459 499 2
460 500 13
461 501 2
462 502 10
463 503 5
464 504 4
465 505 9
466 506 4
467 507 7
468 508 3
469 509 8
470 510 3
471 511 6
472 512 4
473 513 12
474 514 10
475 515 12
476 516 8
477 516 12
478 517 7
479 518 2
480 519 12
481 520 6
482 521 11
483 522 12
484 523 7
485 524 1
486 525 7
487 526 6
488 526 9
489 527 11
490 528 9
491 529 13
492 530 13
493 531 7
494 532 7
495 533 4
496 534 12
497 535 8
498 536 11
499 537 4
500 538 3
501 539 11
502 540 5
503 541 6
504 542 6
505 543 4
506 544 6
507 545 8
508 546 4
509 547 7
510 548 9
511 549 12
512 550 12
513 551 2
514 552 12
515 553 11
516 554 12
517 555 13
518 556 1
519 557 13
520 558 1
521 559 4
522 560 1
523 561 11
524 562 4
525 563 7
526 564 4
527 565 5
528 566 9
529 567 13
530 568 9
531 569 3
532 570 8
533 571 2
534 572 1
535 573 9
536 574 10
537 575 10
538 576 9
539 577 6
540 578 11
541 578 8
542 579 10
543 580 6
544 581 4
545 582 8
546 583 4
547 584 13
548 584 1
549 585 7
550 585 9
551 586 12
552 587 12
553 588 6
554 589 6
555 590 13
556 590 8
557 591 4
558 591 12
559 592 8
560 593 7
561 594 9
562 595 11
563 596 12
564 596 13
565 597 3
566 597 7
567 597 3
568 598 12
569 599 3
570 600 8
571 601 6
572 601 4
573 602 4
574 603 8
575 603 8
576 604 12
577 605 7
578 606 4
579 607 11
580 608 8
581 609 8
582 610 9
583 611 4
584 611 8
585 611 4
586 612 2
587 613 3
587 614 9
588 615 6
589 616 3
590 617 5
590 618 5
591 619 11
592 620 10
593 621 8
593 622 6
594 623 5
595 624 12
595 625 8
596 626 6
597 627 3
598 628 11
599 629 6
600 630 5
601 631 6
601 632 3
602 633 12
603 634 8
604 635 13
605 636 2
606 637 3
607 638 11
608 639 6
609 640 3
610 641 8
610 642 6
610 643 10
611 644 10
612 645 1
613 646 8
614 647 12
615 648 8
616 649 8
617 650 8
618 651 4
619 652 11
620 653 9
620 654 3
621 655 1
622 656 2
623 657 12
624 658 13
625 659 5
626 660 10
627 661 9
628 662 12
629 663 3
630 664 10
631 665 10
631 666 12
632 667 6
632 668 7
633 669 10
634 670 2
635 671 4
636 672 4
637 673 3
638 674 5
639 675 11
640 676 7
641 677 12
642 678 3
643 679 2
644 680 6
645 681 10
646 682 2
647 683 4
648 684 4
649 685 9
650 686 1
651 687 7
652 688 2
653 689 8
654 690 11
655 691 7
656 692 10
657 693 1
657 694 4
658 695 11
659 696 12
660 697 11
661 698 5
662 699 13
663 700 10
664 701 6
665 702 11
666 703 1
667 704 4
668 705 6
669 706 7
670 707 1
671 708 9
672 709 3
673 710 12
674 711 2
675 712 3
676 713 4
677 714 11
678 715 11
678 716 11
679 717 7
680 718 12
681 719 12
682 720 9
683 721 8
684 722 2
685 723 1
685 724 11
686 725 2
687 726 7
688 727 13
689 728 8
690 729 10
691 730 9
692 731 2
693 732 12
694 733 12
695 734 9
696 735 6
697 736 2
698 737 5
699 738 13
700 739 8
701 740 4
702 741 10
703 742 12
704 743 2
705 744 8
706 745 4
707 746 13
708 747 1
709 748 9
710 749 4
711 750 12
712 751 5
713 752 8
714 753 13
715 754 6
716 755 13
717 756 13
718 757 3
719 758 1
720 759 4
721 760 8
722 760 9
723 761 3
724 761 5
725 762 1
726 763 8
727 764 4
728 764 3
729 765 4
730 766 10
731 766 8
732 767 3
733 768 6
734 769 11
735 770 12
736 771 12
737 772 2
738 773 9
739 774 1
740 775 9
741 776 10
742 777 11
743 777 10
744 778 13
745 779 1
746 779 3
747 780 3
748 781 12
749 782 10
750 782 8
751 783 7
752 784 12
753 785 3
754 786 8
755 786 9
756 787 11
757 788 6
758 789 2
758 790 1
759 791 1
760 792 4
761 793 4
762 794 12
762 795 3
763 796 9
764 797 7
765 798 11
766 799 5
767 800 11
768 801 6
769 802 1
770 803 8
771 804 8
772 805 11
773 806 4
774 807 2
775 808 9
776 809 11
777 810 10
778 811 3
779 812 3
780 813 10
781 814 12
782 815 12
783 816 9
784 817 11
785 818 10
786 819 10
787 820 5
788 821 12
789 822 4
790 823 10
791 824 10
791 825 9
792 826 9
793 827 2
794 828 2
795 829 3
796 830 5
797 831 13
798 832 4
799 833 11
799 834 10
800 835 2
801 836 6
802 837 13
803 838 13
804 839 13
805 840 11
806 841 10
807 842 4
808 843 7
809 844 11
810 845 1
811 846 11
812 847 2
812 848 3
813 849 6
814 850 10
815 851 3
815 852 1
816 853 12
816 854 1
817 855 13
817 856 3
818 857 10
819 858 12
820 859 2
820 860 10
821 861 12
822 862 7
823 863 9
824 864 8
825 865 2
826 866 8
827 867 5
828 868 7
829 869 9
830 870 7
831 871 3
832 871 1
833 872 2
834 873 8
835 874 6
836 875 1
837 876 1
838 877 4
839 878 12
840 879 8
841 880 7
842 881 9
843 882 4
844 883 3
845 884 8
846 885 5
847 886 8
848 887 8
849 888 10
850 889 3
851 890 2
852 891 13
853 892 9
854 893 10
855 894 9
856 895 11
857 896 7
858 897 12
859 898 12
860 898 12
861 899 1
862 900 3
863 900 10
864 900 6
865 900 3
866 900 12
867 900 2
868 900 1
869 900 3
870 900 10
871 900 4
872 900 11
873 900 9
874 900 13
875 900 6
876 900 7
877 900 8
878 900 2
879 900 10
880 900 2
881 900 8
882 900 11
883 900 4
884 900 6
885 900 12
886 900 3
887 900 5
888 900 5
889 900 1
890 900 12
891 900 13
892 900 10
893 900 3
894 900 6
895 900 5
896 900 1
897 900 12
898 900 13
899 900 10
