1 2 6
1 3 8
1 4 2
1 5 5
2 6 12
2 7 9
2 8 11
2 9 7
3 10 11
3 11 7
3 12 5
3 13 12
4 14 10
4 15 12
4 16 10
5 17 1
5 18 1
5 19 10
5 20 9
6 21 5
6 22 8
7 23 11
8 24 5
9 25 3
10 26 10
11 27 9
12 28 7
13 29 6
14 30 8
15 31 8
16 32 12
17 33 10
18 34 4
19 35 7
20 36 11
21 37 2
22 38 9
22 39 12
23 40 7
23 41 1
23 42 2
24 43 7
24 44 4
25 45 6
26 46 5
26 47 1
26 48 9
27 49 5
27 50 8
28 51 8
28 52 11
29 53 11
29 54 13
30 55 1
31 56 9
32 57 2
33 58 10
34 59 5
35 60 9
36 61 13
37 62 5
38 62 2
39 63 4
40 64 1
41 64 11
42 65 9
43 66 5
44 67 7
45 68 4
46 68 1
47 68 10
48 69 6
49 69 4
50 69 6
51 69 1
52 70 6
53 71 13
54 71 2
55 72 12
56 73 2
57 73 9
58 74 10
59 75 6
60 75 4
61 76 3
62 77 11
63 78 5
64 78 4
65 79 3
66 80 1
67 81 8
68 82 2
69 83 6
70 84 11
71 84 9
72 85 13
73 85 1
74 86 7
75 87 7
76 87 2
77 88 5
77 89 3
77 90 9
78 91 4
79 92 5
79 93 7
80 94 6
81 95 5
82 96 4
83 97 11
84 98 5
85 99 10
86 100 11
87 101 4
87 102 3
88 103 3
89 104 5
90 105 12
91 106 10
92 107 13
93 108 5
94 109 5
95 110 4
96 111 10
97 112 13
98 113 8
99 114 1
100 115 10
101 116 11
102 117 10
102 118 7
103 119 10
104 120 8
104 121 12
105 122 11
106 123 7
106 124 4
107 125 2
108 126 12
109 127 9
110 128 12
111 129 10
112 130 13
112 131 12
113 132 8
114 133 7
115 134 5
116 135 11
117 136 7
117 137 11
118 138 2
118 139 1
119 140 3
120 141 5
121 142 13
122 143 5
123 144 6
124 144 4
125 144 9
126 145 2
127 145 8
128 146 11
129 146 11
130 146 1
131 147 9
132 148 9
133 149 7
134 150 12
135 151 1
136 151 9
137 152 10
138 153 4
139 154 10
140 155 1
141 155 4
142 156 10
143 157 8
144 157 5
145 158 6
146 159 1
147 160 11
148 161 6
149 161 7
150 162 13
151 163 5
152 164 11
153 165 4
154 166 12
155 167 3
156 168 4
156 169 1
156 170 7
157 171 10
158 172 10
159 173 11
159 174 9
160 175 12
161 176 7
161 177 9
161 178 11
161 179 3
162 180 4
163 181 9
164 182 11
165 183 12
166 184 6
167 185 10
168 185 11
169 186 9
170 186 3
171 187 11
172 187 6
173 188 3
174 189 5
175 190 1
176 191 12
177 192 1
178 193 13
179 194 12
180 195 5
181 196 2
182 197 9
183 198 12
184 199 7
185 200 10
185 201 7
186 202 2
187 203 10
188 204 12
189 205 4
190 206 5
190 207 13
191 208 11
191 209 2
191 210 1
192 211 7
193 212 10
194 213 4
194 214 11
195 215 6
196 216 9
197 217 12
197 218 8
197 219 2
198 220 3
198 221 10
199 222 10
200 223 4
201 224 4
202 225 1
203 226 10
204 227 9
205 228 10
206 229 10
207 230 1
208 231 3
209 232 13
210 233 7
211 234 10
211 235 12
212 236 6
213 237 13
214 238 12
215 239 4
216 240 1
217 241 12
218 242 3
219 243 12
220 244 3
221 245 2
222 246 3
223 247 4
224 248 3
225 248 1
226 249 6
227 250 13
228 250 12
229 251 12
230 252 10
231 252 12
232 253 12
233 253 7
234 254 13
235 254 9
236 254 13
237 254 9
238 255 1
239 255 3
240 256 12
241 256 10
242 257 6
243 257 7
244 258 10
245 258 10
246 259 9
247 260 8
247 261 5
248 262 13
248 263 10
249 264 5
249 265 13
250 266 12
251 267 4
252 268 1
253 269 6
253 270 4
253 271 10
254 272 5
255 273 7
256 274 4
257 275 12
258 276 13
258 277 1
259 278 12
260 279 13
261 280 11
262 281 12
263 282 3
264 283 6
265 284 12
266 285 6
267 286 11
268 287 4
269 288 11
270 289 13
271 290 12
272 291 12
273 292 4
274 293 2
275 294 4
276 295 10
277 296 7
278 297 2
279 298 9
280 299 12
281 300 13
282 300 11
283 300 1
284 301 10
285 302 4
286 303 8
287 304 12
288 304 6
289 305 4
290 306 3
291 307 10
292 308 4
293 309 5
294 310 4
295 311 6
296 312 3
297 313 6
298 314 7
298 315 5
299 316 10
300 317 2
300 318 1
301 319 6
302 320 9
303 321 7
303 322 8
304 323 11
305 324 10
305 325 4
306 326 3
306 327 3
307 328 1
308 329 7
309 330 13
309 331 1
309 332 12
310 333 5
310 334 12
311 335 8
312 336 12
313 337 3
313 338 11
313 339 9
314 340 10
315 341 3
316 342 4
317 342 2
318 342 6
319 343 2
320 344 8
321 345 13
322 346 4
323 346 9
324 347 9
325 348 7
326 348 7
327 349 11
328 350 2
329 351 13
330 352 13
331 353 1
332 354 7
333 354 12
334 355 10
335 355 9
336 356 12
337 357 10
338 358 13
339 359 8
340 360 3
341 360 10
342 361 11
343 362 7
344 363 1
345 364 4
346 365 2
347 366 5
348 367 3
349 367 10
350 368 5
351 369 8
352 369 2
353 370 2
354 370 1
355 371 7
356 372 10
357 372 2
358 373 2
359 373 8
360 374 4
360 375 9
361 376 1
361 377 10
362 378 2
362 379 5
363 380 5
364 381 1
365 382 2
366 383 3
367 384 5
367 385 13
368 386 12
369 387 10
370 388 10
371 389 3
372 390 5
373 391 9
374 392 5
375 393 13
376 393 10
377 394 11
378 394 7
379 394 4
380 395 9
381 395 13
382 396 8
383 397 1
384 398 3
385 399 12
386 400 1
387 401 13
388 402 10
389 403 11
390 404 8
391 405 5
392 406 12
393 407 9
394 408 4
394 409 6
395 410 11
396 411 7
397 412 1
398 413 4
398 414 10
399 415 13
400 416 9
401 417 3
402 418 3
403 419 5
404 420 9
405 421 6
405 422 7
406 423 9
407 424 8
408 425 11
409 426 5
410 427 13
411 427 3
412 428 6
413 429 6
414 430 3
415 431 12
416 432 8
417 432 13
418 433 5
419 434 9
420 434 1
421 435 9
422 436 6
423 437 9
423 438 9
423 439 11
424 440 8
424 441 5
425 442 3
425 443 7
425 444 3
425 445 3
426 446 6
426 447 13
427 448 12
427 449 10
427 450 7
427 451 9
428 452 10
428 453 13
428 454 9
428 455 5
429 456 2
429 457 9
429 458 7
429 459 3
430 460 5
430 461 3
431 462 12
431 463 3
431 464 2
431 465 4
432 466 11
432 467 9
433 468 2
433 469 10
433 470 2
434 471 4
434 472 2
434 473 10
435 474 7
435 475 2
435 476 8
435 477 7
436 478 1
436 479 4
436 480 3
437 481 6
438 481 6
439 481 5
440 482 3
441 482 1
442 482 10
443 482 8
444 483 13
445 483 1
446 484 8
447 484 6
448 485 1
449 485 6
450 486 5
451 486 7
452 486 4
453 486 13
454 487 1
455 487 1
456 487 4
457 488 5
458 488 5
459 488 5
460 488 4
461 489 12
462 489 9
463 489 12
464 489 11
465 490 3
466 491 6
467 492 8
468 492 12
469 493 11
470 493 4
471 494 1
472 494 7
473 494 9
474 494 1
475 495 3
476 495 9
477 495 10
478 495 6
479 495 1
480 495 13
481 496 5
482 497 8
483 498 9
484 499 10
485 500 7
486 501 3
487 502 1
488 503 3
489 504 7
490 505 7
491 505 2
492 506 13
493 506 4
494 507 2
495 508 6
496 509 7
497 510 2
498 511 9
499 512 10
500 513 3
501 514 3
502 515 1
503 516 12
504 517 10
505 518 5
506 519 8
507 520 9
508 521 6
509 522 4
510 523 11
511 524 7
512 525 4
512 526 3
513 527 8
514 528 7
514 529 10
515 530 1
515 531 7
516 532 7
517 533 2
518 534 11
519 535 13
519 536 3
519 537 6
520 538 8
521 539 8
522 540 1
523 541 13
524 542 13
525 543 1
526 544 11
527 545 1
527 546 4
528 547 6
528 548 6
529 549 1
530 550 7
531 551 1
531 552 5
532 553 6
533 554 6
534 555 1
535 556 2
536 557 6
536 558 5
537 559 5
538 560 1
539 561 12
539 562 10
540 563 10
541 564 10
542 565 6
543 566 7
544 567 4
545 568 9
546 569 12
547 570 9
548 571 4
549 572 13
550 573 1
551 574 1
552 575 11
553 576 9
554 577 1
555 578 11
556 579 6
557 579 7
558 580 4
559 581 1
560 582 9
561 583 2
562 584 9
563 585 9
564 586 4
565 587 1
566 588 12
567 589 3
568 590 7
569 590 3
570 591 4
571 592 10
572 593 3
573 594 4
574 595 10
575 595 6
576 595 2
577 596 5
578 596 3
579 596 1
580 597 1
581 598 12
582 598 2
583 598 3
584 598 2
585 599 1
586 599 2
587 600 3
588 601 10
589 602 4
590 603 7
591 604 10
592 605 8
593 606 12
594 607 8
595 608 13
596 609 8
597 610 11
598 611 10
599 612 12
600 613 9
601 614 4
602 615 2
603 616 6
604 617 12
605 618 9
606 619 8
606 620 12
607 621 9
607 622 12
607 623 1
607 624 4
608 625 1
608 626 9
609 627 9
610 628 1
611 629 1
612 630 11
613 631 9
614 632 12
615 633 11
616 634 6
617 635 10
618 636 13
619 637 10
620 638 13
621 639 4
622 640 7
623 641 1
624 642 5
625 643 1
626 644 7
627 645 1
628 646 9
629 647 2
630 648 9
631 648 3
632 648 12
633 649 9
634 650 9
635 651 2
636 651 11
637 651 1
638 652 11
639 653 4
640 654 3
641 655 7
642 656 4
643 657 2
644 658 13
645 659 9
646 660 10
647 661 13
648 662 3
649 663 10
650 664 9
651 665 13
651 666 5
652 667 7
653 668 13
653 669 8
654 670 5
654 671 5
655 672 12
656 673 3
657 674 4
658 675 1
659 676 11
660 677 12
661 678 7
662 679 9
663 680 13
664 681 10
665 681 8
666 682 2
667 683 1
668 684 5
669 685 13
670 686 5
671 687 7
672 688 7
673 689 8
674 690 9
675 690 13
676 691 7
677 692 6
678 692 2
679 693 12
680 694 9
681 694 11
682 695 9
683 696 3
684 697 2
685 698 4
686 699 9
687 700 3
688 701 9
689 702 4
690 703 7
691 704 12
692 705 11
693 706 2
694 707 12
694 708 6
695 709 7
696 710 4
697 711 12
697 712 2
698 713 5
699 714 2
700 715 7
701 716 9
702 717 4
703 718 8
704 719 3
705 720 13
706 721 8
707 722 11
708 723 5
709 724 12
710 725 8
711 726 6
712 727 12
713 728 4
714 729 9
715 730 2
716 731 11
717 732 10
718 733 7
719 734 9
720 735 9
720 736 7
721 737 9
722 738 8
723 739 10
724 739 6
725 740 12
726 740 5
727 741 2
728 742 13
729 743 10
730 744 10
731 745 4
732 746 3
733 747 3
734 748 6
735 749 6
736 750 10
737 751 1
737 752 2
738 753 6
739 754 10
740 755 4
741 756 6
741 757 13
742 758 3
742 759 11
743 760 2
744 761 2
745 762 4
746 763 9
746 764 9
747 765 3
747 766 12
747 767 11
748 768 9
749 769 5
750 770 12
751 771 13
752 772 11
753 772 11
754 773 13
755 773 9
756 774 8
757 775 9
758 776 3
759 776 8
760 777 10
761 778 7
762 779 7
763 780 3
764 780 3
765 781 4
766 781 3
767 782 1
768 783 12
769 784 4
770 785 6
771 786 7
772 787 4
773 787 3
774 788 7
775 788 13
776 789 2
777 790 6
778 791 2
779 792 10
780 792 4
781 793 5
782 793 6
783 793 12
784 793 2
785 794 12
786 795 3
786 796 1
787 797 2
787 798 7
788 799 2
788 800 8
789 801 2
789 802 12
790 803 7
791 804 4
791 805 4
792 806 7
792 807 3
792 808 5
792 809 12
793 810 9
793 811 3
793 812 4
794 813 9
794 814 4
794 815 5
795 816 5
796 816 7
797 817 6
798 817 10
799 818 10
800 818 1
801 819 8
802 819 2
803 820 11
804 820 4
805 820 6
806 821 10
807 822 9
808 823 6
809 824 9
810 824 2
811 825 12
812 826 2
813 826 5
814 826 11
815 826 9
816 827 9
817 828 2
818 829 6
819 830 9
820 831 9
820 832 3
821 833 9
822 834 9
822 835 3
822 836 11
823 837 6
823 838 8
823 839 7
824 840 8
825 841 10
826 842 4
826 843 13
827 844 1
828 845 11
829 846 4
830 847 7
831 848 9
832 849 7
833 850 3
834 851 11
834 852 8
835 853 8
836 854 9
837 855 13
838 856 7
839 857 7
840 858 10
841 859 9
842 860 3
843 861 3
844 862 3
845 863 10
846 864 4
847 865 3
848 866 6
849 867 2
850 868 9
851 869 1
852 870 2
853 871 2
854 872 12
855 873 7
856 874 8
857 875 10
858 876 1
859 877 8
860 878 4
861 879 2
862 880 6
863 881 9
863 882 12
864 883 6
865 884 5
866 885 10
867 886 8
868 887 8
869 888 4
870 889 4
871 890 9
872 891 10
873 892 7
874 893 13
875 894 5
876 895 3
876 896 7
877 897 8
878 898 7
879 899 13
880 900 13
881 900 7
882 900 1
883 900 6
884 900 1
885 900 3
886 900 3
887 900 2
888 900 3
889 900 2
890 900 6
891 900 7
892 900 1
893 900 4
894 900 1
895 900 4
896 900 8
897 900 7
898 900 2
899 900 13
