1 2 1
1 3 2
1 4 4
2 5 6
2 6 3
2 7 7
3 8 1
3 9 9
3 10 6
4 11 7
4 12 6
4 13 3
4 14 7
4 15 8
5 16 5
6 16 7
7 17 8
8 18 6
9 19 8
10 19 1
11 20 6
12 21 4
13 22 9
14 23 3
15 24 8
16 25 3
17 25 6
18 26 6
19 27 1
20 28 4
21 29 4
22 30 8
23 30 5
24 31 3
25 32 6
26 33 1
27 34 4
28 35 6
29 36 6
30 37 5
30 38 8
31 39 3
32 40 2
33 41 6
34 42 7
35 43 6
36 44 2
37 45 9
38 46 5
39 47 7
40 48 1
41 49 4
42 50 4
43 51 4
43 52 9
44 53 7
45 54 1
46 55 5
47 56 1
48 57 6
49 58 7
50 59 9
51 59 8
52 60 1
53 60 6
54 61 3
55 62 2
56 63 3
57 64 2
57 65 5
58 66 5
58 67 4
59 68 9
60 69 2
61 70 3
62 71 9
63 72 6
64 73 9
65 73 1
66 74 7
67 75 7
68 76 7
69 76 2
70 77 3
71 78 7
72 78 6
73 79 1
73 80 1
74 81 7
75 82 9
76 83 1
77 84 8
78 85 5
79 86 6
80 87 9
81 88 6
82 88 6
83 89 2
84 90 8
85 90 4
86 91 1
86 92 1
86 93 7
86 94 6
86 95 7
87 96 2
87 97 6
87 98 7
88 99 4
88 100 7
88 101 1
89 102 3
89 103 4
89 104 5
90 105 8
90 106 7
90 107 1
90 108 7
91 109 7
92 110 6
93 110 2
94 111 8
95 112 1
96 112 1
97 112 7
98 113 8
99 113 4
100 114 2
101 114 8
102 115 6
103 115 3
104 116 2
105 116 7
106 117 9
107 118 5
108 119 2
109 120 2
110 121 3
111 121 5
112 121 9
113 122 6
114 123 3
115 123 9
116 124 4
117 124 4
118 125 7
119 126 1
120 127 2
121 128 9
121 129 5
122 130 3
123 131 2
124 132 9
125 133 1
126 134 7
127 135 6
128 135 5
129 136 7
130 137 7
131 138 2
132 138 5
133 139 8
134 140 2
135 141 3
136 142 8
137 143 9
138 144 5
139 145 3
140 146 6
141 147 7
141 148 7
141 149 9
142 150 1
142 151 6
143 152 9
144 153 4
144 154 7
145 155 3
146 156 9
146 157 8
146 158 9
147 159 3
148 160 3
149 161 6
150 162 8
151 163 9
152 164 3
153 165 9
154 166 8
155 167 5
156 168 3
156 169 5
157 170 7
158 171 5
159 172 2
160 173 3
161 174 6
162 175 7
163 176 1
164 177 4
165 178 7
166 178 4
167 178 9
168 179 8
169 180 6
170 180 3
171 180 2
172 181 1
173 181 5
174 182 9
175 182 1
176 183 5
177 184 8
178 185 8
179 185 4
180 186 3
181 187 2
182 188 5
183 189 6
184 190 6
185 191 5
185 192 5
186 193 9
187 194 3
188 195 6
189 196 9
190 197 5
191 197 9
192 198 2
193 199 4
194 200 4
195 200 7
196 200 8
197 200 7
198 200 3
199 200 6
