5 2 4 6 2 6 4 3
11 11 6 17 14 11 11 17
14 13 24 15 24 9 24 14
8 4 9 6 4 4 4 10
17 7 7 19 8 17 12 10
19 27 18 17 24 9 9 17
2 2 4 2 3 4 3 5
6 6 8 7 12 12 5 10
3 8 4 3 9 7 5 4
9 6 5 11 9 7 10 7
1 2 2 2 2 1 2 2
8 9 10 17 6 10 16 6
2 4 5 4 3 2 5 4
10 5 11 6 8 8 9 10
14 24 26 20 16 20 17 18
2 2 5 4 2 5 3 5
17 6 14 15 6 13 10 9
6 5 2 3 5 3 4 6
18 15 16 16 18 12 18 13
12 11 11 11 9 8 5 7
6 5 4 4 5 4 6 2
15 23 15 18 22 22 14 16
5 4 6 7 8 4 3 8
17 10 11 18 9 9 10 15
6 8 5 8 4 5 8 4
3 3 2 5 2 4 5 5
13 11 19 10 14 25 9 23
16 20 9 24 9 22 25 17
8 12 16 10 16 6 13 6
10 25 26 27 26 22 24 17
9 6 5 8 3 5 8 5
1 3 2 1 2 3 1 2
7 5 14 5 6 9 6 13
19 18 15 19 8 10 19 17
5 4 3 5 5 5 3 4
7 3 7 4 5 8 4 7
12 10 17 16 17 9 7 12
8 7 6 5 7 5 11 7
7 8 5 7 8 3 7 7
12 6 15 10 9 13 15 10
27 22 11 11 25 9 25 24
9 7 5 11 14 6 7 10
6 7 13 6 14 11 13 10
13 14 9 6 15 7 10 8
12 15 16 18 14 12 23 19
13 23 15 12 11 25 25 22
20 19 9 12 8 8 19 7
9 20 19 18 23 16 13 15
16 11 7 17 16 14 20 12
12 14 13 17 20 11 18 19
10 19 14 8 7 11 7 11
9 6 9 8 9 7 8 12
12 9 4 10 8 7 5 8
9 6 15 11 12 14 13 14
11 6 9 14 6 8 7 9
4 6 6 7 6 8 5 9
14 17 23 15 15 18 11 23
15 12 8 14 15 14 6 6
4 5 6 7 8 8 6 8
9 14 14 13 11 14 6 11
2 3 3 3 1 3 2 3
5 9 14 9 10 11 6 14
8 6 7 7 7 17 9 8
26 23 20 18 21 26 26 12
11 8 11 8 4 9 9 7
10 11 23 19 9 16 22 8
18 12 10 9 10 7 15 11
6 2 4 5 3 2 4 6
2 1 3 3 2 2 3 1
13 12 11 19 14 11 19 10
11 6 10 11 9 7 6 11
16 15 20 10 9 10 11 12
8 5 6 7 4 5 5 7
1 2 2 2 2 2 2 2
12 10 13 11 14 6 8 5
3 2 2 1 1 2 2 3
9 6 15 14 14 10 15 14
7 10 4 8 10 5 8 4
10 9 11 13 8 9 13 11
14 9 9 9 14 24 20 21
16 18 10 9 14 20 7 11
9 14 23 17 22 17 10 25
10 6 7 9 7 5 12 11
17 13 10 21 20 17 10 19
3 1 2 1 3 1 3 2
4 3 4 3 3 3 6 8
8 9 11 5 11 13 14 13
11 9 19 19 17 12 15 13
11 5 8 5 7 10 14 9
19 16 17 18 15 18 13 14
5 5 4 5 3 5 4 3
17 13 21 12 9 15 9 17
6 5 3 4 4 3 3 6
9 15 16 8 9 14 11 9
3 6 8 5 3 7 6 3
4 7 9 10 10 7 5 7
9 11 9 6 7 9 7 11
4 3 6 7 7 6 6 5
4 5 4 4 2 3 3 6
24 8 16 15 9 18 10 9
