18 12 10 20 16 14 20 9
11 13 8 8 12 10 6 17
20 17 9 18 9 14 20 16
6 11 11 6 8 12 12 10
17 12 12 7 10 9 8 9
4 3 2 2 5 4 4 5
20 20 26 14 13 21 25 18
13 13 13 11 8 14 18 10
4 6 2 4 2 6 5 6
21 23 16 10 20 8 8 20
2 2 2 2 2 4 5 6
18 24 15 11 17 18 8 9
12 18 14 13 14 8 18 17
18 19 11 11 13 12 13 11
6 6 8 8 4 5 5 8
11 9 11 8 9 7 4 5
12 14 14 27 24 20 27 18
9 9 14 13 11 8 9 7
12 7 12 8 4 4 5 8
7 17 13 17 13 7 21 7
9 9 9 10 10 7 7 8
13 12 11 9 6 5 7 5
6 4 4 9 3 6 3 6
6 5 6 3 4 5 2 3
13 16 9 12 12 18 20 11
11 6 7 11 9 12 8 11
19 11 9 9 12 13 18 15
21 18 22 17 15 22 14 18
14 24 24 24 17 8 21 15
1 3 1 3 3 3 1 3
18 18 10 13 15 17 17 15
13 27 20 21 18 15 23 19
7 7 6 8 5 8 3 5
20 18 21 7 19 16 18 7
8 13 15 14 18 10 16 16
11 17 18 8 10 13 15 9
6 8 5 7 4 4 4 6
6 15 15 18 13 17 11 17
8 9 5 7 5 4 5 7
11 10 13 9 10 8 9 7
12 15 14 16 15 10 15 17
21 22 17 20 18 19 23 18
20 20 7 12 16 20 9 13
6 3 4 2 6 4 4 4
2 2 1 3 3 2 3 1
5 6 7 5 11 5 10 8
14 8 12 8 11 10 16 15
10 11 6 10 4 7 10 7
17 16 16 19 9 27 22 15
6 9 9 4 8 4 8 7
13 18 18 7 19 13 18 20
18 23 19 10 9 20 23 21
3 4 4 5 4 7 3 5
23 19 11 17 25 24 23 12
4 4 4 4 4 4 5 3
1 1 1 1 1 2 2 2
13 14 11 8 15 9 10 9
2 5 3 3 2 3 3 4
11 5 6 9 5 9 8 4
14 8 12 11 11 12 15 8
2 1 2 2 1 1 1 1
15 15 11 8 11 12 7 13
18 15 11 9 16 16 18 16
4 3 5 3 4 3 4 3
9 12 5 4 5 9 5 12
20 23 17 9 13 22 20 17
8 6 6 13 14 10 8 11
19 16 21 14 11 14 25 14
14 10 14 5 10 6 6 10
8 8 23 9 18 13 21 8
14 10 11 10 10 11 8 14
8 7 11 12 9 7 11 9
12 6 10 10 8 12 5 11
4 3 5 3 5 4 5 3
14 21 17 20 20 16 17 14
10 11 21 18 20 21 17 24
6 10 17 17 10 10 11 18
6 5 3 5 3 3 6 3
4 4 9 4 5 12 5 7
6 11 13 14 7 10 11 14
1 2 2 1 1 2 1 1
13 13 7 14 6 10 14 5
8 23 10 15 10 22 8 17
11 17 14 8 17 11 14 7
4 2 4 3 5 3 5 2
13 23 13 15 12 18 16 22
11 7 11 17 15 11 16 8
5 3 5 3 2 3 3 3
8 18 12 12 7 14 16 12
1 2 2 2 1 1 3 2
3 8 3 8 4 3 4 5
11 9 11 23 18 13 18 18
24 15 14 19 19 17 10 12
2 2 2 1 2 1 1 1
7 10 11 12 9 6 7 10
9 8 16 7 17 12 14 13
8 11 6 8 9 9 6 11
3 8 3 8 3 5 6 5
4 6 10 4 10 8 6 10
19 12 10 15 9 9 7 20
