1 2 1
1 3 1
1 4 1
1 5 1
2 6 1
2 7 1
2 8 1
2 9 1
3 10 1
3 11 1
3 12 1
4 13 1
4 14 1
4 15 1
4 16 1
5 17 1
5 18 1
5 19 1
6 20 1
7 21 1
8 22 1
9 23 1
10 24 1
11 25 1
12 26 1
13 26 1
14 27 1
15 28 1
16 29 1
17 29 1
18 30 1
19 31 1
20 32 1
21 33 1
22 34 1
23 35 1
24 36 1
25 37 1
26 38 1
27 39 1
28 40 1
29 41 1
30 42 1
31 43 1
32 44 1
32 45 1
33 46 1
34 47 1
35 48 1
35 49 1
36 50 1
36 51 1
37 52 1
37 53 1
38 54 1
39 55 1
40 56 1
41 57 1
42 58 1
43 59 1
44 60 1
45 61 1
46 62 1
47 63 1
48 64 1
49 65 1
50 66 1
51 67 1
52 68 1
53 69 1
54 70 1
55 71 1
56 71 1
57 72 1
58 72 1
59 72 1
60 73 1
61 74 1
62 75 1
63 76 1
64 77 1
65 77 1
66 78 1
67 78 1
68 79 1
69 79 1
70 80 1
71 81 1
72 81 1
73 82 1
73 83 1
74 84 1
74 85 1
75 86 1
75 87 1
76 88 1
76 89 1
76 90 1
77 91 1
78 92 1
78 93 1
79 94 1
79 95 1
80 96 1
81 97 1
82 98 1
83 99 1
84 99 1
85 100 1
86 101 1
87 102 1
88 103 1
89 103 1
90 103 1
91 103 1
92 104 1
93 105 1
94 106 1
95 107 1
96 107 1
97 107 1
98 108 1
98 109 1
99 110 1
99 111 1
100 112 1
100 113 1
101 114 1
102 115 1
103 116 1
104 117 1
105 118 1
105 119 1
106 120 1
107 121 1
107 122 1
108 123 1
109 124 1
110 125 1
111 126 1
112 126 1
113 127 1
114 128 1
115 128 1
116 128 1
117 128 1
118 129 1
119 130 1
120 131 1
121 131 1
122 132 1
123 133 1
124 134 1
125 135 1
126 136 1
127 137 1
128 138 1
129 139 1
130 140 1
131 141 1
132 142 1
133 143 1
134 144 1
135 145 1
135 146 1
136 147 1
136 148 1
137 149 1
137 150 1
138 151 1
139 152 1
139 153 1
140 154 1
141 155 1
142 156 1
142 157 1
143 158 1
144 158 1
145 158 1
146 159 1
147 160 1
148 161 1
149 162 1
150 163 1
151 163 1
152 164 1
153 165 1
154 165 1
155 166 1
156 167 1
157 168 1
158 169 1
159 170 1
160 171 1
161 172 1
162 173 1
163 173 1
164 174 1
165 175 1
166 176 1
167 177 1
168 178 1
169 179 1
169 180 1
170 181 1
171 182 1
171 183 1
172 184 1
173 185 1
174 186 1
174 187 1
174 188 1
175 189 1
176 190 1
176 191 1
177 192 1
178 193 1
179 194 1
180 194 1
181 194 1
182 195 1
183 196 1
184 197 1
185 198 1
186 199 1
187 200 1
188 201 1
189 202 1
190 203 1
191 204 1
192 205 1
193 206 1
194 207 1
195 208 1
196 209 1
197 210 1
197 211 1
198 212 1
199 213 1
199 214 1
199 215 1
200 216 1
200 217 1
201 218 1
202 219 1
202 220 1
202 221 1
202 222 1
203 223 1
204 224 1
205 225 1
205 226 1
206 227 1
207 228 1
208 229 1
209 230 1
210 231 1
211 231 1
212 232 1
213 232 1
214 233 1
215 234 1
216 234 1
217 235 1
218 236 1
219 236 1
220 237 1
221 238 1
222 238 1
223 239 1
224 239 1
225 240 1
226 240 1
227 241 1
228 242 1
229 243 1
230 243 1
231 244 1
232 245 1
233 246 1
234 246 1
235 247 1
236 247 1
237 248 1
238 249 1
239 250 1
240 250 1
241 251 1
242 252 1
243 253 1
243 254 1
244 255 1
245 256 1
246 257 1
247 258 1
247 259 1
247 260 1
248 261 1
249 262 1
249 263 1
250 264 1
251 265 1
251 266 1
252 267 1
252 268 1
252 269 1
253 270 1
253 271 1
254 272 1
254 273 1
255 274 1
255 275 1
256 276 1
256 277 1
256 278 1
257 279 1
257 280 1
257 281 1
258 282 1
258 283 1
258 284 1
259 285 1
260 286 1
260 287 1
261 288 1
262 289 1
262 290 1
262 291 1
263 292 1
264 293 1
264 294 1
264 295 1
265 296 1
265 297 1
265 298 1
265 299 1
266 300 1
266 301 1
266 302 1
266 303 1
267 304 1
268 304 1
269 304 1
270 305 1
271 306 1
272 307 1
273 308 1
274 308 1
275 308 1
276 309 1
277 309 1
278 309 1
279 309 1
280 310 1
281 311 1
282 312 1
283 313 1
284 313 1
285 314 1
286 314 1
287 315 1
288 315 1
289 315 1
290 315 1
291 316 1
292 316 1
293 317 1
294 317 1
295 318 1
296 319 1
297 319 1
298 320 1
299 320 1
300 320 1
301 321 1
302 321 1
303 322 1
304 323 1
305 324 1
306 325 1
307 326 1
308 327 1
309 328 1
310 329 1
311 330 1
312 330 1
313 331 1
314 332 1
315 333 1
316 333 1
317 334 1
318 335 1
319 336 1
320 337 1
321 337 1
322 337 1
323 338 1
324 339 1
325 340 1
326 341 1
327 342 1
328 343 1
329 343 1
330 344 1
331 345 1
332 346 1
333 347 1
334 348 1
335 349 1
336 349 1
337 350 1
338 351 1
339 352 1
339 353 1
340 354 1
341 355 1
342 356 1
342 357 1
343 358 1
344 359 1
344 360 1
345 361 1
346 362 1
346 363 1
347 364 1
348 365 1
348 366 1
349 367 1
350 368 1
351 369 1
352 370 1
353 371 1
354 372 1
355 373 1
356 374 1
357 375 1
358 376 1
359 377 1
360 378 1
361 378 1
362 379 1
363 380 1
364 381 1
365 382 1
366 383 1
367 383 1
368 384 1
369 385 1
370 386 1
371 387 1
372 387 1
373 388 1
374 389 1
375 389 1
376 390 1
377 391 1
378 392 1
379 392 1
380 393 1
381 393 1
382 394 1
383 395 1
384 395 1
385 396 1
386 397 1
387 398 1
388 399 1
388 400 1
389 401 1
389 402 1
390 403 1
391 404 1
391 405 1
392 406 1
393 407 1
394 408 1
394 409 1
395 410 1
395 411 1
396 412 1
397 413 1
398 414 1
399 415 1
400 416 1
401 417 1
402 418 1
403 419 1
404 419 1
405 420 1
406 421 1
407 422 1
408 423 1
409 424 1
410 424 1
411 425 1
412 426 1
412 427 1
413 428 1
414 429 1
415 430 1
416 431 1
417 432 1
417 433 1
418 434 1
419 435 1
419 436 1
419 437 1
420 438 1
421 439 1
422 440 1
423 441 1
424 442 1
424 443 1
425 444 1
426 445 1
427 446 1
428 447 1
429 447 1
430 448 1
431 448 1
432 449 1
433 449 1
434 449 1
435 450 1
436 450 1
437 451 1
438 451 1
439 451 1
440 452 1
441 452 1
442 452 1
443 453 1
444 453 1
445 454 1
445 455 1
445 456 1
446 457 1
446 458 1
447 459 1
448 460 1
449 461 1
450 462 1
451 463 1
451 464 1
451 465 1
452 466 1
453 467 1
454 468 1
455 469 1
456 470 1
457 471 1
458 471 1
459 472 1
460 472 1
461 473 1
462 474 1
463 475 1
464 475 1
465 476 1
466 477 1
467 478 1
468 479 1
469 480 1
470 481 1
471 482 1
472 483 1
472 484 1
473 485 1
473 486 1
474 487 1
474 488 1
474 489 1
475 490 1
476 491 1
477 492 1
478 493 1
479 494 1
480 494 1
481 495 1
482 495 1
483 496 1
484 497 1
485 497 1
486 498 1
487 499 1
488 500 1
489 501 1
490 502 1
491 503 1
492 504 1
493 505 1
494 506 1
495 507 1
495 508 1
496 509 1
496 510 1
497 511 1
497 512 1
498 513 1
499 514 1
499 515 1
499 516 1
500 517 1
500 518 1
501 519 1
501 520 1
501 521 1
502 522 1
502 523 1
503 524 1
504 525 1
505 526 1
506 527 1
507 527 1
508 527 1
509 528 1
510 529 1
511 530 1
512 531 1
513 531 1
514 531 1
515 532 1
516 532 1
517 533 1
518 533 1
519 534 1
520 534 1
521 535 1
522 536 1
523 536 1
524 537 1
525 538 1
526 538 1
527 539 1
528 540 1
529 541 1
530 542 1
531 543 1
531 544 1
532 545 1
533 546 1
534 547 1
535 548 1
535 549 1
535 550 1
535 551 1
536 552 1
537 553 1
538 554 1
539 555 1
540 556 1
541 556 1
542 557 1
543 557 1
544 558 1
545 559 1
546 560 1
547 561 1
548 562 1
549 563 1
550 564 1
551 564 1
552 565 1
553 565 1
554 566 1
555 567 1
555 568 1
556 569 1
557 570 1
558 571 1
559 572 1
560 573 1
560 574 1
561 575 1
562 576 1
563 577 1
564 578 1
565 579 1
566 580 1
567 581 1
568 582 1
569 583 1
569 584 1
570 585 1
571 586 1
572 587 1
573 588 1
573 589 1
574 590 1
575 591 1
576 592 1
576 593 1
577 594 1
578 595 1
578 596 1
579 597 1
580 598 1
580 599 1
581 600 1
582 600 1
583 600 1
584 600 1
585 600 1
586 600 1
587 600 1
588 600 1
589 600 1
590 600 1
591 600 1
592 600 1
593 600 1
594 600 1
595 600 1
596 600 1
597 600 1
598 600 1
599 600 1
