1 2 21
1 3 28
2 4 33
2 5 17
3 6 85
3 7 4
3 8 23
4 9 30
5 9 13
6 10 86
7 11 20
8 12 36
9 13 75
9 14 29
9 15 52
10 16 15
10 17 79
10 18 88
11 19 76
11 20 2
11 21 34
12 22 20
12 23 86
12 24 30
13 25 44
14 25 22
15 26 8
16 26 15
17 27 13
18 28 29
19 28 67
20 29 88
21 29 11
22 30 6
23 31 81
24 31 49
25 32 32
26 33 14
27 34 17
28 35 34
29 36 66
29 37 47
29 38 70
30 39 85
30 40 78
31 41 13
32 42 55
33 43 67
34 43 28
35 44 55
36 45 21
37 46 68
38 47 68
39 48 81
40 49 13
41 49 1
42 50 38
43 50 32
44 50 56
45 50 9
46 50 65
47 50 68
48 50 20
49 50 24
