1 2 60
1 3 89
1 4 69
2 5 30
2 6 34
2 7 27
2 8 27
3 9 31
3 10 15
3 11 16
3 12 31
4 13 50
5 14 25
5 15 22
6 16 72
7 17 29
8 18 69
8 19 50
9 20 67
10 21 40
11 22 48
12 23 87
12 24 65
13 25 30
14 26 39
15 27 62
16 28 97
17 29 78
18 30 60
19 31 15
20 32 41
21 33 22
22 34 9
23 35 30
24 36 85
25 37 73
26 38 98
27 39 43
28 40 31
29 41 4
30 42 71
31 43 85
32 44 98
33 45 16
34 46 96
35 47 25
36 48 98
37 49 83
38 50 92
39 50 86
40 50 16
41 50 68
42 50 11
43 50 52
44 50 97
45 50 22
46 50 23
47 50 30
48 50 27
49 50 16
