1 2 5
1 3 1
1 4 5
1 5 8
2 6 2
2 7 12
2 8 13
2 9 1
3 10 2
3 11 6
4 12 9
4 13 10
4 14 8
4 15 4
5 16 13
5 17 13
5 18 1
5 19 13
6 20 11
7 21 12
8 22 7
8 23 6
9 24 5
10 25 10
10 26 5
11 27 8
11 28 7
11 29 13
12 30 5
12 31 11
13 32 3
14 33 1
15 34 2
16 35 7
17 36 13
17 37 9
18 38 9
18 39 10
19 40 7
20 41 8
21 42 7
22 43 7
22 44 4
23 45 11
24 46 9
24 47 7
25 48 12
26 49 12
27 50 3
28 51 8
29 52 12
30 53 5
31 54 4
32 55 7
32 56 3
33 57 12
34 58 1
34 59 1
35 60 12
36 61 6
37 62 12
38 63 10
39 64 10
40 65 1
41 66 2
42 67 3
43 68 3
44 69 9
45 70 2
46 71 13
47 72 6
48 73 4
49 74 4
50 75 10
51 76 8
52 77 3
53 78 5
54 79 12
55 80 8
56 81 13
57 82 13
58 83 12
59 84 2
60 85 2
61 86 9
62 87 3
63 88 2
64 89 10
65 90 1
66 91 4
67 92 3
68 93 1
69 94 10
70 94 6
71 95 13
72 95 10
73 95 4
74 96 2
75 96 9
76 96 7
77 96 7
78 97 8
79 98 1
80 98 7
81 99 12
82 100 6
83 100 5
84 100 1
85 101 10
86 102 9
87 103 9
88 104 3
89 105 5
90 105 11
91 106 7
92 107 12
92 108 2
92 109 2
93 110 1
93 111 3
94 112 9
95 113 12
95 114 7
96 115 5
97 116 1
98 117 4
98 118 4
99 119 5
99 120 1
100 121 1
100 122 11
101 123 10
102 124 8
102 125 5
103 126 10
103 127 1
104 128 10
104 129 11
104 130 4
105 131 9
106 132 13
107 133 6
108 134 6
109 135 6
110 136 12
111 137 3
112 138 5
113 139 6
114 140 12
115 141 7
116 142 2
117 143 4
117 144 2
118 145 10
119 146 4
120 147 12
121 148 7
122 149 2
123 150 1
124 151 12
125 152 10
126 153 13
127 154 5
128 155 1
129 156 2
130 157 10
131 158 2
132 159 12
132 160 4
133 161 12
133 162 9
134 163 6
134 164 12
134 165 4
135 166 5
135 167 12
135 168 6
135 169 3
136 170 12
136 171 6
136 172 2
137 173 4
138 174 6
139 175 9
140 176 12
140 177 4
141 178 5
141 179 3
141 180 13
141 181 13
142 182 10
143 183 5
144 184 8
144 185 13
145 186 8
145 187 1
145 188 5
146 189 13
146 190 6
147 191 7
147 192 12
148 193 5
148 194 13
148 195 8
149 196 5
149 197 11
150 198 3
150 199 3
151 200 12
152 201 13
152 202 2
153 203 1
153 204 6
154 205 11
154 206 7
155 207 3
155 208 7
155 209 12
155 210 8
156 211 2
157 212 8
158 213 9
158 214 8
158 215 5
158 216 5
159 217 9
160 217 6
161 217 11
162 218 5
163 218 3
164 218 7
165 219 4
166 219 7
167 219 7
168 220 8
169 220 8
170 220 10
171 220 11
172 221 12
173 221 6
174 221 2
175 221 4
176 222 12
177 222 6
178 222 3
179 223 13
180 223 6
181 223 1
182 224 7
183 224 6
184 224 7
185 225 1
186 225 6
187 225 1
188 225 2
189 225 4
190 225 9
191 226 5
192 226 8
193 227 3
194 227 1
195 227 10
196 227 13
197 227 13
198 227 4
199 228 13
200 228 13
201 228 8
202 228 12
203 228 12
204 229 8
205 229 3
206 229 7
207 229 12
208 230 9
209 230 8
210 230 5
211 231 3
212 231 11
213 231 2
214 232 3
215 232 9
216 232 7
217 233 2
217 234 13
218 235 1
218 236 10
219 237 7
220 238 10
221 239 4
221 240 8
221 241 9
222 242 13
223 243 10
224 244 2
225 245 7
226 246 1
226 247 10
226 248 11
227 249 9
227 250 11
228 251 1
228 252 1
229 253 10
230 254 13
230 255 13
230 256 8
231 257 10
231 258 13
232 259 1
233 260 2
234 261 3
235 262 13
236 263 3
237 264 12
238 265 5
239 266 8
240 267 4
241 267 10
242 268 12
243 269 6
244 270 1
245 271 11
246 272 10
247 273 4
248 274 1
249 274 5
250 275 1
251 276 9
252 277 11
253 277 6
254 278 10
255 279 7
256 280 9
257 280 6
258 281 10
259 282 6
260 283 6
260 284 12
261 285 9
262 286 1
262 287 9
263 288 12
264 289 3
265 290 8
266 291 6
266 292 13
266 293 8
267 294 9
268 295 2
269 296 13
270 297 8
270 298 4
270 299 5
271 300 13
272 301 11
273 302 8
274 303 1
275 304 12
275 305 10
276 306 7
277 307 9
278 308 12
278 309 10
279 310 9
280 311 4
281 312 1
281 313 12
282 314 8
283 315 9
284 316 3
285 316 11
286 316 7
287 317 12
288 317 9
289 318 5
290 318 11
291 319 8
292 319 2
293 320 4
294 321 6
295 321 3
296 322 6
297 323 6
298 324 3
299 324 3
300 325 11
301 326 10
302 327 2
303 327 11
304 327 4
305 328 6
306 329 10
307 329 7
308 330 5
309 331 9
310 332 7
311 333 2
312 334 9
313 334 4
314 335 8
315 336 2
316 337 8
317 338 5
318 339 4
319 340 7
320 341 4
321 342 8
322 343 8
323 344 3
324 345 13
325 346 7
326 347 7
327 348 8
328 348 7
329 349 7
330 350 9
331 351 6
332 352 2
333 353 13
334 354 13
335 355 7
336 356 13
337 357 8
338 358 10
339 359 10
339 360 13
340 361 1
341 362 3
342 363 5
343 364 10
343 365 11
344 366 12
345 367 1
346 368 9
347 369 10
347 370 12
348 371 2
349 372 10
350 373 13
351 374 2
352 375 9
353 376 6
353 377 2
354 378 12
355 379 2
356 380 13
357 380 6
358 381 12
359 382 3
360 383 13
361 384 11
362 385 7
363 386 4
364 387 13
365 388 1
366 389 12
367 390 9
368 390 8
369 390 2
370 391 9
371 392 2
372 393 10
373 394 2
374 395 12
375 396 9
376 396 11
377 397 3
378 398 2
379 399 12
380 400 8
381 400 4
382 400 8
383 400 13
384 400 12
385 400 10
386 400 1
387 400 12
388 400 9
389 400 8
390 400 12
391 400 11
392 400 11
393 400 6
394 400 7
395 400 4
396 400 12
397 400 5
398 400 1
399 400 6
