11 11 12 12
3 3 4 4
9 10 10 10
11 11 11 11
21 19 19 19
4 3 3 4
1 1 1 1
16 17 17 17
2 1 1 1
2 2 2 2
17 17 17 17
13 13 14 13
12 12 13 13
2 2 1 2
1 1 2 2
6 6 7 7
16 15 15 15
18 19 19 19
20 20 20 20
20 21 20 19
6 7 7 7
18 19 19 18
10 9 9 10
8 8 8 7
20 19 19 20
17 18 17 17
3 4 4 3
7 7 6 7
21 21 20 20
19 18 18 18
3 3 3 4
2 2 1 1
14 14 14 14
10 9 10 10
4 4 4 4
13 14 14 14
19 20 21 20
16 16 16 15
14 15 14 14
8 9 8 9
4 4 5 5
20 19 20 20
14 15 15 15
13 12 13 12
11 12 12 11
20 20 19 19
8 8 9 8
20 20 19 19
11 11 11 11
7 8 7 8
7 7 7 7
7 6 7 7
6 5 6 5
19 19 19 19
8 9 9 9
7 8 8 7
9 10 9 10
4 5 4 5
20 20 19 19
14 15 15 14
5 6 5 5
13 12 12 13
4 3 3 4
8 9 9 9
14 14 15 14
1 1 2 1
19 19 19 19
11 12 11 11
2 2 1 2
20 19 19 19
6 7 6 7
10 10 9 9
19 19 20 19
8 9 9 8
11 11 12 11
13 14 13 13
13 13 14 14
20 20 20 19
3 3 3 3
6 5 5 5
15 14 15 14
9 9 9 9
18 19 18 18
19 19 20 21
5 5 6 6
5 5 4 5
19 18 19 19
7 7 8 7
7 7 6 7
19 20 20 20
20 19 20 19
14 14 15 15
17 17 17 17
3 4 4 3
20 19 19 21
2 2 2 3
7 7 6 6
15 16 15 16
19 19 20 19
7 7 6 7
17 16 17 16
16 17 16 16
17 18 17 17
13 13 13 13
3 4 4 3
5 5 5 5
10 10 10 10
19 19 19 19
19 20 20 20
9 10 10 10
6 6 6 6
21 19 19 21
9 9 9 9
3 2 2 2
8 9 9 8
11 11 11 10
11 11 11 10
6 6 7 7
5 4 5 5
1 1 2 2
3 2 3 3
15 16 15 16
19 20 19 21
19 18 19 19
19 18 18 18
16 17 16 16
17 18 17 17
6 7 7 6
9 8 8 9
8 8 7 7
10 9 9 9
14 14 14 14
14 13 13 14
20 19 19 20
9 8 9 9
18 18 17 18
16 16 15 16
12 11 12 11
16 16 17 17
17 18 17 17
16 16 15 16
4 5 5 5
3 3 2 3
17 18 17 18
13 12 12 12
6 6 7 6
8 9 9 9
8 8 7 7
5 4 5 5
1 1 1 1
3 3 2 3
8 8 9 8
6 7 6 6
4 4 5 4
17 17 18 18
16 16 16 16
17 17 16 17
9 10 9 10
13 14 13 13
18 18 18 19
12 12 12 11
18 17 18 17
4 5 5 4
10 9 10 10
6 5 6 6
18 18 19 18
16 17 17 17
12 12 12 13
16 16 15 16
5 5 4 4
13 14 14 13
15 15 15 15
7 6 6 7
11 11 11 11
13 12 12 12
11 12 11 12
11 11 11 12
8 7 8 8
14 13 13 14
5 5 5 5
3 3 4 4
16 15 16 15
5 5 6 6
7 7 6 6
13 14 13 14
3 3 3 3
4 3 3 4
2 2 2 1
11 11 11 11
9 9 9 10
13 13 14 13
10 10 9 10
8 8 7 8
13 13 14 14
15 15 15 14
19 21 20 21
17 17 17 17
3 4 3 4
11 11 11 11
18 18 18 18
9 9 9 9
4 3 4 3
5 5 5 5
11 10 10 10
18 18 19 19
20 19 20 20
8 7 8 7
11 10 11 10
13 14 14 13
4 3 4 3
14 13 14 14
19 19 19 21
11 11 11 11
19 18 18 18
4 5 5 4
19 19 18 18
12 12 12 13
14 13 14 13
12 13 12 13
10 10 11 11
9 9 8 8
3 3 3 4
17 16 16 17
19 20 20 20
18 17 17 17
10 10 11 11
20 19 20 20
3 2 2 3
17 17 18 18
4 3 3 3
3 3 3 4
19 19 19 19
17 17 16 17
7 7 6 7
16 16 16 16
19 19 21 21
13 13 13 13
5 5 4 5
5 5 5 5
13 12 13 12
2 2 3 3
1 2 1 1
5 6 5 6
19 19 19 19
18 18 18 18
2 2 2 2
11 10 11 11
8 8 8 7
15 15 15 14
11 10 10 11
2 2 1 1
6 6 7 6
19 19 18 18
4 4 3 4
12 11 11 11
12 11 12 11
5 5 5 6
8 7 7 7
12 12 12 12
12 12 12 12
19 20 19 19
11 11 11 11
18 18 19 19
18 19 18 18
9 10 10 10
14 14 15 14
18 18 18 18
13 14 13 13
14 15 15 14
1 2 1 1
20 21 21 19
10 9 9 9
7 7 7 6
2 2 1 1
14 14 14 15
16 17 17 16
18 19 18 18
14 15 15 14
16 15 15 16
3 3 2 3
18 19 19 19
7 7 6 6
5 4 5 5
8 9 8 9
17 16 16 17
12 12 13 13
13 12 13 13
20 21 21 20
13 12 12 12
11 11 12 12
12 12 11 12
16 16 15 15
13 13 12 13
13 13 13 12
16 17 16 16
7 7 8 7
8 8 9 9
20 20 20 20
8 9 9 9
19 18 19 19
11 10 10 10
19 20 19 19
8 8 7 8
10 10 10 9
20 20 21 21
12 13 13 12
14 13 13 13
17 17 18 17
6 5 5 5
12 12 11 12
21 20 20 19
3 3 3 4
4 3 4 4
17 16 16 16
16 15 16 16
5 5 4 4
19 21 19 20
19 19 21 21
17 17 17 16
4 4 4 4
10 9 9 9
17 17 18 17
18 18 18 18
15 15 15 14
8 8 7 8
4 4 3 3
10 10 10 10
10 11 10 10
4 4 3 4
17 16 17 17
3 3 3 4
7 6 7 6
13 13 12 12
5 6 5 6
12 12 11 11
6 7 7 6
10 10 9 9
11 11 11 11
10 9 9 9
14 14 13 14
20 20 19 19
19 20 20 21
12 12 12 13
4 3 3 3
15 15 16 16
10 10 10 11
18 18 19 19
7 7 6 7
16 15 16 15
5 5 6 5
14 13 14 14
13 14 14 13
7 8 8 8
9 9 9 10
11 11 11 10
5 5 6 6
2 2 1 1
4 4 4 5
19 20 19 20
14 15 15 14
19 19 18 18
3 2 2 2
13 14 13 14
16 16 15 16
17 17 17 17
9 10 10 9
5 6 6 6
15 16 15 16
8 8 8 8
1 1 1 2
2 2 3 3
8 8 8 8
13 13 13 13
17 18 17 17
12 12 12 12
19 19 20 19
15 15 15 16
8 8 9 8
21 20 21 20
8 7 8 7
4 5 5 5
4 4 3 3
6 7 7 6
5 5 5 6
14 14 13 13
18 18 18 17
19 18 19 18
9 9 8 8
8 7 7 7
14 15 14 15
19 18 18 18
16 17 17 16
9 9 10 9
12 12 13 13
15 16 15 16
13 12 12 13
17 16 16 17
8 9 8 8
11 12 11 11
5 6 5 5
