1 2 11
1 3 1
1 4 3
1 5 10
1 6 9
2 7 13
2 8 4
3 9 5
3 10 7
3 11 3
3 12 4
4 13 7
4 14 13
4 15 12
5 16 13
6 17 6
6 18 4
7 19 2
7 20 3
7 21 5
8 22 6
9 23 10
10 24 5
10 25 5
11 26 4
11 27 13
11 28 8
11 29 12
12 30 13
13 31 9
13 32 1
14 33 13
15 34 13
16 35 1
16 36 11
16 37 3
17 38 4
18 39 5
18 40 5
19 41 10
20 42 4
21 43 3
22 44 9
23 45 8
24 46 3
25 47 12
26 48 6
27 49 7
28 50 8
29 51 6
30 52 12
31 53 2
32 54 13
33 55 11
34 55 5
35 56 7
36 57 7
37 58 9
38 59 2
39 60 10
40 61 4
41 62 5
42 63 12
43 64 13
44 65 11
45 66 13
46 67 10
47 67 4
48 68 13
49 69 7
50 70 1
51 71 6
52 72 11
53 73 3
54 74 3
55 75 2
56 76 8
57 77 12
58 77 5
59 78 7
60 79 6
61 80 2
62 81 3
63 82 4
64 83 6
65 84 7
66 85 5
67 86 11
68 87 6
69 88 10
70 89 9
71 90 7
72 91 1
73 92 2
74 92 9
75 93 6
76 94 9
77 94 13
78 94 8
79 95 8
80 96 4
81 97 11
82 98 5
83 99 9
84 100 2
85 101 6
86 102 5
87 103 6
88 104 3
89 105 13
90 106 11
91 107 12
92 108 9
93 109 4
94 110 7
95 111 6
96 112 1
97 113 12
97 114 12
98 115 11
99 116 3
100 117 10
100 118 9
100 119 13
101 120 5
102 121 1
103 122 13
104 123 6
105 124 9
106 125 12
107 126 4
108 127 8
109 128 6
110 129 13
111 130 3
111 131 8
112 132 11
113 133 11
114 134 2
115 135 4
116 136 4
117 137 9
118 138 1
119 139 1
120 140 10
121 141 10
122 142 5
123 143 7
124 144 12
125 145 7
126 146 3
127 147 8
128 148 3
129 149 5
130 150 6
131 151 8
132 152 8
133 153 1
134 154 1
135 155 3
136 156 9
137 157 5
138 158 3
139 159 9
140 160 13
141 161 8
142 162 8
143 163 6
144 164 1
145 165 4
146 166 7
147 167 1
147 168 1
148 169 6
149 170 2
150 171 7
151 172 8
152 173 12
153 174 2
154 175 12
155 176 9
156 177 6
157 177 3
158 178 6
159 178 5
160 179 7
161 180 6
162 180 6
163 181 8
164 182 12
165 183 7
166 184 10
167 185 9
168 186 7
169 187 10
170 188 11
171 189 8
172 189 11
173 190 6
174 191 8
175 192 1
176 193 10
176 194 4
177 195 5
177 196 11
178 197 11
178 198 5
179 199 8
180 200 4
180 201 7
181 202 6
182 203 1
183 204 11
183 205 5
183 206 9
184 207 6
184 208 11
185 209 10
185 210 5
186 211 10
187 212 13
188 213 13
189 214 4
190 215 2
191 216 11
192 217 5
193 218 12
194 218 10
195 218 3
196 218 3
197 219 8
198 220 9
199 220 5
200 221 11
201 222 8
202 223 4
203 224 13
204 225 5
205 225 5
206 226 10
207 227 2
208 228 12
209 229 7
210 229 8
211 230 9
212 231 4
213 231 6
214 232 10
215 233 6
216 234 6
217 235 4
218 236 11
219 237 6
220 238 11
221 239 4
222 240 5
223 241 13
224 242 8
225 243 6
226 244 4
227 245 10
228 246 13
229 247 2
230 248 12
231 249 8
232 250 6
233 251 6
233 252 2
234 253 10
235 254 6
235 255 12
236 256 8
237 257 8
238 258 11
239 259 2
239 260 9
240 261 3
241 262 5
242 263 8
243 264 13
243 265 8
244 266 12
245 267 12
246 268 4
247 269 4
248 270 11
249 271 10
249 272 6
250 273 10
251 274 2
251 275 4
251 276 4
252 277 1
253 278 4
254 279 11
255 280 4
256 281 8
257 282 8
258 282 13
259 283 4
260 284 11
261 285 3
262 285 5
263 286 2
264 286 1
265 287 11
266 288 9
267 289 11
268 290 7
269 291 13
270 291 2
271 292 3
272 292 12
273 293 13
274 293 11
275 294 10
276 294 13
277 295 2
278 296 5
279 297 6
280 298 12
281 299 12
281 300 4
282 301 4
283 302 10
284 303 9
285 304 3
285 305 11
286 306 5
286 307 2
287 308 4
288 309 10
289 310 1
290 311 13
291 312 7
292 313 10
293 314 4
293 315 9
293 316 2
294 317 7
295 318 13
296 319 13
297 319 7
298 320 6
299 321 9
300 322 5
301 322 13
302 323 5
303 324 2
304 324 4
305 325 6
306 326 11
307 326 2
308 327 13
309 327 11
310 327 7
311 328 2
312 329 5
313 330 12
314 331 1
315 332 3
316 332 4
317 333 8
318 333 8
319 334 6
320 335 13
321 336 12
322 337 2
323 338 13
324 339 4
325 340 12
326 341 12
327 342 2
328 343 4
329 344 10
330 345 11
331 346 4
332 346 5
333 346 12
334 347 9
335 348 9
336 349 9
337 350 2
338 351 3
339 352 3
340 353 6
341 354 4
342 355 10
343 356 12
344 357 13
345 358 8
346 359 11
347 360 6
347 361 9
348 362 12
348 363 2
348 364 12
349 365 9
349 366 12
350 367 1
351 368 1
352 369 9
353 370 12
353 371 9
353 372 6
354 373 6
355 374 1
355 375 9
355 376 12
356 377 11
357 378 13
358 379 9
358 380 4
358 381 12
358 382 9
359 383 5
360 384 10
361 385 11
362 386 1
363 387 4
364 387 10
365 388 12
366 388 1
367 388 1
368 389 3
369 389 8
370 390 9
371 391 8
372 391 11
373 392 3
374 393 9
375 394 3
376 394 7
377 394 13
378 395 5
379 396 7
380 397 10
381 398 1
382 399 8
383 399 8
384 400 5
385 400 6
386 400 11
387 400 9
388 400 4
389 400 2
390 400 5
391 400 9
392 400 12
393 400 5
394 400 11
395 400 12
396 400 2
397 400 1
398 400 10
399 400 6
