15 15 12 14 14 14 15 12 13 13 12 15 14 12 13 14
16 15 17 17 15 17 18 16 16 14 14 17 14 14 17 18
3 4 3 3 3 3 4 4 3 4 3 4 3 4 4 4
14 13 13 12 14 14 13 13 13 13 12 12 14 11 14 12
5 4 4 5 4 5 4 5 5 4 5 5 5 5 4 4
8 8 8 8 8 7 8 7 8 7 7 8 8 7 8 8
18 17 16 17 17 15 18 14 16 18 18 17 14 14 15 17
2 1 1 1 1 2 2 1 1 2 1 1 1 1 1 2
6 6 6 6 7 7 7 6 7 7 6 7 7 7 6 6
9 9 10 11 11 9 11 11 10 8 11 8 9 8 8 11
5 5 5 4 5 4 4 4 5 5 4 5 5 4 4 5
8 8 9 8 10 8 8 10 10 11 11 9 9 10 10 10
9 11 12 12 10 11 11 11 11 12 9 11 10 10 12 12
5 6 5 6 6 6 6 6 6 5 6 5 5 6 6 6
6 7 6 7 6 7 6 6 6 7 7 7 7 6 6 7
1 1 2 2 2 1 1 1 1 1 1 2 1 1 2 2
6 7 6 6 6 6 7 6 7 6 7 6 7 6 7 7
3 3 3 3 4 3 4 4 4 3 3 3 4 4 3 3
18 14 15 18 14 15 18 14 18 15 15 15 15 14 18 15
8 7 8 7 8 8 7 7 8 8 8 7 8 8 8 7
11 11 12 13 12 10 10 11 10 10 11 13 13 11 11 12
4 4 3 3 3 4 4 4 4 3 3 3 4 3 4 3
16 15 14 16 15 14 14 15 14 16 14 14 16 16 13 15
6 5 5 6 6 6 6 5 6 6 6 6 5 6 5 6
6 7 6 7 6 6 7 6 7 6 6 7 7 6 7 7
6 5 5 5 6 5 5 5 5 5 6 5 6 6 5 6
2 2 2 3 3 2 3 3 2 3 3 2 3 3 3 3
14 17 15 15 15 17 16 16 15 16 16 16 18 14 17 18
14 11 12 11 13 11 13 12 14 11 14 13 14 11 13 14
6 7 7 7 6 7 6 6 7 6 7 7 7 6 6 6
12 12 11 12 12 10 11 13 11 13 10 13 12 13 12 10
12 11 11 10 12 12 13 13 13 13 10 13 11 11 11 10
8 8 8 8 7 8 8 7 7 7 8 8 8 7 7 8
15 12 13 15 13 12 15 15 13 13 12 15 13 13 12 13
2 3 2 3 3 3 3 2 2 3 3 3 2 3 3 2
13 16 14 15 15 14 16 14 15 15 16 13 13 15 13 14
15 14 15 14 12 15 12 13 13 15 12 14 13 12 13 14
14 15 15 14 17 17 16 17 16 15 17 15 17 17 17 15
11 8 11 8 10 8 10 11 11 11 8 8 9 11 10 9
12 11 12 11 11 11 9 10 9 10 12 9 12 11 9 9
12 11 13 14 13 13 11 13 14 13 14 11 13 12 11 13
7 8 8 7 8 8 7 7 8 7 7 8 7 8 7 8
2 3 2 2 3 2 3 3 2 2 2 3 2 2 2 2
10 11 10 11 11 10 10 10 10 8 11 11 9 8 10 9
12 12 13 12 13 10 11 13 10 13 10 12 10 11 13 12
9 8 8 10 9 10 8 11 8 10 11 11 11 9 8 10
12 13 14 11 11 12 11 14 12 11 14 13 12 14 14 14
9 11 11 11 10 11 11 9 9 11 11 12 12 9 9 10
10 9 10 9 9 11 11 11 8 10 11 11 9 8 8 11
6 6 6 6 5 6 6 6 5 6 6 6 5 6 6 5
