8 7 8 7 8 7 8 8 7 7 8 7 7 7 8 7
3 3 3 3 4 3 4 3 3 3 4 4 4 3 3 4
4 5 5 5 4 4 5 4 5 5 4 4 5 4 4 4
5 5 5 5 5 5 5 4 4 5 4 5 5 4 5 4
1 1 2 1 1 2 1 1 2 2 1 1 1 2 2 1
2 1 1 1 2 1 1 2 1 1 2 1 2 1 2 2
3 3 2 2 2 3 3 3 2 2 2 3 2 3 2 3
7 9 8 8 8 9 9 8 9 8 8 7 9 7 7 9
8 9 9 9 8 8 9 7 7 9 8 7 8 8 7 7
2 1 2 2 2 1 2 1 1 2 2 2 1 2 1 1
7 8 8 8 8 8 7 8 8 8 7 8 7 7 7 7
6 7 7 7 7 6 6 7 6 7 6 7 7 7 6 7
7 8 7 7 8 8 8 8 7 8 8 8 8 8 7 7
3 2 3 3 3 2 3 2 3 3 3 2 2 3 2 2
8 8 9 8 8 9 7 7 9 9 9 8 7 8 7 8
2 1 1 1 2 2 2 1 1 2 1 1 1 1 1 1
9 9 7 8 8 8 9 7 7 9 8 8 8 7 8 8
7 8 8 8 7 8 8 8 7 8 7 7 7 7 7 7
2 1 1 2 1 1 2 2 2 2 1 1 1 1 2 1
6 6 6 6 6 6 6 6 5 6 5 5 6 5 6 5
7 6 7 7 7 6 7 6 6 7 7 7 7 6 6 7
3 3 3 3 3 3 2 3 3 2 3 2 2 2 2 3
7 8 8 7 8 9 7 7 8 9 7 8 8 7 7 8
6 6 7 7 7 6 6 7 6 6 6 6 6 6 6 6
4 4 3 4 3 3 3 4 4 3 4 3 4 4 3 4
7 9 9 9 7 7 7 9 8 7 7 9 9 8 7 8
9 8 8 8 7 9 8 8 9 8 8 9 7 7 9 8
7 8 7 8 7 8 8 8 7 8 8 8 8 8 8 8
9 8 8 8 7 9 9 9 8 8 8 7 8 7 7 7
9 7 8 7 7 7 7 9 7 9 8 7 8 9 9 9
6 6 6 6 5 5 6 5 6 6 5 5 6 5 5 6
6 6 6 6 6 7 7 6 6 7 7 7 7 6 6 7
4 5 5 4 5 4 4 4 4 4 4 4 5 4 5 5
6 7 6 7 6 7 6 6 7 6 7 6 6 6 7 7
2 2 2 2 2 2 3 3 3 3 3 2 2 3 3 2
4 3 4 3 4 3 4 3 4 4 3 3 4 4 4 3
7 8 9 9 7 9 8 9 9 8 7 9 7 8 7 9
4 4 4 4 4 4 4 4 3 3 4 4 4 4 4 4
6 7 6 6 6 7 6 7 7 6 7 6 6 7 7 7
4 3 3 3 3 4 4 4 3 3 4 3 3 3 3 3
9 8 8 9 8 9 7 7 8 9 9 9 8 7 9 7
1 2 1 1 1 2 1 1 2 1 1 1 1 1 2 1
4 3 3 4 4 3 4 4 4 4 3 3 3 3 4 4
6 6 6 6 6 6 6 6 6 6 6 7 6 6 7 7
3 3 3 4 4 4 4 4 3 3 4 3 4 3 3 3
4 4 5 5 4 4 4 4 4 4 4 5 5 4 5 4
7 8 7 7 7 8 8 7 7 8 7 7 7 7 7 8
5 5 5 6 6 5 5 5 6 5 5 5 5 5 5 6
5 5 5 6 6 6 6 5 5 5 5 6 6 6 5 5
2 3 3 3 3 3 3 2 2 2 3 2 2 2 3 3
