19 19 19 19
17 16 17 16
2 2 3 3
18 19 18 18
20 20 19 20
8 8 7 8
8 8 8 8
2 1 2 1
9 10 10 10
5 5 5 5
10 9 10 10
5 5 6 6
1 2 2 1
3 4 3 4
8 7 7 7
5 4 4 4
8 7 8 8
3 3 2 2
21 21 19 21
19 19 18 19
5 6 6 5
5 6 6 6
4 4 4 4
4 3 3 4
1 1 2 1
16 15 15 15
8 7 7 7
2 2 1 1
14 14 13 13
6 7 7 7
16 16 15 16
12 12 12 13
12 11 11 11
5 5 5 5
1 2 2 2
6 7 7 6
21 19 19 19
14 14 15 15
7 7 7 6
2 3 3 3
19 19 20 19
17 17 17 17
1 1 2 2
15 15 14 15
10 11 11 11
12 11 11 11
20 20 20 19
18 17 18 18
20 19 19 20
11 10 10 10
18 18 19 18
4 3 3 3
10 10 10 11
16 16 15 15
9 8 9 9
19 18 18 18
10 10 10 9
9 8 8 8
19 19 19 19
4 4 4 3
8 8 9 9
14 14 15 15
3 3 4 3
19 19 19 21
17 18 18 18
13 14 14 13
14 15 14 15
15 16 16 15
20 19 19 21
2 1 1 1
5 5 6 6
11 11 12 12
18 17 18 17
11 11 12 11
9 8 8 8
16 16 16 16
11 11 11 10
2 2 2 2
2 2 2 2
9 10 10 9
15 15 15 14
5 6 6 5
3 3 2 2
15 15 15 14
8 8 7 7
2 2 3 3
18 17 17 18
18 18 17 18
10 9 9 9
15 15 15 15
5 6 6 5
17 16 16 16
18 17 17 18
16 16 16 17
21 21 19 19
6 6 6 6
15 14 15 14
14 15 15 15
9 8 9 9
19 20 21 21
9 9 10 9
6 6 6 5
14 14 14 13
1 1 1 2
3 3 3 2
5 4 5 5
2 2 2 2
15 16 15 15
19 19 20 21
17 17 17 17
12 12 11 12
16 16 15 15
14 14 14 14
6 5 5 5
1 1 2 2
6 5 5 6
1 2 2 2
14 14 13 13
3 3 2 2
9 8 9 8
17 18 18 18
6 7 7 6
19 19 19 20
18 18 17 17
18 18 18 18
7 7 6 7
11 12 11 11
19 19 20 20
19 19 18 18
3 3 3 4
16 16 16 16
4 4 4 4
4 4 4 3
8 7 8 8
18 19 18 19
9 9 9 9
15 15 14 14
2 3 2 2
1 2 1 1
1 2 2 1
9 10 10 9
12 12 13 13
6 6 5 5
10 10 11 10
14 15 15 15
3 3 4 3
13 14 13 14
8 9 9 8
9 8 8 9
17 17 17 17
6 7 6 6
4 5 4 4
12 11 12 12
8 7 7 7
2 3 2 2
2 2 2 2
8 9 9 8
14 14 13 14
17 17 16 16
3 4 4 4
12 11 11 12
4 5 5 5
14 14 14 14
19 18 18 18
10 9 10 10
17 18 17 18
4 3 3 3
13 14 14 13
2 1 1 2
12 12 13 12
16 15 16 16
5 5 4 5
13 13 14 13
11 11 11 11
2 2 2 2
7 7 8 8
9 9 9 9
13 12 13 13
3 3 2 3
11 11 11 11
6 6 7 6
18 17 17 17
2 1 2 1
18 17 17 17
13 14 14 13
2 2 2 1
7 6 7 7
12 13 12 13
8 7 8 7
19 20 19 19
16 17 16 16
8 8 7 8
19 20 19 19
9 8 9 9
18 19 19 19
16 17 17 17
6 6 7 7
2 3 3 3
3 3 4 3
17 17 17 18
16 15 15 16
11 11 12 11
11 11 10 10
8 7 8 8
19 18 19 18
3 3 3 2
18 19 18 18
19 19 19 18
3 3 3 3
21 19 19 19
20 20 19 19
10 9 9 10
15 15 16 15
21 19 20 19
15 16 16 16
11 12 12 11
18 18 18 18
20 20 20 20
12 12 12 12
9 9 10 10
19 20 20 21
15 16 15 15
20 19 20 19
17 18 18 17
17 17 18 18
19 19 19 19
1 2 2 2
8 8 7 7
20 20 20 21
10 10 11 11
8 8 9 8
11 11 12 12
6 6 7 6
16 15 16 15
13 13 14 14
14 15 14 14
7 8 8 8
3 3 2 3
5 5 5 5
17 17 17 16
10 11 10 11
19 19 19 19
15 15 14 14
10 9 10 9
14 14 14 13
21 21 21 21
5 4 4 5
2 1 1 2
2 3 3 2
15 14 15 14
1 1 1 1
13 14 14 13
6 6 5 5
17 17 17 17
15 16 16 15
10 10 10 10
15 14 14 14
12 13 13 13
15 14 15 14
11 11 11 11
19 19 19 18
16 16 16 15
19 19 20 21
18 18 18 19
19 19 19 19
8 7 8 7
13 12 12 12
8 8 8 9
17 18 17 18
18 17 17 18
15 15 15 14
17 17 17 16
2 1 2 1
3 2 2 3
19 18 19 19
20 19 20 20
18 18 18 18
19 21 20 20
9 10 9 9
19 19 18 19
18 17 18 18
7 7 7 7
8 8 9 8
20 20 20 20
13 14 13 14
2 1 2 2
5 5 4 5
8 7 7 7
7 7 8 7
6 7 6 7
8 8 8 8
14 13 13 13
6 6 5 6
15 16 15 16
19 20 19 20
2 1 2 2
14 15 14 15
6 7 6 6
13 13 14 14
10 11 11 10
17 18 17 17
11 11 11 11
10 11 11 11
17 17 18 18
5 5 4 5
17 18 18 18
8 9 8 9
5 5 5 4
20 19 20 21
15 14 15 14
21 19 21 19
17 18 18 18
17 16 17 16
11 12 11 11
6 7 7 7
14 14 14 14
18 18 19 18
19 20 20 19
11 12 11 12
20 19 19 20
5 5 4 4
3 3 3 3
18 17 18 18
6 6 6 7
11 10 10 10
11 10 10 10
20 20 19 20
21 21 19 21
2 2 2 1
8 7 8 7
8 8 9 9
17 16 17 16
16 15 16 16
17 18 18 18
3 3 4 3
3 4 4 4
10 9 10 10
19 21 19 20
4 4 5 4
10 10 9 9
17 16 16 16
15 16 16 16
12 13 12 12
5 4 5 5
5 5 6 5
19 20 19 19
9 9 9 8
18 19 19 18
21 19 19 19
11 10 11 10
11 12 11 11
3 3 4 3
7 8 7 8
13 12 13 12
6 7 7 7
1 1 1 1
19 21 21 20
19 19 19 19
18 17 18 18
13 13 14 14
14 13 14 13
19 18 18 18
5 5 5 5
20 19 19 20
16 17 17 17
6 7 6 6
10 9 10 10
8 8 9 8
19 19 21 20
9 9 10 10
5 5 5 4
16 16 16 15
10 11 10 11
9 10 9 10
13 12 12 13
5 6 5 5
8 7 8 8
13 13 12 13
7 7 8 7
10 9 10 10
12 12 12 11
4 4 5 4
5 5 4 5
8 9 9 9
19 20 19 19
7 8 7 7
18 18 19 19
18 19 18 19
3 3 3 3
19 19 19 18
15 14 15 14
3 4 3 3
3 3 3 3
10 10 10 11
17 16 16 16
14 14 13 14
7 7 7 8
17 18 17 17
4 4 5 4
2 2 2 2
18 18 19 18
6 7 6 6
13 12 12 13
4 4 3 3
6 7 6 7
15 14 15 15
12 12 12 11
1 1 2 2
5 4 4 4
2 2 2 3
9 8 9 9
21 21 19 19
14 14 14 15
12 13 12 13
7 6 6 6
9 9 9 9
8 7 8 8
19 19 19 18
9 9 9 8
9 9 8 9
2 2 3 3
4 3 4 4
5 4 4 5
15 16 16 16
13 14 13 14
9 10 9 9
8 9 8 9
3 3 3 4
13 13 13 12
9 8 9 9
3 2 3 2
12 11 11 11
7 8 8 8
17 17 18 18
13 13 12 12
15 15 15 14
6 6 6 5
14 14 13 13
17 16 17 16
13 13 14 14
12 11 12 12
18 17 17 18
9 10 10 10
18 19 19 18
18 17 17 17
14 14 15 15
2 2 2 3
19 19 19 19
2 1 2 2
12 11 11 11
11 11 11 10
4 4 4 4
9 9 8 8
1 2 1 1
4 4 3 3
2 1 1 1
19 18 18 19
6 6 6 7
15 15 16 15
7 8 7 8
11 11 12 11
11 11 11 11
17 16 17 17
9 10 10 10
19 20 19 21
5 5 4 5
17 16 16 17
12 12 13 12
16 17 17 17
19 21 20 21
13 14 14 13
6 5 6 5
11 10 10 10
8 9 8 9
19 20 19 20
2 2 2 1
17 16 16 17
19 20 20 19
2 2 2 2
4 3 3 4
6 7 7 6
10 10 10 10
13 12 13 13
14 15 14 14
8 7 7 7
9 9 9 9
19 19 18 19
2 3 3 2
8 9 8 8
8 8 8 8
10 11 11 10
4 3 4 4
16 16 17 16
10 9 10 10
7 8 8 7
11 10 10 10
5 6 6 5
8 8 8 8
13 13 14 13
10 10 10 11
2 3 3 3
16 16 17 17
6 5 6 5
14 13 13 13
8 8 7 7
11 10 10 10
9 9 9 8
7 7 7 7
7 7 8 7
1 1 2 2
5 5 5 5
10 10 9 9
10 10 10 11
18 18 19 18
1 2 2 2
6 7 7 6
2 2 2 2
4 4 3 4
3 2 2 3
14 14 13 13
11 10 10 11
12 12 12 12
2 2 2 2
18 18 18 17
8 7 7 7
1 1 2 2
17 17 17 17
10 10 10 10
2 2 3 2
18 17 17 17
10 10 11 10
12 12 12 11
6 6 5 5
5 6 5 6
2 2 2 3
14 14 14 15
13 13 12 13
12 12 12 11
6 7 7 7
10 10 10 10
19 20 19 19
18 18 19 18
10 10 10 9
2 3 3 3
4 4 3 3
7 6 6 6
15 15 14 15
19 19 18 18
18 18 18 19
12 12 12 12
14 14 14 15
5 5 5 5
19 19 19 19
3 4 3 3
19 18 18 19
1 1 1 2
16 15 15 15
6 6 6 7
13 13 12 12
18 17 18 18
11 10 10 10
1 2 1 2
9 10 9 10
18 17 18 18
8 9 8 9
11 10 11 11
17 16 17 16
2 1 2 2
5 5 4 4
6 7 6 7
18 18 17 17
13 14 13 14
2 3 3 2
20 21 19 19
19 21 21 20
11 11 11 12
13 13 13 12
7 8 8 8
18 18 19 18
15 15 14 14
12 12 12 13
12 13 12 12
4 4 5 5
20 19 19 20
6 6 6 6
14 15 15 15
11 12 12 11
19 19 18 19
4 4 3 4
5 6 6 6
5 4 4 5
12 11 11 11
19 19 19 18
8 8 9 8
15 16 15 15
14 14 14 14
13 14 13 13
13 12 12 12
17 16 17 17
5 4 4 4
19 19 19 20
11 11 11 11
11 12 11 11
18 19 19 19
6 7 7 6
20 21 19 21
18 18 19 19
19 20 19 20
10 10 9 10
4 5 4 5
1 1 1 1
13 13 12 12
19 18 18 18
13 13 13 13
14 14 13 14
7 7 7 6
10 10 10 9
8 7 7 8
8 8 7 8
4 3 4 4
20 21 19 20
12 12 12 12
2 2 2 2
20 20 19 19
7 6 6 7
10 11 11 10
1 2 2 2
16 16 16 16
11 10 10 10
19 19 19 19
11 12 11 12
9 9 9 9
2 1 1 1
7 8 8 7
7 6 7 7
19 20 20 21
9 10 9 10
4 4 4 5
17 17 18 18
12 12 11 11
1 1 1 1
20 20 20 19
13 13 14 13
14 13 13 13
16 15 15 15
18 17 17 18
13 14 13 13
1 2 2 2
10 9 10 10
7 7 6 6
3 4 3 4
1 2 2 2
13 13 13 12
17 18 18 17
9 9 9 8
19 20 20 19
13 14 13 13
16 17 16 16
13 12 12 12
11 11 11 12
6 6 6 7
11 12 12 11
20 19 19 19
20 20 19 19
5 5 5 5
8 8 9 9
4 3 3 4
16 16 17 16
10 10 10 11
19 19 20 19
20 19 19 19
14 13 13 13
9 9 8 9
7 7 6 6
2 3 2 3
4 4 4 5
15 14 14 15
13 14 14 14
14 14 13 14
6 5 6 5
20 21 21 19
14 15 15 15
20 20 19 20
15 15 16 15
11 11 11 11
20 19 19 19
10 10 10 10
11 10 11 11
17 17 16 16
18 19 18 19
6 5 5 5
7 7 8 7
6 6 5 5
8 9 9 9
7 8 7 8
5 5 4 5
4 4 5 4
14 15 15 14
14 13 13 14
2 2 3 2
20 19 20 21
9 9 9 10
10 11 11 10
19 21 20 19
4 5 5 4
8 8 9 8
16 16 17 16
18 18 19 19
11 12 12 11
18 18 19 19
11 11 10 10
19 18 18 18
3 2 2 3
20 19 20 19
15 15 16 16
9 9 8 8
18 17 17 17
11 11 11 10
11 12 12 11
5 4 4 5
15 15 15 16
16 16 17 17
5 4 5 5
16 16 17 17
2 3 3 2
16 17 17 17
17 18 18 17
17 18 17 17
7 7 7 7
2 2 3 2
2 1 1 2
18 19 18 18
18 19 19 19
15 15 15 16
2 3 3 2
18 18 18 17
1 1 1 1
16 17 16 17
1 2 2 2
16 16 15 16
12 13 13 13
11 11 10 10
15 14 15 15
17 17 18 17
12 11 11 11
12 12 12 12
12 11 12 12
20 19 19 20
20 19 19 19
14 14 13 13
7 8 7 8
13 13 13 13
8 8 9 9
6 6 5 5
6 7 7 6
1 2 1 2
2 2 2 1
16 16 16 15
16 17 16 17
12 12 12 13
7 6 7 7
17 17 17 16
15 16 15 15
17 17 16 16
9 8 8 8
10 11 11 10
8 8 9 9
7 7 8 8
21 20 21 20
13 13 13 14
3 3 3 3
14 14 14 14
4 5 5 4
20 20 19 20
19 20 21 21
7 7 8 8
7 7 7 8
4 4 4 4
16 17 16 16
4 4 4 5
5 4 5 4
11 11 10 10
8 9 9 9
7 8 8 8
11 11 10 10
7 6 7 7
16 17 16 17
3 3 4 4
11 11 11 11
12 13 13 13
3 3 2 2
10 11 10 10
6 6 5 6
7 7 7 7
21 20 20 20
9 8 9 8
9 9 9 8
9 10 9 9
1 1 2 2
2 3 2 2
