1 2 72
1 3 6
1 4 87
2 5 15
2 6 85
2 7 46
2 8 24
2 9 48
3 10 35
3 11 21
4 12 34
4 13 98
4 14 5
4 15 61
5 16 94
6 17 76
7 18 59
8 19 24
9 20 23
10 21 5
11 22 73
12 23 95
13 24 36
14 25 69
15 26 28
16 27 58
17 28 62
18 29 55
19 30 47
20 31 40
21 32 54
22 33 11
23 34 60
24 35 15
25 36 97
26 37 69
27 38 79
28 39 18
29 40 81
30 41 49
31 42 80
32 43 2
33 44 38
34 45 3
35 46 41
36 47 20
37 48 81
38 49 70
39 50 75
40 51 16
41 52 67
42 53 14
43 54 5
44 55 65
45 56 96
46 57 23
47 58 62
48 59 8
49 60 57
50 61 6
51 62 80
52 63 95
53 64 78
54 65 20
55 66 86
56 67 94
57 68 83
58 69 77
59 70 24
60 71 74
61 72 26
62 73 7
63 74 84
64 75 41
65 76 27
66 77 22
67 78 55
68 79 81
69 80 59
70 81 14
71 82 73
72 83 72
73 84 23
74 85 32
75 86 8
76 87 59
77 88 78
78 89 72
79 90 62
80 91 85
81 92 32
82 93 83
83 94 54
84 95 39
85 96 63
86 97 29
87 98 27
88 99 14
89 100 47
90 101 76
91 102 95
92 103 19
93 104 85
94 105 86
95 106 3
96 107 78
97 108 88
98 109 40
99 110 87
100 111 71
101 112 8
102 113 63
103 114 46
104 115 71
105 116 51
106 117 76
107 118 61
108 119 10
109 120 97
110 121 9
111 122 58
112 123 42
113 124 9
114 125 14
115 126 95
116 127 64
117 127 12
118 128 59
119 129 27
120 130 12
121 131 15
122 132 65
123 133 4
124 134 18
125 135 65
126 136 46
126 137 5
127 138 6
128 139 27
129 140 88
130 141 56
131 142 38
132 143 5
133 144 33
134 145 92
135 146 44
136 147 32
137 148 25
138 149 36
139 150 60
140 151 25
141 152 44
142 153 96
143 154 42
144 155 28
145 156 11
146 157 99
147 158 86
148 159 92
149 160 78
150 160 68
151 161 66
152 162 30
153 163 38
154 164 19
155 165 19
156 166 27
157 167 58
158 168 55
159 169 39
160 170 72
161 171 83
161 172 56
162 173 90
163 174 92
164 175 22
165 176 17
166 177 73
167 178 88
168 179 28
169 180 4
170 181 81
171 182 79
172 183 71
173 184 76
174 185 12
175 186 36
176 187 78
177 188 54
178 189 87
179 190 49
180 191 42
181 192 82
182 193 3
183 194 94
184 195 76
185 195 91
186 196 7
187 197 15
188 198 29
189 199 9
190 200 90
191 200 81
192 200 4
193 200 26
194 200 86
195 200 67
196 200 68
197 200 53
198 200 49
199 200 34
