15 11 12 17
8 8 13 12
5 4 5 3
17 15 13 17
11 8 11 10
12 12 10 12
10 10 10 7
8 10 7 8
5 6 4 6
8 7 7 6
12 16 14 10
3 4 3 3
1 1 2 2
18 18 15 14
4 4 3 4
9 7 7 6
3 3 3 2
5 7 5 5
2 2 2 2
8 7 8 5
12 11 8 10
6 7 7 7
7 4 6 5
10 10 13 15
16 17 13 15
9 12 11 11
11 11 10 9
2 1 1 1
3 3 2 2
14 15 15 16
6 7 6 4
4 3 5 4
4 3 4 3
16 13 16 16
18 14 17 14
2 3 2 3
13 15 11 17
6 6 9 8
10 11 11 12
2 3 2 2
11 12 9 13
18 13 12 18
14 12 13 15
5 8 6 7
1 1 2 2
12 7 8 9
8 12 9 13
12 18 16 12
18 17 17 13
9 7 9 9
14 13 11 10
10 9 7 8
10 10 9 14
8 8 8 10
4 7 6 7
20 12 12 13
14 18 12 12
9 9 12 14
15 14 11 12
9 10 11 8
5 5 4 4
3 3 4 4
17 17 16 20
12 12 8 10
9 6 6 8
4 4 7 5
2 2 2 1
13 8 13 11
8 8 10 6
13 16 16 16
13 12 12 14
7 7 7 7
4 5 4 4
6 9 7 9
7 8 6 7
14 17 12 20
14 15 13 16
4 3 3 5
4 4 3 3
11 13 18 14
12 17 20 15
6 9 6 8
4 5 5 4
6 6 5 7
8 7 7 5
1 2 1 2
12 7 12 9
2 3 2 2
13 13 19 18
17 12 15 13
9 12 11 13
1 2 1 1
3 2 3 3
13 12 10 16
17 18 17 16
18 13 16 17
8 10 7 10
1 2 1 2
8 7 6 7
16 16 18 15
12 8 8 12
5 8 6 8
18 16 15 11
7 11 11 12
5 4 5 4
8 8 9 7
12 19 17 16
12 11 14 13
7 12 12 11
19 16 17 12
8 5 8 6
6 6 8 6
6 7 7 8
11 14 12 11
4 4 3 4
12 13 18 13
4 4 3 4
1 2 2 1
6 4 7 6
6 8 5 5
11 9 11 9
10 9 13 15
8 7 10 10
3 2 2 3
1 1 1 2
3 3 3 4
18 17 18 13
6 7 8 9
2 3 3 3
15 10 11 14
14 14 14 13
15 17 16 18
4 3 4 3
12 12 14 13
2 2 3 2
16 12 16 15
3 3 4 4
2 1 2 2
8 8 8 6
18 18 17 15
2 1 2 1
7 7 9 8
18 16 17 13
8 7 9 6
4 3 4 4
17 16 15 13
3 2 3 3
5 3 4 3
3 3 3 3
12 12 10 9
4 4 3 3
7 9 9 6
5 5 8 8
16 17 16 11
3 4 3 3
10 7 9 7
4 5 5 5
9 12 12 14
2 2 2 3
17 16 13 15
15 12 10 10
10 7 8 8
18 15 20 17
7 7 8 6
9 7 12 8
15 9 15 13
3 4 4 4
8 7 9 9
18 16 18 13
2 1 2 1
12 12 13 11
9 8 9 6
13 14 15 11
16 16 12 13
11 10 15 10
10 15 9 11
6 6 9 7
4 3 4 4
14 13 11 11
6 4 5 4
17 12 10 10
12 14 12 15
10 9 13 14
3 2 2 2
9 10 9 10
13 14 9 10
11 13 16 17
9 10 9 10
3 2 2 2
4 3 3 3
14 15 16 12
4 3 3 3
13 13 11 9
1 1 1 1
6 8 7 5
14 9 13 10
13 14 11 13
8 8 5 8
15 10 11 14
3 4 4 5
