1 2 144
1 3 52
2 4 90
2 5 136
2 6 144
2 7 159
3 8 88
3 9 54
4 10 137
5 11 31
5 12 179
5 13 168
6 14 117
6 15 92
7 16 101
8 17 31
8 18 67
9 19 145
10 20 174
11 21 80
12 22 68
13 23 8
14 24 6
15 24 127
16 25 160
17 25 140
18 26 3
19 26 90
20 27 7
21 28 103
22 29 68
23 30 70
23 31 15
24 32 120
25 33 99
26 34 23
27 35 73
27 36 160
28 37 49
29 38 63
30 39 82
31 40 165
31 41 107
31 42 1
31 43 97
32 44 41
33 45 152
34 46 145
35 47 73
36 48 89
37 49 35
38 50 108
39 50 24
40 51 167
41 52 8
42 52 100
43 53 45
44 53 73
45 54 159
46 54 87
47 55 5
48 55 127
49 56 35
50 56 144
51 57 80
52 58 142
53 59 162
54 60 173
55 61 10
56 62 53
57 63 84
58 64 139
59 65 112
59 66 119
60 67 53
61 68 148
62 69 178
63 70 126
64 71 107
65 72 92
66 73 61
67 74 51
68 75 30
69 76 87
70 77 100
71 78 107
71 79 173
72 80 9
73 81 160
73 82 85
74 83 90
75 84 163
75 85 48
76 86 173
76 87 40
77 88 138
77 89 82
78 90 44
78 91 46
78 92 79
78 93 53
79 94 167
80 95 126
80 96 143
81 97 30
82 98 66
82 99 178
83 100 96
83 101 141
83 102 161
84 103 60
85 104 167
86 104 116
87 104 138
88 105 86
89 105 14
90 105 176
91 106 25
92 106 136
93 106 71
94 107 43
95 108 50
96 108 14
97 109 109
98 110 148
99 110 3
100 111 129
101 111 151
102 112 12
103 113 106
104 114 126
105 115 59
106 116 23
107 117 145
108 118 65
108 119 109
109 120 17
110 121 103
111 122 119
112 123 60
113 124 179
114 125 27
115 126 10
116 127 60
117 127 67
118 128 91
119 129 54
120 130 97
121 131 162
122 132 2
123 133 174
124 134 152
125 134 39
126 135 158
127 136 101
128 136 160
129 137 169
130 137 179
131 137 132
132 138 108
133 138 108
134 139 35
134 140 84
135 141 41
135 142 53
136 143 11
136 144 31
136 145 18
137 146 122
138 147 178
139 148 178
140 148 156
141 149 135
142 149 41
143 150 167
144 150 169
145 151 172
146 151 131
147 152 154
148 153 131
148 154 102
148 155 39
149 156 38
149 157 30
149 158 64
149 159 43
150 160 5
150 161 125
150 162 17
150 163 126
151 164 79
152 165 135
152 166 172
152 167 33
153 168 172
154 169 59
155 170 175
156 170 91
157 171 31
158 172 116
159 173 120
160 173 149
161 174 122
162 175 10
163 176 79
164 176 31
165 177 112
166 178 167
167 178 125
168 179 25
169 180 94
170 181 166
171 181 35
172 182 67
173 183 100
174 184 126
175 185 172
176 186 45
177 187 83
178 188 56
179 189 70
180 190 74
181 191 24
182 192 91
182 193 131
183 194 170
184 195 159
185 196 173
186 197 137
187 198 72
188 199 166
189 200 31
190 200 67
191 200 130
192 200 43
193 200 37
194 200 96
195 200 75
196 200 15
197 200 1
198 200 145
199 200 93
