12 9 6 1 11 1 8 1 11 11 6 12 6 2 3 12 6 0 7 6 1 5 6 2 9 7 10 0 8 4 6 4
0 2 0 2 2 0 1 0 1 0 1 2 2 2 2 0 1 1 0 0 0 1 1 2 0 2 0 0 1 0 0 0
5 9 3 7 10 6 0 5 6 7 3 9 8 6 5 5 6 4 7 10 10 10 2 4 2 10 1 7 1 2 1 6
16 11 15 23 21 28 20 18 17 11 1 25 22 9 21 23 21 5 21 8 3 13 6 27 20 11 0 14 24 6 23 0
1 4 5 2 5 4 4 0 5 2 2 0 0 0 5 3 0 1 1 4 2 4 0 2 6 4 4 2 5 6 0 6
18 4 16 18 0 4 7 6 0 12 12 2 14 10 15 18 4 16 17 16 6 2 3 2 4 2 13 3 10 8 6 12
8 2 0 12 8 7 8 1 6 1 7 1 4 3 11 6 3 2 1 2 1 5 12 4 7 2 3 11 1 3 6 6
6 8 10 7 7 6 6 3 1 8 7 2 2 4 3 1 6 9 9 8 6 10 0 2 4 1 4 5 9 5 7 1
19 8 3 16 20 14 9 7 5 11 17 10 26 24 0 24 9 4 3 1 8 4 5 9 23 26 13 17 14 4 16 5
3 4 4 24 13 4 17 22 3 4 0 24 16 6 23 19 15 13 10 1 11 17 23 24 15 14 17 1 2 19 14 21
4 18 23 14 34 11 2 11 3 15 19 17 19 7 19 1 5 22 34 28 18 10 14 32 1 7 18 23 1 24 23 27
14 13 21 20 0 2 9 22 14 22 10 19 18 21 20 21 3 9 21 6 1 18 6 17 20 20 8 9 14 9 13 15
1 23 3 7 7 14 20 5 16 5 16 13 1 12 5 17 20 10 8 13 13 4 14 11 8 2 25 6 23 14 16 22
25 7 24 15 22 10 16 11 4 29 15 15 30 19 21 24 21 14 5 25 6 12 28 26 27 18 29 29 3 16 28 8
4 7 7 12 12 14 10 2 4 10 1 0 5 8 4 11 14 9 4 12 0 10 10 6 7 11 7 1 10 14 5 12
25 0 1 21 14 10 13 1 8 11 20 11 22 12 16 1 17 25 0 25 4 18 16 7 18 5 20 9 21 19 8 5
4 6 3 8 3 10 9 5 9 2 1 9 0 10 7 7 8 10 1 8 8 1 5 5 4 9 2 10 10 4 2 0
26 5 10 8 18 11 2 23 18 23 7 5 30 14 23 23 29 6 12 8 19 3 1 2 20 27 5 8 21 19 20 18
3 4 7 7 5 8 2 3 5 4 7 0 5 4 7 2 4 3 3 0 1 6 6 3 2 6 6 8 4 6 6 7
10 30 0 32 31 24 26 5 29 30 3 26 26 13 15 27 11 2 24 5 14 1 8 1 27 30 26 17 13 9 11 17
24 7 21 21 12 14 25 2 15 16 7 26 6 15 1 26 5 21 9 22 27 16 2 11 27 20 14 6 2 12 17 7
11 20 7 14 0 9 17 3 11 1 14 17 20 10 6 11 7 11 9 10 11 13 3 17 16 7 11 5 4 15 19 7
0 16 1 9 12 9 2 9 14 9 10 12 10 3 2 9 1 3 10 4 8 0 4 2 17 5 8 18 5 0 3 2
3 15 0 12 1 5 12 12 2 15 6 19 10 4 19 16 17 8 7 7 17 15 0 16 12 5 5 0 17 8 19 0
20 15 14 2 10 22 16 21 5 12 17 10 20 26 1 20 16 2 20 5 16 25 10 4 23 17 16 4 17 23 15 2
4 6 2 7 10 3 2 10 0 10 7 4 7 7 2 5 7 3 3 0 2 10 7 5 7 7 6 6 2 10 0 6
17 17 7 21 2 4 10 9 21 16 26 0 10 11 5 4 15 21 26 11 15 26 3 13 20 20 23 13 10 3 1 14
3 6 0 5 17 24 20 14 18 23 25 10 5 8 26 2 18 13 7 27 10 6 0 5 0 18 19 16 20 27 6 7
2 4 0 1 3 2 1 1 3 3 0 4 3 3 0 3 2 2 4 3 3 2 2 1 4 2 1 0 0 0 1 4
27 3 27 16 2 5 9 4 14 11 22 4 22 10 24 16 21 12 9 13 17 25 21 9 24 5 17 15 22 5 10 5
30 14 9 23 15 19 7 9 22 15 13 12 11 13 31 12 22 1 4 12 4 29 2 1 14 16 15 6 24 17 29 28
4 7 6 3 12 8 6 12 3 2 7 11 7 9 7 12 12 7 12 8 7 5 11 0 5 12 1 7 8 6 10 6
1 7 8 6 20 14 14 5 16 0 6 25 21 11 14 21 12 8 8 30 6 12 7 15 12 14 22 30 2 25 23 1
8 25 5 3 12 13 15 13 16 0 17 19 7 16 8 16 9 18 12 17 14 12 0 10 7 13 14 2 23 23 21 7
30 26 33 11 14 3 4 3 22 10 12 30 12 34 5 27 30 15 10 23 30 28 9 33 1 21 27 2 5 18 12 18
28 5 11 13 0 14 6 30 23 26 10 20 10 3 6 20 5 10 30 13 4 10 30 21 7 24 30 27 23 26 18 14
2 13 9 8 14 4 0 14 4 2 16 10 0 1 12 7 5 0 9 15 15 4 0 8 0 15 3 13 13 8 11 14
10 17 14 27 19 0 28 10 11 1 29 5 20 22 26 29 28 21 29 19 10 22 17 27 3 28 12 24 2 0 2 16
6 0 14 11 7 15 13 10 4 5 5 0 8 12 4 8 6 9 12 4 1 14 9 13 15 1 7 10 4 14 2 2
8 4 3 1 1 2 5 5 3 7 5 6 0 5 7 4 10 5 4 5 2 8 4 1 3 8 1 8 9 5 0 3
13 22 9 14 17 13 5 13 20 0 8 23 15 16 8 7 23 7 0 22 20 3 13 18 8 23 15 4 23 15 22 9
19 11 24 13 27 22 29 21 10 10 10 9 3 5 23 15 28 3 19 21 27 15 9 0 3 12 18 27 31 23 26 27
16 12 4 23 11 18 1 11 4 21 5 11 13 10 12 24 0 7 12 7 11 18 22 6 15 22 18 11 22 10 21 9
10 2 24 26 6 7 18 23 3 26 2 6 4 12 13 20 16 19 15 19 9 1 0 9 24 20 5 10 15 1 11 13
5 1 12 20 6 5 17 0 8 12 9 14 10 1 20 4 14 3 14 9 18 20 19 19 13 16 4 14 9 1 13 18
8 2 3 1 5 7 7 1 4 3 7 2 6 8 0 7 8 2 2 0 2 5 7 8 6 5 4 5 3 5 1 8
10 16 2 5 17 8 3 16 18 6 9 4 9 18 4 15 15 2 3 5 7 17 16 19 8 15 19 22 15 2 0 11
27 4 14 7 21 21 21 5 21 19 26 1 22 21 5 10 18 13 23 6 3 23 20 18 17 24 7 6 0 11 3 22
18 2 3 14 28 16 9 5 23 4 28 30 9 28 11 10 21 3 26 2 12 7 9 17 21 27 12 3 27 14 2 11
18 16 12 3 7 0 5 9 4 12 12 13 2 12 18 16 4 13 17 4 20 3 0 14 9 20 11 10 12 8 2 6
7 1 4 6 8 2 10 9 10 9 6 2 10 2 2 1 2 8 10 2 8 10 4 1 2 0 6 9 5 10 6 5
0 1 0 0 2 1 1 0 2 1 2 2 2 1 0 1 2 2 0 0 1 2 0 2 2 0 2 0 0 0 0 1
13 3 6 13 8 20 8 17 9 0 5 2 4 11 6 9 20 15 5 18 15 20 4 17 18 4 6 7 4 13 7 3
4 2 6 1 1 8 4 6 0 2 1 5 4 5 4 5 4 6 4 7 7 0 1 0 1 4 0 0 2 3 0 4
8 14 16 2 14 12 20 1 6 0 1 10 5 13 4 20 8 15 9 18 16 3 0 19 18 15 17 0 17 4 12 9
23 13 19 23 3 28 7 25 19 17 8 0 29 29 23 17 1 19 31 7 20 2 29 17 32 32 32 7 15 18 9 22
28 1 23 2 21 6 7 16 4 2 3 16 4 13 10 25 27 26 20 13 19 8 9 9 21 4 27 18 19 7 2 6
15 11 2 8 2 0 15 6 8 8 4 11 0 14 3 6 4 15 14 7 16 8 9 3 11 17 18 18 2 8 17 0
2 6 3 8 15 10 9 7 3 5 2 10 3 8 0 4 4 10 5 7 10 1 10 10 12 5 15 11 2 5 14 11
1 5 21 9 18 9 9 15 14 0 11 20 20 1 19 10 9 17 11 2 15 13 20 15 17 19 21 4 1 0 6 11
12 24 23 5 12 1 13 24 16 0 6 16 2 24 15 5 5 24 24 16 8 17 15 8 21 22 18 2 20 9 0 2
4 1 0 1 2 2 3 3 0 2 1 3 0 4 4 4 2 3 2 3 1 2 3 0 3 4 0 1 2 3 4 0
5 16 22 17 0 1 5 23 7 0 4 3 23 1 12 2 8 18 8 7 3 15 19 20 7 20 2 16 23 9 10 2
7 3 9 11 5 0 16 9 12 13 8 10 8 10 16 3 0 4 11 10 1 16 0 16 9 2 0 9 14 11 3 11
26 29 8 28 23 10 8 5 4 25 12 1 17 10 27 25 5 21 8 10 14 1 10 0 1 0 27 4 27 10 0 11
5 20 10 4 17 5 28 7 1 17 33 17 32 8 29 18 24 23 23 4 12 22 14 21 11 15 3 5 7 12 27 30
18 7 8 4 16 23 10 9 27 5 26 1 22 10 2 20 19 29 16 9 32 28 1 1 9 11 21 9 2 10 25 2
3 2 2 2 4 0 1 4 2 3 2 4 4 3 3 3 1 4 3 3 4 4 0 2 2 4 3 1 3 4 4 4
0 18 2 11 6 6 20 16 8 11 9 11 20 15 15 2 4 2 6 8 9 20 10 13 6 11 12 13 0 4 20 4
8 3 6 2 2 2 1 0 2 5 3 5 3 4 1 5 7 5 0 3 0 1 8 3 4 8 4 4 2 0 3 0
16 8 6 4 6 0 0 12 5 6 13 9 9 1 8 16 15 6 3 5 10 12 14 11 4 14 12 7 4 0 16 2
4 11 7 6 6 1 17 12 21 14 15 7 20 3 22 4 6 19 2 0 2 8 0 13 4 14 19 5 9 7 2 20
13 25 23 23 17 22 20 6 19 8 11 26 16 12 6 4 22 15 18 4 14 26 11 5 13 28 7 17 18 28 1 7
4 10 22 10 20 15 8 1 16 20 16 2 12 15 21 6 19 20 1 14 20 18 3 14 5 0 14 10 14 11 15 11
2 5 2 2 6 0 1 0 1 4 4 2 3 4 1 1 1 3 2 6 0 5 3 5 5 2 4 2 4 1 1 5
9 3 14 12 4 3 16 4 18 9 10 11 11 12 6 8 9 8 3 17 14 14 5 11 4 1 8 0 10 0 3 10
7 32 1 10 6 16 28 2 22 6 29 1 20 23 18 2 1 13 1 13 13 4 28 4 19 26 23 16 8 34 17 10
1 4 1 3 3 0 3 2 1 4 2 4 0 1 3 3 0 2 3 1 2 3 2 1 3 1 2 2 3 3 2 1
12 7 3 16 11 1 13 18 7 15 4 4 13 16 18 11 12 4 2 1 6 6 13 1 8 11 16 18 18 18 8 4
6 6 24 3 4 30 9 5 10 18 2 23 23 25 19 32 4 27 25 22 33 3 28 33 14 1 9 8 6 17 25 28
11 14 8 13 11 4 11 13 3 9 2 0 9 5 0 11 7 4 7 4 11 13 9 7 13 12 7 13 6 14 2 9
12 1 17 21 15 18 17 12 19 9 19 12 3 5 6 16 19 6 2 3 11 1 14 8 15 8 2 13 20 22 16 6
3 21 10 6 13 17 0 22 21 13 1 16 12 11 12 22 18 6 11 9 1 5 14 4 6 16 16 10 11 21 4 8
7 5 0 6 7 12 10 10 6 1 1 1 10 6 9 5 12 0 0 10 16 0 15 5 6 1 5 2 0 4 13 13
7 25 30 23 5 27 16 3 10 3 5 18 24 7 28 1 7 3 15 4 0 26 28 27 1 10 29 26 0 22 26 1
4 9 8 9 5 10 12 2 7 12 3 9 2 11 9 5 9 11 5 8 12 2 8 3 5 7 10 7 8 3 0 10
18 24 4 7 26 8 3 27 22 11 1 17 4 22 23 4 19 10 18 14 28 8 16 28 13 26 16 32 17 4 19 14
8 6 1 4 4 3 7 8 6 8 9 3 0 10 0 4 4 2 0 5 6 0 2 6 1 10 7 9 8 1 9 8
16 12 3 16 6 0 11 8 4 13 15 0 7 0 6 3 7 18 1 2 15 10 3 8 6 3 3 7 17 5 8 13
18 3 6 5 11 6 18 15 19 5 10 2 17 9 13 12 13 7 4 5 6 20 16 17 21 16 15 1 3 22 19 0
10 2 4 4 10 10 6 9 2 0 2 9 0 8 6 0 4 4 6 6 1 10 1 4 4 10 0 1 10 4 2 6
2 0 4 6 11 8 22 28 3 31 21 31 27 1 6 4 5 22 2 12 3 17 30 8 7 26 31 25 15 34 14 17
24 8 10 20 8 5 1 11 18 16 3 1 21 21 3 20 17 2 22 5 16 22 23 2 9 6 13 19 14 13 13 1
9 13 3 20 21 0 11 19 15 28 18 3 3 18 7 27 19 23 6 9 13 18 26 17 23 5 23 12 18 18 20 21
10 12 11 5 8 8 5 15 13 7 14 5 2 6 12 11 13 5 11 5 15 16 1 5 3 0 8 7 10 15 12 7
0 4 2 1 2 4 4 3 3 2 3 2 3 2 3 3 2 2 1 0 3 1 1 1 3 4 1 1 4 0 4 0
5 8 0 1 9 8 7 6 4 1 9 5 3 2 8 1 2 8 5 6 5 4 6 0 6 4 3 4 10 6 0 8
11 23 4 29 3 14 9 21 17 16 28 18 4 24 29 17 10 18 20 3 3 15 5 20 31 0 12 9 30 7 31 16
10 6 0 3 1 2 10 3 15 10 2 17 15 3 6 12 11 8 18 3 15 12 14 14 5 13 17 12 17 9 15 1
6 2 3 4 6 11 15 3 11 16 12 7 0 3 14 15 11 5 15 2 6 3 1 16 2 3 0 10 11 15 11 13
6 12 0 22 13 2 17 22 3 14 14 4 1 5 18 20 16 17 1 12 9 7 5 13 22 6 3 5 6 24 2 21
7 24 22 4 32 32 26 24 6 31 36 2 24 14 1 6 18 0 30 3 33 11 29 9 17 24 34 27 25 17 12 27
2 2 1 4 2 2 0 6 3 6 2 1 3 0 0 6 6 6 3 0 4 0 0 5 4 1 1 2 6 4 0 2
1 6 0 3 4 4 5 5 4 6 3 2 3 5 0 4 1 1 3 4 4 3 4 6 3 6 4 3 2 2 4 2
8 18 23 18 2 5 18 13 25 27 26 15 7 6 18 6 11 28 22 19 18 28 15 18 7 5 19 15 7 4 2 16
11 14 7 4 15 11 18 12 4 7 7 8 2 12 6 8 11 17 16 7 7 16 9 14 9 17 10 7 10 14 7 11
3 5 3 4 21 8 27 26 8 10 17 0 6 21 20 2 26 14 0 24 21 21 18 0 9 6 23 16 5 8 7 3
5 2 11 5 7 10 6 1 10 7 12 11 1 5 3 10 8 10 8 11 0 5 7 4 0 6 10 1 8 1 10 3
17 0 13 7 6 19 6 24 7 5 22 16 8 12 8 4 18 13 12 23 21 22 12 22 17 20 3 7 19 19 4 20
1 10 9 4 9 8 0 3 0 0 7 10 4 9 9 2 5 2 9 8 2 9 8 5 0 5 9 3 5 3 6 0
1 0 5 10 17 17 2 15 11 4 16 0 16 0 14 11 14 17 16 9 13 3 4 1 16 0 12 3 3 16 17 11
1 1 8 8 7 11 8 11 10 1 0 9 6 5 0 2 0 3 4 5 11 0 4 4 2 9 1 8 11 1 10 11
6 7 6 12 3 11 1 8 2 8 9 8 7 1 2 9 8 7 4 1 11 4 11 6 3 0 9 12 5 9 11 4
16 26 8 10 5 24 18 13 25 1 19 19 5 2 5 27 4 15 2 14 1 7 17 18 20 30 11 19 1 13 22 0
14 12 14 1 5 2 16 10 17 4 13 0 19 1 19 6 19 10 0 9 11 3 1 14 8 3 10 18 3 15 6 11
12 1 1 17 6 28 1 5 29 22 20 0 4 6 29 10 27 20 10 25 1 8 12 29 2 24 1 26 20 15 14 22
10 2 1 7 4 7 12 14 0 14 8 3 14 8 6 11 11 4 0 11 2 16 5 16 11 13 16 4 14 5 13 16
0 5 13 16 13 23 23 12 11 11 9 19 9 21 3 13 20 19 13 12 21 21 1 5 20 23 9 9 3 21 19 11
7 3 2 10 20 9 18 6 13 24 24 22 5 7 4 12 20 12 21 19 15 15 9 19 22 6 16 6 4 0 7 9
0 9 11 8 8 8 2 11 2 5 5 11 9 8 10 4 11 2 0 9 0 12 11 9 1 9 12 1 0 11 6 3
1 0 1 2 1 1 0 0 1 1 1 0 2 1 0 2 1 2 2 1 2 2 2 1 1 0 1 2 1 1 2 2
14 28 22 26 7 1 7 25 16 28 24 0 2 14 24 9 19 2 26 1 2 12 23 17 26 15 2 13 22 19 20 24
20 18 16 0 17 0 14 14 23 22 24 1 10 3 4 23 19 24 14 18 15 9 10 22 19 14 1 20 0 9 14 23
0 2 0 1 0 1 2 2 1 2 2 2 0 0 0 1 2 2 1 0 0 0 0 0 2 1 2 1 1 0 2 0
1 1 19 10 4 25 17 17 12 15 8 4 26 8 0 2 9 5 10 0 26 9 4 28 2 17 28 25 0 5 28 12
2 0 0 3 2 4 1 0 1 4 3 1 0 2 0 4 4 0 4 0 4 4 3 2 0 1 0 4 3 4 3 3
11 4 7 8 10 5 3 13 3 1 5 5 11 4 4 8 6 6 13 11 11 9 6 9 11 5 10 5 0 11 6 14
3 3 2 4 3 3 3 4 4 4 0 2 0 0 2 3 4 1 2 4 0 3 0 1 2 3 1 0 4 1 4 3
1 2 3 2 2 9 2 7 8 8 10 3 1 8 10 0 9 10 4 7 10 1 10 2 7 3 9 2 5 3 9 3
10 4 0 2 0 3 10 6 7 10 7 6 4 7 7 9 7 5 10 6 3 0 5 7 3 3 1 6 5 5 7 5
4 0 0 3 1 3 3 1 1 1 0 3 3 4 2 3 1 0 0 4 1 3 3 4 3 4 0 1 0 1 3 1
5 8 9 4 6 10 2 3 2 5 1 1 7 1 0 8 3 8 3 9 5 5 9 1 0 5 4 3 6 2 3 0
0 16 3 10 17 23 12 24 13 7 16 11 4 14 24 11 27 6 17 27 10 20 12 0 13 24 6 23 4 25 7 15
3 3 4 0 8 5 17 8 17 8 8 6 4 6 3 18 18 11 3 14 11 12 2 7 10 6 5 6 3 6 4 15
20 29 26 17 25 18 10 35 21 4 9 15 2 1 24 34 1 11 1 36 3 3 23 2 22 12 35 4 8 9 36 23
11 0 12 2 16 10 17 0 19 12 22 1 6 10 6 10 6 2 15 11 7 14 9 19 22 20 22 2 22 1 7 15
11 0 15 17 0 19 18 10 9 17 21 9 13 3 12 19 15 19 18 19 8 18 6 10 13 14 14 12 19 21 9 2
4 5 6 6 4 3 1 6 6 1 3 2 6 0 6 5 1 3 2 6 6 6 1 4 6 5 0 1 0 6 6 3
15 1 8 13 6 15 3 8 14 12 0 15 10 6 2 7 8 16 2 5 14 16 0 5 1 7 3 10 6 1 16 16
13 0 15 11 18 19 16 3 18 24 19 5 9 11 21 0 16 7 22 8 7 7 10 7 17 20 13 15 22 18 20 9
22 9 10 20 14 24 16 20 8 16 4 24 13 3 6 19 23 7 23 9 15 24 24 12 11 5 0 19 5 21 19 18
25 4 11 1 13 17 5 3 25 26 5 22 21 4 23 3 22 5 12 3 18 11 17 13 20 5 11 26 17 26 23 3
7 0 6 5 13 12 10 12 8 10 10 10 10 3 14 9 5 7 7 15 1 2 12 12 2 13 7 16 7 8 13 13
0 7 6 8 3 4 1 2 4 2 1 7 6 3 4 0 4 0 5 2 0 8 8 9 9 2 1 2 9 9 7 1
0 4 3 1 4 2 4 2 3 4 0 2 2 4 1 2 0 3 4 1 2 1 2 1 1 2 3 2 4 3 4 1
6 2 10 0 5 7 0 4 10 6 9 9 3 0 6 6 5 0 12 9 4 10 2 4 12 9 4 4 3 1 6 10
7 28 10 12 29 0 20 17 17 32 22 25 19 14 7 21 27 31 1 34 6 7 23 33 8 5 23 23 18 7 13 9
12 7 5 3 4 9 2 8 10 11 2 0 13 0 10 11 8 6 10 12 9 10 13 4 6 9 14 9 1 13 7 10
0 0 2 2 2 0 1 1 1 0 1 2 1 0 1 0 0 0 0 1 1 1 0 1 2 2 2 1 0 0 2 1
32 1 23 19 13 22 1 6 26 4 1 3 34 27 17 24 33 13 18 2 34 28 8 3 6 32 20 24 5 27 27 31
27 9 25 0 17 27 6 6 20 18 1 14 35 2 10 13 5 27 12 31 12 27 32 5 7 14 6 25 22 26 19 22
4 14 18 12 8 14 3 15 8 13 4 14 4 16 4 6 17 10 12 7 8 5 0 18 18 5 12 3 8 3 14 9
18 13 9 13 9 18 16 0 11 20 5 3 1 14 2 5 14 18 10 20 7 0 14 3 20 11 16 3 7 10 8 16
4 4 4 5 1 3 0 4 0 1 0 1 1 4 5 1 4 5 3 1 5 3 2 5 1 3 6 0 2 6 3 0
26 2 19 24 10 13 31 33 23 0 24 10 3 31 14 3 1 29 26 23 33 2 10 21 10 23 12 33 6 9 5 16
11 8 1 13 24 20 6 0 14 12 3 3 7 13 7 14 20 16 9 13 12 19 6 10 9 22 20 11 15 1 2 11
0 0 2 1 3 3 1 1 0 2 1 3 2 0 1 1 4 0 1 4 3 1 2 0 2 3 3 3 0 3 2 4
13 20 18 4 19 2 22 17 15 6 14 19 21 14 3 13 8 6 15 14 3 22 21 20 10 12 15 11 5 22 21 13
6 9 12 9 0 6 7 9 4 8 4 8 9 8 5 11 2 5 0 10 3 12 5 8 12 6 0 9 12 8 1 12
25 11 24 6 4 15 27 24 28 2 7 13 22 22 17 12 25 13 12 2 23 7 9 22 19 28 3 2 17 5 27 15
6 0 5 1 6 0 4 8 1 6 2 7 0 7 4 7 6 6 1 1 8 1 2 2 5 3 8 5 4 8 7 6
2 6 2 2 2 2 6 3 0 3 6 5 3 0 6 2 5 3 6 0 6 5 5 5 6 2 3 4 2 3 0 6
9 14 20 12 15 13 7 1 19 18 12 1 0 21 6 4 13 0 23 12 6 12 9 22 17 16 24 7 0 5 4 17
14 25 25 10 13 13 27 2 5 22 19 12 19 20 18 30 2 2 2 22 8 26 9 4 4 7 9 27 26 27 4 16
13 10 24 14 3 31 13 12 8 1 18 0 0 3 22 12 26 9 15 21 23 29 14 30 9 15 29 11 18 3 0 30
14 29 4 22 27 19 9 12 0 30 19 20 20 8 22 10 12 21 15 21 15 30 20 22 17 8 0 16 19 2 13 24
3 16 7 17 18 17 18 10 4 1 13 13 2 18 15 5 17 5 16 14 21 19 24 10 8 22 11 17 1 23 16 20
0 12 6 11 3 10 3 13 11 15 17 9 17 11 15 10 17 15 4 8 0 7 2 16 12 11 16 14 7 1 8 11
6 23 9 8 0 20 23 10 15 0 7 7 24 5 21 17 10 7 1 14 15 21 16 12 17 17 4 17 23 24 1 17
0 32 8 2 20 6 30 24 18 28 12 5 30 33 34 26 24 15 6 18 34 24 4 8 8 20 1 0 19 29 28 11
21 23 10 27 6 14 26 10 18 13 8 6 6 27 25 0 4 13 10 28 23 9 18 8 21 12 5 30 0 11 28 25
2 6 3 5 0 0 1 6 1 2 4 1 5 6 3 0 1 4 2 6 6 4 4 3 2 3 5 1 4 5 2 0
19 4 13 1 23 7 16 12 4 20 4 3 16 20 18 18 14 10 1 7 8 16 7 13 13 21 13 9 19 11 14 19
4 29 14 34 17 20 9 24 19 3 29 13 25 8 7 31 14 0 17 32 14 23 18 11 17 29 2 12 20 22 20 22
0 5 3 21 5 17 13 2 14 25 23 18 30 16 28 13 6 29 9 7 20 26 18 25 1 21 14 2 19 12 15 10
15 6 9 16 22 11 23 5 2 4 19 25 8 19 10 23 0 7 16 28 9 24 5 19 9 2 27 24 27 9 7 5
9 7 1 7 1 1 11 12 12 13 2 6 14 8 13 12 1 9 7 5 7 10 0 14 14 0 8 4 4 10 4 12
5 2 8 8 3 6 2 8 4 8 7 4 4 7 8 6 8 7 1 6 7 6 7 4 8 2 4 6 5 5 8 3
5 6 5 6 2 9 11 8 12 3 10 4 12 7 2 2 10 9 8 6 4 1 0 1 11 12 8 9 10 4 11 7
1 16 3 12 4 8 9 0 1 9 13 12 4 11 16 0 14 8 14 16 13 15 8 15 6 15 8 6 8 3 12 13
13 28 10 9 23 3 27 22 23 13 9 14 10 5 19 26 8 17 27 5 23 3 10 14 18 14 4 3 5 18 28 30
15 16 8 12 2 6 9 7 5 1 2 4 14 18 14 12 1 2 11 10 9 11 0 3 15 0 9 0 4 17 16 7
12 4 16 21 16 7 14 15 2 8 15 8 21 22 5 3 5 5 5 12 9 5 14 5 18 11 14 2 1 5 21 21
15 12 16 3 19 17 27 19 7 11 7 13 2 9 25 23 1 26 21 0 5 6 27 22 22 14 4 20 7 5 15 11
1 5 6 5 1 6 0 3 2 5 4 4 3 3 3 6 3 4 1 2 4 2 6 1 3 0 6 6 1 2 3 6
12 0 19 5 14 18 8 7 8 20 15 8 2 15 8 11 6 7 0 15 8 12 4 0 3 1 6 11 11 10 6 1
20 10 17 29 18 16 17 16 27 11 23 15 29 28 5 13 25 2 6 2 15 0 25 8 6 19 20 7 1 28 14 30
27 26 13 28 18 24 17 2 15 18 9 6 31 19 9 30 11 32 27 3 10 17 0 31 21 34 23 9 9 16 27 2
9 4 7 3 18 17 1 2 18 15 7 6 4 2 6 4 9 9 16 4 13 16 1 13 1 9 17 18 15 18 8 2
21 21 19 7 18 13 0 7 1 8 2 2 8 2 12 18 7 4 3 12 17 2 12 12 4 12 16 0 19 17 19 10
11 10 11 14 12 1 8 14 15 5 16 7 0 5 15 7 12 0 0 7 1 6 3 16 14 8 13 5 12 15 13 2
4 3 3 4 5 7 1 2 0 4 5 7 5 0 5 7 3 1 6 8 4 3 2 1 0 5 8 5 1 0 1 7
4 7 7 5 8 7 6 4 2 6 1 4 8 7 5 4 4 5 3 4 4 1 3 0 1 6 3 3 6 0 7 0
4 1 0 2 2 4 1 2 2 1 4 0 3 0 3 2 1 1 3 3 1 1 3 1 4 2 1 2 3 0 3 1
4 2 4 10 2 2 4 0 5 11 0 3 0 1 10 3 7 0 3 3 1 4 12 4 2 11 3 0 10 4 1 11
16 12 9 7 16 0 7 13 2 10 12 13 8 5 13 8 6 4 4 3 6 11 11 13 4 10 3 13 1 8 15 8
19 11 7 13 10 8 26 11 26 18 18 23 7 18 1 26 29 23 23 21 19 4 30 10 5 10 16 6 22 18 23 31
13 2 11 10 2 4 0 9 12 2 9 12 1 14 9 9 2 6 11 13 0 9 13 0 4 0 0 4 13 12 8 5
1 5 4 4 5 0 0 3 5 3 1 2 3 0 6 3 0 4 4 5 2 5 6 1 5 1 0 1 0 3 1 6
18 18 6 14 10 10 0 22 25 2 8 3 7 5 0 7 19 19 26 7 15 4 23 18 10 10 2 0 13 17 9 7
