4 4 0 3 5 5 5 1
8 18 8 21 0 8 9 10
6 18 1 16 4 8 15 17
9 30 28 19 6 7 6 18
12 16 15 9 7 13 5 5
2 9 1 10 8 3 4 4
14 8 8 17 29 2 11 10
0 7 9 10 13 13 14 1
9 14 16 1 25 9 18 28
16 28 25 3 4 25 9 16
7 2 15 12 8 11 7 7
0 0 2 0 1 0 1 2
6 23 13 19 16 17 22 25
9 7 3 2 9 6 4 4
8 2 17 7 0 3 1 10
10 1 15 7 0 9 13 8
8 11 3 8 1 12 1 13
9 20 3 6 6 14 3 7
8 6 18 1 18 0 7 8
2 3 1 3 2 4 3 0
20 5 9 17 15 18 0 4
5 1 4 6 0 1 5 1
9 10 6 1 3 2 9 7
10 9 3 10 2 7 6 3
3 4 0 4 3 1 3 3
17 4 4 7 7 6 10 20
19 21 2 7 20 19 3 21
16 15 7 11 2 11 11 5
19 4 20 10 14 19 18 9
0 10 3 7 2 14 16 7
10 1 0 2 11 3 12 11
21 0 20 13 22 14 12 13
2 21 0 18 20 10 18 1
21 18 5 4 20 23 10 14
30 21 4 24 26 17 21 12
23 11 16 14 6 7 0 15
5 19 13 23 12 8 15 3
17 18 10 10 19 18 1 9
3 5 1 5 2 5 6 2
4 6 9 2 7 6 0 6
0 3 3 0 3 2 3 2
2 2 0 0 0 2 0 1
10 4 0 2 3 2 2 0
7 24 5 10 4 3 21 15
25 0 24 1 12 12 17 4
7 5 4 0 0 6 2 2
12 21 21 11 24 20 0 17
2 16 11 21 8 24 26 6
22 18 8 13 5 14 18 16
20 13 18 29 22 26 20 2
4 0 2 0 1 0 1 2
3 4 2 1 2 3 3 3
24 34 20 10 7 22 3 4
22 27 1 3 27 32 27 23
17 15 4 12 8 21 3 10
8 0 5 14 8 11 14 4
3 2 2 0 2 1 3 3
10 12 8 6 4 11 3 5
14 4 15 1 7 15 0 1
8 25 21 4 11 32 23 14
16 22 8 12 19 15 15 6
8 0 9 10 13 0 15 1
1 28 0 4 24 20 6 0
4 0 12 8 0 0 8 7
7 5 13 12 5 18 16 0
4 7 2 5 9 1 5 2
7 2 0 4 4 1 7 8
2 3 20 12 17 14 17 27
19 17 8 11 2 11 23 11
0 2 1 1 2 1 2 0
3 11 4 9 11 5 1 8
28 14 27 17 15 17 6 2
0 1 8 3 14 15 6 11
29 13 2 28 29 34 7 30
11 12 4 5 2 14 7 10
3 8 8 20 13 11 10 13
1 1 2 0 4 3 4 2
7 8 5 14 2 12 14 5
31 7 5 4 16 32 4 21
3 4 2 1 3 2 2 4
11 19 6 15 12 28 6 5
0 14 23 19 4 4 22 21
8 22 31 18 6 2 20 10
14 3 15 7 12 6 3 15
21 26 22 5 24 14 21 12
6 2 8 8 4 0 7 1
21 3 28 25 7 24 19 28
10 21 8 0 7 0 26 13
7 30 31 6 4 11 17 15
13 8 5 5 6 17 20 17
4 3 0 1 4 0 1 4
13 2 10 24 21 22 1 23
11 0 7 15 10 15 6 1
6 8 25 0 15 11 11 12
15 12 16 8 9 16 16 1
1 2 2 0 0 2 2 2
8 4 0 8 2 8 0 1
14 20 4 6 3 18 17 2
1 1 0 3 4 4 3 2
0 1 4 2 1 5 4 0
0 0 2 1 0 1 0 0
10 4 7 5 9 10 5 12
7 12 10 8 9 4 8 3
13 14 1 13 0 14 2 9
12 26 16 2 13 17 7 4
29 6 7 2 21 30 3 9
12 0 18 16 8 10 11 13
26 13 21 21 19 11 17 24
18 22 10 1 23 12 22 20
13 7 16 2 5 8 10 0
5 7 1 27 24 16 22 25
2 1 11 29 9 34 24 10
16 23 10 26 14 27 12 15
17 34 5 9 11 25 7 4
2 8 9 9 10 1 6 0
10 1 7 4 3 4 10 7
0 11 0 4 4 8 12 6
14 35 31 27 10 26 6 4
3 19 0 24 21 13 17 6
2 26 15 22 5 23 16 30
17 22 1 16 0 17 27 23
20 15 0 26 5 9 22 19
17 24 9 18 21 16 25 22
22 7 10 20 5 23 15 22
24 30 10 14 16 21 17 29
2 2 0 1 0 3 2 4
4 2 4 3 1 2 4 3
19 11 18 6 21 10 8 9
9 21 9 12 8 21 12 19
1 16 17 20 24 22 4 18
12 15 8 6 14 4 6 7
18 7 1 14 9 10 16 20
4 0 1 3 4 2 3 6
2 1 21 31 31 10 3 7
3 15 8 12 8 0 14 7
10 5 4 10 1 4 14 2
11 4 2 5 19 10 16 0
8 19 24 6 19 5 25 24
1 5 24 18 14 11 21 15
2 1 4 2 4 0 2 1
20 17 1 23 19 16 24 19
6 5 3 16 26 13 14 2
5 2 2 1 1 5 4 2
17 10 17 8 6 2 4 1
14 4 13 16 0 1 0 9
29 1 5 18 4 22 26 5
1 0 2 2 2 2 0 1
10 28 13 8 22 2 28 11
15 9 9 12 2 21 5 22
1 0 2 0 2 2 2 0
4 8 18 15 10 2 1 1
15 17 18 21 7 16 13 5
4 11 4 17 15 16 20 4
5 19 0 25 9 11 9 26
15 16 2 0 9 9 13 5
2 12 21 11 16 10 13 4
8 16 13 12 7 14 0 9
1 14 10 21 21 4 1 23
12 24 19 5 22 18 14 6
19 7 10 3 3 26 11 14
19 16 12 17 1 1 11 0
0 0 2 0 1 1 1 1
28 15 8 23 13 16 3 10
1 11 13 10 5 3 11 2
1 2 3 1 1 4 2 2
8 20 10 9 17 0 5 5
8 20 5 15 3 21 12 22
17 7 5 5 7 1 0 17
0 7 2 5 3 6 0 0
3 0 0 0 0 1 2 1
27 21 7 5 18 6 20 23
1 13 7 1 0 15 23 11
13 7 4 10 10 29 7 9
15 20 7 28 10 29 11 22
12 0 14 14 10 6 0 3
1 1 3 4 0 1 2 3
7 6 10 5 2 8 7 7
4 1 12 14 11 5 16 11
3 3 4 3 2 0 2 1
23 9 13 14 0 23 6 0
9 18 19 3 10 19 6 19
12 18 8 17 17 5 0 10
32 4 23 18 2 1 3 25
18 11 0 14 12 0 9 7
20 20 11 12 29 27 19 20
1 8 6 5 3 0 8 1
3 3 0 1 0 2 3 4
25 28 22 17 6 31 13 4
0 4 1 2 4 2 0 3
1 1 2 1 4 4 4 0
1 1 2 3 3 3 2 0
9 13 15 9 2 12 5 1
24 2 22 2 32 10 30 22
10 6 33 28 23 9 33 6
0 4 0 6 1 6 4 0
32 29 0 17 23 34 27 3
1 7 4 3 4 3 10 3
7 29 32 9 1 12 11 11
13 20 15 7 16 29 11 16
16 16 2 9 30 13 8 13
17 26 9 7 5 21 12 15
3 11 0 9 18 6 8 15
6 2 0 3 3 4 6 1
29 16 24 6 1 7 28 30
24 0 14 17 7 22 14 0
7 16 14 9 6 4 5 9
4 1 10 19 6 17 15 7
2 1 1 4 1 4 1 6
3 4 4 5 6 6 3 2
2 2 2 3 4 1 3 4
4 0 6 5 4 14 0 13
8 12 5 10 6 12 10 2
23 26 15 9 17 13 19 19
25 21 27 10 32 30 5 23
3 15 18 14 20 8 18 19
1 1 1 7 9 0 14 12
24 22 3 18 11 23 12 20
14 15 33 23 2 16 19 24
4 1 0 1 12 1 11 12
3 2 2 6 5 3 1 1
18 22 20 19 8 18 20 8
9 12 7 4 0 6 11 11
20 8 4 18 5 6 3 19
19 12 20 20 10 3 18 11
28 26 28 3 5 24 1 5
30 24 13 1 20 28 6 3
9 15 8 10 2 7 2 1
5 0 4 6 1 0 3 3
14 13 18 20 8 3 24 16
9 8 9 12 1 2 6 12
3 15 10 18 0 12 10 3
4 6 13 7 19 6 4 11
4 3 1 4 4 0 3 1
0 0 7 7 11 1 13 1
28 0 22 31 2 29 14 28
20 10 11 26 24 16 31 2
2 2 2 1 0 1 2 0
7 18 12 12 6 15 2 3
26 13 0 12 14 7 11 15
0 1 2 4 3 3 1 4
10 18 2 27 29 32 10 16
18 14 28 12 0 16 27 27
3 17 23 6 20 15 23 12
14 1 4 9 10 0 14 7
0 14 9 12 14 3 6 11
1 3 0 2 2 4 2 0
19 5 29 5 7 21 0 28
17 6 8 16 4 3 8 4
6 18 19 4 16 13 3 1
0 7 8 1 20 3 18 13
12 4 0 2 15 16 5 17
28 2 23 4 24 22 4 25
25 30 24 12 11 0 19 8
0 1 2 1 2 2 1 0
2 6 2 3 4 2 8 1
1 4 2 0 3 4 3 0
13 16 7 12 1 0 14 1
13 10 19 7 20 8 26 4
10 11 27 28 27 19 30 9
17 6 6 4 6 25 20 24
33 22 15 22 10 24 2 23
14 31 20 3 30 2 19 5
3 21 18 13 5 19 3 5
14 27 0 2 30 26 21 6
3 3 5 7 8 2 0 8
6 30 15 30 15 34 13 28
10 16 23 17 15 7 1 16
32 30 25 26 25 0 32 13
2 4 7 7 4 6 8 6
18 13 8 3 16 0 13 10
0 8 0 3 1 0 3 10
6 2 5 0 4 5 0 4
0 12 16 13 2 8 6 12
9 11 6 12 3 2 8 1
3 2 2 0 8 7 5 2
1 1 3 1 2 0 2 1
0 3 4 1 0 1 1 0
21 2 27 27 21 15 24 5
20 5 4 1 15 18 12 15
5 14 7 17 12 10 4 0
10 10 3 10 1 10 3 5
6 2 5 4 1 3 5 1
7 13 1 7 11 11 11 7
2 7 0 4 9 8 12 10
0 0 1 3 3 2 7 4
19 3 16 17 27 30 28 23
7 1 4 8 3 8 3 3
14 22 0 11 18 8 15 21
8 0 2 6 4 2 5 1
1 1 1 2 3 5 4 2
15 9 11 11 17 7 16 10
0 1 2 3 4 3 0 4
17 9 12 8 17 12 5 4
8 3 1 4 6 2 10 3
2 5 6 5 6 6 4 0
4 2 1 2 0 2 3 2
5 8 18 1 14 16 20 20
5 7 12 9 7 14 16 6
6 26 21 8 0 24 1 8
11 0 5 6 2 16 6 7
0 15 11 0 8 11 16 3
2 1 1 0 0 2 0 2
10 15 3 16 7 4 14 10
27 7 13 13 15 28 31 21
10 13 9 12 15 8 2 5
4 0 4 3 3 0 4 3
0 5 1 2 3 5 6 5
0 12 11 11 0 12 6 5
2 4 1 4 3 4 3 2
4 5 3 4 8 8 7 0
8 18 5 10 14 1 19 15
8 8 8 11 12 12 0 8
0 11 21 19 8 5 13 16
6 23 13 30 24 25 30 10
4 4 7 6 0 8 4 8
9 7 9 5 5 9 9 1
11 14 14 35 8 33 0 13
17 26 8 20 12 27 0 8
15 15 17 25 13 12 33 21
10 10 8 6 4 0 7 6
18 5 22 19 5 9 6 1
15 6 8 14 16 13 18 19
0 4 1 3 2 3 0 3
15 20 8 27 32 12 27 23
2 4 6 5 1 1 2 4
4 1 4 5 7 6 10 2
3 5 9 1 15 8 2 5
1 6 10 9 8 10 14 9
12 22 13 16 11 10 1 6
14 7 6 2 3 4 9 9
25 14 12 0 11 23 17 19
1 6 4 7 6 2 0 2
2 6 24 1 22 17 24 9
24 6 22 9 4 13 30 19
13 9 5 1 18 9 11 23
28 32 6 11 12 7 22 33
0 2 15 12 17 8 9 9
4 1 3 1 0 0 4 3
2 11 15 5 16 16 10 14
15 23 10 9 24 19 21 4
15 4 20 17 0 14 20 23
0 8 0 10 1 1 10 14
20 6 17 5 13 11 8 21
7 1 10 9 9 3 5 5
8 14 19 0 0 2 3 9
1 8 5 24 4 22 22 13
21 11 22 17 8 11 16 23
16 19 15 4 7 8 17 1
18 14 27 5 10 8 10 0
7 6 7 7 12 6 5 2
8 13 16 6 17 10 15 4
6 17 0 7 3 0 33 23
1 4 1 2 2 1 1 3
16 11 6 6 33 28 10 30
11 4 3 0 4 12 9 0
1 24 8 10 21 7 17 8
14 2 27 31 33 6 34 25
0 8 0 7 3 0 10 0
2 2 2 2 1 2 2 2
14 31 3 8 14 23 31 32
30 13 5 21 30 1 28 30
1 23 18 20 24 7 9 24
20 30 6 24 22 14 1 26
14 7 19 19 18 2 15 19
15 13 22 22 5 5 14 4
7 10 5 5 3 0 10 0
6 2 0 1 5 0 4 6
20 4 14 1 9 10 15 3
0 3 27 24 3 24 18 24
24 6 22 23 23 16 25 2
18 7 3 11 3 15 6 13
12 10 4 4 0 9 7 1
16 2 14 0 11 13 11 15
6 11 7 11 5 9 7 1
6 16 13 0 14 11 22 7
0 0 2 1 0 1 2 0
4 0 2 2 1 0 4 0
22 20 12 20 0 10 4 8
12 13 2 10 0 4 12 10
1 15 19 20 16 12 2 21
1 14 7 34 29 33 12 23
22 1 20 0 22 8 13 16
10 6 10 0 11 3 9 4
0 3 4 15 14 0 15 0
30 21 12 8 22 5 28 20
14 30 24 5 33 7 30 10
2 10 4 6 10 10 3 0
3 3 2 1 3 3 2 4
15 23 5 10 12 10 10 10
3 10 2 0 3 9 9 9
30 18 31 7 18 35 27 15
21 6 11 5 11 16 10 21
1 1 1 4 1 1 2 4
14 15 7 12 6 2 14 1
24 16 30 1 16 3 17 15
0 1 1 0 0 1 2 1
26 10 19 7 4 6 2 9
18 12 14 7 10 8 15 17
0 1 0 0 3 0 0 4
1 20 9 11 0 0 12 18
15 25 20 25 11 5 28 29
8 10 12 4 3 10 1 10
7 26 5 5 11 13 6 33
1 4 3 0 1 4 3 2
9 7 1 12 17 5 20 8
0 0 4 7 4 9 0 10
4 3 2 2 0 2 4 1
1 1 0 2 2 1 0 1
5 4 5 4 10 4 2 8
24 23 9 28 0 12 21 9
1 7 12 6 12 12 11 8
3 3 3 4 3 10 4 2
3 0 16 5 23 2 16 19
2 4 4 2 1 3 0 0
13 8 15 10 15 1 14 12
10 7 6 2 2 8 12 9
6 1 13 0 3 11 14 7
4 1 10 10 10 6 3 5
15 10 8 28 6 25 22 28
5 10 5 1 9 12 16 2
6 3 7 10 1 14 16 8
21 10 18 7 19 5 3 5
0 4 2 3 1 4 1 1
17 0 9 10 19 3 14 13
6 6 2 3 4 6 3 4
25 8 18 5 12 15 29 17
8 7 4 3 4 7 12 1
9 13 5 2 11 7 30 29
0 0 2 1 2 2 0 1
11 23 6 2 9 24 10 1
7 0 7 12 11 11 0 9
22 32 0 5 31 19 7 18
3 1 1 0 2 2 3 2
1 2 4 4 1 4 1 3
31 21 0 36 2 30 12 3
16 8 8 12 0 15 10 13
3 10 6 6 3 16 13 0
6 4 3 2 1 4 3 5
27 1 3 15 2 24 17 24
6 9 26 10 15 15 5 12
3 0 8 7 8 6 9 8
7 5 14 6 13 0 12 9
1 1 1 2 1 1 1 0
1 17 4 3 14 4 17 9
32 31 11 12 29 21 24 27
0 4 4 14 8 14 14 2
15 5 16 1 10 1 11 4
1 4 6 6 2 0 3 2
16 9 12 6 5 9 14 2
3 13 16 6 12 13 3 0
3 2 2 1 3 4 3 4
19 6 21 18 5 25 7 2
10 7 10 1 12 3 8 6
0 0 8 2 8 4 5 2
34 24 21 15 10 21 34 11
4 10 9 6 6 0 12 9
3 1 3 2 4 3 4 2
2 1 3 1 2 0 2 4
27 4 24 27 4 10 23 6
3 13 32 16 31 9 23 18
16 0 2 8 18 18 3 0
5 17 1 10 15 1 1 14
1 4 12 0 16 25 25 22
2 7 5 2 0 2 5 0
4 19 26 8 11 16 10 1
17 16 25 4 24 22 29 8
0 2 2 3 0 3 2 4
3 9 4 2 0 7 6 2
17 34 33 24 5 5 7 27
18 32 29 15 35 20 25 3
3 16 30 4 30 0 33 28
29 6 6 15 13 36 30 4
21 23 28 3 26 22 13 21
6 4 8 6 4 8 10 6
13 6 2 19 11 11 5 1
11 13 2 1 5 24 9 17
16 7 0 13 16 15 11 7
19 14 12 17 18 10 8 15
1 2 0 0 2 2 0 2
1 11 16 18 10 8 10 18
8 26 9 10 4 13 24 8
0 1 1 0 1 0 1 0
2 5 7 15 0 5 4 9
22 18 30 29 16 7 21 24
21 7 24 11 2 26 25 17
6 1 6 7 8 2 5 8
11 16 14 5 16 13 31 8
9 6 7 5 2 7 14 15
0 1 1 5 3 4 9 11
14 20 25 18 24 0 31 21
9 1 12 7 29 2 24 12
6 1 7 4 1 8 5 0
3 0 0 3 1 0 1 3
23 8 12 26 24 11 17 3
1 34 31 21 18 25 31 36
11 14 8 12 7 0 1 11
6 2 6 1 4 7 6 8
1 10 11 20 8 14 9 17
16 24 0 21 20 14 1 1
6 1 20 7 7 6 3 3
29 26 17 8 0 11 7 22
3 13 2 6 0 6 16 14
9 7 0 9 12 4 11 9
1 1 4 4 3 3 1 2
1 36 17 31 20 35 5 0
1 4 3 0 4 0 4 1
26 19 24 12 22 23 0 15
3 5 6 9 6 8 12 1
17 16 10 17 1 4 7 19
10 1 9 3 7 15 11 2
0 10 8 6 10 1 5 11
15 1 28 21 17 10 2 3
0 2 0 5 6 0 6 0
23 5 10 6 6 7 11 7
13 21 12 8 16 6 22 21
20 0 4 18 21 5 15 5
1 4 7 2 5 4 5 2
8 0 5 9 1 8 0 13
10 11 28 17 26 9 28 26
14 11 0 12 4 13 14 0
0 1 0 1 0 2 0 0
5 10 4 4 15 8 3 5
9 4 12 5 2 12 1 7
3 2 1 2 4 4 2 3
0 3 1 0 9 10 5 8
0 0 2 1 0 0 1 1
5 5 2 12 18 16 13 1
8 1 24 26 36 23 19 25
7 12 6 12 3 9 4 9
6 19 31 22 16 33 2 6
1 0 4 0 0 0 2 1
3 14 9 13 5 7 10 1
5 26 15 5 14 7 8 18
8 16 11 13 14 12 16 12
9 14 9 1 0 14 9 21
2 1 0 2 2 0 1 1
1 4 5 11 5 4 10 5
24 10 15 30 29 23 17 20
2 2 2 4 2 4 1 2
20 5 7 17 26 0 23 17
4 2 5 0 4 6 2 4
3 8 7 0 9 13 9 12
22 21 24 1 16 23 21 2
29 14 5 21 22 31 7 22
4 3 1 0 3 1 1 0
21 11 17 18 13 2 22 12
9 3 9 10 12 12 4 6
15 4 7 4 7 0 8 5
11 3 8 15 11 17 8 15
7 1 10 4 17 24 22 9
3 0 18 11 13 0 16 11
6 4 14 14 18 13 10 7
8 0 5 0 3 7 5 2
5 0 10 5 1 1 2 3
0 4 1 2 1 1 1 8
9 22 6 26 3 14 14 3
1 5 6 3 1 2 2 2
6 8 0 7 8 8 5 7
5 6 10 8 5 1 1 1
16 0 10 25 17 13 0 28
20 24 1 23 9 6 11 18
4 31 2 31 11 22 6 26
10 5 5 5 10 8 9 0
17 11 3 1 9 0 13 0
4 2 0 0 3 4 0 2
9 1 11 6 11 7 12 6
1 5 1 5 1 0 2 6
21 17 17 27 22 30 2 2
0 17 2 8 11 0 10 1
0 4 0 15 13 14 8 10
13 10 11 2 9 7 12 14
13 25 11 15 22 27 11 0
11 2 26 9 12 10 12 7
0 1 0 0 1 2 2 2
12 0 13 21 21 24 0 10
26 1 11 9 29 21 8 19
8 9 7 9 6 5 6 5
30 24 5 11 1 23 21 20
14 7 6 17 8 15 15 9
7 5 18 13 25 10 13 26
10 21 14 18 24 22 14 19
14 14 16 18 18 19 19 22
6 10 8 12 7 7 9 11
24 1 22 3 32 24 3 18
13 1 18 4 16 5 32 23
0 3 2 1 7 3 6 5
32 9 0 26 25 12 3 25
18 0 1 5 4 7 14 5
3 30 18 11 9 19 12 12
9 1 12 8 16 3 1 11
8 2 7 8 5 16 7 13
25 1 2 14 0 29 8 8
9 11 0 17 7 13 21 11
16 13 13 23 19 29 17 0
21 26 7 1 23 27 15 18
3 21 7 24 22 8 2 5
11 17 4 18 12 22 3 13
10 17 3 8 5 13 13 7
30 35 0 23 0 8 14 8
7 4 1 4 3 5 7 6
