1 2 59
1 3 34
1 4 10
1 5 1
1 6 49
2 7 22
2 8 9
3 9 8
3 10 26
3 11 50
3 12 33
4 13 29
4 14 43
5 15 43
5 16 33
5 17 11
5 18 41
6 19 53
6 20 34
6 21 16
7 22 47
8 23 15
8 24 53
9 25 33
10 26 30
10 27 53
10 28 10
10 29 47
10 30 25
11 31 52
12 32 24
12 33 26
13 34 43
14 35 41
14 36 14
15 37 52
16 38 39
16 39 23
17 40 11
17 41 14
17 42 33
18 43 20
18 44 52
18 45 51
19 46 1
20 47 41
21 48 31
21 49 15
22 50 53
23 51 55
24 52 37
25 52 2
26 53 44
27 53 47
28 54 20
29 54 29
30 54 55
31 55 12
32 55 52
33 55 8
34 55 26
35 56 30
36 56 8
37 57 16
38 58 2
39 58 47
40 58 37
41 58 20
42 58 5
43 59 53
44 59 38
45 60 57
46 60 43
47 61 58
48 62 58
49 63 33
50 64 40
51 65 33
52 66 21
53 67 35
54 68 32
55 69 14
56 70 23
57 71 34
58 72 7
59 73 26
60 74 22
61 75 5
62 76 24
63 77 58
64 78 19
65 79 34
66 80 21
67 81 46
68 82 41
69 83 28
70 84 43
71 85 59
72 86 52
73 87 4
74 88 52
75 89 10
76 90 25
77 91 55
78 92 44
79 93 21
80 94 46
81 95 18
82 95 31
83 96 19
84 97 19
85 98 10
86 99 2
87 100 23
88 101 35
89 102 51
90 103 54
91 104 52
92 105 27
93 106 42
94 107 24
95 108 38
96 109 42
97 110 55
98 111 26
99 112 10
100 113 36
101 114 28
102 115 4
103 116 17
103 117 19
104 118 43
104 119 15
104 120 46
105 121 55
106 122 9
107 123 18
108 124 30
109 125 22
110 126 2
111 126 49
112 126 31
113 127 48
114 128 53
115 129 33
116 130 2
117 130 18
118 131 59
119 131 28
120 132 20
121 133 51
122 134 20
123 135 15
124 136 23
125 137 37
125 138 13
125 139 33
126 140 23
127 141 2
128 142 11
128 143 2
129 144 59
130 145 8
131 146 48
132 147 44
133 148 2
134 149 21
134 150 23
135 151 2
135 152 47
136 153 49
137 154 46
138 155 2
139 156 37
140 157 30
141 158 18
141 159 28
142 160 39
142 161 13
142 162 54
143 163 52
144 164 36
145 165 49
146 166 41
146 167 52
146 168 42
147 169 39
148 170 33
149 171 25
150 172 28
151 172 26
152 173 15
153 174 23
154 174 45
155 175 22
156 176 24
157 177 36
158 178 42
159 179 9
160 180 43
161 181 16
162 182 38
163 182 7
164 183 48
165 184 36
166 185 37
167 186 31
168 187 52
169 188 12
170 189 43
171 189 23
172 190 15
173 191 29
174 192 46
175 193 17
176 194 22
177 194 20
178 195 9
179 196 44
180 197 44
181 197 49
182 197 15
183 198 27
184 199 8
185 199 38
186 200 4
187 200 53
188 201 46
189 202 57
190 203 13
191 204 2
192 205 59
193 206 54
194 207 3
195 208 10
196 209 26
196 210 21
197 211 25
198 212 39
199 213 48
200 214 32
201 215 10
202 216 22
203 217 38
204 218 46
205 219 44
205 220 47
206 221 41
207 222 8
208 223 5
209 224 46
210 225 2
211 226 43
212 227 52
213 228 20
214 229 36
215 230 5
216 231 4
217 232 8
218 233 5
219 234 36
219 235 31
220 236 29
221 237 41
222 238 34
222 239 49
223 240 28
224 241 45
224 242 49
225 243 45
225 244 54
226 245 2
227 246 2
228 247 22
229 248 38
229 249 59
230 250 34
231 251 4
232 252 19
233 253 10
234 253 9
235 254 27
236 255 31
237 256 18
238 256 5
239 257 36
240 258 46
241 259 59
242 260 35
243 261 18
244 262 19
245 263 51
246 264 39
247 265 16
248 266 59
249 267 10
250 268 5
251 269 13
252 270 8
253 271 33
254 272 45
255 273 54
256 274 21
257 275 20
258 275 44
259 275 39
260 276 22
261 277 15
262 277 28
263 277 11
264 278 34
265 278 41
266 278 2
267 279 41
268 279 25
269 280 56
269 281 42
270 282 35
270 283 3
271 284 30
272 285 2
273 286 44
274 287 40
274 288 32
274 289 57
275 290 12
276 291 8
277 292 42
277 293 9
277 294 29
278 295 34
279 296 17
280 297 56
281 298 8
282 299 31
283 300 6
284 301 14
285 302 12
286 302 6
287 303 45
288 304 4
289 305 49
290 306 57
291 307 12
292 308 47
293 308 36
294 309 36
295 310 31
296 311 56
297 312 4
298 313 14
299 314 20
300 315 15
301 316 8
302 316 25
303 317 11
304 318 1
305 319 20
306 320 30
307 321 31
308 322 4
309 323 13
310 324 49
311 325 56
312 326 1
313 326 11
314 327 12
315 328 3
316 329 45
317 329 30
318 330 4
319 331 25
320 332 19
321 332 34
322 332 39
323 333 13
324 333 39
325 334 48
326 335 48
327 336 2
328 337 51
328 338 13
328 339 36
329 340 21
330 341 27
330 342 25
330 343 4
330 344 44
331 345 51
331 346 34
332 347 37
332 348 48
332 349 26
333 350 48
333 351 37
334 352 40
335 353 39
336 354 47
336 355 3
337 356 52
338 357 14
339 358 44
340 359 19
341 360 2
342 361 27
343 362 56
344 363 29
345 364 4
346 365 6
347 366 9
348 367 51
349 368 10
349 369 54
350 370 49
351 371 4
352 372 42
353 373 40
354 374 31
355 375 13
356 376 20
357 377 22
358 378 9
359 379 51
360 380 14
361 381 16
362 382 3
363 383 43
364 384 59
365 384 18
366 385 35
367 386 2
368 386 19
369 387 3
370 388 12
371 389 27
372 390 32
373 391 21
374 392 6
375 393 13
376 394 16
377 395 11
378 396 12
379 397 11
380 398 3
381 399 22
382 400 19
383 400 58
384 400 17
385 401 11
386 401 9
387 402 27
388 403 25
389 403 16
390 404 39
391 405 52
392 406 23
393 407 50
393 408 55
393 409 55
394 410 44
395 411 15
396 412 1
397 413 18
397 414 1
398 415 44
399 416 31
400 417 24
401 418 7
401 419 33
402 420 41
403 421 20
403 422 42
404 423 2
404 424 57
405 425 56
406 426 51
407 427 40
408 428 48
409 429 3
410 430 10
411 431 48
412 432 50
413 433 46
414 434 19
415 435 53
416 435 30
417 436 32
418 437 55
419 438 38
420 439 24
421 440 3
422 441 15
423 442 7
424 443 36
425 444 48
425 445 29
425 446 24
426 447 16
426 448 22
426 449 23
427 450 18
427 451 21
428 452 52
429 453 32
429 454 54
430 455 36
430 456 38
431 457 41
432 458 27
433 459 50
434 460 27
434 461 17
435 462 47
435 463 39
436 464 35
436 465 39
436 466 8
437 467 34
438 468 40
439 469 30
439 470 52
440 471 19
441 472 4
441 473 28
441 474 48
441 475 29
442 476 11
442 477 35
442 478 6
443 479 18
443 480 52
444 481 54
445 482 15
446 483 1
447 483 14
448 484 34
449 484 58
450 485 15
451 486 19
452 487 13
453 488 55
454 488 31
455 489 47
456 490 40
457 491 35
458 491 51
459 491 5
460 491 34
461 492 51
462 492 54
463 493 34
464 493 6
465 494 1
466 495 35
467 495 16
468 496 13
469 497 49
470 497 11
471 498 52
472 498 13
473 498 15
474 498 21
475 499 20
476 499 28
477 500 32
478 500 55
479 501 22
480 501 41
481 502 2
482 503 47
483 504 8
484 505 21
485 506 20
486 507 29
487 508 9
488 509 1
489 510 10
490 511 17
491 512 14
492 513 25
493 514 20
494 515 44
495 515 29
496 516 25
497 517 3
498 518 10
499 519 54
500 520 31
501 521 41
502 522 15
503 523 44
504 524 49
505 525 48
506 526 40
506 527 16
507 528 54
508 529 51
509 530 42
510 531 54
511 532 3
512 533 59
513 534 35
514 535 59
515 536 6
516 537 56
517 538 35
518 539 23
519 540 14
520 541 19
521 542 20
522 543 50
523 544 54
524 545 37
525 545 29
526 546 20
527 547 1
528 548 21
529 549 36
530 550 26
531 551 23
532 552 42
533 553 22
534 553 11
535 553 29
536 554 26
537 555 42
538 556 6
539 557 24
540 557 49
541 558 6
542 559 56
543 560 12
544 561 32
545 562 16
546 563 17
547 564 52
548 565 20
549 566 38
550 567 22
551 568 41
552 569 28
553 570 44
553 571 54
554 572 20
555 573 10
556 574 43
557 575 29
558 576 12
559 577 22
559 578 58
560 579 40
561 580 55
562 581 55
563 582 14
564 583 17
565 584 42
566 585 2
567 586 17
568 587 56
569 588 25
570 589 45
571 590 27
572 591 41
573 592 44
574 593 38
575 594 31
576 595 39
577 596 55
578 597 45
579 598 46
579 599 1
580 600 45
581 601 13
582 602 1
583 603 17
584 604 57
585 605 13
586 606 9
587 607 31
588 608 27
589 609 18
590 610 27
591 611 49
592 612 45
593 613 59
593 614 46
594 615 12
595 616 18
596 617 16
597 618 44
597 619 51
598 620 58
599 620 50
600 621 23
601 622 49
602 623 35
603 623 32
604 623 36
605 624 57
606 625 42
607 626 57
608 626 20
609 626 58
610 627 18
611 627 17
612 627 14
613 628 41
614 628 20
615 629 21
616 630 43
617 630 55
618 630 28
619 630 33
620 631 26
620 632 11
621 633 27
622 634 14
622 635 28
623 636 14
624 637 49
625 638 8
626 639 36
626 640 56
627 641 13
628 642 13
629 643 1
630 644 52
630 645 34
630 646 44
631 647 55
632 647 57
633 647 11
634 648 46
635 649 53
636 650 21
637 651 42
638 651 2
639 652 41
640 653 15
641 653 12
642 654 36
643 654 17
644 655 4
645 655 32
646 656 57
647 657 36
647 658 2
648 659 57
649 660 48
650 661 53
650 662 20
650 663 58
651 664 52
651 665 25
652 666 9
653 667 21
654 668 51
654 669 11
655 670 9
656 671 2
657 672 23
658 672 5
659 673 29
660 673 32
661 674 12
662 675 26
663 676 27
664 676 1
665 677 43
666 678 37
667 679 2
668 680 23
669 681 53
670 682 5
671 682 21
672 683 5
673 684 48
673 685 50
674 686 24
675 687 49
676 688 3
677 689 17
678 690 55
679 691 2
680 692 21
681 693 23
682 694 10
683 695 29
684 696 56
685 697 47
686 698 42
687 699 58
688 700 11
689 701 21
690 701 7
691 702 58
692 702 33
693 703 4
694 704 1
695 705 36
696 706 6
697 707 37
698 708 24
698 709 42
698 710 42
699 711 41
700 712 43
700 713 21
701 714 18
702 715 35
702 716 15
702 717 9
702 718 29
703 719 15
704 720 43
704 721 10
705 722 21
706 723 56
707 724 5
708 725 42
709 726 11
710 727 48
711 728 6
712 728 3
713 728 17
714 729 31
715 729 55
716 730 6
717 730 54
718 731 56
719 731 9
720 732 14
721 732 2
722 733 36
723 734 53
724 735 58
725 736 24
726 737 5
727 738 21
728 739 43
728 740 17
729 741 3
730 742 50
731 743 28
732 744 49
733 745 16
734 746 57
735 747 58
735 748 55
736 749 34
737 750 12
738 751 23
739 752 4
740 753 28
741 754 17
742 755 23
743 756 25
744 757 30
745 758 19
745 759 4
746 760 48
746 761 41
747 762 51
747 763 54
747 764 31
748 765 22
749 766 29
750 767 26
751 768 27
752 769 40
753 770 46
754 771 16
755 772 56
756 773 41
756 774 26
757 775 16
758 776 18
759 777 54
760 778 55
761 779 47
762 780 36
763 781 39
764 782 1
765 782 50
766 783 10
767 784 5
768 784 18
769 785 43
770 786 25
771 787 20
772 788 54
773 789 33
774 790 24
775 791 15
776 792 14
777 793 58
778 794 57
779 794 32
780 795 59
781 796 8
782 797 48
783 798 11
784 798 57
785 799 27
786 800 34
787 801 27
788 802 49
789 803 51
790 804 11
791 805 24
792 806 7
793 807 37
794 808 22
795 809 5
796 810 2
797 811 54
798 812 41
799 813 4
800 814 6
800 815 33
801 816 14
802 817 6
803 818 55
804 819 15
805 820 11
806 821 16
807 821 38
808 822 6
809 823 43
810 824 54
811 825 2
812 826 8
813 827 2
814 828 55
815 829 57
816 830 32
817 831 45
818 832 2
819 833 8
820 834 21
821 835 20
822 836 24
823 837 47
824 838 46
825 839 23
826 840 41
827 841 6
828 842 47
829 843 9
830 844 3
831 845 1
832 846 18
833 847 19
834 848 4
835 849 45
836 850 53
837 851 55
838 852 43
838 853 44
838 854 59
839 855 11
840 856 41
841 857 48
841 858 25
842 859 14
843 860 26
844 861 40
845 862 9
846 863 13
847 864 12
848 865 42
848 866 36
849 867 48
850 867 3
851 868 32
852 869 9
853 869 18
854 870 10
855 871 13
856 872 56
857 873 27
858 874 24
859 875 6
860 875 10
861 876 46
862 876 10
863 877 25
864 878 39
865 879 15
866 880 9
867 881 44
868 882 3
868 883 40
869 884 23
870 885 4
871 886 18
872 887 52
873 888 23
874 889 32
874 890 58
875 891 1
876 892 59
877 893 7
877 894 11
877 895 30
878 896 40
878 897 43
879 898 46
880 899 5
881 900 33
882 900 26
883 900 30
884 900 13
885 900 36
886 900 51
887 900 14
888 900 20
889 900 2
890 900 43
891 900 33
892 900 33
893 900 57
894 900 29
895 900 16
896 900 25
897 900 47
898 900 49
899 900 16
