1 2 30
1 3 28
1 4 9
1 5 63
1 6 41
2 7 41
2 8 5
2 9 66
3 10 57
3 11 16
3 12 39
4 13 63
4 14 47
4 15 39
4 16 65
4 17 24
5 18 20
5 19 61
5 20 60
5 21 11
6 22 9
6 23 36
7 24 35
8 24 6
9 24 63
10 24 46
11 25 33
12 26 24
13 27 66
14 27 15
15 28 34
16 29 10
17 30 28
18 31 57
19 32 28
20 33 63
21 33 39
22 34 4
23 34 38
24 35 39
25 36 41
26 37 33
27 38 65
28 39 15
29 40 62
30 41 39
31 42 37
32 43 14
33 44 46
34 45 12
35 46 15
35 47 63
35 48 36
35 49 22
36 50 33
36 51 15
37 52 2
38 53 14
38 54 44
39 55 10
40 56 46
41 57 35
41 58 29
42 59 39
42 60 12
43 61 46
43 62 20
44 63 65
45 64 55
46 65 9
47 66 21
48 67 68
49 68 6
50 69 65
51 70 57
52 71 57
53 71 31
54 72 42
55 73 42
56 74 41
57 75 6
58 76 1
59 77 27
60 77 48
61 78 40
62 79 50
63 80 69
64 81 66
65 82 30
66 83 20
67 84 10
68 85 23
69 86 55
70 87 58
71 88 50
72 89 31
73 90 47
74 91 7
75 92 46
76 92 64
77 93 62
78 94 15
79 95 47
80 96 3
81 96 14
82 97 49
83 98 27
84 99 42
85 100 7
86 101 56
87 102 6
88 103 30
89 104 12
90 105 3
91 106 11
92 107 17
93 108 20
94 109 16
95 110 36
96 110 48
97 111 52
97 112 37
98 113 1
98 114 60
98 115 17
99 116 6
100 117 15
101 118 7
101 119 54
102 120 1
103 121 54
104 122 49
105 123 69
106 124 62
106 125 57
107 126 49
108 127 9
109 128 40
110 129 41
111 130 42
112 131 66
113 131 26
114 132 53
115 133 25
116 134 11
117 135 49
118 136 60
119 137 36
120 138 40
121 139 60
122 140 39
123 141 23
124 142 48
125 143 22
126 144 14
127 145 35
128 146 11
129 146 67
130 147 32
130 148 58
131 149 65
132 150 57
133 151 34
134 152 9
134 153 66
134 154 50
135 155 63
136 156 31
137 157 59
138 158 35
138 159 10
139 160 68
140 161 32
141 162 51
142 163 55
143 164 36
144 165 49
145 166 45
146 167 29
147 168 60
148 169 11
149 169 14
150 169 51
151 170 12
152 170 30
153 171 69
154 171 32
155 171 53
156 172 6
157 173 26
158 173 56
159 173 41
160 174 18
161 174 3
162 175 37
163 175 57
164 175 63
165 176 68
166 176 43
167 177 51
168 178 12
168 179 48
169 180 17
169 181 34
170 182 45
170 183 17
171 184 27
172 185 60
173 186 56
173 187 22
174 188 16
174 189 45
174 190 15
175 191 25
176 192 36
176 193 23
177 194 66
177 195 45
178 196 11
179 197 49
179 198 28
180 199 58
181 200 65
182 201 21
183 202 21
184 203 11
185 204 34
186 205 12
187 206 51
188 207 59
189 208 61
189 209 9
190 210 63
191 211 24
191 212 14
192 213 14
192 214 43
193 215 25
194 216 66
195 217 45
196 218 36
197 219 19
198 220 23
199 221 40
200 222 55
201 223 67
202 224 9
203 225 68
204 226 68
205 227 49
206 227 59
207 227 68
208 228 51
209 229 20
210 230 31
211 231 65
212 232 51
213 233 8
214 234 11
215 235 9
216 235 7
217 236 45
218 237 22
219 237 32
220 238 37
221 239 61
222 240 43
223 241 13
224 242 36
225 243 62
226 244 20
227 244 39
228 245 29
229 246 2
230 247 17
231 248 31
232 248 4
233 249 30
234 250 39
235 251 49
236 252 8
237 253 1
238 254 41
239 254 59
240 255 56
241 256 19
242 257 42
243 258 45
244 259 30
245 259 61
246 259 50
247 260 47
248 261 52
249 262 3
250 263 9
251 264 40
252 265 69
253 266 8
254 267 67
255 268 68
256 269 60
257 270 2
258 271 26
259 272 62
260 273 16
261 274 48
262 275 15
263 276 16
264 277 66
265 278 43
266 279 65
267 280 49
268 281 54
268 282 67
269 283 20
269 284 41
270 285 51
271 286 2
271 287 32
271 288 57
272 289 33
273 290 1
273 291 43
273 292 18
274 293 29
275 294 24
276 295 51
277 296 43
278 297 59
279 298 8
280 298 29
281 299 23
282 300 8
283 301 22
284 302 66
285 303 19
286 303 27
287 304 49
288 305 16
289 306 6
290 307 28
291 308 68
292 308 30
293 309 20
294 310 29
295 311 41
296 311 21
297 312 52
298 313 21
299 314 11
300 315 61
301 316 13
302 317 28
303 318 21
304 319 63
305 320 65
306 321 38
307 322 55
308 322 37
309 323 26
310 324 13
311 325 50
312 325 33
313 326 33
313 327 59
314 328 52
315 329 35
316 330 68
316 331 41
317 332 49
318 333 58
319 334 17
320 335 50
321 336 62
322 337 41
323 338 58
323 339 51
324 340 17
325 341 13
326 342 50
327 343 55
327 344 26
327 345 63
328 346 50
328 347 51
329 348 62
329 349 32
330 350 1
331 351 57
331 352 63
332 353 55
333 354 7
334 355 45
335 356 16
335 357 27
335 358 62
336 359 13
336 360 58
337 361 40
337 362 14
338 363 4
339 364 1
339 365 69
339 366 60
340 367 7
341 368 56
341 369 25
342 370 34
343 371 59
344 372 64
345 373 14
346 373 66
347 373 17
348 374 32
349 374 63
350 374 11
351 374 4
352 375 63
353 376 41
354 377 17
355 378 19
356 379 37
357 379 30
358 379 34
359 380 54
360 381 32
361 381 48
362 382 4
363 383 32
364 384 56
365 384 69
366 385 4
367 386 8
368 386 15
369 386 69
370 387 61
371 388 13
372 389 44
373 390 64
374 391 42
375 392 8
376 393 47
377 394 28
378 394 16
379 395 31
380 396 38
381 397 6
382 398 43
383 399 4
384 399 69
385 400 38
386 401 31
387 402 47
388 402 64
389 403 41
390 403 10
391 404 50
392 405 18
393 406 47
394 407 44
395 408 25
396 409 32
397 410 49
398 411 25
399 412 63
400 413 24
401 414 16
402 415 1
402 416 68
402 417 34
402 418 26
403 419 18
403 420 20
403 421 17
404 422 41
404 423 11
404 424 17
404 425 16
404 426 69
405 427 41
405 428 28
405 429 46
405 430 1
406 431 42
406 432 59
407 433 23
407 434 64
407 435 11
408 436 2
408 437 35
409 438 38
409 439 7
409 440 26
409 441 64
409 442 9
410 443 62
410 444 12
410 445 40
411 446 53
411 447 16
411 448 11
411 449 10
411 450 61
412 451 43
412 452 14
412 453 38
412 454 27
413 455 43
413 456 28
413 457 30
413 458 66
413 459 24
414 460 33
414 461 35
414 462 11
415 463 2
416 463 15
417 463 63
418 464 64
419 464 69
420 464 18
421 464 39
422 464 55
423 464 43
424 465 1
425 465 22
426 466 50
427 466 38
428 466 36
429 467 57
430 468 8
431 468 37
432 468 25
433 469 39
434 469 19
435 469 48
436 470 68
437 470 68
438 470 4
439 470 24
440 471 17
441 471 18
442 471 8
443 471 65
444 472 5
445 472 14
446 472 31
447 472 65
448 473 39
449 473 54
450 473 11
451 474 56
452 475 52
453 475 67
454 475 65
455 475 32
456 475 30
457 476 64
458 476 49
459 476 1
460 477 69
461 477 25
462 477 62
463 478 29
464 479 49
465 480 7
466 481 2
467 482 59
468 483 21
469 484 68
470 485 64
471 486 54
472 487 49
473 488 32
474 489 25
475 490 10
476 491 64
477 492 60
478 493 16
479 494 7
480 495 64
481 495 26
482 496 66
483 497 46
484 498 35
485 498 8
486 499 55
487 499 54
488 500 17
489 500 43
490 501 5
491 502 35
492 502 57
493 503 15
494 504 54
495 505 22
495 506 33
496 507 26
496 508 8
497 509 20
498 510 11
498 511 38
499 512 62
499 513 50
499 514 36
500 515 62
501 516 49
501 517 58
502 518 47
502 519 53
502 520 7
503 521 53
504 521 21
505 522 1
506 523 18
507 524 55
508 524 42
509 525 61
510 526 21
511 527 25
512 527 62
513 528 18
514 529 55
515 530 69
516 531 34
517 532 14
518 533 6
519 534 39
520 535 42
521 536 3
522 537 25
523 538 58
524 539 61
525 540 67
526 541 14
527 542 48
528 543 29
529 544 57
530 545 4
530 546 65
531 547 18
531 548 17
532 549 39
533 550 33
534 551 6
535 552 68
536 553 12
537 554 63
538 555 35
539 556 5
539 557 56
540 558 59
541 559 13
542 560 28
543 561 11
544 562 54
545 563 17
545 564 3
546 565 68
547 566 64
548 567 9
549 568 55
550 569 18
551 570 34
552 571 69
553 572 53
554 573 21
555 574 69
556 575 2
557 576 62
558 577 61
559 578 7
560 579 34
560 580 47
561 581 23
562 582 55
563 583 26
564 584 19
565 585 57
566 586 18
567 587 14
567 588 58
568 589 48
569 590 8
570 591 56
571 592 55
571 593 9
572 594 31
573 595 47
574 595 28
575 595 62
576 596 29
577 597 15
578 598 3
579 599 47
580 600 31
581 601 28
582 602 28
583 602 5
584 602 13
585 603 47
586 604 5
587 605 47
588 605 58
589 606 26
590 606 67
591 607 38
592 607 30
593 607 39
594 608 24
595 609 21
596 610 1
597 611 15
598 612 55
599 612 28
600 613 5
601 614 7
602 615 30
603 616 28
604 617 25
605 618 9
606 619 14
607 620 55
608 621 11
609 622 60
610 623 51
611 624 44
611 625 33
612 626 6
613 627 17
614 628 51
615 629 34
616 630 58
617 631 27
618 632 11
619 633 12
619 634 25
620 635 65
621 636 64
622 637 66
622 638 60
623 639 23
624 640 58
625 641 46
626 642 37
627 643 31
628 644 14
629 645 26
630 646 47
631 647 34
631 648 27
632 649 52
632 650 37
633 651 7
633 652 21
634 653 8
635 654 44
636 655 47
637 656 18
638 657 32
638 658 13
639 659 8
640 660 44
641 661 14
642 662 55
643 663 56
644 664 13
645 665 48
646 666 2
647 667 5
648 668 31
649 669 13
650 670 48
651 671 40
652 672 27
653 673 17
654 674 19
655 675 3
656 676 56
657 677 3
658 677 19
659 678 13
660 679 45
661 680 29
662 681 50
663 681 63
664 681 23
665 682 5
666 683 68
667 684 16
668 685 12
669 686 10
670 686 35
671 687 25
672 688 22
673 689 53
674 690 40
675 691 27
676 692 29
677 693 50
678 694 9
679 695 27
680 696 2
681 697 10
682 698 3
683 698 9
684 699 29
685 700 37
686 700 29
687 701 53
688 702 8
689 703 9
690 704 34
691 705 4
692 706 69
693 707 58
694 708 16
694 709 27
694 710 6
695 711 41
695 712 17
695 713 65
696 714 43
697 715 10
697 716 52
698 717 63
699 718 57
700 719 62
701 720 45
702 721 11
703 722 10
704 723 67
704 724 5
705 725 26
706 726 56
707 727 69
708 727 37
709 728 66
710 728 47
711 728 33
712 729 57
713 730 61
714 730 41
715 731 68
716 731 1
717 732 12
718 733 12
719 734 60
720 735 60
721 735 52
722 736 65
723 737 44
724 737 25
725 738 40
725 739 66
726 740 45
727 741 3
728 742 46
729 743 25
730 744 16
731 745 44
732 746 3
732 747 17
733 748 60
734 749 13
734 750 17
735 751 54
736 752 41
737 753 16
738 754 68
739 755 57
740 756 26
741 757 55
742 758 60
743 759 45
744 760 4
745 761 11
746 762 69
747 763 49
748 764 5
749 765 47
750 766 10
751 766 45
752 767 52
753 768 49
754 769 39
755 770 9
756 771 33
757 772 52
758 773 54
759 774 20
760 775 26
761 776 33
762 777 9
763 778 16
764 779 11
765 780 65
765 781 2
766 782 11
766 783 1
767 784 55
768 785 61
769 786 48
770 787 34
771 787 8
772 788 22
773 789 15
774 790 34
775 791 43
776 792 15
777 793 47
778 794 33
779 794 10
780 795 57
781 796 62
782 797 55
783 798 32
784 799 52
785 800 55
786 801 64
787 802 3
787 803 11
788 804 41
789 805 48
789 806 30
790 807 58
791 808 58
791 809 39
792 810 55
792 811 48
793 812 7
793 813 13
794 814 54
795 815 31
796 816 49
797 817 23
797 818 14
798 819 12
799 820 15
799 821 47
800 822 41
801 823 48
802 824 16
803 825 55
804 826 26
805 827 51
806 828 57
807 829 24
808 830 6
809 831 69
810 832 31
811 833 59
812 834 31
813 835 28
814 836 7
815 837 60
816 838 33
817 839 51
818 840 49
819 841 64
820 842 36
821 843 4
822 844 15
823 845 68
824 846 53
825 847 46
826 848 64
827 849 13
828 850 3
829 851 20
830 852 58
831 853 44
832 854 35
833 854 24
834 855 3
835 856 38
836 857 41
837 858 66
838 859 11
839 860 46
840 861 66
841 862 64
842 863 6
843 864 47
844 865 40
845 866 64
846 867 37
847 867 24
848 868 47
849 869 64
850 870 16
851 871 31
852 871 22
853 872 69
854 873 20
855 874 10
856 875 65
857 876 45
858 876 26
859 877 31
860 878 16
861 879 42
862 880 16
863 881 11
864 882 26
865 883 14
866 884 7
867 885 58
868 886 17
869 887 60
870 888 7
871 889 15
872 889 67
873 890 23
874 891 36
875 892 9
876 893 43
877 894 11
878 895 38
879 896 5
880 896 7
881 897 38
882 898 31
883 899 26
884 900 5
885 900 28
886 900 36
887 900 46
888 900 26
889 900 24
890 900 63
891 900 24
892 900 55
893 900 62
894 900 4
895 900 35
896 900 12
897 900 32
898 900 7
899 900 37
