1 2 22
1 3 14
1 4 28
1 5 27
1 6 33
2 7 8
2 8 29
3 9 1
3 10 30
3 11 26
4 12 28
4 13 25
4 14 38
5 15 29
5 16 10
6 17 28
6 18 30
6 19 7
6 20 12
7 21 11
8 22 2
9 23 22
10 24 4
11 25 17
12 26 26
12 27 38
13 28 38
14 29 30
15 30 34
16 31 32
17 32 35
18 33 35
19 34 24
20 35 25
21 36 29
21 37 6
21 38 7
22 39 4
23 40 39
24 41 20
24 42 15
24 43 7
24 44 25
25 45 21
25 46 32
26 47 10
26 48 2
27 49 34
27 50 7
28 51 21
28 52 8
29 53 29
30 54 18
31 55 3
31 56 34
32 57 18
32 58 5
33 59 8
34 60 3
35 61 5
36 62 10
37 63 27
38 64 25
39 65 31
40 65 9
41 66 13
42 66 28
43 66 32
44 67 36
45 67 6
46 68 4
47 69 35
48 70 20
49 71 5
50 72 32
51 72 3
52 73 29
53 74 28
54 74 35
55 74 15
56 74 23
57 75 16
58 76 32
59 77 11
60 78 22
61 79 17
62 80 19
63 81 21
64 82 21
65 83 14
66 84 27
66 85 8
67 86 24
68 87 2
69 88 30
70 89 1
71 90 24
72 91 11
72 92 34
73 93 10
74 94 35
75 95 39
76 96 19
77 97 38
78 98 38
78 99 15
79 100 9
80 101 3
81 102 18
82 103 22
83 104 7
84 105 17
85 105 3
86 106 38
87 107 34
88 107 16
89 108 36
90 109 10
91 110 23
92 111 29
93 111 37
94 112 24
95 113 2
96 113 36
97 114 9
98 115 27
99 116 2
100 116 25
101 117 4
102 118 24
103 119 21
103 120 17
104 121 25
104 122 34
105 123 5
105 124 13
106 125 38
107 126 17
108 127 34
109 128 35
110 129 7
111 130 2
112 131 2
113 132 14
114 133 11
115 134 11
116 135 31
117 136 5
118 137 18
119 138 33
119 139 28
120 140 28
121 141 12
122 142 6
123 143 38
124 144 20
125 145 3
126 146 17
127 147 16
128 148 30
129 149 37
130 150 14
131 151 32
132 152 31
133 153 22
134 154 22
135 155 13
136 156 5
137 157 19
138 158 5
139 158 23
140 159 23
141 160 18
142 161 24
143 162 15
144 163 24
145 164 19
146 165 32
147 166 38
148 167 35
149 168 17
150 169 38
151 170 29
152 171 24
153 172 17
154 172 19
155 173 31
156 174 37
157 175 39
158 175 22
159 176 39
160 177 25
161 178 23
162 178 25
163 179 28
164 180 7
165 181 4
166 182 32
167 182 38
168 183 38
169 184 4
170 185 27
171 185 6
172 186 35
173 187 21
174 188 2
174 189 23
175 190 14
176 191 22
176 192 19
177 193 5
178 194 2
178 195 36
179 196 28
179 197 17
180 198 18
181 199 3
182 200 29
183 201 35
184 202 23
184 203 19
185 204 20
185 205 12
185 206 8
185 207 5
186 208 5
187 209 22
188 210 32
189 211 18
190 211 10
191 212 11
192 213 22
193 214 35
194 215 17
195 215 2
196 216 16
197 217 18
198 217 5
199 218 34
200 219 31
201 220 14
202 220 23
203 221 11
204 222 28
205 223 17
206 224 23
207 225 6
208 225 12
209 225 29
210 226 10
211 227 10
212 228 36
213 229 31
214 230 37
215 231 5
216 232 33
216 233 37
216 234 37
217 235 11
218 236 31
219 237 33
220 238 38
221 239 10
222 240 1
223 241 21
224 242 12
225 243 25
225 244 31
226 245 27
227 246 30
228 247 14
229 248 35
230 249 27
231 249 38
232 250 31
233 251 38
234 252 15
235 253 11
236 254 26
237 255 4
238 256 10
239 257 35
240 258 15
241 259 25
242 260 35
243 261 28
244 261 3
245 262 38
246 263 22
247 264 39
248 265 32
249 266 4
250 267 37
251 268 37
252 269 31
253 270 4
254 271 4
255 271 19
256 272 25
257 273 14
258 274 5
259 275 20
260 276 20
261 277 35
262 278 18
263 279 35
264 280 10
265 281 5
266 282 32
267 283 1
268 284 28
269 285 16
270 286 3
271 287 32
272 288 9
273 289 23
274 290 7
275 291 5
276 292 34
277 293 34
278 294 19
279 295 3
279 296 27
280 297 20
281 298 39
282 299 7
283 300 38
283 301 19
284 302 23
285 303 3
286 304 5
287 305 34
288 306 18
289 307 35
290 308 10
291 309 34
292 310 37
293 311 25
293 312 10
294 313 23
295 313 32
296 314 11
297 315 1
298 315 7
299 316 36
300 317 31
301 318 18
302 319 28
303 320 14
304 320 9
305 321 35
306 321 37
307 322 27
308 323 17
309 324 12
310 325 10
311 325 13
312 326 22
313 327 26
314 328 2
315 329 9
316 330 32
316 331 9
317 332 35
318 333 32
318 334 13
319 335 24
319 336 14
320 337 3
321 338 4
321 339 16
322 340 11
322 341 9
322 342 6
322 343 35
323 344 12
323 345 9
324 346 31
325 347 29
326 348 15
326 349 38
326 350 18
327 351 5
328 352 32
329 353 3
330 354 38
331 355 26
332 356 14
333 357 4
334 358 4
335 358 25
336 359 3
337 360 2
338 361 25
339 362 25
340 363 32
341 364 10
342 365 3
343 366 16
344 367 38
345 368 10
346 369 4
347 369 23
348 370 22
349 371 26
350 372 24
351 373 18
352 374 13
353 375 8
354 375 15
355 376 39
356 377 4
357 378 38
358 379 33
359 380 24
360 381 25
361 382 35
362 383 23
363 384 17
364 385 26
365 386 14
366 387 18
367 388 4
368 389 6
369 390 31
370 391 31
371 392 2
372 393 28
373 394 38
374 395 9
375 396 28
375 397 8
376 398 4
377 399 20
378 400 36
379 401 10
380 402 38
381 403 22
382 404 17
383 405 3
384 406 11
385 407 6
386 408 15
387 409 4
388 410 4
389 411 11
390 412 38
390 413 22
391 414 29
392 415 1
393 416 7
394 417 2
395 418 13
395 419 8
396 420 23
396 421 27
397 422 34
398 423 6
399 424 24
400 425 1
401 426 8
402 427 30
403 428 7
404 429 13
405 430 10
406 431 39
407 432 9
408 433 26
409 434 35
410 435 16
411 436 1
411 437 25
412 438 28
413 439 8
414 440 37
415 441 21
416 442 8
417 443 19
418 444 38
419 445 1
420 445 28
421 446 34
422 447 12
423 448 37
424 449 33
425 450 30
426 451 21
427 452 34
428 453 6
429 454 2
430 455 12
431 456 4
432 457 34
433 457 27
434 458 34
435 459 18
436 460 30
437 461 25
438 462 33
439 463 11
440 464 27
441 465 16
442 466 1
443 467 1
444 467 12
445 467 10
446 467 11
447 468 35
448 468 29
449 468 35
450 469 18
451 469 8
452 470 16
453 471 12
454 472 26
455 472 24
456 473 22
457 473 15
458 474 39
459 475 28
460 476 23
461 477 32
462 478 39
463 479 3
464 480 6
465 480 35
466 481 20
467 482 6
468 483 33
469 484 8
470 485 4
471 486 19
472 487 21
473 488 32
473 489 20
474 490 31
475 491 22
476 492 13
476 493 32
477 494 23
478 495 37
479 496 31
479 497 19
480 498 38
481 499 32
482 500 9
482 501 39
483 502 16
484 503 6
484 504 12
485 505 9
485 506 22
486 507 1
487 508 31
488 509 25
489 510 12
489 511 20
490 512 15
491 513 28
491 514 30
492 515 2
493 516 35
494 517 34
494 518 32
495 519 20
495 520 12
496 521 18
497 522 12
498 523 8
499 524 2
500 525 16
501 526 33
502 527 29
503 528 21
504 529 38
505 530 25
506 531 11
507 532 23
508 532 3
509 533 18
510 534 22
511 535 21
512 535 36
513 536 11
514 537 7
515 538 35
516 539 18
517 539 36
518 540 27
519 540 9
520 541 29
521 542 36
522 542 29
523 543 27
524 544 39
525 545 37
526 546 23
527 547 3
528 547 16
529 547 12
530 548 15
531 549 28
532 550 3
533 551 13
534 551 3
535 552 24
536 553 17
537 554 37
538 555 17
539 555 24
540 556 9
541 557 10
542 557 21
543 558 33
544 558 1
545 559 36
546 560 39
546 561 33
547 562 2
547 563 9
548 564 21
548 565 20
549 566 9
549 567 27
550 568 28
551 569 5
552 570 36
553 571 21
553 572 29
553 573 21
554 574 30
554 575 39
555 576 26
555 577 12
556 578 19
557 579 17
558 580 31
559 581 39
560 581 35
561 582 6
562 582 13
563 582 7
564 583 26
565 584 38
566 584 7
567 585 7
568 586 32
569 587 31
570 588 32
571 588 28
572 588 35
573 589 29
574 589 3
575 590 20
576 591 27
577 592 27
578 593 29
579 593 6
580 594 4
581 595 17
582 596 39
583 597 19
583 598 22
584 599 22
585 600 13
585 601 14
585 602 24
585 603 5
586 604 4
587 605 37
588 606 2
589 607 35
590 608 21
590 609 2
591 610 39
591 611 34
592 612 10
593 613 28
594 614 9
595 615 28
596 616 19
596 617 37
597 618 2
598 619 22
599 620 29
600 621 20
601 622 24
602 623 37
603 624 31
604 625 2
604 626 36
605 627 18
606 628 35
607 629 21
608 630 37
609 631 38
610 632 25
611 633 24
611 634 30
612 635 28
613 636 33
614 637 33
615 638 8
616 638 31
617 639 16
618 639 4
619 640 12
620 640 38
621 641 29
622 641 34
623 642 31
624 643 29
625 644 34
626 645 21
627 646 8
628 647 38
629 647 32
630 648 22
631 649 20
632 649 24
633 650 12
634 651 29
635 652 1
636 653 1
637 654 9
638 655 24
639 656 14
639 657 39
640 658 11
640 659 9
641 660 7
642 661 27
642 662 6
643 663 10
643 664 6
644 665 21
645 666 36
646 667 2
647 668 3
647 669 26
648 670 16
649 671 25
650 672 18
651 673 3
652 674 20
653 675 28
654 676 12
654 677 9
654 678 39
655 679 18
656 680 34
657 681 13
658 682 30
659 682 30
660 683 23
661 684 11
662 684 23
663 685 35
664 686 28
665 687 12
666 688 22
667 689 26
668 690 36
669 691 39
670 692 2
671 693 38
672 694 25
673 694 12
674 695 16
675 696 17
676 696 38
677 697 28
678 697 9
679 698 36
680 699 18
680 700 8
681 701 14
682 702 26
682 703 8
683 704 11
683 705 13
684 706 26
685 707 2
686 708 23
687 709 21
688 710 5
689 711 34
690 712 17
691 713 2
692 714 5
693 715 11
693 716 3
694 717 4
694 718 9
695 719 6
696 720 20
697 721 9
698 722 4
699 723 31
700 724 31
701 725 38
702 726 17
703 727 13
704 727 30
705 728 11
706 729 30
707 730 9
708 731 11
709 731 10
710 732 8
711 733 30
712 733 28
713 734 33
714 735 31
715 736 26
716 737 36
717 737 13
718 738 8
719 739 1
720 739 31
721 740 20
722 741 23
722 742 17
723 743 37
724 744 20
725 745 28
726 746 19
727 747 37
728 748 26
729 749 2
730 750 16
731 751 31
732 752 16
733 753 27
734 754 31
735 755 30
736 756 37
737 757 19
737 758 5
737 759 25
738 760 30
739 761 19
740 762 10
741 763 18
742 764 17
743 765 32
744 766 9
745 767 32
746 768 10
747 768 28
748 769 8
749 770 17
750 771 23
751 772 7
752 773 31
753 774 11
754 774 8
755 775 23
756 776 37
757 777 28
758 778 29
759 779 1
760 780 22
761 781 14
762 782 7
763 783 23
764 784 15
765 785 10
766 786 28
767 787 19
768 788 29
769 789 11
770 790 5
771 791 5
772 792 11
773 793 24
774 794 26
775 795 13
776 796 16
777 797 12
778 798 24
779 799 22
780 800 2
781 801 21
782 802 22
782 803 3
783 804 2
784 805 24
785 806 6
786 807 5
787 808 20
788 809 26
789 810 2
790 811 34
791 812 8
792 813 39
792 814 2
793 815 29
793 816 28
794 817 22
795 818 19
796 819 38
797 820 29
798 821 29
799 822 11
800 823 12
801 824 1
801 825 13
802 826 16
803 827 10
804 828 3
805 829 19
806 830 32
807 831 31
808 832 31
809 833 12
810 834 9
811 835 5
812 835 33
813 836 20
814 837 9
815 838 33
816 839 30
817 839 16
818 840 20
819 841 14
820 841 33
821 841 18
822 842 27
823 843 26
824 844 1
825 845 27
826 846 1
827 846 34
828 847 1
829 848 12
830 849 10
831 850 5
832 851 25
833 851 15
834 852 15
835 853 30
836 853 7
837 854 29
838 854 12
839 855 1
840 856 28
841 857 30
842 857 13
843 858 29
844 859 30
845 859 21
846 860 2
847 861 17
848 862 25
849 863 23
849 864 37
850 865 30
850 866 23
851 867 37
852 868 24
853 869 5
853 870 25
853 871 10
854 872 9
854 873 9
855 874 7
856 875 35
857 876 4
858 877 35
858 878 30
859 879 10
860 880 30
861 881 20
862 882 24
863 883 12
864 884 24
865 885 22
866 886 31
867 886 31
868 887 32
869 888 31
870 889 25
871 890 37
872 891 5
873 892 18
874 893 25
875 894 6
876 895 33
877 896 14
878 897 30
879 898 29
880 899 38
881 900 11
882 900 32
883 900 27
884 900 31
885 900 18
886 900 37
887 900 35
888 900 34
889 900 37
890 900 9
891 900 33
892 900 1
893 900 34
894 900 39
895 900 38
896 900 23
897 900 26
898 900 22
899 900 18
