1 2 5
1 3 7
1 4 6
1 5 5
2 6 5
2 7 1
3 8 5
3 9 7
3 10 1
4 11 1
5 12 7
5 13 3
6 14 4
7 15 2
7 16 3
8 17 2
9 18 2
10 19 2
10 20 7
11 21 3
12 22 7
13 23 2
14 24 1
15 25 2
16 25 7
17 26 6
18 27 6
19 28 4
20 28 5
21 29 5
22 30 6
23 31 4
24 32 3
25 33 6
26 34 2
26 35 7
27 36 2
28 37 4
29 38 2
29 39 2
30 40 7
31 41 5
31 42 4
32 43 7
33 44 2
34 45 1
35 46 6
36 47 4
37 48 2
38 49 1
39 50 6
40 51 2
41 52 2
42 53 1
43 54 2
44 55 4
45 56 5
46 57 1
47 58 5
48 59 3
49 60 6
50 61 2
51 62 1
52 63 6
53 64 7
54 65 4
55 66 6
56 67 6
57 68 6
58 69 4
59 70 7
59 71 5
60 72 3
61 73 2
62 74 2
62 75 1
63 76 4
63 77 2
63 78 6
64 79 3
64 80 7
64 81 4
65 82 7
66 83 1
67 84 3
68 84 3
69 85 4
70 85 6
71 86 6
72 86 2
73 86 7
74 87 5
75 88 7
76 88 6
77 89 4
78 90 4
79 91 5
80 92 6
81 92 2
82 93 5
83 94 5
84 95 7
85 96 1
86 97 6
87 98 4
88 99 2
89 100 3
90 101 2
91 101 2
92 102 6
93 103 7
94 104 7
95 105 7
95 106 7
96 107 3
97 108 7
98 109 4
99 110 7
100 111 2
101 112 1
101 113 7
102 114 1
103 115 7
104 115 3
105 116 4
106 117 6
107 117 7
108 118 2
109 118 2
110 118 3
111 118 6
112 119 2
113 120 2
114 120 1
115 121 4
115 122 6
116 123 2
116 124 7
117 125 7
117 126 7
118 127 5
118 128 7
119 129 1
119 130 6
119 131 1
120 132 7
121 133 2
122 134 5
123 135 7
124 136 7
125 137 6
126 137 2
127 137 4
128 137 6
129 138 4
130 138 7
131 139 4
132 139 5
133 140 5
133 141 4
133 142 4
133 143 3
134 144 1
134 145 5
134 146 4
134 147 5
135 148 5
135 149 7
135 150 1
136 151 5
136 152 6
136 153 5
136 154 3
137 155 7
137 156 2
138 157 2
138 158 7
138 159 2
139 160 2
139 161 3
140 162 3
141 163 5
142 164 7
143 165 2
144 165 7
145 165 6
146 166 6
147 167 7
148 167 4
149 168 1
150 169 3
151 169 4
152 169 1
153 170 1
154 171 6
155 171 5
156 172 5
157 172 6
158 173 4
159 174 6
160 174 5
161 174 6
162 175 1
163 176 5
164 177 6
165 178 2
166 179 4
167 180 2
168 180 7
169 181 6
170 182 3
171 183 3
172 184 2
173 185 4
174 186 5
175 187 5
176 188 2
177 189 3
178 189 7
179 190 3
180 190 2
181 190 4
182 191 5
183 192 3
184 192 2
185 193 3
186 193 2
187 194 2
187 195 2
188 196 7
188 197 4
188 198 4
188 199 5
189 200 7
189 201 2
190 202 2
191 203 1
192 204 6
193 205 2
194 206 4
195 207 4
196 208 4
197 209 1
198 210 7
199 211 6
200 212 6
201 212 1
202 213 3
203 214 2
204 215 4
205 216 5
206 217 1
207 218 5
208 219 5
209 220 7
210 221 4
211 222 1
212 222 2
213 223 2
214 224 6
215 225 2
216 226 3
217 227 5
218 227 6
219 228 7
220 229 6
221 230 6
222 231 2
223 231 5
224 232 7
225 233 4
226 233 6
227 234 2
227 235 5
228 236 6
228 237 3
229 238 4
229 239 3
230 240 3
231 241 2
232 242 6
232 243 3
233 244 4
233 245 5
234 246 1
235 246 2
236 247 2
237 248 7
238 249 6
239 249 1
240 250 6
241 251 3
242 252 2
243 253 3
244 254 6
245 254 5
246 255 5
247 256 2
247 257 4
248 258 3
249 259 4
250 260 5
251 261 2
252 262 2
252 263 4
253 264 7
254 265 2
255 266 3
256 267 4
257 268 5
258 268 2
259 269 3
260 270 7
261 271 1
262 272 6
263 273 1
264 274 7
265 275 4
266 276 2
267 277 5
268 277 3
269 278 2
270 279 5
271 280 3
272 281 5
273 282 4
274 283 5
275 284 4
276 285 6
277 286 1
278 287 3
278 288 1
279 289 3
279 290 7
280 291 2
280 292 2
281 293 3
281 294 3
282 295 5
282 296 2
283 297 1
283 298 4
284 299 7
285 300 1
286 300 1
287 300 4
288 300 2
289 300 6
290 300 1
291 300 7
292 300 7
293 300 5
294 300 5
295 300 1
296 300 6
297 300 1
298 300 4
299 300 1
