1 2 16
1 3 27
1 4 36
1 5 37
2 6 57
2 7 19
2 8 53
2 9 6
2 10 55
3 11 49
3 12 20
3 13 51
3 14 37
3 15 52
4 16 2
4 17 18
4 18 21
4 19 51
5 20 58
5 21 17
5 22 32
5 23 34
5 24 6
6 25 8
7 25 46
8 26 45
9 27 7
10 28 32
11 29 25
12 29 3
13 30 56
14 30 23
15 31 36
16 31 17
17 32 57
18 33 48
19 34 19
20 35 36
21 36 38
22 36 19
23 36 14
24 37 50
25 38 45
25 39 14
26 40 10
27 41 56
28 42 18
28 43 46
28 44 15
29 45 38
30 46 52
31 47 50
31 48 23
31 49 30
32 50 16
33 51 33
34 52 44
35 53 52
35 54 27
36 55 4
37 56 53
37 57 8
38 58 20
39 59 53
40 60 33
41 61 54
42 62 16
43 63 7
44 64 31
45 65 53
46 66 52
47 67 3
48 68 8
49 69 6
50 70 5
51 71 30
52 72 59
53 73 41
54 74 30
55 75 23
56 76 8
57 77 3
58 78 49
59 79 48
60 80 55
61 81 37
62 82 45
63 83 53
64 84 30
65 85 16
66 86 14
67 87 44
68 88 46
69 89 48
70 90 1
71 91 4
72 92 2
73 93 39
74 94 36
75 95 1
76 96 28
77 97 43
78 98 51
79 99 55
80 100 46
81 101 26
82 102 2
83 103 28
84 104 4
85 105 35
86 106 48
87 107 23
88 108 13
89 109 26
90 110 21
91 111 34
92 112 59
93 113 34
94 114 40
95 115 14
96 116 39
97 117 44
98 118 21
99 119 57
100 120 49
101 121 56
102 122 26
103 122 32
104 123 31
105 124 38
106 125 54
107 126 4
108 126 41
109 127 7
110 127 31
111 128 15
112 129 40
113 130 11
114 131 6
115 132 9
116 133 37
117 134 12
118 135 29
119 136 5
120 137 48
121 138 22
122 138 17
123 139 20
124 140 55
125 141 35
126 142 30
127 143 46
128 144 49
129 145 51
130 146 37
131 146 54
132 147 56
133 147 28
134 148 39
135 149 27
136 150 39
137 151 6
137 152 3
138 153 47
139 154 28
140 155 11
141 156 47
142 157 34
142 158 17
143 159 30
144 160 40
145 161 5
146 162 50
147 163 19
148 164 35
149 165 15
150 165 34
151 166 18
152 167 56
153 168 48
154 169 42
155 169 53
156 170 26
157 171 28
158 172 35
159 173 38
160 174 49
161 174 49
162 175 30
163 176 57
164 177 47
165 178 15
166 179 48
167 180 34
168 181 53
169 182 9
170 183 50
171 184 50
172 185 30
173 186 52
174 187 15
175 188 51
176 189 48
177 190 24
177 191 38
178 192 48
179 193 56
180 194 28
181 195 7
182 196 24
183 197 2
184 198 51
185 199 48
186 200 2
187 201 45
188 201 38
189 202 52
190 203 6
191 204 13
192 205 25
192 206 11
193 207 39
194 208 50
194 209 40
195 210 26
196 211 48
196 212 46
197 213 2
198 214 26
199 215 10
199 216 29
199 217 5
200 218 3
201 219 46
202 220 22
203 221 53
203 222 45
204 223 35
204 224 15
205 225 40
206 226 8
207 226 19
208 227 27
209 228 30
210 229 25
211 230 34
212 231 41
213 232 26
214 233 27
215 234 29
216 235 8
217 236 6
218 237 16
219 238 49
220 239 42
221 239 37
222 240 38
223 241 59
224 242 1
225 243 23
226 244 13
227 245 52
228 245 53
229 246 29
230 247 19
231 247 20
232 247 1
233 248 45
234 249 10
235 250 6
236 250 3
237 251 3
238 252 35
239 253 56
240 253 22
241 254 29
242 255 51
243 256 4
244 257 54
245 258 11
246 259 39
247 260 12
248 261 17
249 262 57
250 263 44
251 264 8
252 265 42
253 266 27
254 267 39
255 268 53
256 269 53
256 270 35
257 271 1
257 272 16
258 273 1
259 274 51
260 275 13
261 276 14
262 277 24
262 278 7
262 279 22
262 280 56
262 281 23
263 282 41
264 283 29
265 284 19
266 285 19
267 286 58
268 287 3
269 288 43
270 289 21
271 290 36
272 291 6
273 292 16
274 293 38
275 294 54
276 295 54
277 296 47
278 296 19
279 297 17
280 298 50
281 299 1
282 300 43
283 301 50
284 302 7
285 303 52
286 304 49
287 305 16
288 306 47
289 307 58
290 308 35
291 309 10
292 310 28
293 311 34
294 312 23
295 313 5
295 314 51
296 315 9
297 316 9
298 317 35
299 318 28
300 319 19
301 320 31
302 321 38
303 322 50
304 323 35
305 324 47
306 325 56
307 325 43
308 326 2
309 327 12
310 328 36
311 329 22
312 330 7
313 331 21
314 332 49
315 333 45
316 334 40
317 335 39
318 336 35
319 337 14
320 337 28
321 337 32
322 338 47
323 339 32
324 340 17
325 341 9
326 342 39
327 343 34
328 344 37
329 345 25
330 346 34
330 347 17
330 348 39
331 349 44
332 350 44
332 351 4
333 352 28
334 353 9
335 354 24
336 355 33
337 356 39
338 357 9
339 358 52
340 359 30
341 360 33
342 361 53
343 361 56
344 362 20
345 363 31
346 364 29
347 365 33
348 365 7
349 366 33
350 366 58
351 367 56
352 367 41
353 368 29
354 369 33
355 369 34
356 370 7
357 371 19
358 371 56
359 372 50
360 373 41
361 374 32
362 375 55
363 376 26
364 377 47
365 378 11
366 379 32
367 380 25
368 381 4
369 382 55
370 383 50
371 384 15
372 385 31
373 386 29
373 387 19
374 388 54
375 389 10
375 390 43
376 391 44
377 392 18
378 393 51
379 394 46
380 395 8
381 396 18
382 397 36
383 398 53
384 399 11
384 400 25
385 401 52
386 402 32
387 403 31
388 404 24
389 405 5
390 406 20
391 407 14
392 407 14
393 408 30
394 409 25
395 410 52
396 410 26
397 411 31
398 411 22
399 412 16
400 412 13
401 413 6
402 414 50
403 415 47
404 416 26
404 417 28
405 418 26
405 419 54
406 420 59
406 421 24
406 422 17
407 423 2
408 424 31
409 425 55
409 426 43
410 427 56
410 428 44
411 429 10
412 430 5
412 431 36
412 432 32
413 433 37
414 434 3
415 434 34
416 434 43
417 435 35
418 436 14
419 437 13
420 438 14
421 439 55
422 439 39
423 440 40
424 441 36
425 441 39
426 442 8
427 442 44
428 442 22
429 443 9
430 443 3
431 444 58
432 444 9
433 445 45
434 446 9
435 447 14
436 448 26
437 449 52
437 450 11
438 451 57
439 452 26
439 453 17
439 454 59
440 455 3
440 456 44
440 457 38
441 458 36
441 459 57
441 460 35
442 461 53
442 462 27
443 463 47
444 464 3
445 465 2
446 466 7
447 466 58
448 467 58
449 468 28
450 469 6
451 469 54
452 469 24
453 470 48
454 471 17
455 471 44
456 472 30
457 473 43
458 473 32
459 474 2
460 474 55
461 474 51
462 474 37
463 475 41
464 476 48
465 477 21
466 478 33
467 479 39
468 480 8
469 481 38
470 482 58
470 483 3
471 484 8
472 485 59
472 486 5
473 487 26
474 488 17
475 489 1
475 490 15
476 491 7
477 492 40
478 493 52
479 493 9
480 494 43
481 495 4
482 496 24
483 497 44
484 498 32
485 499 6
486 500 6
487 501 36
488 502 17
489 502 40
490 503 44
491 504 49
492 505 7
493 506 20
493 507 12
494 508 20
494 509 1
495 510 23
496 511 48
496 512 16
497 513 30
498 514 53
499 515 36
499 516 38
499 517 49
500 518 21
501 519 42
502 520 34
503 521 23
504 522 21
504 523 25
505 524 1
505 525 58
506 526 25
507 527 7
508 528 59
509 529 26
510 529 36
511 530 18
512 531 56
513 531 20
514 532 37
515 532 37
516 533 43
517 534 10
518 535 6
519 535 4
520 535 56
521 536 12
522 537 25
523 538 25
524 539 18
525 539 30
526 540 25
526 541 12
527 542 33
528 543 56
529 544 53
530 545 40
531 546 36
532 547 2
533 548 20
534 549 53
535 550 47
536 551 4
537 552 19
538 553 16
539 554 26
540 555 18
541 556 38
542 557 52
543 558 23
544 558 4
545 559 40
546 560 6
547 561 53
548 562 48
549 563 48
550 564 52
551 565 27
552 566 8
553 567 17
554 568 30
555 569 33
556 570 7
557 571 33
557 572 27
558 573 50
559 574 52
560 575 4
561 576 32
562 577 41
563 578 17
564 579 32
565 580 57
565 581 33
565 582 49
566 583 37
567 584 35
568 585 53
569 586 41
570 587 37
571 588 32
572 589 10
573 590 20
574 591 26
575 592 33
575 593 10
576 594 22
576 595 36
577 596 11
578 597 4
579 598 38
580 599 25
581 600 31
582 601 42
583 602 9
584 603 38
585 604 41
585 605 24
586 606 58
587 607 36
588 608 48
589 609 45
590 610 53
591 611 53
592 612 24
593 613 34
594 614 37
595 615 41
596 616 33
597 617 3
598 618 49
599 619 48
600 620 14
601 621 40
602 622 52
603 623 52
604 624 57
605 625 24
606 626 11
607 626 5
608 627 31
609 628 56
610 629 25
611 630 22
612 630 34
613 630 21
614 631 2
615 632 15
616 633 1
617 634 30
618 635 21
619 636 43
620 636 4
621 636 59
622 637 7
623 638 33
624 639 45
625 639 33
626 640 11
627 641 10
628 642 43
629 643 39
630 644 35
631 645 56
632 646 57
633 646 49
634 647 4
635 648 52
636 649 59
637 650 31
638 651 56
639 652 33
640 653 21
640 654 46
641 655 14
642 656 3
643 657 22
644 658 51
645 659 37
646 660 28
647 661 24
648 662 2
648 663 49
649 664 59
649 665 50
650 666 39
651 667 57
652 668 22
652 669 6
653 670 1
654 671 43
655 672 29
656 673 53
657 674 43
658 675 24
659 676 52
660 677 41
661 678 22
662 678 9
663 679 35
664 679 41
665 680 10
666 681 53
667 682 30
668 683 1
669 684 11
670 685 25
671 686 20
672 687 12
673 688 24
673 689 45
674 690 51
675 691 8
676 692 49
677 693 47
677 694 7
678 695 11
679 696 19
679 697 53
680 698 31
681 699 19
682 700 34
683 701 17
683 702 17
683 703 21
684 704 52
685 705 18
686 706 5
687 707 7
688 708 53
689 709 31
690 710 52
691 711 33
692 712 16
693 713 42
694 714 17
695 715 20
696 716 46
697 717 8
698 718 52
699 719 55
700 720 52
701 721 6
702 722 7
703 723 50
704 724 35
705 725 11
706 726 20
707 727 29
708 728 10
709 728 31
710 729 16
711 730 20
712 731 27
713 731 5
714 731 36
715 732 5
716 733 16
717 734 56
718 735 1
719 736 17
720 737 42
721 737 5
722 738 33
723 738 30
724 738 7
725 739 40
725 740 51
726 741 14
727 742 54
727 743 25
728 744 13
728 745 9
729 746 27
730 747 2
731 748 19
732 749 35
733 750 13
734 751 26
735 752 30
736 753 14
737 754 37
737 755 48
738 756 2
739 757 44
740 758 28
741 758 46
742 759 16
743 760 37
744 761 44
745 761 45
746 762 43
747 762 14
748 762 27
749 763 42
750 764 40
751 765 1
752 766 35
753 767 41
754 768 58
755 768 30
756 769 12
757 770 47
758 771 9
759 772 56
760 773 46
761 774 38
762 775 13
763 776 42
764 777 52
765 778 13
765 779 31
766 780 15
767 781 12
768 782 27
769 783 55
770 784 14
771 785 33
772 786 5
773 787 45
774 788 52
775 789 1
776 790 53
777 791 41
778 791 51
779 792 47
780 793 54
781 794 12
782 795 9
783 796 55
784 797 36
785 798 8
786 799 5
787 800 57
788 801 57
789 802 43
790 803 37
791 804 8
791 805 7
792 806 31
793 807 5
794 808 14
795 809 25
796 810 30
797 811 8
798 812 3
799 813 53
800 814 23
801 815 1
802 816 10
803 817 34
804 818 14
805 819 34
806 820 21
807 821 50
808 821 1
809 821 46
810 822 38
811 823 7
812 824 57
813 825 14
813 826 37
814 827 18
815 828 21
816 829 37
817 830 57
817 831 8
818 832 48
819 833 53
820 834 29
820 835 21
821 836 48
822 837 29
823 838 18
824 839 3
825 840 38
826 841 14
827 842 59
828 843 53
829 843 32
830 844 23
831 845 48
832 846 49
833 847 36
834 847 8
835 847 10
836 848 26
837 849 37
838 850 17
839 851 47
839 852 8
840 853 10
840 854 57
841 855 21
842 856 47
842 857 47
843 858 33
843 859 26
844 860 31
845 861 11
845 862 18
846 863 58
847 864 35
847 865 3
848 866 55
848 867 50
849 868 2
849 869 41
850 870 8
851 871 40
852 871 7
853 872 21
854 873 11
855 874 30
856 875 16
857 876 51
858 877 38
859 878 33
860 879 44
861 879 29
862 880 4
863 881 2
864 881 7
865 882 38
866 883 18
867 884 2
868 885 18
869 886 49
870 887 57
871 888 53
872 889 35
873 890 32
874 891 38
875 892 39
876 892 50
877 893 53
878 894 59
879 895 56
880 896 40
881 896 50
882 896 14
883 897 42
884 897 36
885 898 30
886 899 58
887 900 33
888 900 14
889 900 14
890 900 59
891 900 39
892 900 22
893 900 14
894 900 47
895 900 49
896 900 9
897 900 5
898 900 2
899 900 43
