19 17 13 10
1 3 2 2
9 10 9 11
4 7 8 6
6 10 4 6
17 10 15 15
23 10 23 13
16 14 23 13
10 11 11 5
7 5 4 3
12 6 10 6
6 13 16 11
3 2 2 1
2 3 2 2
2 1 1 2
2 2 2 2
12 9 9 9
13 16 16 10
14 14 21 21
12 18 10 8
11 11 9 8
12 10 6 18
9 6 9 6
9 7 9 7
1 1 2 1
1 1 3 1
10 7 8 10
22 12 16 11
8 24 10 23
4 5 9 5
8 6 7 8
10 13 20 20
4 6 9 5
23 12 15 18
19 20 8 13
15 10 12 18
13 11 9 10
13 17 8 20
19 11 12 15
14 8 20 7
4 8 8 5
4 6 2 2
14 9 22 22
4 3 3 2
11 7 15 15
8 8 6 9
5 3 2 6
2 2 3 6
20 18 9 12
8 14 10 20
12 6 9 13
12 7 4 9
3 2 2 2
21 15 23 20
4 4 9 8
18 13 20 16
10 14 7 11
2 2 2 2
7 3 3 7
3 3 8 6
11 16 16 15
2 1 2 1
2 2 3 4
6 6 6 3
15 6 7 15
2 1 3 1
14 7 18 17
9 6 10 7
7 14 7 16
8 9 9 5
10 4 8 7
4 3 6 3
2 5 2 2
9 11 9 17
13 9 7 15
9 11 12 10
6 12 9 5
10 10 15 11
3 2 2 3
4 3 4 5
5 8 8 7
6 7 12 13
1 1 2 1
20 10 14 11
11 14 14 7
15 7 16 20
2 4 4 3
12 14 13 15
3 3 6 9
2 1 1 1
1 2 2 2
10 5 12 10
12 12 6 16
12 14 11 7
1 2 2 2
3 5 2 5
1 2 1 1
9 13 9 14
5 2 3 5
7 4 9 11
7 10 9 7
13 12 9 15
16 12 10 17
2 3 4 2
10 10 9 4
11 9 6 12
24 11 13 12
10 9 22 23
10 9 6 8
10 14 16 12
9 10 16 6
7 6 8 5
10 8 5 7
2 1 1 2
4 2 3 2
5 2 4 4
6 3 4 3
3 5 6 2
3 4 2 2
8 11 10 7
1 1 1 1
7 12 13 8
18 11 9 9
12 6 4 10
2 1 1 2
9 8 8 6
5 13 7 11
3 4 4 5
7 7 8 5
13 7 11 7
13 11 14 8
9 20 16 12
1 3 2 3
2 3 5 4
9 13 7 7
8 9 12 12
9 8 13 14
7 11 11 10
11 10 9 7
2 1 3 3
2 5 2 3
8 17 11 7
10 11 13 6
5 3 5 5
12 11 8 5
6 2 3 3
1 2 1 1
16 14 19 19
10 17 16 17
16 10 10 10
6 7 9 7
9 5 6 15
3 4 4 2
10 5 10 6
4 6 8 7
6 2 6 2
5 3 4 8
2 5 2 2
24 11 15 11
14 7 10 8
1 2 2 1
9 7 6 5
15 21 15 8
9 5 7 4
12 14 18 15
7 7 11 7
19 11 21 9
7 12 13 12
15 13 10 14
18 11 12 14
3 5 9 3
2 4 6 4
8 6 6 8
11 12 9 8
18 23 17 13
10 5 5 11
9 13 8 17
23 20 23 8
10 7 10 7
8 9 5 4
2 3 2 3
11 18 7 17
1 1 1 1
10 6 14 16
7 3 3 7
11 11 8 11
14 11 5 10
6 4 11 9
10 10 15 8
3 3 3 3
7 8 11 4
3 3 2 1
15 17 23 18
7 8 9 11
3 5 3 4
2 5 4 4
6 5 4 6
17 7 9 6
15 19 19 17
18 14 11 20
5 10 13 13
5 6 9 8
9 4 6 7
14 17 11 12
20 16 17 18
15 16 16 6
9 6 8 5
10 10 7 8
20 18 8 8
10 13 14 14
9 6 8 7
15 13 15 15
11 12 10 5
11 10 17 16
5 7 7 9
12 15 12 8
17 19 12 15
6 8 5 7
1 2 1 3
6 14 8 11
17 10 8 8
8 7 10 11
7 8 11 4
2 4 2 2
17 11 12 16
8 15 8 10
12 16 18 18
19 12 20 19
9 5 10 10
1 2 2 2
14 16 14 12
1 2 1 2
1 2 1 2
6 4 5 6
4 6 8 5
5 9 6 9
7 12 11 15
14 10 8 9
6 15 11 9
15 7 9 11
4 4 3 3
7 12 15 7
1 2 2 2
4 7 9 11
3 5 2 2
15 13 18 8
1 2 1 1
4 3 3 2
17 8 11 18
13 10 5 5
23 18 16 13
11 12 10 7
9 8 11 12
4 8 11 5
8 10 13 11
18 8 20 16
1 2 1 1
6 4 7 9
6 6 3 5
7 17 14 10
3 5 3 3
3 2 1 2
14 14 12 18
2 2 1 2
1 3 3 1
6 2 3 5
6 4 5 5
8 5 7 6
11 14 14 7
12 12 7 14
7 9 10 14
20 14 11 17
2 5 3 5
14 13 18 13
6 11 12 4
6 11 11 10
14 12 12 14
4 2 3 5
16 9 7 6
6 7 6 5
15 17 22 9
18 18 10 11
5 14 13 5
3 6 3 3
17 14 8 23
15 12 16 8
8 9 9 10
1 1 1 1
11 5 10 4
19 19 13 14
5 4 8 6
9 5 11 5
3 9 5 6
5 14 6 5
10 12 10 10
15 16 7 12
10 7 19 18
13 10 12 15
4 8 6 3
1 1 2 1
