1 2 33
1 3 29
1 4 40
2 5 10
2 6 7
2 7 27
3 8 44
3 9 43
4 10 29
4 11 36
5 12 49
5 13 16
6 14 11
7 15 24
7 16 35
8 17 32
9 18 41
10 19 31
11 20 41
12 21 31
13 22 29
14 23 2
15 24 10
16 25 22
17 26 38
18 27 10
19 28 33
20 29 6
20 30 5
21 31 26
22 32 43
23 33 6
24 34 11
25 35 33
26 36 28
27 37 19
28 38 5
29 39 14
30 40 27
31 41 4
31 42 4
32 43 31
33 44 14
34 45 28
35 46 36
36 47 6
36 48 32
37 49 34
37 50 28
38 51 25
39 52 39
40 53 42
41 54 7
42 54 33
43 55 6
44 55 14
45 56 6
46 57 3
47 58 28
48 58 44
49 59 49
50 60 44
51 61 31
52 62 25
53 63 31
54 64 5
55 65 10
56 66 36
57 67 4
58 68 34
59 69 28
60 69 39
61 69 3
62 70 38
63 70 9
64 71 42
65 72 4
66 73 28
66 74 39
67 75 15
68 76 1
68 77 8
69 78 31
70 79 4
71 80 3
72 81 13
73 82 31
74 83 19
74 84 40
75 85 2
76 86 28
77 87 39
78 88 12
79 89 15
80 90 17
81 91 38
82 92 2
83 93 11
83 94 26
84 95 24
84 96 29
85 97 31
86 98 29
87 99 33
87 100 21
88 101 27
89 102 22
89 103 30
90 104 18
91 105 36
92 106 27
93 107 13
94 108 7
95 109 10
96 110 13
97 111 49
98 112 20
99 112 22
100 113 36
101 113 38
102 114 11
103 115 23
104 116 40
105 116 14
106 117 37
107 118 1
108 119 39
109 120 42
110 121 41
111 122 43
112 123 32
113 124 18
114 125 5
115 126 18
116 127 17
117 128 18
118 128 11
119 129 25
120 130 7
121 131 49
122 132 45
123 133 15
124 134 11
125 135 29
126 136 34
127 137 47
127 138 23
128 139 45
128 140 27
128 141 9
129 142 23
129 143 41
129 144 31
129 145 44
130 146 34
130 147 17
130 148 37
131 149 12
131 150 42
131 151 12
131 152 13
132 153 19
132 154 32
133 155 39
133 156 1
134 157 4
135 158 18
135 159 4
136 160 13
136 161 48
136 162 13
136 163 30
137 164 25
138 164 13
139 165 30
140 165 23
141 166 7
142 166 16
143 167 25
144 167 11
145 167 19
146 168 29
147 169 45
148 170 34
149 170 14
150 171 1
151 171 24
152 171 32
153 172 48
154 172 41
155 172 2
156 172 46
157 173 1
158 173 5
159 174 11
160 174 36
161 174 4
162 175 33
163 175 49
164 176 48
165 176 34
166 176 48
167 177 45
168 178 28
169 178 45
170 179 30
171 180 34
172 180 44
173 181 37
174 181 17
175 182 14
176 183 21
177 184 39
177 185 10
177 186 1
177 187 36
178 188 30
178 189 20
179 190 43
180 191 48
181 192 12
182 193 35
183 194 33
184 195 47
185 196 42
186 197 42
187 198 31
188 199 10
189 200 27
190 201 16
190 202 22
191 203 37
192 204 49
193 205 47
194 206 2
195 207 39
196 208 26
197 209 2
198 210 9
199 211 26
200 212 44
201 213 11
202 214 41
203 215 8
204 216 23
205 217 8
206 218 36
207 219 43
208 220 48
209 221 49
210 222 6
211 223 18
212 224 48
212 225 30
213 226 20
214 227 13
215 228 34
216 229 30
217 230 8
218 231 20
219 232 3
220 232 17
221 233 6
222 233 22
223 234 48
224 235 14
225 235 6
226 235 32
227 236 20
228 236 32
229 237 42
230 238 47
231 239 29
232 240 29
232 241 32
233 242 22
234 243 10
235 244 42
236 245 28
236 246 36
237 247 28
237 248 40
238 249 24
239 250 25
240 251 14
241 252 32
242 253 36
243 254 45
244 254 14
245 254 39
246 255 15
247 256 9
248 257 13
249 257 26
250 258 10
251 259 43
252 260 37
253 261 13
254 262 5
255 263 10
256 264 40
256 265 22
257 266 16
258 267 46
259 268 38
260 269 42
260 270 46
260 271 3
261 272 22
261 273 38
262 274 32
263 275 5
264 276 39
265 277 49
266 278 13
267 279 42
268 280 38
269 280 3
270 281 29
271 282 48
272 283 33
273 284 17
274 284 26
275 285 31
276 286 20
277 286 13
278 287 42
279 288 13
280 289 2
280 290 43
280 291 35
281 292 31
282 293 31
283 294 14
284 295 39
285 296 19
285 297 34
286 298 44
287 299 44
288 300 1
289 300 25
290 300 30
291 300 6
292 300 44
293 300 36
294 300 14
295 300 17
296 300 38
297 300 24
298 300 42
299 300 7
