1 2 1
1 3 3
1 4 2
1 5 4
1 6 4
2 7 3
2 8 5
2 9 2
2 10 5
3 11 2
4 12 1
4 13 3
4 14 1
5 15 3
5 16 1
6 17 1
6 18 2
7 19 2
7 20 5
7 21 3
8 22 3
9 23 2
9 24 2
9 25 4
10 26 1
11 27 1
11 28 5
12 29 5
13 30 2
14 31 1
14 32 2
15 33 5
15 34 1
16 35 3
17 36 3
17 37 1
18 38 4
19 39 4
20 40 2
21 41 2
22 42 1
23 43 2
24 44 5
25 45 2
26 46 1
27 47 4
28 48 5
29 49 3
30 50 2
31 51 5
32 52 5
33 53 1
34 54 4
35 55 5
36 56 3
37 57 2
38 58 1
39 59 1
40 60 2
41 61 4
41 62 1
42 63 1
43 64 1
44 65 2
45 66 3
46 67 3
46 68 4
47 69 2
48 70 2
49 71 3
50 72 2
51 73 2
52 74 1
53 75 3
54 76 3
55 77 4
56 78 4
56 79 3
57 80 2
57 81 2
58 82 4
59 83 5
60 84 3
61 85 3
62 86 5
63 87 5
64 88 4
65 89 3
66 90 1
67 91 4
68 92 2
68 93 3
69 94 2
70 95 2
71 96 2
72 97 1
73 98 4
74 99 1
75 100 4
76 101 5
77 102 1
78 103 5
79 104 3
80 105 5
81 106 4
82 107 1
83 108 4
84 109 2
85 109 5
86 109 5
87 110 1
88 110 4
89 111 1
90 111 2
91 112 1
92 113 2
93 114 5
94 115 3
95 116 5
96 117 1
97 118 5
98 118 5
99 119 2
100 120 4
101 121 3
102 121 5
103 122 1
104 123 2
105 124 2
106 125 2
107 126 3
108 127 3
109 128 2
109 129 2
110 130 4
110 131 4
111 132 4
112 133 2
113 134 5
114 135 3
115 136 4
115 137 4
116 138 1
116 139 5
117 140 2
118 141 1
119 142 1
120 143 5
121 144 2
121 145 5
122 146 5
122 147 4
123 148 4
123 149 1
124 150 3
125 151 2
126 152 1
126 153 4
127 154 4
128 155 2
129 155 2
130 155 2
131 156 1
132 156 3
133 157 5
134 157 2
135 158 3
136 159 4
137 160 4
138 161 3
139 161 5
140 162 3
141 162 2
142 163 2
143 163 4
144 163 5
145 164 1
146 165 3
147 165 4
148 166 3
149 166 1
150 167 3
151 167 5
152 168 4
153 168 3
154 169 4
155 170 5
155 171 1
156 172 1
156 173 2
157 174 4
158 175 3
159 176 3
159 177 4
160 178 1
160 179 2
161 180 5
162 181 4
163 182 3
164 183 4
165 184 3
166 185 1
167 186 5
168 187 2
168 188 4
169 189 3
170 190 2
171 191 1
172 192 4
173 193 1
174 194 5
174 195 5
175 196 4
176 197 4
177 198 4
178 199 5
179 200 1
180 201 5
181 202 4
182 203 1
183 204 2
184 205 5
185 206 2
186 207 1
187 208 3
188 209 5
189 210 3
190 210 4
191 210 1
192 211 3
193 212 3
194 213 1
195 214 1
196 215 1
197 216 2
198 217 4
199 218 5
200 219 1
201 219 3
202 220 3
203 221 2
204 222 4
205 223 3
206 224 2
207 225 5
208 226 1
209 227 4
210 228 4
211 229 4
212 230 2
213 231 4
214 232 5
215 233 1
216 234 5
217 235 2
218 236 2
218 237 4
219 238 2
220 239 4
221 240 5
222 241 1
223 242 3
224 243 5
225 244 1
226 245 4
226 246 5
227 247 3
228 248 2
229 248 2
230 248 1
231 249 3
232 250 4
233 250 1
234 251 1
235 252 5
236 253 5
237 254 4
238 255 2
239 256 5
240 257 2
241 257 1
242 258 4
243 259 3
244 259 4
245 260 2
246 261 5
247 261 4
248 262 1
249 263 1
250 264 2
251 265 2
252 266 3
253 267 3
254 268 4
254 269 1
255 270 4
256 271 1
256 272 3
257 273 2
258 274 3
258 275 3
259 276 2
259 277 1
260 278 5
260 279 5
261 280 4
262 281 1
263 282 1
264 283 3
265 284 5
266 285 1
267 286 1
268 287 1
269 288 1
270 289 1
271 290 2
272 291 1
273 292 3
274 293 5
275 294 3
276 295 4
277 296 5
278 297 3
279 298 1
280 298 4
281 299 5
282 300 4
282 301 5
283 302 3
284 303 1
285 304 4
285 305 1
286 306 3
287 307 5
288 308 1
289 309 4
290 310 1
291 311 1
292 312 2
293 313 5
294 314 1
294 315 2
294 316 2
295 317 5
296 318 2
297 319 5
298 320 3
299 321 1
300 322 5
301 323 4
302 324 5
303 324 2
304 325 4
305 326 4
306 327 1
307 328 2
308 329 2
309 329 3
310 329 4
311 330 3
312 330 4
313 331 3
314 332 1
315 332 4
316 333 2
317 334 2
318 334 1
319 335 3
320 335 3
321 336 1
322 337 1
322 338 5
323 339 1
324 340 3
325 341 3
326 342 3
326 343 5
327 344 2
328 345 5
329 346 2
330 347 4
331 348 2
331 349 2
332 350 1
332 351 5
333 352 2
334 353 3
335 354 2
335 355 4
336 356 2
337 356 5
338 357 2
339 358 3
340 358 2
341 359 5
342 360 1
343 361 4
344 362 5
345 363 4
346 364 4
347 365 2
348 365 2
349 366 2
350 367 3
351 368 1
352 369 2
353 369 1
354 370 3
355 371 1
356 372 2
356 373 4
357 374 3
357 375 4
358 376 5
359 377 2
360 378 2
361 379 3
362 380 1
363 381 3
363 382 2
364 383 4
365 384 5
366 385 4
366 386 4
367 387 3
368 388 4
368 389 3
368 390 1
369 391 2
370 392 5
370 393 4
371 394 1
371 395 1
372 396 4
373 397 3
374 397 2
375 398 2
376 399 3
377 400 2
378 401 5
379 402 4
380 403 5
381 404 1
382 405 1
383 406 3
384 407 1
385 408 2
386 409 1
387 410 4
388 411 1
389 412 2
390 413 1
391 414 2
392 415 4
393 416 2
394 417 4
395 418 2
396 419 2
397 420 1
397 421 1
398 422 3
398 423 5
398 424 4
398 425 5
399 426 2
399 427 2
400 428 5
400 429 3
401 430 4
401 431 1
401 432 4
402 433 4
403 434 4
403 435 5
403 436 5
404 437 4
404 438 1
405 439 1
405 440 4
405 441 5
406 442 1
406 443 1
407 444 5
408 445 4
408 446 5
409 447 2
409 448 1
409 449 3
410 450 4
410 451 2
410 452 4
411 453 3
411 454 2
411 455 1
412 456 2
413 457 5
413 458 3
414 459 4
414 460 3
414 461 5
415 462 4
415 463 2
416 464 4
417 465 1
417 466 4
417 467 4
418 468 3
418 469 1
419 470 2
420 470 1
421 470 4
422 470 2
423 470 3
424 470 5
425 471 4
426 471 5
427 471 3
428 471 1
429 471 4
430 472 3
431 472 3
432 472 4
433 473 2
434 473 2
435 474 3
436 474 2
437 474 5
438 474 4
439 475 5
440 475 4
441 476 2
442 476 2
443 476 1
444 477 4
445 477 1
446 477 2
447 477 3
448 477 2
449 477 5
450 477 4
451 478 3
452 478 2
453 478 4
454 478 3
455 478 4
456 479 1
457 479 4
458 479 4
459 479 3
460 480 1
461 480 3
462 481 1
463 481 4
464 482 2
465 482 5
466 483 3
467 483 5
468 483 5
469 483 4
470 484 3
471 485 3
472 486 3
473 487 5
474 488 4
475 489 4
476 490 3
477 491 1
477 492 3
477 493 1
478 494 5
478 495 2
479 496 5
480 497 3
480 498 2
481 499 5
482 500 4
482 501 5
483 502 1
484 503 3
484 504 1
485 505 1
486 506 1
487 507 1
487 508 5
488 509 4
489 510 4
489 511 1
490 512 4
491 513 2
492 514 2
493 515 5
494 516 3
494 517 4
495 518 3
496 519 5
496 520 4
496 521 1
497 522 3
498 523 1
499 524 4
500 525 3
501 526 3
501 527 4
501 528 3
502 529 5
503 530 5
504 531 1
505 531 1
506 532 4
507 533 2
508 534 5
509 534 1
510 535 2
511 536 2
512 536 5
513 537 1
514 538 4
515 539 4
516 539 1
517 540 2
518 541 2
519 541 4
520 542 2
521 543 5
522 544 3
523 544 1
524 545 4
525 545 5
526 546 3
527 547 4
528 548 4
529 548 5
530 549 5
531 550 4
532 551 2
533 552 5
534 552 2
535 553 2
536 554 4
537 554 1
538 554 4
539 555 1
540 556 2
541 557 1
542 558 3
543 558 3
544 558 4
545 558 1
546 558 3
547 559 3
548 560 5
549 561 2
550 562 2
550 563 5
551 564 4
551 565 3
552 566 4
552 567 1
553 568 1
553 569 1
554 570 1
555 571 1
556 572 3
557 573 3
557 574 3
557 575 5
558 576 5
559 577 1
559 578 1
560 579 4
560 580 4
561 581 5
562 582 4
563 583 2
564 584 1
565 585 2
566 586 4
567 587 1
568 588 1
569 589 4
570 590 4
571 591 3
572 592 1
573 593 3
574 594 2
575 595 4
576 595 3
577 596 1
578 597 3
579 598 3
580 599 5
581 600 3
582 601 4
583 602 5
584 603 1
585 604 4
586 605 3
587 606 1
587 607 4
588 608 3
589 609 5
589 610 5
590 611 4
591 612 1
592 613 1
593 614 3
593 615 5
594 616 4
595 617 1
596 618 1
596 619 2
597 620 1
598 621 4
598 622 3
599 623 4
600 624 2
601 625 3
602 626 4
603 626 2
604 627 2
605 628 5
606 629 2
607 630 2
608 630 5
609 630 5
610 631 4
611 632 5
612 633 3
613 633 1
614 634 3
615 635 5
616 636 1
617 637 3
618 637 3
619 638 2
620 639 3
621 640 1
622 641 2
623 641 2
624 642 4
625 643 2
626 644 4
627 645 5
628 646 4
628 647 1
629 648 5
630 649 2
631 650 4
632 651 5
633 652 1
634 653 4
635 654 3
636 655 5
637 656 5
637 657 1
638 658 5
639 659 4
640 660 3
641 661 2
642 662 3
643 663 2
644 664 5
645 665 4
645 666 2
646 667 1
647 668 1
648 669 4
648 670 4
649 671 3
650 672 1
651 673 4
652 674 4
652 675 2
653 676 4
654 677 3
655 678 5
656 679 3
656 680 2
657 681 1
658 682 1
658 683 4
659 684 2
660 685 4
661 686 4
662 687 4
663 688 5
664 688 5
665 689 1
666 689 3
667 690 2
668 691 3
669 692 3
670 692 4
671 693 2
672 694 5
673 694 2
674 694 4
675 695 1
676 696 5
677 697 4
678 698 2
679 699 3
680 699 1
681 699 1
682 699 3
683 700 4
684 700 4
685 701 1
686 702 2
687 703 4
688 704 5
688 705 3
689 706 5
690 707 1
690 708 1
691 709 4
692 710 1
693 711 1
694 712 5
695 713 4
696 714 1
696 715 3
697 716 3
698 717 5
699 718 3
699 719 1
699 720 1
700 721 5
701 722 5
702 723 1
703 724 3
704 724 5
705 725 5
706 726 5
707 727 5
708 728 2
709 729 5
710 730 3
711 731 2
712 732 2
713 733 3
714 734 2
715 735 5
716 736 2
717 737 1
718 738 3
719 739 5
720 740 5
721 741 1
722 742 4
723 743 2
724 744 2
724 745 4
725 746 3
726 747 2
727 748 5
728 749 4
729 750 2
730 751 4
730 752 4
731 753 2
732 754 4
733 755 4
734 756 3
735 757 5
736 758 5
737 759 3
738 760 5
739 761 2
740 762 5
741 763 2
742 764 4
743 765 1
744 766 5
745 767 1
746 768 2
746 769 1
747 770 4
748 771 1
749 772 1
750 773 4
751 774 2
752 775 5
753 776 1
754 777 4
755 778 1
756 779 2
757 780 1
758 781 2
759 782 2
760 783 1
761 784 3
762 785 3
763 786 1
764 787 3
765 788 1
766 789 5
767 790 5
768 791 1
769 792 3
770 793 1
771 794 2
772 795 1
773 796 5
774 797 1
775 798 1
776 799 4
777 800 4
778 801 2
779 802 1
780 803 5
781 804 4
782 804 4
783 805 1
784 806 5
785 807 1
786 808 5
787 809 5
788 810 2
789 811 3
790 811 2
791 812 4
792 813 4
793 814 4
794 815 4
795 816 3
796 816 1
797 817 4
798 818 3
799 819 1
800 819 1
801 820 2
802 820 4
803 821 3
804 822 4
805 823 3
806 823 4
807 823 1
808 823 5
809 824 4
810 825 4
811 826 1
812 826 1
813 827 5
814 828 5
815 828 5
816 829 2
817 830 3
818 831 3
819 832 4
820 833 4
821 834 4
822 835 3
823 836 1
824 837 5
825 838 1
826 839 5
827 840 2
827 841 2
827 842 2
828 843 3
829 844 2
830 845 4
831 846 3
832 847 1
832 848 3
833 849 2
834 850 5
835 851 5
836 852 3
836 853 2
837 854 2
838 855 3
839 856 1
840 857 3
841 858 1
842 859 4
843 860 1
843 861 5
844 862 5
845 863 4
846 864 2
846 865 2
846 866 5
847 867 4
847 868 1
848 869 2
849 870 5
850 871 5
850 872 5
851 873 2
852 874 2
853 875 2
854 876 1
855 877 4
856 878 3
857 879 4
858 880 1
859 881 3
860 882 2
861 883 5
862 884 1
863 885 1
864 886 2
865 887 2
866 888 5
867 889 4
868 890 3
869 891 4
870 892 1
871 893 3
872 894 5
873 895 3
874 896 5
875 897 2
876 898 2
877 899 2
878 900 1
879 900 5
880 900 5
881 900 3
882 900 3
883 900 2
884 900 5
885 900 2
886 900 2
887 900 1
888 900 5
889 900 2
890 900 5
891 900 2
892 900 1
893 900 4
894 900 1
895 900 3
896 900 1
897 900 4
898 900 4
899 900 4
