1 2 7
1 3 6
1 4 4
1 5 5
2 6 5
2 7 2
3 8 1
3 9 2
4 10 5
4 11 3
4 12 3
4 13 2
5 14 2
5 15 5
6 16 3
7 17 2
8 18 3
9 19 4
10 19 2
11 20 5
12 21 4
13 22 3
14 23 7
15 24 3
16 25 6
17 26 2
18 27 5
19 28 4
20 29 3
21 30 2
22 31 4
23 32 3
24 33 7
25 34 7
26 35 1
27 36 4
28 37 6
29 38 6
30 39 2
31 40 5
32 41 3
33 42 4
34 43 2
35 44 5
36 45 5
37 46 6
37 47 7
38 48 4
39 49 3
40 50 5
41 51 1
42 52 6
43 53 7
44 54 7
45 55 6
46 56 2
47 57 6
48 57 7
49 58 7
50 59 6
51 60 3
52 61 3
53 62 1
54 63 7
55 64 7
56 65 4
57 66 7
58 67 7
59 68 2
60 69 3
61 69 6
62 70 7
62 71 3
63 72 6
64 73 3
65 74 5
65 75 6
66 76 3
67 77 1
68 78 3
69 79 4
70 80 1
71 81 1
72 82 1
73 83 6
74 84 7
75 85 1
76 86 1
77 87 5
78 88 5
79 89 6
80 90 2
81 91 6
82 92 5
83 93 4
84 94 3
85 95 3
86 96 6
87 97 6
88 98 4
89 99 1
90 100 4
91 100 6
92 100 7
93 100 7
94 100 4
95 100 2
96 100 3
97 100 3
98 100 6
99 100 5
