5 6 6 5
17 16 17 17
19 18 19 18
3 4 4 3
17 18 17 17
17 17 18 17
13 14 14 13
3 2 2 2
19 18 19 18
5 5 4 5
19 19 18 18
2 1 1 2
12 12 13 12
13 13 13 12
18 17 18 17
17 16 16 17
9 10 9 10
13 13 13 13
10 10 9 9
17 18 18 17
11 10 10 10
15 15 15 15
4 4 4 4
9 9 8 9
4 5 5 4
9 10 9 10
6 7 7 7
6 6 6 6
15 15 14 15
19 18 18 19
12 11 12 12
10 11 11 11
11 11 11 12
14 13 13 13
6 7 6 7
3 2 2 3
10 10 10 11
5 6 6 6
14 14 15 14
13 14 13 13
12 11 11 11
4 4 5 5
11 12 12 12
14 13 14 13
5 5 5 4
2 2 2 3
7 7 7 8
2 2 3 2
11 12 11 11
14 14 15 15
3 2 3 2
4 5 5 4
19 19 18 19
8 9 9 8
2 2 1 2
13 14 14 13
18 18 19 18
12 11 11 12
8 9 8 8
7 7 7 6
16 16 16 16
3 3 4 3
4 5 4 5
18 18 18 18
5 5 5 5
9 9 9 9
16 16 15 16
19 19 18 18
12 11 11 11
10 10 9 9
7 8 7 8
7 7 7 8
3 2 3 2
6 5 6 6
19 19 19 18
1 2 1 2
2 2 3 2
11 12 11 12
10 11 10 10
14 13 14 13
10 9 9 9
6 7 7 7
7 7 7 7
14 13 13 14
16 15 15 15
6 7 6 6
16 15 15 16
3 3 3 4
10 10 10 10
15 15 14 15
3 3 4 4
6 6 5 6
3 3 3 2
9 8 8 8
19 19 18 19
14 15 15 15
16 15 15 16
7 6 7 6
2 2 1 2
9 10 10 9
