17 12 13 17
6 8 9 8
2 2 2 2
20 19 18 20
12 12 13 14
10 12 13 10
17 15 21 16
7 7 6 5
6 10 9 9
8 8 12 13
3 5 5 4
5 5 6 8
5 4 4 4
16 15 17 10
16 17 19 13
2 1 2 2
10 12 10 17
5 5 8 8
12 10 10 10
15 10 12 12
12 8 9 12
3 4 3 4
13 13 11 10
14 13 10 13
13 9 12 8
17 14 13 17
5 8 7 6
20 16 15 13
8 5 8 8
9 11 10 11
1 1 1 2
11 16 18 12
9 10 9 14
4 5 7 4
11 10 15 12
3 5 3 4
8 6 8 8
6 7 5 5
3 5 3 3
19 12 18 16
11 11 7 9
6 7 6 5
16 12 20 20
4 4 4 4
4 4 3 3
14 21 22 17
5 3 5 4
3 3 3 4
10 11 9 10
8 8 10 8
10 16 15 11
10 11 13 9
9 9 7 7
6 7 8 6
4 3 3 4
1 2 2 1
6 9 9 9
18 20 20 17
16 15 16 11
17 15 18 20
6 5 8 5
13 14 13 10
4 3 4 3
3 4 4 4
4 6 5 6
8 6 8 8
23 21 17 16
2 1 2 1
15 10 12 11
2 2 2 2
15 17 13 15
13 10 9 12
11 14 12 10
15 22 16 20
3 4 3 5
3 3 3 2
16 14 13 15
18 13 13 19
7 7 5 5
1 1 1 2
11 13 11 9
9 9 9 7
17 15 15 16
2 2 2 3
19 22 14 22
3 5 3 5
17 14 13 13
8 5 7 8
4 3 4 4
3 3 3 4
17 10 11 16
17 13 19 13
4 4 4 3
3 3 5 4
8 11 8 10
7 7 7 7
20 22 17 15
8 6 6 9
15 21 19 15
22 18 22 13
