1 2 41
1 3 41
1 4 46
1 5 29
2 6 1
2 7 18
2 8 17
2 9 33
2 10 38
3 11 49
3 12 6
3 13 8
3 14 6
4 15 43
4 16 24
4 17 29
5 18 49
5 19 19
5 20 36
5 21 47
5 22 3
6 23 44
7 24 25
8 25 16
9 26 26
10 26 44
11 26 42
12 26 34
13 27 23
14 28 29
15 28 40
16 28 17
17 29 29
18 29 39
19 30 7
20 31 23
21 31 49
22 32 41
23 33 49
23 34 44
24 35 44
24 36 1
25 37 2
25 38 36
25 39 37
26 40 12
27 41 14
27 42 49
28 43 27
28 44 9
29 45 30
29 46 2
30 47 8
30 48 13
31 49 10
31 50 46
32 51 16
32 52 7
33 53 7
34 54 31
35 54 35
36 55 15
37 56 8
38 56 42
39 57 43
40 58 27
41 59 16
42 60 13
43 61 41
44 62 32
45 63 37
46 64 10
47 65 34
48 66 8
49 67 39
50 68 45
51 68 12
52 69 25
53 70 38
54 71 18
55 72 12
56 72 19
57 73 5
58 74 8
59 75 14
60 76 25
61 77 17
62 78 31
63 79 14
64 79 44
65 80 17
66 81 33
67 82 35
68 83 36
69 84 33
70 85 49
71 86 43
72 87 36
73 88 11
73 89 17
74 90 18
75 91 27
76 92 42
76 93 30
77 94 38
77 95 4
78 96 27
79 97 32
80 98 34
80 99 39
81 100 39
82 101 18
82 102 26
83 103 23
84 104 16
85 105 10
86 106 10
86 107 12
87 108 34
88 109 14
89 110 34
90 111 14
91 112 8
92 113 22
93 114 37
94 115 11
94 116 4
95 117 14
96 118 17
97 119 2
98 120 9
99 121 45
100 122 20
101 123 4
102 124 41
103 125 19
104 126 32
105 127 4
106 128 41
107 129 36
108 130 11
109 131 49
110 132 30
111 133 39
112 134 1
113 134 29
114 135 48
115 136 13
116 136 49
117 137 43
118 138 10
119 139 11
120 140 10
121 141 44
122 142 49
123 143 29
124 144 9
125 145 8
126 146 36
127 147 23
128 148 3
129 149 10
130 150 12
131 150 38
132 151 48
133 152 18
134 152 47
135 153 25
136 153 37
137 154 46
138 154 14
139 155 20
140 156 26
141 157 10
142 158 27
143 159 49
144 160 39
145 161 32
146 161 17
147 162 47
147 163 17
148 164 8
148 165 6
149 166 2
150 167 49
151 168 9
151 169 15
152 170 15
153 171 15
154 172 14
154 173 8
155 174 8
155 175 35
155 176 15
156 177 41
156 178 40
157 179 33
158 180 47
159 181 11
159 182 24
160 183 47
160 184 46
161 185 22
161 186 32
161 187 24
162 188 15
163 188 29
164 189 2
165 190 7
166 190 42
167 191 9
168 192 24
169 193 22
170 194 36
171 195 15
172 196 31
173 197 17
174 198 21
175 198 41
176 198 36
177 198 26
178 199 15
179 199 1
180 199 48
181 200 25
182 201 13
183 201 6
184 202 13
185 203 4
186 204 39
187 205 40
188 206 42
189 207 48
190 208 30
191 209 5
192 210 3
193 211 10
194 212 46
195 213 38
196 214 42
197 215 30
198 216 5
199 217 6
200 218 31
200 219 37
201 220 10
202 221 17
203 222 44
204 223 22
205 224 5
206 225 48
207 226 48
208 227 16
209 228 3
210 228 17
211 229 26
212 230 2
213 231 36
214 231 5
215 232 22
216 232 14
217 233 13
218 234 4
219 234 27
220 235 34
221 235 12
222 235 26
223 236 38
224 237 10
225 238 19
226 239 4
227 240 23
228 241 2
229 242 4
230 243 29
231 244 30
232 244 32
233 245 6
234 246 34
235 247 32
236 248 8
237 249 22
238 250 20
238 251 33
238 252 10
239 253 44
239 254 4
240 255 1
241 256 27
241 257 27
242 258 40
242 259 45
243 260 18
243 261 30
244 262 15
244 263 8
245 264 39
245 265 47
246 266 16
246 267 37
246 268 7
247 269 16
248 270 34
249 271 28
250 272 20
251 273 10
252 273 3
253 274 16
254 275 15
255 275 19
256 276 6
257 277 1
258 277 16
259 278 5
260 278 26
261 278 22
262 279 8
263 279 30
264 280 6
265 281 34
266 281 22
267 282 21
268 282 8
269 283 37
270 284 8
271 285 29
272 286 30
273 287 34
274 288 47
275 289 27
276 290 49
276 291 38
277 292 22
277 293 36
277 294 43
278 295 23
278 296 4
279 297 34
280 298 7
281 299 6
282 300 47
283 301 32
284 302 38
284 303 23
284 304 4
284 305 16
285 306 13
285 307 16
285 308 16
286 309 36
287 310 1
288 310 1
289 311 44
290 311 3
291 312 26
292 313 29
293 314 33
294 315 11
295 315 20
296 316 31
297 316 27
298 317 28
299 318 15
300 319 21
301 320 13
302 321 3
303 322 8
304 322 15
305 323 25
306 323 40
307 324 46
308 325 27
309 326 43
310 327 20
311 328 41
312 329 37
313 330 7
314 331 13
315 332 20
316 333 28
317 334 29
318 335 44
319 336 44
320 337 40
321 338 34
321 339 16
322 340 20
323 341 26
324 342 3
325 343 10
326 344 43
327 345 4
327 346 18
328 347 34
329 348 25
330 349 6
331 350 6
331 351 31
332 352 47
333 353 35
334 354 35
334 355 36
335 356 23
336 357 23
337 358 46
338 359 17
339 360 7
340 361 16
341 362 30
342 363 29
342 364 41
342 365 10
343 366 36
344 367 39
345 368 34
346 369 32
347 370 30
348 371 34
349 372 36
350 373 43
351 374 22
352 374 26
353 374 49
354 375 33
355 375 4
356 376 7
357 377 2
358 378 48
359 378 49
360 378 27
361 379 25
362 379 35
363 380 4
364 380 44
365 381 10
366 382 8
367 383 33
368 384 41
369 385 3
370 386 47
371 387 41
372 388 10
373 389 9
374 390 31
375 391 23
376 392 31
377 393 32
378 394 28
379 395 45
380 396 20
381 397 8
382 398 4
383 399 32
384 400 12
385 401 20
386 402 18
387 403 1
388 404 2
389 405 3
390 405 18
391 406 34
392 407 14
393 408 37
394 409 25
395 410 37
396 410 39
397 411 36
398 412 25
399 413 42
400 414 41
401 415 23
401 416 2
402 417 14
402 418 12
403 419 23
404 420 46
405 421 44
405 422 39
406 423 28
407 424 45
408 425 11
408 426 23
409 427 17
410 428 2
410 429 7
411 430 36
411 431 44
411 432 10
412 433 20
412 434 46
413 435 48
414 436 28
415 437 21
416 438 1
417 439 1
417 440 22
418 441 12
419 442 39
420 443 39
421 444 26
422 445 42
423 446 1
423 447 39
424 448 47
425 449 8
426 450 1
427 451 37
428 452 19
428 453 29
429 454 33
429 455 21
430 456 27
431 457 9
432 458 20
433 459 8
434 460 17
435 461 2
436 462 7
437 463 7
438 464 43
439 464 1
440 465 3
441 466 33
442 466 47
443 467 10
444 467 35
445 468 13
446 469 40
447 469 49
448 470 25
449 471 49
450 471 21
451 471 7
452 472 12
453 473 19
454 474 10
455 475 19
456 475 41
457 475 45
458 476 19
459 476 28
460 476 5
461 477 4
462 478 30
463 479 29
464 480 47
465 481 31
466 482 37
467 483 44
468 484 12
469 485 36
470 486 32
471 487 20
472 488 13
473 489 19
473 490 36
474 491 41
475 492 6
476 493 28
477 494 22
478 495 49
479 496 15
479 497 47
480 498 42
481 499 37
482 500 33
483 501 27
484 502 47
485 503 34
486 504 1
487 505 8
488 506 24
489 507 1
489 508 38
490 509 48
490 510 29
491 511 13
492 512 17
493 513 37
493 514 49
494 515 36
495 516 44
496 517 1
497 518 47
498 519 46
499 519 47
500 520 7
501 521 42
502 521 41
503 521 48
504 522 23
505 523 13
506 523 9
507 524 40
508 524 15
509 524 17
510 525 33
511 526 8
512 526 34
513 527 14
514 528 13
515 529 17
516 530 39
516 531 47
517 532 48
518 533 20
519 534 13
520 535 39
521 536 3
521 537 46
522 538 44
523 539 48
524 540 16
525 541 15
525 542 31
525 543 41
526 544 29
527 545 10
528 546 44
528 547 9
528 548 23
529 549 7
530 550 18
531 551 6
532 552 5
533 553 26
534 554 17
535 555 4
536 556 29
537 557 28
538 557 27
539 558 9
540 559 14
541 560 34
542 561 39
543 562 24
544 563 32
545 563 4
546 564 39
547 565 49
548 566 14
549 567 2
550 568 2
551 569 44
552 570 34
553 570 38
554 571 42
555 571 20
556 572 5
557 573 14
558 573 48
559 574 40
560 575 49
561 576 38
562 577 42
563 578 42
564 578 23
565 579 46
566 579 23
567 580 40
568 581 38
569 582 5
569 583 10
570 584 13
571 585 20
572 586 32
572 587 38
572 588 45
573 589 48
574 590 35
575 591 16
576 592 33
576 593 4
577 594 45
578 595 28
579 596 16
580 597 14
581 598 41
582 599 12
583 600 31
583 601 13
583 602 31
584 603 40
585 604 33
586 605 35
587 606 45
588 607 14
589 608 16
590 609 33
591 610 29
592 611 28
593 612 11
594 613 37
595 614 34
596 615 29
597 616 30
598 617 29
599 617 2
600 618 44
601 618 44
602 619 27
603 620 3
604 621 47
605 622 33
606 622 27
607 623 29
608 624 12
609 625 31
610 626 10
611 627 39
612 628 24
613 629 19
614 630 43
615 631 17
616 632 46
617 633 1
618 634 45
619 635 6
620 636 24
621 637 38
622 638 9
623 639 43
624 640 24
625 641 12
626 642 34
627 643 33
628 644 44
629 645 22
629 646 43
630 647 7
631 648 19
632 649 2
633 650 28
634 651 33
635 652 47
636 653 14
637 654 45
638 655 9
639 656 35
640 657 46
641 658 33
642 659 19
643 660 21
644 661 11
645 662 25
646 663 21
647 664 27
648 665 4
649 666 16
650 667 33
651 668 13
651 669 4
652 670 19
652 671 14
653 672 14
654 673 49
655 674 27
656 675 19
656 676 47
657 677 33
658 678 43
659 679 5
660 680 28
661 681 34
662 682 47
663 683 30
664 684 25
665 685 16
666 686 42
667 687 7
668 687 35
669 688 32
670 688 16
671 689 3
672 690 20
673 690 27
674 691 29
675 692 35
676 693 49
677 694 18
678 695 26
679 696 44
680 697 8
681 697 12
682 698 39
683 698 48
684 699 17
685 700 12
686 701 30
687 702 44
688 703 22
689 704 43
690 705 26
691 706 36
692 707 8
693 708 44
694 709 17
695 710 40
696 711 19
697 712 38
698 713 41
699 714 36
700 715 29
701 716 31
702 717 3
703 718 5
704 719 13
705 720 31
705 721 5
706 722 44
707 723 24
707 724 7
708 725 3
709 726 49
710 727 33
711 728 16
712 729 23
713 730 47
714 731 22
714 732 21
715 733 29
716 734 44
717 735 49
718 736 25
719 737 18
720 737 3
721 738 11
722 739 26
723 740 16
724 740 5
725 741 47
726 742 15
727 743 43
728 743 2
729 744 42
730 744 7
731 745 4
732 746 44
733 747 9
734 748 28
735 749 49
735 750 41
736 751 39
736 752 17
737 753 8
738 754 45
738 755 27
739 756 34
740 757 6
740 758 31
741 759 29
741 760 13
742 761 31
743 762 28
744 763 33
744 764 42
745 765 30
745 766 33
745 767 12
746 768 40
746 769 25
746 770 47
746 771 3
747 772 25
747 773 44
748 774 17
749 775 41
750 775 12
751 776 14
752 776 28
753 776 41
754 777 21
755 778 8
756 778 17
757 779 48
758 780 48
759 781 1
760 781 5
761 782 42
762 782 47
763 783 47
764 784 37
765 784 41
766 784 26
767 784 9
768 785 6
769 786 13
770 787 27
771 787 17
772 788 6
773 788 42
774 789 11
775 790 44
776 791 48
776 792 34
777 793 18
777 794 2
778 795 11
778 796 22
779 797 31
780 798 38
780 799 28
781 800 9
781 801 37
781 802 38
782 803 34
783 804 18
783 805 43
784 806 25
785 807 21
786 808 17
787 809 40
788 810 6
789 811 29
790 812 7
791 813 44
792 814 19
793 815 47
794 816 29
795 817 48
796 818 9
797 819 17
798 819 18
799 820 3
800 821 16
801 822 2
802 823 45
803 824 39
804 825 11
805 826 38
806 827 36
807 828 2
808 828 11
809 829 44
810 830 37
811 831 39
812 831 21
813 832 26
814 833 25
815 834 40
816 834 13
817 834 42
818 835 19
819 836 12
820 837 26
821 838 12
822 839 25
823 840 43
824 840 4
825 841 28
826 842 49
827 843 17
828 843 9
829 844 21
830 844 36
831 845 38
832 846 33
833 847 9
834 848 15
834 849 30
834 850 48
835 851 46
835 852 2
836 853 24
837 854 27
838 855 25
839 856 6
840 857 38
841 858 2
841 859 10
842 860 32
843 861 38
844 862 33
845 863 18
846 864 17
847 865 16
848 865 44
849 866 29
850 867 22
851 867 31
852 868 47
853 869 14
854 869 44
855 870 14
856 871 22
857 872 39
858 873 6
859 873 44
860 874 3
861 875 27
862 876 37
863 877 45
864 878 41
864 879 16
864 880 12
865 881 7
865 882 20
865 883 4
866 884 42
867 885 31
867 886 38
867 887 13
868 888 45
869 889 7
869 890 27
870 891 2
871 892 6
872 893 39
873 894 37
873 895 3
874 896 34
875 897 24
875 898 6
876 899 40
877 900 35
878 900 25
879 900 20
880 900 47
881 900 16
882 900 8
883 900 39
884 900 29
885 900 47
886 900 19
887 900 27
888 900 6
889 900 13
890 900 37
891 900 6
892 900 20
893 900 25
894 900 22
895 900 21
896 900 17
897 900 34
898 900 49
899 900 20
