1 2 5
1 3 7
1 4 9
1 5 16
2 6 16
2 7 17
2 8 3
3 9 6
4 10 8
5 11 2
5 12 15
5 13 10
6 14 16
7 15 5
7 16 10
7 17 5
7 18 6
8 19 14
8 20 8
8 21 17
9 22 3
9 23 16
10 24 17
10 25 5
11 26 13
12 27 16
12 28 17
13 29 13
14 30 2
15 30 12
16 30 13
17 31 17
18 32 4
19 32 11
20 32 10
21 33 16
22 33 17
23 33 13
24 34 3
25 34 8
26 35 13
27 36 9
28 37 14
29 38 17
30 39 10
31 40 3
31 41 4
32 42 15
32 43 4
33 44 2
34 45 10
35 46 4
36 47 11
37 48 3
38 49 13
39 50 10
40 50 16
41 50 3
42 50 9
43 50 8
44 50 5
45 50 14
46 50 14
47 50 1
48 50 13
49 50 13
