1 2 4
1 3 4
1 4 4
1 5 2
2 6 5
2 7 2
2 8 4
2 9 3
3 10 1
3 11 3
3 12 2
3 13 2
4 14 2
4 15 1
4 16 5
4 17 5
5 18 3
5 19 3
5 20 2
5 21 3
6 22 2
7 23 3
7 24 3
7 25 2
8 26 1
8 27 5
8 28 1
9 29 1
9 30 5
9 31 4
9 32 3
10 33 3
11 34 3
12 35 3
12 36 2
12 37 1
13 38 1
13 39 4
14 40 2
14 41 5
15 42 5
16 43 3
16 44 5
17 45 5
17 46 3
18 47 2
19 48 4
20 49 4
21 50 2
22 51 5
23 52 5
24 52 5
25 53 5
26 54 1
27 55 3
28 56 1
29 56 4
30 56 5
31 57 1
32 58 2
33 59 2
34 60 3
35 61 1
36 61 2
37 62 4
38 63 1
39 64 3
40 65 4
41 65 4
42 66 1
43 67 1
44 68 2
45 68 5
46 69 3
47 70 1
48 71 4
49 72 4
50 72 3
51 73 3
52 74 5
53 75 5
54 76 5
55 77 4
56 78 4
57 79 2
58 80 4
59 81 4
60 81 4
61 82 1
62 83 4
63 84 1
64 85 2
65 85 2
66 86 1
67 87 5
68 88 3
69 89 4
70 89 2
71 90 2
72 91 1
73 92 3
74 93 1
75 94 1
76 95 3
77 96 3
78 97 1
79 98 4
80 99 2
81 100 5
82 101 4
83 102 2
84 103 2
85 103 5
86 104 4
87 104 4
88 105 1
89 106 2
90 107 5
91 108 3
92 109 5
93 110 5
94 111 5
94 112 4
95 113 2
96 114 3
97 115 5
98 116 1
99 117 3
100 118 1
101 119 3
102 120 4
102 121 5
103 122 5
104 123 1
105 124 5
105 125 1
106 126 5
107 127 5
108 128 2
109 129 5
110 130 4
111 131 1
112 132 2
113 132 5
114 133 3
115 134 4
116 135 2
117 136 5
118 137 4
119 138 2
120 139 2
121 140 5
122 141 5
123 141 4
124 142 1
125 143 5
126 144 1
127 145 3
128 146 2
129 147 2
130 148 2
131 149 3
132 150 1
133 151 3
134 152 3
135 153 4
136 154 4
137 155 2
138 156 4
139 157 5
140 158 3
141 159 3
142 160 5
143 161 4
144 162 1
145 163 3
146 164 5
147 165 3
148 166 5
149 166 2
150 166 1
151 167 4
152 168 5
153 169 3
154 169 1
155 169 3
156 170 1
157 171 4
158 171 3
159 172 2
160 173 3
161 173 4
162 174 2
163 175 3
164 176 5
165 177 2
166 178 4
167 179 3
168 180 1
169 181 5
170 182 3
171 183 2
172 183 3
173 184 5
174 185 2
175 185 1
176 186 3
177 187 3
177 188 1
178 189 5
178 190 2
178 191 2
178 192 5
179 193 1
179 194 3
179 195 4
180 196 2
180 197 2
181 198 1
181 199 3
181 200 5
182 201 5
182 202 3
182 203 1
183 204 2
183 205 1
183 206 2
183 207 2
184 208 4
184 209 3
185 210 2
185 211 3
186 212 3
186 213 1
186 214 1
186 215 4
187 216 4
188 217 1
189 217 2
190 218 2
191 219 1
192 220 4
193 220 4
194 220 5
195 221 1
196 221 3
197 222 3
198 222 1
199 223 3
200 224 5
201 225 2
202 226 5
203 227 2
204 227 5
205 228 5
206 228 3
207 228 2
208 229 5
209 230 1
210 230 5
211 231 4
212 231 3
213 232 5
214 232 4
215 233 1
216 234 1
216 235 2
217 236 1
217 237 4
217 238 1
218 239 1
218 240 2
219 241 5
220 242 3
220 243 5
221 244 3
221 245 2
221 246 3
222 247 2
223 248 5
223 249 4
223 250 3
224 251 5
224 252 5
224 253 2
224 254 1
225 255 3
225 256 3
225 257 2
225 258 4
226 259 5
226 260 5
227 261 4
227 262 5
228 263 2
228 264 3
229 265 1
230 266 5
230 267 5
230 268 4
231 269 5
231 270 5
231 271 1
231 272 1
232 273 3
232 274 2
233 275 3
234 276 1
235 276 3
236 276 3
237 277 2
238 277 4
239 278 3
240 279 2
241 279 1
242 280 4
243 280 2
244 280 1
245 281 2
246 281 5
247 281 1
248 282 1
249 282 1
250 283 1
251 283 4
252 284 2
253 284 3
254 284 4
255 285 1
256 286 1
257 286 2
258 287 3
259 288 1
260 288 5
261 289 3
262 289 5
263 289 2
264 289 3
265 290 4
266 290 1
267 290 3
268 291 4
269 291 1
270 292 2
271 292 1
272 292 4
273 292 3
274 293 5
275 293 5
276 294 2
277 295 4
278 296 2
279 297 3
280 298 5
281 299 3
282 300 3
283 301 3
283 302 4
284 303 2
285 304 1
286 305 1
287 306 3
288 307 4
289 308 5
290 309 4
291 310 3
292 311 4
293 312 1
294 313 3
295 314 2
296 315 3
297 316 2
298 317 3
299 318 5
300 319 4
300 320 3
301 321 4
301 322 5
302 323 3
303 324 5
304 325 2
304 326 2
305 327 4
306 328 1
307 329 5
308 330 3
309 331 5
310 332 1
310 333 3
311 334 1
312 335 4
313 336 2
314 337 1
315 338 2
316 338 1
317 339 1
318 340 4
319 341 1
320 342 4
321 343 4
322 344 2
323 345 3
324 346 5
325 347 1
326 348 4
327 349 5
328 350 1
329 351 3
330 352 3
331 353 4
332 354 5
333 355 2
334 356 3
335 357 5
336 358 4
337 358 5
338 359 4
339 359 4
340 360 3
341 361 2
342 362 1
343 362 5
344 363 5
345 364 4
346 364 1
347 365 1
348 366 5
349 366 4
350 367 1
351 367 3
352 367 5
353 368 5
354 368 3
355 369 5
356 370 5
357 370 1
358 371 5
358 372 5
358 373 5
358 374 4
359 375 5
360 376 2
361 377 4
362 378 5
362 379 5
363 380 1
363 381 5
364 382 3
365 383 1
366 384 5
367 385 2
367 386 3
368 387 3
369 388 2
370 389 1
371 390 2
372 391 5
373 392 3
374 393 1
375 394 3
376 395 3
377 396 1
378 397 1
379 398 2
380 399 5
381 400 4
382 401 2
383 402 5
384 403 1
385 404 5
386 404 1
387 405 2
388 406 2
389 407 2
390 408 2
391 409 2
392 410 5
393 411 3
394 412 1
395 413 2
396 414 4
397 415 5
398 416 1
399 417 2
400 418 1
401 419 2
401 420 3
402 421 4
403 422 3
404 423 1
405 424 4
406 425 1
407 426 2
408 427 5
409 427 2
410 427 3
411 428 3
412 429 1
413 430 3
414 431 4
415 432 4
416 433 1
417 434 4
418 435 2
419 436 5
420 437 3
421 437 5
422 438 1
423 439 4
424 440 5
425 441 3
426 442 2
427 443 4
428 444 4
429 445 1
430 446 3
431 447 2
432 448 4
433 449 1
434 450 1
435 451 2
436 452 5
437 453 5
438 454 2
439 455 2
440 456 2
441 457 3
442 458 5
443 459 2
444 460 4
444 461 1
445 462 3
445 463 5
446 464 3
446 465 3
447 466 3
448 467 4
449 468 2
450 469 2
451 470 3
451 471 5
452 472 5
453 473 2
454 474 5
454 475 5
454 476 3
455 477 2
456 478 5
457 479 2
458 480 5
459 481 1
460 482 5
461 483 5
462 484 2
463 484 3
464 485 3
465 486 4
466 487 1
467 488 5
468 489 1
469 490 2
470 491 5
471 491 1
472 492 4
473 493 4
474 494 4
475 495 5
476 496 2
477 497 3
478 497 5
479 498 5
480 499 3
481 500 2
482 500 3
483 500 3
484 500 2
485 500 4
486 500 3
487 500 3
488 500 3
489 500 1
490 500 2
491 500 3
492 500 3
493 500 5
494 500 3
495 500 5
496 500 4
497 500 1
498 500 4
499 500 5
