2 1 2 1
11 10 10 11
11 11 11 12
16 16 16 15
4 5 4 4
1 1 2 2
19 18 19 18
17 18 18 18
13 13 13 14
2 1 2 2
15 16 15 16
8 7 7 8
7 8 8 8
14 14 14 14
6 6 6 6
18 17 17 17
20 20 19 19
9 9 10 9
14 14 13 13
8 7 8 8
19 20 19 19
14 15 15 14
16 15 15 15
17 17 17 17
8 8 9 8
21 19 20 19
4 3 3 4
5 5 6 5
7 7 7 6
2 3 2 3
18 19 18 19
17 17 17 18
7 7 6 7
9 9 9 10
20 21 21 21
4 4 4 3
11 11 10 10
16 16 16 17
14 14 13 14
18 17 17 18
17 17 17 17
3 3 2 2
13 14 13 14
15 16 15 15
13 12 13 12
17 18 17 17
13 13 12 12
13 13 14 13
11 11 11 10
11 11 11 11
