1 2 1
1 3 1
1 4 1
2 5 1
2 6 1
2 7 1
2 8 1
2 9 1
3 10 1
3 11 1
3 12 1
3 13 1
3 14 1
4 15 1
4 16 1
4 17 1
4 18 1
4 19 1
5 20 1
6 21 1
7 22 1
8 22 1
9 23 1
10 24 1
11 25 1
12 26 1
13 27 1
14 28 1
15 29 1
16 30 1
17 31 1
18 32 1
19 33 1
20 34 1
21 35 1
22 36 1
23 37 1
24 38 1
25 38 1
26 39 1
27 40 1
28 41 1
29 42 1
30 42 1
31 43 1
32 44 1
33 45 1
34 46 1
35 46 1
36 47 1
37 47 1
38 48 1
39 49 1
40 50 1
41 51 1
42 52 1
43 53 1
44 54 1
45 55 1
46 56 1
47 57 1
48 57 1
49 58 1
50 59 1
51 60 1
52 60 1
53 61 1
54 62 1
55 63 1
56 64 1
56 65 1
57 66 1
57 67 1
58 68 1
58 69 1
59 70 1
59 71 1
59 72 1
59 73 1
59 74 1
60 75 1
60 76 1
61 77 1
62 78 1
62 79 1
63 80 1
64 81 1
65 81 1
66 82 1
67 82 1
68 83 1
69 84 1
70 85 1
71 86 1
72 86 1
73 87 1
74 87 1
75 88 1
76 89 1
77 89 1
78 90 1
79 90 1
80 90 1
81 91 1
82 92 1
83 93 1
84 94 1
85 95 1
86 96 1
87 97 1
88 98 1
89 99 1
90 99 1
91 100 1
92 101 1
92 102 1
93 103 1
93 104 1
94 105 1
95 106 1
96 107 1
97 108 1
98 109 1
99 110 1
99 111 1
100 112 1
101 113 1
102 113 1
103 114 1
104 115 1
105 116 1
106 117 1
107 118 1
108 119 1
109 120 1
110 120 1
111 121 1
112 122 1
113 123 1
114 124 1
115 125 1
116 126 1
117 127 1
118 128 1
118 129 1
119 130 1
120 131 1
121 132 1
122 133 1
123 133 1
124 134 1
125 135 1
126 135 1
127 136 1
128 137 1
129 138 1
130 139 1
131 140 1
132 140 1
133 141 1
133 142 1
133 143 1
134 144 1
135 145 1
135 146 1
135 147 1
136 148 1
136 149 1
136 150 1
137 151 1
138 152 1
138 153 1
139 154 1
140 155 1
141 156 1
142 157 1
143 158 1
144 159 1
145 160 1
146 161 1
147 162 1
148 163 1
149 164 1
150 165 1
150 166 1
151 167 1
152 168 1
153 169 1
154 170 1
155 171 1
156 172 1
157 173 1
158 174 1
159 175 1
160 176 1
161 176 1
162 177 1
163 177 1
164 178 1
165 179 1
166 180 1
167 181 1
168 182 1
169 183 1
170 183 1
171 183 1
172 184 1
172 185 1
173 186 1
173 187 1
174 188 1
174 189 1
175 190 1
175 191 1
176 192 1
176 193 1
176 194 1
176 195 1
177 196 1
177 197 1
177 198 1
177 199 1
177 200 1
178 201 1
178 202 1
179 203 1
179 204 1
179 205 1
180 206 1
180 207 1
180 208 1
181 209 1
181 210 1
181 211 1
181 212 1
182 213 1
182 214 1
182 215 1
183 216 1
183 217 1
183 218 1
184 219 1
185 219 1
186 220 1
187 220 1
188 220 1
189 220 1
190 220 1
191 220 1
192 221 1
193 221 1
194 221 1
195 221 1
196 221 1
197 222 1
198 222 1
199 222 1
200 222 1
201 222 1
202 223 1
203 223 1
204 223 1
205 223 1
206 223 1
207 224 1
208 224 1
209 224 1
210 225 1
211 225 1
212 225 1
213 225 1
214 226 1
215 226 1
216 226 1
217 226 1
218 226 1
219 227 1
220 228 1
221 229 1
221 230 1
222 231 1
222 232 1
223 233 1
223 234 1
224 235 1
225 236 1
225 237 1
225 238 1
226 239 1
226 240 1
227 241 1
228 242 1
229 243 1
230 244 1
231 245 1
232 246 1
233 247 1
234 248 1
235 248 1
236 249 1
237 250 1
238 251 1
239 252 1
240 252 1
241 253 1
242 254 1
242 255 1
243 256 1
244 257 1
245 258 1
246 259 1
247 260 1
247 261 1
248 262 1
249 263 1
250 264 1
251 265 1
251 266 1
252 267 1
252 268 1
253 269 1
254 270 1
255 271 1
256 271 1
257 272 1
258 272 1
259 273 1
260 274 1
261 275 1
262 276 1
263 276 1
264 276 1
265 277 1
266 277 1
267 278 1
268 278 1
269 279 1
270 280 1
271 281 1
272 282 1
273 283 1
274 284 1
275 285 1
276 286 1
277 287 1
277 288 1
278 289 1
279 290 1
280 291 1
281 292 1
282 293 1
283 294 1
283 295 1
284 296 1
285 297 1
286 298 1
286 299 1
287 300 1
288 301 1
289 302 1
289 303 1
290 304 1
291 304 1
292 305 1
293 306 1
294 307 1
295 308 1
296 309 1
297 309 1
298 310 1
299 311 1
300 312 1
301 313 1
302 314 1
303 315 1
304 316 1
305 317 1
306 318 1
307 319 1
308 319 1
309 320 1
310 321 1
311 322 1
312 323 1
313 324 1
314 325 1
315 326 1
316 327 1
316 328 1
316 329 1
317 330 1
318 331 1
319 332 1
319 333 1
320 334 1
321 335 1
322 336 1
323 337 1
324 338 1
325 339 1
326 340 1
327 341 1
328 342 1
329 343 1
330 344 1
331 345 1
332 346 1
333 347 1
334 348 1
334 349 1
335 350 1
336 351 1
337 352 1
338 353 1
339 354 1
340 355 1
341 356 1
342 357 1
343 358 1
344 359 1
345 360 1
346 361 1
347 361 1
348 361 1
349 361 1
350 362 1
351 363 1
352 363 1
353 363 1
354 364 1
355 364 1
356 365 1
356 366 1
357 367 1
357 368 1
358 369 1
359 370 1
359 371 1
360 372 1
361 373 1
362 374 1
362 375 1
363 376 1
363 377 1
364 378 1
365 379 1
366 379 1
367 380 1
368 381 1
369 382 1
370 383 1
371 383 1
372 384 1
373 385 1
374 385 1
375 386 1
376 387 1
377 387 1
378 387 1
379 388 1
379 389 1
380 390 1
381 391 1
381 392 1
382 393 1
382 394 1
383 395 1
384 396 1
385 397 1
386 398 1
387 399 1
388 400 1
389 400 1
390 400 1
391 400 1
392 400 1
393 400 1
394 400 1
395 400 1
396 400 1
397 400 1
398 400 1
399 400 1
