15 12 15 14 13 12 12 15
14 15 15 15 13 13 15 16
4 5 4 5 4 5 4 4
3 4 4 4 3 3 3 3
15 14 13 13 15 12 15 12
15 18 15 18 17 15 15 18
4 4 5 4 5 4 4 4
17 16 15 14 16 15 15 15
8 10 8 11 11 11 10 10
6 6 6 5 6 6 6 5
1 1 1 1 1 2 2 2
3 3 3 4 3 3 3 4
2 1 2 2 1 1 2 1
16 16 15 15 16 16 16 14
8 7 8 8 7 7 7 8
11 14 13 13 11 14 14 12
2 1 1 1 2 2 2 2
13 13 13 11 12 12 11 11
6 6 6 7 6 7 6 6
8 7 9 7 7 8 7 9
14 13 16 16 15 13 15 13
8 7 7 7 7 8 8 8
2 3 3 2 3 2 3 2
13 16 13 15 16 13 13 15
12 12 15 12 12 14 14 15
10 10 12 10 10 11 12 13
5 6 5 5 6 5 6 5
7 6 7 7 6 7 6 7
13 13 13 14 14 14 13 14
14 15 15 14 15 14 14 14
5 4 5 4 4 5 4 5
13 13 16 15 13 15 16 14
9 9 8 8 9 7 9 8
5 5 4 4 4 4 5 5
5 5 5 4 5 5 4 4
16 18 16 17 18 16 17 14
14 14 11 14 11 13 11 12
17 17 14 16 18 16 18 14
12 10 10 10 12 9 10 9
2 3 2 3 3 2 2 2
5 4 5 4 4 5 5 4
15 17 16 17 14 14 18 16
8 9 7 7 7 7 9 7
5 5 5 6 5 5 6 5
10 12 11 11 12 11 11 12
16 15 16 17 17 17 14 15
13 13 14 14 12 11 14 12
9 11 11 11 10 10 10 11
14 15 14 15 16 14 15 15
15 14 12 13 12 14 13 14
7 7 6 7 7 6 7 7
15 15 14 17 16 15 17 15
5 5 5 6 5 5 6 5
8 9 11 8 11 10 11 8
13 11 11 11 11 10 11 12
4 3 4 3 3 3 3 3
9 11 9 8 11 11 11 8
15 16 17 17 14 17 17 16
6 5 5 6 6 5 5 6
5 6 6 6 6 5 6 6
15 14 15 14 14 12 14 13
17 14 14 15 15 15 15 15
2 2 2 2 2 1 1 1
12 15 13 12 15 13 15 14
6 6 6 6 5 5 5 5
9 12 11 10 9 9 9 12
10 10 11 10 10 11 12 10
15 14 15 12 12 13 12 12
4 5 4 4 4 4 5 4
12 11 12 14 14 14 12 14
16 16 16 15 14 15 16 16
7 9 8 8 9 8 7 8
4 4 4 4 5 5 4 4
7 7 8 8 7 8 8 8
15 18 15 16 17 15 15 18
9 10 9 11 11 9 12 10
14 14 14 14 15 16 13 13
7 7 7 8 8 8 7 7
12 12 13 13 13 11 13 12
3 4 4 4 3 3 3 3
9 7 8 8 9 8 7 7
16 18 18 15 16 18 17 16
5 6 5 5 6 5 5 6
2 2 2 1 1 2 1 2
13 16 14 16 14 15 15 14
7 7 7 8 7 7 8 7
11 11 10 10 8 8 9 9
8 8 8 8 8 8 7 7
9 10 11 11 12 10 12 12
15 14 13 13 12 14 12 13
12 11 10 12 9 10 11 11
6 6 7 7 7 7 6 7
5 5 5 6 5 5 6 5
16 14 13 14 15 14 14 13
5 4 4 5 5 5 5 4
18 14 15 17 17 14 15 15
16 14 16 15 15 15 15 17
16 17 16 17 16 15 14 15
3 3 3 3 3 3 3 4
5 5 5 5 4 4 5 4
4 4 5 5 5 5 5 5
6 6 5 5 5 6 6 5
11 13 11 10 10 10 12 12
2 2 2 2 3 2 2 2
14 13 16 14 13 14 15 14
12 9 12 10 9 11 10 10
5 5 4 4 5 5 5 4
2 2 2 1 1 1 1 1
15 14 12 13 15 14 15 14
2 2 2 1 2 2 1 2
14 13 13 13 12 13 11 12
12 12 15 14 15 12 12 13
15 13 15 15 15 14 15 14
14 11 12 14 12 12 14 14
5 4 4 4 5 5 4 4
7 8 7 8 7 7 8 8
13 15 14 15 12 14 13 13
15 13 16 15 16 13 15 13
10 12 11 12 11 11 9 10
8 11 9 8 11 10 9 8
14 11 13 13 14 11 14 12
12 14 13 12 14 14 12 13
15 17 17 17 14 14 16 15
5 5 4 5 4 4 4 4
3 3 3 2 2 2 3 3
14 14 15 14 14 14 17 15
5 5 5 6 6 5 5 5
11 10 9 11 9 9 10 8
8 7 8 7 7 7 8 8
14 13 14 12 12 15 13 13
12 14 11 13 14 11 13 12
7 8 8 9 8 8 9 8
17 15 14 16 16 17 14 14
11 9 11 9 11 11 9 12
4 4 4 4 5 4 5 5
3 2 2 2 3 3 2 2
17 16 16 17 14 16 16 14
8 8 7 8 7 7 7 8
13 16 16 16 15 14 14 14
9 12 11 9 11 10 11 12
8 7 8 7 8 7 7 9
7 7 7 8 7 8 8 8
4 4 3 4 3 3 4 4
7 7 9 9 7 7 9 9
11 12 12 11 14 11 14 12
6 6 6 5 5 6 5 6
5 5 6 5 6 5 6 5
5 5 6 6 5 5 6 5
14 13 14 13 13 13 12 12
8 8 8 7 8 8 7 7
11 9 9 9 10 9 8 11
8 10 8 8 10 9 11 10
15 14 14 12 15 15 15 12
8 8 7 8 8 7 7 8
17 16 16 15 16 14 15 17
2 2 2 3 3 3 2 2
4 4 5 4 5 4 5 4
9 10 11 9 10 11 9 8
8 8 10 8 9 10 10 10
14 13 12 13 13 12 11 11
12 11 11 11 9 9 11 9
2 3 3 3 3 3 3 2
5 5 5 5 6 5 6 5
9 8 9 8 9 8 8 8
12 9 11 11 10 11 10 10
11 11 11 9 10 9 9 10
9 12 12 12 10 12 10 11
7 7 8 8 8 7 8 7
5 4 5 5 4 5 5 5
8 8 8 11 9 11 10 11
15 15 17 17 15 17 15 17
9 7 8 9 9 9 9 7
5 6 6 6 5 6 5 5
11 11 14 12 11 13 14 11
6 6 6 5 6 5 6 6
3 3 4 3 4 3 4 3
14 18 16 14 18 14 15 18
17 18 14 16 18 16 16 17
3 4 4 4 4 3 3 4
6 7 7 7 7 6 7 7
15 16 14 14 15 16 13 14
2 1 2 2 2 1 2 2
14 15 15 14 16 13 13 16
7 7 6 6 6 6 6 7
14 14 11 13 11 14 13 13
15 17 14 15 14 17 18 14
12 11 14 12 12 11 14 11
7 7 6 6 6 7 7 6
7 8 7 7 7 7 8 8
7 7 6 7 7 6 6 7
13 13 15 15 13 12 14 15
8 8 9 8 9 8 9 9
6 6 5 6 5 6 6 6
6 7 6 6 7 6 6 6
9 9 8 9 9 8 7 9
16 14 16 14 16 13 14 14
11 11 10 9 8 9 11 11
9 9 11 9 11 10 11 10
3 3 3 3 3 4 3 3
7 9 9 8 8 7 8 9
1 1 1 2 2 2 2 2
5 4 5 5 5 5 5 4
10 11 11 13 11 11 13 12
14 17 18 17 16 18 15 16
17 14 17 17 15 17 14 16
10 10 10 10 11 10 10 9
2 2 1 1 1 2 2 1
6 7 7 6 6 7 6 6
12 13 10 12 13 13 12 10
15 12 15 12 14 15 12 15
12 10 9 9 9 12 10 9
12 11 13 11 13 11 11 11
2 2 1 1 2 2 2 2
9 9 9 9 7 9 8 7
12 14 11 14 14 13 13 11
4 4 3 4 3 4 4 3
8 8 7 8 9 8 7 8
8 8 7 8 7 7 7 8
16 17 16 15 16 16 16 15
13 14 12 14 11 12 14 12
16 14 16 17 14 16 16 14
15 14 14 17 14 16 16 16
4 3 3 3 4 4 4 3
4 4 4 5 5 5 5 5
5 4 5 5 5 5 5 4
12 10 9 12 9 9 12 12
12 12 11 11 11 12 11 14
11 11 14 11 12 13 11 11
17 16 18 15 18 18 15 18
12 12 13 11 12 11 13 10
2 2 1 1 1 2 2 2
16 16 16 18 17 18 14 18
3 3 3 2 3 2 3 2
9 8 10 10 11 9 8 11
6 7 6 7 7 7 6 6
5 5 5 4 5 5 4 4
10 10 11 13 13 10 13 10
7 6 6 7 7 7 7 7
12 11 11 11 11 12 11 13
12 12 9 9 9 11 10 10
3 3 3 3 2 3 2 2
7 6 7 7 7 7 7 6
13 13 10 13 11 11 12 12
15 14 13 15 12 14 15 14
7 7 8 8 8 8 8 7
14 13 11 13 14 11 12 13
17 18 14 17 15 16 18 18
2 1 1 2 1 1 1 2
6 6 6 7 7 6 7 7
3 2 2 3 3 2 3 2
6 7 6 7 7 7 6 6
2 3 3 2 3 3 2 2
14 17 16 17 17 17 16 17
10 9 9 9 8 9 11 10
14 11 13 14 13 14 14 11
3 3 3 2 3 2 3 3
13 10 10 13 11 11 11 10
4 4 5 5 4 4 5 5
2 3 2 2 2 2 3 3
11 8 8 10 11 9 8 9
5 5 6 6 5 6 5 6
9 9 10 9 9 10 10 8
3 4 3 4 4 3 4 4
16 14 17 17 14 15 16 14
3 3 3 3 3 4 4 4
5 5 4 5 4 4 5 5
8 8 8 11 10 8 10 11
6 6 6 6 6 5 5 5
9 9 8 10 9 9 11 9
1 1 2 1 1 1 1 2
1 2 2 1 2 2 1 2
14 14 15 13 15 15 13 16
11 8 9 9 9 9 9 8
1 1 2 2 2 1 2 2
3 3 2 3 2 3 3 2
5 6 5 6 5 5 5 6
6 6 6 7 6 7 7 6
17 16 14 14 15 14 15 16
13 12 12 14 15 15 15 14
11 11 12 9 10 9 10 11
12 9 10 9 9 9 12 9
9 10 11 9 8 11 10 9
8 7 7 7 8 8 8 7
7 9 9 7 8 8 9 8
9 9 9 9 9 8 9 7
14 13 14 14 15 13 16 13
11 9 8 8 9 10 9 9
6 6 6 5 5 5 6 6
2 1 2 1 1 2 2 1
11 12 11 12 9 12 9 11
16 14 15 15 16 17 15 16
6 7 6 7 7 6 7 7
1 2 2 2 1 1 1 2
9 11 10 11 11 9 9 11
6 7 6 7 7 7 6 6
17 16 14 15 17 14 16 15
8 8 8 7 8 8 8 8
3 3 2 3 2 3 3 3
15 15 17 17 14 15 17 15
17 16 15 14 15 17 15 15
2 1 1 2 1 1 1 2
5 6 6 6 6 6 5 6
12 11 12 10 10 12 12 12
9 8 9 7 7 7 7 8
12 12 11 10 13 13 10 10
17 15 16 14 17 14 14 15
3 3 3 3 4 3 4 4
15 17 14 17 15 16 17 17
10 10 10 8 9 9 11 10
6 6 5 5 5 5 6 5
12 12 13 13 14 13 12 11
1 1 1 2 1 2 1 1
8 8 8 7 7 7 8 7
1 2 1 2 2 1 1 2
8 7 8 7 8 8 8 7
5 4 5 4 5 5 4 4
2 1 2 1 1 1 1 2
8 8 7 7 8 7 7 8
10 11 11 8 11 10 11 8
11 11 12 10 9 10 11 11
8 8 8 9 7 7 9 7
10 11 11 13 13 12 13 11
6 6 6 7 6 6 7 6
13 15 13 16 16 14 16 16
4 4 5 4 5 4 5 5
15 17 16 16 16 14 14 16
16 14 14 14 14 14 14 13
7 7 8 7 8 8 8 7
16 15 17 15 15 15 16 18
14 18 17 15 18 14 18 16
13 15 16 16 16 15 16 16
7 8 8 8 7 7 9 8
2 2 3 2 2 2 2 2
14 11 11 13 14 12 11 14
16 14 14 14 15 16 15 13
7 8 7 8 9 8 7 7
10 12 12 11 10 11 9 11
5 4 4 4 4 4 4 4
3 3 4 4 3 4 4 3
17 16 18 17 17 17 15 18
6 6 6 5 6 5 6 6
9 8 10 8 8 8 8 8
12 9 10 10 11 11 12 10
2 2 2 2 3 2 3 2
17 15 17 15 17 15 14 17
9 12 9 11 10 10 11 11
1 1 1 2 2 2 2 2
17 14 14 14 15 16 17 14
5 5 5 6 5 5 6 6
7 8 8 8 7 8 7 7
2 2 2 3 3 2 2 2
7 8 7 8 7 8 8 7
10 13 11 10 10 13 13 13
15 14 14 14 14 15 15 12
13 12 11 12 12 11 13 11
1 1 2 1 2 2 1 1
14 14 16 15 14 17 15 17
8 10 11 9 10 11 9 9
9 9 11 8 8 10 9 10
13 12 10 12 12 13 10 10
12 11 10 12 9 9 10 11
8 9 11 8 10 8 11 8
14 11 14 14 11 11 14 12
17 17 14 15 16 17 14 14
13 14 15 13 13 14 14 15
13 11 10 12 13 10 12 12
3 3 3 2 3 2 3 3
10 11 12 12 11 9 10 10
16 15 17 14 17 16 16 14
9 7 7 7 8 7 7 7
6 7 6 6 7 7 7 6
3 3 2 3 2 3 2 2
1 1 1 2 2 2 2 1
6 5 6 6 5 6 5 5
13 10 11 12 11 10 10 11
7 7 6 7 7 6 6 7
9 8 8 8 10 9 10 10
2 2 1 1 1 1 1 1
8 7 8 8 8 8 8 7
18 17 18 15 18 16 16 14
2 1 2 1 1 2 2 1
10 10 8 11 8 10 8 10
4 4 5 5 4 4 4 4
12 13 11 12 13 11 10 12
14 13 16 14 15 13 14 14
9 11 11 12 12 12 9 10
14 13 15 16 15 16 14 16
3 4 3 3 3 3 4 3
2 2 2 1 1 1 2 2
16 14 15 15 16 17 14 14
4 5 5 4 4 4 5 4
3 4 4 3 3 4 4 3
15 14 13 13 13 14 13 13
16 14 15 14 17 18 17 16
7 7 7 9 8 8 9 8
1 2 1 1 1 1 2 2
2 3 3 2 2 3 2 3
1 1 2 1 2 1 2 2
6 7 6 7 7 7 7 6
15 16 13 14 14 14 15 14
