1 2 1
1 3 1
1 4 1
1 5 1
2 6 1
2 7 1
2 8 1
3 9 1
3 10 1
4 11 1
4 12 1
4 13 1
4 14 1
5 15 1
5 16 1
5 17 1
5 18 1
6 19 1
7 20 1
8 21 1
9 22 1
10 23 1
11 24 1
12 25 1
13 26 1
14 27 1
15 28 1
16 29 1
17 30 1
18 31 1
19 32 1
20 33 1
21 34 1
22 35 1
23 36 1
24 37 1
25 38 1
26 39 1
27 40 1
28 41 1
29 42 1
30 43 1
31 44 1
32 45 1
33 46 1
34 47 1
35 48 1
36 49 1
37 50 1
38 51 1
39 52 1
40 53 1
41 54 1
42 55 1
43 56 1
44 57 1
45 58 1
46 59 1
47 60 1
48 61 1
49 62 1
50 63 1
51 64 1
52 65 1
53 66 1
54 67 1
55 68 1
56 69 1
57 70 1
58 71 1
59 72 1
60 73 1
61 74 1
62 75 1
63 76 1
64 77 1
65 78 1
66 79 1
67 79 1
68 80 1
69 81 1
70 82 1
71 83 1
72 84 1
73 85 1
74 86 1
75 87 1
76 88 1
77 89 1
78 90 1
79 91 1
80 92 1
81 93 1
82 94 1
83 95 1
83 96 1
84 97 1
85 98 1
86 99 1
87 100 1
88 101 1
89 102 1
90 103 1
91 104 1
92 105 1
93 106 1
94 107 1
95 108 1
96 109 1
97 110 1
98 111 1
99 112 1
100 113 1
101 114 1
102 115 1
103 116 1
104 117 1
105 118 1
106 119 1
107 120 1
108 121 1
109 122 1
110 123 1
111 124 1
112 125 1
113 126 1
114 127 1
115 128 1
116 129 1
117 130 1
118 131 1
119 132 1
120 133 1
121 134 1
122 135 1
123 136 1
124 137 1
125 138 1
126 139 1
127 140 1
128 141 1
129 142 1
130 142 1
131 143 1
132 144 1
133 145 1
134 146 1
134 147 1
135 148 1
136 149 1
137 150 1
138 151 1
139 152 1
140 153 1
141 154 1
142 155 1
143 156 1
144 157 1
145 158 1
146 159 1
147 160 1
148 161 1
149 162 1
150 163 1
151 164 1
152 165 1
153 166 1
154 167 1
155 168 1
156 169 1
157 170 1
158 171 1
159 172 1
160 173 1
161 174 1
162 175 1
163 175 1
164 176 1
165 177 1
166 178 1
167 179 1
168 180 1
169 181 1
170 182 1
171 183 1
172 184 1
172 185 1
173 186 1
174 187 1
175 188 1
176 189 1
177 190 1
178 191 1
179 192 1
180 193 1
181 194 1
182 195 1
183 196 1
184 197 1
185 198 1
186 199 1
187 200 1
188 201 1
189 202 1
190 203 1
191 204 1
192 205 1
193 206 1
194 207 1
195 208 1
196 209 1
197 210 1
198 211 1
199 212 1
200 213 1
201 214 1
202 215 1
203 216 1
204 217 1
205 218 1
206 219 1
207 220 1
208 221 1
209 222 1
210 223 1
211 224 1
212 225 1
213 226 1
214 227 1
215 228 1
216 229 1
217 230 1
218 231 1
219 232 1
220 233 1
221 234 1
222 235 1
223 236 1
224 237 1
225 238 1
226 239 1
227 240 1
228 241 1
229 242 1
230 243 1
231 244 1
232 245 1
233 246 1
234 247 1
235 248 1
236 249 1
237 250 1
238 251 1
239 252 1
240 253 1
241 254 1
242 255 1
243 256 1
244 257 1
245 258 1
246 259 1
247 260 1
248 261 1
249 262 1
250 263 1
251 264 1
252 265 1
253 266 1
254 267 1
255 268 1
256 269 1
257 270 1
258 271 1
259 272 1
260 273 1
261 274 1
262 275 1
263 276 1
264 277 1
265 278 1
266 279 1
267 280 1
268 281 1
269 282 1
270 283 1
271 284 1
272 285 1
273 286 1
274 287 1
275 288 1
276 289 1
277 290 1
278 291 1
279 292 1
280 293 1
281 293 1
282 294 1
283 295 1
284 296 1
285 297 1
286 298 1
287 299 1
288 300 1
289 301 1
290 302 1
291 303 1
292 304 1
293 305 1
294 306 1
295 307 1
296 308 1
297 309 1
298 310 1
299 311 1
300 312 1
301 313 1
302 314 1
302 315 1
303 316 1
304 317 1
305 318 1
306 319 1
307 320 1
308 321 1
309 322 1
310 323 1
311 324 1
312 325 1
313 326 1
314 327 1
315 328 1
316 329 1
317 330 1
318 331 1
319 332 1
320 333 1
321 334 1
322 335 1
323 336 1
324 337 1
325 338 1
326 339 1
327 340 1
328 341 1
329 342 1
330 343 1
331 343 1
332 344 1
333 345 1
334 346 1
335 347 1
336 348 1
337 349 1
338 350 1
339 351 1
340 352 1
341 353 1
342 354 1
343 355 1
344 356 1
345 357 1
345 358 1
346 359 1
347 360 1
348 361 1
349 362 1
350 363 1
351 364 1
352 365 1
353 366 1
354 367 1
355 368 1
356 369 1
357 370 1
358 371 1
359 372 1
360 373 1
361 374 1
362 375 1
363 376 1
364 377 1
365 378 1
366 379 1
367 380 1
368 381 1
369 382 1
370 383 1
371 384 1
372 385 1
373 386 1
374 386 1
375 387 1
376 388 1
377 389 1
378 390 1
379 391 1
380 392 1
381 393 1
382 394 1
383 395 1
384 396 1
385 397 1
386 398 1
387 399 1
388 400 1
389 400 1
390 400 1
391 400 1
392 400 1
393 400 1
394 400 1
395 400 1
396 400 1
397 400 1
398 400 1
399 400 1
