1 2 67
1 3 54
1 4 31
1 5 14
2 6 62
2 7 49
2 8 36
3 9 69
3 10 20
4 11 76
5 12 41
5 13 78
5 14 25
5 15 18
5 16 78
6 17 61
7 18 18
8 19 51
9 20 44
10 21 2
11 22 36
12 23 66
13 24 11
14 25 75
15 26 5
16 27 12
17 28 13
17 29 10
18 30 45
19 31 23
20 32 43
20 33 16
21 34 14
22 35 32
23 36 43
24 37 38
25 38 48
26 39 63
26 40 29
27 41 54
28 42 57
29 43 35
30 43 1
31 43 59
32 43 30
33 44 26
34 45 36
35 46 29
36 46 66
37 47 13
38 48 32
39 49 14
40 50 75
41 51 79
42 52 4
43 53 43
44 54 40
44 55 77
45 56 67
45 57 25
45 58 64
45 59 72
46 60 21
47 61 9
47 62 60
48 63 77
49 64 14
50 65 31
51 66 15
52 67 8
53 68 50
54 68 22
55 69 73
56 70 10
57 71 33
58 72 18
59 73 34
60 74 55
61 74 65
62 75 70
63 76 17
64 77 77
65 78 51
66 79 78
67 80 61
68 81 45
68 82 61
68 83 42
68 84 59
69 85 65
69 86 54
70 87 32
71 88 31
71 89 17
71 90 45
72 91 26
72 92 56
73 93 5
73 94 51
74 95 67
74 96 78
75 97 38
75 98 6
75 99 61
76 100 53
76 101 75
77 102 61
78 103 72
78 104 44
78 105 60
79 106 1
80 107 77
81 107 51
82 107 55
83 107 44
84 108 71
85 108 43
86 108 52
87 109 79
88 109 60
89 109 69
90 109 34
91 110 29
92 110 11
93 110 30
94 111 48
95 111 65
96 112 51
97 112 63
98 112 5
99 113 76
100 113 42
101 113 13
102 113 44
103 114 35
104 114 43
105 114 72
106 115 16
107 116 48
107 117 70
107 118 60
108 119 54
109 120 48
110 121 25
110 122 35
110 123 66
111 124 68
111 125 73
112 126 42
112 127 77
113 128 21
113 129 31
114 130 36
115 131 25
116 132 13
117 133 37
118 133 69
119 134 66
120 135 22
121 136 79
122 137 76
123 138 6
124 139 62
125 139 28
126 140 36
127 140 24
128 141 21
129 142 64
130 143 56
131 144 36
132 145 39
133 146 48
134 147 64
135 148 17
136 149 47
137 150 51
138 150 27
139 150 7
140 151 54
141 152 63
142 152 15
143 152 7
144 153 77
145 154 76
145 155 34
145 156 77
146 157 21
147 158 16
147 159 39
148 160 42
148 161 49
149 162 52
150 163 57
150 164 12
151 165 24
152 166 27
153 167 32
153 168 24
154 169 37
155 170 15
156 170 5
157 171 21
158 172 9
159 173 31
160 174 14
161 174 52
162 175 60
163 176 54
164 176 65
165 177 22
166 178 6
167 179 50
168 180 11
169 181 64
169 182 76
170 183 70
171 184 21
172 185 51
173 186 43
173 187 49
173 188 67
174 189 4
174 190 17
175 191 79
175 192 65
175 193 9
176 194 17
177 195 70
178 196 43
178 197 51
179 198 56
180 199 13
181 200 31
182 200 73
183 200 25
184 200 35
185 200 23
186 200 20
187 200 48
188 200 28
189 200 57
190 200 53
191 200 58
192 200 25
193 200 16
194 200 48
195 200 71
196 200 17
197 200 71
198 200 57
199 200 30
