1 2 1
1 3 1
1 4 1
2 5 1
2 6 1
3 7 1
3 8 1
3 9 1
4 10 1
4 11 1
4 12 1
5 13 1
6 14 1
6 15 1
7 16 1
7 17 1
8 18 1
8 19 1
8 20 1
9 21 1
10 22 1
11 23 1
11 24 1
11 25 1
12 26 1
12 27 1
13 28 1
14 29 1
15 29 1
16 30 1
17 31 1
18 32 1
19 33 1
20 33 1
21 34 1
22 34 1
23 35 1
24 36 1
25 37 1
26 38 1
27 39 1
28 40 1
29 41 1
30 42 1
31 43 1
32 43 1
33 43 1
34 44 1
35 45 1
36 46 1
37 47 1
38 48 1
39 49 1
40 50 1
41 51 1
42 52 1
43 53 1
44 54 1
45 55 1
46 56 1
47 56 1
48 57 1
49 58 1
50 59 1
50 60 1
51 61 1
52 62 1
52 63 1
53 64 1
54 65 1
54 66 1
55 67 1
55 68 1
55 69 1
55 70 1
56 71 1
57 72 1
58 73 1
58 74 1
58 75 1
59 76 1
60 77 1
61 78 1
62 79 1
63 80 1
64 81 1
65 81 1
66 82 1
67 83 1
68 84 1
69 85 1
70 86 1
71 87 1
72 88 1
73 89 1
74 90 1
75 91 1
76 92 1
77 93 1
78 94 1
79 94 1
80 95 1
81 96 1
82 97 1
83 97 1
84 98 1
85 99 1
86 100 1
87 101 1
88 102 1
89 103 1
90 103 1
91 104 1
92 105 1
93 106 1
94 107 1
95 108 1
96 108 1
97 109 1
98 110 1
99 111 1
100 112 1
101 113 1
102 114 1
103 115 1
104 116 1
105 117 1
106 118 1
107 119 1
108 120 1
109 121 1
110 122 1
111 123 1
112 124 1
112 125 1
113 126 1
114 127 1
115 128 1
115 129 1
116 130 1
116 131 1
117 132 1
118 133 1
119 134 1
120 135 1
121 136 1
122 137 1
122 138 1
123 139 1
124 140 1
125 141 1
126 142 1
127 143 1
128 144 1
129 145 1
130 146 1
131 147 1
132 148 1
133 148 1
134 149 1
135 150 1
136 150 1
137 151 1
138 152 1
139 153 1
140 154 1
141 155 1
142 155 1
143 156 1
144 157 1
145 158 1
146 159 1
147 159 1
148 160 1
149 161 1
150 162 1
151 163 1
152 164 1
153 165 1
154 166 1
155 167 1
156 168 1
157 169 1
158 170 1
159 171 1
160 172 1
161 173 1
162 174 1
163 175 1
164 176 1
165 177 1
165 178 1
166 179 1
167 180 1
168 181 1
169 182 1
169 183 1
169 184 1
170 185 1
171 186 1
172 187 1
173 188 1
174 189 1
175 190 1
176 191 1
177 192 1
178 193 1
179 194 1
180 195 1
181 196 1
181 197 1
182 198 1
182 199 1
183 200 1
184 201 1
185 202 1
186 203 1
187 204 1
188 205 1
189 206 1
190 207 1
191 208 1
192 208 1
193 209 1
194 210 1
195 210 1
196 211 1
197 212 1
198 212 1
199 213 1
200 213 1
201 214 1
202 214 1
203 215 1
204 216 1
205 217 1
206 218 1
207 219 1
208 220 1
209 221 1
210 222 1
211 222 1
212 223 1
213 224 1
214 224 1
215 225 1
216 226 1
217 227 1
218 228 1
218 229 1
219 230 1
219 231 1
219 232 1
219 233 1
220 234 1
220 235 1
221 236 1
221 237 1
222 238 1
222 239 1
223 240 1
224 241 1
224 242 1
225 243 1
226 244 1
226 245 1
227 246 1
228 247 1
229 248 1
229 249 1
230 250 1
231 251 1
231 252 1
231 253 1
231 254 1
232 255 1
232 256 1
233 257 1
233 258 1
233 259 1
234 260 1
235 261 1
236 262 1
237 263 1
238 264 1
238 265 1
238 266 1
239 267 1
239 268 1
240 269 1
240 270 1
241 271 1
241 272 1
242 273 1
242 274 1
243 275 1
244 276 1
245 276 1
246 277 1
247 277 1
248 277 1
249 278 1
250 278 1
251 279 1
252 279 1
253 279 1
254 279 1
255 279 1
256 280 1
257 280 1
258 280 1
259 280 1
260 281 1
261 281 1
262 281 1
263 282 1
264 282 1
265 282 1
266 283 1
267 283 1
268 283 1
269 283 1
270 284 1
271 284 1
272 284 1
273 285 1
274 285 1
275 285 1
276 286 1
277 287 1
277 288 1
278 289 1
278 290 1
278 291 1
279 292 1
280 293 1
280 294 1
280 295 1
281 296 1
281 297 1
282 298 1
282 299 1
283 300 1
283 301 1
284 302 1
285 303 1
285 304 1
286 305 1
287 305 1
288 305 1
289 306 1
290 307 1
291 308 1
292 309 1
293 309 1
294 309 1
295 310 1
296 310 1
297 310 1
298 311 1
299 312 1
300 313 1
301 313 1
302 313 1
303 314 1
304 315 1
305 316 1
306 317 1
307 318 1
308 319 1
309 320 1
310 321 1
311 322 1
312 323 1
313 324 1
314 325 1
314 326 1
315 327 1
315 328 1
316 329 1
317 330 1
318 330 1
319 331 1
320 332 1
321 333 1
322 333 1
323 334 1
324 335 1
325 336 1
326 337 1
327 337 1
328 337 1
329 338 1
329 339 1
330 340 1
331 341 1
331 342 1
332 343 1
333 344 1
334 345 1
334 346 1
334 347 1
335 348 1
336 349 1
337 350 1
338 351 1
339 352 1
340 352 1
341 353 1
342 353 1
343 354 1
344 354 1
345 355 1
346 356 1
347 357 1
348 358 1
349 359 1
350 359 1
351 360 1
352 361 1
352 362 1
353 363 1
353 364 1
354 365 1
354 366 1
355 367 1
356 368 1
357 369 1
357 370 1
358 371 1
359 372 1
360 373 1
361 374 1
362 375 1
362 376 1
363 377 1
363 378 1
363 379 1
364 380 1
365 381 1
366 382 1
367 383 1
368 384 1
368 385 1
369 386 1
370 387 1
371 388 1
372 389 1
372 390 1
373 391 1
374 391 1
375 392 1
376 392 1
377 393 1
378 394 1
379 395 1
380 395 1
381 396 1
382 396 1
383 396 1
384 397 1
385 398 1
386 398 1
387 399 1
388 400 1
389 400 1
390 400 1
391 401 1
392 402 1
393 403 1
393 404 1
394 405 1
395 406 1
395 407 1
396 408 1
397 409 1
398 410 1
399 411 1
400 412 1
401 413 1
402 414 1
403 415 1
403 416 1
404 417 1
405 418 1
405 419 1
405 420 1
406 421 1
407 422 1
407 423 1
407 424 1
408 425 1
409 426 1
410 427 1
411 428 1
412 429 1
412 430 1
413 431 1
414 432 1
415 433 1
416 433 1
417 434 1
418 435 1
419 435 1
420 436 1
421 437 1
422 437 1
423 438 1
424 439 1
425 440 1
426 441 1
427 441 1
428 442 1
429 443 1
430 444 1
431 445 1
432 446 1
433 447 1
434 448 1
435 448 1
436 449 1
437 450 1
438 450 1
439 451 1
440 452 1
441 453 1
442 454 1
443 454 1
444 455 1
445 456 1
446 457 1
447 458 1
448 459 1
449 460 1
449 461 1
450 462 1
451 463 1
452 464 1
453 465 1
454 466 1
455 467 1
456 468 1
457 469 1
458 470 1
459 471 1
460 472 1
461 473 1
462 474 1
463 474 1
464 474 1
465 475 1
466 476 1
467 476 1
468 477 1
469 478 1
469 479 1
469 480 1
469 481 1
470 482 1
471 483 1
472 484 1
472 485 1
473 486 1
474 487 1
475 488 1
476 489 1
476 490 1
477 491 1
478 491 1
479 492 1
480 493 1
481 493 1
482 494 1
483 495 1
484 495 1
485 495 1
486 496 1
487 497 1
488 497 1
489 498 1
490 499 1
491 500 1
492 500 1
493 500 1
494 500 1
495 500 1
496 500 1
497 500 1
498 500 1
499 500 1
