11 14 2 15 2 8 16 1
1 13 24 24 12 24 18 23
25 28 16 4 7 24 0 17
12 0 18 0 15 14 0 17
11 2 4 7 7 4 5 16
3 6 4 5 1 1 1 1
24 7 15 11 0 13 28 0
6 6 2 19 28 18 21 18
6 12 5 8 9 15 1 17
9 12 12 3 25 9 8 19
25 27 6 9 3 11 10 20
2 2 2 0 1 1 0 0
15 14 25 21 15 6 18 26
4 1 1 2 4 3 2 1
28 21 26 1 27 17 22 4
3 9 8 5 4 0 8 1
2 0 2 2 7 6 5 4
21 32 13 23 13 1 4 15
10 29 2 28 4 15 3 19
17 7 1 2 17 7 13 12
30 23 2 9 29 15 25 24
28 22 32 32 24 30 15 30
6 7 0 8 6 9 4 13
0 10 10 7 2 11 0 1
17 17 9 20 15 20 1 13
14 16 12 15 14 13 0 6
6 3 5 10 7 4 10 6
5 20 12 12 14 1 12 7
7 2 8 20 24 9 13 18
25 22 4 21 16 7 19 15
4 8 13 14 25 6 26 18
4 4 1 1 2 1 4 4
10 0 4 7 7 6 5 4
9 21 19 13 8 23 11 3
0 0 0 1 1 1 0 2
9 13 8 3 14 20 23 19
0 1 2 0 2 4 2 3
3 16 25 17 29 7 9 29
1 5 10 9 12 10 7 10
17 12 20 0 6 6 18 15
10 17 3 32 3 24 15 2
0 0 2 2 0 1 0 2
6 5 4 1 12 14 4 9
1 5 1 1 1 0 0 3
9 16 3 11 25 16 23 8
20 29 27 10 21 1 25 29
18 11 25 28 10 9 20 30
19 24 26 28 13 1 27 16
0 21 21 4 12 5 24 22
21 23 3 24 14 21 0 8
11 12 18 19 6 8 9 15
8 6 8 6 8 3 2 6
1 2 4 3 0 3 2 2
10 24 8 14 14 10 11 24
11 6 2 12 2 6 2 17
13 13 9 10 5 4 17 6
2 1 3 5 6 0 1 2
24 1 3 10 8 6 5 5
12 16 7 10 1 6 2 11
3 4 4 3 1 2 2 2
20 16 0 24 17 11 24 3
9 12 6 0 2 4 8 3
9 8 11 11 5 9 5 12
21 18 18 19 22 22 18 8
12 2 23 13 10 6 7 1
23 0 14 24 11 6 18 18
5 13 1 12 7 3 2 6
6 6 25 0 28 13 28 25
10 0 4 3 3 0 4 7
9 3 26 9 1 23 17 1
1 0 2 2 0 1 0 2
1 2 2 0 1 1 2 0
3 0 0 0 1 5 1 1
9 9 32 19 31 24 21 4
8 6 0 3 5 12 6 6
13 6 2 12 16 9 12 8
6 6 1 2 6 2 4 3
10 7 2 0 12 5 9 2
10 7 1 15 16 7 3 11
8 8 0 15 11 0 6 17
11 0 3 7 17 18 5 28
9 18 10 5 17 2 13 22
2 1 2 1 0 0 2 1
0 2 10 0 2 11 2 9
7 2 2 7 3 4 3 1
1 1 4 1 5 4 0 0
2 13 11 14 0 6 0 4
20 25 28 4 13 14 21 3
10 22 5 1 8 6 27 23
9 11 17 10 8 4 15 13
6 23 21 2 9 5 0 2
31 30 9 11 26 25 0 17
7 5 2 1 3 9 10 8
16 3 22 4 12 3 7 8
24 13 13 6 12 21 15 23
0 5 23 5 24 2 23 23
20 4 3 9 18 9 15 2
5 6 13 4 13 7 10 6
4 18 8 29 22 2 16 0
3 22 9 20 1 6 26 11
0 2 0 2 3 2 0 2
1 9 6 9 22 3 0 2
23 2 15 18 9 13 2 24
3 3 3 3 2 0 2 4
4 13 12 9 0 1 9 13
5 3 14 4 4 7 9 9
5 3 3 8 6 1 7 6
1 10 12 5 1 9 8 5
8 5 2 6 3 7 6 8
4 5 1 0 4 4 0 3
2 2 1 0 2 2 4 4
8 7 5 2 8 4 7 2
4 0 1 2 0 2 2 0
5 4 6 0 4 4 4 1
8 0 6 7 5 1 6 4
15 21 8 28 13 9 22 16
2 1 0 5 8 14 4 12
6 12 11 10 24 9 25 22
4 1 1 0 3 1 2 0
2 0 14 3 10 5 1 10
8 3 5 1 6 10 12 9
1 3 6 7 0 8 14 13
6 0 8 1 7 1 5 1
15 24 17 12 25 7 6 3
4 3 7 0 5 5 8 0
4 4 3 6 5 8 6 3
0 0 0 1 0 1 0 0
10 11 2 1 12 6 3 7
8 0 5 1 2 8 3 7
1 0 12 7 13 7 8 4
0 6 1 10 9 3 17 22
4 3 5 3 3 6 1 4
3 11 5 6 11 4 2 10
6 5 9 11 13 8 4 9
4 29 3 15 17 0 18 26
10 10 2 5 6 12 23 1
2 17 20 1 18 5 1 5
31 17 15 31 19 12 28 31
3 22 18 13 10 2 0 14
4 8 3 3 11 9 18 8
18 13 18 18 10 2 11 15
28 16 6 0 18 25 14 25
13 12 21 20 13 4 18 2
4 3 8 6 9 0 7 9
12 10 2 3 8 4 5 5
0 0 0 1 1 2 2 2
4 0 4 3 1 4 3 1
0 30 26 4 4 12 16 7
0 5 3 4 4 4 5 1
0 16 26 24 1 11 16 1
12 19 8 11 2 26 11 14
9 10 3 3 9 6 2 9
4 7 12 4 4 16 11 10
9 9 5 9 9 4 3 5
1 30 31 27 21 4 18 1
23 5 5 15 13 21 21 22
7 12 7 4 9 8 8 12
17 6 28 13 1 12 21 17
0 4 0 0 2 1 4 1
1 12 9 5 2 15 19 22
32 6 1 19 14 28 6 3
20 7 15 22 14 11 1 11
5 9 2 14 1 15 3 4
15 0 13 1 0 13 16 0
14 6 1 0 7 12 8 6
3 0 16 18 15 7 9 16
1 4 4 4 4 4 2 0
17 30 29 1 16 26 27 1
5 19 21 7 14 13 4 6
9 3 7 4 2 5 7 3
20 16 16 21 17 24 1 0
8 3 3 4 8 4 11 11
3 7 14 1 6 3 13 14
2 1 0 1 8 3 7 0
2 3 1 14 22 5 4 24
5 10 5 4 1 1 12 2
9 8 7 17 0 1 16 5
0 3 9 0 12 6 1 0
8 19 15 20 13 0 22 17
0 2 0 4 0 3 4 4
19 0 4 20 18 0 3 5
11 16 20 0 28 23 2 3
4 1 10 18 5 4 9 4
6 10 13 15 4 5 6 11
13 5 0 9 13 16 6 20
7 15 8 20 17 12 2 24
3 6 11 3 3 7 9 5
12 25 5 21 10 24 25 3
6 6 1 9 9 1 2 2
7 7 8 6 1 14 8 12
4 4 8 5 6 4 7 5
9 19 11 14 16 19 7 23
16 0 1 12 0 6 12 14
5 7 1 1 8 0 4 6
8 2 9 2 1 8 3 1
5 5 15 15 16 12 12 1
8 13 13 13 2 11 4 11
18 2 16 18 10 24 19 28
9 17 24 16 8 13 20 25
29 23 25 29 19 19 16 12
2 2 0 1 1 2 2 0
4 8 8 5 10 0 4 1
11 2 4 3 5 13 12 12
11 15 10 15 4 12 16 13
16 27 1 3 17 12 3 22
3 15 7 11 10 6 5 5
1 4 9 25 14 3 15 7
0 2 2 2 0 1 1 0
24 2 26 12 12 23 3 19
1 1 2 2 1 2 2 2
7 10 4 5 2 6 3 7
2 14 9 13 8 1 6 5
1 2 0 0 1 2 2 2
0 2 1 1 2 0 0 1
0 2 1 1 1 1 1 0
17 27 7 19 13 15 19 5
12 7 21 5 2 28 3 7
0 13 26 19 3 24 8 19
14 0 1 2 13 6 4 11
13 0 18 7 19 3 11 6
7 7 3 6 6 1 1 0
14 10 15 7 12 19 16 10
1 1 0 1 2 1 0 1
0 3 1 2 4 4 3 0
0 29 30 6 17 22 30 24
2 1 2 0 0 2 2 2
26 12 29 23 14 4 1 10
10 6 5 14 1 9 2 6
9 20 4 21 18 4 23 6
22 8 7 4 3 10 6 18
23 12 9 21 23 14 23 16
22 8 13 18 26 4 13 22
19 31 11 10 1 12 20 3
1 4 7 19 18 12 5 5
2 19 20 3 7 6 1 5
18 25 6 17 8 25 10 12
8 6 6 8 7 1 0 2
9 4 12 14 7 6 11 5
3 2 2 4 3 4 2 0
5 4 13 23 13 7 1 9
7 5 2 8 5 1 6 0
16 4 18 25 8 1 21 5
1 11 16 7 3 21 11 10
11 0 11 11 12 3 0 4
1 1 0 1 2 1 0 1
6 9 5 3 11 7 4 0
5 11 9 15 9 15 6 8
2 0 15 11 18 14 10 13
21 25 19 24 0 20 10 17
2 18 11 8 8 10 14 13
5 18 0 0 13 6 19 11
7 13 19 7 19 11 11 6
18 4 3 16 13 7 12 1
13 20 20 15 8 16 18 20
4 4 6 10 0 8 10 0
16 0 6 16 13 10 13 3
1 1 12 13 12 6 25 20
21 11 6 12 0 9 22 3
12 23 4 0 12 19 7 25
18 24 24 24 16 10 9 24
23 31 28 11 28 4 26 7
22 30 22 1 27 28 2 7
14 8 13 4 0 3 8 11
12 6 1 6 4 10 12 2
4 4 5 3 3 4 3 3
20 17 16 16 13 12 17 4
3 9 5 0 2 3 18 16
8 7 1 3 3 10 3 9
1 0 7 7 9 4 1 10
12 3 11 3 11 8 14 3
25 4 25 27 10 26 21 13
0 4 10 14 5 11 15 7
14 11 3 1 5 2 12 0
14 22 4 6 10 7 4 4
9 15 6 5 10 17 15 12
7 2 12 18 5 14 20 22
5 7 8 5 4 2 1 3
16 9 2 17 1 11 12 15
8 0 2 9 11 22 25 0
3 14 24 6 4 0 3 4
3 23 13 7 19 26 26 20
14 14 3 14 14 10 11 9
9 1 14 14 7 8 11 9
4 3 2 3 0 4 2 0
5 8 1 6 1 17 0 6
0 0 6 3 2 6 3 6
10 12 9 10 20 3 3 7
2 3 0 7 1 2 7 8
1 1 0 0 1 0 1 2
20 2 7 17 20 15 13 6
3 0 0 5 3 5 1 1
16 14 3 10 8 14 5 14
2 10 10 2 9 10 11 12
8 3 2 0 7 9 5 3
0 0 2 0 2 0 1 0
18 9 1 13 7 13 4 16
10 8 10 8 9 4 5 0
4 0 5 10 3 11 2 0
7 4 6 0 4 0 5 8
16 29 18 1 16 28 6 18
14 19 15 8 2 7 1 15
2 7 6 1 3 4 4 2
7 10 9 1 10 7 9 8
3 0 4 6 1 0 5 3
4 10 11 7 1 12 16 6
12 11 3 1 4 6 2 8
1 7 7 7 7 7 3 4
5 0 6 4 6 8 5 8
2 2 2 2 1 0 0 1
3 24 21 26 23 16 4 14
0 13 8 6 0 10 2 10
1 0 2 3 2 3 2 1
8 0 2 3 7 2 2 7
22 19 24 13 0 8 27 19
0 21 10 17 22 15 0 6
16 21 18 22 6 14 11 28
11 7 6 4 9 0 5 4
10 12 6 9 16 18 18 17
3 10 11 11 11 5 1 4
3 7 20 9 24 0 11 24
0 4 1 4 0 3 4 0
2 1 1 4 4 4 0 3
16 6 10 7 7 11 2 3
3 0 2 4 1 11 15 5
0 9 15 0 29 30 23 7
1 6 2 0 7 3 3 2
11 10 1 6 10 8 0 12
24 11 0 8 5 6 26 14
32 11 27 7 9 27 19 14
2 2 0 3 3 4 12 3
6 1 17 6 2 21 21 5
3 25 15 5 17 18 6 23
18 5 0 6 7 1 5 1
9 6 16 11 19 8 4 14
0 1 1 2 0 1 0 0
7 2 2 9 7 0 7 4
9 6 8 6 6 9 1 11
7 3 8 12 6 12 7 5
0 8 1 1 3 7 5 2
20 12 9 18 12 16 18 18
5 22 8 18 15 9 22 9
16 30 17 12 22 12 14 1
0 1 1 3 4 4 4 2
0 3 10 23 6 12 20 4
2 4 3 1 2 4 2 3
9 19 20 6 20 7 11 0
12 11 2 3 0 1 10 8
14 17 0 14 3 0 15 16
0 0 0 1 2 1 2 0
9 17 1 5 12 6 8 8
1 1 2 1 0 0 0 0
10 10 1 3 1 17 6 11
17 20 29 20 24 28 14 23
2 3 0 1 1 4 2 1
3 0 1 6 8 7 8 2
18 11 8 23 26 20 27 1
26 18 27 0 9 7 10 5
4 8 16 4 7 5 18 15
8 10 9 16 3 13 10 4
21 2 11 7 6 0 5 8
15 24 26 7 5 15 19 21
18 15 12 8 22 24 16 17
1 2 4 2 3 0 4 2
3 2 3 2 7 3 6 2
3 0 0 3 5 0 4 4
23 2 0 0 8 17 12 4
4 12 7 9 17 4 15 1
8 0 2 2 6 3 6 5
2 2 7 6 13 9 4 12
0 1 0 1 2 2 1 2
12 10 2 13 2 17 2 8
7 28 2 17 24 13 25 28
25 2 16 2 7 5 11 13
1 1 1 1 2 0 1 1
2 0 2 2 2 0 0 2
8 5 14 14 13 21 17 1
1 5 16 12 5 0 7 18
23 16 12 8 7 24 2 18
9 3 4 9 3 5 8 5
1 2 3 4 6 3 4 3
11 5 15 14 0 6 1 15
3 7 11 1 11 8 8 9
3 5 5 6 7 6 6 5
4 3 3 6 4 2 5 6
10 7 12 19 30 8 0 32
19 21 22 24 1 28 17 24
5 8 6 6 4 2 5 5
23 5 8 23 8 9 0 11
3 5 8 1 18 2 24 9
3 2 0 1 0 4 0 3
26 0 13 9 10 5 28 14
1 16 28 29 13 7 7 15
10 2 10 22 1 0 4 7
9 10 5 17 10 3 16 2
1 1 5 22 0 19 22 14
1 6 5 0 3 3 11 16
1 2 0 2 0 2 0 2
28 11 23 7 14 24 13 20
23 2 21 10 11 9 10 25
2 0 1 0 1 1 2 1
11 21 0 0 6 2 23 2
3 0 0 3 0 1 3 4
0 3 5 9 10 7 5 6
27 10 22 30 3 11 11 2
4 9 9 17 0 18 25 20
9 4 3 4 3 6 4 4
19 2 20 20 23 15 6 9
14 28 14 23 18 28 9 23
14 4 6 7 2 13 4 10
21 0 13 0 4 15 20 10
12 24 23 11 2 20 0 14
20 1 7 13 10 8 16 15
10 17 21 17 1 17 14 24
17 15 10 22 10 32 7 5
2 6 4 1 7 4 16 10
4 7 0 11 7 7 0 1
10 13 13 13 1 2 14 4
30 15 25 10 22 25 30 14
3 19 5 4 17 1 23 15
6 4 10 16 3 5 6 5
11 22 2 2 4 8 16 12
15 9 5 8 11 13 13 5
6 3 1 0 0 4 1 1
11 18 16 13 11 0 2 11
3 1 4 4 1 0 1 1
31 20 11 30 17 15 10 14
8 7 17 21 11 5 4 19
2 12 7 10 12 9 1 9
6 21 20 6 1 20 12 8
6 4 6 6 2 2 6 4
4 2 2 16 7 14 13 11
19 5 21 19 6 12 3 4
1 21 16 18 8 17 1 20
4 4 3 11 0 11 0 4
1 2 4 1 4 2 3 2
22 1 16 21 1 4 18 15
2 1 0 1 2 1 0 1
3 6 12 5 7 12 10 11
17 15 15 6 4 7 16 2
2 3 0 4 4 2 4 0
3 7 0 10 14 12 1 8
3 17 14 3 17 15 7 10
12 7 12 16 11 22 22 4
16 15 29 7 0 26 17 17
0 24 18 21 3 23 8 12
8 10 0 14 7 16 13 13
2 0 0 2 2 2 2 2
30 22 8 25 8 5 12 3
4 12 10 15 13 5 10 11
0 3 4 3 2 1 4 1
15 9 13 8 15 9 11 12
16 1 2 14 8 1 12 4
2 24 7 22 9 23 20 20
22 17 2 30 26 28 17 3
18 17 30 15 15 8 19 19
12 1 7 2 11 9 5 5
3 16 0 22 11 16 21 21
3 3 0 1 5 5 2 4
0 13 2 1 6 7 4 8
1 1 2 2 0 1 1 2
12 2 8 7 0 2 3 4
6 15 4 18 5 8 11 13
2 16 5 14 11 6 10 13
4 14 17 1 4 7 15 11
3 0 10 13 5 7 0 13
12 14 2 15 2 0 2 17
2 0 1 0 5 0 4 1
21 9 0 9 23 0 8 0
1 0 1 3 3 1 3 4
12 13 0 4 2 10 17 15
8 3 5 0 0 5 1 3
27 15 5 10 15 4 3 27
7 14 17 4 12 0 10 4
31 27 8 22 27 22 16 14
2 3 1 6 9 10 1 3
7 2 4 10 6 9 1 9
4 3 6 9 5 4 1 10
4 17 2 14 7 9 5 14
26 4 13 10 19 7 18 21
14 9 8 3 17 7 12 9
4 0 5 3 3 1 3 0
0 4 27 24 0 3 16 4
2 1 1 2 0 2 2 0
1 2 2 0 2 0 0 0
1 2 0 2 1 4 1 2
1 4 1 0 1 4 0 2
3 28 21 22 8 25 17 26
12 15 16 7 6 6 2 9
16 10 3 7 12 2 12 13
4 17 10 29 24 15 21 14
1 2 2 0 2 3 0 4
7 0 0 3 3 4 7 6
5 6 10 5 2 7 5 6
6 25 8 4 8 17 12 22
17 18 16 18 12 0 28 27
3 1 2 4 1 4 3 1
12 6 1 19 1 11 14 19
1 8 2 1 7 1 1 0
4 6 10 12 9 7 14 6
1 1 6 4 4 1 3 1
2 4 0 0 3 2 2 1
1 5 12 10 9 2 19 14
8 15 23 23 19 28 3 0
2 3 4 7 9 2 12 10
2 2 0 2 1 2 1 1
4 24 20 5 27 13 6 3
19 5 15 1 13 9 13 0
20 9 7 3 16 4 27 12
1 0 2 1 1 2 2 2
15 14 9 4 12 4 2 16
0 12 17 18 12 8 18 16
4 3 3 1 3 0 3 2
18 7 3 20 10 3 18 7
21 23 20 23 7 23 8 2
27 6 8 7 11 21 20 5
9 16 3 5 10 15 11 8
14 8 13 8 3 11 14 7
2 1 0 6 4 6 3 5
21 7 9 0 14 21 18 11
1 0 5 6 4 3 9 2
30 9 9 14 30 4 28 7
1 4 4 0 0 4 2 4
24 4 0 29 23 28 26 2
3 0 3 2 1 9 7 1
0 12 4 17 3 0 0 18
5 18 19 11 23 26 24 6
1 0 1 1 2 2 2 0
12 8 3 3 13 14 10 11
12 21 21 6 6 9 9 7
14 6 30 16 19 24 5 16
10 8 12 13 4 19 18 4
18 7 4 22 13 2 28 7
20 0 3 16 9 13 8 17
4 0 4 1 0 6 0 4
0 1 2 1 0 2 0 0
5 15 12 17 30 2 14 13
1 7 10 8 21 12 12 18
12 6 11 10 19 2 2 16
19 6 6 19 1 12 20 16
0 0 1 0 3 3 3 4
1 25 1 28 11 8 24 8
2 3 0 13 10 8 14 10
8 4 9 13 0 1 14 0
11 13 24 16 17 19 11 11
13 16 20 8 18 19 0 17
15 20 17 19 22 2 4 22
14 10 3 11 12 4 10 7
0 1 2 2 0 0 2 1
23 6 16 24 12 6 0 25
8 1 7 7 0 2 5 7
1 1 7 9 8 11 4 8
1 6 9 7 1 19 6 22
23 1 24 3 8 24 10 12
14 14 9 16 15 3 17 5
13 0 6 7 3 2 14 4
2 7 2 7 6 3 3 9
12 9 13 14 0 8 1 7
4 3 0 4 0 2 3 5
3 0 13 12 5 5 3 11
2 3 3 2 4 2 3 2
3 18 21 19 26 24 13 0
2 8 5 6 1 1 1 2
19 22 24 6 25 24 24 18
19 7 3 4 19 8 9 17
6 0 5 16 16 2 0 6
0 0 4 3 3 3 4 2
3 6 4 6 6 0 5 2
19 16 8 8 15 9 9 7
8 26 24 23 3 19 19 13
2 2 6 2 2 4 4 5
24 23 22 5 19 24 10 0
6 2 11 17 5 1 13 9
6 3 8 1 4 1 2 5
13 9 14 13 5 16 19 14
0 3 0 2 6 5 0 1
7 9 7 23 19 14 7 0
20 5 15 6 10 7 15 14
7 10 9 27 8 26 3 26
23 1 17 22 23 30 13 10
20 22 24 16 1 4 25 1
2 2 2 0 1 0 1 2
0 4 4 6 4 5 6 3
6 6 0 1 7 8 5 2
4 0 3 2 1 2 1 2
0 1 12 12 4 16 18 21
10 28 17 11 9 1 2 26
6 5 6 0 3 5 1 5
4 10 8 14 1 13 7 8
2 0 0 2 2 0 2 2
16 18 8 8 9 10 0 24
16 17 25 0 7 11 11 0
8 11 2 8 9 2 7 3
0 12 13 5 6 2 13 4
8 8 7 12 8 2 4 5
2 8 4 6 1 3 4 3
14 8 12 4 1 19 8 5
0 0 11 0 11 13 8 11
1 3 6 8 1 3 3 2
2 11 8 10 0 0 2 12
5 2 3 5 5 5 1 2
14 3 5 16 16 3 5 3
6 6 9 6 0 14 4 3
6 2 3 0 11 11 10 7
1 9 23 24 20 17 20 20
14 16 12 2 14 5 4 2
0 2 0 2 2 0 1 0
0 1 16 8 0 15 1 5
14 0 7 10 8 6 16 12
28 14 18 24 3 7 17 19
5 3 12 12 1 9 12 4
8 8 1 6 6 2 5 10
3 5 17 14 3 11 10 3
6 25 0 5 26 21 28 14
8 10 4 12 16 15 7 12
11 1 1 9 10 0 13 3
0 0 1 3 3 2 1 0
10 21 12 18 14 4 13 3
9 14 0 4 12 13 12 9
4 3 1 0 1 2 1 4
9 14 15 11 16 13 1 10
12 25 8 13 1 9 28 4
3 1 3 6 0 1 6 4
1 2 2 0 2 1 4 2
1 4 7 12 10 9 5 0
9 9 9 5 3 8 1 3
0 2 10 17 5 12 7 14
9 6 8 13 13 14 9 6
1 2 3 0 1 1 1 4
6 6 0 7 2 5 2 4
7 4 4 14 7 13 0 7
4 2 1 2 0 1 4 1
2 0 1 0 1 0 2 1
12 9 2 11 4 12 12 2
3 11 11 1 2 3 11 3
1 8 1 8 3 6 0 7
2 9 3 12 9 1 1 17
3 3 5 1 5 2 6 3
13 15 27 11 21 0 8 15
0 16 12 4 7 4 18 20
14 23 13 2 26 16 0 26
0 6 17 4 9 18 14 0
1 1 4 4 1 0 5 1
8 2 11 9 7 14 14 14
28 3 28 24 29 2 22 8
24 30 28 28 21 15 21 14
14 20 21 22 3 24 1 19
19 5 25 10 12 24 14 11
23 8 23 17 16 1 16 22
12 5 4 6 11 2 7 10
16 4 11 0 11 15 6 12
17 19 15 13 9 12 18 17
28 18 16 11 0 20 5 21
1 3 0 3 3 2 3 0
23 24 2 26 13 11 1 6
9 17 19 0 10 19 7 14
3 0 3 4 3 1 0 2
16 0 21 5 12 7 27 7
6 0 3 1 3 3 0 6
5 4 4 1 0 2 7 7
16 14 16 2 3 6 8 1
16 6 15 17 6 13 19 15
0 12 0 10 10 4 5 3
6 8 4 6 4 0 4 0
5 10 6 3 4 5 3 5
1 10 10 1 10 7 0 4
3 1 2 9 3 11 12 8
20 22 20 1 28 30 32 1
4 1 2 8 1 0 1 4
22 18 26 3 13 11 4 23
0 1 4 3 1 5 4 6
0 6 10 4 3 10 6 1
17 21 22 18 20 18 18 11
6 6 6 2 8 3 3 8
2 8 0 8 7 6 9 1
10 4 16 4 20 6 11 14
7 4 8 10 8 11 7 10
24 9 20 21 28 17 20 29
2 2 0 1 2 2 1 1
10 8 11 5 7 11 4 5
10 20 4 7 16 9 6 6
8 4 7 4 6 1 5 8
2 2 0 1 2 1 1 1
2 13 11 9 15 23 12 6
31 14 30 29 8 31 6 11
15 21 31 29 12 16 28 4
4 0 0 3 0 1 1 2
2 3 3 5 1 1 1 3
0 7 1 9 5 20 9 6
18 14 13 21 4 1 14 8
12 0 4 0 9 5 10 7
2 12 4 15 10 16 10 11
1 9 19 8 3 12 3 5
1 14 22 3 0 22 8 16
14 1 25 17 19 24 10 14
6 4 1 4 6 1 3 3
13 6 16 10 1 3 12 3
7 4 1 7 7 0 2 3
0 2 1 1 1 2 2 2
4 5 3 2 5 1 3 5
9 5 19 12 20 0 6 16
18 6 0 10 14 12 4 2
0 2 2 0 0 0 0 0
18 5 16 20 1 1 7 6
2 4 2 0 1 4 4 4
6 8 7 8 8 6 8 7
17 12 6 12 12 1 8 14
20 5 17 17 11 19 19 19
1 3 1 5 5 15 15 14
5 9 4 8 5 4 6 2
4 1 4 0 1 1 3 1
3 10 2 9 1 4 6 1
2 3 8 2 8 2 10 5
6 2 0 4 6 1 4 2
22 4 11 5 11 9 4 3
17 20 5 7 18 24 18 9
1 1 1 0 5 4 3 4
16 28 24 0 28 16 10 6
9 0 3 0 15 28 27 3
10 3 7 14 10 3 13 2
13 7 0 7 17 6 5 0
8 7 3 10 11 6 11 10
0 12 11 2 9 11 11 6
0 4 1 14 0 9 0 14
0 2 6 3 7 16 15 6
5 21 21 1 10 12 1 11
2 16 19 14 15 28 7 16
14 22 18 4 15 14 17 19
1 0 2 1 1 0 2 1
17 12 13 24 17 4 7 11
7 25 13 14 23 26 4 26
6 14 5 10 18 16 8 16
0 1 3 10 12 24 18 7
14 24 22 14 22 18 12 25
26 30 2 19 7 1 20 23
8 4 6 2 5 4 7 5
14 27 29 26 25 16 6 27
5 3 8 10 4 10 1 4
3 6 12 5 4 4 9 11
20 20 15 15 6 13 18 7
5 11 10 2 8 11 9 11
2 1 2 0 1 0 1 2
2 0 2 2 0 0 2 0
0 24 4 14 24 10 8 26
2 14 9 4 12 2 0 0
4 0 8 7 10 3 5 5
1 4 0 2 7 18 8 17
3 6 4 4 7 8 8 4
8 4 4 4 2 2 20 2
1 0 0 1 4 0 2 0
26 10 25 22 10 6 23 7
4 0 3 5 1 3 2 4
7 12 0 8 8 12 2 11
16 14 6 7 9 16 7 3
7 9 2 20 17 1 8 10
24 15 25 24 16 17 7 10
0 0 1 1 2 0 0 1
4 3 2 0 3 0 1 4
10 7 12 1 6 8 9 8
8 16 12 26 10 14 16 20
1 5 7 1 9 0 0 2
15 0 2 13 13 2 12 15
3 8 5 9 15 2 18 7
12 16 15 1 0 10 10 6
28 3 22 6 1 5 28 14
1 4 7 0 10 9 10 7
18 1 7 21 13 14 5 11
15 6 5 14 18 17 13 15
4 15 16 13 16 11 7 1
5 16 3 17 16 12 8 3
10 10 6 9 1 7 5 12
8 18 8 5 18 17 13 7
8 8 3 10 5 12 8 2
1 13 6 11 14 4 4 12
26 26 0 24 1 5 3 7
12 7 0 5 7 11 12 19
7 7 9 5 8 12 1 8
7 0 1 0 3 4 8 1
12 4 3 0 2 0 12 12
16 15 6 5 10 5 0 12
4 6 7 7 1 1 3 7
16 5 21 10 0 6 4 19
3 9 10 12 0 8 5 11
2 8 0 7 5 5 8 1
2 5 5 0 3 8 0 4
21 14 14 15 12 18 18 5
7 14 5 2 1 15 15 10
21 13 15 15 3 29 26 31
5 16 15 0 13 15 16 14
3 3 6 0 2 3 0 4
3 3 4 4 6 3 6 4
29 25 6 2 25 6 30 15
17 20 13 8 18 7 5 20
1 5 0 4 3 3 5 1
1 0 2 0 2 1 2 1
0 3 4 1 3 1 2 0
0 3 1 0 2 2 1 2
0 4 10 6 10 2 3 6
12 14 2 17 2 11 18 0
11 9 19 1 9 7 9 16
27 11 31 26 4 15 17 28
