1 2 21
1 3 6
1 4 25
1 5 12
2 6 4
2 7 29
2 8 4
2 9 6
3 10 17
3 11 25
3 12 8
3 13 26
4 14 1
4 15 19
4 16 22
4 17 1
4 18 21
5 19 6
5 20 1
5 21 5
5 22 4
6 23 22
7 24 29
8 25 1
9 26 12
10 27 4
11 28 9
12 29 3
13 30 21
14 31 8
15 32 11
16 33 20
17 34 13
18 35 17
19 36 3
20 37 1
21 38 4
22 39 3
23 40 15
24 41 10
25 42 19
26 43 2
27 44 9
28 45 8
29 45 22
30 46 2
31 47 25
32 48 26
33 49 16
34 50 26
35 51 28
36 52 6
37 53 19
38 54 6
39 55 26
40 56 1
41 57 15
42 58 15
43 59 16
44 60 21
45 61 6
46 62 13
46 63 22
47 64 11
48 65 19
49 66 23
50 67 4
51 68 7
52 69 29
53 70 17
54 71 4
55 72 7
56 73 6
57 74 3
58 75 29
59 76 24
60 77 23
61 78 15
62 79 14
63 80 4
64 81 8
65 82 8
66 83 25
67 84 24
68 85 1
69 86 27
70 87 10
71 88 5
72 89 18
73 90 10
74 91 2
75 92 18
76 93 25
77 94 21
78 95 21
79 96 21
80 97 28
81 98 22
82 99 28
83 100 22
84 101 29
85 102 4
86 102 15
87 103 5
88 104 3
89 105 3
90 106 22
91 107 22
92 108 27
93 109 6
94 110 26
95 111 1
96 112 23
97 113 20
98 114 17
99 115 28
99 116 27
100 117 11
101 118 1
102 119 21
103 120 18
104 121 1
105 122 7
106 123 1
107 123 4
108 124 13
109 125 5
110 126 29
111 127 14
112 128 28
113 129 15
114 130 25
115 131 20
116 132 8
117 133 25
118 134 12
119 135 2
120 136 29
121 137 17
122 138 29
123 139 3
124 140 8
125 141 10
126 142 21
127 143 16
128 144 25
128 145 21
129 146 11
130 147 18
131 148 15
132 149 16
133 150 13
134 151 22
135 152 23
136 153 6
137 154 28
138 155 2
139 156 26
140 157 11
141 158 26
142 159 27
143 160 24
144 161 19
145 162 20
146 163 25
147 164 3
148 165 14
149 166 19
150 167 4
151 168 4
152 169 2
153 170 15
154 171 27
155 172 20
156 173 27
157 174 19
158 175 24
159 176 2
160 177 2
161 178 21
162 179 3
163 180 2
164 181 26
165 182 29
166 183 12
167 184 5
168 185 21
169 186 22
170 187 12
171 188 21
172 189 29
173 190 21
174 191 26
175 192 21
176 193 14
177 194 4
178 195 7
179 196 21
180 197 23
181 198 19
182 199 28
183 200 4
184 201 21
185 202 10
186 203 15
187 204 23
188 205 19
189 206 4
190 207 13
191 208 19
192 209 17
193 210 14
194 211 13
195 212 14
196 213 26
197 214 10
198 215 10
199 216 19
200 217 12
201 218 3
202 219 26
203 220 21
204 221 22
205 222 9
206 223 13
207 224 29
208 225 5
209 226 26
210 227 1
211 228 25
212 229 24
213 230 29
214 231 29
215 232 27
216 233 3
217 234 22
218 235 4
219 236 20
220 237 6
221 238 5
222 239 20
223 240 22
224 241 3
225 242 13
226 243 4
227 244 27
228 245 7
229 245 9
230 246 16
231 247 9
232 248 27
233 249 23
234 250 28
235 251 1
236 252 15
237 253 20
238 254 17
239 255 6
240 256 24
241 257 29
242 258 6
243 259 20
243 260 6
244 261 14
245 262 1
246 263 3
247 264 26
248 265 13
249 266 11
250 267 27
251 268 11
252 269 20
253 270 4
254 271 5
255 272 1
256 273 2
257 274 5
258 275 7
259 276 23
260 277 25
261 278 14
262 279 14
263 280 18
264 281 11
265 282 29
266 283 8
267 284 9
268 284 22
269 285 2
270 286 20
271 287 2
272 288 6
273 289 5
274 290 13
275 291 10
276 292 23
277 293 10
278 294 8
279 295 26
280 296 16
281 297 12
282 298 11
282 299 3
283 300 9
284 301 16
285 302 18
286 303 20
287 304 3
288 305 8
289 306 11
290 307 5
291 307 5
292 308 4
293 309 28
294 310 10
295 311 8
296 312 4
297 313 11
298 314 26
299 315 28
300 316 14
301 317 17
302 318 27
303 319 26
304 320 20
305 321 28
306 322 24
307 323 3
308 324 4
309 325 5
310 326 9
311 327 4
312 328 9
313 329 19
314 330 5
315 331 10
316 332 5
317 333 4
318 334 29
319 335 1
320 336 21
321 337 25
322 338 11
323 339 14
324 340 18
325 341 10
326 342 19
327 343 4
328 344 25
329 345 21
330 346 24
331 347 13
332 348 16
333 349 8
334 350 24
335 351 15
336 352 22
337 353 15
338 354 10
339 355 14
340 356 19
341 357 19
342 358 15
343 359 16
344 360 24
345 361 11
346 362 18
347 363 19
348 364 25
349 365 2
349 366 3
350 367 14
351 368 11
352 369 25
353 370 20
354 371 8
355 372 26
356 373 20
357 373 1
358 374 27
359 375 18
360 376 22
361 377 24
362 378 6
363 379 4
364 380 9
365 381 6
366 382 12
367 383 1
368 384 12
369 385 23
370 386 11
371 387 22
372 388 20
373 389 19
374 390 3
375 391 11
376 392 22
377 393 10
378 394 11
379 395 13
380 396 8
380 397 18
381 398 7
382 399 1
383 400 20
384 401 1
385 402 13
386 403 5
387 404 5
388 405 14
389 406 20
390 407 1
391 407 15
392 408 28
393 409 19
394 410 4
395 411 9
396 412 11
397 413 5
398 414 11
399 415 5
400 416 1
401 417 10
402 418 16
403 419 26
404 420 20
405 421 13
406 422 28
407 423 29
408 424 28
409 425 2
410 426 15
411 427 6
412 428 12
412 429 14
413 430 23
414 431 12
415 432 28
416 433 15
417 434 20
418 435 4
419 436 17
420 437 21
421 438 15
422 439 2
423 440 14
424 441 24
425 442 29
426 443 14
427 444 20
428 445 5
429 446 20
430 447 5
431 448 2
432 449 13
433 450 15
434 451 9
435 452 2
436 453 4
437 454 16
438 455 6
439 455 1
440 456 2
441 457 12
442 458 19
443 459 14
444 460 8
445 461 14
446 462 26
447 463 3
448 464 25
449 465 9
450 466 6
451 467 27
452 468 4
453 469 7
454 470 5
455 471 28
456 472 3
457 473 1
458 474 28
459 475 1
460 476 15
461 477 7
462 478 3
463 479 26
464 480 25
465 481 10
466 482 5
467 483 26
468 484 6
469 485 17
470 486 29
471 487 9
472 488 15
473 489 1
474 490 2
475 491 15
476 492 24
477 493 21
478 494 8
479 495 20
480 496 23
481 497 3
482 498 21
483 499 5
484 500 20
485 501 14
486 502 29
486 503 22
487 504 6
488 505 1
489 506 5
490 507 1
491 508 16
492 509 16
493 510 10
494 511 23
495 512 29
496 513 9
497 514 25
498 515 14
499 516 20
500 517 27
501 518 5
502 519 3
503 520 17
504 521 24
505 522 21
506 523 21
507 524 9
508 525 5
509 526 3
510 527 22
511 528 2
512 529 4
513 530 9
514 531 19
515 532 11
516 533 2
517 534 11
518 535 17
519 536 12
520 537 1
521 538 20
522 538 28
523 539 16
524 540 15
525 541 8
526 542 6
527 543 9
528 544 17
529 545 5
530 546 11
531 547 26
532 548 28
533 549 8
534 550 27
535 551 25
536 552 20
537 553 16
538 554 26
539 555 15
540 556 8
541 557 20
542 558 20
543 559 10
544 560 11
545 561 23
546 562 1
547 563 19
548 564 17
549 565 4
549 566 21
550 567 29
551 568 6
552 569 9
553 570 9
554 571 18
555 572 12
556 573 8
557 574 19
558 575 1
559 576 23
560 577 22
561 578 24
562 579 29
563 580 27
564 581 22
565 582 13
566 583 4
567 584 15
568 585 18
569 586 17
570 587 22
571 588 14
572 589 27
573 590 10
574 591 15
575 592 14
576 592 27
577 593 29
578 594 20
579 595 11
580 596 12
581 597 18
582 598 18
583 599 16
584 600 1
585 601 18
586 602 9
587 603 27
588 604 5
589 605 24
590 606 19
591 607 26
592 608 8
593 609 28
594 610 14
595 611 23
596 612 19
597 613 14
598 614 5
599 615 6
600 616 17
601 617 9
602 618 19
603 619 10
604 620 2
605 621 19
606 622 12
607 623 8
608 624 1
609 625 28
610 626 27
611 627 8
612 628 19
613 629 26
614 630 8
615 631 4
616 632 4
617 633 2
617 634 27
618 635 8
619 636 19
620 637 9
621 638 12
622 639 4
623 640 24
624 641 11
625 642 13
626 643 15
627 644 17
628 645 15
629 646 15
630 647 28
631 648 6
632 649 7
633 650 13
634 651 7
635 652 11
636 653 6
637 654 8
638 655 19
639 656 11
640 657 4
641 658 12
642 659 21
643 660 23
644 661 27
645 662 7
646 662 6
647 663 6
648 664 26
649 665 9
650 666 19
651 667 8
652 668 22
653 669 23
654 670 3
655 671 27
656 672 29
657 673 2
658 674 8
659 675 12
660 676 15
661 677 22
661 678 15
662 679 9
663 680 17
664 681 3
665 682 10
666 683 2
667 684 7
668 685 19
669 686 29
670 687 2
671 688 10
672 689 1
673 690 9
674 691 13
675 692 23
676 693 1
677 694 15
678 695 25
679 696 2
680 697 11
681 698 19
682 699 15
683 699 27
684 700 21
685 701 14
686 702 18
687 703 10
688 704 14
689 705 14
690 706 11
691 707 1
692 708 23
693 709 27
694 710 24
695 711 14
696 712 17
697 713 5
698 714 6
699 715 26
700 716 15
701 717 29
702 718 17
703 719 9
704 720 22
705 721 23
706 722 28
707 722 10
708 723 11
709 724 24
710 725 2
711 726 10
712 727 2
713 728 11
714 729 27
715 730 21
716 731 20
717 732 12
718 733 29
719 734 28
720 735 18
721 736 17
722 737 4
723 738 8
724 739 15
725 740 4
726 741 15
727 742 4
727 743 16
728 744 13
728 745 14
729 746 8
730 747 14
731 748 2
732 749 19
733 750 17
734 751 5
735 752 17
736 753 5
737 754 16
738 755 20
739 756 6
740 757 15
741 758 9
742 759 8
743 760 3
744 761 7
745 762 9
746 763 5
747 764 17
748 765 10
749 766 14
750 767 8
751 768 13
752 768 17
753 769 3
754 770 28
755 771 24
756 772 26
757 773 23
758 774 7
759 775 18
760 776 29
761 777 6
762 778 18
763 779 16
764 780 20
765 781 20
766 782 8
767 782 17
768 783 26
769 784 22
770 785 7
771 786 24
772 787 1
773 788 3
774 789 15
775 790 13
776 791 9
777 792 17
777 793 27
778 794 18
779 795 5
780 796 21
781 797 3
782 798 15
782 799 17
783 800 3
784 800 10
785 800 17
786 800 13
787 800 21
788 800 13
789 800 8
790 800 13
791 800 23
792 800 25
793 800 6
794 800 18
795 800 2
796 800 5
797 800 6
798 800 26
799 800 4
