12 18 4 18 2 8 11 15
26 2 28 28 30 30 19 1
11 11 8 11 8 0 9 12
28 21 7 12 11 23 8 3
1 1 0 2 0 1 1 2
12 15 30 18 16 2 9 13
18 7 3 26 0 22 5 4
18 13 1 0 2 26 18 19
7 29 29 29 11 5 27 19
2 2 0 2 1 1 1 1
23 14 22 0 35 20 32 3
3 8 20 7 8 27 20 17
3 10 12 0 1 12 5 8
1 1 7 1 1 2 6 6
12 13 30 34 33 4 29 21
20 0 6 7 1 8 14 17
5 18 10 4 23 8 9 11
0 22 18 8 5 20 10 4
14 6 10 17 8 5 0 0
2 6 5 9 10 5 1 10
6 1 5 2 5 1 4 4
9 8 24 0 4 5 23 16
8 0 8 1 0 6 1 5
39 32 25 36 0 9 10 35
6 17 4 2 9 13 6 18
7 6 11 11 6 8 1 0
2 10 4 6 6 1 10 3
2 23 14 1 8 4 10 11
1 1 11 23 26 30 17 9
23 21 19 6 22 9 26 12
6 1 1 3 16 22 20 8
6 7 6 7 9 4 5 7
10 19 19 10 13 18 8 7
8 4 12 12 3 10 12 9
0 0 1 0 0 0 0 2
16 24 11 10 10 1 20 9
34 20 12 31 26 10 1 34
6 7 2 9 3 8 0 9
3 0 1 0 0 3 0 5
15 4 9 14 12 6 11 0
14 5 4 15 1 6 7 6
20 15 22 3 21 2 11 12
7 2 25 9 22 20 10 23
3 3 0 20 15 3 8 2
12 11 5 5 19 3 2 8
2 8 1 5 4 4 9 9
3 6 0 6 5 6 5 3
6 4 4 7 0 4 7 2
29 20 1 2 21 18 19 4
2 0 2 0 2 2 0 1
11 0 11 10 1 1 6 12
19 22 0 18 9 19 6 13
10 9 2 6 14 13 6 11
9 0 16 17 5 9 2 12
5 1 5 4 5 1 10 10
15 7 14 1 13 8 4 3
0 0 1 1 1 0 2 2
18 3 15 23 25 12 14 18
19 33 20 14 16 9 6 10
2 11 10 4 5 1 4 10
14 9 22 9 13 3 3 7
3 10 3 2 10 2 0 9
3 1 2 8 10 3 10 7
22 1 9 26 13 22 6 14
8 28 32 9 5 31 8 13
8 0 6 7 4 7 5 2
12 2 8 14 9 0 5 1
8 10 15 7 3 3 12 10
12 17 20 19 8 21 0 17
36 0 28 23 22 34 36 10
14 3 7 13 10 5 20 8
9 3 20 16 5 2 0 2
8 2 12 5 5 8 8 0
28 3 6 15 9 1 28 20
8 27 16 24 8 17 18 24
3 13 28 0 24 31 28 29
15 4 10 15 3 8 6 13
27 16 9 5 31 17 25 21
26 20 17 26 23 0 14 2
23 14 17 0 27 24 31 5
3 1 9 8 6 4 9 10
9 6 19 19 11 21 3 6
9 17 13 4 3 11 3 7
10 9 13 4 2 8 16 0
7 25 13 19 14 23 4 18
5 2 4 6 6 0 2 6
10 1 6 3 7 2 12 3
11 1 16 2 16 16 15 3
33 14 29 16 33 10 32 32
4 4 5 6 5 10 7 5
18 1 20 23 15 22 0 3
3 3 2 2 2 2 1 2
18 5 25 16 16 9 25 12
25 15 10 23 40 31 14 40
2 16 13 16 4 1 0 6
25 13 17 6 12 22 1 25
18 1 13 6 3 20 6 12
27 26 2 6 16 22 11 23
4 1 27 5 24 4 23 20
21 6 1 2 10 19 10 10
29 16 11 21 22 0 1 29
1 27 4 28 14 22 13 11
4 5 18 11 10 12 16 15
6 4 0 1 5 2 6 5
0 9 7 3 5 5 12 4
13 24 1 23 23 25 0 4
10 6 6 4 8 18 13 19
9 1 5 8 6 3 6 0
4 24 25 20 17 18 3 4
5 6 5 1 16 12 16 13
15 18 31 29 8 4 16 20
19 22 10 6 8 14 19 10
7 25 26 26 20 26 25 18
30 19 23 14 28 19 17 29
2 7 12 11 7 7 6 5
6 11 7 1 1 5 13 4
3 12 16 28 21 5 28 7
6 6 6 2 3 5 4 3
6 9 22 28 30 20 9 14
2 0 2 0 0 2 2 1
1 7 13 4 14 1 14 13
22 4 26 18 25 22 1 21
0 0 2 3 2 3 0 3
34 37 11 16 0 13 1 21
19 4 15 11 23 1 15 4
33 3 19 33 24 17 21 2
11 13 0 2 10 7 0 13
2 12 8 22 5 21 18 18
13 1 24 6 16 8 17 22
0 2 3 6 3 0 3 0
18 4 15 8 12 24 17 17
4 3 4 2 4 4 1 0
13 13 8 7 7 0 3 1
20 8 5 16 15 0 1 3
9 3 4 5 1 4 10 1
4 4 10 1 10 0 0 9
0 10 19 20 5 9 5 22
6 12 28 21 17 11 21 27
27 15 15 23 8 34 25 12
0 6 13 16 6 15 15 4
7 31 5 15 24 14 3 5
18 5 5 10 5 8 4 14
3 0 0 2 0 1 4 4
8 7 5 6 2 10 6 0
16 7 3 29 9 14 22 15
8 1 5 2 12 17 9 9
1 2 0 2 0 1 0 2
26 28 25 5 16 28 24 21
5 0 3 2 8 2 10 0
2 8 4 4 7 4 1 10
29 18 36 30 16 36 15 6
12 20 19 20 19 8 11 14
15 27 24 34 26 8 27 33
12 11 6 11 14 10 13 3
3 6 0 5 6 5 3 3
35 8 20 38 0 28 34 32
7 8 20 10 31 9 34 12
13 21 25 27 19 0 7 22
4 4 7 6 0 5 16 9
33 5 22 30 10 28 36 19
2 4 11 10 8 4 2 8
7 8 1 10 9 1 2 1
12 12 3 15 16 20 11 13
32 15 5 6 23 23 22 31
1 12 2 13 22 19 31 24
3 2 14 3 7 19 8 6
26 9 21 22 15 32 30 9
8 10 0 12 10 12 10 3
9 0 16 8 11 2 12 14
1 6 1 10 14 14 1 9
1 2 2 1 0 3 3 4
21 16 16 17 20 16 22 15
2 32 0 12 6 10 3 15
20 12 8 4 10 14 6 23
5 2 4 25 17 14 15 1
17 30 0 18 21 3 8 6
5 10 9 5 9 7 4 3
7 4 1 33 30 17 20 20
9 8 10 3 12 5 0 11
26 24 36 24 36 6 32 31
13 31 4 11 16 30 19 17
1 10 9 9 10 8 8 12
10 0 7 7 7 2 8 8
7 10 10 5 1 4 5 4
5 24 7 36 7 15 11 9
12 12 9 0 15 3 11 3
2 4 2 4 2 1 0 1
15 8 15 10 3 12 5 12
15 7 22 15 21 0 14 25
14 34 3 21 31 31 8 31
0 1 2 1 2 1 2 2
7 5 0 6 13 6 6 20
2 4 3 1 3 6 5 4
9 14 0 15 8 15 9 14
6 1 7 2 1 11 3 15
1 0 9 0 4 0 10 6
4 3 0 7 18 10 14 4
19 5 23 28 8 23 24 19
1 2 3 7 7 0 3 2
3 0 3 4 3 4 4 2
23 12 13 13 1 12 11 17
0 12 10 14 11 5 3 9
10 24 25 23 22 22 9 8
17 35 27 3 31 7 6 17
3 3 4 0 1 4 1 4
18 16 13 10 3 13 13 25
3 4 3 5 4 5 5 5
11 13 13 2 5 8 4 5
23 6 11 0 21 5 27 29
12 14 26 24 9 27 10 28
7 0 37 19 28 28 23 4
2 15 10 8 1 1 11 1
4 1 4 6 7 1 7 10
40 28 22 28 32 22 2 8
1 17 32 25 33 15 11 22
1 7 7 9 8 4 15 17
12 4 24 18 7 16 22 4
6 2 0 4 4 7 2 2
17 9 2 10 10 3 3 17
17 21 22 22 20 21 5 9
2 9 5 9 5 6 8 0
7 17 16 25 30 30 10 9
28 4 30 10 15 12 26 17
13 34 27 24 34 13 9 14
4 5 6 0 2 5 1 2
2 14 9 5 6 13 1 3
20 23 32 32 35 17 14 16
13 25 5 12 1 17 12 20
2 4 3 1 1 4 4 1
14 4 13 21 13 9 9 1
36 8 6 5 29 4 38 30
4 1 8 0 16 1 0 22
1 2 0 0 1 1 0 1
0 16 6 7 2 2 12 16
3 25 17 0 18 10 20 17
10 15 6 7 10 9 16 11
7 10 0 17 11 6 16 12
19 22 25 17 16 23 8 30
25 23 36 6 38 5 29 10
20 18 22 8 14 16 10 10
18 12 2 16 36 9 5 7
3 4 2 8 14 3 6 16
12 4 17 12 8 11 1 14
0 9 11 12 1 4 0 12
14 1 5 12 2 11 3 11
24 24 4 6 1 2 24 12
6 23 22 24 17 23 0 11
1 7 7 2 15 17 4 12
7 9 16 1 0 8 8 13
2 1 1 2 0 0 1 2
13 5 13 3 30 1 17 10
5 10 6 3 0 5 5 9
13 2 15 11 23 4 26 5
6 3 7 15 25 5 3 13
39 30 38 28 10 21 24 8
14 14 3 14 4 1 9 0
4 2 2 3 0 1 1 1
9 3 9 9 1 17 0 9
4 6 5 2 0 1 5 1
19 3 0 17 3 4 7 22
12 2 2 5 27 38 35 7
10 0 6 11 12 8 14 9
1 2 18 16 13 20 2 3
17 4 27 6 40 40 13 14
13 13 3 1 10 12 10 1
1 9 8 10 11 7 4 0
9 19 32 5 8 17 30 17
5 15 3 2 1 11 9 9
6 6 12 13 3 14 9 13
0 0 0 3 2 1 2 2
13 20 12 11 24 8 0 30
20 27 19 12 5 22 0 16
1 3 7 3 3 4 11 6
12 1 7 18 14 8 6 15
30 14 28 34 31 9 25 35
0 6 4 8 5 8 6 6
6 24 25 13 26 9 5 7
7 24 19 8 1 10 15 24
5 13 7 20 22 28 5 0
17 13 14 3 19 8 16 9
7 4 3 10 21 9 21 2
2 1 4 4 2 4 2 3
30 4 32 24 0 33 3 26
4 31 31 27 23 30 26 16
12 11 22 20 10 2 18 2
16 8 14 8 15 1 11 20
0 3 15 8 0 9 16 4
28 4 26 26 2 24 33 34
3 8 0 6 8 5 7 10
5 11 7 8 14 5 8 0
2 1 7 6 0 6 6 8
1 12 24 14 10 22 17 25
14 19 16 22 0 14 18 16
11 11 2 6 9 0 5 8
1 2 2 1 2 0 2 2
0 1 2 4 3 4 2 1
3 6 4 38 29 10 39 10
19 7 4 9 21 17 23 15
2 2 2 2 2 2 2 1
18 0 4 8 12 18 7 19
18 30 25 6 16 34 28 32
5 12 0 9 11 2 8 10
12 1 10 9 29 29 16 14
4 0 8 4 5 5 11 4
0 4 4 0 4 2 0 0
2 0 0 2 2 2 2 2
0 4 3 1 2 1 2 2
3 27 28 6 14 6 13 2
1 19 22 18 26 3 36 9
25 3 13 20 10 20 17 13
7 17 18 17 17 7 8 11
10 6 17 1 0 2 0 26
17 18 11 16 12 6 23 14
16 20 4 7 7 5 20 7
35 0 21 11 7 18 6 3
12 23 12 20 12 4 9 15
7 9 11 8 0 3 10 3
0 12 0 4 14 14 13 11
0 17 3 17 19 15 21 14
1 19 2 20 12 14 12 25
1 0 5 2 6 0 3 4
15 6 6 9 1 1 8 4
20 0 2 3 0 23 11 14
15 8 18 19 18 21 5 8
14 12 27 15 13 4 1 6
20 17 10 13 8 2 1 13
6 24 6 24 19 10 14 15
32 16 26 2 22 4 34 6
3 6 6 2 3 4 4 3
3 4 2 2 1 1 6 8
4 0 2 4 0 4 2 4
2 1 0 8 3 8 1 4
19 2 30 29 22 25 5 18
4 1 0 3 2 2 2 0
1 5 5 15 7 2 6 11
5 8 10 8 15 10 11 16
8 3 12 11 7 8 11 8
4 0 29 33 6 3 30 25
2 7 5 5 8 1 4 0
9 18 6 12 31 27 14 19
3 10 8 2 10 4 6 2
6 20 34 12 13 7 34 15
28 7 6 13 26 6 20 30
15 6 0 1 13 2 5 14
23 14 10 20 19 4 7 24
3 6 5 3 5 2 4 1
14 13 9 7 5 18 7 5
6 16 8 7 18 25 0 13
11 6 4 16 8 10 19 16
7 4 9 10 4 2 3 3
0 1 2 0 3 6 2 5
13 14 4 4 2 17 6 1
15 13 3 5 9 14 21 6
1 3 1 5 5 1 3 2
3 8 8 0 7 2 4 3
2 1 0 1 0 1 3 3
2 0 1 8 9 15 1 5
1 6 4 7 9 10 7 5
24 5 20 4 18 11 2 8
4 5 3 0 4 3 6 6
11 0 1 6 9 1 3 11
2 0 2 0 0 0 0 0
7 16 18 10 4 3 10 15
20 6 24 1 28 27 6 17
30 3 1 14 28 22 20 0
3 16 17 8 9 0 3 17
2 24 33 5 34 36 14 8
5 17 15 14 16 17 18 6
1 2 0 0 2 0 1 4
14 16 5 1 20 3 1 18
1 0 1 2 0 2 0 1
1 0 0 1 2 2 0 2
2 2 2 0 2 0 2 0
10 27 39 12 5 10 23 9
0 14 14 32 12 18 14 4
2 1 0 0 2 0 2 1
14 17 24 9 33 13 20 29
21 22 39 21 13 26 38 16
15 0 3 9 9 5 6 2
7 14 5 12 13 6 9 0
12 5 14 3 13 9 0 1
9 2 20 5 21 36 1 2
13 14 18 27 17 28 8 31
7 19 11 17 0 18 6 17
30 32 30 29 18 3 30 33
12 28 20 9 8 36 24 30
3 1 1 1 2 1 2 0
29 24 37 29 25 1 29 31
1 7 5 1 3 1 5 5
13 22 20 17 16 12 5 17
0 5 6 6 5 6 0 3
2 13 8 22 21 20 12 22
8 14 6 14 12 8 7 12
2 2 2 1 1 1 1 2
2 11 4 16 15 5 17 6
8 0 10 1 13 6 13 11
29 0 20 35 13 3 35 2
3 3 3 1 2 3 5 2
1 18 6 9 24 19 7 7
2 2 2 2 1 1 1 0
8 0 8 22 24 22 9 12
13 1 5 8 7 11 7 4
6 8 16 10 4 8 11 2
4 19 30 34 20 3 32 39
7 15 1 15 17 15 13 14
22 22 14 27 6 27 16 8
15 13 27 21 23 30 16 24
32 20 36 27 2 35 0 18
3 11 4 17 13 8 8 29
0 5 0 0 1 7 7 8
2 0 0 2 0 0 2 0
16 14 9 18 10 3 17 12
35 32 25 14 10 25 16 0
20 21 23 5 12 16 23 15
3 2 0 5 0 6 4 6
30 11 13 16 30 25 2 30
7 1 2 2 4 7 7 4
30 23 26 17 6 28 25 24
2 5 0 2 3 1 6 2
1 1 0 0 1 2 1 1
0 14 11 2 7 7 14 6
21 0 9 5 5 7 36 36
10 9 2 11 6 4 5 9
30 12 11 12 15 19 7 23
3 2 4 1 2 4 4 0
12 1 9 1 2 11 15 7
4 9 5 20 7 24 6 0
2 2 2 4 3 1 4 4
10 2 27 26 15 10 1 1
2 23 12 10 12 3 6 3
4 2 19 19 11 16 13 16
4 13 2 2 8 12 10 16
15 24 15 11 12 11 8 3
12 6 21 14 6 22 26 2
1 1 1 2 1 1 2 1
8 20 16 13 7 4 15 3
4 5 3 6 5 4 8 8
9 9 28 4 17 12 29 22
0 2 0 0 0 2 0 0
4 16 11 31 19 25 15 22
2 1 3 1 3 4 3 2
3 0 3 0 16 7 9 0
13 8 8 5 12 7 17 10
9 8 20 10 24 15 19 16
6 3 0 36 1 1 23 14
16 21 28 13 12 3 5 1
5 7 0 4 11 0 10 3
10 12 6 6 4 16 17 4
0 8 16 17 18 16 20 24
4 18 25 8 12 22 15 18
1 0 2 2 2 2 1 2
0 2 1 1 2 1 0 1
6 14 11 1 3 6 7 8
0 10 7 10 2 1 10 5
4 3 13 18 17 0 15 3
6 3 8 12 4 8 6 10
7 10 9 9 14 14 7 14
19 6 30 9 2 18 13 32
0 1 2 0 2 0 0 0
10 25 1 21 4 15 12 20
10 28 7 6 21 6 16 4
21 11 2 17 15 12 6 24
4 24 0 0 9 10 3 21
27 36 5 9 9 34 34 21
13 5 6 8 1 0 15 4
1 27 22 6 3 12 12 15
30 9 14 13 32 24 2 31
9 10 14 8 10 4 13 4
0 1 5 5 5 4 4 2
14 28 12 2 5 0 16 2
8 20 21 6 1 16 16 6
7 0 1 8 11 2 9 7
10 21 14 14 0 32 24 14
28 16 16 28 12 18 25 28
4 5 1 23 7 2 11 2
16 12 19 28 27 35 6 9
2 2 0 0 0 2 1 0
1 24 27 13 3 8 36 11
6 22 12 13 32 9 14 14
5 1 7 5 6 10 10 6
3 2 0 1 0 0 0 1
4 8 1 18 16 27 15 19
0 25 11 22 25 5 14 25
6 3 1 6 5 1 0 7
8 12 3 12 28 32 22 28
6 7 7 10 11 11 6 11
5 16 8 2 2 14 10 15
2 30 5 5 8 7 28 26
17 14 24 20 10 24 15 14
16 16 1 7 4 13 14 5
8 9 6 14 5 0 26 1
0 2 0 1 2 1 0 2
2 12 3 2 4 7 10 9
4 2 2 6 5 3 3 4
3 26 8 15 24 5 18 11
7 18 2 5 3 11 23 1
32 20 21 10 1 12 15 21
12 13 15 0 16 12 15 0
3 6 4 0 5 1 6 0
2 16 7 16 11 7 3 11
19 3 19 13 5 16 11 15
13 18 22 0 13 12 10 4
26 17 1 9 7 3 7 12
1 3 10 7 6 10 5 8
21 3 22 11 1 26 25 0
13 26 3 14 28 4 3 23
1 1 3 5 2 3 5 2
7 5 3 11 4 1 4 7
24 3 25 17 13 25 14 7
2 2 1 1 1 2 1 0
11 16 22 22 5 17 3 13
15 2 19 7 2 14 3 19
16 16 30 38 10 8 2 5
13 4 26 24 7 32 2 18
5 4 11 16 19 11 17 1
10 17 9 5 15 1 18 5
1 29 25 11 15 9 21 32
2 5 4 2 6 3 1 1
13 19 2 25 13 5 17 6
15 7 15 16 12 0 16 2
21 21 24 4 19 3 0 13
9 1 2 15 0 4 3 11
6 1 5 16 13 11 9 13
6 10 14 6 5 9 2 3
40 0 32 18 21 21 26 7
14 8 14 8 7 4 13 4
2 6 5 0 3 1 1 6
3 22 14 15 35 4 2 11
1 3 0 3 4 2 1 4
6 2 0 5 6 2 6 0
0 12 9 7 12 12 6 8
1 12 6 18 13 0 6 3
10 21 22 29 5 22 36 12
5 1 13 2 5 10 17 13
0 6 16 5 12 9 1 10
3 14 12 12 3 7 15 4
13 33 30 38 5 36 22 4
5 8 9 10 5 7 6 1
19 5 20 20 7 4 16 7
10 16 16 9 21 23 23 28
37 14 31 7 5 29 19 31
5 1 8 10 0 1 10 3
15 9 18 15 10 6 9 4
10 1 4 8 4 7 2 5
11 14 25 23 19 12 23 10
2 7 7 25 3 11 28 27
26 12 17 27 22 13 5 7
14 3 0 25 23 1 8 4
4 2 8 1 10 1 6 1
4 30 16 30 3 26 13 11
20 21 26 18 4 4 19 0
25 33 25 0 21 16 15 19
23 17 21 21 25 4 15 13
7 15 15 14 9 20 20 1
1 4 1 3 2 2 0 2
5 2 1 8 8 4 5 2
7 10 9 26 11 33 13 33
36 24 1 20 3 25 20 29
1 6 0 7 9 1 10 8
31 29 20 23 29 31 14 22
1 4 16 6 6 18 10 4
4 13 12 10 0 4 3 8
9 7 16 15 11 5 0 16
26 0 2 3 4 9 14 9
10 10 24 23 29 4 28 13
6 1 0 0 0 0 3 5
28 7 25 17 7 16 13 6
21 6 17 7 6 17 24 0
6 1 4 7 5 7 6 2
17 11 2 9 36 40 21 35
17 30 23 8 15 7 6 11
2 22 29 19 33 10 25 10
0 6 4 5 2 3 4 5
0 21 17 13 3 6 11 5
13 6 3 1 11 3 6 0
23 28 25 12 14 10 27 10
15 21 6 6 21 3 12 14
4 5 3 4 0 0 3 2
4 3 11 3 3 8 14 8
12 22 9 15 2 8 18 3
2 2 20 15 7 19 29 4
10 1 22 22 15 24 3 22
2 2 1 0 1 2 2 1
8 16 0 5 5 12 2 16
2 1 0 0 1 2 1 0
23 18 14 3 6 6 17 0
24 3 32 23 33 19 40 39
1 0 2 5 3 10 2 9
7 8 9 10 4 6 11 5
17 1 4 11 11 31 19 27
5 1 12 16 4 4 0 7
15 3 5 18 2 19 34 10
18 6 3 23 5 5 22 10
11 30 1 1 11 23 28 14
17 19 11 8 12 17 30 19
7 11 13 18 21 23 23 7
7 10 27 28 16 31 20 31
9 3 25 3 21 21 1 22
1 3 5 1 4 3 3 1
18 9 11 27 5 18 29 11
15 14 12 1 9 13 15 13
4 21 24 3 26 2 23 6
38 9 37 19 8 27 18 28
9 19 5 19 27 28 3 11
15 0 18 25 26 3 8 19
34 22 14 19 26 36 14 8
6 1 10 7 5 9 1 15
15 30 11 12 30 9 18 1
5 4 6 0 1 2 6 3
12 4 6 5 4 5 14 11
2 5 18 5 7 28 28 12
27 21 27 15 8 21 20 19
23 7 9 17 13 15 27 9
0 8 21 25 9 8 25 16
12 6 4 11 4 2 9 1
9 11 5 7 0 14 0 1
0 4 4 0 3 0 1 3
0 1 6 10 10 1 6 7
2 7 9 11 3 1 11 7
21 12 3 21 14 5 22 16
6 4 2 6 2 6 6 6
16 6 13 0 6 6 10 14
0 8 6 3 4 3 1 1
3 10 22 12 1 19 24 2
7 7 5 8 1 1 8 8
0 0 1 1 1 1 1 2
3 11 5 13 11 22 25 8
1 2 1 3 5 0 7 2
15 4 11 7 4 10 10 15
1 2 3 7 8 3 10 4
16 21 14 14 22 14 28 30
11 19 23 0 17 24 5 7
32 10 27 5 4 14 2 6
1 0 0 11 15 18 12 8
7 5 6 0 4 4 7 1
3 15 9 16 14 25 14 13
3 2 2 0 5 5 0 6
4 12 7 10 3 8 12 9
6 4 9 3 7 10 1 5
3 11 2 8 6 4 28 1
0 3 2 2 4 3 1 4
1 12 12 4 9 5 13 4
1 1 12 7 8 6 3 3
40 22 5 39 39 3 10 29
12 2 9 10 6 5 9 10
26 3 31 38 15 29 7 19
3 17 27 18 26 27 23 7
28 8 22 8 21 17 14 15
7 4 5 10 4 1 3 3
18 0 14 2 1 14 20 7
1 1 0 3 2 1 3 4
2 2 4 0 3 0 0 2
6 3 4 6 5 1 1 0
5 11 20 12 6 19 5 16
18 2 11 14 4 8 17 10
9 15 8 0 34 29 3 16
8 6 36 3 37 29 27 37
5 18 26 2 18 20 1 21
9 17 6 33 13 27 26 33
1 4 6 1 16 10 16 3
16 26 35 14 4 16 4 32
12 7 25 24 0 7 17 13
22 17 12 15 1 12 19 3
3 6 5 12 10 8 9 36
28 13 8 21 12 30 0 15
19 19 6 13 40 20 9 34
1 5 3 1 1 5 6 2
6 0 15 15 28 0 19 29
1 20 9 17 12 22 6 3
1 14 28 13 12 22 31 16
7 16 1 2 8 3 1 7
10 24 21 12 20 15 25 3
33 1 17 7 17 17 1 35
9 9 6 12 7 7 2 11
22 4 12 24 31 15 25 6
25 34 31 2 26 32 23 9
13 28 26 17 8 34 21 12
2 3 0 1 3 3 2 0
0 0 0 2 2 0 3 4
2 0 1 1 1 1 0 1
3 3 3 5 0 0 10 7
17 27 9 19 23 24 0 6
13 12 7 26 19 5 22 6
12 7 4 6 11 5 3 3
3 3 3 10 5 2 9 6
17 4 19 4 15 6 0 20
6 24 15 15 8 0 3 3
1 3 6 8 0 10 17 12
24 15 30 12 0 34 7 1
14 2 4 29 17 20 29 4
6 16 3 1 15 18 23 22
29 20 0 18 22 14 15 20
0 0 2 3 0 5 1 0
10 10 9 1 8 8 12 7
9 12 6 2 11 17 23 14
18 33 18 21 22 18 28 10
12 24 7 25 23 22 21 20
17 10 8 12 2 5 12 11
0 1 2 2 0 4 4 1
16 0 0 11 14 18 18 17
20 18 7 22 19 17 14 3
9 10 12 4 0 4 1 10
10 3 1 7 2 7 12 5
2 7 3 4 4 2 4 9
10 7 8 10 15 24 22 15
7 15 12 4 13 0 22 21
8 6 0 1 7 1 0 4
7 8 2 2 4 5 0 6
3 7 1 8 7 9 4 3
6 29 30 21 36 19 36 4
0 1 0 8 0 7 7 6
0 2 3 4 3 4 4 0
4 11 8 11 6 12 0 0
10 7 3 15 5 0 10 9
12 11 16 11 6 12 5 12
36 25 13 35 31 35 8 31
2 2 0 0 1 2 0 1
0 0 2 0 1 1 2 2
10 9 14 7 1 5 6 9
1 6 6 6 5 8 7 8
9 0 8 22 24 1 16 19
28 22 35 16 13 28 2 9
11 13 4 5 0 8 12 4
4 13 8 11 1 30 4 21
3 2 4 1 0 2 4 3
4 17 13 7 9 13 21 2
6 28 19 6 19 7 36 25
10 1 6 4 7 1 6 6
4 1 3 2 1 2 2 4
5 20 21 21 13 10 10 12
25 17 30 28 4 12 13 11
8 17 11 14 0 10 16 13
15 8 3 10 10 13 2 8
10 17 13 17 15 13 10 1
14 24 18 12 5 16 0 10
8 17 3 21 12 9 1 22
28 29 12 11 33 19 20 22
21 9 0 1 28 15 17 22
10 22 27 33 19 7 23 22
9 11 12 14 17 0 3 7
0 6 6 3 1 5 3 1
3 0 3 4 1 3 2 4
14 17 14 9 1 15 16 10
20 15 29 8 23 24 1 12
8 9 3 5 5 6 7 3
6 9 3 2 2 10 9 10
17 20 11 6 16 26 4 9
9 12 7 11 5 15 2 16
7 20 0 0 4 11 24 15
11 17 20 3 3 17 13 0
33 37 36 21 5 38 6 14
2 8 1 3 1 1 4 6
9 7 4 3 8 6 1 2
22 16 14 0 1 11 7 25
6 21 4 18 22 11 3 24
5 5 0 7 2 6 3 5
8 16 14 16 9 21 13 6
9 4 9 11 3 12 4 2
6 21 20 10 23 11 24 10
21 20 17 21 24 3 27 4
31 8 20 18 5 14 38 19
17 14 35 15 5 38 15 11
2 2 32 11 29 4 1 23
18 2 17 17 2 17 13 10
3 1 0 1 2 0 4 3
1 1 0 0 0 2 0 1
30 2 34 31 31 22 15 1
16 28 18 15 5 3 26 23
7 9 3 3 3 7 10 8
7 36 39 8 0 40 13 27
13 8 13 10 6 6 2 14
7 7 3 6 0 1 7 4
5 2 3 3 4 2 0 2
2 2 33 28 1 7 21 36
24 16 9 20 3 5 6 6
0 0 2 7 2 5 2 6
4 7 21 26 26 12 9 28
26 4 3 10 14 22 18 3
2 2 0 4 13 12 4 12
7 5 12 3 9 12 5 9
7 17 4 1 6 3 22 16
24 13 28 5 25 9 8 13
14 9 8 20 8 16 0 2
5 22 18 17 4 25 17 2
27 16 22 31 31 11 34 36
20 1 7 19 39 6 14 7
6 3 10 11 33 7 34 1
9 23 28 2 1 5 20 24
9 3 28 32 26 2 19 30
22 16 21 11 1 21 7 21
11 3 9 5 12 7 3 6
11 12 6 4 4 2 14 5
6 6 1 7 3 7 0 0
3 1 2 0 3 2 0 3
19 4 13 5 5 2 8 6
1 2 1 2 1 0 2 1
24 13 4 23 9 23 10 24
31 0 35 14 11 33 10 11
8 20 28 4 21 36 11 15
0 11 12 9 3 2 11 7
