1 2 7
1 3 38
1 4 67
1 5 31
2 6 47
2 7 68
2 8 59
2 9 13
3 10 48
3 11 49
3 12 66
3 13 46
4 14 11
4 15 65
4 16 14
5 17 42
5 18 21
5 19 50
6 20 28
7 21 22
8 22 42
9 22 11
10 23 21
11 24 5
12 25 12
13 25 61
14 26 66
15 26 43
16 27 52
17 27 4
18 27 43
19 28 46
20 29 50
21 30 56
22 31 45
22 32 29
23 33 54
24 34 10
25 35 32
25 36 23
26 37 35
27 38 40
28 39 63
29 40 58
30 41 25
30 42 53
31 43 18
31 44 67
31 45 5
32 46 30
33 47 64
34 48 1
35 49 41
36 50 52
37 51 20
38 52 21
38 53 42
39 54 61
40 55 68
41 56 45
42 57 7
43 58 58
44 58 66
45 59 10
46 60 36
47 61 66
48 62 60
49 63 63
50 64 67
51 64 13
52 65 37
53 66 44
54 67 60
55 68 34
56 68 64
57 69 10
58 70 21
59 71 7
60 71 19
61 72 14
62 72 20
63 73 27
64 74 67
65 74 12
66 75 62
67 76 36
68 77 27
68 78 7
68 79 55
69 80 54
69 81 11
70 82 54
70 83 45
71 84 22
71 85 16
71 86 54
72 87 57
72 88 45
72 89 61
73 90 18
74 91 47
74 92 14
74 93 60
75 94 55
75 95 55
76 96 48
76 97 25
77 98 46
78 98 26
79 98 49
80 98 60
81 99 65
82 99 18
83 99 58
84 100 59
85 101 49
86 101 61
87 101 63
88 102 7
89 102 42
90 102 19
91 103 3
92 103 60
93 103 39
94 104 8
95 104 5
96 104 11
97 104 23
98 105 15
98 106 16
99 107 22
99 108 62
99 109 11
99 110 31
100 111 5
100 112 42
100 113 9
101 114 26
101 115 23
102 116 46
103 117 22
103 118 68
104 119 27
104 120 63
104 121 6
105 122 38
106 123 44
107 124 49
108 124 40
109 125 62
110 126 32
111 126 16
112 126 1
113 127 9
114 128 35
115 129 49
116 129 59
117 129 26
118 129 20
119 130 36
120 131 69
121 131 61
122 132 43
123 132 34
124 133 31
125 133 44
126 134 24
127 134 21
128 135 15
129 136 55
130 137 61
131 138 60
132 139 61
133 140 14
134 141 45
135 141 29
136 142 5
137 143 49
138 144 44
139 145 29
139 146 66
140 147 35
140 148 29
141 149 12
141 150 68
142 151 8
142 152 57
142 153 69
142 154 65
143 155 30
144 156 53
144 157 65
145 158 31
146 158 38
147 159 4
148 160 19
149 160 47
150 160 43
151 160 27
152 161 12
153 162 66
154 163 41
155 163 17
156 164 66
157 165 48
158 166 7
158 167 14
158 168 5
159 169 57
160 170 54
161 171 19
162 172 43
162 173 17
163 174 11
164 175 51
165 176 27
166 177 4
166 178 63
167 179 13
168 180 63
168 181 30
168 182 60
169 183 5
170 184 22
170 185 67
171 186 19
172 187 50
172 188 20
172 189 53
173 190 38
174 191 66
174 192 3
175 193 36
176 194 9
177 195 55
178 196 61
179 196 28
180 197 37
181 198 17
182 199 29
183 200 4
184 201 24
185 201 19
186 202 68
187 202 52
188 202 7
189 203 21
190 203 21
191 204 10
192 205 40
193 206 23
194 206 66
195 207 12
196 208 39
197 209 26
198 210 69
199 211 50
200 212 35
201 212 34
202 213 65
203 214 40
204 215 8
205 215 28
206 216 13
207 217 67
208 218 44
209 219 29
209 220 44
210 221 64
211 222 31
212 223 4
213 224 36
214 225 27
215 226 30
215 227 48
216 228 46
217 229 18
218 230 18
219 231 55
220 232 47
220 233 3
221 234 4
222 235 38
223 236 32
224 237 40
225 238 20
226 239 53
226 240 45
227 241 23
228 242 29
228 243 55
229 244 40
230 245 14
230 246 9
230 247 68
231 248 40
231 249 28
231 250 21
232 251 7
232 252 44
232 253 50
232 254 5
233 255 24
233 256 24
234 257 6
234 258 44
234 259 34
235 260 28
236 261 35
237 262 65
237 263 8
237 264 64
237 265 31
238 266 55
238 267 42
238 268 49
238 269 18
239 270 46
239 271 12
239 272 51
240 273 54
240 274 47
241 275 33
241 276 48
242 277 66
243 278 11
243 279 47
243 280 4
244 281 17
245 282 24
246 282 51
247 282 23
248 283 38
249 284 47
250 284 21
251 284 24
252 284 47
253 285 8
254 286 1
255 287 34
256 288 7
257 288 4
258 288 33
259 288 40
260 289 10
261 289 44
262 289 36
263 289 24
264 289 26
265 289 2
266 290 23
267 290 62
268 290 63
269 290 30
270 291 38
271 291 46
272 291 57
273 292 23
274 292 38
275 293 25
276 294 64
277 294 5
278 294 56
279 295 54
280 295 34
281 296 63
282 297 10
283 298 28
284 298 51
285 299 13
286 299 43
287 299 34
288 299 19
289 300 62
290 300 36
291 300 51
292 301 59
293 301 16
294 302 32
295 302 59
296 303 15
297 304 16
298 305 62
298 306 9
299 307 56
300 308 3
301 309 10
302 310 58
302 311 35
303 312 55
304 313 36
305 314 32
306 315 11
307 316 6
308 317 42
308 318 3
309 319 37
309 320 10
310 321 17
311 322 66
312 323 20
313 324 21
314 324 43
315 325 28
316 326 47
317 327 58
318 327 4
319 328 34
320 328 11
321 329 3
322 329 23
323 330 59
324 331 29
325 332 9
326 333 38
326 334 36
326 335 64
327 336 33
328 337 60
329 338 17
330 339 67
331 340 19
332 341 59
333 341 49
334 342 55
335 343 31
336 343 25
337 344 61
338 345 58
339 346 22
339 347 38
339 348 67
339 349 43
340 350 62
341 351 5
341 352 20
341 353 9
342 354 60
342 355 37
342 356 50
343 357 11
344 358 31
345 359 16
346 360 9
347 361 26
348 362 14
349 363 22
350 364 49
351 365 34
352 366 64
353 367 24
354 368 46
355 369 58
356 370 6
357 371 52
358 372 58
359 373 26
360 374 32
361 375 38
362 376 26
363 377 68
364 377 23
365 378 29
366 379 29
367 379 59
368 380 6
369 381 62
370 382 47
371 383 29
372 384 6
373 385 7
374 386 27
375 387 34
376 388 53
377 389 24
378 390 62
379 391 24
380 392 69
381 393 46
382 394 20
383 395 6
384 396 45
385 397 17
386 398 12
387 399 8
388 400 38
389 401 22
390 402 25
391 403 54
392 404 25
393 405 17
394 406 58
395 407 48
396 408 36
397 409 65
398 410 45
399 411 44
400 412 8
401 413 44
402 414 22
403 415 17
403 416 58
404 417 44
405 418 9
406 419 33
407 420 55
408 421 32
409 422 54
410 423 59
411 424 6
411 425 22
412 426 13
413 427 68
414 428 60
415 429 31
416 430 48
417 431 26
418 432 21
419 433 18
420 434 50
421 435 36
421 436 3
422 437 67
423 438 16
424 438 19
425 439 20
426 439 13
427 440 29
428 441 66
429 441 48
430 441 19
431 441 22
432 442 41
433 442 18
434 442 21
435 442 19
436 443 67
437 443 1
438 444 57
438 445 18
439 446 48
440 447 4
440 448 56
441 449 55
442 450 34
442 451 55
443 452 50
444 453 36
445 454 60
446 455 51
447 456 41
448 457 21
449 458 51
450 459 53
451 460 26
452 461 61
453 462 44
453 463 22
454 464 30
455 465 21
456 466 60
457 467 61
458 468 43
458 469 22
459 470 8
459 471 54
459 472 51
460 473 17
460 474 40
461 475 17
461 476 18
461 477 7
461 478 26
462 479 4
463 479 1
464 480 60
465 481 54
466 481 26
467 482 25
468 482 42
469 483 39
470 484 64
471 484 2
472 485 66
473 486 3
474 487 68
475 488 45
476 488 11
477 489 51
478 490 7
479 491 52
480 492 46
481 492 10
482 493 14
483 493 43
484 494 62
485 495 51
486 496 20
487 497 59
488 497 7
489 498 69
490 499 56
491 500 8
492 500 16
493 500 66
494 500 33
495 500 15
496 500 32
497 500 47
498 500 13
499 500 7
