1 2 25
1 3 32
1 4 54
1 5 45
2 6 59
2 7 11
2 8 11
3 9 34
3 10 66
3 11 1
3 12 9
4 13 48
4 14 52
4 15 49
4 16 60
5 17 33
5 18 21
5 19 55
5 20 13
6 21 41
7 22 33
8 23 37
9 24 54
10 25 47
11 26 6
12 27 49
13 28 17
14 29 51
15 30 25
16 31 39
17 32 62
18 33 23
19 34 46
20 35 53
21 36 19
22 36 33
23 37 59
24 37 51
25 38 17
26 39 48
27 40 18
28 40 38
29 41 30
30 41 12
31 42 53
32 42 68
33 43 28
34 44 59
35 44 41
36 45 57
37 46 56
37 47 50
37 48 29
38 49 40
38 50 7
39 51 48
40 52 21
41 53 14
42 54 54
43 55 51
44 56 59
44 57 64
45 58 9
46 58 56
47 59 24
48 59 44
49 60 2
50 61 1
51 62 56
52 62 69
53 62 21
54 63 26
55 64 40
56 65 50
57 66 67
58 67 66
59 68 4
60 69 38
61 70 8
62 71 4
63 72 19
63 73 12
64 74 30
65 75 65
66 76 31
67 77 19
68 78 56
68 79 47
68 80 59
69 81 54
69 82 59
70 83 11
71 84 44
71 85 65
72 86 42
73 87 61
74 88 39
75 89 9
75 90 49
76 91 32
77 92 50
78 92 8
79 93 20
80 94 33
81 94 17
82 94 52
83 95 12
84 95 52
85 96 54
86 96 33
87 97 29
88 98 66
89 98 52
90 99 24
91 100 11
92 101 10
93 102 21
94 103 25
95 104 13
96 105 46
97 106 29
97 107 41
98 108 65
99 109 12
99 110 47
100 111 5
100 112 10
100 113 55
101 114 61
102 115 4
103 116 35
104 116 47
105 117 28
106 118 48
107 119 11
108 120 11
109 121 54
110 121 51
111 122 22
112 122 19
113 123 55
114 124 8
114 125 66
114 126 47
115 127 2
116 128 25
117 129 25
118 130 57
119 131 59
120 132 55
120 133 6
121 134 42
121 135 34
121 136 1
122 137 56
123 138 53
124 139 64
125 140 69
126 141 23
127 141 13
128 142 60
129 143 65
130 143 29
131 144 60
132 144 49
133 145 62
134 146 51
135 147 34
136 148 41
137 149 26
138 149 67
139 150 7
140 151 54
141 152 54
142 153 25
143 154 46
144 155 8
145 156 24
146 156 19
147 157 53
148 158 60
149 159 25
150 160 27
151 161 68
152 162 25
153 163 11
154 164 5
155 165 2
156 166 49
157 167 51
158 168 14
159 169 36
160 170 43
161 171 21
162 172 35
162 173 15
162 174 43
163 175 24
163 176 58
164 177 16
165 178 50
166 179 69
166 180 33
167 181 27
168 182 28
169 183 52
169 184 35
170 185 38
171 186 39
172 187 25
173 188 38
174 189 55
175 190 43
176 191 57
177 192 58
178 193 9
179 194 31
180 195 15
181 196 47
182 197 56
183 198 15
184 199 13
185 200 36
186 201 24
187 201 5
188 201 7
189 202 38
190 202 20
191 203 59
192 204 37
193 205 48
194 206 35
195 207 59
196 207 41
197 208 15
198 208 6
199 208 40
200 209 33
201 210 60
202 211 35
203 212 67
204 213 32
205 214 9
206 215 54
206 216 34
207 217 66
208 218 35
208 219 62
209 220 39
210 221 41
211 222 9
212 222 3
213 223 21
214 224 45
215 225 26
216 226 45
217 227 43
218 228 43
219 228 69
220 229 24
221 230 47
221 231 44
222 232 61
223 233 12
224 234 21
224 235 9
225 236 46
225 237 58
226 238 13
226 239 48
227 240 52
228 241 1
228 242 8
228 243 58
229 244 46
230 245 32
231 246 66
232 247 10
233 248 10
234 249 8
235 250 32
236 251 25
237 252 28
238 253 24
239 254 6
240 255 63
241 256 35
242 257 27
243 258 38
244 259 14
245 260 23
246 261 19
247 262 35
248 263 25
249 263 19
250 264 64
251 264 2
252 265 16
253 266 35
254 267 29
255 268 31
256 269 26
257 270 60
258 271 54
259 272 50
260 273 36
261 274 38
262 275 39
263 276 51
264 277 30
265 278 49
266 279 53
266 280 10
267 281 48
268 282 64
269 283 2
270 284 22
271 285 44
272 286 47
273 287 44
274 287 4
275 288 68
276 289 59
277 290 24
278 290 19
279 291 23
280 292 13
281 292 62
282 293 35
283 294 32
284 294 25
285 295 11
286 296 47
286 297 20
287 298 9
287 299 43
288 300 9
289 301 48
290 302 26
291 303 35
292 304 45
293 305 9
294 306 48
295 307 21
296 308 3
297 309 66
298 310 68
298 311 42
299 312 43
299 313 59
300 314 2
301 315 29
302 316 59
303 317 19
304 318 66
305 319 17
305 320 62
306 321 50
307 322 2
308 323 50
309 324 49
310 324 2
311 324 48
312 325 36
313 325 44
314 326 29
315 326 26
316 327 55
317 328 65
318 329 10
319 329 52
320 329 36
321 330 56
322 331 42
323 332 23
324 333 37
325 334 42
325 335 57
326 336 29
327 337 52
328 338 45
329 339 60
330 340 9
331 341 65
332 342 62
333 343 43
334 344 40
335 345 60
336 346 8
337 347 16
338 348 16
339 349 16
340 350 34
341 351 63
342 352 15
343 353 36
344 353 28
345 354 56
346 355 42
347 355 29
348 356 3
349 357 30
350 358 5
351 359 24
352 360 60
352 361 52
353 362 45
353 363 10
354 364 54
355 365 2
356 366 51
356 367 42
357 368 37
357 369 10
358 370 1
358 371 2
359 372 29
359 373 12
360 374 27
361 374 64
362 375 37
363 376 21
364 377 9
365 377 53
366 378 48
367 378 33
368 379 44
369 379 14
370 380 9
371 381 58
372 382 10
373 383 58
374 384 17
374 385 30
375 386 40
376 387 57
377 388 50
378 389 44
378 390 15
379 391 44
379 392 15
380 393 50
381 394 12
382 395 64
382 396 50
383 397 12
384 398 10
385 399 7
385 400 41
386 401 26
387 402 23
388 403 19
389 404 13
390 405 48
391 406 43
392 407 11
393 408 48
394 409 4
395 410 59
396 411 51
397 412 34
398 413 57
399 414 55
400 414 55
401 414 67
402 415 23
403 415 69
404 415 56
405 416 19
406 416 26
407 416 49
408 417 21
409 418 13
410 419 11
411 419 1
412 420 57
413 421 36
414 422 4
415 423 35
416 424 47
417 425 58
417 426 58
418 427 37
419 428 12
420 429 19
421 430 20
422 431 6
422 432 22
422 433 34
422 434 56
423 435 18
423 436 60
424 437 13
425 438 43
426 439 63
426 440 37
427 441 44
428 442 56
428 443 64
429 444 38
430 445 62
431 446 11
432 447 66
433 448 33
434 449 51
435 450 59
436 451 4
437 452 15
438 453 63
439 454 36
440 455 39
441 456 48
442 457 57
443 458 42
444 459 54
445 460 37
446 461 67
447 462 63
448 463 29
449 463 65
450 464 4
451 465 67
452 465 32
453 466 66
454 467 7
455 468 8
456 469 44
457 470 45
458 471 51
459 472 40
460 473 54
461 474 46
462 475 2
463 476 37
464 476 43
465 477 21
466 478 44
467 479 55
468 480 31
469 481 44
470 482 39
471 483 62
472 484 8
473 485 19
474 486 30
475 487 68
475 488 50
476 489 31
477 490 62
478 491 4
478 492 48
479 493 10
480 494 27
481 495 63
482 496 15
483 497 56
484 498 66
484 499 60
485 500 25
486 500 10
487 500 48
488 500 58
489 500 43
490 500 32
491 500 37
492 500 39
493 500 44
494 500 57
495 500 55
496 500 19
497 500 4
498 500 25
499 500 20
