1 2 15
1 3 26
1 4 9
1 5 28
1 6 21
2 7 59
2 8 47
2 9 54
3 10 37
3 11 4
3 12 50
3 13 14
4 14 2
4 15 45
5 16 45
5 17 41
5 18 13
5 19 30
5 20 27
6 21 10
6 22 37
6 23 2
7 24 26
8 24 11
9 25 7
10 26 5
11 27 34
12 27 4
13 28 55
14 29 46
15 30 7
16 31 11
17 32 51
18 32 41
19 33 14
20 34 37
21 35 13
22 35 24
23 36 54
24 37 39
24 38 13
25 39 23
26 40 48
27 41 24
28 42 5
29 43 32
30 44 28
31 45 22
32 46 44
32 47 23
33 48 28
34 49 7
35 50 55
36 51 56
37 52 1
38 53 33
39 54 30
40 55 47
41 56 33
42 57 44
42 58 25
43 59 52
44 60 10
45 61 10
46 62 18
47 63 47
48 64 37
49 65 54
50 66 1
51 67 48
52 68 26
53 69 27
54 70 7
55 71 31
56 72 24
57 73 15
58 74 31
59 75 7
60 76 26
61 77 56
62 78 1
63 78 1
64 79 23
65 80 20
66 81 22
67 81 33
68 82 30
69 83 3
70 84 5
71 85 52
71 86 4
72 87 35
73 88 21
74 89 37
74 90 49
74 91 56
75 92 26
76 93 26
77 94 2
77 95 9
78 96 34
78 97 51
79 98 10
80 99 46
81 100 40
81 101 40
82 102 29
83 103 23
84 104 30
85 105 19
86 106 50
87 107 6
88 108 35
89 109 20
90 110 49
91 111 47
92 112 34
93 113 56
94 114 25
95 115 39
96 116 58
97 117 46
98 118 8
99 119 13
100 120 20
101 121 14
102 122 20
103 123 12
104 124 38
105 125 35
106 125 27
107 126 56
108 126 39
109 127 34
110 128 41
111 129 39
112 130 10
113 131 52
114 132 4
115 133 4
116 134 27
117 135 34
118 135 45
119 136 49
120 137 26
121 138 46
122 139 29
123 140 23
124 141 54
125 142 2
126 143 16
127 144 54
128 144 5
129 144 15
130 145 6
131 146 9
132 146 57
133 146 26
134 147 16
135 148 5
136 148 40
137 149 1
138 149 9
139 150 48
140 151 19
140 152 47
141 153 54
142 154 53
143 155 7
144 156 43
145 157 1
146 158 20
147 159 6
148 160 5
148 161 45
149 162 25
150 163 14
151 164 41
152 165 34
153 166 17
153 167 28
154 168 39
155 169 8
155 170 21
156 171 41
157 172 27
157 173 18
158 174 26
158 175 23
159 176 32
160 177 55
160 178 32
160 179 44
161 180 41
161 181 4
162 182 19
163 183 29
164 184 35
165 184 23
166 185 10
167 185 38
168 186 42
169 186 37
170 186 33
171 187 4
172 187 25
173 188 45
174 189 37
175 189 28
176 189 39
177 190 45
178 190 44
179 191 6
180 191 39
181 192 30
182 193 43
183 194 16
184 195 54
184 196 7
184 197 36
185 198 8
185 199 45
186 200 6
186 201 8
187 202 6
188 203 10
189 204 17
190 205 40
191 206 41
191 207 26
192 208 12
193 209 40
193 210 33
194 211 10
195 212 6
196 213 26
197 214 10
198 215 4
199 216 50
200 217 48
201 217 26
202 218 14
203 219 13
204 220 14
205 220 38
206 221 7
207 222 10
208 222 13
209 222 27
210 223 46
211 224 4
212 225 19
213 226 13
214 227 45
215 228 20
215 229 29
216 230 50
217 231 31
218 232 43
219 233 37
220 234 34
220 235 37
220 236 1
221 237 43
221 238 48
222 239 21
223 240 51
224 241 6
225 242 34
226 243 30
227 244 43
228 245 12
229 246 48
230 247 3
230 248 19
231 249 50
232 250 41
233 251 57
234 252 26
234 253 42
235 254 24
236 255 16
237 256 36
238 257 1
238 258 6
239 259 59
240 260 10
241 261 8
242 262 30
243 263 48
244 264 34
245 265 40
246 266 53
247 267 36
248 268 21
249 268 4
250 269 22
251 270 34
252 271 41
253 272 28
254 273 50
255 274 25
256 275 55
257 276 44
258 276 46
259 277 7
260 278 25
261 279 51
261 280 38
262 281 36
263 282 28
264 283 33
265 284 6
266 285 8
267 286 36
268 287 29
269 288 44
270 289 56
271 290 45
272 291 9
273 292 58
274 293 10
275 294 26
276 295 7
277 296 50
278 297 1
279 298 30
280 299 30
281 300 49
282 301 30
283 301 39
284 302 41
285 302 15
286 302 24
287 303 59
288 304 46
289 305 21
290 306 55
291 306 26
292 307 59
293 307 24
294 307 29
295 308 43
296 309 17
297 309 43
298 310 7
299 311 26
299 312 25
300 313 22
301 314 20
301 315 39
302 316 12
302 317 12
302 318 53
302 319 4
303 320 12
304 321 45
305 322 53
305 323 14
305 324 13
306 325 56
306 326 7
306 327 43
307 328 20
308 329 32
308 330 55
309 331 37
309 332 15
310 333 52
311 333 57
312 334 59
313 334 25
314 335 58
315 335 12
316 336 6
317 337 32
318 338 50
319 339 7
320 340 19
321 340 7
322 341 47
323 342 22
324 342 12
325 343 3
326 343 31
327 343 18
328 343 25
329 344 43
330 344 46
331 345 32
332 346 50
333 347 36
334 348 5
335 349 39
336 350 49
337 351 22
337 352 44
338 353 17
339 354 11
340 355 2
341 356 45
342 357 15
343 358 36
344 359 40
345 360 4
346 361 41
347 362 4
347 363 3
347 364 7
348 365 17
348 366 51
348 367 18
348 368 25
348 369 46
349 370 42
349 371 22
350 372 52
350 373 44
351 374 57
351 375 5
351 376 30
352 377 36
352 378 39
352 379 25
352 380 15
353 381 55
353 382 22
354 383 25
355 384 10
356 385 8
357 386 23
357 387 59
358 388 58
358 389 38
358 390 33
359 391 10
359 392 25
359 393 53
359 394 48
359 395 28
360 396 54
360 397 4
361 398 3
361 399 36
362 400 22
363 400 6
364 401 47
365 402 6
366 402 7
367 402 40
368 403 57
369 403 3
370 404 6
371 404 13
372 405 13
373 405 41
374 406 10
375 406 47
376 406 57
377 407 44
378 408 33
379 409 50
380 409 50
381 410 35
382 410 28
383 411 23
384 411 41
385 412 48
386 413 31
387 413 58
388 414 45
389 415 36
390 415 41
391 415 52
392 416 54
393 416 46
394 416 18
395 417 12
396 417 30
397 418 21
398 419 25
399 419 9
400 420 10
401 420 36
402 421 19
403 422 13
404 423 40
405 424 36
406 425 55
407 425 35
408 426 58
409 426 57
410 427 35
411 428 46
412 429 36
413 430 27
414 431 15
415 431 22
416 431 16
417 431 15
418 432 45
419 433 17
420 434 30
421 435 30
422 436 13
423 437 10
424 438 6
425 439 19
426 440 8
427 441 22
428 442 47
429 443 1
430 444 40
431 445 47
432 446 49
433 447 27
433 448 56
434 449 5
435 450 22
436 451 48
437 452 22
438 453 21
439 454 45
440 455 26
441 456 8
442 457 34
443 458 7
444 459 31
445 460 45
446 461 29
447 462 56
448 463 58
449 464 21
450 465 50
450 466 46
450 467 5
450 468 44
451 469 29
451 470 36
452 471 20
452 472 43
453 473 6
453 474 42
454 475 56
455 476 17
456 477 15
457 478 47
457 479 5
458 480 14
459 481 2
460 482 17
461 483 13
461 484 18
462 485 10
463 486 41
463 487 2
464 488 39
465 489 57
466 490 5
467 490 53
468 491 48
469 491 7
470 492 8
471 493 16
472 494 42
473 495 41
474 496 23
475 497 24
476 498 26
477 499 41
478 500 30
479 501 8
480 502 24
481 503 42
482 504 9
483 505 39
484 506 37
485 506 57
486 507 3
487 508 27
488 509 56
489 509 4
490 510 22
491 511 19
492 512 22
493 513 33
494 514 59
495 514 8
496 515 33
497 515 38
498 515 57
499 516 50
500 517 3
501 518 22
502 519 24
503 519 43
504 520 6
505 520 14
506 521 27
507 522 38
508 523 27
509 524 40
510 525 32
511 526 23
512 527 11
513 528 22
514 529 30
515 530 2
516 531 22
517 532 57
518 533 39
519 534 22
520 535 58
521 536 30
522 537 12
523 538 1
524 539 10
525 540 39
526 541 6
527 541 20
528 542 17
529 543 48
530 544 56
531 545 48
532 546 50
533 547 41
534 548 2
535 549 13
536 549 32
537 550 29
538 551 51
539 552 57
539 553 18
540 554 8
541 555 4
541 556 10
541 557 45
542 558 8
543 559 9
543 560 42
544 561 49
544 562 28
545 563 45
546 564 1
547 565 46
548 566 14
549 567 36
550 568 15
550 569 36
551 570 10
552 571 50
553 572 36
554 573 57
555 574 23
556 575 7
557 575 59
558 576 28
559 577 39
560 578 1
561 579 48
562 580 21
563 581 31
564 581 54
565 582 52
566 582 11
567 583 37
568 584 31
569 585 29
570 586 55
571 587 30
572 588 15
573 589 25
574 590 20
575 591 26
576 592 24
577 592 29
578 593 29
579 594 44
580 595 37
581 596 45
582 597 36
583 598 45
584 599 51
585 600 51
586 601 6
587 602 37
588 603 32
588 604 26
589 605 25
590 606 10
591 607 9
592 608 29
592 609 15
593 610 50
594 611 54
595 612 33
595 613 51
596 614 28
596 615 55
597 616 57
598 617 10
599 618 18
599 619 5
599 620 29
600 621 50
600 622 18
601 623 6
602 624 7
603 625 59
604 626 49
605 627 45
606 628 6
607 629 39
607 630 58
608 631 18
609 632 7
610 633 22
611 634 22
612 635 38
613 636 38
614 637 31
615 638 58
616 639 51
617 640 5
617 641 47
618 642 2
619 643 45
620 644 34
621 645 20
621 646 53
621 647 35
622 648 8
623 649 9
624 650 39
625 650 41
626 651 27
627 651 54
628 652 6
629 653 11
630 653 42
631 654 31
632 655 33
633 656 1
634 657 58
635 657 52
636 658 8
637 659 47
638 660 47
639 661 5
640 661 21
641 662 39
642 663 17
643 663 17
644 664 27
645 664 7
646 665 50
647 665 9
648 666 20
649 667 35
650 668 3
651 669 22
652 670 29
653 671 39
654 672 41
655 673 24
656 674 19
657 675 2
658 676 5
659 677 32
660 678 22
661 679 26
662 680 56
663 681 46
664 682 30
665 683 23
666 684 47
666 685 33
667 686 1
668 687 15
669 688 58
670 689 37
670 690 1
671 691 16
672 692 59
673 693 33
673 694 56
674 695 36
675 696 27
676 697 25
677 698 10
678 699 56
679 700 34
679 701 20
680 702 22
681 703 44
682 704 50
683 705 41
684 706 44
685 707 5
686 708 41
687 709 51
688 709 48
689 710 1
690 711 17
691 712 26
692 713 19
693 714 2
694 714 39
695 715 5
696 716 52
697 716 25
698 716 48
699 717 2
700 718 47
701 718 35
702 719 10
703 719 25
704 720 18
705 720 14
706 721 52
707 722 24
708 723 34
709 724 50
710 725 24
710 726 58
711 727 16
712 728 37
712 729 9
713 730 15
713 731 14
713 732 27
714 733 41
715 734 13
716 735 59
717 736 53
718 737 33
719 738 14
719 739 9
720 740 52
721 741 27
722 742 59
722 743 23
722 744 51
723 745 19
724 746 10
725 747 53
726 747 8
727 748 38
728 749 54
729 750 34
730 751 47
731 752 36
732 753 35
733 753 54
734 753 57
735 754 44
736 755 16
737 756 7
738 756 10
739 757 23
740 758 18
741 759 16
742 760 15
743 761 15
744 762 30
745 763 16
746 764 10
747 765 9
748 766 12
749 767 37
750 768 48
751 768 28
752 769 33
753 770 37
754 771 42
755 772 20
756 773 18
757 774 9
758 775 57
759 776 36
760 777 32
761 778 53
762 779 59
763 780 18
764 781 31
765 782 1
766 783 13
767 784 36
768 785 28
769 786 18
770 787 50
771 788 3
772 789 9
773 790 8
773 791 34
773 792 21
774 793 1
775 794 13
776 795 42
777 796 26
778 797 8
779 798 7
780 799 9
781 800 37
782 800 4
783 800 32
784 800 57
785 800 6
786 800 20
787 800 4
788 800 51
789 800 9
790 800 46
791 800 21
792 800 4
793 800 55
794 800 3
795 800 27
796 800 58
797 800 40
798 800 13
799 800 8
