26 21 16 19 23 14 18 14
2 2 2 1 1 2 1 2
19 17 16 26 11 11 27 11
17 22 21 17 10 15 14 26
10 9 13 18 13 7 10 16
17 29 24 23 13 27 11 18
5 2 5 4 3 5 4 4
19 9 17 12 17 15 16 15
4 5 9 7 7 4 5 9
6 10 13 11 16 8 18 6
22 17 16 23 21 19 17 9
11 16 10 15 19 21 17 17
9 12 7 10 9 8 12 5
17 8 12 19 8 19 17 21
10 7 7 11 5 10 10 7
4 4 11 8 7 12 6 7
11 26 19 20 24 24 19 11
23 12 25 27 25 9 22 16
14 15 15 17 14 6 10 18
3 5 6 9 3 9 6 6
17 20 13 8 17 9 7 20
7 14 13 8 12 12 17 7
4 6 6 7 6 6 8 8
18 12 18 22 24 11 16 17
15 11 9 11 14 15 12 8
4 9 9 9 6 7 5 8
6 6 11 4 6 10 5 6
13 10 9 14 18 15 6 13
2 2 3 4 4 4 3 4
17 13 23 9 10 13 14 8
16 12 17 17 14 11 9 12
20 8 9 23 22 11 19 12
11 10 9 5 10 5 6 10
6 6 9 9 9 7 9 9
6 8 8 7 4 6 8 11
20 17 14 12 13 18 14 24
4 2 2 2 5 5 3 3
12 11 6 14 10 10 5 9
29 11 18 16 14 15 29 26
11 9 5 9 4 9 6 10
4 7 5 7 11 4 5 8
13 14 12 11 12 7 7 8
8 5 4 5 8 8 4 7
9 5 5 15 12 15 11 9
17 9 16 9 17 13 11 11
1 2 2 1 2 2 1 2
23 11 21 13 20 13 14 12
27 29 10 26 27 11 19 28
20 11 17 10 21 20 11 24
15 14 10 10 14 11 6 10
2 1 2 2 1 1 2 1
11 14 11 15 16 6 8 8
8 5 4 10 7 11 6 8
16 16 16 21 23 11 13 30
3 4 5 6 3 3 5 6
5 2 2 2 3 2 4 3
2 1 1 2 3 2 2 1
2 1 2 3 2 2 3 2
11 10 27 19 18 18 9 17
6 7 12 8 13 16 18 18
1 1 1 2 2 1 2 2
2 3 5 3 3 2 6 4
11 12 10 10 10 21 12 21
10 9 9 21 17 16 14 24
5 4 6 4 5 4 6 4
2 3 3 4 3 4 3 4
21 23 13 22 21 20 24 17
5 5 2 6 6 3 5 3
8 16 14 11 9 13 10 10
25 23 13 13 24 22 18 18
14 21 25 23 19 30 19 14
19 14 18 18 22 9 11 23
4 7 7 10 10 6 10 6
15 10 18 19 19 9 19 22
22 10 17 20 18 14 12 18
7 8 4 3 3 4 8 4
23 22 9 8 8 22 18 8
4 3 6 7 3 4 3 9
11 29 19 11 24 30 21 22
7 7 6 9 6 9 8 8
15 13 9 14 26 12 14 26
18 9 12 22 23 10 11 22
11 13 16 10 25 13 23 13
13 5 10 9 11 8 14 7
20 10 9 20 8 17 9 20
5 5 9 9 10 7 10 6
17 19 10 14 9 12 21 13
4 3 6 7 5 6 3 4
14 8 24 18 23 15 24 23
7 14 7 21 7 14 20 7
13 12 11 26 29 11 28 29
11 9 10 5 12 6 12 4
10 11 5 4 4 10 6 4
13 16 20 12 12 7 16 18
4 2 5 6 2 2 5 4
8 4 5 4 3 6 6 5
3 3 1 3 2 1 2 2
2 2 1 2 1 1 1 1
7 14 16 12 9 12 11 10
2 2 3 4 5 3 4 2
19 11 14 12 18 16 12 17
9 14 15 12 10 15 15 14
1 1 2 1 2 2 2 1
3 2 5 4 4 2 4 4
1 2 1 3 3 3 2 1
18 22 17 10 20 13 20 21
9 10 20 10 15 19 19 13
9 3 4 6 6 6 8 8
2 1 1 2 1 1 2 2
21 14 14 21 24 20 13 27
8 14 18 18 21 10 15 13
2 2 1 1 2 1 2 1
5 4 4 5 4 11 5 8
19 19 11 18 13 15 19 13
6 9 10 10 6 9 8 5
4 6 9 9 5 6 4 5
15 24 24 22 22 23 14 19
13 11 18 8 15 12 11 15
16 16 11 11 10 11 24 17
10 9 8 4 8 5 10 8
26 28 20 28 23 10 15 13
21 19 24 29 17 12 13 22
12 7 10 6 10 8 5 12
10 10 15 15 18 15 14 16
13 13 7 16 20 9 13 9
1 3 2 3 2 2 2 1
5 5 3 4 2 6 3 6
13 11 26 18 15 21 16 24
20 13 17 26 22 16 25 16
18 9 19 13 13 21 20 19
14 16 11 17 19 21 7 18
2 2 1 3 2 2 3 3
3 1 3 1 1 2 3 2
3 7 7 4 4 5 3 4
9 16 15 20 14 11 15 16
6 6 4 8 4 5 4 8
5 8 9 9 4 8 9 6
5 6 4 6 8 3 9 3
10 11 20 10 15 14 7 11
11 18 13 11 10 30 19 27
10 4 5 11 11 7 6 11
11 29 19 29 25 27 24 19
11 12 13 6 9 15 15 15
28 30 21 13 22 28 15 24
13 22 27 27 13 26 20 9
3 4 2 3 3 4 2 5
18 8 11 12 13 20 13 9
20 7 8 18 15 9 19 13
8 17 14 17 7 17 15 18
21 17 12 21 8 14 11 19
13 20 16 19 9 15 9 18
8 4 5 7 8 9 5 6
5 2 5 4 5 3 4 3
14 15 14 14 22 24 24 16
2 1 1 3 3 2 1 1
26 23 15 16 11 10 24 15
9 7 12 10 9 10 5 5
7 11 8 13 7 12 13 18
1 2 1 1 2 1 2 1
19 14 13 13 12 24 18 17
6 9 18 18 17 18 10 7
5 8 8 7 3 5 6 5
24 12 23 27 16 16 14 12
2 3 3 2 1 1 3 1
13 8 8 6 8 13 11 14
13 12 21 15 15 17 14 18
5 6 7 8 5 8 10 7
20 8 9 11 13 10 11 20
10 18 10 12 25 21 9 17
6 5 9 10 11 6 8 4
2 2 3 3 3 2 3 1
6 8 7 9 9 10 4 4
19 21 22 23 8 14 18 23
15 18 26 13 19 10 28 18
6 2 3 4 4 4 2 5
2 6 3 3 4 6 4 5
16 13 13 14 8 20 14 11
20 11 14 9 12 18 11 10
5 3 3 3 6 5 6 4
17 17 9 17 15 17 18 7
11 11 8 7 6 13 15 11
4 4 9 5 7 4 6 5
11 10 18 29 25 21 27 19
1 1 1 1 2 2 1 2
8 5 15 8 14 5 13 6
2 6 5 6 6 6 3 3
10 15 12 11 18 11 13 17
8 10 8 8 6 4 7 4
5 4 4 2 5 2 5 2
5 5 3 4 8 4 3 5
2 2 4 3 4 2 3 5
14 16 21 8 14 11 18 14
2 3 3 3 4 3 5 5
21 10 15 17 18 18 20 20
29 10 27 19 11 18 27 15
7 18 17 13 20 13 7 9
3 2 2 4 3 4 5 3
2 2 1 2 2 2 1 1
8 11 6 13 8 13 17 9
13 9 19 23 14 12 10 24
20 15 20 18 8 8 19 17
11 5 6 14 8 8 12 11
20 9 19 15 10 8 19 8
19 14 16 12 10 12 20 9
7 8 4 11 7 10 7 7
3 4 4 3 5 3 2 2
9 5 6 11 8 10 10 5
10 25 25 26 25 15 13 21
12 11 8 14 9 15 6 10
11 13 16 17 12 10 13 8
7 12 14 12 10 6 6 13
1 3 3 2 1 1 2 3
13 21 9 24 19 16 22 11
14 12 17 8 6 6 8 12
9 7 12 11 13 10 12 13
11 10 14 9 7 8 7 10
10 23 17 14 12 25 11 23
23 13 20 16 20 24 19 19
3 2 3 1 2 2 1 2
21 30 23 26 28 19 15 27
2 4 2 3 3 4 2 5
15 16 10 9 17 14 17 12
14 14 6 10 6 6 14 11
19 18 12 16 14 8 11 15
22 30 16 15 25 18 13 11
19 16 12 12 18 10 24 30
3 5 4 2 3 5 2 2
4 5 5 2 2 2 5 5
6 8 14 13 9 9 18 9
3 1 3 3 1 1 3 3
18 20 11 18 23 11 13 12
1 1 1 2 1 1 2 1
8 3 6 4 7 8 7 6
20 9 19 8 8 12 13 17
27 27 29 19 26 12 25 29
16 21 11 11 20 13 21 18
11 6 9 6 6 13 15 12
9 23 19 10 17 22 22 9
6 5 9 12 14 13 11 7
4 5 6 8 7 3 3 8
2 1 2 3 1 3 3 3
5 3 6 8 5 4 6 7
9 9 3 5 9 4 8 6
5 3 5 4 4 5 3 3
14 24 10 25 26 25 22 22
12 14 13 11 16 21 19 18
17 18 9 13 14 6 14 13
20 9 19 11 16 9 17 18
10 17 19 10 19 9 22 24
3 2 5 5 4 5 4 3
5 8 5 5 9 4 6 8
3 2 3 2 2 3 3 2
7 10 11 8 4 4 7 7
20 13 23 14 13 12 12 23
17 11 13 7 16 20 15 8
5 2 3 3 5 4 2 2
11 11 11 13 19 21 22 16
4 6 6 4 3 6 3 4
11 13 13 9 16 19 7 21
7 12 5 13 5 6 11 6
16 20 10 18 26 18 20 18
14 9 7 6 14 7 12 7
4 4 7 4 6 6 6 7
7 9 10 11 7 10 8 9
4 5 7 11 5 6 4 11
24 18 16 22 9 19 10 11
12 19 14 20 11 15 13 9
2 6 3 2 3 4 6 4
7 11 13 15 17 10 6 17
18 20 13 18 11 14 17 20
2 1 3 2 3 3 2 3
3 6 3 7 4 8 3 8
9 5 5 4 3 6 3 9
6 3 6 5 8 9 5 5
10 16 8 15 9 12 11 10
7 11 11 9 10 11 9 9
2 3 2 1 1 1 3 1
12 15 14 21 16 14 20 14
26 15 16 22 19 12 15 16
12 17 18 14 25 17 28 29
5 5 6 12 9 9 14 6
4 2 3 4 5 3 4 2
19 21 17 19 19 11 23 10
5 5 4 6 3 6 5 7
23 24 17 8 20 11 9 16
5 8 8 6 7 4 6 5
7 11 14 17 11 12 9 7
15 12 10 9 7 12 9 11
4 2 2 3 4 2 2 5
3 5 5 2 5 3 3 3
4 8 5 5 7 6 4 5
5 5 12 5 11 6 12 5
18 14 18 12 7 16 12 9
16 22 17 23 9 22 15 13
3 4 5 5 4 6 4 5
5 2 5 3 3 3 5 2
3 5 5 2 4 4 4 5
13 11 15 28 11 22 12 10
15 14 5 13 9 14 8 15
11 13 9 6 5 7 12 9
9 22 15 9 13 23 11 9
14 18 9 16 16 17 14 10
3 1 1 1 1 3 1 2
8 5 9 9 11 9 9 10
7 13 10 14 14 14 13 13
12 13 7 13 15 17 8 10
20 23 13 24 25 18 25 23
9 6 8 6 9 6 8 9
6 7 4 4 8 5 7 4
2 2 2 5 5 2 5 5
2 3 3 6 5 5 5 6
12 13 19 10 7 14 15 18
24 26 18 23 18 24 27 20
10 9 10 9 8 6 11 12
11 11 16 8 18 23 18 22
5 11 4 10 8 12 10 10
9 27 19 27 16 10 14 17
8 6 11 11 4 4 7 10
25 16 23 15 10 24 23 15
3 9 7 9 4 4 4 6
17 17 24 9 16 15 15 16
1 3 2 1 3 1 2 2
2 2 2 2 2 1 2 1
15 8 9 6 16 7 6 15
6 6 16 17 17 11 11 13
7 9 6 8 5 4 6 5
15 22 22 19 25 27 10 22
2 2 5 4 4 5 2 4
8 7 6 5 8 9 4 6
17 17 15 18 8 9 12 11
27 20 21 25 28 18 18 20
10 18 10 19 22 23 18 17
9 5 4 6 4 4 5 11
9 13 6 11 9 11 11 16
19 30 23 26 27 19 12 18
22 16 10 20 14 18 11 15
11 9 5 12 6 9 9 5
1 2 2 1 2 2 2 2
19 19 9 9 19 10 15 13
20 11 12 9 19 20 13 11
10 10 8 13 5 13 12 13
12 21 11 18 19 21 12 14
1 2 1 2 1 2 2 2
9 9 14 19 9 22 17 11
22 14 18 21 11 28 28 13
12 18 10 10 12 7 10 7
17 16 20 14 13 16 12 20
6 11 9 4 7 11 10 12
10 26 15 13 9 24 14 11
11 27 25 25 16 10 11 13
21 18 12 23 14 8 9 17
7 8 12 9 6 5 7 7
12 15 14 18 20 18 27 23
7 9 18 12 11 16 15 11
19 23 24 15 24 18 23 22
6 9 10 12 11 11 7 7
11 22 10 20 19 25 16 10
14 15 20 24 23 22 17 15
9 10 22 18 9 15 13 19
24 20 24 24 21 17 10 28
2 2 2 1 1 2 1 2
17 15 13 20 11 9 17 15
2 4 2 4 5 4 5 5
5 4 2 3 3 3 5 5
6 3 5 6 6 2 2 5
16 12 15 17 9 9 6 10
14 18 11 23 20 24 13 26
11 26 22 28 23 10 10 23
13 17 17 25 14 11 16 11
11 9 4 8 7 11 6 9
2 2 2 2 1 2 2 2
26 11 23 16 15 14 19 10
12 12 15 19 17 8 11 22
18 11 14 18 12 14 21 7
17 17 23 13 14 22 15 13
27 28 13 29 19 19 28 20
3 3 3 8 4 5 8 8
4 3 5 8 9 6 9 5
23 21 19 10 15 14 11 20
19 17 10 16 27 18 22 11
5 11 11 14 7 5 10 12
2 2 1 3 3 2 3 3
10 19 11 12 9 18 17 18
23 23 14 16 24 13 27 16
13 23 11 15 14 9 22 25
27 13 25 27 28 29 12 10
20 19 9 18 10 20 18 18
4 6 8 11 9 4 10 8
7 12 9 14 9 14 13 16
10 20 11 16 26 24 10 18
12 17 10 14 13 13 20 18
1 1 1 1 2 1 1 1
17 27 9 18 24 19 17 23
8 4 3 4 8 5 4 3
6 8 7 4 7 5 6 5
3 2 6 6 5 2 5 6
13 12 10 9 6 6 7 6
16 30 15 27 12 21 24 23
18 11 18 14 21 18 16 23
27 25 23 22 18 12 20 29
6 7 11 11 8 7 9 6
1 1 1 1 2 3 1 2
16 14 16 16 24 20 30 16
6 6 13 13 17 10 11 12
4 12 6 12 11 8 6 8
5 7 8 4 4 3 7 8
11 8 7 12 6 15 12 15
12 5 8 8 7 12 11 5
30 11 26 24 10 23 22 16
15 10 13 14 11 10 7 6
20 12 29 11 11 16 20 23
3 2 2 4 3 3 3 2
15 13 16 19 18 25 18 15
1 3 1 2 3 2 3 1
15 22 12 13 13 17 16 13
14 13 8 15 11 13 13 8
18 20 18 13 13 14 13 13
15 17 28 24 29 12 10 23
1 2 2 3 3 3 1 1
14 13 19 11 16 11 24 26
17 6 8 17 11 13 16 13
18 17 9 11 8 18 13 12
27 30 17 22 26 11 18 19
1 2 2 1 2 2 2 2
3 3 3 1 2 3 2 1
13 12 5 6 10 11 8 10
13 21 15 22 9 14 16 9
12 20 8 22 14 23 23 15
3 1 2 3 1 3 1 3
2 2 1 1 1 2 1 1
16 19 24 29 17 11 27 20
2 1 1 3 2 3 1 2
4 8 4 4 6 6 6 5
7 13 8 9 18 16 7 19
7 9 9 10 16 11 13 6
9 17 22 26 16 12 27 10
10 9 13 8 7 9 15 7
8 8 11 8 8 8 5 8
20 9 18 10 12 9 15 24
6 7 9 12 9 7 10 15
1 1 2 1 1 1 1 1
8 14 6 8 12 9 6 14
13 20 7 17 10 10 15 8
19 14 15 11 12 13 24 15
13 10 19 10 13 11 9 23
14 14 10 12 10 7 7 9
14 17 8 11 21 18 13 17
15 28 15 17 17 20 16 24
8 5 8 4 7 7 11 7
6 7 9 16 10 9 10 14
21 15 17 21 23 19 26 25
8 9 9 9 5 3 7 8
12 5 12 12 9 7 12 15
14 14 27 16 28 11 15 29
27 25 23 18 14 12 17 10
6 9 10 7 9 8 11 5
7 7 9 5 6 5 7 4
25 20 18 13 16 18 19 24
14 20 18 17 19 12 17 15
7 16 10 16 6 12 13 8
6 4 8 3 8 5 5 3
8 8 6 5 5 7 8 7
12 10 7 6 10 9 4 11
6 7 17 12 17 13 11 13
29 10 11 12 18 26 15 28
20 15 13 16 15 21 15 26
8 16 16 14 24 24 10 17
15 22 10 9 17 21 22 16
2 3 5 2 4 3 4 4
11 13 8 17 12 10 8 16
1 1 2 3 2 2 3 3
12 8 8 15 5 12 7 7
11 12 6 6 9 10 8 7
16 9 14 12 16 15 17 11
9 11 12 8 12 8 4 4
7 12 7 7 12 9 5 13
4 6 6 2 5 4 4 4
12 20 7 9 9 8 18 20
10 7 6 6 8 4 7 7
4 3 5 6 5 4 4 6
6 12 9 9 6 9 10 7
12 10 19 27 29 28 18 27
12 25 22 25 21 18 12 14
20 11 9 16 15 12 12 17
1 2 2 1 2 3 1 2
8 12 10 11 16 10 16 18
1 1 1 1 2 2 1 2
13 13 13 8 12 12 5 7
5 9 6 5 6 6 5 6
2 2 5 2 5 6 5 3
6 7 11 10 10 14 6 17
12 11 7 4 4 7 4 7
17 19 10 19 25 26 26 15
1 1 1 1 1 2 1 2
6 7 9 12 7 10 6 12
25 21 18 26 28 13 11 18
2 4 3 2 5 5 5 4
21 8 21 21 11 12 19 8
14 5 9 9 12 10 11 8
10 12 10 6 13 15 13 11
