1 2 1
1 3 1
1 4 1
1 5 1
2 6 1
2 7 1
2 8 1
2 9 1
3 10 1
4 11 1
4 12 1
4 13 1
4 14 1
5 15 1
5 16 1
6 17 1
7 18 1
8 19 1
9 20 1
10 21 1
11 22 1
12 23 1
13 24 1
14 25 1
15 26 1
16 27 1
17 28 1
18 29 1
19 30 1
20 31 1
21 32 1
22 33 1
23 34 1
24 35 1
25 36 1
26 37 1
27 38 1
28 39 1
29 40 1
30 41 1
31 42 1
32 43 1
33 44 1
34 45 1
35 46 1
36 47 1
37 48 1
38 49 1
39 50 1
40 51 1
41 52 1
42 53 1
43 54 1
44 55 1
45 56 1
46 57 1
47 58 1
48 59 1
49 60 1
50 61 1
51 62 1
52 63 1
53 64 1
54 65 1
55 66 1
56 67 1
57 68 1
58 69 1
59 70 1
60 71 1
61 72 1
62 73 1
63 74 1
64 75 1
65 76 1
66 77 1
67 78 1
68 79 1
69 80 1
70 81 1
71 82 1
72 83 1
73 84 1
74 85 1
75 86 1
76 87 1
77 88 1
78 89 1
79 90 1
80 91 1
81 92 1
82 93 1
83 94 1
84 95 1
85 96 1
86 97 1
87 98 1
88 99 1
89 100 1
90 101 1
91 102 1
92 103 1
93 104 1
94 105 1
95 106 1
96 107 1
97 108 1
98 109 1
99 110 1
100 111 1
101 112 1
102 113 1
103 114 1
104 115 1
105 116 1
106 117 1
107 118 1
108 119 1
109 120 1
110 121 1
111 122 1
112 123 1
113 124 1
114 125 1
115 126 1
116 127 1
117 128 1
118 129 1
119 130 1
120 131 1
121 132 1
122 133 1
123 134 1
124 135 1
125 136 1
126 137 1
127 138 1
128 139 1
129 140 1
130 141 1
131 142 1
132 143 1
133 144 1
134 145 1
135 146 1
136 147 1
137 148 1
138 149 1
139 150 1
140 151 1
141 152 1
142 153 1
143 154 1
144 155 1
145 156 1
146 157 1
147 158 1
148 159 1
149 160 1
150 161 1
151 162 1
152 163 1
153 164 1
154 165 1
155 166 1
156 167 1
157 168 1
158 169 1
159 170 1
160 171 1
161 172 1
162 173 1
163 174 1
164 175 1
165 176 1
166 177 1
167 178 1
168 179 1
169 180 1
170 181 1
171 182 1
172 183 1
173 184 1
174 185 1
175 186 1
176 187 1
177 188 1
178 189 1
179 190 1
180 191 1
181 192 1
182 193 1
183 194 1
184 195 1
185 196 1
186 197 1
187 198 1
188 199 1
189 200 1
190 201 1
191 202 1
192 203 1
193 204 1
194 205 1
195 206 1
196 207 1
197 208 1
198 209 1
199 210 1
200 211 1
201 212 1
202 213 1
203 214 1
204 215 1
205 216 1
206 217 1
207 218 1
208 219 1
209 220 1
210 221 1
211 222 1
212 223 1
213 224 1
214 225 1
215 226 1
216 227 1
217 228 1
218 229 1
219 230 1
220 231 1
221 232 1
222 233 1
223 234 1
224 235 1
225 236 1
226 237 1
227 238 1
228 239 1
229 240 1
230 241 1
231 242 1
232 243 1
233 244 1
234 245 1
235 246 1
236 247 1
237 248 1
238 249 1
239 250 1
240 251 1
241 252 1
242 253 1
243 254 1
244 255 1
245 256 1
246 257 1
247 258 1
248 259 1
249 260 1
250 261 1
251 262 1
252 263 1
253 264 1
254 265 1
255 266 1
256 267 1
257 268 1
258 269 1
259 270 1
260 271 1
261 272 1
262 273 1
263 274 1
264 275 1
265 276 1
266 277 1
267 278 1
268 279 1
269 280 1
270 281 1
271 282 1
272 283 1
273 284 1
274 285 1
275 286 1
276 287 1
277 288 1
278 289 1
279 290 1
280 291 1
281 292 1
282 293 1
283 294 1
284 295 1
285 296 1
286 297 1
287 298 1
288 299 1
289 300 1
290 301 1
291 302 1
292 303 1
293 304 1
294 305 1
295 306 1
296 307 1
297 308 1
298 309 1
299 310 1
300 311 1
301 312 1
302 313 1
303 314 1
304 315 1
305 316 1
306 317 1
307 318 1
308 319 1
309 320 1
310 321 1
311 322 1
312 323 1
313 324 1
314 325 1
315 326 1
316 327 1
317 328 1
318 329 1
319 330 1
320 331 1
321 332 1
322 333 1
323 334 1
324 335 1
325 336 1
326 336 1
327 337 1
328 338 1
329 339 1
330 340 1
331 341 1
332 342 1
333 343 1
334 344 1
335 345 1
336 346 1
337 347 1
338 348 1
338 349 1
339 350 1
340 351 1
341 352 1
342 353 1
343 354 1
344 355 1
345 356 1
346 357 1
347 358 1
348 359 1
349 360 1
350 361 1
351 362 1
352 363 1
353 364 1
354 365 1
355 366 1
356 367 1
357 368 1
358 369 1
359 370 1
360 371 1
361 372 1
362 373 1
363 374 1
364 375 1
365 376 1
366 377 1
367 378 1
368 379 1
369 380 1
370 381 1
371 382 1
372 383 1
373 384 1
374 385 1
375 386 1
376 387 1
377 388 1
378 389 1
379 390 1
380 390 1
381 391 1
382 392 1
383 393 1
384 394 1
385 395 1
386 396 1
387 397 1
388 398 1
389 399 1
390 400 1
391 400 1
392 400 1
393 400 1
394 400 1
395 400 1
396 400 1
397 400 1
398 400 1
399 400 1
