1 2 1
1 3 1
1 4 1
1 5 1
1 6 1
2 7 1
2 8 1
2 9 1
3 10 1
3 11 1
3 12 1
3 13 1
4 14 1
4 15 1
4 16 1
5 17 1
5 18 1
5 19 1
5 20 1
6 21 1
6 22 1
6 23 1
6 24 1
7 25 1
7 26 1
8 27 1
9 28 1
10 29 1
11 30 1
12 31 1
13 32 1
14 33 1
15 34 1
16 35 1
17 36 1
18 37 1
19 38 1
20 39 1
21 40 1
22 41 1
23 42 1
24 43 1
25 44 1
26 45 1
27 46 1
28 47 1
29 48 1
29 49 1
30 50 1
31 51 1
32 52 1
33 53 1
33 54 1
34 55 1
34 56 1
35 57 1
36 58 1
37 59 1
37 60 1
38 61 1
39 62 1
40 63 1
41 64 1
42 65 1
42 66 1
43 67 1
43 68 1
44 69 1
45 70 1
46 71 1
47 72 1
48 73 1
49 74 1
50 75 1
51 76 1
52 77 1
53 77 1
54 78 1
55 79 1
56 80 1
57 81 1
58 82 1
59 83 1
60 84 1
61 85 1
62 86 1
63 87 1
64 87 1
65 88 1
66 89 1
67 90 1
68 90 1
69 91 1
70 91 1
71 92 1
72 92 1
73 93 1
74 94 1
75 95 1
76 96 1
77 97 1
78 97 1
79 97 1
80 97 1
81 98 1
82 99 1
83 100 1
84 101 1
85 102 1
86 103 1
87 103 1
88 104 1
89 105 1
90 105 1
91 106 1
92 107 1
92 108 1
92 109 1
93 110 1
94 111 1
94 112 1
94 113 1
95 114 1
95 115 1
95 116 1
96 117 1
97 118 1
97 119 1
97 120 1
98 121 1
99 122 1
99 123 1
100 124 1
100 125 1
100 126 1
101 127 1
101 128 1
101 129 1
101 130 1
102 131 1
102 132 1
102 133 1
102 134 1
103 135 1
103 136 1
104 137 1
105 138 1
106 139 1
107 140 1
108 141 1
109 142 1
110 142 1
111 143 1
112 144 1
113 145 1
114 146 1
115 146 1
116 147 1
117 148 1
118 149 1
119 150 1
120 151 1
121 152 1
122 153 1
123 154 1
124 155 1
125 156 1
126 157 1
127 158 1
128 159 1
129 160 1
130 161 1
131 162 1
132 163 1
133 164 1
134 164 1
135 164 1
136 165 1
137 165 1
138 166 1
139 167 1
140 168 1
141 168 1
142 168 1
143 169 1
144 170 1
145 170 1
146 171 1
147 171 1
148 171 1
149 172 1
150 173 1
151 173 1
152 174 1
153 174 1
154 175 1
155 175 1
156 176 1
157 177 1
158 177 1
159 177 1
160 178 1
161 178 1
162 179 1
163 179 1
164 180 1
165 181 1
166 181 1
167 182 1
168 183 1
169 184 1
169 185 1
169 186 1
170 187 1
170 188 1
170 189 1
171 190 1
171 191 1
171 192 1
172 193 1
172 194 1
172 195 1
172 196 1
172 197 1
173 198 1
174 199 1
174 200 1
174 201 1
174 202 1
174 203 1
175 204 1
176 205 1
176 206 1
176 207 1
177 208 1
177 209 1
178 210 1
178 211 1
179 212 1
179 213 1
180 214 1
180 215 1
180 216 1
181 217 1
181 218 1
181 219 1
182 220 1
183 220 1
184 221 1
185 222 1
186 222 1
187 223 1
188 223 1
189 223 1
190 224 1
191 224 1
192 225 1
193 226 1
194 227 1
195 228 1
196 229 1
197 229 1
198 229 1
199 229 1
200 230 1
201 230 1
202 231 1
203 232 1
204 232 1
205 233 1
206 234 1
207 235 1
208 236 1
209 237 1
210 238 1
211 238 1
212 239 1
213 239 1
214 240 1
215 240 1
216 240 1
217 240 1
218 240 1
219 241 1
220 242 1
221 243 1
222 244 1
223 245 1
224 246 1
225 247 1
226 248 1
227 249 1
228 250 1
229 251 1
230 252 1
231 253 1
232 254 1
233 255 1
234 256 1
235 257 1
236 258 1
237 259 1
238 260 1
239 261 1
240 262 1
240 263 1
241 264 1
242 265 1
243 266 1
244 267 1
245 268 1
246 269 1
247 270 1
247 271 1
248 272 1
249 273 1
250 274 1
251 275 1
252 276 1
253 277 1
254 278 1
255 279 1
255 280 1
256 281 1
256 282 1
256 283 1
257 284 1
258 285 1
259 286 1
260 287 1
261 288 1
262 289 1
263 290 1
264 291 1
265 292 1
266 293 1
267 293 1
268 294 1
269 295 1
270 296 1
271 297 1
272 298 1
273 299 1
274 300 1
275 301 1
276 301 1
277 302 1
278 303 1
279 304 1
280 305 1
281 306 1
282 307 1
283 308 1
284 309 1
285 310 1
286 310 1
287 311 1
288 311 1
289 312 1
290 312 1
291 312 1
292 313 1
293 314 1
294 315 1
295 316 1
296 317 1
297 318 1
298 319 1
299 320 1
300 321 1
301 322 1
302 323 1
303 324 1
304 325 1
305 326 1
306 327 1
307 328 1
307 329 1
308 330 1
309 331 1
310 332 1
311 333 1
312 334 1
313 335 1
314 336 1
315 337 1
315 338 1
316 339 1
317 340 1
318 341 1
319 342 1
320 343 1
321 344 1
322 345 1
323 346 1
324 347 1
325 348 1
326 349 1
327 350 1
328 351 1
329 352 1
330 353 1
331 354 1
332 355 1
333 356 1
334 357 1
335 358 1
336 359 1
337 360 1
338 361 1
339 362 1
340 363 1
341 364 1
342 365 1
343 366 1
344 367 1
345 368 1
346 369 1
347 370 1
348 371 1
349 372 1
350 373 1
351 374 1
352 374 1
353 375 1
354 376 1
355 376 1
356 377 1
357 377 1
358 378 1
358 379 1
359 380 1
360 381 1
361 382 1
362 383 1
363 384 1
364 385 1
365 386 1
366 387 1
367 388 1
368 389 1
369 390 1
370 391 1
371 392 1
372 393 1
373 394 1
374 395 1
374 396 1
375 397 1
376 398 1
377 399 1
378 400 1
379 400 1
380 400 1
381 400 1
382 400 1
383 400 1
384 400 1
385 400 1
386 400 1
387 400 1
388 400 1
389 400 1
390 400 1
391 400 1
392 400 1
393 400 1
394 400 1
395 400 1
396 400 1
397 400 1
398 400 1
399 400 1
