1 2 38
1 3 64
1 4 23
1 5 20
2 6 25
2 7 35
2 8 21
2 9 3
2 10 27
3 11 39
3 12 67
3 13 2
4 14 41
4 15 52
4 16 19
5 17 63
5 18 68
6 19 45
7 20 61
8 20 22
9 21 9
10 22 18
11 23 3
12 24 30
13 25 25
14 26 66
15 27 20
16 28 16
17 29 51
18 29 50
19 30 54
20 31 23
21 32 33
22 33 15
22 34 57
22 35 14
23 36 9
24 37 30
25 38 6
26 39 48
26 40 1
26 41 11
27 42 10
28 43 55
29 44 5
30 45 32
31 46 41
32 47 52
33 48 63
34 48 44
35 49 64
36 50 43
37 51 47
38 51 48
39 52 2
40 53 48
41 54 41
42 55 65
43 56 24
44 57 44
45 58 8
46 59 61
47 59 12
48 60 27
49 61 41
50 62 29
51 62 25
52 63 4
53 64 49
54 65 24
55 66 57
56 66 18
57 67 18
58 68 44
59 68 59
60 69 45
61 70 32
62 71 60
63 72 8
64 73 23
65 74 12
66 75 3
67 76 28
68 77 25
69 78 66
69 79 62
70 80 58
70 81 41
71 82 65
72 83 53
72 84 4
72 85 51
73 86 54
74 87 27
74 88 66
75 89 8
76 90 35
76 91 13
77 92 45
78 92 28
79 93 2
80 93 13
81 94 58
82 95 29
83 96 30
84 97 18
85 98 65
86 98 5
87 99 35
88 99 26
89 100 18
90 101 38
91 102 16
92 103 42
93 104 2
94 105 47
95 106 66
95 107 1
96 108 27
96 109 16
97 110 17
98 111 46
99 112 58
100 113 23
101 114 30
102 115 12
102 116 44
103 117 61
104 118 32
105 119 66
105 120 17
106 121 9
107 122 11
107 123 4
107 124 18
107 125 1
108 126 26
108 127 10
108 128 46
109 129 22
109 130 63
110 131 69
110 132 54
111 133 26
111 134 44
111 135 40
112 136 46
112 137 50
112 138 19
112 139 40
113 140 5
113 141 11
114 142 68
114 143 61
114 144 66
115 145 42
115 146 22
115 147 41
115 148 47
116 149 20
116 150 49
117 151 67
118 151 42
119 152 57
120 152 28
121 152 9
122 153 20
123 153 60
124 153 40
125 153 68
126 153 27
127 153 65
128 153 47
129 154 11
130 154 39
131 154 34
132 155 47
133 155 66
134 155 44
135 155 8
136 155 53
137 156 19
138 156 57
139 157 35
140 157 10
141 158 54
142 158 55
143 159 10
144 159 5
145 159 55
146 160 9
147 160 15
148 160 3
149 160 68
150 161 33
151 162 38
151 163 16
151 164 17
152 165 65
152 166 51
153 167 25
154 168 64
154 169 24
154 170 45
154 171 14
155 172 23
155 173 9
156 174 36
157 175 5
158 176 51
158 177 47
159 178 41
159 179 21
160 180 28
161 181 1
162 182 4
163 183 28
164 183 52
165 184 53
166 184 13
167 185 47
168 185 58
169 186 42
170 187 55
171 188 63
172 188 15
173 189 56
174 190 58
175 190 11
176 191 47
177 191 4
178 192 11
179 192 68
180 192 23
181 193 68
182 194 27
182 195 41
183 196 6
184 197 52
185 198 50
186 199 23
186 200 48
187 201 3
188 202 1
188 203 10
189 204 40
190 205 60
190 206 18
191 207 37
192 208 68
192 209 42
192 210 26
193 211 41
194 212 8
195 213 57
196 214 5
197 215 45
198 216 26
199 217 43
200 218 46
201 218 37
202 218 65
203 219 28
204 220 65
205 221 42
206 221 11
207 222 13
208 223 68
209 224 15
210 224 8
211 225 15
212 226 1
213 227 34
214 228 42
215 229 6
216 230 66
216 231 35
217 232 12
217 233 18
218 234 67
219 235 29
220 236 60
221 237 58
222 238 5
223 239 11
224 240 10
225 241 25
226 242 6
227 243 29
228 244 22
229 245 38
230 246 23
231 247 26
232 248 12
233 249 41
234 249 32
235 250 14
236 251 56
237 252 13
238 253 51
239 254 7
240 255 61
241 255 3
242 256 16
243 256 21
244 257 46
245 258 49
246 259 23
247 259 29
248 260 3
249 261 61
250 262 11
251 263 11
252 264 46
253 264 66
254 265 62
255 266 39
256 267 30
256 268 58
256 269 49
257 270 64
258 271 45
259 272 39
260 273 52
261 274 53
261 275 42
261 276 28
262 277 32
263 278 42
263 279 22
264 280 43
264 281 34
265 282 14
266 283 61
267 284 15
268 285 29
269 286 48
270 287 54
271 288 41
272 289 25
273 290 1
274 291 46
275 292 64
276 293 33
277 294 36
278 295 3
279 296 9
280 297 40
281 298 14
282 298 62
283 299 49
284 300 26
285 300 44
286 300 7
287 300 20
288 300 8
289 300 26
290 300 62
291 300 37
292 300 30
293 300 2
294 300 54
295 300 49
296 300 60
297 300 29
298 300 67
299 300 4
