1 2 33
1 3 78
1 4 73
1 5 55
1 6 47
2 7 82
2 8 1
2 9 6
2 10 18
2 11 38
3 12 81
3 13 51
3 14 15
4 15 68
5 16 7
5 17 88
5 18 78
5 19 93
6 20 56
6 21 92
6 22 51
7 23 6
8 24 92
9 25 61
10 26 77
11 27 21
12 28 12
13 29 62
14 30 88
15 31 78
16 32 53
17 33 47
18 34 61
19 35 90
20 36 72
21 37 35
22 38 73
23 39 86
24 40 43
25 41 7
26 42 26
27 43 31
28 44 99
29 45 75
30 46 31
31 47 15
32 48 55
33 49 80
34 50 48
35 51 45
36 52 6
37 53 44
38 54 63
39 55 82
40 56 71
41 57 37
42 58 98
43 58 70
44 59 82
45 60 59
46 61 85
47 62 58
48 63 61
49 64 16
50 65 39
51 66 64
52 67 31
53 68 62
54 69 43
55 70 74
55 71 57
56 72 17
57 73 50
58 74 55
59 75 56
60 76 93
60 77 18
61 78 50
62 79 86
63 80 60
64 81 57
65 82 26
65 83 85
66 84 94
67 85 25
68 86 39
69 87 4
70 88 68
71 88 44
72 89 59
73 89 71
74 90 30
75 91 6
76 92 33
77 93 62
78 94 94
79 94 28
80 95 52
81 96 73
82 97 6
83 98 77
84 99 67
85 100 16
86 101 58
87 102 42
88 103 58
89 104 11
90 105 43
91 106 24
92 107 77
93 108 13
94 109 71
95 110 89
96 111 49
97 112 77
98 113 10
99 114 40
100 115 15
101 116 84
102 117 1
103 118 83
104 119 44
105 120 97
106 121 77
107 122 60
108 123 75
109 124 8
110 125 32
111 126 98
112 127 18
113 128 88
114 129 70
115 130 40
116 131 2
117 132 30
118 133 9
119 134 48
120 135 22
120 136 62
120 137 68
121 138 22
122 139 94
123 140 18
123 141 55
124 142 47
124 143 86
125 144 75
126 145 92
127 146 47
128 147 91
128 148 44
129 149 61
129 150 69
130 151 66
131 152 45
131 153 74
131 154 26
132 155 60
133 156 19
134 157 82
135 158 55
136 159 66
137 159 29
138 160 20
139 161 8
140 162 3
141 162 41
142 163 61
143 164 6
144 164 59
145 165 17
146 166 28
147 167 49
148 168 43
149 169 92
150 170 74
151 171 43
152 172 14
153 173 39
154 173 80
155 174 8
156 175 7
157 176 33
158 177 31
159 178 67
160 178 42
161 179 73
162 179 12
163 180 80
164 180 25
165 180 31
166 181 18
167 181 62
168 182 91
169 183 1
170 184 60
171 185 84
172 186 25
173 187 40
174 187 35
175 188 1
176 189 60
177 190 4
178 191 75
179 192 85
180 193 24
181 194 40
182 195 49
183 196 10
183 197 54
184 198 11
185 199 77
185 200 79
186 201 14
187 202 72
188 203 52
189 204 35
190 205 25
191 206 93
192 207 9
192 208 27
193 209 67
193 210 69
194 211 17
195 212 43
196 213 63
197 214 96
198 215 15
199 216 71
200 217 14
201 218 52
202 219 43
203 220 21
204 221 23
205 222 87
206 223 97
207 224 41
208 225 8
209 226 47
210 227 55
211 228 7
212 228 84
213 229 67
214 230 44
215 231 10
216 232 14
217 232 15
218 233 48
219 234 96
220 235 32
221 236 42
222 237 64
223 238 48
224 239 30
225 240 10
226 241 9
227 242 58
228 243 65
229 244 58
230 245 37
231 246 26
232 247 68
233 247 82
234 248 46
235 249 74
235 250 88
236 251 51
237 252 77
238 253 55
238 254 46
239 255 39
240 256 51
240 257 38
241 258 33
242 259 35
243 260 24
244 261 74
245 262 57
246 263 2
247 264 76
248 265 96
248 266 33
249 267 5
250 268 56
251 269 17
252 269 2
253 270 31
254 271 83
255 271 82
256 272 42
257 273 41
258 274 85
259 275 62
260 276 79
261 277 69
262 278 74
263 279 41
264 280 83
265 281 98
266 282 43
267 283 65
268 284 57
268 285 60
269 286 67
270 287 33
271 288 94
272 289 82
273 290 54
274 291 75
275 292 61
276 293 68
277 294 59
278 295 83
279 296 98
280 297 37
281 298 61
282 299 47
283 300 18
284 300 22
285 300 56
286 300 66
287 300 80
288 300 29
289 300 22
290 300 37
291 300 73
292 300 6
293 300 16
294 300 69
295 300 84
296 300 33
297 300 8
298 300 4
299 300 84
