19 19 22 18 22 20 18 19
17 18 20 17 15 18 16 19
4 3 3 4 4 3 3 3
19 20 16 17 20 20 21 21
13 12 12 12 12 13 11 14
12 12 13 11 11 14 13 13
15 15 12 12 12 12 14 12
5 6 6 5 6 5 6 6
10 11 8 9 11 11 11 10
7 9 9 8 9 8 9 7
4 5 4 5 5 4 4 5
13 13 16 13 13 13 15 14
14 14 15 13 13 14 14 13
12 12 12 12 13 13 13 12
19 17 17 21 19 18 20 22
12 9 10 10 10 10 12 10
3 3 3 3 3 4 4 3
22 22 22 21 19 20 19 22
17 18 19 19 18 20 20 19
17 18 18 20 15 18 15 16
10 12 12 12 10 12 9 10
5 5 4 5 4 4 5 4
17 17 16 14 17 15 17 18
11 11 12 10 13 10 11 10
2 2 2 1 2 2 1 2
18 16 16 20 20 16 15 20
3 3 2 3 2 2 2 3
4 4 3 4 3 3 4 3
16 18 16 15 18 16 20 18
22 18 19 23 23 21 23 23
13 12 13 12 13 12 11 12
7 9 9 8 8 9 8 8
6 6 6 6 5 6 5 6
16 17 15 17 18 17 16 18
13 15 16 15 16 16 13 16
5 5 5 5 5 6 5 6
16 16 13 14 15 13 16 13
20 20 19 17 18 20 16 21
23 22 18 23 19 18 21 20
5 5 4 5 5 5 4 4
7 8 8 8 7 8 8 8
8 9 9 7 8 8 7 7
15 17 19 19 17 19 17 17
8 7 8 7 8 7 7 8
13 10 13 11 10 10 11 11
14 15 16 14 15 16 15 16
8 11 11 11 10 8 11 10
8 9 7 7 9 7 8 8
3 3 2 2 3 2 3 3
17 14 16 16 15 16 14 16
23 23 22 20 18 20 21 19
8 8 8 7 7 7 8 7
21 22 19 17 17 21 19 20
13 13 16 16 15 15 16 15
6 5 5 6 6 6 5 6
11 11 10 11 11 13 12 12
21 23 21 21 18 22 19 21
7 6 6 6 6 6 7 7
21 20 19 20 20 19 20 20
7 8 8 8 7 8 8 8
7 8 8 8 9 8 9 7
15 15 13 14 13 15 13 14
9 11 9 10 8 9 8 11
14 12 12 11 13 14 13 14
6 6 7 7 6 6 6 7
5 4 4 5 4 4 4 4
14 15 16 15 14 17 17 17
3 2 2 3 3 2 2 3
19 19 19 19 17 20 22 21
20 20 21 19 21 21 22 20
3 2 3 2 3 2 3 3
12 13 13 11 13 14 14 11
2 1 1 1 2 2 2 1
5 5 4 5 5 4 4 5
15 14 16 14 14 16 15 13
23 20 19 18 18 20 18 18
18 15 20 19 16 17 20 16
17 14 14 14 14 18 14 16
15 15 15 17 14 16 15 17
2 3 2 2 3 2 3 2
15 14 14 15 15 16 14 17
8 7 8 8 7 7 9 8
8 7 7 8 7 8 7 7
9 7 7 7 7 7 7 7
3 2 3 2 3 3 3 2
16 16 16 13 14 14 15 14
20 18 21 21 17 19 20 17
9 9 10 10 11 8 11 10
14 15 14 14 13 13 14 13
4 3 4 3 3 4 3 3
3 3 3 4 4 3 4 3
2 3 3 3 2 2 2 3
14 15 18 14 14 18 15 16
9 8 7 9 8 9 9 8
3 3 3 4 3 3 3 4
3 3 3 3 4 4 3 4
2 2 2 1 1 1 2 2
17 16 16 18 16 17 17 18
14 12 14 12 12 15 15 15
8 10 10 10 8 10 8 9
15 20 15 19 20 18 17 18
21 20 23 20 23 23 21 18
11 13 14 12 13 11 14 13
11 11 10 12 12 10 11 9
7 6 7 7 6 6 7 7
17 17 17 15 17 15 16 16
10 9 9 10 9 8 10 10
22 23 19 19 20 22 20 21
3 2 3 2 2 2 3 3
1 2 1 2 2 2 2 2
17 20 18 17 18 15 17 15
12 14 14 11 12 11 12 14
7 6 7 6 6 7 7 7
18 19 20 18 17 20 20 18
4 3 4 3 4 4 3 3
9 12 11 11 11 10 12 9
8 8 8 7 7 7 8 7
7 9 8 9 7 7 8 7
7 7 8 9 8 7 7 7
14 15 13 12 12 15 14 13
19 19 22 22 21 21 17 19
8 10 9 11 10 9 8 10
3 2 2 3 3 2 3 3
15 16 14 15 13 14 15 15
7 7 6 6 6 7 6 7
13 13 15 13 14 13 15 14
5 5 5 5 6 6 5 6
15 16 16 14 16 14 14 14
15 15 14 16 15 14 14 17
11 11 12 11 10 10 13 12
13 15 14 16 14 13 16 16
20 20 21 18 16 19 17 19
13 10 12 10 11 12 10 10
5 5 5 5 4 5 4 4
23 21 23 21 19 19 20 23
10 12 12 11 13 10 10 13
20 22 20 19 20 22 21 22
2 2 1 1 1 2 1 2
22 21 18 23 18 22 22 22
12 10 13 11 11 13 12 10
11 12 14 14 11 13 13 13
15 12 12 15 12 13 12 12
4 4 5 5 4 4 5 4
11 11 9 10 11 11 12 11
6 7 7 7 7 6 6 6
14 14 12 15 12 15 15 14
9 9 9 9 9 8 9 8
3 3 3 3 3 3 2 2
5 6 6 6 5 6 6 6
5 5 5 5 6 6 6 5
7 8 7 7 8 8 8 8
13 14 13 13 13 13 12 12
11 9 9 12 11 9 9 12
15 14 14 14 17 18 16 17
18 23 22 19 18 23 21 20
17 15 17 15 14 15 17 16
20 23 18 18 22 18 23 18
7 7 7 7 9 9 7 7
18 17 18 22 21 22 19 19
2 2 3 3 2 3 2 2
10 12 13 10 12 13 13 11
16 17 15 18 15 18 16 18
5 5 4 4 5 5 5 4
11 10 13 12 11 10 13 10
7 7 6 6 7 6 6 7
8 9 7 8 8 9 9 8
4 5 4 4 4 4 4 4
6 6 6 6 7 7 7 6
13 16 14 15 15 14 14 13
9 7 9 9 7 8 7 7
23 18 19 21 23 23 18 20
11 8 10 9 8 11 8 9
22 23 22 22 18 19 21 23
5 5 4 5 5 4 5 5
15 18 18 16 17 15 17 14
13 11 11 13 11 13 12 14
8 8 8 8 7 8 7 7
4 4 4 5 4 4 4 4
14 16 17 16 16 15 16 17
16 16 17 16 16 17 14 16
6 7 7 6 6 7 6 7
3 2 2 3 3 2 3 3
20 22 20 21 18 19 20 21
17 16 15 18 15 15 17 16
7 7 8 8 8 8 8 8
14 14 14 14 14 17 14 15
6 6 7 7 6 6 7 6
8 7 8 8 7 8 8 8
5 5 5 6 5 5 5 6
14 15 13 13 14 15 13 14
16 16 16 18 16 17 14 18
17 14 15 15 16 16 15 14
11 13 12 10 13 10 13 12
17 17 18 17 21 20 17 17
2 3 2 3 2 2 3 3
1 2 2 2 1 2 1 1
6 7 7 7 6 6 7 7
6 5 5 6 5 6 5 6
11 10 12 11 12 11 11 12
10 10 8 10 8 11 11 8
11 8 11 11 8 11 10 9
4 3 4 4 3 3 4 4
19 18 16 16 20 19 20 19
18 14 17 16 17 16 16 14
4 5 5 4 5 5 4 4
3 4 4 4 3 4 3 4
7 6 7 6 7 7 6 6
5 6 5 6 6 5 5 5
6 7 6 6 7 6 6 7
9 9 9 10 11 11 10 9
3 3 4 3 4 3 3 4
23 19 20 22 19 21 20 23
6 6 6 7 6 7 7 6
9 11 10 8 11 9 10 9
8 8 8 8 9 9 8 9
18 16 16 18 16 15 17 14
4 3 4 3 4 4 4 4
20 20 16 18 17 17 19 16
12 13 12 11 11 11 13 12
17 17 18 19 20 22 22 18
15 17 15 18 18 19 19 20
8 8 8 7 8 8 7 7
1 1 2 2 1 1 1 2
4 4 4 4 4 5 5 5
12 12 10 11 10 10 13 13
12 9 11 9 11 12 9 9
7 7 8 8 7 9 8 9
5 5 6 5 6 5 6 6
7 7 7 7 7 6 7 6
3 4 3 3 3 3 3 3
18 18 15 14 17 18 15 15
14 14 16 13 16 14 13 14
8 7 7 8 7 9 9 8
17 18 17 17 18 16 16 18
7 7 6 6 6 6 6 7
13 13 13 12 14 12 12 14
13 12 10 12 10 10 11 11
6 6 6 7 6 7 6 6
5 6 6 6 6 5 6 5
7 9 9 7 7 7 7 7
16 20 20 20 19 21 20 17
15 16 16 16 18 18 18 14
12 14 14 15 15 14 15 12
6 6 7 7 7 7 7 7
11 9 12 10 11 11 11 12
14 14 13 14 14 15 15 14
5 5 4 4 4 4 5 5
21 18 21 19 21 18 22 21
15 14 14 15 12 12 13 15
2 1 1 2 1 1 1 1
10 13 11 13 11 10 12 13
7 7 7 7 7 6 6 6
14 15 13 13 14 15 13 13
13 13 15 12 12 12 14 15
7 9 8 9 8 8 8 7
18 15 16 14 18 14 17 17
13 12 13 13 14 11 11 14
17 17 17 16 16 17 16 16
3 4 3 3 3 3 4 4
14 18 18 18 15 14 18 15
16 15 16 15 15 15 17 15
8 9 8 7 7 8 8 9
3 3 3 3 4 4 4 4
8 11 9 9 9 11 10 9
2 1 2 1 1 2 2 1
6 5 6 5 5 6 6 5
8 8 8 8 7 8 8 8
12 11 11 12 10 13 13 11
8 8 7 7 7 7 8 7
8 7 8 8 7 8 8 8
6 7 6 6 6 6 6 6
7 9 8 9 8 7 8 7
3 3 3 4 4 3 3 3
3 3 3 3 3 3 2 3
16 18 19 17 20 15 15 17
8 8 11 11 10 10 8 10
21 21 16 18 21 21 18 17
20 21 20 20 20 18 18 21
16 16 13 14 16 14 15 16
12 12 13 14 13 13 14 12
8 8 8 8 7 8 7 7
9 12 11 11 10 12 11 9
20 23 21 23 19 23 23 19
7 8 8 7 7 8 7 8
2 1 2 1 2 2 2 1
4 4 3 3 3 3 3 3
1 1 2 1 2 2 2 1
15 18 14 16 17 18 18 14
3 3 3 3 3 3 3 3
15 15 13 15 14 16 13 15
7 6 7 6 7 7 7 6
11 12 12 13 13 11 13 14
15 14 15 17 18 16 14 18
23 19 22 19 19 22 23 19
4 5 4 5 4 4 4 4
3 3 4 3 3 3 3 4
8 7 7 8 7 8 8 8
10 10 11 11 9 9 11 10
4 5 5 4 4 4 4 5
8 8 7 8 9 7 9 9
