1 2 26
1 3 36
1 4 18
1 5 20
2 6 36
2 7 27
2 8 14
3 9 32
3 10 20
4 11 13
4 12 38
4 13 26
5 14 11
5 15 37
6 16 6
6 17 15
7 18 19
7 19 21
8 20 39
9 21 29
9 22 20
10 23 15
11 24 7
12 25 34
13 26 3
13 27 20
13 28 18
14 29 29
15 30 32
15 31 4
16 32 17
17 33 4
18 34 10
19 35 10
20 36 38
21 37 3
22 37 11
23 38 1
24 39 27
25 40 8
26 41 20
27 42 39
28 42 25
29 43 35
30 44 7
31 45 19
32 46 14
32 47 13
33 48 11
34 49 37
35 50 32
36 51 13
37 52 31
38 53 28
39 54 3
40 55 23
41 56 11
41 57 9
42 58 28
43 59 37
44 60 6
45 61 9
46 62 3
47 63 34
48 64 17
49 65 34
50 66 32
51 67 15
52 67 1
53 68 21
54 69 19
55 70 30
56 70 6
57 71 27
58 72 5
59 73 6
60 74 16
61 75 19
62 76 9
63 77 38
64 78 33
65 79 14
66 80 39
67 81 29
68 82 1
68 83 34
69 84 9
70 85 36
71 86 33
72 87 12
73 88 17
74 89 13
75 90 39
76 91 16
77 92 35
78 93 16
79 94 20
80 94 19
81 95 39
82 96 14
83 97 1
84 97 16
85 98 2
86 99 31
87 100 21
88 101 23
89 102 11
90 103 6
91 104 2
92 105 3
92 106 26
93 107 10
93 108 28
94 109 35
94 110 4
95 111 34
96 112 36
97 113 28
97 114 11
97 115 14
98 116 24
99 117 14
100 118 33
101 119 15
101 120 37
102 121 33
103 122 17
104 123 20
105 123 3
106 123 38
107 124 27
108 124 36
109 125 1
110 125 12
111 126 10
112 126 8
113 127 25
114 127 24
115 127 31
116 127 32
117 128 21
118 128 23
119 128 8
120 128 23
121 128 25
122 128 35
123 129 2
123 130 25
123 131 9
123 132 21
124 133 37
125 134 3
125 135 29
126 136 33
127 137 16
127 138 12
127 139 34
128 140 4
129 141 27
130 142 15
131 143 13
131 144 25
132 145 22
132 146 24
133 147 2
134 148 20
134 149 7
135 150 10
136 151 12
137 152 27
138 153 34
138 154 2
139 155 28
140 156 33
141 157 12
142 158 16
143 159 37
144 160 30
145 161 32
146 162 3
147 163 31
148 164 36
149 165 6
150 165 23
151 166 4
152 166 18
153 167 35
154 168 29
155 169 39
156 170 13
157 171 15
158 172 29
159 173 34
160 174 5
161 175 27
162 176 17
163 177 37
163 178 37
163 179 16
164 180 16
165 181 1
165 182 12
166 183 12
167 184 18
168 185 8
168 186 35
169 187 28
170 188 21
171 189 7
172 189 33
173 189 10
174 190 12
175 190 17
176 191 17
177 192 29
178 193 8
179 193 38
180 194 27
181 194 15
182 195 21
183 196 25
184 197 12
185 197 30
186 198 22
187 199 5
188 200 20
189 201 29
190 202 4
191 203 13
192 204 35
193 205 35
194 206 30
195 207 28
196 208 7
197 209 30
198 210 35
198 211 17
199 212 19
200 213 34
201 214 20
202 214 38
203 215 18
204 215 6
205 216 35
206 217 31
207 217 11
208 218 29
209 219 19
210 220 37
211 221 26
212 222 18
213 223 13
214 224 39
215 225 13
215 226 30
216 227 8
217 228 21
218 229 24
218 230 29
219 231 21
219 232 4
219 233 33
220 234 24
221 235 7
222 236 2
223 237 12
224 238 32
225 239 11
226 240 20
227 241 17
228 242 33
229 243 38
230 244 9
231 244 11
232 245 3
233 246 1
234 246 9
235 246 34
236 247 12
237 247 37
238 248 22
239 249 7
239 250 31
240 251 8
241 252 32
241 253 11
242 254 18
243 255 39
243 256 22
244 257 23
245 258 10
246 259 15
247 260 32
247 261 22
248 262 1
249 263 6
250 264 12
251 265 18
252 266 8
253 267 1
254 268 19
255 269 31
256 270 20
257 271 30
258 272 26
259 273 31
260 274 39
261 275 16
262 276 12
263 277 6
264 278 17
265 278 4
266 279 14
267 280 1
268 281 10
269 282 1
270 283 22
271 284 27
272 285 39
273 286 21
274 287 21
275 288 14
276 289 38
277 290 36
278 291 2
279 292 30
279 293 1
280 294 12
281 295 17
282 296 13
282 297 6
283 298 5
284 299 21
284 300 17
284 301 31
285 302 39
285 303 37
286 304 29
286 305 37
287 306 9
287 307 9
288 308 27
288 309 36
289 310 9
290 311 20
291 311 29
292 311 23
293 312 30
294 313 30
295 313 28
296 313 15
297 314 34
298 314 16
299 314 35
300 315 25
301 315 33
302 315 35
303 316 29
304 317 13
305 318 33
306 319 39
307 319 14
308 320 31
309 321 31
310 322 7
311 323 29
311 324 14
312 325 16
313 326 38
313 327 6
314 328 12
314 329 1
315 330 18
316 331 34
317 332 39
317 333 2
318 334 29
318 335 20
319 336 30
320 337 36
320 338 20
320 339 18
320 340 20
321 341 23
321 342 26
322 343 6
323 343 37
324 344 38
325 345 7
326 346 22
327 347 32
328 348 33
329 349 30
330 350 23
331 351 19
332 352 12
333 352 13
334 353 38
335 354 26
336 355 29
337 355 7
338 356 36
339 357 6
340 358 36
341 359 23
342 360 12
343 361 35
344 362 32
345 363 6
346 364 6
347 365 39
348 366 32
349 367 6
350 368 14
351 369 11
352 370 14
353 371 27
354 372 9
355 373 7
356 373 2
357 374 26
358 375 20
359 376 30
360 376 8
361 377 8
361 378 36
361 379 6
361 380 23
361 381 6
362 382 36
362 383 8
363 384 3
363 385 17
363 386 39
364 387 26
364 388 31
364 389 8
365 390 8
366 391 31
367 392 12
367 393 8
367 394 28
368 395 25
368 396 31
368 397 29
368 398 25
369 399 22
370 400 2
371 401 30
372 402 37
373 403 2
374 404 6
374 405 16
374 406 23
375 407 11
376 408 30
376 409 24
376 410 35
376 411 35
376 412 5
377 413 31
378 413 39
379 413 16
380 414 25
381 414 1
382 414 27
383 415 2
384 415 35
385 415 18
386 415 1
387 416 31
388 416 36
389 416 18
390 417 18
391 417 33
392 417 2
393 418 13
394 419 6
395 419 21
396 419 26
397 419 28
398 419 17
399 420 29
400 420 34
401 421 17
402 421 1
403 421 36
404 422 20
405 422 33
406 422 8
407 423 6
408 423 19
409 423 19
410 423 8
411 423 31
412 423 27
413 424 12
413 425 21
413 426 4
414 427 7
415 428 2
416 429 1
417 430 5
418 431 35
418 432 7
419 433 13
420 434 22
421 435 5
422 436 25
423 437 12
424 438 17
425 438 33
426 439 38
427 440 16
428 441 38
429 442 24
430 443 22
431 444 36
432 444 2
433 445 39
434 446 13
435 447 32
436 448 4
437 449 24
438 450 39
439 451 33
440 452 20
441 453 37
441 454 3
442 455 33
443 456 39
444 457 9
445 458 39
446 459 33
447 460 38
448 461 3
449 462 36
450 463 5
450 464 23
451 465 14
452 466 26
453 467 30
454 468 4
455 469 30
456 470 3
457 471 23
457 472 32
458 473 16
459 474 29
459 475 39
460 476 6
461 477 32
462 478 25
462 479 5
463 480 35
464 481 20
465 482 35
466 483 2
467 484 11
468 485 11
469 486 28
470 487 4
471 488 16
472 489 21
473 490 3
474 491 36
475 492 13
476 493 35
477 493 27
478 494 16
479 495 36
480 496 38
481 497 23
482 497 32
483 498 2
484 499 1
485 500 29
486 501 34
487 502 2
488 503 27
489 504 11
490 505 18
491 506 6
492 507 21
493 508 18
494 509 13
495 510 8
496 511 33
497 512 38
498 512 7
499 512 15
500 513 13
501 513 36
502 514 20
503 515 1
504 516 9
505 516 17
506 516 1
507 517 35
508 518 20
509 519 12
510 520 34
511 521 8
511 522 5
512 523 11
512 524 35
512 525 15
513 526 33
513 527 11
514 528 16
515 529 36
516 530 1
516 531 7
516 532 15
517 533 10
518 534 38
518 535 32
518 536 33
519 537 21
519 538 29
520 539 11
521 540 37
522 540 36
523 540 31
524 541 30
525 541 29
526 541 31
527 542 28
528 542 39
529 542 24
530 543 38
531 544 24
532 544 5
533 545 16
534 545 18
535 545 36
536 546 19
537 547 4
538 548 10
539 548 32
540 549 12
541 550 4
542 551 29
543 552 25
544 553 26
545 554 36
545 555 35
546 556 8
547 557 14
548 558 13
548 559 13
549 560 19
550 561 32
551 562 21
552 563 36
552 564 8
553 565 6
554 566 18
555 567 19
555 568 38
556 569 25
557 570 18
558 571 29
558 572 18
558 573 7
559 574 29
560 575 38
561 576 6
562 577 33
563 578 25
564 579 9
565 580 2
566 581 2
567 581 14
568 582 30
569 583 30
570 583 12
571 584 16
572 585 36
573 586 33
574 587 13
575 588 1
576 589 22
577 590 35
578 591 29
578 592 14
579 593 22
580 594 34
581 595 2
582 596 20
583 597 35
584 598 6
584 599 14
585 600 39
586 601 33
587 602 12
588 603 21
589 604 33
590 605 22
591 606 4
592 607 1
593 608 27
594 609 12
595 610 14
596 611 3
597 612 14
598 613 27
599 614 28
600 615 12
601 616 1
602 617 36
603 618 23
603 619 39
604 620 7
605 621 9
606 622 1
607 623 29
607 624 29
608 625 10
609 626 19
610 627 3
611 628 30
611 629 39
612 630 10
612 631 13
613 632 29
614 633 11
615 634 9
616 635 39
617 636 22
618 637 14
619 638 29
620 639 15
621 640 21
622 641 15
623 642 10
624 642 14
625 643 34
626 644 13
627 645 36
628 646 39
629 647 38
630 648 3
631 649 33
632 650 6
633 650 25
634 651 28
635 652 37
636 653 14
637 654 32
638 655 2
638 656 27
639 657 30
640 658 26
641 659 10
642 660 30
642 661 33
642 662 14
643 663 5
644 664 21
644 665 23
645 666 18
646 667 6
646 668 36
647 669 6
647 670 24
648 671 30
649 672 27
650 673 14
651 674 23
652 675 16
653 676 20
654 677 30
655 678 9
656 678 25
657 679 12
658 679 7
659 680 19
660 680 33
661 681 8
662 681 16
663 682 8
664 683 2
665 684 9
666 684 8
667 684 21
668 685 12
669 685 35
670 686 4
671 687 25
672 688 27
673 689 33
674 689 24
675 690 13
676 690 39
677 691 24
678 692 27
679 693 24
680 694 19
681 695 2
682 696 12
683 697 5
684 698 29
685 699 12
686 700 18
687 701 36
688 702 9
689 703 36
690 704 15
691 705 35
692 706 2
693 707 5
694 708 35
695 709 1
696 710 21
696 711 14
697 712 10
698 713 12
699 714 39
700 715 17
701 716 18
701 717 2
701 718 39
702 719 7
702 720 34
703 721 15
703 722 14
703 723 18
704 724 34
705 725 34
706 726 6
707 727 2
708 727 23
709 728 11
710 728 29
711 729 12
712 729 31
713 730 3
714 731 8
715 732 23
716 733 4
717 734 4
718 735 2
719 736 35
720 737 17
721 738 24
722 738 3
723 739 38
724 740 6
725 741 5
726 742 37
727 743 1
728 743 1
729 744 38
730 745 28
731 746 37
732 746 16
733 747 35
734 747 7
735 748 7
736 748 21
737 749 18
738 749 7
739 750 35
740 751 25
741 752 33
742 753 19
743 754 26
744 755 2
745 756 8
746 757 9
747 758 39
748 759 34
749 760 28
750 761 39
751 762 38
752 763 3
752 764 36
753 765 18
754 766 31
755 767 28
755 768 35
755 769 26
755 770 6
755 771 18
756 772 27
756 773 24
757 774 38
758 775 5
759 776 1
759 777 39
760 778 19
760 779 6
761 780 3
761 781 19
762 782 25
763 783 15
764 784 20
765 785 13
766 786 7
767 787 4
768 788 7
769 789 14
770 790 9
771 790 28
772 791 36
773 792 7
774 793 37
775 793 33
776 793 17
777 794 4
778 795 3
779 796 28
780 797 24
781 798 8
782 799 17
783 800 3
784 800 13
785 800 15
786 800 23
787 800 11
788 800 25
789 800 19
790 800 1
791 800 20
792 800 34
793 800 17
794 800 6
795 800 10
796 800 18
797 800 22
798 800 3
799 800 8
