1 2 1
1 3 1
1 4 1
1 5 1
1 6 1
2 7 1
3 8 1
3 9 1
3 10 1
3 11 1
4 12 1
4 13 1
4 14 1
5 15 1
5 16 1
5 17 1
6 18 1
6 19 1
7 20 1
7 21 1
8 22 1
9 23 1
10 24 1
10 25 1
11 26 1
12 27 1
13 28 1
14 29 1
14 30 1
15 31 1
16 32 1
16 33 1
17 34 1
18 35 1
19 36 1
20 37 1
21 37 1
22 37 1
23 37 1
24 38 1
25 38 1
26 39 1
27 40 1
28 40 1
29 40 1
30 41 1
31 41 1
32 42 1
33 43 1
34 43 1
35 44 1
36 44 1
37 45 1
37 46 1
38 47 1
39 48 1
39 49 1
40 50 1
41 51 1
42 52 1
43 53 1
43 54 1
44 55 1
45 56 1
46 57 1
47 58 1
48 59 1
49 60 1
50 61 1
51 62 1
52 63 1
53 63 1
54 64 1
55 65 1
56 66 1
57 67 1
57 68 1
58 69 1
59 70 1
60 71 1
60 72 1
60 73 1
61 74 1
62 75 1
63 76 1
64 77 1
65 78 1
65 79 1
66 80 1
67 81 1
68 81 1
69 82 1
70 83 1
71 84 1
72 85 1
73 86 1
74 86 1
75 87 1
76 88 1
77 89 1
78 90 1
79 91 1
80 92 1
81 93 1
82 93 1
83 94 1
84 95 1
85 96 1
86 96 1
87 97 1
88 98 1
89 98 1
90 99 1
91 99 1
92 100 1
93 101 1
93 102 1
94 103 1
95 104 1
96 105 1
97 106 1
97 107 1
98 108 1
99 109 1
100 110 1
100 111 1
101 112 1
102 113 1
103 114 1
104 115 1
105 116 1
106 117 1
107 118 1
108 119 1
109 120 1
110 121 1
111 121 1
112 122 1
113 123 1
114 124 1
115 125 1
116 126 1
117 127 1
118 128 1
119 128 1
120 129 1
121 130 1
122 131 1
122 132 1
123 133 1
123 134 1
123 135 1
123 136 1
124 137 1
125 138 1
126 139 1
127 140 1
128 141 1
128 142 1
128 143 1
129 144 1
130 145 1
131 146 1
132 146 1
133 147 1
134 148 1
135 148 1
136 149 1
137 149 1
138 150 1
139 151 1
140 152 1
141 153 1
142 154 1
143 154 1
144 154 1
145 155 1
146 156 1
147 157 1
148 158 1
149 159 1
150 160 1
151 161 1
152 162 1
153 163 1
154 164 1
155 165 1
156 166 1
157 167 1
158 168 1
159 169 1
160 170 1
161 171 1
161 172 1
162 173 1
163 174 1
164 175 1
165 176 1
166 177 1
167 178 1
168 179 1
169 180 1
170 181 1
171 182 1
172 183 1
173 184 1
174 185 1
175 186 1
176 187 1
177 188 1
178 189 1
179 190 1
180 191 1
181 192 1
182 193 1
183 194 1
184 195 1
185 196 1
186 197 1
187 198 1
187 199 1
188 200 1
188 201 1
189 202 1
189 203 1
190 204 1
191 205 1
192 206 1
192 207 1
193 208 1
193 209 1
194 210 1
195 211 1
195 212 1
195 213 1
195 214 1
196 215 1
196 216 1
197 217 1
197 218 1
197 219 1
198 220 1
199 220 1
200 221 1
201 221 1
202 222 1
203 222 1
204 222 1
205 222 1
206 223 1
207 223 1
208 223 1
209 223 1
210 223 1
211 224 1
212 224 1
213 225 1
214 225 1
215 225 1
216 225 1
217 225 1
218 226 1
219 226 1
220 227 1
220 228 1
221 229 1
222 230 1
222 231 1
223 232 1
224 233 1
224 234 1
224 235 1
225 236 1
226 237 1
227 238 1
228 239 1
228 240 1
229 241 1
230 242 1
231 243 1
232 244 1
232 245 1
233 246 1
233 247 1
233 248 1
234 249 1
235 250 1
235 251 1
236 252 1
237 253 1
237 254 1
238 255 1
239 255 1
240 256 1
241 257 1
242 257 1
243 258 1
244 258 1
245 258 1
246 259 1
247 260 1
248 261 1
249 261 1
250 262 1
251 263 1
252 264 1
253 265 1
254 266 1
255 267 1
256 268 1
257 269 1
258 269 1
259 270 1
260 270 1
261 271 1
262 271 1
263 271 1
264 272 1
265 272 1
266 273 1
267 274 1
267 275 1
268 276 1
269 277 1
270 278 1
271 279 1
272 280 1
273 281 1
274 282 1
275 283 1
276 284 1
277 285 1
278 286 1
279 287 1
280 288 1
280 289 1
281 290 1
282 291 1
283 292 1
284 293 1
285 294 1
286 295 1
287 296 1
288 297 1
289 298 1
290 299 1
291 300 1
292 300 1
293 301 1
294 302 1
295 303 1
296 303 1
297 304 1
298 304 1
299 304 1
300 305 1
301 306 1
301 307 1
301 308 1
301 309 1
302 310 1
303 311 1
303 312 1
304 313 1
304 314 1
304 315 1
304 316 1
305 317 1
306 317 1
307 317 1
308 318 1
309 319 1
310 320 1
311 321 1
312 322 1
313 323 1
314 324 1
315 325 1
316 326 1
317 327 1
318 328 1
319 328 1
320 329 1
321 329 1
322 329 1
323 330 1
324 330 1
325 331 1
326 331 1
327 332 1
327 333 1
327 334 1
328 335 1
329 336 1
329 337 1
329 338 1
329 339 1
329 340 1
330 341 1
330 342 1
330 343 1
330 344 1
330 345 1
331 346 1
331 347 1
332 348 1
333 349 1
334 349 1
335 349 1
336 350 1
337 351 1
338 352 1
339 352 1
340 353 1
341 353 1
342 353 1
343 353 1
344 354 1
345 354 1
346 354 1
347 355 1
348 356 1
349 357 1
350 358 1
351 359 1
352 360 1
353 361 1
354 362 1
355 363 1
355 364 1
356 365 1
356 366 1
357 367 1
358 368 1
359 369 1
360 370 1
360 371 1
361 372 1
362 373 1
363 374 1
364 375 1
365 376 1
365 377 1
365 378 1
366 379 1
367 380 1
368 381 1
368 382 1
369 383 1
370 384 1
371 385 1
372 386 1
372 387 1
373 388 1
374 389 1
375 390 1
376 391 1
377 392 1
378 392 1
379 393 1
380 394 1
381 394 1
382 395 1
383 396 1
384 396 1
385 397 1
386 397 1
387 398 1
388 398 1
389 399 1
390 399 1
391 400 1
392 400 1
393 400 1
394 400 1
395 400 1
396 400 1
397 400 1
398 400 1
399 400 1
