1 2 1
1 3 1
1 4 1
2 5 1
2 6 1
2 7 1
3 8 1
3 9 1
3 10 1
3 11 1
4 12 1
4 13 1
4 14 1
4 15 1
5 16 1
6 17 1
7 17 1
8 18 1
9 18 1
10 19 1
11 20 1
12 20 1
13 20 1
14 21 1
15 22 1
16 23 1
17 24 1
17 25 1
18 26 1
19 27 1
19 28 1
19 29 1
20 30 1
20 31 1
20 32 1
21 33 1
21 34 1
22 35 1
23 36 1
24 37 1
25 37 1
26 37 1
27 38 1
28 38 1
29 38 1
30 39 1
31 39 1
32 39 1
33 40 1
34 40 1
35 40 1
36 41 1
37 42 1
38 43 1
38 44 1
39 45 1
40 46 1
40 47 1
41 48 1
41 49 1
41 50 1
42 51 1
42 52 1
43 53 1
43 54 1
43 55 1
43 56 1
44 57 1
44 58 1
45 59 1
45 60 1
46 61 1
46 62 1
46 63 1
47 64 1
47 65 1
48 66 1
49 66 1
50 67 1
51 67 1
52 68 1
53 69 1
54 70 1
55 70 1
56 70 1
57 70 1
58 71 1
59 71 1
60 72 1
61 72 1
62 72 1
63 73 1
64 73 1
65 73 1
66 74 1
66 75 1
67 76 1
67 77 1
68 78 1
69 79 1
70 80 1
70 81 1
71 82 1
71 83 1
72 84 1
72 85 1
73 86 1
74 87 1
75 88 1
76 88 1
77 89 1
78 90 1
79 90 1
80 91 1
81 92 1
82 93 1
83 94 1
84 95 1
85 96 1
86 97 1
87 98 1
88 99 1
89 100 1
90 101 1
91 102 1
92 103 1
93 104 1
94 105 1
95 106 1
96 107 1
97 108 1
98 109 1
99 109 1
100 110 1
101 111 1
102 112 1
103 113 1
104 114 1
105 115 1
106 115 1
107 116 1
108 117 1
109 118 1
110 119 1
111 120 1
112 121 1
113 122 1
114 123 1
115 124 1
116 125 1
117 125 1
118 126 1
118 127 1
118 128 1
119 129 1
119 130 1
119 131 1
120 132 1
121 133 1
122 134 1
123 135 1
124 136 1
125 137 1
126 138 1
126 139 1
127 140 1
128 141 1
128 142 1
128 143 1
128 144 1
129 145 1
129 146 1
130 147 1
131 148 1
132 149 1
133 150 1
134 151 1
135 152 1
136 153 1
137 154 1
138 155 1
139 155 1
140 156 1
141 156 1
142 157 1
143 158 1
144 158 1
145 159 1
146 160 1
147 161 1
148 162 1
149 162 1
150 162 1
151 163 1
152 164 1
153 165 1
154 165 1
155 166 1
156 166 1
157 167 1
158 168 1
159 169 1
160 170 1
161 170 1
162 170 1
163 171 1
164 172 1
165 173 1
166 174 1
166 175 1
167 176 1
168 177 1
168 178 1
169 179 1
170 180 1
170 181 1
170 182 1
171 183 1
171 184 1
172 185 1
173 186 1
174 187 1
175 188 1
176 189 1
177 190 1
177 191 1
177 192 1
177 193 1
178 194 1
179 195 1
180 196 1
180 197 1
180 198 1
181 199 1
181 200 1
182 201 1
183 202 1
183 203 1
184 204 1
185 205 1
185 206 1
185 207 1
186 208 1
186 209 1
187 210 1
188 211 1
189 212 1
190 213 1
191 213 1
192 214 1
193 214 1
194 214 1
195 215 1
196 216 1
197 217 1
198 217 1
199 217 1
200 218 1
201 218 1
202 219 1
203 220 1
204 221 1
205 222 1
206 223 1
207 223 1
208 223 1
209 224 1
210 225 1
211 225 1
212 226 1
213 226 1
214 227 1
215 228 1
216 228 1
217 228 1
218 229 1
219 229 1
220 230 1
221 231 1
222 232 1
223 233 1
224 234 1
225 235 1
226 236 1
227 237 1
228 238 1
229 239 1
230 240 1
231 240 1
232 241 1
233 242 1
234 243 1
235 244 1
236 245 1
237 246 1
237 247 1
238 248 1
238 249 1
239 250 1
240 251 1
241 252 1
242 253 1
243 254 1
244 255 1
245 255 1
246 256 1
247 257 1
248 257 1
249 258 1
250 258 1
251 259 1
252 260 1
253 260 1
254 261 1
255 262 1
256 263 1
256 264 1
257 265 1
258 266 1
259 267 1
260 268 1
261 269 1
262 270 1
263 271 1
264 272 1
265 273 1
266 274 1
267 275 1
267 276 1
268 277 1
268 278 1
268 279 1
269 280 1
269 281 1
270 282 1
271 282 1
272 283 1
273 283 1
274 284 1
275 284 1
276 284 1
277 285 1
278 285 1
279 286 1
280 287 1
281 288 1
282 289 1
283 290 1
283 291 1
283 292 1
284 293 1
284 294 1
285 295 1
285 296 1
286 297 1
287 298 1
288 299 1
288 300 1
288 301 1
289 302 1
290 302 1
291 303 1
292 304 1
293 305 1
294 305 1
295 306 1
296 307 1
297 308 1
298 309 1
299 309 1
300 310 1
301 311 1
302 312 1
302 313 1
303 314 1
303 315 1
304 316 1
305 317 1
306 318 1
306 319 1
306 320 1
307 321 1
308 322 1
309 323 1
309 324 1
310 325 1
311 326 1
311 327 1
311 328 1
312 329 1
313 329 1
314 330 1
315 331 1
316 331 1
317 332 1
318 332 1
319 333 1
320 333 1
321 334 1
322 334 1
323 335 1
324 335 1
325 336 1
326 336 1
327 337 1
328 337 1
329 338 1
330 339 1
331 340 1
332 341 1
333 342 1
334 343 1
334 344 1
335 345 1
335 346 1
336 347 1
336 348 1
337 349 1
338 350 1
339 350 1
340 350 1
341 351 1
342 352 1
343 352 1
344 353 1
345 354 1
346 354 1
347 354 1
348 355 1
349 356 1
350 357 1
351 358 1
352 359 1
353 359 1
354 360 1
355 361 1
356 362 1
357 363 1
357 364 1
358 365 1
358 366 1
359 367 1
359 368 1
359 369 1
360 370 1
360 371 1
360 372 1
360 373 1
361 374 1
361 375 1
361 376 1
362 377 1
363 378 1
364 378 1
365 378 1
366 378 1
367 379 1
368 379 1
369 380 1
370 381 1
371 382 1
372 382 1
373 383 1
374 384 1
375 384 1
376 385 1
377 386 1
378 387 1
379 388 1
380 389 1
381 390 1
382 391 1
383 392 1
384 393 1
384 394 1
385 395 1
385 396 1
385 397 1
386 398 1
386 399 1
387 400 1
388 400 1
389 400 1
390 400 1
391 400 1
392 400 1
393 400 1
394 400 1
395 400 1
396 400 1
397 400 1
398 400 1
399 400 1
