11 10 13 13 12 10 10 10 13 10 10 13 13 10 12 11 11 10 13 13 12 13 11 13 10 13 12 13 11 12 11 10
15 17 16 17 18 17 20 19 18 17 16 18 15 17 15 20 19 18 20 19 16 20 17 17 19 15 16 15 20 19 17 17
18 22 18 18 22 23 22 22 20 18 19 19 18 19 23 21 21 23 19 18 22 22 21 18 22 19 19 18 20 18 20 19
5 5 5 6 5 5 5 6 5 5 6 5 5 6 5 5 6 6 5 5 5 6 6 5 5 5 6 5 6 6 6 5
14 17 17 17 17 16 14 15 15 16 15 14 17 16 14 16 17 14 15 16 14 17 17 17 17 15 14 17 15 16 16 14
7 8 8 7 8 7 8 8 9 9 7 7 8 8 9 9 8 9 8 8 7 8 9 9 9 9 7 7 8 7 7 9
2 2 3 3 3 3 3 3 2 2 2 2 3 2 3 3 3 2 3 3 3 2 2 3 2 2 2 3 2 2 2 2
15 13 12 15 12 12 13 12 13 12 15 15 12 15 14 14 13 14 15 13 13 12 15 12 14 14 15 14 15 14 14 13
7 7 6 6 7 6 6 7 7 7 7 6 6 7 6 6 7 7 6 7 6 6 7 6 6 6 6 7 7 6 6 7
14 15 15 16 16 16 16 15 14 15 15 15 16 18 18 14 15 16 17 18 17 15 18 15 15 18 16 18 18 14 15 18
9 9 12 12 12 10 12 12 9 10 10 11 9 11 12 11 11 10 10 12 12 10 10 12 9 10 12 11 12 10 10 10
2 2 1 2 2 2 2 2 1 1 2 2 1 2 1 2 2 2 2 1 2 1 1 2 1 1 2 2 1 1 2 2
17 16 17 16 14 14 15 15 16 16 15 16 17 15 17 14 14 15 17 17 17 15 15 16 15 16 16 15 15 17 14 15
17 14 15 15 17 15 14 14 14 15 14 15 17 14 14 17 17 16 16 14 17 14 17 16 15 15 17 17 16 16 16 17
16 15 15 14 14 15 17 16 17 16 17 15 17 16 15 16 14 16 15 14 14 17 15 15 17 17 17 17 15 17 16 15
5 5 6 5 6 6 5 6 5 5 5 5 5 5 6 6 6 6 5 6 6 5 6 5 6 5 6 6 6 5 5 5
3 3 4 3 4 4 4 4 4 3 4 3 4 3 3 3 3 4 3 3 4 3 3 3 3 4 4 3 3 3 4 3
4 4 5 4 4 4 5 5 5 5 4 4 4 4 5 4 5 4 4 4 5 4 5 4 4 4 4 5 5 4 5 5
8 11 11 8 8 8 9 9 8 9 8 11 8 8 8 10 8 10 8 9 10 9 8 8 10 8 10 11 10 11 10 8
16 18 16 17 20 20 20 21 20 17 20 20 20 20 21 21 18 17 20 18 21 21 16 19 18 17 20 16 19 19 19 19
13 12 15 14 15 14 13 12 15 14 15 13 14 12 13 14 13 13 12 14 12 13 13 14 13 14 15 14 15 12 12 14
14 14 16 18 14 18 14 14 17 16 15 18 17 14 16 17 18 14 18 16 17 17 18 18 14 14 18 18 17 14 18 15
14 11 14 14 14 12 12 11 11 12 14 12 12 13 14 14 13 11 12 12 14 13 11 13 12 11 11 14 12 13 13 12
14 13 14 15 14 13 12 14 15 15 14 15 13 13 14 15 12 13 14 12 13 15 12 12 15 15 13 12 14 14 14 12
2 2 2 2 2 2 1 2 2 1 1 2 2 1 2 1 2 1 1 2 2 1 2 2 1 1 1 1 2 1 1 2
7 6 7 7 6 7 6 7 7 7 6 6 6 7 7 6 6 7 6 6 6 6 6 6 7 7 6 7 7 6 7 6
18 15 15 16 16 17 16 15 14 18 16 17 15 15 17 16 14 18 16 17 18 15 14 14 15 15 14 14 14 18 14 15
16 17 17 20 18 20 17 19 18 18 18 20 18 19 15 16 19 15 20 16 17 15 17 18 15 19 18 15 17 16 16 20
17 17 16 18 17 18 16 21 17 18 16 20 19 19 16 19 20 18 20 17 19 16 17 21 16 18 17 18 16 17 21 17
21 19 23 19 22 18 18 20 18 18 20 21 20 20 21 22 19 19 23 19 23 23 18 21 19 22 21 19 20 18 20 23
20 18 18 19 23 23 18 20 23 20 21 18 18 21 18 22 23 18 21 20 20 18 19 22 23 23 18 19 21 22 23 20
2 3 3 3 3 3 2 2 2 3 3 2 3 2 2 2 2 2 2 2 3 2 2 3 2 3 2 3 2 2 3 3
20 20 23 18 22 20 22 21 23 19 19 23 23 22 20 22 21 19 21 19 18 19 22 22 19 18 22 19 21 21 19 23
6 6 5 6 6 5 6 6 5 5 5 6 5 6 6 5 5 6 6 5 6 5 6 6 6 6 5 6 5 5 5 6
8 8 7 7 7 7 8 8 7 7 7 8 7 8 8 8 7 8 7 7 8 8 7 7 7 7 8 8 8 7 8 8
7 6 6 7 7 6 6 6 6 6 6 7 7 7 6 6 7 6 7 7 7 6 6 7 6 7 6 7 7 6 7 7
3 3 4 3 4 4 4 3 4 3 4 4 4 4 3 3 4 3 3 3 3 3 3 4 3 4 3 4 4 3 3 3
13 14 15 13 16 14 13 15 16 13 14 14 14 16 16 13 14 16 15 13 15 14 16 14 14 13 15 15 15 15 15 16
21 20 18 23 18 18 22 20 22 19 18 21 21 23 23 19 19 22 21 23 23 19 19 21 23 18 19 21 22 22 22 18
7 8 8 7 8 7 7 7 8 7 7 8 7 8 8 7 8 8 8 7 8 7 8 7 8 8 7 8 7 8 7 7
5 5 5 5 5 4 4 4 4 5 4 4 5 5 4 5 4 5 5 5 4 4 4 4 5 4 4 5 4 4 5 5
5 4 4 5 5 4 4 5 4 5 5 5 5 4 5 5 4 5 4 5 5 5 4 4 4 5 4 4 5 5 4 4
20 20 18 16 21 18 20 21 19 16 16 18 19 19 20 16 17 21 16 20 16 18 18 17 17 20 21 16 17 19 17 20
2 3 2 2 2 2 3 2 2 3 2 3 3 2 3 3 3 3 2 2 2 2 2 2 3 3 2 2 3 2 2 2
7 7 7 6 7 6 7 7 7 7 6 6 6 6 7 6 7 6 6 6 6 7 6 6 7 6 7 7 6 7 7 7
8 11 11 9 9 8 8 9 11 11 10 11 8 10 8 9 9 11 11 10 10 11 11 9 9 10 10 8 8 11 8 8
19 20 22 18 19 21 23 19 21 19 21 20 19 19 20 20 19 20 23 21 18 21 20 20 18 23 21 22 19 19 20 23
8 7 7 8 8 8 7 8 7 7 8 8 8 7 7 7 8 7 7 7 7 7 7 8 7 8 8 8 8 8 7 7
20 20 18 18 20 20 20 20 20 20 19 22 18 22 20 17 19 20 20 18 20 20 22 19 18 20 20 19 22 17 19 18
12 12 9 9 9 10 10 12 11 12 12 10 12 11 10 10 10 10 10 10 11 9 9 12 9 9 11 9 11 9 11 10
16 19 16 21 20 20 19 20 16 17 21 16 21 16 17 18 18 19 20 17 20 18 16 16 20 17 18 19 19 17 16 17
8 8 7 8 8 8 7 7 7 8 8 7 7 7 7 7 7 8 7 7 7 8 7 7 8 7 8 8 7 7 8 8
15 18 16 18 17 15 18 17 17 16 15 14 18 15 17 18 18 14 15 18 14 15 14 14 17 16 18 18 17 14 15 18
5 4 4 5 4 4 5 5 4 5 4 4 4 4 4 4 5 5 4 5 5 4 4 4 4 4 5 5 5 4 5 5
15 14 13 13 13 13 16 13 14 16 16 13 14 14 15 15 13 13 14 15 16 15 15 16 13 16 14 13 14 13 16 15
16 17 16 20 16 15 19 15 16 16 16 17 18 15 18 17 18 19 19 17 19 19 19 18 15 15 15 17 17 17 19 20
3 3 3 4 4 3 3 3 3 4 3 4 3 3 4 4 4 4 4 4 3 3 3 4 3 3 4 4 3 4 4 4
14 13 14 14 14 12 12 15 14 14 13 13 15 12 13 15 12 13 12 13 14 12 13 15 12 14 12 13 13 14 14 15
13 13 13 12 11 11 13 11 13 13 12 12 10 13 13 10 10 12 11 11 11 10 11 10 11 10 12 11 13 10 12 11
7 7 8 7 8 7 7 8 7 7 8 7 8 8 7 8 8 7 7 7 8 7 7 7 8 8 8 8 8 8 7 8
7 6 7 7 7 6 7 6 7 6 6 7 6 6 7 6 6 6 7 6 7 7 7 6 7 7 7 6 6 6 6 6
9 11 10 11 8 8 8 11 9 9 10 11 10 8 8 9 9 10 9 9 10 11 8 10 10 10 11 11 11 11 9 11
9 8 8 7 8 7 8 9 8 8 7 9 9 9 8 8 9 8 9 7 9 7 9 8 9 8 7 7 8 7 8 8
17 20 21 22 21 17 17 19 20 18 21 20 22 19 21 18 20 19 17 17 19 19 20 21 21 22 17 21 20 20 20 17
22 18 19 19 17 22 22 19 22 22 21 19 17 18 19 17 21 21 18 18 18 21 19 17 18 20 19 19 17 20 17 19
4 3 4 4 4 3 4 3 3 3 3 3 4 3 4 3 4 4 3 3 3 3 4 3 4 4 3 4 4 3 4 3
15 18 18 18 16 15 17 15 15 14 16 18 15 17 17 16 15 16 18 18 14 15 17 15 17 14 16 18 17 14 16 17
4 4 5 5 5 5 4 5 4 4 4 5 5 4 5 5 4 5 5 4 5 5 5 5 4 4 4 4 4 4 4 4
5 6 5 6 6 6 5 5 5 6 6 5 6 5 6 6 6 6 5 6 6 5 5 5 6 6 5 6 5 5 5 6
12 14 13 14 13 14 11 13 14 13 11 13 11 12 13 12 12 13 13 14 13 11 14 13 12 11 14 11 14 13 14 14
10 10 11 11 10 12 12 13 13 12 10 12 12 13 13 11 11 12 12 13 11 13 13 10 12 13 12 13 10 11 12 11
7 8 7 7 8 8 7 7 7 7 7 7 8 7 7 8 8 7 8 7 8 8 7 8 7 7 8 7 7 8 8 8
22 21 18 21 17 20 18 17 17 22 17 21 21 19 21 20 19 20 22 19 18 17 21 19 19 17 17 20 20 17 19 19
11 10 11 13 11 10 12 11 11 12 12 13 10 10 12 11 11 12 13 11 12 10 11 13 11 12 13 10 11 11 10 13
4 3 4 3 4 3 4 3 3 3 3 3 3 3 3 3 4 3 4 4 4 4 4 3 3 4 4 4 4 3 4 4
16 14 18 17 16 18 15 15 18 17 18 16 17 16 16 14 17 14 17 18 16 17 18 15 14 14 14 14 18 16 14 16
20 21 22 17 20 22 17 19 20 20 17 21 22 20 19 21 17 18 22 18 22 18 18 19 21 22 20 22 21 20 19 20
14 15 12 13 12 13 15 12 15 15 15 13 15 14 15 13 12 15 12 14 12 14 14 14 12 15 15 13 12 14 14 12
14 12 14 14 13 14 12 12 14 11 13 14 11 14 13 12 12 11 14 11 11 11 14 11 14 14 12 13 12 11 13 13
17 15 14 17 14 17 16 14 17 14 17 17 14 16 15 14 15 14 17 14 17 17 14 16 17 15 16 16 14 16 17 14
17 15 14 14 17 17 18 17 15 16 15 15 18 17 18 17 17 18 16 14 15 14 14 16 18 18 16 15 16 14 14 14
21 19 20 22 22 23 23 18 23 20 20 18 21 20 20 18 18 22 20 18 18 20 22 23 23 21 22 22 18 20 18 19
3 2 3 2 2 3 3 2 3 3 2 2 2 2 3 3 2 2 3 3 2 3 3 3 2 3 3 3 2 2 2 2
1 2 1 2 2 2 2 2 1 2 2 2 1 1 1 1 2 2 2 2 1 1 1 2 2 1 2 2 1 2 2 1
13 14 14 14 11 11 14 13 14 13 12 13 11 14 14 12 11 12 12 13 11 14 14 13 12 14 14 11 14 11 12 11
7 7 7 7 6 7 6 6 6 6 6 6 6 7 7 6 6 6 6 7 6 7 7 7 7 7 6 6 7 7 6 7
15 14 15 14 12 15 14 14 14 15 12 13 12 15 13 14 13 15 15 15 14 14 14 12 13 15 15 14 13 15 15 13
9 7 9 8 8 7 9 7 7 7 9 9 9 8 9 9 8 8 8 8 7 9 7 7 7 7 7 9 8 8 9 7
7 7 8 8 8 8 7 7 8 7 8 8 8 7 7 8 8 8 8 8 8 8 7 8 8 7 7 7 7 7 7 8
15 13 13 12 15 14 15 15 13 15 12 14 12 14 13 14 14 15 12 13 14 15 15 12 15 12 12 13 14 12 12 14
22 20 23 23 23 19 21 23 18 19 20 19 20 21 19 22 20 18 21 19 23 19 22 21 21 20 21 23 23 20 22 23
5 5 6 6 5 6 5 5 6 5 5 6 6 6 5 5 5 6 6 5 5 6 5 6 6 6 6 5 5 6 5 6
19 21 21 17 17 17 16 16 18 18 16 16 19 21 19 19 20 21 21 21 18 19 19 21 21 19 17 18 16 21 17 19
14 14 13 14 15 14 16 13 14 14 13 16 16 13 15 16 14 14 16 13 15 13 16 16 15 16 15 16 15 13 16 14
12 13 14 14 14 11 12 12 13 12 13 11 11 12 14 12 11 13 11 12 14 13 12 11 11 11 11 11 13 14 13 11
19 20 18 16 19 20 20 17 21 21 17 16 17 21 17 16 19 20 18 18 21 17 16 16 20 20 21 19 20 21 17 20
4 4 3 3 4 4 3 4 4 3 4 3 3 4 4 4 3 4 4 4 4 3 3 4 3 4 3 4 3 3 3 4
5 5 4 5 5 4 4 5 5 4 4 5 5 4 5 5 5 4 4 5 5 4 5 4 4 4 5 4 5 5 5 4
13 15 14 15 14 13 14 14 16 16 14 14 16 15 14 15 14 13 15 13 15 13 14 14 16 15 15 16 16 15 16 14
13 11 13 13 12 10 11 13 11 13 10 10 12 10 10 13 10 10 11 10 11 13 11 10 11 10 13 10 13 12 12 11
18 16 15 16 18 15 16 16 17 16 16 15 17 15 15 14 18 14 15 14 18 14 14 15 18 17 15 17 18 18 18 14
10 10 11 11 9 8 9 11 8 9 8 10 10 9 9 8 9 10 8 10 8 8 11 11 8 10 11 11 8 8 10 10
3 3 3 3 3 2 3 2 2 3 3 3 3 2 2 2 2 3 2 2 3 2 3 2 3 3 3 2 3 3 2 2
6 7 7 7 7 6 6 6 6 7 7 6 6 7 6 6 7 7 6 7 7 7 6 7 7 7 7 7 7 7 6 6
8 8 10 9 10 8 11 8 10 10 10 9 10 9 11 8 10 11 11 9 11 9 10 8 11 11 9 9 8 9 10 8
2 2 3 3 3 2 3 2 2 2 3 3 3 3 2 3 2 3 2 3 3 3 3 3 3 2 3 2 2 2 3 2
17 21 19 18 19 17 17 18 22 17 20 19 19 22 20 20 18 21 21 20 19 17 22 21 19 18 21 19 22 18 18 19
22 21 17 19 21 17 18 20 22 18 17 20 21 20 19 18 20 18 17 17 22 20 19 19 22 22 22 19 22 21 20 18
14 16 13 15 13 14 16 16 15 15 13 16 14 13 15 16 15 16 13 14 16 15 15 16 16 16 13 14 13 13 16 13
10 8 11 11 8 9 9 9 11 10 10 10 11 8 8 10 10 8 9 10 9 10 11 9 8 9 9 8 11 8 8 8
20 15 19 16 17 17 18 19 19 16 18 19 16 19 19 18 15 20 18 16 15 20 17 20 19 17 18 18 15 20 17 15
8 7 7 7 7 7 8 8 8 8 8 7 7 8 7 8 8 8 7 8 7 8 7 8 7 8 8 7 7 8 7 8
7 6 6 6 6 7 6 7 7 6 7 7 7 6 6 7 6 6 7 6 7 6 6 7 7 6 7 6 6 7 6 6
18 22 18 18 17 17 17 18 20 17 17 21 20 19 20 22 22 18 19 17 18 21 19 18 17 20 20 21 18 17 17 17
7 8 7 8 7 7 8 7 7 8 8 7 7 8 8 7 7 8 7 7 8 8 8 8 8 8 7 7 7 7 8 7
8 7 8 8 9 8 8 9 9 8 7 9 9 7 7 7 8 8 7 7 9 7 8 7 9 7 7 8 7 7 8 7
10 12 10 12 12 10 9 11 11 10 9 10 9 12 10 9 12 9 12 11 12 12 12 12 12 11 12 10 9 12 10 12
16 15 15 15 15 20 15 19 19 15 19 20 16 19 17 16 20 18 20 20 18 20 16 15 15 15 19 15 20 16 20 17
8 9 9 9 8 9 8 8 8 9 7 7 9 7 7 7 9 7 7 9 9 7 8 8 9 8 9 7 8 8 9 7
22 18 18 20 20 21 19 19 20 18 21 21 20 17 19 22 20 20 21 20 21 19 21 20 17 19 18 21 21 18 19 18
13 12 11 12 13 12 14 14 11 11 14 11 11 14 13 12 14 12 13 13 14 13 11 12 12 13 11 13 13 13 14 14
20 18 19 19 18 21 18 22 20 20 20 18 20 22 18 21 19 22 21 17 18 18 22 21 20 22 17 17 22 21 22 17
3 2 2 3 2 3 2 2 3 3 2 2 3 3 2 3 2 3 2 2 2 2 2 3 2 3 3 3 3 2 2 3
22 18 19 21 18 17 18 22 21 19 22 22 20 22 22 21 20 20 19 21 20 17 19 21 17 19 21 20 18 19 19 22
16 18 19 18 21 20 16 21 21 18 17 19 20 16 16 21 20 21 16 17 17 21 21 20 20 20 20 19 18 20 19 17
15 16 16 18 18 14 14 18 14 15 18 15 15 18 16 15 16 17 14 14 16 18 16 17 16 17 17 16 15 15 15 15
12 12 12 14 11 13 11 14 12 12 14 14 13 11 13 13 13 13 14 14 11 11 14 12 11 12 12 13 12 12 12 13
7 8 7 7 7 8 8 7 7 7 8 8 8 7 8 8 8 8 7 7 7 7 8 7 7 8 7 8 7 7 7 8
9 11 9 9 11 12 10 12 12 11 9 9 12 12 12 9 11 12 10 11 9 12 11 10 10 9 12 12 9 12 12 12
12 10 9 10 9 12 10 10 9 12 11 12 11 9 9 10 10 10 9 9 10 11 10 10 9 9 10 11 10 9 9 12
2 2 2 1 2 2 1 1 2 1 2 1 1 1 2 1 1 1 2 1 2 2 1 1 2 1 2 1 2 1 2 2
12 14 13 11 14 14 14 12 12 14 12 12 11 14 11 11 12 13 14 11 14 12 14 11 14 11 14 12 12 12 12 13
5 6 6 6 6 6 6 6 6 6 6 5 6 6 6 6 6 6 6 6 6 6 6 5 5 5 6 6 6 6 6 6
6 6 6 6 7 7 6 6 6 7 6 7 6 6 7 7 6 6 7 6 7 6 7 7 6 7 7 6 7 6 6 7
16 18 19 19 18 17 20 18 16 15 20 20 17 15 19 15 18 18 20 17 19 16 15 19 17 19 15 15 16 15 16 15
17 16 20 21 21 17 21 18 18 17 18 21 19 19 18 19 20 17 21 17 19 19 17 16 17 21 20 19 21 19 21 19
8 8 7 7 8 8 8 8 7 8 8 7 8 8 8 7 7 8 8 8 7 7 8 7 7 7 8 8 8 7 8 8
13 12 11 10 10 12 11 12 12 12 10 11 12 10 10 11 11 10 10 12 11 11 12 13 13 10 11 11 12 10 13 13
18 16 16 14 16 17 18 16 18 18 15 17 18 18 14 17 15 18 16 15 15 16 15 17 15 17 17 18 16 18 16 16
17 14 16 18 17 16 18 17 16 17 17 18 17 17 17 16 18 15 16 17 14 15 15 14 14 15 14 16 18 17 15 18
14 16 14 16 15 14 15 18 14 15 15 18 17 18 17 16 18 15 14 17 15 18 17 18 18 14 14 16 15 15 17 16
5 6 6 6 5 5 5 5 6 5 6 5 5 5 6 6 5 5 5 5 6 5 6 6 5 5 6 6 5 6 6 6
1 1 1 2 1 2 1 2 2 2 2 2 2 1 1 2 1 1 2 2 2 2 1 2 2 1 1 2 2 2 1 2
15 20 20 15 18 17 17 16 19 19 18 17 15 20 15 20 16 16 17 18 15 19 20 19 15 20 17 17 19 20 19 20
20 20 19 22 18 21 17 18 22 21 18 17 18 18 20 20 21 22 19 18 21 20 19 20 18 18 17 20 22 19 21 17
9 8 10 9 10 9 9 10 9 10 9 8 9 11 9 9 10 8 9 8 10 9 11 11 11 10 10 11 10 11 10 9
9 9 7 9 7 7 9 7 8 9 8 8 8 9 9 9 8 9 8 8 8 7 8 9 7 7 9 8 8 9 8 8
14 14 15 13 14 15 15 12 12 12 15 15 12 15 13 14 12 15 15 13 13 13 15 12 12 15 15 14 12 14 12 14
4 3 3 3 3 4 4 4 3 4 3 4 4 3 4 4 3 3 3 4 3 4 4 4 4 3 3 4 3 4 3 3
7 7 7 6 7 6 7 6 7 6 7 6 7 6 7 7 6 6 7 6 7 7 6 6 6 7 7 7 6 7 7 6
8 7 9 8 7 9 8 9 7 7 9 9 7 9 7 8 9 9 8 7 7 7 7 9 8 9 9 9 8 7 7 9
10 10 11 8 11 8 10 11 9 8 9 8 9 10 11 9 8 10 10 9 11 8 10 11 11 11 8 11 11 11 11 8
17 14 17 16 16 15 14 15 15 16 14 18 16 17 17 15 16 15 17 18 17 15 14 14 15 16 14 14 18 14 17 14
16 16 15 16 17 15 14 14 14 15 17 16 15 17 17 14 17 16 17 15 17 17 17 15 14 15 17 16 14 15 17 17
2 3 2 3 2 3 2 3 2 3 3 2 2 2 2 3 3 3 2 3 3 2 2 2 3 2 2 2 3 2 3 3
18 20 19 19 19 16 19 16 16 17 17 16 19 17 18 19 19 20 17 20 20 17 16 19 21 17 16 18 18 18 16 18
11 10 12 11 10 12 10 10 13 11 10 10 10 11 10 10 12 13 11 10 13 10 12 11 10 11 10 11 13 13 13 10
9 8 8 10 8 11 10 11 11 9 10 9 10 8 9 10 11 8 10 8 8 10 10 9 10 11 11 11 10 10 9 8
6 6 6 6 6 6 6 5 6 5 5 5 6 5 6 5 6 6 5 5 6 5 5 6 6 6 6 5 5 5 5 6
12 9 9 9 10 11 11 10 11 11 12 9 10 11 12 10 10 11 10 11 11 10 10 11 11 11 10 10 9 11 9 12
19 16 20 20 20 19 18 21 21 16 18 18 18 16 21 17 19 18 19 21 20 17 18 21 20 18 18 20 18 20 19 17
3 3 3 3 3 2 2 2 2 2 3 2 2 3 2 3 3 2 2 3 3 2 3 2 3 3 2 2 2 2 2 2
16 17 15 16 16 15 15 17 17 15 15 15 16 17 16 17 17 15 15 15 16 14 14 15 15 16 15 16 14 14 16 16
5 4 5 4 4 4 4 4 5 5 4 4 5 5 5 5 5 5 5 4 4 4 4 4 5 5 4 4 4 5 5 4
11 10 13 11 12 10 11 13 12 11 10 11 11 10 12 11 13 12 13 11 10 10 10 13 13 12 10 12 10 10 12 11
8 7 7 9 7 9 7 9 7 7 9 9 8 7 7 7 8 9 9 7 8 8 9 8 8 8 7 7 9 8 7 8
7 7 6 6 7 6 7 7 7 7 6 7 7 7 7 7 7 6 6 7 6 6 7 6 7 7 6 7 6 7 7 6
12 14 13 14 15 14 15 12 13 13 15 15 12 13 12 15 15 13 13 12 12 13 12 15 12 13 12 15 13 14 13 13
6 5 6 6 5 5 6 5 6 6 5 5 6 5 5 6 5 6 6 6 5 5 6 6 6 5 6 6 5 5 6 6
7 7 6 6 6 7 6 6 6 6 7 7 7 7 6 7 6 6 6 7 6 6 6 6 7 6 7 7 7 6 6 7
11 13 12 10 11 13 10 11 10 13 13 12 12 12 11 13 13 13 10 11 10 11 12 10 13 11 11 12 10 13 11 10
5 6 6 6 6 5 6 6 5 6 5 6 5 6 6 6 6 6 5 5 6 5 5 6 6 5 6 5 6 6 6 6
15 14 14 14 16 14 14 14 14 15 16 17 18 18 18 14 17 15 15 14 18 18 14 18 15 16 17 14 16 15 17 16
15 14 17 14 17 17 15 14 14 17 15 14 17 16 15 14 16 16 16 17 15 16 15 17 16 17 17 17 17 14 15 15
16 15 17 17 15 14 16 18 17 15 15 18 18 15 16 16 15 17 18 14 16 16 14 17 15 14 15 15 15 18 15 16
7 6 7 6 6 7 7 7 6 7 6 7 6 7 7 7 6 7 7 6 7 7 7 6 6 6 7 7 6 6 6 7
20 17 18 20 21 20 16 17 21 16 16 20 17 19 18 20 17 18 16 21 21 17 20 20 17 18 17 16 18 21 19 17
18 21 20 18 20 21 22 22 23 21 19 22 23 22 18 21 18 19 18 19 21 21 18 18 19 23 20 18 21 22 19 20
2 1 1 1 2 2 1 2 2 2 1 1 1 1 2 1 2 1 2 1 1 2 1 2 1 2 1 1 2 2 1 2
16 16 14 17 14 17 15 14 16 17 17 14 17 14 16 14 15 16 16 14 14 15 16 17 16 17 15 14 15 15 17 16
19 17 20 19 20 20 15 20 17 18 17 15 20 17 15 19 19 18 15 19 20 15 18 20 15 20 17 18 15 18 17 16
6 6 5 6 6 6 5 6 6 5 6 5 5 5 6 6 6 6 5 5 5 6 6 6 6 5 5 5 6 6 6 5
16 19 17 17 20 18 19 19 20 20 18 16 17 15 19 19 20 17 18 15 17 16 17 19 15 16 15 16 16 20 17 19
12 13 12 12 14 14 12 12 14 13 13 15 13 15 14 13 13 15 12 14 14 12 14 14 15 13 15 14 13 15 12 13
18 20 20 19 21 19 19 23 23 19 23 19 23 21 23 18 18 18 19 18 22 20 19 18 19 19 23 18 20 21 21 19
12 13 12 14 12 14 14 12 15 15 14 12 12 13 14 15 15 15 15 13 14 12 15 14 13 12 12 14 12 12 15 15
19 21 20 16 21 20 20 16 18 21 20 18 16 20 21 20 21 18 21 17 16 17 17 20 20 16 21 20 18 21 17 20
4 3 3 3 3 4 3 3 4 3 3 3 4 4 4 3 4 3 3 4 4 4 3 4 4 4 4 4 4 4 4 4
2 3 2 2 2 2 2 2 3 2 3 2 2 3 2 3 3 2 2 3 2 2 3 2 3 3 2 3 2 2 3 3
12 13 10 10 10 10 11 11 12 12 13 12 11 12 11 12 11 10 13 12 13 13 11 13 11 11 12 13 12 11 13 11
17 14 14 14 15 14 17 14 15 15 17 14 17 14 17 15 16 16 15 16 15 17 14 16 17 14 14 16 15 15 16 17
10 12 11 9 11 9 12 11 11 10 9 11 10 9 11 11 10 9 12 12 9 10 9 11 9 10 11 9 11 10 10 9
18 19 20 21 21 19 18 21 18 17 21 16 21 17 21 17 17 16 19 16 21 20 16 19 17 21 19 20 21 18 17 20
3 3 3 4 3 3 3 3 3 3 4 4 3 4 4 3 4 4 4 3 4 3 3 4 3 4 3 4 4 4 4 3
20 19 21 17 16 17 19 20 19 21 20 20 20 17 19 18 20 16 20 19 20 21 20 17 21 16 16 20 21 20 19 19
11 13 11 13 12 11 11 13 13 12 13 13 14 14 11 12 14 11 12 11 11 12 14 13 14 12 12 12 13 14 13 13
9 7 7 9 7 7 8 9 8 8 7 9 9 8 7 8 7 8 7 9 7 8 9 9 7 8 7 8 7 9 7 7
12 9 11 10 12 11 11 10 9 9 9 11 12 10 9 12 11 12 9 10 11 11 10 12 10 9 10 11 10 11 10 9
7 7 6 7 7 6 7 7 6 6 6 6 6 6 6 6 7 6 6 6 6 7 6 6 6 7 7 7 7 6 6 7
8 9 9 11 9 8 11 10 9 9 10 11 8 10 10 9 8 9 10 11 10 8 9 10 8 8 11 9 10 11 10 8
17 14 17 15 16 14 16 16 15 14 14 15 16 14 15 14 16 16 17 14 17 14 17 14 15 17 15 15 14 15 15 14
8 7 7 7 7 8 7 8 7 8 7 7 8 7 8 7 7 7 7 7 7 8 8 7 8 7 7 7 8 7 7 7
7 8 7 7 8 7 7 8 8 7 8 7 7 7 8 7 8 7 7 8 7 8 8 8 8 8 8 7 8 7 8 8
17 17 17 16 16 18 20 19 18 18 19 15 18 20 18 16 19 16 18 16 20 20 20 15 16 15 19 18 15 20 15 17
13 16 13 14 16 15 15 16 14 16 13 14 15 15 13 16 15 15 13 16 16 15 13 15 13 15 13 15 15 14 16 13
18 20 18 16 18 19 18 15 16 20 16 17 18 16 20 17 17 15 18 16 18 18 16 16 17 19 18 17 16 17 20 17
8 8 9 8 8 8 9 8 8 9 8 11 9 11 9 8 11 11 11 9 9 10 10 11 9 11 8 9 11 10 9 9
9 10 11 8 8 9 11 10 10 11 8 9 8 9 9 11 8 10 11 10 10 10 11 8 11 9 10 11 11 8 10 8
20 18 22 23 18 22 20 23 21 18 21 20 22 20 19 23 22 21 23 21 23 23 18 20 19 21 22 18 19 20 23 20
8 7 9 9 8 9 9 8 8 9 7 8 9 8 8 7 8 9 7 9 7 7 8 8 7 9 7 9 8 8 9 7
5 6 6 6 6 6 5 5 6 5 6 6 5 5 6 6 5 6 6 5 6 5 6 6 5 5 6 5 6 5 6 6
9 8 9 9 8 8 8 10 11 8 10 8 8 9 8 11 10 8 10 10 9 8 9 10 9 9 8 9 8 10 10 8
19 19 18 20 20 22 20 20 22 18 22 23 19 22 18 20 18 22 22 22 23 21 22 19 18 22 21 22 22 21 22 21
19 17 15 18 20 18 16 20 17 18 17 20 15 19 18 19 20 19 18 18 19 17 18 17 15 16 15 20 16 18 16 15
10 9 10 12 11 11 10 11 11 10 12 10 9 10 9 11 10 10 9 11 12 12 9 9 12 12 9 12 11 9 11 10
1 1 1 1 1 1 1 2 1 2 1 2 2 2 1 2 2 2 2 2 1 2 1 1 2 2 1 2 1 1 2 2
2 1 2 1 2 2 1 2 1 1 1 1 2 2 1 1 2 1 1 2 1 2 1 2 1 1 2 1 1 2 2 1
7 7 6 7 7 7 6 7 7 6 6 7 6 7 6 6 6 7 6 6 6 7 6 7 6 6 7 7 6 7 7 7
2 2 1 1 1 2 2 2 1 1 1 1 1 1 1 1 1 2 1 1 1 2 2 2 2 1 2 2 1 1 2 1
10 11 10 11 8 10 11 8 9 9 9 9 8 8 8 9 9 10 11 8 11 11 8 11 10 9 11 8 10 9 8 10
15 16 13 16 14 16 15 14 15 16 13 14 13 14 13 13 14 14 13 15 15 15 15 14 15 13 14 15 14 13 13 14
4 4 5 4 4 5 5 4 5 5 5 5 4 4 5 5 5 4 4 5 4 4 5 4 4 4 5 4 5 5 5 4
17 17 14 16 14 17 17 17 17 16 15 14 16 17 14 15 15 17 14 15 17 14 16 17 14 17 16 14 16 17 15 16
6 7 7 7 6 6 6 6 6 7 6 7 7 7 7 6 7 7 6 7 6 6 7 7 7 6 7 6 6 6 7 7
2 1 2 1 1 1 2 2 2 1 1 2 2 2 1 1 2 1 1 2 1 1 2 2 2 2 2 1 1 1 1 2
7 6 7 6 6 7 7 7 7 7 7 7 6 7 6 6 6 7 6 6 6 7 7 6 7 6 7 7 6 6 7 7
15 14 13 16 15 14 13 13 13 15 16 16 15 15 16 16 16 14 14 14 13 15 14 13 14 13 16 13 16 16 14 15
5 5 4 5 5 5 5 5 5 5 5 4 5 4 5 4 4 5 5 4 4 4 5 4 4 5 5 5 4 4 4 5
10 9 8 8 8 9 9 10 8 9 11 9 8 8 8 8 11 8 9 10 9 8 11 9 11 8 8 8 11 8 10 9
20 18 17 15 19 16 19 18 19 20 17 15 20 16 19 20 19 15 20 20 18 17 20 15 19 16 20 18 19 17 15 16
12 15 13 15 12 14 14 15 14 13 15 15 14 13 15 13 15 14 12 15 12 13 12 14 12 14 15 12 13 14 14 12
3 4 3 4 3 3 3 4 3 4 4 4 3 4 3 3 4 3 4 4 3 3 4 3 4 4 3 4 3 4 4 3
8 8 8 10 11 9 11 9 10 8 8 11 8 11 8 8 8 9 9 10 10 11 8 9 10 10 10 11 10 11 9 10
19 17 20 17 22 22 21 18 21 22 22 21 19 20 20 21 17 18 18 18 22 19 20 21 19 17 20 19 18 19 20 21
20 19 18 18 20 19 19 19 19 21 22 17 17 17 17 22 18 17 21 22 21 20 21 19 20 19 18 19 18 18 22 17
8 10 10 10 10 9 8 8 10 8 11 10 9 9 11 8 11 10 9 10 10 8 10 11 9 10 11 8 10 10 9 9
19 20 21 19 18 21 20 22 22 21 19 23 23 22 18 20 23 23 21 23 19 19 22 20 18 23 18 21 19 18 18 21
11 12 11 11 12 9 9 10 11 12 12 11 11 11 9 12 9 11 12 11 9 12 11 12 10 12 10 9 10 11 9 11
6 6 6 6 6 5 5 6 6 5 6 5 6 6 5 5 5 6 5 6 6 5 5 6 5 6 5 5 6 5 5 5
16 17 17 16 20 17 17 17 16 20 20 16 19 17 16 18 17 21 19 19 20 17 19 16 19 19 16 20 20 17 18 16
19 18 17 20 22 18 19 19 22 22 22 21 22 18 19 21 21 22 20 19 21 18 19 20 17 19 21 18 17 19 17 22
8 7 8 8 7 9 7 9 9 8 9 7 9 9 9 9 8 8 9 9 8 7 9 7 8 8 9 8 7 9 7 7
2 2 2 1 1 2 1 1 2 1 2 2 1 1 1 1 2 2 2 1 2 2 1 2 1 2 1 1 2 2 2 2
19 16 16 17 20 17 16 18 16 19 16 20 18 19 17 20 18 19 20 19 19 17 16 15 17 19 17 16 19 16 18 20
2 2 2 3 3 2 3 2 3 3 3 3 3 3 3 3 2 2 2 3 3 3 2 2 3 2 2 3 2 3 2 3
14 16 15 15 17 17 15 15 16 14 15 15 16 16 17 15 17 15 15 17 15 14 14 14 15 16 14 15 16 15 17 16
15 15 16 13 15 14 15 14 15 13 16 13 13 13 16 13 14 16 14 15 13 15 15 14 13 13 15 16 15 13 13 14
16 15 15 18 18 14 14 18 18 16 18 16 18 15 18 18 16 18 14 17 18 18 14 15 17 17 17 18 16 14 18 18
1 2 1 1 1 1 1 1 2 2 2 2 1 2 2 2 2 1 2 2 1 1 2 2 1 2 2 2 1 2 1 1
20 21 17 16 17 19 19 16 17 17 21 17 20 16 16 16 20 21 16 18 18 21 18 20 16 16 20 21 18 21 16 17
16 14 14 16 16 16 15 17 16 15 17 14 14 16 15 14 16 17 17 17 15 15 15 15 17 17 14 15 16 14 17 17
13 13 13 13 13 12 15 13 13 15 14 15 12 14 15 14 13 13 15 14 14 13 14 13 15 15 14 14 14 13 12 13
9 8 8 8 8 8 9 8 8 9 8 8 8 7 9 7 9 7 8 7 9 8 9 9 8 8 7 9 7 8 7 9
20 19 17 19 18 21 21 17 21 21 21 19 17 19 18 21 22 17 22 22 19 19 18 21 21 19 21 19 20 19 20 18
4 3 4 3 3 3 3 4 4 3 3 3 3 4 4 3 3 4 4 3 3 4 3 4 4 4 3 3 3 3 3 3
2 2 2 1 2 1 1 2 2 2 2 1 1 1 2 2 2 2 1 1 2 1 2 2 1 1 2 2 2 2 2 2
14 15 15 16 17 15 15 14 15 14 17 15 15 15 14 15 15 14 16 14 15 14 14 17 16 14 16 17 15 16 15 16
5 5 5 4 5 4 5 5 4 5 5 4 4 5 4 4 4 5 5 5 5 4 4 4 5 5 4 5 5 5 5 5
12 12 12 11 10 11 10 12 11 11 11 10 12 11 9 10 11 10 12 11 10 10 10 12 10 11 9 12 10 12 11 12
7 6 7 6 6 7 6 6 7 7 6 6 6 6 6 6 7 6 7 6 7 6 7 6 7 7 7 7 7 6 6 7
3 2 2 2 2 2 2 2 3 3 2 3 2 2 3 3 2 3 2 3 2 2 3 2 2 2 2 2 2 2 2 2
6 5 5 5 6 6 5 6 5 5 6 5 6 6 6 5 5 6 5 6 5 6 6 6 5 6 5 6 5 5 6 6
9 11 9 10 11 11 10 9 8 11 11 10 10 10 11 11 9 11 9 11 10 11 8 11 11 9 8 10 10 8 11 8
5 5 5 4 5 5 4 5 5 4 4 4 4 4 4 4 5 5 5 5 4 5 4 5 5 5 5 4 4 5 5 4
10 10 11 10 11 11 12 11 10 10 9 9 10 12 11 11 12 12 10 11 10 12 11 11 9 11 9 11 12 11 10 11
8 8 8 8 8 8 7 7 8 8 7 8 7 7 8 8 7 7 8 7 8 7 7 7 8 8 8 8 8 8 8 8
6 6 7 6 6 6 7 6 7 6 7 6 6 7 6 6 7 7 7 6 7 6 7 6 6 6 6 6 7 6 7 6
23 20 20 22 18 19 22 18 18 20 23 23 18 20 21 21 23 20 20 20 21 22 21 20 18 22 23 18 23 21 19 23
20 20 18 15 17 19 17 15 20 17 16 16 15 20 18 19 15 15 18 16 18 16 20 20 16 18 18 18 16 20 17 20
4 4 4 3 3 4 4 4 4 3 3 4 3 4 4 3 4 4 3 4 3 3 4 3 3 4 4 3 3 4 4 4
18 16 18 14 16 15 17 17 16 18 18 15 14 16 16 16 15 14 17 14 17 15 18 14 14 18 14 15 16 15 18 18
8 7 7 8 7 8 8 7 8 7 7 7 7 8 7 7 7 7 8 7 7 7 7 7 8 7 8 7 8 7 8 8
15 14 16 17 16 16 16 14 15 14 14 16 17 16 14 14 14 17 17 16 17 16 16 15 16 16 17 17 14 17 16 14
10 10 10 10 11 13 13 10 10 11 11 12 13 11 11 13 10 10 12 10 11 12 12 11 13 13 12 11 11 12 11 10
13 13 14 15 14 15 13 14 12 13 12 12 14 14 13 13 13 12 15 14 12 14 14 15 13 12 12 14 12 12 14 15
16 17 18 16 14 17 17 15 16 14 15 15 18 14 16 18 15 18 15 14 16 14 15 14 14 16 14 16 18 16 17 16
4 5 5 4 5 4 4 5 4 4 4 4 5 4 4 5 5 5 5 5 4 4 4 4 5 4 4 5 5 5 5 4
17 18 19 17 17 17 18 17 17 17 16 19 20 18 19 16 19 16 18 17 20 20 17 16 16 20 20 18 19 17 21 17
2 2 3 2 3 3 3 3 2 2 2 2 2 3 2 3 2 2 2 2 3 2 2 3 2 3 2 3 3 2 3 2
16 13 13 13 16 13 15 16 16 16 16 16 14 14 15 13 14 16 13 16 14 13 14 15 15 14 13 16 16 16 15 13
15 14 16 14 16 13 14 13 14 13 16 13 15 15 14 16 13 13 16 13 14 13 13 15 16 16 16 15 14 14 14 16
7 6 6 6 6 7 6 7 7 7 7 6 6 6 6 7 6 6 7 7 7 7 7 7 6 6 7 6 6 6 6 7
6 7 6 7 6 6 7 7 6 7 7 6 7 6 7 7 7 7 6 6 7 7 6 6 7 6 7 6 6 6 7 7
15 15 14 13 14 15 13 15 12 12 13 15 14 13 13 15 14 12 15 12 12 13 14 12 12 12 14 13 15 12 12 13
17 15 15 16 17 16 17 15 18 17 16 19 15 19 19 18 16 20 17 16 16 16 15 19 17 20 15 19 15 18 19 20
5 4 4 4 4 5 5 5 4 4 5 5 5 4 4 4 5 4 4 5 4 4 5 4 4 4 5 5 5 4 5 4
5 5 5 6 6 5 5 5 6 5 5 6 5 5 5 5 6 6 5 6 5 5 5 5 6 6 5 5 6 5 5 5
4 4 3 3 4 3 4 4 3 3 4 3 4 4 4 4 3 3 3 3 4 4 3 3 3 3 4 4 3 3 4 3
9 10 12 12 12 10 9 12 11 12 12 10 9 12 11 9 12 11 9 9 10 10 11 10 10 11 11 9 11 12 9 10
13 16 13 14 15 16 14 13 16 14 13 13 16 13 16 16 16 16 13 16 15 16 13 14 14 15 16 15 16 13 13 13
21 17 17 21 20 17 17 17 20 21 21 21 19 17 17 17 21 20 21 17 18 17 17 22 21 18 22 19 19 17 18 22
6 7 6 7 6 6 6 7 6 6 7 6 6 6 6 6 6 7 6 7 7 7 7 7 7 6 7 6 6 6 6 7
16 15 18 18 17 19 16 16 20 17 20 17 15 16 16 16 15 17 20 16 18 18 19 15 18 19 18 15 20 18 17 17
2 1 2 1 1 1 2 2 1 1 2 1 1 1 2 1 2 2 2 1 2 2 1 2 1 2 2 2 2 1 2 1
11 11 9 11 10 11 8 10 11 9 8 8 8 9 11 9 9 11 9 9 10 10 9 10 8 11 9 10 11 9 8 10
12 12 12 12 10 13 12 13 12 11 13 11 11 11 12 10 10 13 10 12 10 12 11 12 10 10 13 10 10 10 12 13
16 15 15 16 14 13 13 13 14 16 16 14 14 15 15 16 16 14 13 14 15 16 13 13 16 13 15 13 15 14 14 16
7 8 9 8 8 9 8 7 9 8 8 8 7 7 9 9 8 9 8 8 9 9 7 8 8 9 8 7 9 7 8 9
14 13 15 15 15 13 14 15 13 12 13 13 13 13 13 14 14 13 14 13 12 14 12 14 14 12 13 13 14 12 15 13
8 8 8 7 7 8 7 7 7 8 7 7 7 8 8 7 8 8 8 7 7 7 8 7 8 7 7 8 7 7 8 8
18 16 17 16 20 15 18 15 18 18 20 19 19 15 17 16 15 19 19 16 15 19 18 18 16 17 18 15 20 18 16 15
13 11 11 12 14 14 12 13 11 11 11 12 14 12 13 13 13 11 14 13 11 13 13 11 12 13 14 14 14 14 12 14
1 2 1 1 1 1 1 1 1 1 2 2 2 1 2 2 2 1 2 1 1 2 2 1 1 1 1 2 1 1 2 1
14 14 12 14 15 14 13 13 15 12 12 14 15 12 12 14 14 15 15 15 12 14 13 13 13 14 15 15 12 12 15 13
1 2 2 2 2 2 1 2 1 2 2 2 1 2 2 2 2 1 1 1 2 2 1 2 1 1 2 2 1 1 1 2
14 13 11 13 12 11 14 14 14 14 13 11 14 13 12 11 11 14 14 11 11 14 13 12 12 12 12 11 12 12 11 11
15 16 15 16 17 17 16 15 17 14 14 17 15 14 16 17 17 17 14 16 14 15 16 17 16 15 14 14 14 15 17 14
6 7 7 6 6 6 6 6 6 7 7 6 7 7 7 7 6 6 6 7 7 6 6 6 7 6 6 6 7 6 6 7
18 16 17 18 17 21 18 17 16 21 21 17 16 20 21 20 17 21 16 16 17 16 17 16 17 16 18 20 18 17 18 19
16 16 17 16 16 18 18 16 17 14 15 16 15 14 17 17 14 15 16 15 14 18 16 18 16 15 16 16 16 18 17 18
11 8 11 11 10 11 11 8 9 11 11 11 9 11 11 9 9 10 9 10 11 11 10 8 10 9 11 9 9 8 11 9
7 7 8 7 8 7 8 7 8 8 8 8 7 7 8 8 8 8 7 7 8 7 7 7 7 8 7 8 7 8 7 8
11 11 12 11 9 12 10 9 10 12 10 10 12 12 10 11 10 11 9 12 12 10 9 12 10 10 10 11 10 12 9 9
5 5 5 5 4 4 5 4 5 4 4 5 5 4 5 4 5 5 5 4 5 5 5 4 5 5 5 4 5 4 4 5
7 8 8 8 7 8 7 7 7 8 8 7 7 8 8 8 7 7 7 8 7 7 7 7 8 7 8 7 7 7 7 7
14 15 14 16 16 14 16 16 15 16 17 15 15 16 16 16 16 15 16 16 14 15 17 15 17 14 15 17 15 15 16 14
19 18 17 20 18 15 19 17 16 16 19 18 19 18 15 16 17 16 18 16 15 19 17 15 18 17 20 15 20 18 18 17
9 9 8 7 9 8 7 9 7 9 8 8 8 8 9 7 8 9 9 7 7 7 7 9 8 7 9 7 8 9 9 8
12 11 11 12 11 11 12 12 9 9 9 10 9 12 9 10 11 9 9 11 12 10 11 10 12 10 11 12 12 10 12 9
7 7 6 7 7 7 7 7 7 6 7 6 7 7 7 7 7 6 7 6 7 7 7 6 7 6 6 6 6 6 7 7
20 21 18 18 16 20 21 19 16 20 21 16 21 21 21 19 16 19 16 20 19 19 16 19 18 16 17 18 21 17 17 20
4 4 5 4 4 4 4 4 4 5 5 4 5 5 4 4 5 5 5 4 5 4 5 4 4 5 4 5 4 5 5 5
11 9 11 10 12 9 12 11 10 12 11 12 9 11 12 11 11 10 10 12 11 12 10 11 10 12 10 9 9 10 10 12
17 15 17 16 15 15 17 16 16 15 16 15 16 17 15 15 16 15 16 15 15 17 15 17 14 14 14 15 16 17 17 17
11 11 14 12 13 12 14 13 14 12 12 12 13 14 14 13 11 11 13 11 11 13 11 12 13 11 12 11 14 14 11 11
14 18 18 15 16 14 18 17 15 18 18 16 17 14 14 16 17 14 17 17 15 14 17 18 15 18 18 15 18 16 17 14
8 9 9 8 9 7 8 9 8 8 8 8 8 9 7 7 9 7 8 7 9 7 7 8 9 7 9 8 7 8 8 9
7 6 6 7 7 7 7 6 6 6 6 6 7 6 6 7 6 6 6 6 7 6 7 7 7 6 7 6 6 6 6 7
19 19 21 20 20 20 21 20 19 22 21 19 21 22 23 18 18 22 19 20 18 21 19 18 22 22 22 20 22 22 23 23
18 16 19 19 17 18 19 21 16 21 17 18 21 16 18 16 21 19 17 21 17 17 20 16 20 16 19 16 17 18 16 17
11 10 12 11 10 9 10 11 9 9 11 10 12 12 9 9 12 12 10 10 9 9 9 12 12 12 11 11 12 10 12 9
23 18 20 21 22 21 22 21 20 21 18 19 23 19 19 18 20 19 23 22 18 23 18 19 19 21 20 22 19 20 21 22
14 13 14 15 13 15 15 14 12 15 14 14 15 13 15 12 15 14 15 14 14 13 13 12 13 13 15 14 15 14 12 12
15 14 15 13 15 12 14 15 15 13 15 13 14 14 15 14 12 12 12 12 12 15 14 12 13 14 12 14 12 12 15 15
16 16 14 15 14 15 14 17 14 15 16 14 15 15 17 17 17 17 14 15 14 17 14 17 15 14 15 15 17 17 15 16
14 16 15 15 14 15 13 16 13 13 13 15 14 13 13 13 15 15 16 14 16 14 13 15 14 13 14 16 13 15 15 16
17 19 15 19 19 17 17 15 15 17 15 18 15 19 18 16 19 20 17 20 20 15 16 17 20 15 17 17 15 15 18 16
18 20 18 18 20 22 20 23 21 21 21 21 22 19 22 19 21 19 23 20 20 23 21 19 22 19 20 19 18 23 19 21
4 5 5 4 4 5 4 4 5 5 4 5 5 5 5 4 5 5 5 4 5 4 5 4 4 5 5 5 4 5 5 4
7 7 8 8 7 7 8 8 8 8 8 8 8 7 8 7 7 8 8 8 7 8 7 7 7 8 7 8 8 7 8 8
15 15 14 14 13 16 14 16 16 15 13 16 16 13 16 16 15 16 16 15 16 14 16 15 13 16 14 13 13 14 14 13
15 18 17 15 15 16 18 17 17 17 18 17 16 16 18 14 17 14 18 17 16 17 18 16 16 17 16 18 17 17 17 17
5 6 6 6 5 5 6 6 5 6 5 6 5 6 6 6 6 6 5 6 6 6 6 6 6 5 6 6 6 5 6 5
4 4 4 4 4 3 4 3 4 4 4 4 4 4 3 3 4 4 4 3 4 3 3 4 4 4 3 4 4 3 4 3
4 3 3 3 3 3 4 4 3 4 4 3 4 3 3 3 3 4 3 3 3 3 3 4 3 3 3 3 4 3 4 3
16 15 14 16 15 15 17 14 15 16 15 14 16 17 14 14 15 16 17 17 16 17 14 17 15 15 17 16 14 14 15 16
9 7 7 9 7 7 7 7 7 7 8 8 7 7 8 7 8 8 9 7 8 9 8 7 9 7 8 9 8 9 9 7
15 18 17 15 20 17 20 20 15 17 18 18 19 19 15 18 20 17 17 15 19 16 15 18 16 18 18 15 17 17 19 16
8 7 8 7 7 8 8 7 7 8 7 8 8 8 8 8 7 8 7 7 7 7 8 7 7 7 8 7 7 8 7 7
15 20 16 15 18 16 19 15 17 15 18 16 18 16 20 17 20 19 20 19 18 18 20 15 16 17 16 16 16 20 18 17
15 16 16 16 17 14 14 17 17 15 16 17 17 16 17 17 17 17 17 17 15 14 15 15 15 17 14 15 17 16 16 16
19 19 19 19 18 19 23 19 23 19 23 19 19 18 19 18 22 22 21 23 21 21 18 23 23 18 20 18 20 19 21 20
19 18 16 20 17 20 21 21 19 19 20 16 19 17 21 19 16 21 16 17 21 20 21 21 19 20 20 18 21 18 19 17
9 12 9 12 10 12 9 12 10 10 9 12 9 10 9 12 11 11 9 10 11 10 11 10 9 10 9 10 10 12 12 10
3 4 4 3 3 4 4 3 4 3 4 4 3 4 3 4 3 3 3 3 3 3 3 4 4 4 3 4 3 4 4 3
3 3 4 3 3 4 4 4 4 3 4 3 4 3 3 4 3 3 3 4 4 4 4 4 4 3 4 3 3 4 4 4
9 8 7 8 8 7 7 8 7 8 9 7 7 7 7 8 9 7 8 8 9 8 8 8 9 7 7 8 7 9 8 8
8 8 7 7 7 8 7 8 8 7 8 8 8 8 8 8 7 7 7 8 7 7 7 7 8 7 8 7 8 8 8 8
12 12 11 12 13 11 14 12 12 11 11 13 13 14 11 11 11 12 14 13 11 13 14 14 11 11 11 11 11 11 12 14
7 8 8 7 7 8 7 8 7 7 8 7 8 8 8 7 7 7 8 8 8 7 8 8 7 8 7 7 8 7 8 8
6 6 7 6 6 7 7 6 6 7 6 6 6 7 6 7 6 6 7 6 6 7 7 7 7 7 7 7 6 6 6 6
12 11 11 10 12 13 10 13 13 11 11 13 13 11 10 13 13 12 11 12 10 10 11 11 12 11 13 11 10 10 12 11
12 13 14 14 12 13 14 13 12 15 13 12 12 14 12 15 15 15 14 12 13 13 15 12 13 13 12 14 14 13 12 15
14 12 12 12 14 11 12 11 12 13 11 14 13 12 13 13 13 12 11 14 13 13 12 14 11 14 12 13 13 13 11 11
7 6 6 6 7 6 7 6 6 6 6 6 6 7 7 6 6 6 7 7 7 7 6 7 7 6 7 7 6 7 7 7
7 7 7 6 6 7 7 7 7 7 6 7 7 6 7 6 6 6 7 6 7 6 7 6 6 7 6 6 7 6 6 6
19 17 20 15 16 17 18 18 18 18 17 19 16 16 20 20 19 15 15 16 20 16 15 15 20 17 15 16 17 17 17 18
6 6 6 5 6 6 6 6 6 6 6 6 6 6 6 5 5 6 6 5 6 6 5 5 5 5 5 5 6 6 5 5
9 8 9 7 9 9 8 7 9 8 7 8 9 9 8 7 7 9 7 8 8 8 7 9 9 7 9 7 8 8 9 7
1 1 1 2 2 1 2 1 2 1 1 1 1 1 2 1 1 1 2 1 1 2 1 1 1 2 2 1 1 1 2 2
10 10 10 9 11 11 11 11 11 11 12 11 9 10 12 10 11 10 12 9 9 10 11 9 9 11 12 11 12 12 11 9
5 5 6 6 6 6 5 5 5 6 6 5 5 5 5 5 5 5 6 6 5 5 5 6 5 5 5 5 6 5 6 5
2 2 1 2 2 1 2 1 2 1 2 1 2 2 2 2 2 1 1 1 2 2 1 2 1 1 2 2 2 2 1 2
13 12 14 12 14 13 15 12 13 13 12 12 12 13 14 14 15 15 13 12 13 13 15 12 14 14 14 15 15 13 14 15
4 5 4 5 4 4 5 4 4 5 5 4 5 5 5 4 4 4 4 5 4 4 4 4 4 4 4 4 4 5 4 4
19 21 18 18 19 21 19 22 18 20 21 19 20 17 21 18 17 18 21 19 17 22 18 22 18 22 17 17 19 22 17 18
5 4 5 4 4 4 4 5 4 4 5 4 4 5 5 5 4 4 5 5 4 4 4 5 4 5 5 5 4 5 5 4
9 8 11 9 8 10 8 8 8 10 10 10 11 8 10 11 8 8 9 10 9 8 10 11 9 10 8 11 11 11 9 11
12 12 13 12 15 12 14 13 12 14 12 12 13 13 13 14 13 14 15 14 12 14 13 13 13 14 14 15 14 12 15 13
12 11 12 9 11 12 10 11 9 11 11 9 9 10 11 10 12 10 10 10 9 9 11 11 12 11 9 11 11 9 10 12
5 4 4 4 4 5 5 5 4 5 4 4 5 4 4 4 5 5 5 4 4 4 5 4 4 5 4 4 4 5 4 5
2 2 2 1 2 1 1 2 2 1 1 1 2 1 2 1 2 2 1 2 1 2 2 2 2 1 1 2 1 2 2 2
19 16 17 21 18 18 17 19 16 17 20 17 19 21 18 16 16 16 17 18 17 17 21 17 17 16 20 17 21 20 18 19
11 10 11 11 12 10 12 11 10 12 11 11 12 10 10 10 11 13 13 12 11 13 12 11 13 11 12 10 12 12 10 10
7 8 7 7 7 8 8 8 7 7 8 7 8 7 8 7 7 8 8 8 7 8 7 7 7 7 8 8 8 7 7 7
13 14 13 14 13 14 14 13 13 15 14 13 12 14 14 14 13 13 13 12 13 13 15 12 13 13 14 14 12 15 14 14
13 15 13 13 13 13 13 12 13 14 14 13 15 13 13 15 12 14 14 13 13 14 14 14 13 15 14 14 14 13 13 15
13 13 12 11 13 13 13 11 12 13 14 14 12 14 14 11 12 12 12 12 14 11 14 11 12 11 13 12 14 14 11 12
16 14 15 15 13 14 13 15 13 14 14 15 14 15 14 15 13 15 16 16 16 16 14 16 14 14 13 13 15 15 15 13
4 4 4 5 5 4 4 4 4 4 4 5 4 4 4 4 4 4 4 5 5 5 4 4 4 4 4 4 5 5 4 5
6 6 6 7 6 6 6 6 6 7 6 6 6 7 7 6 7 6 6 6 7 6 7 6 7 7 6 6 6 7 7 6
11 13 14 11 12 14 11 14 11 12 11 12 14 13 13 13 11 13 14 11 13 14 11 13 13 14 11 12 11 12 14 12
14 14 14 16 14 15 16 14 15 16 16 15 16 16 13 16 13 14 16 14 13 13 15 14 13 13 16 15 13 16 16 15
18 18 19 18 20 23 18 19 20 18 19 21 18 18 19 18 19 22 18 18 19 18 22 19 21 21 23 19 23 18 19 21
18 17 22 21 22 20 19 17 18 20 21 17 19 22 17 18 19 21 20 18 17 17 22 20 22 22 21 22 20 22 21 18
12 11 13 11 10 10 10 13 11 13 10 10 10 11 12 11 12 12 13 12 11 12 10 13 13 10 11 11 10 10 11 13
2 2 2 2 2 2 2 2 2 2 3 3 3 3 3 3 3 3 3 2 2 3 2 3 2 2 2 3 3 3 3 2
2 1 1 2 1 2 1 2 1 1 1 1 1 1 1 1 2 2 2 1 1 1 1 2 1 2 1 1 2 2 1 2
17 14 18 16 16 14 18 17 16 14 17 18 14 16 14 18 15 14 18 14 15 14 15 17 17 18 18 17 17 14 16 14
3 3 2 2 3 3 2 3 2 3 3 3 3 3 3 3 2 2 2 2 2 2 3 2 2 3 2 2 3 3 2 3
18 18 17 16 21 19 20 17 19 20 19 17 18 16 17 18 16 21 20 19 19 16 18 21 19 18 21 16 17 16 16 17
22 20 23 20 22 20 21 21 18 18 18 20 21 18 18 21 19 23 20 21 21 20 23 22 18 18 20 20 20 22 21 20
6 5 6 5 6 5 6 5 5 5 6 5 6 6 5 6 6 5 5 6 6 6 6 5 6 6 5 6 5 5 6 5
10 10 10 13 10 12 13 11 11 11 11 10 10 13 10 12 13 13 11 13 10 13 10 11 13 10 10 12 10 13 11 11
12 11 14 12 12 13 14 13 11 11 14 12 11 13 12 11 14 12 14 14 14 14 11 13 14 14 11 13 14 13 14 11
5 5 5 5 5 5 5 5 4 4 5 4 5 4 4 4 4 4 4 4 4 5 5 5 4 4 4 4 4 4 4 5
3 2 2 2 2 3 2 3 2 2 3 3 3 2 3 2 2 2 3 2 3 3 2 2 3 3 2 2 2 3 3 2
9 8 8 8 8 9 9 11 9 10 11 11 8 10 8 9 10 9 10 11 10 10 8 9 11 11 11 9 10 11 9 9
14 17 15 17 14 15 17 15 17 16 16 15 14 14 17 15 17 14 17 15 14 16 14 16 16 14 15 14 15 17 14 14
18 18 19 21 22 20 21 18 21 17 22 17 20 18 21 21 18 18 18 17 17 17 22 22 20 17 20 22 17 17 18 17
14 15 18 16 15 15 15 16 15 14 15 16 17 18 15 18 17 16 14 16 18 14 15 17 18 15 16 16 14 15 17 15
9 8 7 8 9 9 7 8 8 8 7 7 7 9 9 8 7 9 8 7 8 8 7 9 7 9 9 9 9 8 7 9
17 20 18 16 18 19 19 19 20 20 21 20 21 18 16 16 19 16 19 16 17 17 21 18 18 19 20 18 19 16 19 20
13 10 12 11 12 10 10 12 12 10 10 10 12 12 12 12 13 10 12 11 11 13 12 11 13 13 11 11 12 10 11 10
20 21 17 16 21 19 17 18 20 20 18 21 16 18 21 18 19 16 19 18 19 20 18 18 19 20 20 18 19 17 18 18
16 20 16 19 17 16 16 18 17 18 16 18 18 17 15 15 16 20 20 16 19 18 18 19 20 18 18 20 19 20 18 15
6 5 6 5 5 5 6 5 6 6 5 5 5 5 6 6 5 5 6 6 5 6 6 6 6 5 5 6 6 5 5 6
2 2 3 3 2 2 3 2 2 3 2 3 2 3 2 2 2 2 2 3 3 3 3 3 3 3 3 3 2 3 2 2
14 14 14 18 17 14 17 16 14 17 17 17 17 17 17 18 14 15 15 16 16 14 16 18 18 16 14 17 18 16 17 14
7 7 7 7 7 8 7 8 8 8 8 7 7 7 8 7 8 8 7 7 7 7 8 7 8 7 8 8 8 7 8 8
19 20 19 17 18 19 18 16 21 19 20 18 21 21 17 21 19 16 21 16 21 17 19 16 16 18 19 20 20 17 18 18
17 16 14 17 14 14 16 16 17 15 17 16 15 15 14 15 14 14 15 16 17 17 17 15 14 17 15 14 17 15 16 17
7 8 7 7 7 7 8 8 8 8 7 8 7 7 7 8 7 8 7 8 8 8 8 8 8 7 7 7 7 8 7 8
23 18 22 18 22 20 18 23 20 22 21 19 19 20 18 21 23 20 22 23 23 23 19 18 23 23 21 22 22 21 21 23
3 3 3 3 3 3 4 3 3 4 3 3 4 4 4 4 3 4 4 3 3 3 3 3 3 3 3 4 3 3 4 4
13 14 12 14 14 12 12 14 11 14 13 14 13 14 13 12 11 12 11 12 11 13 14 14 13 13 11 11 12 14 11 12
5 5 4 5 5 5 5 4 4 5 5 5 4 4 4 4 5 4 5 5 5 4 5 4 5 4 5 5 5 4 5 5
7 7 6 6 7 6 6 7 7 7 7 7 6 7 6 7 6 7 7 6 7 6 6 6 6 7 7 7 6 6 7 7
7 8 8 8 8 8 7 7 8 8 7 8 8 8 7 7 7 7 7 7 7 8 7 8 7 7 7 7 8 7 8 8
1 1 2 1 1 1 2 2 2 1 2 2 2 1 2 1 2 1 1 1 2 1 2 1 2 1 2 2 2 2 2 1
14 17 17 17 14 17 14 15 14 16 16 14 16 17 15 17 15 17 14 15 17 17 16 15 14 17 15 15 14 16 17 16
19 16 15 15 17 16 20 15 18 18 19 15 18 20 15 15 19 16 15 15 20 16 18 17 18 20 19 18 18 20 15 16
11 12 11 13 11 13 12 13 12 13 10 11 10 12 11 11 12 11 10 10 10 13 13 12 10 11 13 13 11 10 13 12
8 7 8 7 7 8 7 8 7 8 8 8 7 8 8 7 7 8 7 8 8 8 7 7 8 7 7 8 8 7 8 8
17 17 17 16 14 14 17 15 14 17 16 17 17 14 17 14 16 16 14 16 16 15 14 14 16 17 15 15 16 14 16 17
1 1 2 1 2 1 1 2 2 2 2 1 1 1 1 2 1 1 1 2 2 1 1 2 2 2 2 1 1 2 2 1
11 10 11 11 11 9 10 11 9 11 9 10 11 10 9 11 9 11 10 12 11 10 10 9 12 10 9 12 9 9 10 12
3 3 3 3 3 2 3 2 3 2 3 2 3 3 3 2 3 3 3 3 3 3 2 2 2 3 2 3 2 3 2 2
21 22 22 20 22 21 19 20 21 19 22 21 18 19 22 19 19 23 19 18 22 23 23 18 20 20 19 18 23 22 21 19
16 18 17 17 18 16 18 18 20 15 19 15 19 19 18 19 16 15 18 17 17 17 17 15 17 16 20 17 19 19 17 17
7 9 8 8 7 8 8 9 8 7 9 7 8 7 8 8 8 9 8 8 8 7 9 8 9 7 9 8 7 7 9 8
20 20 21 22 22 23 23 19 20 18 19 22 21 21 23 20 20 19 20 21 23 21 23 18 19 18 20 20 19 22 23 21
13 15 13 14 13 13 13 12 15 13 15 13 12 12 15 14 13 15 12 15 14 13 15 13 14 13 14 12 12 12 13 14
3 2 3 2 2 3 3 3 2 3 3 3 2 2 3 3 2 2 2 3 2 3 3 3 2 3 2 3 2 3 3 2
11 11 10 9 10 8 8 10 11 11 8 8 10 9 10 9 11 10 11 9 9 9 9 11 9 11 8 8 10 10 9 9
12 13 12 14 14 14 15 13 13 14 14 12 14 13 13 13 13 12 12 14 15 12 15 12 14 13 12 15 13 14 12 15
5 5 5 6 5 5 6 6 5 6 5 5 6 5 6 5 6 5 5 5 5 6 5 5 5 6 6 6 5 5 6 5
15 20 15 19 15 20 15 19 15 19 17 20 17 20 19 20 17 18 17 17 15 15 17 19 17 19 15 16 19 20 18 20
7 8 7 7 7 7 8 8 8 7 7 8 8 7 7 8 7 8 8 8 7 7 8 8 7 8 8 7 7 7 8 8
17 15 15 16 16 15 17 15 14 15 16 15 18 18 18 18 16 18 17 18 15 15 17 16 15 16 18 18 16 16 15 16
4 5 4 5 4 4 4 5 5 5 4 4 5 4 5 5 4 5 5 4 5 5 4 4 4 4 5 5 5 4 4 5
6 6 7 7 6 6 7 6 6 7 7 6 7 7 6 6 7 7 7 6 6 7 6 7 6 6 6 7 6 6 7 7
23 22 21 22 18 20 18 21 18 19 18 18 18 18 23 18 23 22 20 22 21 19 23 20 21 21 20 19 22 23 20 22
9 8 9 8 9 8 8 8 7 7 9 8 7 9 7 8 7 9 9 9 8 9 8 8 9 7 7 7 7 7 8 9
15 14 15 16 14 15 16 14 15 16 14 16 15 17 14 14 14 15 14 14 16 15 16 16 15 14 15 17 14 15 14 15
3 3 4 3 4 4 4 3 4 3 4 3 3 4 3 3 4 4 3 4 4 4 4 3 3 4 3 4 3 3 4 3
5 6 6 5 6 5 6 5 5 6 5 5 5 5 5 5 5 6 6 6 6 5 5 5 5 5 6 5 5 5 6 6
15 12 14 12 13 15 14 13 13 15 14 13 15 14 15 15 13 15 13 14 13 15 13 13 14 15 14 14 15 15 14 15
19 19 18 17 20 21 19 17 17 20 20 21 20 22 19 22 22 18 22 19 19 19 17 18 22 20 21 20 22 17 18 22
20 19 19 22 18 23 18 20 22 18 23 18 22 23 22 23 23 23 18 23 18 18 20 22 23 18 19 23 18 22 20 22
1 1 1 1 2 2 2 2 2 1 2 1 2 2 2 2 2 2 2 1 1 1 2 2 2 1 1 1 2 2 2 2
2 1 2 1 1 2 2 2 2 1 1 1 2 1 1 2 1 1 2 2 2 2 1 1 2 1 1 2 1 1 2 1
17 16 17 14 16 17 15 14 16 14 16 14 14 16 17 17 14 15 17 16 15 15 16 16 14 16 14 17 15 16 17 14
7 7 7 9 9 8 9 7 8 7 9 7 8 8 8 7 8 7 8 7 9 7 7 8 9 8 9 9 9 9 9 7
3 3 3 4 4 4 4 4 4 3 4 4 4 3 4 4 3 3 3 4 3 3 4 4 3 4 3 4 3 4 3 3
6 5 6 5 6 6 6 6 6 5 5 5 6 6 5 6 5 5 6 5 6 5 5 6 6 5 6 5 6 6 5 5
3 4 4 4 3 3 4 4 3 3 3 4 3 3 4 4 3 4 4 3 3 3 3 4 4 4 3 4 4 4 3 3
13 14 14 13 13 15 12 14 12 14 14 13 14 15 14 12 12 14 12 12 15 13 12 13 15 14 14 13 12 12 14 13
19 22 19 19 17 21 19 18 17 17 20 17 19 18 20 21 22 21 22 20 22 21 17 17 19 21 17 22 22 18 22 22
16 14 14 17 16 14 16 14 15 14 17 14 14 14 14 17 14 14 16 16 14 17 15 15 16 16 15 16 17 15 14 14
2 1 2 1 2 1 1 2 2 1 2 2 1 2 2 2 2 1 1 2 2 2 1 1 1 2 1 1 1 2 1 1
10 13 13 13 12 13 10 11 12 10 11 13 10 11 10 10 10 13 10 10 10 10 13 13 10 11 10 11 13 13 11 10
3 4 3 4 4 3 3 4 4 3 4 4 3 3 3 3 4 4 4 3 3 4 3 3 4 4 4 4 4 4 4 3
20 21 21 18 20 23 23 18 19 21 23 23 20 18 20 21 19 21 23 20 21 19 19 18 23 20 21 20 18 22 20 21
5 5 6 5 5 6 5 5 6 6 5 5 6 6 5 6 6 5 5 5 6 5 5 5 5 6 5 5 6 5 5 6
17 18 16 19 17 21 17 20 20 17 18 19 20 17 16 17 20 20 19 20 20 19 17 16 21 21 16 18 18 18 21 17
6 7 6 7 6 6 6 6 7 7 6 6 6 6 7 7 6 7 6 6 7 7 7 7 6 6 7 6 6 6 6 7
7 6 6 6 7 6 6 7 6 6 6 7 7 7 6 7 7 6 7 7 6 7 7 7 7 6 6 7 6 7 7 6
19 21 16 21 18 21 17 20 18 16 19 19 20 19 16 21 18 21 18 16 20 21 21 19 18 18 19 16 16 18 16 20
13 14 15 12 13 12 15 15 13 15 13 12 14 14 12 15 12 13 15 12 12 14 12 12 15 12 14 14 14 13 12 13
15 15 14 17 16 17 16 16 14 17 16 15 17 15 17 16 15 16 14 15 15 15 17 15 17 17 17 16 16 16 15 15
19 19 16 18 16 16 16 20 21 18 16 21 20 16 17 16 17 19 21 19 18 20 16 16 19 18 19 17 19 16 16 20
7 7 8 9 8 9 8 7 7 8 7 9 7 9 7 8 8 9 7 9 9 8 8 7 8 9 8 7 7 8 7 9
5 5 5 4 4 4 5 4 4 5 4 5 4 5 5 4 4 5 4 5 5 4 5 4 5 5 4 4 4 5 4 4
14 15 15 15 14 15 15 16 17 15 16 15 17 17 15 14 15 14 15 17 17 15 14 14 16 15 16 17 14 16 15 14
5 5 4 5 5 5 5 4 4 4 5 5 4 5 5 4 4 5 5 5 4 5 4 5 5 4 4 5 4 5 4 4
18 15 18 16 14 14 17 14 14 16 16 18 15 15 14 17 16 17 18 17 16 15 14 18 18 15 15 18 18 14 15 15
17 17 17 16 17 15 15 17 16 17 16 15 17 16 14 16 17 15 17 15 15 16 14 14 17 15 15 16 15 14 16 14
21 20 18 22 17 21 20 17 19 18 19 19 17 19 20 17 19 18 17 22 19 18 19 17 18 21 22 21 22 17 18 19
11 11 13 13 13 12 10 12 13 12 10 13 13 12 12 13 12 13 11 11 10 11 10 12 10 10 11 11 12 13 13 11
5 5 5 4 4 4 4 5 4 4 5 5 4 4 5 4 5 5 5 4 5 5 5 4 5 5 4 4 5 4 4 5
7 7 8 8 7 8 8 7 8 8 7 8 8 7 7 8 7 7 8 7 8 7 7 7 7 7 8 7 8 7 8 7
14 17 14 16 16 16 14 15 14 17 16 17 17 14 17 17 16 17 15 15 15 16 14 16 16 16 14 17 16 14 15 16
8 8 8 8 8 11 11 8 11 11 8 9 11 9 8 10 8 10 9 10 8 10 8 10 8 9 10 11 9 8 10 8
1 2 2 1 1 2 1 1 2 1 2 1 1 1 2 2 1 2 1 1 2 2 1 1 2 1 2 2 1 1 2 1
20 18 17 16 19 16 17 15 20 17 16 20 17 20 19 17 18 16 19 18 20 18 16 18 15 18 15 18 19 19 16 20
14 11 11 13 11 14 12 11 14 12 14 11 13 13 14 13 13 12 13 12 12 11 12 11 14 11 11 12 14 14 11 13
13 13 12 13 11 13 13 11 11 13 11 14 14 12 11 12 14 14 12 13 11 12 14 12 14 12 11 14 11 11 11 11
14 16 15 14 16 16 13 16 15 16 15 13 13 16 16 15 14 13 14 15 16 15 13 13 13 14 15 15 16 16 16 14
15 15 14 14 16 17 17 14 15 17 17 15 14 17 14 17 17 16 16 16 16 16 16 15 17 14 15 14 17 16 16 15
