1 2 27
1 3 42
1 4 30
1 5 29
1 6 40
2 7 25
2 8 72
3 9 43
3 10 65
3 11 75
3 12 14
3 13 25
4 14 51
4 15 46
4 16 62
4 17 78
5 18 30
5 19 56
5 20 51
6 21 28
6 22 32
6 23 41
6 24 32
6 25 1
7 26 68
8 27 27
9 28 56
10 29 41
11 30 29
11 31 46
12 32 58
13 33 73
14 34 21
15 35 14
16 36 11
17 37 57
17 38 69
18 39 46
18 40 6
19 41 21
20 42 13
20 43 41
21 44 58
22 45 63
23 46 55
24 47 19
25 48 63
26 49 41
27 50 41
28 50 40
29 51 41
30 52 74
31 53 12
32 53 48
33 54 75
34 55 8
35 56 10
36 57 79
37 57 69
38 58 35
39 59 21
40 60 22
41 61 73
42 62 63
43 63 64
44 64 41
45 65 44
46 66 66
47 67 24
48 68 2
49 69 50
50 70 48
51 71 55
52 72 68
53 73 46
54 74 35
55 75 57
56 76 44
57 77 3
58 78 68
59 78 8
60 79 33
61 80 32
62 81 65
63 82 72
64 83 43
65 84 20
66 85 68
67 85 7
68 86 69
69 87 68
69 88 16
70 89 43
71 90 72
72 91 44
73 92 48
74 93 45
75 94 33
76 95 44
77 96 12
78 97 31
79 98 15
80 99 4
81 100 41
82 101 77
82 102 37
83 103 44
84 104 56
85 105 56
86 106 5
87 107 22
88 108 67
89 109 46
90 110 65
91 110 69
92 111 68
93 111 46
94 112 73
95 113 14
96 114 62
97 115 15
98 116 35
99 117 42
100 118 64
101 119 73
102 119 72
103 120 38
104 120 37
105 121 43
106 122 69
107 123 74
108 124 2
109 125 44
110 126 47
111 127 18
111 128 11
111 129 34
112 130 40
113 131 27
114 132 65
114 133 72
115 134 58
116 135 60
117 136 67
118 137 43
119 138 43
120 139 68
121 140 70
121 141 68
122 142 74
122 143 37
123 144 34
123 145 3
123 146 27
123 147 58
123 148 34
124 149 32
124 150 21
124 151 60
125 152 21
125 153 25
125 154 76
126 155 12
126 156 16
126 157 56
126 158 78
126 159 73
127 160 69
127 161 64
127 162 52
128 163 23
128 164 20
128 165 26
128 166 62
128 167 30
129 168 34
129 169 5
129 170 7
129 171 28
129 172 62
130 173 11
130 174 67
130 175 48
130 176 42
131 177 12
131 178 71
131 179 53
131 180 6
131 181 67
132 182 72
132 183 38
132 184 2
133 185 11
133 186 16
133 187 38
134 188 73
134 189 72
134 190 55
134 191 29
134 192 55
135 193 17
135 194 13
135 195 46
135 196 63
136 197 40
136 198 26
136 199 17
136 200 68
137 201 34
137 202 59
137 203 38
137 204 17
138 205 13
138 206 41
138 207 15
139 208 5
139 209 10
140 210 59
140 211 54
140 212 20
141 213 12
141 214 74
142 215 79
142 216 44
142 217 49
143 218 33
143 219 45
143 220 18
143 221 56
144 222 70
145 222 69
146 222 15
147 222 38
148 222 72
149 223 50
150 223 67
151 223 53
152 224 5
153 225 2
154 225 58
155 225 12
156 225 79
157 225 18
158 225 22
159 226 31
160 226 49
161 227 14
162 227 20
163 228 23
164 229 15
165 229 6
166 229 8
167 229 52
168 229 10
169 229 75
170 230 58
171 230 51
172 230 6
173 231 58
174 231 9
175 231 19
176 231 42
177 232 26
178 232 67
179 233 11
180 233 72
181 233 72
182 233 43
183 234 50
184 234 15
185 235 55
186 235 22
187 235 61
188 235 11
189 236 28
190 236 33
191 237 32
192 237 76
193 237 74
194 237 31
195 238 9
196 239 35
197 239 24
198 239 4
199 239 19
200 240 49
201 241 68
202 241 17
203 241 46
204 241 44
205 241 67
206 242 20
207 242 31
208 242 28
209 243 46
210 243 23
211 244 73
212 244 5
213 244 44
214 245 13
215 245 10
216 246 73
217 246 6
218 246 17
219 246 35
220 247 53
221 248 55
222 249 75
223 250 55
224 251 27
225 251 63
226 251 21
227 252 29
228 253 1
229 254 72
230 254 24
231 255 29
232 255 6
233 256 2
234 257 78
235 258 58
236 259 21
237 260 26
238 261 71
239 262 41
240 263 5
241 264 24
242 264 79
243 265 37
244 266 54
245 267 48
246 268 47
247 269 19
248 270 29
249 271 63
250 271 14
251 272 36
252 272 23
253 273 1
254 274 28
255 275 25
256 276 76
257 276 75
258 277 8
259 278 52
260 279 58
261 280 59
262 280 16
263 281 36
264 281 32
265 282 23
266 283 25
267 284 75
268 285 69
269 285 62
270 285 9
271 286 72
272 287 48
273 288 61
274 289 15
275 290 32
275 291 37
276 292 60
277 293 10
278 294 6
279 295 32
280 296 54
281 297 10
282 298 30
283 299 5
284 300 11
285 301 39
286 302 21
287 303 62
288 304 73
289 305 5
290 306 61
290 307 49
291 308 4
292 309 65
293 310 39
294 311 28
295 312 74
295 313 14
295 314 51
296 315 4
297 316 30
297 317 58
298 318 48
299 319 5
300 320 55
301 321 14
301 322 45
302 323 19
303 324 77
304 325 27
305 326 45
306 327 74
307 328 71
308 329 6
309 330 67
310 331 14
311 332 13
312 333 24
313 334 34
314 335 42
315 336 56
316 337 28
317 338 9
318 339 14
318 340 60
319 341 68
320 342 46
321 343 30
322 344 27
323 345 14
324 346 79
325 347 47
326 348 74
327 349 57
328 350 7
329 351 76
330 352 30
331 353 11
332 354 21
333 355 28
334 356 41
335 357 6
335 358 69
335 359 70
336 360 64
336 361 32
337 362 2
338 363 69
339 364 24
339 365 71
339 366 59
340 367 78
341 368 5
342 369 10
343 370 4
344 371 36
345 372 38
346 373 5
347 374 61
348 375 21
349 376 76
350 377 58
351 378 11
351 379 47
352 380 9
353 381 42
354 382 79
355 383 56
356 384 66
357 385 73
358 386 39
359 387 52
360 388 46
361 389 73
362 390 55
363 391 42
364 392 19
365 393 21
366 394 65
367 395 44
368 396 10
369 397 37
370 398 55
371 399 3
372 400 9
373 400 31
374 400 66
375 400 69
376 400 20
377 400 9
378 400 79
379 400 2
380 400 23
381 400 77
382 400 76
383 400 43
384 400 63
385 400 74
386 400 25
387 400 1
388 400 19
389 400 46
390 400 9
391 400 35
392 400 42
393 400 41
394 400 8
395 400 45
396 400 68
397 400 20
398 400 38
399 400 57
