1 2 23
1 3 20
1 4 33
1 5 22
2 6 36
2 7 10
2 8 37
2 9 16
3 10 27
3 11 35
4 12 37
4 13 20
4 14 9
5 15 32
5 16 32
5 17 7
5 18 5
6 19 7
7 20 39
8 21 5
9 22 33
10 23 33
11 24 15
12 25 29
13 26 36
14 27 27
15 28 3
16 29 6
17 30 1
18 31 30
19 32 24
20 33 7
21 33 28
22 34 9
23 34 16
24 34 9
25 35 25
26 36 26
27 37 28
28 37 25
29 38 9
30 39 14
31 39 31
32 40 37
33 41 37
33 42 16
33 43 1
34 44 19
34 45 14
35 46 21
36 47 6
37 48 28
38 49 2
39 50 21
39 51 17
40 52 28
41 53 5
42 54 7
43 55 24
44 56 34
45 57 8
46 58 1
47 58 20
48 59 36
49 60 19
50 61 33
51 62 19
52 63 3
53 64 2
54 65 1
55 66 23
56 66 9
57 67 32
58 67 1
59 68 17
60 69 20
61 70 1
62 71 28
63 72 15
64 73 3
65 74 28
66 75 17
67 76 26
68 77 24
69 78 12
70 79 9
71 80 29
72 81 18
73 82 23
74 83 37
75 84 17
76 85 27
77 86 19
78 87 31
78 88 8
79 89 21
80 90 27
81 91 35
82 92 38
83 93 21
83 94 34
84 95 39
85 96 38
86 97 7
87 98 35
87 99 1
88 100 10
89 101 9
90 102 4
91 103 5
92 104 10
93 105 1
94 106 7
95 106 17
96 107 11
97 108 11
98 109 15
99 110 37
100 110 35
101 111 38
102 111 10
103 112 26
104 113 9
105 114 30
106 115 14
107 116 3
108 117 39
109 118 26
110 119 22
111 120 18
112 121 29
112 122 37
112 123 28
113 124 1
114 125 2
115 126 2
116 127 17
116 128 23
116 129 2
117 130 25
117 131 12
118 132 3
119 133 4
120 134 38
120 135 32
121 136 32
122 137 38
123 138 3
124 139 28
125 140 13
126 141 15
127 142 6
128 143 13
129 143 4
130 144 12
131 145 21
132 146 22
133 147 2
134 147 1
135 148 17
136 149 38
137 149 29
138 150 23
139 150 7
140 151 37
141 152 39
142 153 11
143 153 2
144 153 8
145 154 21
146 154 24
147 154 35
148 154 30
149 155 34
149 156 21
149 157 18
150 158 38
151 159 10
152 160 1
153 161 1
154 162 26
155 163 19
155 164 35
155 165 16
156 166 28
157 167 15
157 168 19
158 169 25
158 170 20
158 171 15
159 172 3
160 173 2
161 174 21
162 175 3
162 176 33
163 177 4
164 178 29
165 179 27
166 180 21
167 181 31
168 182 17
169 183 22
170 184 6
171 185 11
172 186 14
173 187 26
174 187 32
175 188 36
176 189 25
177 190 35
177 191 20
178 192 29
178 193 35
178 194 16
178 195 13
179 196 17
179 197 7
180 198 37
180 199 7
180 200 21
181 201 13
182 202 27
182 203 5
182 204 36
182 205 9
183 206 12
184 207 6
184 208 33
184 209 18
185 210 36
186 211 14
186 212 5
187 213 39
187 214 21
187 215 25
188 216 18
188 217 39
188 218 2
189 219 5
189 220 9
190 221 37
191 221 12
192 221 38
193 222 32
194 222 12
195 222 34
196 222 17
197 222 39
198 222 35
199 223 3
200 223 2
201 223 3
202 223 12
203 223 16
204 223 34
205 223 2
206 224 8
207 224 17
208 224 9
209 224 32
210 225 4
211 225 30
212 225 18
213 226 36
214 226 19
215 226 16
216 226 11
217 227 23
218 227 29
219 227 9
220 227 36
221 228 24
222 229 1
223 230 9
224 231 28
225 232 13
226 233 27
227 234 32
228 235 6
229 236 15
229 237 37
230 238 20
231 239 6
231 240 7
232 241 28
233 242 26
233 243 4
234 244 5
235 245 31
236 246 6
236 247 21
237 248 13
238 249 17
238 250 9
239 251 15
240 252 22
241 253 17
242 254 37
243 255 38
243 256 12
244 257 32
245 258 3
246 259 13
247 260 6
248 261 2
249 262 11
250 263 33
251 263 1
252 264 37
253 265 7
254 266 5
255 266 10
256 267 31
257 268 38
258 269 17
259 270 16
259 271 38
260 272 26
260 273 39
261 274 37
261 275 18
262 276 8
263 277 38
264 278 1
264 279 36
265 280 8
266 281 12
267 282 7
268 283 19
269 284 10
270 285 19
271 286 19
271 287 12
272 288 29
273 289 9
274 290 31
275 291 4
276 292 8
277 293 29
278 294 18
279 295 21
280 296 8
281 297 35
282 298 32
283 299 35
284 300 34
285 300 29
286 301 11
287 301 18
288 301 37
289 302 11
290 302 37
291 303 37
292 303 14
293 303 6
294 303 32
295 304 24
296 304 4
297 304 29
298 304 32
299 305 39
300 306 20
301 307 39
302 308 15
303 309 8
304 310 34
305 311 6
306 312 25
307 313 6
307 314 26
307 315 26
308 316 30
309 317 18
309 318 3
310 319 2
310 320 35
311 321 34
311 322 28
312 323 31
313 324 36
314 325 3
315 326 39
316 327 21
317 328 9
318 329 27
319 330 24
320 331 33
321 332 13
322 333 26
323 334 16
324 335 14
325 336 19
326 337 10
327 337 39
328 338 13
329 339 7
330 340 33
331 341 13
332 342 34
333 342 14
334 343 16
335 344 37
335 345 39
335 346 13
336 347 17
337 348 15
337 349 11
338 350 17
339 351 27
339 352 23
340 353 38
341 354 18
341 355 23
342 356 27
343 357 32
344 357 23
345 357 13
346 358 27
347 359 28
348 359 13
349 359 8
350 360 7
351 360 9
352 361 27
353 361 4
354 361 14
355 361 36
356 362 30
357 363 10
357 364 19
358 365 26
359 366 32
360 367 17
361 368 21
361 369 13
362 370 21
362 371 30
362 372 30
363 373 34
364 374 6
365 375 36
366 376 30
367 377 20
368 378 14
369 378 11
370 379 7
371 380 27
372 381 37
373 382 26
374 383 13
375 383 10
376 384 6
377 385 9
378 385 30
379 386 14
380 387 25
381 388 36
382 389 21
382 390 10
383 391 17
384 392 4
384 393 11
384 394 15
385 395 3
386 396 9
386 397 24
387 398 21
388 399 20
389 400 20
390 400 5
391 400 10
392 400 21
393 400 19
394 400 39
395 400 34
396 400 38
397 400 7
398 400 1
399 400 29
