4  0  14  8  9  11  17  1  16  15  8  13
0  3  17  17  0  11  10  7  13  15  10  18
13  15  0  10  5  1  10  5  14  2  11  15
4  1  1  4  1  0  3  4  2  4  3  3
0  0  0  0  0  0  0  0  0  0  0  0
24  15  6  7  14  10  9  18  24  21  8  19
7  14  1  4  3  11  11  10  15  14  10  10
5  8  16  9  1  16  1  6  15  2  8  5
5  15  15  15  15  15  9  19  4  2  20  3
2  5  1  3  3  3  3  0  5  0  6  0
4  1  0  4  1  1  0  0  1  3  3  1
0  0  0  0  0  0  0  0  0  0  0  0
5  4  7  4  9  8  14  11  9  1  6  2
4  9  6  9  10  13  10  14  3  6  13  2
12  0  5  5  12  7  14  12  7  8  3  2
3  12  23  4  24  8  19  20  23  8  17  5
3  2  17  3  0  15  15  3  12  10  8  12
10  19  18  19  19  9  10  1  13  9  11  11
15  18  5  10  0  16  1  3  15  15  14  1
3  14  7  11  12  23  20  5  14  6  24  17
2  3  3  3  4  0  1  4  3  4  0  4
2  2  0  0  4  1  0  3  4  4  3  3
1  7  4  3  3  6  4  7  1  7  6  0
11  14  21  3  0  11  17  18  1  7  4  0
0  0  0  0  0  0  0  0  0  0  0  0
0  18  6  6  9  0  1  0  16  6  17  1
5  5  7  5  5  3  4  1  2  8  5  5
14  22  18  2  4  3  11  19  5  6  1  14
5  12  8  3  1  8  10  4  0  18  14  16
0  11  7  13  11  9  16  1  3  6  15  2
16  8  7  9  2  7  4  10  12  15  13  0
17  6  21  2  5  24  7  12  0  19  2  14
3  17  11  15  0  12  16  13  12  10  2  5
16  2  4  1  9  12  8  11  16  7  9  0
15  10  5  7  22  20  2  12  1  6  9  14
10  1  2  0  0  3  11  7  5  10  5  11
6  4  7  0  3  2  2  4  4  7  3  6
10  5  7  8  4  8  3  10  7  0  0  1
4  2  3  6  4  0  3  1  1  1  4  2
5  5  4  1  2  1  2  4  1  5  5  2
3  2  11  1  12  9  14  0  11  7  13  1
4  4  1  4  6  3  2  5  5  2  3  3
4  2  0  0  5  5  1  1  2  4  1  1
3  6  8  19  4  6  9  15  4  7  19  15
2  0  2  2  1  2  1  1  2  2  2  1
27  26  14  13  17  0  5  10  15  4  23  12
0  5  3  6  9  20  20  17  1  11  7  11
2  2  2  3  2  3  3  3  4  2  1  3
0  0  0  0  0  0  0  0  0  0  0  0
24  7  15  4  18  11  14  4  0  5  0  12
7  7  3  13  1  12  4  10  12  1  5  7
0  0  0  0  0  0  0  0  0  0  0  0
3  0  0  2  4  2  2  1  1  0  3  1
3  2  2  8  8  7  8  4  3  3  5  5
2  8  1  5  6  17  6  15  16  17  0  19
2  1  12  14  13  10  5  7  1  13  12  5
10  9  12  2  10  17  18  8  9  14  16  0
4  0  5  3  3  6  2  7  7  5  6  3
4  2  0  6  9  8  12  4  4  12  11  4
15  18  0  14  8  16  15  10  10  1  10  4
9  4  0  13  13  4  8  10  5  3  9  9
1  9  1  4  1  10  10  9  9  7  4  3
12  1  10  1  0  17  1  20  6  9  6  1
6  9  7  12  12  14  12  11  11  1  8  7
0  2  6  0  5  2  4  3  5  6  1  1
25  11  23  4  24  24  10  19  8  24  27  16
0  0  2  2  2  2  0  2  2  1  0  2
1  3  3  3  3  0  0  2  4  1  3  3
27  13  12  27  25  20  2  11  23  18  13  20
16  4  15  13  11  0  10  6  0  16  15  2
9  25  16  14  14  14  22  13  8  14  7  4
7  10  4  10  8  5  1  8  7  0  6  7
18  17  6  7  12  14  12  4  7  9  13  2
11  14  14  3  11  8  8  21  27  27  13  14
15  9  19  14  8  6  22  12  22  3  15  10
11  2  6  10  10  3  2  6  2  6  11  6
12  11  3  2  6  1  1  0  0  11  11  0
28  15  28  9  19  20  4  7  13  2  28  13
7  15  0  2  13  15  13  0  9  12  4  6
17  6  3  11  2  17  16  13  7  11  1  9
13  9  14  24  21  11  0  3  14  28  2  19
4  4  3  0  8  6  3  0  0  8  6  7
10  10  1  6  5  10  5  2  13  14  14  13
4  24  3  2  5  5  2  0  8  21  8  12
0  1  8  4  8  5  5  1  10  11  12  11
3  8  10  7  6  1  8  3  9  1  7  2
1  0  1  0  0  2  2  0  0  2  1  1
3  3  8  7  8  8  11  0  5  0  10  11
5  1  0  2  3  4  5  6  6  5  6  1
0  0  0  0  0  0  0  0  0  0  0  0
5  10  11  2  10  8  8  8  1  8  14  0
8  3  0  7  3  7  2  1  6  4  6  3
2  7  5  9  6  6  7  4  14  14  9  12
12  6  13  14  1  21  4  22  13  1  18  5
1  4  1  1  1  2  3  2  1  1  4  4
22  16  6  6  13  23  7  1  17  24  5  10
3  4  2  6  4  3  5  4  4  1  1  2
0  8  2  12  0  0  3  3  12  2  10  3
22  27  23  1  22  14  28  7  5  10  26  17
0  0  0  0  0  0  0  0  0  0  0  0
6  2  6  16  6  9  12  8  16  1  8  10
13  11  5  2  7  13  11  7  1  11  10  5
4  9  7  0  3  7  11  1  10  7  5  0
13  18  12  11  5  16  8  5  11  4  18  10
2  2  1  2  2  2  4  1  0  1  4  4
1  2  0  0  0  3  0  3  5  4  3  1
13  3  1  20  21  6  2  13  1  12  19  1
3  5  5  3  7  2  0  3  6  0  10  10
9  19  23  5  16  19  9  7  18  5  25  3
0  4  1  1  1  3  4  1  4  4  3  0
12  8  0  10  21  7  10  22  23  22  13  16
8  1  8  5  12  10  3  7  12  10  11  1
5  11  2  9  9  1  9  11  4  10  2  5
3  0  7  5  18  2  10  4  13  10  5  0
8  15  19  25  20  20  25  23  7  15  14  7
7  7  10  3  1  6  3  6  2  6  9  2
8  10  14  5  26  6  9  14  21  14  0  22
1  0  0  3  2  2  8  2  6  7  4  0
11  11  19  18  0  10  21  1  21  18  17  3
21  8  2  7  26  8  1  19  2  12  26  16
7  6  3  3  5  5  1  7  1  0  8  7
1  1  2  2  0  1  2  0  2  0  0  0
2  8  4  6  10  11  2  4  7  3  2  5
5  2  2  4  1  2  4  4  2  6  5  3
3  3  4  3  2  2  5  1  5  6  0  5
6  6  5  13  0  10  12  6  2  5  11  2
1  3  19  5  12  2  19  18  16  15  3  5
8  6  7  3  12  1  12  11  1  1  3  12
17  25  27  28  4  17  0  24  16  17  10  28
6  1  6  0  5  6  12  10  5  7  5  7
12  6  6  11  14  12  3  13  9  4  1  5
8  21  19  6  4  0  8  4  3  21  15  7
12  4  4  8  10  13  6  10  6  8  4  12
14  9  12  17  12  5  11  0  6  18  14  1
19  15  5  16  7  14  3  13  11  19  17  13
0  27  24  3  1  17  20  4  8  23  24  0
1  20  18  5  2  4  12  20  1  1  8  12
9  12  1  15  18  4  15  8  7  14  17  18
14  9  14  15  0  10  16  5  1  10  16  7
0  0  0  0  0  0  0  0  0  0  0  0
14  9  12  6  12  9  17  16  16  6  18  17
6  22  1  16  5  1  20  26  3  17  21  4
1  7  9  18  1  18  1  6  7  9  4  5
1  15  19  20  12  13  4  19  18  7  20  20
7  13  0  7  0  12  2  4  11  3  14  8
11  26  6  26  24  21  1  12  5  16  25  21
4  5  3  6  7  3  2  9  7  4  1  9
0  2  3  3  5  1  3  3  2  0  6  6
2  2  14  14  25  8  22  11  23  1  25  9
11  9  12  0  22  15  21  20  16  10  5  11
15  19  1  2  12  1  17  10  3  6  0  5
22  6  23  21  19  11  9  17  0  9  4  9
0  1  1  1  0  2  0  2  1  2  1  0
15  14  0  12  17  18  7  13  7  19  8  9
0  14  4  2  15  4  16  3  4  4  0  7
12  3  11  7  1  0  11  6  6  5  8  4
2  0  2  1  1  1  2  0  1  2  0  1
18  21  12  18  11  12  9  4  9  18  19  2
0  0  0  0  0  0  0  0  0  0  0  0
2  2  0  1  2  1  1  1  1  1  2  1
3  1  5  6  5  4  2  6  3  1  4  1
13  6  5  10  1  12  3  1  3  2  5  3
1  2  0  0  1  2  2  2  2  2  2  0
20  19  8  3  4  5  8  16  3  1  11  7
17  9  10  4  2  12  15  9  14  17  3  13
3  12  8  9  15  19  13  20  6  8  14  1
20  14  17  3  8  9  10  20  20  17  14  0
6  4  1  2  6  8  7  7  6  1  1  4
1  1  10  9  11  14  11  0  10  2  14  0
0  0  0  0  0  0  0  0  0  0  0  0
5  5  5  13  10  12  3  4  9  4  6  6
9  21  28  20  23  16  14  23  11  16  0  6
15  0  9  10  0  12  6  12  11  17  12  6
11  4  8  2  10  9  6  13  4  14  9  0
0  1  5  3  3  0  0  2  5  6  3  3
20  0  2  16  26  13  8  27  4  26  16  18
7  8  8  4  3  2  8  3  5  3  8  7
0  0  0  0  0  0  0  0  0  0  0  0
17  3  14  9  11  5  15  13  2  21  17  1
1  2  1  1  2  0  0  1  1  0  1  1
3  12  17  13  0  15  10  15  7  6  13  10
5  2  15  12  11  15  11  16  17  11  6  13
0  7  10  5  10  7  8  7  6  4  5  6
5  6  2  0  6  1  0  3  4  7  1  5
5  3  0  1  1  6  3  2  5  2  2  2
7  5  11  16  16  11  11  7  16  7  4  16
2  1  1  0  1  2  0  0  2  0  0  1
1  13  9  5  17  8  19  5  1  18  1  0
21  6  23  5  21  21  14  8  2  19  21  13
17  2  25  25  9  23  26  22  23  26  7  0
1  13  6  11  13  13  13  6  7  14  12  11
1  4  9  11  9  7  4  7  18  18  18  8
0  5  0  9  8  1  12  2  0  0  12  10
0  1  9  11  9  11  19  2  13  6  4  5
0  0  1  2  1  1  1  0  2  1  0  2
1  1  10  12  1  2  15  7  2  8  11  11
2  5  10  10  2  5  5  5  12  7  3  6
0  2  2  3  3  1  1  0  4  4  1  0
0  4  4  4  2  4  2  2  4  0  3  4
6  3  7  0  6  6  9  10  0  1  4  10
2  8  6  7  5  7  8  4  4  5  7  7
9  11  21  19  23  17  17  26  1  13  15  1
0  0  9  9  7  9  6  2  10  3  6  5
9  8  4  10  14  9  25  18  19  5  6  12
0  5  4  2  6  4  2  0  3  3  2  3
2  2  1  0  1  2  2  1  0  2  0  0
3  3  4  2  4  4  1  0  2  3  3  3
9  13  10  1  17  14  5  11  14  13  2  4
2  1  2  1  1  1  1  1  1  1  0  1
3  7  3  0  2  2  1  4  4  6  2  0
22  16  13  10  18  19  11  11  21  9  14  6
7  1  6  4  6  5  6  1  6  2  7  4
11  19  19  6  4  3  6  0  21  12  9  10
2  18  17  3  5  2  11  13  15  6  4  10
6  1  9  13  10  6  7  10  0  13  8  7
0  15  4  0  3  16  10  1  12  13  16  1
0  0  0  0  0  0  0  0  0  0  0  0
0  0  0  0  0  0  0  0  0  0  0  0
0  0  0  0  0  0  0  0  0  0  0  0
0  2  2  2  0  2  0  1  2  2  1  1
4  7  8  6  1  1  4  4  7  8  4  0
5  1  8  2  2  4  0  9  4  0  8  2
19  16  5  20  10  4  8  11  11  7  7  22
23  3  0  18  18  9  23  5  4  10  11  18
1  3  4  6  12  8  8  10  7  11  12  5
6  1  5  5  1  3  6  4  6  2  6  2
0  2  2  2  0  0  1  0  2  2  2  2
17  21  3  18  9  9  3  1  19  3  20  18
16  9  14  1  10  8  0  1  6  6  3  3
6  6  1  5  5  3  5  6  0  5  6  0
1  7  3  0  4  0  5  3  5  3  4  5
11  1  0  10  10  9  9  11  4  12  8  6
1  0  3  1  20  4  5  3  8  15  18  10
8  24  11  17  16  10  11  22  2  10  3  1
5  4  0  4  5  2  6  2  3  1  2  2
18  4  3  12  4  20  7  3  15  1  8  6
3  3  3  4  3  4  1  0  2  1  2  0
16  22  5  20  7  0  19  13  7  22  15  4
14  13  6  14  14  17  6  7  0  12  2  15
6  7  13  3  15  5  5  9  5  16  3  2
8  4  11  3  11  1  10  3  10  0  3  1
16  0  4  9  20  18  0  15  5  13  15  13
0  0  0  0  0  0  0  0  0  0  0  0
15  23  1  11  11  1  10  23  19  17  4  22
19  17  26  13  14  15  19  20  21  0  24  14
0  0  0  4  0  0  2  0  0  4  0  3
10  14  8  9  9  18  13  14  16  2  10  5
19  20  20  19  13  6  20  6  13  0  16  17
18  12  9  3  20  16  0  20  9  20  2  7
10  1  8  8  10  4  2  8  8  2  8  1
8  5  3  6  2  7  10  6  6  6  8  5
2  4  3  3  2  0  4  4  1  4  1  3
10  20  5  0  13  15  20  14  17  4  8  15
0  1  1  1  0  4  2  3  1  4  4  2
8  5  10  8  1  4  11  10  4  3  0  3
0  0  0  0  0  0  0  0  0  0  0  0
17  15  17  2  10  5  5  5  10  11  1  13
1  0  0  1  2  1  2  0  0  1  0  1
2  3  7  14  5  20  20  2  17  16  20  6
25  3  14  8  2  19  24  26  3  9  6  2
15  7  2  11  3  5  1  13  15  11  5  1
20  2  18  0  4  18  4  14  20  9  3  9
21  12  0  2  24  0  14  3  19  19  17  0
14  0  6  6  0  7  0  13  6  0  6  13
2  0  0  1  1  2  1  2  1  0  0  1
1  0  3  1  5  3  1  1  2  7  7  5
5  0  6  3  0  4  3  2  5  2  4  6
2  18  0  14  14  15  17  11  14  9  6  16
3  6  9  5  4  7  0  3  4  5  4  8
7  16  18  5  16  9  19  7  20  10  18  3
8  22  17  14  16  4  5  26  18  10  26  15
9  11  8  4  6  12  0  10  5  9  1  1
5  3  5  1  0  3  3  1  6  4  6  3
8  20  7  8  0  2  9  8  12  6  5  16
3  0  4  3  6  8  6  7  2  3  4  3
9  1  6  2  7  6  3  7  7  6  5  2
0  4  2  3  1  1  2  1  3  3  0  0
5  2  6  5  4  6  1  3  1  5  1  3
2  9  13  12  6  19  20  10  27  25  25  21
18  0  5  17  10  1  8  2  12  17  1  1
22  7  10  0  8  24  21  15  17  10  10  17
6  7  9  6  4  0  4  3  2  5  4  0
2  3  3  2  2  1  3  1  1  4  2  4
3  5  4  3  1  1  2  0  5  5  3  1
7  6  11  5  12  24  1  4  7  9  9  7
0  4  7  6  9  11  6  0  10  12  12  11
11  16  11  14  8  15  15  3  8  2  18  5
7  4  14  2  7  5  10  1  5  13  17  18
1  17  19  18  10  2  13  10  8  12  8  15
0  0  0  0  0  0  0  0  0  0  0  0
0  0  1  2  1  0  0  0  0  2  1  2
0  0  0  0  0  0  0  0  0  0  0  0
7  19  23  8  11  22  1  20  28  14  21  0
11  13  10  8  10  7  2  5  9  0  7  13
3  6  4  3  6  1  6  2  6  6  0  1
0  0  0  0  0  0  0  0  0  0  0  0
1  5  7  8  11  9  3  2  6  3  4  0
11  7  21  19  16  9  7  23  14  17  14  14
15  9  12  6  9  20  22  15  13  19  9  12
4  13  5  0  7  12  9  16  5  0  4  16
0  0  0  0  0  0  0  0  0  0  0  0
3  15  17  14  15  4  6  8  0  10  11  11
4  10  10  4  7  5  6  9  0  6  3  4
8  0  10  7  5  7  5  3  1  0  7  3
1  5  5  4  9  4  5  5  0  5  4  7
4  20  6  24  0  24  17  19  6  10  11  4
0  4  5  0  8  1  5  5  8  8  7  7
0  0  0  2  0  1  1  1  0  2  1  0
27  11  14  4  14  12  5  8  7  18  14  11
5  5  8  8  4  0  5  2  2  6  6  0
12  2  4  4  5  9  11  12  4  6  12  0
2  5  3  4  0  3  0  1  1  1  3  2
1  1  4  0  0  4  5  3  5  4  4  3
8  17  18  3  5  10  7  6  1  17  23  14
2  2  2  2  1  2  2  2  2  0  2  1
11  14  9  6  10  10  8  5  8  8  8  11
5  4  4  1  2  3  8  12  15  16  13  15
13  12  27  9  16  21  26  2  24  10  5  27
2  10  2  3  1  4  8  7  4  4  12  2
9  21  0  0  3  22  11  25  11  16  6  12
16  8  5  4  4  8  5  1  14  11  11  2
8  5  12  1  10  11  4  6  16  5  13  14
1  16  2  15  3  4  3  14  14  12  4  7
0  2  2  0  2  0  0  0  1  1  1  1
3  3  0  4  1  13  0  12  13  0  6  8
8  4  4  5  0  6  2  7  0  6  3  1
0  8  2  6  0  9  4  10  4  9  5  2
10  0  18  17  15  3  9  19  6  9  12  9
8  15  25  9  18  10  6  27  17  11  11  8
0  11  12  4  12  9  5  1  0  8  1  15
2  4  4  3  3  1  4  4  2  3  0  3
2  1  2  0  0  2  0  1  0  1  0  1
7  7  2  0  7  6  3  4  6  1  1  6
23  8  0  7  6  5  21  1  6  4  19  12
12  9  8  15  22  9  16  2  22  18  17  7
4  22  8  19  3  8  16  10  12  2  15  17
1  1  0  11  5  2  10  17  17  15  11  9
4  1  2  10  3  23  1  20  17  5  26  12
1  1  1  0  1  0  1  2  0  1  2  2
0  0  0  0  0  0  0  0  0  0  0  0
7  5  9  9  10  10  10  2  4  7  1  1
2  2  1  0  0  2  1  2  0  1  2  2
2  2  0  1  1  1  2  1  1  0  1  0
10  4  22  22  7  5  19  14  24  14  15  10
7  10  7  11  2  1  9  2  11  12  5  12
5  13  1  16  7  5  11  1  16  13  11  3
8  3  2  8  4  0  10  4  11  10  11  11
6  15  16  7  8  1  0  14  2  16  1  16
4  23  4  22  15  0  15  22  8  6  18  21
6  12  1  13  7  19  2  19  5  14  3  6
9  4  2  1  9  4  6  6  4  8  0  11
0  2  6  0  2  0  0  0  5  3  1  4
12  2  21  14  12  6  16  13  15  5  20  11
13  11  12  2  5  1  13  4  4  0  11  1
9  17  18  6  3  14  22  7  15  14  24  19
10  11  3  10  8  17  5  10  24  16  5  23
13  9  21  11  1  17  5  13  23  17  3  9
2  1  0  1  2  0  1  1  2  2  1  0
22  12  12  9  4  13  26  6  3  21  17  23
2  7  7  2  5  1  5  4  0  2  2  6
10  20  6  9  2  0  7  3  12  5  6  4
3  10  4  4  17  24  10  7  19  10  10  20
4  8  11  6  5  6  3  1  10  3  2  4
7  16  6  3  8  12  3  18  7  20  17  13
18  20  22  9  10  22  21  2  17  4  15  21
2  0  10  0  13  0  3  14  10  12  17  7
11  1  10  3  8  8  0  12  5  7  7  13
8  5  0  10  12  7  0  8  1  0  9  1
0  1  4  3  1  7  0  5  5  4  5  3
4  3  10  1  0  14  10  11  10  4  3  7
8  2  5  20  13  9  6  5  18  16  20  5
10  1  6  7  2  5  6  6  8  3  9  3
6  4  18  19  10  2  11  19  1  15  0  15
8  14  2  12  19  7  9  3  13  16  18  20
7  0  3  0  8  8  2  8  8  0  1  1
11  4  2  3  3  9  8  6  7  10  12  6
4  24  24  9  14  4  20  5  24  2  5  15
0  27  17  25  24  20  19  3  21  28  4  14
8  12  5  11  3  0  8  0  7  9  14  15
1  12  11  1  9  3  14  4  6  6  0  4
5  2  8  3  0  6  0  8  3  7  0  2
9  5  5  26  10  4  20  20  17  16  7  28
19  11  20  24  19  18  0  14  23  15  24  23
4  9  5  6  11  2  10  5  2  2  9  5
18  17  14  15  11  19  3  15  12  15  17  9
5  4  2  11  12  5  9  8  12  6  3  1
0  0  0  0  0  0  0  0  0  0  0  0
0  0  0  0  0  0  0  0  0  0  0  0
12  9  12  18  17  20  10  5  15  3  6  5
4  9  19  19  13  2  22  4  8  22  15  5
0  6  2  17  18  18  6  6  8  2  15  5
1  0  22  5  1  5  22  13  7  10  19  14
3  3  3  3  1  3  0  3  0  3  4  5
19  1  0  8  14  19  15  5  16  2  16  4
13  19  20  5  8  2  3  6  12  14  13  5
19  4  11  8  5  17  21  28  14  1  8  25
25  27  0  0  5  14  10  28  20  4  9  16
3  5  3  5  1  9  18  15  0  5  5  18
20  15  21  7  20  20  22  22  17  10  5  11
13  0  11  8  8  12  0  14  9  7  16  10
