1 2 50
1 3 4
1 4 190
1 5 55
1 6 71
2 7 4
2 8 181
2 9 65
2 10 82
2 11 139
3 12 12
3 13 47
3 14 31
3 15 18
3 16 63
4 17 10
4 18 40
4 19 42
4 20 119
4 21 46
5 22 17
5 23 100
5 24 48
5 25 188
5 26 1
6 27 102
6 28 72
6 29 86
6 30 110
6 31 174
7 32 135
8 33 24
9 34 185
10 35 196
11 36 161
12 37 61
13 38 57
13 39 181
14 40 73
15 41 71
16 42 66
17 43 173
18 44 164
19 45 194
20 46 85
20 47 140
21 48 2
21 49 23
22 50 144
23 51 88
24 52 48
25 53 105
26 54 182
26 55 101
27 56 71
28 57 69
29 58 181
29 59 57
30 60 141
31 61 21
32 62 164
32 63 23
33 64 147
34 65 182
34 66 138
35 67 129
36 68 5
37 69 48
38 70 17
39 71 63
39 72 23
40 73 106
41 74 112
42 75 175
43 76 148
44 77 73
45 78 148
46 79 145
47 80 7
48 81 156
49 82 135
50 83 111
51 84 91
52 85 41
53 86 133
54 87 183
55 88 45
56 89 60
56 90 181
57 91 190
57 92 22
58 93 159
58 94 28
59 95 53
60 96 126
61 97 30
62 98 56
63 98 54
64 99 83
65 100 166
66 101 89
67 101 153
68 102 109
69 103 20
70 103 83
71 104 95
72 104 187
73 105 31
74 105 138
75 106 12
76 107 110
77 108 72
78 109 9
79 110 121
80 111 43
81 111 108
82 112 66
83 113 9
84 113 68
85 114 79
86 115 70
87 116 19
88 116 86
89 116 11
90 117 61
91 118 7
92 119 14
93 120 184
94 120 99
95 121 127
96 122 64
97 122 159
98 123 165
99 124 9
100 125 47
101 126 27
102 127 139
103 128 165
104 129 174
105 130 57
106 131 176
107 132 146
108 133 57
109 134 18
110 135 49
111 136 141
112 137 78
113 138 89
114 139 151
115 140 143
116 141 1
117 142 99
118 143 103
119 144 32
120 145 190
121 146 178
121 147 17
122 148 146
123 149 25
124 150 69
125 151 180
126 152 128
126 153 69
126 154 129
127 155 64
127 156 100
128 157 39
129 158 186
130 159 117
131 160 161
132 161 13
132 162 148
132 163 67
133 164 150
134 165 194
134 166 4
135 167 145
136 168 122
136 169 29
137 170 134
137 171 21
138 172 176
139 173 78
140 174 41
141 175 61
142 176 101
143 177 191
144 178 15
145 179 146
146 180 180
147 181 10
148 182 134
148 183 36
149 184 149
150 185 17
151 186 176
152 186 134
153 187 16
154 187 63
155 188 125
156 189 75
157 190 147
158 191 15
159 192 71
160 193 18
161 194 171
162 195 118
163 196 24
164 197 181
165 198 17
166 199 113
167 200 66
168 201 143
169 201 13
170 202 25
171 203 120
172 204 6
173 205 83
174 205 98
175 206 136
176 206 130
177 207 56
178 207 80
179 208 199
180 209 16
181 210 196
182 211 103
183 212 166
184 213 195
185 213 108
186 214 30
187 215 43
188 216 80
189 217 40
190 218 81
191 219 13
192 220 58
193 221 21
194 221 99
195 222 164
196 223 48
197 224 121
198 225 15
199 226 62
200 226 159
201 227 190
202 228 153
203 228 22
204 229 195
205 230 49
206 231 6
207 232 127
208 233 77
209 234 182
210 235 124
211 236 156
212 236 57
213 237 156
213 238 58
214 239 114
215 240 48
216 241 110
216 242 94
217 243 76
217 244 116
217 245 1
218 246 93
218 247 163
219 248 195
219 249 165
220 250 67
221 251 47
222 252 178
223 253 147
223 254 2
224 255 157
225 256 115
226 257 109
227 258 169
228 259 12
229 260 110
229 261 100
230 262 136
231 263 18
232 264 30
233 265 164
233 266 62
234 267 16
234 268 192
235 269 86
235 270 164
236 271 4
237 272 65
238 273 139
239 274 90
240 275 11
241 276 175
242 277 45
243 278 28
244 279 196
245 280 41
246 281 105
247 282 14
248 283 109
249 284 151
250 285 118
251 286 122
252 287 117
253 287 133
254 288 89
255 289 25
256 290 133
257 291 155
258 292 152
259 293 95
260 293 159
261 294 24
262 295 126
263 296 165
264 296 112
265 297 105
266 298 144
267 299 24
268 300 138
269 301 170
270 302 144
271 302 100
272 303 34
273 304 138
274 305 179
275 306 137
276 307 179
277 307 149
278 308 194
279 309 60
280 310 14
281 311 76
282 312 38
283 313 118
284 314 29
285 315 83
286 316 191
287 317 50
288 318 10
289 318 58
290 318 13
291 319 24
292 320 198
293 321 125
294 322 80
295 323 173
296 324 166
297 325 26
298 326 64
299 327 129
300 328 18
301 329 58
302 330 190
303 331 123
304 332 194
304 333 121
305 334 94
306 335 14
307 336 16
308 337 137
309 338 56
310 339 139
311 340 114
312 341 42
313 342 92
314 343 111
315 344 21
316 345 36
317 346 127
318 347 109
319 348 171
320 349 84
321 350 172
322 351 51
323 352 115
324 353 192
325 354 146
326 355 141
327 356 32
327 357 183
328 358 80
329 359 77
330 360 174
331 361 188
332 362 3
333 363 78
334 364 173
335 365 160
336 366 167
337 367 140
337 368 20
338 369 156
339 370 192
340 371 168
340 372 142
341 373 197
342 374 55
343 375 147
344 376 192
345 377 113
346 378 196
347 379 142
347 380 100
348 381 153
349 382 167
350 383 186
350 384 152
351 385 39
351 386 181
352 387 199
353 388 118
354 389 52
355 390 20
356 391 38
357 392 18
358 393 194
359 394 44
360 395 164
360 396 183
361 397 104
362 398 39
363 399 165
364 400 7
365 401 167
366 402 51
367 403 61
368 404 153
369 405 190
370 406 183
371 407 86
372 408 142
373 409 103
374 410 169
375 411 87
376 412 68
377 413 164
378 414 194
379 415 42
380 416 110
381 417 128
382 418 128
383 419 104
384 420 185
385 421 121
386 422 97
387 423 21
388 424 170
389 425 19
390 426 189
391 427 77
392 428 184
393 429 27
394 430 137
395 431 141
396 432 54
397 433 91
398 434 83
399 435 105
400 435 114
401 436 167
402 437 96
403 438 168
404 439 48
405 440 198
406 441 12
407 441 148
408 442 44
409 443 153
410 444 93
411 445 172
412 446 43
413 447 80
414 448 162
415 449 55
416 450 127
417 451 130
418 452 106
419 453 36
420 454 144
421 455 85
422 455 25
423 456 127
424 457 23
425 458 199
426 459 75
427 460 162
428 461 125
429 462 170
430 463 188
431 464 44
432 465 48
433 466 66
434 467 28
435 467 128
436 468 52
437 469 112
438 470 163
439 471 16
440 472 192
441 473 156
442 474 122
443 475 95
444 476 130
445 477 101
446 478 94
447 479 106
448 480 58
449 481 74
450 482 109
451 483 154
452 484 100
453 485 63
454 486 18
455 487 59
456 488 187
457 489 77
458 490 149
459 491 175
460 492 135
461 493 149
462 494 117
463 495 126
464 496 127
465 497 41
466 498 100
466 499 99
467 500 174
468 501 174
469 502 121
470 503 1
471 504 140
472 505 42
473 506 28
474 507 25
474 508 121
475 509 152
476 510 43
477 511 162
478 512 125
479 513 177
480 514 99
481 515 137
482 516 84
483 517 190
484 518 74
485 519 183
486 520 36
487 521 32
488 522 150
489 523 97
490 524 32
491 525 124
491 526 47
492 527 1
493 528 12
494 529 111
495 530 168
496 531 25
496 532 83
497 533 74
498 534 54
499 535 118
500 536 14
501 536 92
502 536 143
503 537 161
504 538 86
505 538 167
506 539 101
507 540 87
508 541 24
509 541 107
510 542 132
511 542 113
512 543 187
513 544 22
514 545 65
515 546 86
516 546 98
517 547 186
518 547 73
519 548 171
520 549 65
521 549 184
522 550 87
523 550 6
524 551 7
525 552 57
526 553 44
527 554 80
528 554 67
529 555 2
530 556 190
531 556 58
532 557 98
533 557 49
534 558 71
535 559 14
536 560 112
537 561 189
538 562 124
539 563 44
540 564 162
541 565 18
542 566 97
543 567 128
544 568 69
545 569 136
546 570 162
547 571 45
548 572 68
549 573 21
550 574 13
551 575 6
552 576 46
552 577 123
553 578 194
553 579 156
554 580 51
555 581 55
556 582 56
557 583 120
558 584 126
559 585 151
560 586 74
561 587 167
562 588 66
563 589 102
563 590 41
564 591 50
565 592 18
566 593 141
567 594 14
568 595 179
569 596 50
570 597 110
571 598 13
572 599 16
573 600 102
574 601 110
575 602 176
576 603 126
577 604 64
578 605 88
579 606 173
580 607 174
581 608 69
582 609 64
583 610 188
584 611 34
584 612 81
585 613 113
586 614 2
587 615 38
588 616 147
589 617 132
590 618 61
591 619 97
591 620 6
592 621 15
593 622 175
594 623 114
595 624 195
595 625 178
596 626 59
596 627 95
597 628 134
598 629 147
598 630 120
598 631 33
599 632 21
600 633 96
601 634 148
602 635 94
603 636 40
604 637 73
605 638 127
606 639 163
606 640 75
607 641 84
608 642 54
609 643 178
610 644 169
611 645 128
612 646 95
612 647 73
613 648 196
614 649 157
615 650 95
616 651 68
617 652 180
618 653 141
619 654 142
620 655 192
621 656 174
622 657 101
623 658 109
624 659 129
625 660 70
626 661 138
627 662 128
628 663 111
629 664 60
630 665 93
631 666 107
632 667 37
633 668 23
634 669 174
635 670 15
636 671 128
637 672 133
638 673 102
639 674 189
640 675 11
641 676 28
642 677 71
643 678 113
643 679 100
644 680 192
645 681 5
646 682 92
647 683 133
648 684 197
649 685 48
650 685 79
651 686 179
652 687 71
653 688 151
654 689 154
655 690 170
656 691 61
657 692 185
658 693 72
659 694 113
660 695 156
661 696 30
662 696 42
663 696 180
664 697 46
665 697 44
666 698 76
667 698 190
668 699 25
669 699 171
670 700 177
671 701 58
672 702 10
673 703 109
674 704 50
675 705 4
676 706 3
677 707 68
678 707 193
679 708 197
680 708 160
681 709 110
682 710 107
683 711 177
684 712 29
685 713 157
686 714 1
687 715 142
688 716 88
689 717 6
690 718 123
691 719 175
692 720 93
693 721 192
694 722 140
695 723 141
696 724 55
697 725 110
698 725 70
699 726 97
700 727 39
701 727 168
702 728 75
703 729 22
704 730 135
705 731 159
706 732 175
707 733 170
708 734 68
709 735 20
710 736 92
711 737 109
712 738 171
712 739 67
713 740 175
714 741 93
714 742 93
715 743 133
715 744 180
716 745 19
717 746 76
717 747 199
717 748 45
718 749 162
718 750 106
719 751 1
719 752 49
720 753 68
720 754 8
721 755 143
721 756 88
722 757 102
723 758 162
723 759 158
724 760 33
725 761 16
726 762 117
727 763 60
728 764 107
729 765 34
730 766 83
731 767 90
732 768 58
733 769 171
734 770 119
735 771 192
736 772 36
737 773 6
738 774 67
739 775 147
740 776 161
741 777 168
742 777 164
743 778 36
744 779 198
745 779 127
746 780 168
747 781 167
748 782 78
749 783 4
750 784 86
751 785 195
752 786 153
753 787 118
754 787 183
755 788 66
756 788 95
757 789 199
758 789 87
759 790 69
760 791 86
761 792 142
762 793 31
763 794 13
764 795 137
765 795 155
766 796 153
767 797 157
768 798 158
769 799 156
770 799 23
771 800 15
772 800 35
773 800 40
774 800 20
775 800 47
776 800 12
777 800 63
778 800 16
779 800 196
780 800 42
781 800 21
782 800 99
783 800 62
784 800 189
785 800 122
786 800 11
787 800 50
788 800 97
789 800 81
790 800 89
791 800 19
792 800 109
793 800 170
794 800 181
795 800 73
796 800 115
797 800 9
798 800 174
799 800 100
