1 2 5
1 3 3
1 4 10
2 5 13
2 6 2
3 7 7
3 8 12
4 9 10
4 10 9
4 11 10
5 12 13
6 13 1
6 14 3
7 15 2
7 16 11
8 17 3
8 18 3
8 19 5
9 20 8
9 21 13
10 22 10
11 23 2
12 24 13
13 25 1
14 26 7
14 27 9
15 28 10
16 29 8
17 30 1
18 31 4
19 32 9
20 33 6
21 34 5
22 35 12
22 36 6
23 37 3
24 38 1
25 38 5
26 39 5
27 39 12
28 40 13
29 41 8
30 42 4
31 43 4
32 44 4
33 44 2
34 45 7
35 45 2
36 46 1
37 46 4
38 47 3
38 48 2
39 49 2
39 50 10
39 51 11
40 52 7
41 53 12
42 54 2
43 55 9
43 56 6
44 57 2
44 58 9
44 59 12
45 60 2
46 61 11
46 62 2
47 63 10
48 63 13
49 64 8
50 64 6
51 64 11
52 65 4
53 65 12
54 66 8
55 67 13
56 68 13
57 68 10
58 68 5
59 69 1
60 69 11
61 70 4
62 70 1
63 71 8
64 72 9
65 73 7
66 73 8
67 74 2
68 75 5
69 76 13
70 77 6
71 78 7
72 79 7
73 80 4
74 81 3
75 82 11
75 83 1
76 84 2
76 85 4
77 86 5
77 87 9
78 88 8
78 89 3
79 90 10
80 91 1
80 92 4
80 93 7
81 94 9
82 95 13
82 96 9
82 97 7
83 98 13
84 99 2
84 100 7
85 101 10
86 102 11
87 103 2
87 104 7
88 105 8
89 106 11
90 107 7
91 108 5
92 109 9
93 109 4
94 110 6
95 111 6
96 112 3
97 113 4
98 114 7
99 115 9
100 115 4
101 116 6
102 117 3
103 118 8
104 119 1
105 120 3
106 120 10
107 121 5
108 121 11
109 121 6
110 121 6
111 122 6
112 123 7
113 124 9
114 125 11
115 126 3
116 126 9
117 127 9
118 128 10
119 128 7
120 129 13
121 130 2
122 130 11
123 131 9
124 132 2
125 133 10
126 134 10
127 134 4
128 135 10
129 136 2
130 137 12
130 138 4
131 139 11
132 140 5
132 141 4
132 142 11
133 143 1
133 144 1
134 145 10
134 146 2
134 147 4
135 148 13
135 149 2
135 150 8
136 151 12
137 152 1
138 153 7
139 154 7
140 155 2
141 156 5
142 157 2
143 158 8
144 159 2
145 160 13
146 161 1
147 162 5
148 163 10
149 164 6
150 165 9
151 166 5
152 167 9
153 168 8
154 168 3
155 169 13
156 169 7
157 170 9
158 170 8
159 171 5
160 172 3
161 173 10
162 173 10
163 174 12
164 174 2
165 175 12
166 176 7
167 177 6
168 178 13
169 179 12
170 179 13
171 180 12
172 181 9
173 182 1
174 183 12
175 184 8
176 185 3
177 186 12
178 186 6
179 186 9
180 187 1
181 188 12
182 188 2
183 189 2
184 190 8
185 191 7
185 192 5
186 193 11
186 194 6
187 195 7
187 196 1
187 197 10
188 198 5
188 199 9
189 200 6
190 201 3
190 202 8
191 203 5
192 204 1
193 205 4
194 206 12
195 207 6
196 208 4
197 209 2
198 210 5
199 211 12
200 212 12
201 213 5
202 214 13
203 215 7
203 216 3
204 217 11
204 218 5
205 219 3
205 220 4
205 221 11
206 222 2
206 223 4
206 224 8
207 225 4
207 226 2
207 227 8
208 228 5
208 229 9
209 230 6
209 231 2
209 232 11
210 233 6
210 234 10
211 235 12
212 236 12
212 237 6
213 238 4
213 239 1
213 240 9
214 241 8
215 242 5
216 242 7
217 242 11
218 243 4
219 243 2
220 244 8
221 244 11
222 244 6
223 245 4
224 245 9
225 245 11
226 245 13
227 245 2
228 245 4
229 245 2
230 245 12
231 246 6
232 246 11
233 246 13
234 246 6
235 247 4
236 247 10
237 248 12
238 248 6
239 248 3
240 248 4
241 249 9
242 250 1
243 251 7
244 251 6
245 252 7
246 253 11
247 254 1
248 254 2
249 255 12
250 256 4
250 257 3
251 258 3
251 259 1
251 260 8
252 261 3
252 262 5
252 263 1
253 264 4
253 265 8
254 266 12
254 267 10
255 268 9
255 269 2
255 270 7
256 271 12
257 272 6
258 273 7
259 273 13
260 273 13
261 274 11
262 275 9
263 276 11
264 277 2
265 278 1
266 278 12
267 279 8
268 280 3
269 281 3
270 282 5
271 283 10
272 284 2
273 285 8
274 285 9
275 286 7
276 287 12
277 288 9
278 289 8
279 290 8
280 290 11
281 291 10
282 292 13
283 293 9
284 294 5
285 295 5
286 296 12
287 297 5
288 298 13
289 299 3
289 300 7
290 301 12
291 302 2
291 303 4
292 304 11
293 305 10
294 306 9
295 307 6
295 308 8
296 309 12
297 310 11
298 311 8
299 312 6
300 313 5
301 314 8
301 315 10
302 316 12
303 317 4
304 318 5
305 319 11
306 320 11
307 321 9
308 322 9
309 323 10
310 324 10
311 325 1
312 326 3
313 327 3
314 328 11
315 329 10
316 330 11
317 331 10
318 332 9
319 333 1
320 334 11
321 335 12
322 336 10
323 337 3
324 338 7
325 339 11
326 340 2
327 341 8
328 342 2
329 343 4
329 344 5
330 345 10
330 346 1
331 347 7
332 348 8
333 349 13
334 350 11
335 350 1
336 351 11
337 351 11
338 352 4
339 353 12
340 354 4
341 355 13
342 356 4
343 357 3
344 357 4
345 358 7
346 359 10
347 360 10
348 361 3
349 362 13
350 362 6
351 362 3
352 363 8
353 363 8
354 363 3
355 363 3
356 364 1
357 364 10
358 364 6
359 365 7
360 366 9
361 367 12
362 368 7
362 369 10
363 370 10
363 371 9
364 372 1
364 373 13
365 374 9
366 375 6
367 376 8
367 377 10
367 378 13
368 379 6
369 379 5
370 380 3
371 381 8
372 381 12
373 382 8
374 383 11
375 383 6
376 384 3
377 385 12
378 386 12
379 387 5
380 388 4
381 389 8
381 390 4
382 391 10
383 392 4
384 393 8
385 394 2
385 395 7
386 396 3
387 397 12
387 398 1
388 399 12
388 400 3
389 401 10
390 402 10
390 403 11
390 404 9
391 405 12
391 406 3
392 407 1
392 408 10
393 409 10
393 410 10
394 411 13
394 412 9
394 413 13
395 414 4
396 415 13
396 416 10
397 417 12
398 417 3
399 417 5
400 418 8
401 418 13
402 418 9
403 418 9
404 419 6
405 419 2
406 419 12
407 420 1
408 420 7
409 420 3
410 420 10
411 420 3
412 421 7
413 421 9
414 421 12
415 421 12
416 421 9
417 422 9
417 423 9
417 424 13
418 425 7
418 426 1
418 427 9
419 428 12
419 429 6
420 430 6
420 431 9
421 432 5
421 433 3
421 434 13
422 435 9
423 436 4
424 437 8
425 438 13
426 439 13
427 440 5
428 441 9
429 442 1
430 443 10
431 444 8
432 445 1
433 446 3
434 447 5
435 448 9
436 449 7
437 449 8
438 450 2
439 451 13
440 451 1
441 452 12
442 453 4
443 453 4
444 454 12
445 455 4
446 456 10
447 457 7
448 458 9
448 459 11
449 460 4
450 461 9
451 462 13
452 463 3
452 464 6
452 465 4
453 466 4
453 467 12
454 468 7
455 469 3
455 470 5
456 471 10
457 472 2
458 473 7
459 474 11
460 475 4
461 476 4
462 477 7
463 478 1
464 479 11
465 480 6
466 481 2
467 482 12
468 483 4
469 484 13
470 485 4
471 486 11
472 487 8
473 488 9
474 489 3
475 490 5
476 491 1
477 492 11
478 493 6
479 493 9
480 494 1
481 495 3
482 495 7
483 496 13
484 497 1
485 497 10
486 498 3
487 499 7
488 500 5
489 500 12
490 500 12
491 500 9
492 500 13
493 500 11
494 500 9
495 500 9
496 500 8
497 500 9
498 500 12
499 500 7
