1 2 48
1 3 43
1 4 8
1 5 36
2 6 37
2 7 41
2 8 40
2 9 32
3 10 32
3 11 18
4 12 27
4 13 2
4 14 9
4 15 34
5 16 29
5 17 10
5 18 1
5 19 14
5 20 11
6 21 5
7 22 44
8 23 6
9 24 38
10 25 44
11 26 11
12 27 21
13 28 37
14 29 46
15 30 21
16 31 18
17 32 47
18 33 18
19 34 7
20 35 39
20 36 47
21 37 16
22 38 46
23 39 35
24 40 23
25 41 12
25 42 8
26 43 44
27 44 9
27 45 23
28 46 27
29 47 21
30 48 2
31 49 7
31 50 10
31 51 48
32 52 43
32 53 22
33 54 16
34 55 21
35 56 39
36 57 38
37 58 17
38 58 20
39 59 23
40 60 23
41 61 17
42 61 9
43 61 44
44 62 41
45 63 45
46 63 32
47 63 49
48 63 17
49 64 31
50 65 2
51 65 4
52 66 1
53 67 29
54 67 3
55 67 1
56 68 27
57 68 18
58 69 19
59 70 6
60 71 48
61 72 3
62 73 7
62 74 22
63 75 27
64 76 5
64 77 7
65 78 25
66 79 15
67 80 12
68 81 27
69 82 4
69 83 38
70 84 25
71 85 5
72 86 6
73 87 43
73 88 28
73 89 14
73 90 37
74 91 43
75 92 6
76 93 2
77 94 5
78 95 23
79 96 18
79 97 8
80 98 10
80 99 30
81 100 28
82 101 13
83 102 47
84 103 45
85 104 24
86 105 24
87 106 49
88 107 47
89 108 42
90 109 25
91 110 14
92 111 24
93 112 37
94 113 25
95 114 27
96 115 35
97 116 20
98 117 28
99 118 3
100 119 37
101 120 37
102 120 8
103 121 28
104 122 38
105 123 23
106 124 17
107 125 21
108 125 22
109 126 41
110 127 43
111 128 45
112 128 16
113 129 19
114 130 9
115 131 6
116 131 36
117 132 27
118 133 16
119 133 32
120 134 3
120 135 37
120 136 42
121 137 11
121 138 8
122 139 40
123 140 34
123 141 1
124 142 6
125 143 44
126 144 21
127 145 18
128 146 13
129 147 16
129 148 18
130 149 15
131 150 36
132 151 37
133 152 38
133 153 15
134 154 16
135 155 11
136 156 23
137 157 2
138 158 32
139 159 22
140 160 1
141 161 18
142 162 36
143 163 33
144 164 26
145 165 13
146 166 5
147 167 17
148 168 7
149 169 36
150 170 27
151 171 35
152 172 25
153 173 1
154 174 42
155 175 40
156 176 11
157 177 49
158 178 15
159 178 40
160 179 32
161 180 8
162 181 23
163 182 21
164 183 20
165 184 13
166 185 26
167 186 42
168 187 46
169 188 38
170 189 49
171 190 46
172 191 23
173 192 49
174 193 48
175 193 49
176 193 39
177 194 14
178 195 21
179 196 46
180 196 38
181 197 30
182 198 11
183 199 2
184 200 44
185 201 39
186 201 25
187 202 21
188 202 47
189 203 10
190 204 49
191 205 27
192 206 3
193 207 8
194 208 37
195 209 34
195 210 32
196 211 42
197 212 4
197 213 9
198 214 42
199 215 23
199 216 44
200 217 4
201 218 4
202 219 12
202 220 27
203 221 10
203 222 7
204 223 39
205 224 26
205 225 36
206 226 46
206 227 1
207 228 38
208 228 46
209 228 24
210 229 22
211 230 40
212 231 32
213 231 38
214 232 41
215 232 28
216 233 7
217 233 16
218 233 6
219 234 49
220 235 15
221 236 36
222 237 35
223 238 11
224 239 8
225 239 27
226 240 28
227 240 44
228 241 33
229 242 5
230 243 8
231 244 38
232 245 19
233 246 7
234 247 1
235 248 12
236 249 28
237 250 14
238 251 16
239 252 38
240 253 11
241 254 38
241 255 45
241 256 43
242 257 18
243 258 42
243 259 26
244 260 43
245 261 26
245 262 10
246 263 25
247 264 27
247 265 46
248 266 22
249 267 30
249 268 29
250 269 22
250 270 25
251 271 14
251 272 5
252 273 49
253 274 11
254 275 18
255 275 38
256 276 24
257 277 32
258 277 25
259 278 3
260 278 28
261 279 34
262 280 14
263 281 41
264 282 30
265 283 45
266 283 48
267 284 18
268 284 19
269 285 33
270 286 30
271 287 29
272 288 44
273 288 15
274 288 44
275 289 47
276 290 27
277 291 28
278 292 24
278 293 46
279 294 9
279 295 27
280 296 44
280 297 23
281 298 48
282 299 4
283 300 19
284 301 11
285 302 8
285 303 20
285 304 12
286 305 47
287 306 37
288 307 43
289 308 3
290 309 24
291 310 19
292 311 20
292 312 1
293 313 6
294 314 22
295 315 40
296 316 13
297 317 34
298 318 16
299 319 6
300 320 23
301 321 1
302 322 10
303 323 24
303 324 45
304 325 1
305 326 4
306 327 31
307 328 16
308 329 38
309 330 20
310 330 25
311 330 3
312 330 37
313 331 23
314 331 24
315 332 23
316 332 7
317 332 19
318 333 38
319 334 27
320 334 42
321 334 9
322 335 22
323 336 37
324 337 6
325 337 2
326 338 48
327 338 29
328 339 16
329 340 44
330 341 45
331 342 16
331 343 21
332 344 29
333 345 6
334 346 6
335 347 43
335 348 4
335 349 35
336 350 46
336 351 30
337 352 15
338 353 27
338 354 4
339 355 14
340 356 33
341 357 25
342 358 48
343 359 43
344 360 35
345 361 14
346 362 29
347 363 40
348 364 45
349 365 43
350 366 27
351 367 48
351 368 11
352 369 38
353 370 5
353 371 44
354 372 42
355 373 32
356 374 36
357 375 21
358 375 8
359 376 16
360 377 39
361 378 27
362 378 28
363 379 6
364 380 11
365 381 29
366 382 36
367 383 2
368 384 18
369 385 49
370 386 11
371 387 45
372 388 28
373 389 7
374 390 48
375 391 19
376 392 48
377 392 31
378 392 15
379 393 10
380 393 28
381 394 13
382 394 42
383 395 47
384 396 12
385 397 46
386 398 33
387 399 26
388 400 4
389 400 11
390 401 15
391 402 8
392 403 17
393 404 21
394 405 7
394 406 32
394 407 30
395 408 34
396 409 31
397 410 25
397 411 28
398 412 19
399 413 6
400 414 33
400 415 12
401 416 6
402 417 47
403 417 30
404 418 15
405 419 7
406 419 42
407 420 10
408 421 2
409 422 11
410 423 13
411 424 37
412 424 33
413 425 19
414 426 33
415 427 46
416 428 40
417 429 5
418 430 18
419 431 13
420 431 10
421 432 21
422 433 22
423 434 11
424 435 21
425 436 44
426 437 19
427 438 17
428 439 37
428 440 4
428 441 9
428 442 37
429 443 14
430 444 39
430 445 36
431 446 21
431 447 7
432 448 35
432 449 40
433 450 17
433 451 2
433 452 1
434 453 26
435 454 49
436 455 34
436 456 32
437 457 2
437 458 41
438 459 16
439 460 9
440 461 9
441 462 9
442 462 42
443 463 24
444 464 12
445 464 49
446 465 46
447 465 35
448 466 47
449 467 32
450 468 2
451 469 31
452 470 15
453 470 11
454 470 47
455 471 22
456 472 43
457 473 36
458 474 43
459 474 8
460 475 8
461 476 35
462 477 44
463 478 15
464 479 37
465 480 5
466 481 19
467 481 11
468 482 36
469 483 27
470 484 25
471 485 25
472 486 42
473 487 37
474 488 6
475 489 21
476 490 25
477 491 42
478 492 16
479 493 40
480 494 13
481 495 2
482 496 29
483 497 38
484 498 47
485 499 17
486 500 7
487 501 14
488 502 24
489 503 18
490 504 11
491 505 4
492 505 37
493 506 46
494 507 22
495 508 4
496 509 31
497 509 45
498 510 9
499 510 38
500 511 4
501 512 27
502 512 29
503 513 37
504 514 21
505 515 40
505 516 31
506 517 18
506 518 23
507 519 7
507 520 40
508 521 49
508 522 10
508 523 28
508 524 40
509 525 48
510 526 28
511 527 16
511 528 9
512 529 34
512 530 35
512 531 40
513 532 2
514 532 28
515 533 9
516 534 25
517 535 20
518 536 4
519 536 16
520 537 18
521 538 3
522 538 29
523 539 8
524 540 22
525 540 20
526 541 38
527 542 8
528 542 29
529 543 26
530 544 34
531 545 26
532 546 34
533 547 29
534 548 16
535 549 46
536 550 15
537 551 3
538 552 1
539 553 5
540 554 43
540 555 13
541 556 24
542 557 20
543 558 4
543 559 19
544 560 22
545 561 44
546 562 11
547 563 17
548 564 7
549 564 2
550 565 28
551 565 32
552 566 19
553 566 31
554 567 11
555 568 6
556 569 30
557 570 49
558 571 2
559 571 20
560 571 37
561 571 25
562 572 44
563 573 47
563 574 17
564 575 48
565 576 25
565 577 1
566 578 28
567 579 19
568 580 22
568 581 33
569 582 1
570 583 31
570 584 44
571 585 9
572 586 1
573 587 19
574 588 25
575 589 23
576 590 41
577 591 47
578 592 5
579 593 8
580 594 17
581 595 5
582 596 49
583 597 38
584 598 32
585 599 25
586 600 34
587 600 22
588 600 33
589 600 39
590 600 41
591 600 19
592 600 22
593 600 5
594 600 35
595 600 17
596 600 49
597 600 2
598 600 19
599 600 38
