1 2 1 1 1 1 1 2
1 1 1 2 2 2 1 2
19 19 19 18 19 18 18 19
4 4 3 3 4 4 3 4
19 18 19 18 18 19 19 19
16 16 16 15 15 15 15 15
18 18 18 17 17 17 17 18
16 17 16 16 16 17 17 17
5 5 6 6 6 5 5 5
9 8 9 8 9 9 8 8
3 3 3 4 4 3 4 3
3 3 3 4 4 4 3 3
6 7 7 6 6 6 7 7
2 1 2 1 1 1 2 2
15 15 14 15 15 15 14 14
14 14 14 14 15 14 14 15
12 12 11 11 11 11 12 12
7 7 7 7 7 8 7 8
5 5 5 5 4 4 4 4
6 5 6 5 6 6 6 6
18 19 19 19 19 18 19 18
17 18 18 17 17 18 18 18
5 5 6 6 5 5 5 6
1 1 2 2 1 1 2 2
7 7 8 8 8 8 8 8
5 6 5 6 5 5 6 5
4 3 3 3 4 4 4 3
18 19 18 19 18 18 19 19
10 9 10 9 10 9 9 10
2 1 2 2 2 1 1 1
10 10 10 11 10 11 11 10
11 11 10 11 10 10 11 11
15 15 16 15 15 16 16 16
7 7 6 7 6 7 7 6
4 4 5 5 4 4 4 4
13 13 13 13 12 12 12 13
10 9 9 10 10 9 9 10
4 4 4 3 4 3 4 4
9 9 9 9 9 10 10 10
16 16 16 15 16 16 16 16
8 9 8 8 8 8 9 9
11 12 12 11 12 11 11 11
17 18 17 17 17 17 18 17
2 3 2 2 3 3 3 2
8 9 9 8 8 9 8 9
13 13 14 14 13 14 14 14
7 8 7 7 7 8 7 8
8 8 7 8 8 8 8 8
11 11 12 12 11 11 12 12
11 11 11 11 11 10 10 11
9 9 8 8 8 9 9 8
17 17 18 18 18 18 17 17
8 8 8 8 7 8 7 8
14 14 14 15 15 15 14 14
18 19 19 18 18 19 18 19
18 18 18 17 17 17 18 17
16 15 15 16 15 16 16 16
2 2 2 3 3 3 2 2
11 11 11 11 11 12 11 12
8 8 8 8 7 8 7 7
19 19 19 19 19 19 18 19
18 18 19 18 19 19 18 18
5 5 5 4 4 4 4 5
17 17 17 17 17 16 16 17
2 2 1 2 1 2 2 1
6 6 5 6 6 5 6 5
12 12 12 13 12 12 12 12
4 4 4 4 5 4 5 5
6 7 7 6 7 6 6 7
7 6 6 7 7 6 6 7
13 14 13 13 13 13 13 14
9 9 8 9 9 9 8 9
18 19 19 18 18 18 18 18
14 13 13 13 13 13 14 13
9 10 10 9 10 10 10 9
12 13 13 12 13 12 12 13
6 6 7 6 7 7 7 6
18 18 19 19 18 19 18 19
12 11 11 12 12 11 12 11
3 3 3 3 3 3 4 4
3 3 3 4 4 3 4 3
15 14 15 14 15 14 15 14
14 13 13 13 13 14 13 13
19 18 18 18 19 19 19 19
2 2 2 2 2 1 1 1
12 12 12 13 13 12 13 13
13 14 13 14 14 14 13 13
5 4 5 5 5 5 5 5
4 4 5 4 4 4 5 4
11 10 11 11 11 11 11 11
9 9 10 10 9 9 10 9
8 9 9 9 9 9 9 8
15 15 16 16 16 15 16 15
4 3 3 3 3 4 3 3
1 1 2 2 1 1 1 1
9 9 10 10 9 9 10 9
5 4 4 5 4 5 4 5
15 15 15 15 14 15 15 15
15 15 15 15 16 15 15 15
9 8 9 8 8 9 9 9
12 12 12 12 11 11 11 12
3 2 2 3 2 2 2 3
3 4 3 4 3 4 3 3
5 4 5 4 5 4 4 5
11 10 10 10 10 11 10 10
8 8 7 8 7 7 7 7
19 18 18 19 18 18 19 18
15 15 14 15 15 15 15 15
6 6 6 5 5 6 5 5
11 11 11 11 11 11 12 11
10 11 11 10 11 10 11 11
12 12 12 12 11 11 12 11
18 17 18 18 17 17 17 18
12 13 13 12 13 12 12 12
5 5 5 6 6 6 6 6
12 13 12 13 12 12 12 13
16 16 16 16 15 16 16 16
2 3 3 3 2 2 2 3
8 9 8 8 8 8 8 9
8 8 8 8 8 9 8 9
18 18 17 18 17 18 17 18
8 7 8 7 8 7 8 8
3 3 2 3 2 2 2 2
8 9 9 9 9 9 8 9
17 17 16 16 17 16 16 17
6 6 5 6 6 5 6 5
19 18 19 19 18 18 19 18
9 9 10 10 9 10 9 10
8 7 7 7 8 7 7 8
13 14 13 13 13 14 14 14
1 1 1 2 2 1 1 1
1 2 1 2 2 1 1 1
15 16 16 16 15 16 16 15
9 9 8 9 9 8 9 8
12 12 13 12 13 13 12 12
4 4 3 3 4 4 3 3
3 2 3 2 3 2 3 3
3 3 3 3 4 4 4 4
12 12 12 12 12 12 12 11
11 11 11 12 11 11 12 11
17 18 18 18 17 17 17 17
4 5 4 5 5 4 5 5
7 7 7 6 6 7 6 7
2 2 2 2 2 1 2 1
17 17 17 16 16 17 17 16
3 3 3 3 2 2 2 3
14 13 13 13 14 13 14 13
14 14 14 15 14 15 14 15
11 12 11 11 11 12 12 11
9 9 9 8 9 8 9 9
6 7 6 7 7 7 6 7
2 1 1 1 2 2 1 2
13 12 13 13 12 13 13 13
8 8 7 7 8 7 7 7
5 4 5 5 4 4 5 4
1 1 2 1 1 1 1 1
12 12 12 12 11 12 11 12
17 17 17 17 17 18 17 18
13 13 12 13 12 13 13 12
5 5 5 4 4 5 5 4
5 6 6 6 5 5 6 5
19 18 19 18 18 18 18 18
10 9 9 10 10 9 10 9
2 1 1 2 1 1 1 1
2 3 3 3 3 2 2 2
11 12 12 11 11 11 12 11
12 12 13 13 12 13 12 12
7 7 8 8 8 7 7 7
18 18 17 17 17 17 17 17
18 19 18 19 18 18 19 19
15 15 15 14 14 15 15 14
6 7 7 6 7 6 6 6
9 10 9 9 9 9 10 9
3 3 2 3 3 3 3 3
10 10 10 10 11 10 10 11
2 2 2 2 1 2 1 1
13 14 13 14 13 13 14 14
10 9 10 10 10 10 9 9
10 10 10 10 10 9 9 9
2 2 2 2 3 3 2 2
16 16 16 16 17 16 17 16
15 15 16 16 15 16 16 15
5 5 5 5 5 5 5 4
11 12 11 11 12 12 11 12
5 6 6 5 6 6 5 5
17 17 18 17 17 17 17 17
3 3 3 4 3 4 3 4
13 13 14 13 14 13 14 13
5 5 4 4 5 5 4 4
8 7 8 8 7 7 8 8
6 5 5 5 5 6 5 5
7 7 8 8 8 8 7 7
12 11 11 12 11 11 12 11
11 11 11 11 11 11 10 11
2 2 2 2 3 2 2 2
4 4 3 4 3 4 4 4
17 17 18 17 17 17 18 17
13 13 13 12 13 13 12 12
3 3 3 3 3 2 2 3
11 10 11 10 10 11 11 11
