1 2 10
1 3 16
1 4 29
1 5 6
2 6 14
2 7 7
2 8 12
2 9 25
3 10 27
3 11 21
3 12 23
3 13 12
4 14 1
4 15 20
4 16 5
5 17 20
5 18 14
6 19 21
7 20 14
8 20 26
9 21 6
10 22 18
11 23 19
12 24 3
13 24 3
14 25 4
15 25 6
16 26 23
17 27 10
18 28 9
19 29 11
19 30 23
20 31 27
21 32 1
22 33 28
22 34 8
22 35 29
22 36 26
23 37 11
23 38 16
24 39 8
24 40 24
24 41 17
25 42 23
26 43 8
27 44 9
28 45 1
28 46 2
29 47 2
30 48 24
31 49 27
32 50 19
33 51 24
34 52 27
35 53 9
36 54 19
37 55 23
38 55 3
39 56 15
40 57 18
41 57 1
42 58 17
43 59 24
44 59 27
45 60 11
46 61 13
47 62 9
48 63 27
49 64 10
50 65 2
51 66 11
52 67 6
53 68 22
54 69 6
55 70 4
56 71 5
57 72 25
58 73 10
59 74 2
60 75 15
61 76 26
62 77 15
63 78 26
64 79 2
65 80 15
66 81 6
66 82 8
67 83 10
68 84 7
69 85 19
70 86 15
71 87 17
72 88 22
73 89 15
74 90 25
75 91 17
76 92 26
77 93 5
78 94 21
79 95 8
80 96 15
81 97 29
82 98 19
83 99 20
84 100 27
85 101 3
86 102 2
87 103 9
88 104 2
89 105 4
90 105 6
91 106 14
92 106 21
93 107 20
94 108 2
95 109 26
96 110 10
97 111 26
98 112 22
98 113 13
98 114 9
98 115 4
99 116 16
100 117 15
101 118 18
102 119 11
103 120 9
104 121 18
105 122 18
106 123 22
106 124 9
107 125 27
108 126 14
109 127 16
110 127 22
111 128 10
112 129 7
113 129 12
114 130 17
115 131 28
116 131 5
117 132 2
118 133 2
119 133 25
120 134 9
121 135 28
122 136 21
123 136 26
124 137 23
125 138 17
125 139 12
126 140 23
127 141 2
128 142 13
129 143 24
130 144 13
131 145 4
132 146 26
133 147 20
134 148 9
135 149 12
136 150 6
137 151 26
138 152 3
139 153 12
140 154 19
141 155 28
142 155 17
143 155 12
144 156 2
145 157 12
146 157 11
147 158 19
148 159 2
149 160 16
150 161 20
151 161 26
152 162 7
153 163 19
154 164 19
155 165 3
156 166 26
156 167 5
157 168 12
158 169 14
158 170 20
159 171 26
159 172 11
159 173 8
160 174 8
161 175 6
161 176 22
161 177 5
162 178 24
163 178 22
164 179 1
165 180 8
166 181 19
167 181 18
168 182 2
169 183 17
170 184 27
171 184 24
172 185 19
173 186 14
174 186 4
175 187 26
176 188 16
177 189 29
178 190 28
179 191 6
180 192 5
180 193 15
181 194 6
182 195 18
183 196 6
184 197 4
185 198 6
186 199 19
187 200 22
188 201 8
189 202 8
190 203 4
190 204 22
191 205 8
192 206 3
193 207 28
193 208 29
194 209 21
195 210 5
196 211 14
197 212 2
198 213 10
199 214 11
200 215 3
200 216 2
201 217 23
202 218 9
203 219 7
204 220 17
205 221 29
206 222 7
206 223 2
207 224 4
208 225 29
208 226 11
209 227 1
210 228 10
211 229 14
212 230 27
213 231 28
214 232 15
215 233 1
216 234 6
217 235 26
218 236 6
219 237 18
220 238 7
221 239 19
222 240 5
223 240 12
224 241 7
225 242 3
226 242 11
227 243 12
228 244 19
229 244 12
230 245 26
231 246 3
232 247 12
233 248 4
234 249 13
235 249 5
236 250 9
237 251 3
238 252 4
239 253 7
240 254 4
241 255 27
242 256 27
243 257 5
244 258 5
245 259 28
246 259 13
247 260 17
248 261 20
249 262 2
250 263 9
251 264 22
252 265 5
253 266 9
253 267 4
254 268 22
255 269 28
256 270 1
257 271 13
258 272 29
259 273 8
260 274 12
261 275 4
262 276 27
263 277 17
264 278 29
265 279 2
266 280 17
267 281 2
268 282 3
269 283 25
269 284 18
270 285 9
271 286 18
272 287 1
273 288 14
274 289 11
275 290 21
276 291 19
277 292 17
278 293 23
279 294 7
280 295 5
281 296 10
282 297 28
283 298 29
284 299 9
284 300 19
285 301 21
286 302 15
287 303 19
288 304 17
289 305 10
290 306 27
291 307 22
292 308 20
293 309 19
294 310 13
295 311 5
296 312 8
297 313 26
298 313 24
299 314 20
300 314 19
301 315 26
302 316 22
303 316 29
304 317 3
305 317 8
306 317 16
307 317 15
308 318 18
309 319 23
310 320 9
310 321 8
311 322 6
312 323 17
313 324 17
314 325 7
315 326 8
316 327 26
317 328 29
318 329 17
319 330 3
320 331 5
321 332 15
322 333 1
323 334 24
324 335 13
325 336 20
326 337 28
326 338 12
326 339 19
326 340 2
327 341 15
328 342 6
329 343 14
329 344 16
329 345 18
330 346 12
331 347 4
331 348 10
332 349 2
333 350 22
334 351 5
335 352 19
336 353 27
337 354 26
338 355 1
339 356 3
340 357 28
341 358 25
342 359 17
343 360 21
344 361 28
345 362 10
345 363 10
346 364 22
347 365 8
348 366 15
349 367 22
350 368 4
351 369 24
352 370 17
353 371 4
354 372 11
355 373 3
356 373 18
357 374 19
358 375 18
359 376 12
360 377 19
361 377 27
362 378 15
363 378 11
364 379 1
365 380 27
365 381 23
366 382 7
367 383 28
368 384 4
369 385 2
370 386 29
371 387 25
372 388 21
373 389 9
374 390 5
375 391 13
376 392 29
377 393 26
378 394 10
379 395 17
380 395 9
381 396 12
382 396 9
383 397 19
384 397 28
385 398 28
386 399 6
387 399 10
388 400 13
389 400 26
390 401 17
391 402 7
392 403 28
393 404 4
394 404 19
395 405 14
396 406 27
397 407 8
398 408 15
398 409 13
399 410 12
400 411 5
401 412 19
402 413 19
403 414 23
404 415 22
405 416 2
406 417 26
407 418 20
408 419 13
409 420 29
409 421 26
410 422 12
410 423 26
410 424 7
411 425 23
412 426 17
413 427 14
414 428 6
415 429 22
415 430 23
416 431 8
417 432 25
418 433 6
419 434 18
420 435 23
421 436 2
422 437 24
423 438 14
424 439 25
425 440 28
426 441 25
427 442 1
428 443 14
429 444 9
430 445 3
431 446 13
432 447 2
433 448 17
434 449 6
435 450 12
436 451 21
437 452 20
438 453 15
439 454 8
440 455 24
441 456 15
442 457 22
443 458 5
444 459 8
445 460 18
446 461 3
447 461 6
448 462 29
449 462 24
450 463 7
451 464 25
452 464 15
453 465 6
454 465 1
455 466 11
456 467 15
457 468 28
458 469 27
459 470 26
460 470 27
461 471 2
462 472 23
463 473 8
464 474 6
464 475 2
464 476 29
465 477 10
465 478 11
466 479 14
467 480 2
468 481 3
469 482 18
470 483 13
471 484 11
472 485 11
473 486 29
474 487 16
475 487 20
476 488 7
477 489 18
478 490 18
479 491 16
480 492 29
481 493 8
482 494 27
483 495 4
484 496 11
485 497 14
486 498 14
486 499 8
487 500 28
488 501 2
489 502 1
489 503 11
490 504 24
491 505 16
492 506 15
493 507 12
494 508 14
494 509 6
495 510 26
496 511 9
496 512 26
497 513 9
497 514 5
498 515 18
499 516 9
500 517 25
501 518 16
502 519 13
503 520 8
504 521 1
505 522 17
506 523 5
507 524 11
508 525 7
509 526 17
510 527 6
511 528 27
512 528 5
513 529 29
514 530 24
515 531 22
516 532 1
517 533 16
518 534 21
519 535 24
520 536 27
521 537 12
522 538 17
523 539 20
524 540 23
525 541 13
526 542 5
527 543 16
528 544 24
529 545 5
530 546 21
531 547 12
532 548 14
533 549 1
534 550 13
535 551 2
536 552 29
537 553 4
538 554 16
539 555 20
540 556 28
541 557 9
542 558 3
543 559 20
544 560 9
545 561 29
546 562 3
547 563 15
548 564 19
549 565 19
550 566 17
551 567 27
552 568 14
553 569 2
554 570 28
555 571 22
556 572 10
557 573 21
558 574 29
558 575 18
559 576 28
560 577 2
561 578 26
562 578 13
563 579 1
564 579 27
565 580 27
566 580 2
567 581 10
568 582 13
569 583 27
570 584 28
571 584 1
572 585 28
573 586 16
574 587 14
575 588 26
576 589 27
577 590 25
578 591 6
579 592 17
580 593 3
581 594 14
582 595 12
583 596 14
584 597 8
585 598 29
586 599 6
587 600 10
588 601 19
589 602 10
590 603 18
591 604 17
592 605 17
593 606 23
594 607 15
595 608 23
596 609 19
597 610 15
598 611 11
599 611 24
600 612 20
601 612 22
602 613 12
603 614 10
604 615 1
605 616 13
606 617 17
607 618 26
608 619 3
609 620 13
610 621 4
611 622 11
612 623 10
613 623 27
614 624 12
615 625 16
616 626 17
617 627 4
618 628 16
619 629 12
620 630 13
621 631 27
622 632 19
623 633 11
624 634 17
625 635 8
625 636 4
625 637 17
626 638 6
627 639 14
627 640 2
628 641 15
629 642 13
629 643 9
630 644 11
631 645 17
631 646 16
631 647 4
632 648 12
633 649 27
634 650 22
635 651 11
636 652 7
637 653 6
638 654 15
639 655 6
640 656 24
641 657 14
642 658 7
643 659 24
644 660 16
645 661 25
646 662 26
647 663 2
648 664 29
649 664 16
650 665 4
651 666 7
652 667 4
653 668 12
654 669 5
655 670 21
655 671 6
656 672 9
657 673 21
658 674 23
659 675 5
660 676 1
661 677 6
662 678 27
663 679 2
664 680 20
664 681 13
665 682 27
665 683 18
666 684 3
667 685 18
668 686 29
669 687 3
670 688 29
671 689 14
672 690 26
673 691 5
674 692 7
675 693 23
676 694 1
677 695 19
678 696 6
679 697 11
680 698 11
681 699 19
682 700 1
683 700 9
684 700 23
685 700 15
686 700 11
687 700 29
688 700 5
689 700 3
690 700 3
691 700 10
692 700 18
693 700 22
694 700 27
695 700 19
696 700 24
697 700 6
698 700 12
699 700 4
