1 2 2
1 3 86
1 4 95
2 5 71
2 6 38
3 7 20
3 8 5
3 9 11
3 10 99
3 11 36
4 12 2
4 13 88
4 14 23
4 15 54
4 16 93
5 17 34
6 18 4
7 19 35
8 20 12
9 21 34
9 22 50
10 23 86
11 24 31
12 25 16
13 26 29
14 27 88
15 28 95
16 29 30
17 30 3
18 30 55
19 31 60
20 32 35
21 33 75
22 34 81
23 35 80
24 36 58
25 37 32
26 38 61
27 39 65
28 40 70
29 41 8
30 42 22
31 43 13
32 44 27
33 45 48
34 46 2
35 47 93
36 48 91
37 49 82
37 50 10
38 51 83
38 52 8
38 53 23
38 54 1
39 55 55
39 56 35
40 57 85
41 58 22
42 59 33
43 60 4
43 61 75
43 62 74
44 63 54
45 64 26
45 65 19
46 66 84
46 67 68
46 68 62
47 69 73
47 70 28
48 71 68
48 72 87
49 73 86
50 74 28
51 75 7
52 76 48
53 77 56
53 78 83
54 79 68
54 80 37
55 81 37
56 82 88
56 83 86
57 84 33
58 85 31
59 86 28
60 86 87
61 87 90
62 88 96
63 88 76
64 89 19
65 90 22
66 90 92
67 91 31
68 92 32
69 93 91
70 94 62
71 94 42
72 94 42
73 95 82
74 96 40
75 97 75
76 97 95
77 97 79
78 98 5
79 98 98
80 98 62
81 98 8
82 99 32
83 99 51
84 99 55
85 99 89
86 100 11
87 101 50
88 102 99
88 103 24
89 104 85
90 105 35
91 106 62
92 107 1
92 108 72
93 109 42
94 110 97
94 111 60
95 112 4
96 113 90
97 114 52
97 115 83
98 116 46
98 117 99
99 118 31
100 119 43
101 120 22
102 121 17
103 122 16
104 122 63
105 123 36
106 124 5
107 125 31
108 126 40
109 127 51
110 127 22
111 128 44
112 129 17
113 130 40
114 131 71
115 132 1
116 133 34
117 133 80
118 134 40
119 135 13
120 136 51
121 137 54
122 138 70
123 139 15
124 140 6
125 141 79
126 142 80
127 143 12
128 144 60
129 145 59
130 146 85
130 147 21
130 148 97
131 149 39
132 150 75
133 151 92
134 152 14
135 153 48
136 154 17
137 155 61
138 156 75
139 157 33
140 158 92
141 159 93
142 160 40
143 161 70
144 162 6
145 163 70
146 164 17
147 165 99
148 166 43
149 167 18
150 168 90
151 168 60
152 169 58
153 170 77
153 171 71
154 172 6
155 173 89
156 174 41
157 175 63
157 176 24
158 177 92
158 178 97
159 179 62
160 180 12
161 181 36
161 182 89
162 183 88
162 184 9
163 185 87
164 186 6
165 187 68
166 188 8
166 189 58
166 190 14
167 191 17
168 192 22
169 193 44
170 194 32
171 195 74
172 196 31
173 196 69
174 197 37
175 198 50
176 199 26
177 200 42
178 201 17
179 202 34
180 203 34
181 204 30
182 204 92
183 204 74
184 205 66
185 206 1
186 207 23
187 208 39
188 209 7
189 210 79
190 211 47
191 212 3
192 212 38
193 213 44
194 214 45
195 214 45
196 215 85
197 215 28
198 216 73
199 217 22
200 217 55
201 218 74
202 219 14
203 220 29
204 220 41
205 221 38
206 221 3
207 222 86
208 223 15
209 223 4
210 224 18
211 224 79
212 225 46
213 225 97
214 226 70
215 227 47
216 228 79
217 229 5
218 230 16
219 231 70
220 232 59
221 233 68
222 234 63
223 235 98
224 235 33
225 236 17
226 237 40
227 238 80
228 239 3
229 240 27
230 241 25
231 242 43
232 243 65
233 244 47
234 245 51
235 246 55
236 247 75
237 248 71
237 249 91
238 250 27
238 251 2
238 252 15
239 253 33
240 254 31
241 255 28
242 256 52
243 257 99
244 258 99
245 259 84
246 260 32
246 261 68
247 262 9
248 263 32
248 264 55
249 265 52
250 266 48
251 267 20
252 268 48
253 269 83
254 270 45
255 271 19
256 272 64
257 273 1
258 274 92
259 275 18
260 276 75
261 277 20
262 278 39
263 279 35
263 280 21
264 281 51
265 282 28
266 283 98
267 284 80
268 285 85
269 286 68
270 287 49
270 288 11
271 289 64
272 290 96
273 291 74
273 292 68
274 293 80
274 294 70
275 295 28
276 296 62
277 297 48
277 298 10
278 299 19
278 300 86
279 301 5
280 301 44
281 301 49
282 302 89
283 302 39
284 303 6
285 303 91
286 304 10
287 304 34
288 305 80
289 306 37
290 306 72
291 306 47
292 307 16
293 308 83
294 308 1
295 309 1
296 309 36
297 310 17
298 311 84
299 312 6
300 312 77
301 313 74
302 314 52
303 315 80
304 316 80
305 317 20
306 318 31
307 319 37
307 320 25
308 321 67
309 322 95
310 323 20
311 324 96
311 325 6
312 326 31
312 327 31
313 328 70
313 329 99
314 330 2
315 331 99
315 332 34
316 333 2
317 334 49
318 335 39
319 336 11
319 337 76
320 338 90
320 339 71
321 340 24
322 341 75
323 342 64
324 343 56
324 344 16
325 345 4
326 346 81
326 347 45
327 348 22
328 349 9
329 350 8
330 351 29
331 352 67
332 353 60
333 354 73
334 355 49
335 356 25
336 357 92
337 358 2
338 359 80
339 360 84
340 361 48
341 362 95
342 363 95
343 363 61
344 364 83
345 364 37
346 365 67
347 366 98
348 367 1
349 368 48
350 369 27
351 370 37
352 371 67
353 372 6
353 373 72
353 374 19
353 375 84
354 376 83
355 377 70
356 378 58
356 379 11
356 380 91
356 381 32
357 382 14
358 383 42
358 384 67
358 385 44
359 386 21
360 387 26
360 388 63
360 389 71
360 390 39
360 391 82
361 392 19
361 393 48
362 394 87
362 395 35
363 396 74
363 397 27
363 398 29
363 399 85
364 400 23
365 401 46
365 402 41
366 403 50
366 404 39
366 405 62
366 406 86
367 407 72
367 408 56
368 409 20
369 409 92
370 409 75
371 409 89
372 410 69
373 410 61
374 410 61
375 410 93
376 410 2
377 410 25
378 411 24
379 411 78
380 411 5
381 411 20
382 412 20
383 412 31
384 412 54
385 412 85
386 412 21
387 413 71
388 413 76
389 413 51
390 413 16
391 413 56
392 414 52
393 414 47
394 414 91
395 414 39
396 414 98
397 415 83
398 415 59
399 415 7
400 416 52
401 416 10
402 416 66
403 416 17
404 416 32
405 417 28
406 417 25
407 417 66
408 417 10
409 418 27
410 419 23
411 419 39
412 420 37
413 421 50
414 422 55
415 423 46
416 424 38
417 425 28
418 426 69
418 427 68
419 428 7
420 429 98
420 430 19
420 431 7
421 432 88
421 433 37
421 434 94
421 435 99
421 436 63
422 437 56
422 438 36
422 439 81
422 440 20
423 441 49
423 442 59
423 443 25
423 444 62
423 445 34
424 446 70
424 447 40
424 448 12
425 449 91
425 450 42
425 451 31
426 452 99
427 453 71
428 454 97
429 455 33
430 456 71
431 457 22
432 458 88
433 459 59
434 460 33
435 461 63
436 462 89
437 463 23
438 464 52
439 465 12
440 466 76
441 467 89
442 468 46
443 469 90
444 470 86
445 471 80
446 472 27
447 473 39
447 474 93
448 475 24
449 476 99
450 477 24
451 478 99
452 479 17
453 479 66
454 480 24
455 481 73
456 482 1
457 482 63
458 483 85
459 483 46
460 484 4
461 485 31
462 485 98
463 486 82
464 487 33
465 488 14
466 489 27
467 490 65
468 491 45
469 492 29
470 493 81
471 494 99
472 494 63
473 495 2
474 495 36
475 496 25
476 497 72
477 497 41
478 498 77
479 499 89
480 500 53
481 501 38
482 501 95
483 501 48
484 502 84
485 503 54
486 504 32
487 505 76
488 505 18
489 506 75
490 507 56
491 507 60
492 508 48
493 508 54
494 508 97
495 509 26
496 509 96
497 509 18
498 509 88
499 510 71
499 511 50
500 512 12
501 513 12
501 514 7
502 515 56
502 516 69
502 517 13
503 518 94
504 519 55
504 520 91
505 521 72
506 522 23
507 523 41
507 524 83
507 525 19
507 526 67
508 527 98
508 528 92
508 529 72
509 530 11
510 531 70
511 532 93
512 533 76
513 534 57
514 535 17
515 535 19
516 536 68
517 537 75
518 538 44
519 538 95
520 539 69
521 540 56
522 541 15
523 542 26
524 543 99
525 544 44
526 545 83
527 545 51
528 546 26
529 547 33
530 548 46
531 549 94
532 550 63
533 551 67
534 552 8
535 553 88
536 554 70
537 555 83
538 556 91
539 557 86
540 558 16
541 559 11
542 560 50
543 561 16
544 562 76
545 563 47
546 564 90
547 565 36
548 566 87
549 567 21
550 567 81
551 568 27
552 569 91
553 570 74
554 571 12
555 572 2
556 573 66
557 574 65
558 575 39
559 576 17
560 577 29
561 578 33
562 579 43
563 580 70
564 581 98
565 582 26
566 583 40
567 584 1
568 585 69
568 586 49
569 587 25
570 588 87
571 589 39
572 590 50
573 591 59
573 592 48
574 593 87
574 594 90
575 595 50
575 596 78
576 597 89
577 598 64
577 599 21
578 600 77
579 601 73
580 602 40
581 603 6
581 604 69
582 605 72
583 606 86
584 607 37
585 607 21
586 608 89
587 609 68
588 609 26
589 610 46
590 611 13
591 611 49
592 612 16
593 612 42
594 612 98
595 613 85
596 614 90
597 614 55
598 615 36
599 615 30
600 616 60
601 616 8
602 616 9
603 616 73
604 617 91
605 617 92
606 618 82
607 619 46
608 620 16
609 621 70
610 622 28
611 623 91
612 624 57
612 625 96
613 626 30
613 627 48
614 628 18
615 629 55
616 630 20
617 631 11
618 632 71
619 633 3
620 634 27
620 635 37
620 636 71
621 637 98
622 638 27
623 639 59
624 640 51
625 641 88
625 642 86
626 643 58
626 644 27
627 645 88
628 646 30
629 647 14
630 648 87
631 649 81
632 650 24
633 651 76
634 651 96
635 652 81
636 653 90
637 654 57
638 655 3
639 656 3
640 657 40
641 658 89
642 659 47
643 660 90
644 661 81
645 662 79
646 663 26
647 664 37
648 665 17
649 666 49
650 667 22
651 668 74
652 669 75
653 670 29
654 671 35
655 672 20
656 673 74
657 674 83
658 675 3
659 676 30
660 677 68
661 678 33
662 679 46
663 680 42
664 681 91
665 682 5
666 683 6
667 684 70
668 685 38
668 686 18
669 687 64
669 688 21
670 689 36
671 690 18
672 691 81
672 692 86
673 693 3
673 694 94
674 695 93
675 696 20
676 697 21
676 698 2
677 699 48
678 700 92
678 701 37
679 702 56
680 703 59
680 704 33
681 705 63
682 706 52
683 707 72
684 708 94
684 709 25
685 710 70
686 711 5
687 712 53
688 712 40
689 713 42
690 714 38
691 715 89
692 715 15
693 716 59
694 717 47
695 717 11
696 717 29
697 717 61
698 718 77
699 719 41
700 719 57
701 719 43
702 720 77
703 720 19
704 720 66
705 721 37
706 721 5
707 722 32
708 722 39
709 723 58
710 724 53
711 725 62
712 726 98
712 727 73
713 728 97
714 729 7
715 730 16
715 731 94
716 732 70
717 733 99
718 734 87
719 735 41
719 736 78
719 737 76
720 738 26
721 739 37
721 740 67
722 741 37
723 742 15
723 743 60
724 744 1
724 745 75
725 746 20
726 747 8
727 748 64
728 749 81
729 750 53
730 751 68
730 752 74
731 753 72
732 754 36
733 755 42
733 756 97
734 757 2
735 758 49
736 759 72
737 760 18
738 761 10
738 762 31
739 763 72
739 764 58
740 765 82
741 766 74
742 767 4
743 768 45
744 769 90
745 770 19
746 770 3
747 771 82
748 771 85
749 772 36
750 772 66
751 773 59
752 773 94
753 774 74
754 774 17
755 775 75
756 775 92
757 776 81
758 777 81
759 778 9
760 778 47
761 779 67
762 780 9
763 781 83
764 781 60
765 781 47
766 781 44
767 782 34
768 782 1
769 783 90
770 784 58
771 785 96
772 786 30
773 787 76
773 788 71
774 789 70
775 790 37
776 791 29
777 792 44
778 793 26
779 794 46
779 795 29
780 796 7
780 797 18
781 798 74
782 799 3
783 800 36
784 800 47
785 800 93
786 800 58
787 800 36
788 800 74
789 800 22
790 800 58
791 800 24
792 800 50
793 800 34
794 800 61
795 800 13
796 800 54
797 800 42
798 800 82
799 800 38
