1 2 61
1 3 99
1 4 44
1 5 79
2 6 37
2 7 76
2 8 53
2 9 30
3 10 88
3 11 41
3 12 13
4 13 3
4 14 38
4 15 28
4 16 35
4 17 51
5 18 39
5 19 95
5 20 68
5 21 5
6 22 45
7 23 91
8 24 74
9 25 10
9 26 93
10 27 9
11 28 59
11 29 68
12 30 8
13 31 3
14 32 25
15 33 4
16 34 51
17 35 41
18 36 40
19 37 55
20 38 1
21 39 24
22 40 26
23 41 88
24 41 12
25 41 25
26 42 44
27 43 95
28 43 99
29 44 25
30 45 5
31 46 15
32 47 41
33 47 31
34 47 47
35 48 76
36 49 22
37 50 24
38 51 43
39 52 28
40 53 57
41 54 3
42 54 93
43 55 35
44 56 90
45 57 42
46 58 1
47 58 8
48 59 24
49 60 34
50 61 70
51 62 71
52 63 59
53 64 53
54 65 21
55 66 96
56 67 45
56 68 55
57 69 12
58 70 51
59 71 42
59 72 23
60 73 31
61 74 28
62 75 89
63 76 41
63 77 32
64 78 68
65 79 79
66 80 10
66 81 83
67 82 10
67 83 7
67 84 76
68 85 75
68 86 9
68 87 63
69 88 8
70 89 73
70 90 68
71 91 14
72 92 41
73 93 75
74 94 68
75 95 57
76 96 39
77 97 28
78 98 9
79 98 25
80 99 67
81 99 50
82 100 37
83 101 43
84 102 18
85 103 13
86 104 26
87 105 19
88 105 88
89 106 13
90 107 53
91 107 49
92 108 51
93 109 6
94 110 16
95 111 41
96 111 6
97 112 55
98 113 50
99 114 94
100 115 62
101 116 24
102 117 96
103 118 97
104 119 42
105 120 82
106 121 16
107 122 45
108 122 86
109 123 58
110 124 7
111 124 52
112 125 29
113 126 37
114 127 38
115 128 21
116 129 61
117 130 82
118 131 78
119 132 15
120 133 90
121 134 91
122 135 54
123 136 62
124 137 86
125 138 23
126 139 26
127 140 99
128 141 10
128 142 56
128 143 57
129 144 50
129 145 70
130 146 31
130 147 28
131 148 76
132 149 2
133 150 37
134 151 98
135 152 74
135 153 26
136 154 7
136 155 30
137 156 71
138 157 70
139 158 58
140 159 10
141 159 70
142 160 12
143 160 92
144 160 12
145 161 18
146 162 56
147 163 32
148 164 26
149 165 94
150 165 62
151 165 64
152 166 3
153 167 45
154 168 37
155 168 60
156 169 25
157 170 56
158 171 11
158 172 45
158 173 61
159 174 17
160 175 13
160 176 26
161 177 65
162 178 30
163 179 96
163 180 50
164 181 43
165 182 81
166 183 3
167 184 63
168 185 70
169 186 6
170 187 62
171 188 41
172 189 89
173 190 69
174 191 68
175 192 4
176 193 79
177 194 57
178 195 41
179 196 34
180 197 9
181 197 38
182 198 74
183 199 89
184 199 97
185 200 99
186 201 89
187 202 26
188 203 27
189 204 10
190 205 1
190 206 97
191 207 14
192 208 63
193 209 50
194 210 43
195 211 20
196 212 63
196 213 7
197 214 60
198 215 98
199 216 30
200 217 59
201 218 89
202 219 71
203 220 90
204 221 45
205 222 50
206 223 12
207 224 73
207 225 48
208 226 18
209 227 62
209 228 40
209 229 11
210 230 85
211 231 53
212 232 72
213 233 78
213 234 44
214 235 6
215 236 90
216 237 56
217 238 98
218 239 45
218 240 32
219 241 56
220 242 41
221 242 81
222 243 46
223 243 30
224 244 77
225 245 98
226 245 89
227 246 18
228 246 93
229 246 82
230 247 85
231 248 20
232 248 45
233 249 87
234 249 63
235 249 46
236 250 27
237 250 72
238 251 96
239 252 11
240 252 67
241 253 17
242 254 55
243 255 19
244 256 83
244 257 58
245 258 38
245 259 91
246 260 77
247 261 65
248 262 49
248 263 77
249 264 42
249 265 25
250 266 79
251 267 1
252 268 59
253 269 36
254 270 99
255 271 19
256 272 31
257 273 66
258 274 79
259 275 11
260 276 69
261 277 81
262 277 70
263 278 10
264 279 52
265 280 77
266 281 76
267 282 34
268 283 9
269 284 65
270 285 19
271 286 47
272 287 81
273 288 9
274 288 83
275 289 77
276 290 49
277 291 44
278 292 69
279 293 8
280 294 88
281 295 80
282 296 60
283 297 45
284 298 62
285 299 16
286 300 55
287 301 48
288 302 44
289 303 1
290 304 79
291 305 6
292 306 75
293 307 51
293 308 18
294 309 56
294 310 18
295 311 14
296 312 59
297 313 13
298 314 54
299 315 22
300 316 34
301 317 35
302 318 32
303 318 63
304 319 13
305 320 94
306 320 56
307 321 89
308 321 41
309 322 7
310 323 32
311 324 23
312 325 1
313 326 22
314 327 77
315 328 55
316 329 97
317 330 19
318 331 18
318 332 18
319 333 65
319 334 46
320 335 89
320 336 23
321 337 60
322 338 5
323 339 6
324 340 90
324 341 86
325 342 48
326 343 51
327 344 63
327 345 71
328 346 58
329 346 63
330 347 79
331 348 83
332 349 57
333 349 25
334 350 51
335 351 33
336 352 48
337 353 55
338 354 84
339 354 3
340 355 90
341 356 94
342 357 57
343 358 68
344 359 50
345 359 91
346 360 14
347 361 34
348 362 7
349 363 16
350 364 46
351 365 55
351 366 21
352 367 5
353 368 41
354 369 41
354 370 65
355 371 61
356 372 88
357 373 89
358 374 17
359 375 49
360 376 85
361 377 20
362 378 53
363 379 8
364 379 92
365 380 13
366 381 30
367 382 17
368 382 68
369 383 15
370 383 21
371 384 67
372 385 67
373 385 25
374 386 93
375 387 51
376 388 12
377 389 11
377 390 23
378 391 38
379 392 50
380 393 82
380 394 19
381 395 52
381 396 9
381 397 64
381 398 68
382 399 93
382 400 18
383 401 65
383 402 2
384 403 44
385 404 32
385 405 50
386 406 87
386 407 10
387 408 96
387 409 99
388 410 37
389 411 98
390 411 73
391 411 73
392 412 8
393 413 23
394 414 34
395 415 31
396 415 74
397 415 41
398 416 46
399 417 86
400 418 12
401 418 73
402 419 52
403 420 29
404 421 8
405 422 58
406 423 20
407 423 20
408 424 93
409 425 28
410 426 2
411 427 67
412 428 51
413 429 33
414 430 5
415 431 19
416 431 5
417 432 98
418 432 30
419 433 93
420 434 56
421 434 27
422 435 94
423 435 2
424 436 61
425 437 97
426 438 36
427 439 78
428 440 89
429 441 11
430 442 23
431 443 65
432 444 52
433 444 41
434 445 50
435 446 60
436 447 81
437 447 41
438 448 27
439 449 18
440 450 81
441 450 47
442 451 20
443 452 2
444 453 28
445 454 11
446 455 96
447 456 19
448 457 97
448 458 17
449 459 36
450 460 29
451 461 44
451 462 7
452 463 70
452 464 66
452 465 61
452 466 4
452 467 48
453 468 19
454 469 49
454 470 34
455 471 73
455 472 70
456 473 83
457 474 50
458 475 55
459 476 14
460 477 79
461 478 45
462 479 10
463 480 58
464 481 38
465 482 29
466 483 10
467 484 93
468 485 89
469 486 26
470 487 69
471 488 35
472 489 38
473 490 5
474 491 46
475 492 31
476 492 73
477 493 12
478 494 88
479 495 23
480 496 80
481 497 79
482 498 95
483 499 83
484 500 2
485 501 35
486 502 56
487 503 18
488 504 62
489 505 11
490 506 58
491 507 66
492 508 73
492 509 54
493 510 36
493 511 21
494 512 52
495 513 83
496 514 4
497 515 48
497 516 85
498 517 75
499 518 7
500 519 37
501 520 25
502 521 34
503 522 94
503 523 26
504 524 39
504 525 74
505 526 1
505 527 78
506 528 36
507 529 57
508 529 48
509 530 22
510 531 68
511 532 59
512 533 9
513 534 25
514 535 89
515 536 7
516 537 63
517 538 23
518 539 34
519 539 86
520 540 18
521 540 93
522 541 88
523 542 60
524 543 30
525 543 92
526 543 60
527 543 18
528 544 62
529 545 33
530 546 49
531 547 80
532 548 53
533 549 84
534 549 22
535 549 66
536 550 20
537 551 2
538 552 42
539 552 23
540 553 63
541 553 11
542 554 1
543 554 60
544 554 39
545 555 36
546 556 61
547 557 18
548 558 15
549 559 72
549 560 79
549 561 4
549 562 72
550 563 47
550 564 14
550 565 35
551 566 41
552 567 70
553 568 92
553 569 68
554 570 46
554 571 95
555 572 69
556 573 92
557 574 22
558 575 74
559 576 87
560 577 69
561 577 94
562 578 42
563 578 23
564 579 66
565 580 22
566 581 99
567 581 41
568 581 57
569 582 3
570 583 94
571 583 76
572 584 86
573 585 67
573 586 21
574 587 30
575 588 90
575 589 69
575 590 88
576 591 79
577 592 87
577 593 53
578 594 80
579 595 90
580 596 77
580 597 94
581 598 7
582 599 71
583 600 22
584 601 49
585 602 36
586 603 64
587 604 62
588 605 2
589 606 28
590 607 56
591 608 49
592 609 74
593 610 99
594 611 63
595 612 94
596 613 43
597 614 99
598 615 47
599 616 64
600 617 85
601 618 20
602 618 22
603 619 95
604 619 4
605 619 9
606 620 82
607 621 37
608 622 20
609 623 87
610 624 22
611 625 20
612 625 94
613 626 49
614 627 64
615 627 38
616 628 25
617 629 79
618 630 71
618 631 34
618 632 64
618 633 69
619 634 7
619 635 10
620 636 20
620 637 10
621 638 78
622 639 85
622 640 29
623 641 9
624 642 16
625 643 92
626 644 71
627 645 51
628 646 68
628 647 38
629 648 23
629 649 56
630 650 13
631 651 97
632 652 78
633 652 59
634 653 40
635 654 4
636 655 94
637 656 58
638 656 52
639 656 5
640 657 61
641 658 52
642 659 54
643 660 97
644 661 71
645 662 59
646 662 29
647 662 4
648 663 82
649 664 79
650 665 54
651 666 36
652 667 80
653 668 22
654 669 74
655 670 69
656 671 74
657 672 16
658 673 73
659 673 44
660 674 48
661 675 36
662 676 98
663 677 56
664 678 53
665 679 75
666 680 89
667 681 2
668 681 90
669 682 92
670 683 72
671 683 14
672 684 47
673 685 78
674 686 84
675 687 35
676 688 91
677 689 1
678 690 24
679 691 93
680 692 81
681 693 59
682 694 58
683 695 76
684 696 31
685 697 25
685 698 18
686 699 32
687 700 75
688 701 74
689 702 23
690 703 14
691 704 59
692 705 19
692 706 35
693 707 75
694 708 4
695 709 9
696 710 69
697 711 43
697 712 66
698 713 10
699 714 7
700 715 88
701 716 56
702 717 94
703 718 80
703 719 9
703 720 90
704 721 69
705 722 60
706 723 29
707 724 75
708 724 92
709 725 93
710 726 88
711 727 41
712 727 2
713 728 87
714 728 88
715 729 23
716 730 47
717 730 98
718 730 21
719 731 64
720 732 75
721 733 68
722 734 78
722 735 95
723 736 14
723 737 73
724 738 5
725 739 8
726 740 23
727 741 75
728 742 18
729 743 2
729 744 32
729 745 93
730 746 15
730 747 10
731 748 6
732 749 58
733 750 20
734 751 81
735 752 63
736 753 4
737 754 98
738 755 75
739 756 84
740 757 15
741 758 2
742 759 70
743 760 26
744 761 25
745 762 87
746 763 50
747 764 89
748 765 85
749 766 43
750 767 80
751 768 54
752 769 97
753 770 3
754 771 79
755 772 79
756 773 84
757 774 76
758 775 61
759 776 72
760 776 51
761 777 69
762 778 12
763 779 68
764 780 2
765 781 6
766 782 76
767 783 17
768 784 46
769 785 54
770 786 76
771 787 56
771 788 9
772 789 56
773 790 64
774 791 44
775 792 62
776 793 77
777 794 94
778 795 39
779 796 76
780 797 72
781 798 68
782 799 33
783 800 27
784 800 82
785 800 57
786 800 69
787 800 80
788 800 82
789 800 91
790 800 60
791 800 68
792 800 58
793 800 64
794 800 15
795 800 14
796 800 81
797 800 41
798 800 89
799 800 91
