1 2 57
1 3 126
1 4 23
1 5 113
1 6 131
2 7 94
2 8 80
3 9 21
3 10 3
3 11 4
3 12 40
3 13 131
4 14 74
4 15 89
4 16 158
4 17 70
4 18 145
5 19 65
5 20 64
5 21 140
5 22 15
6 23 81
6 24 98
6 25 51
7 26 91
7 27 6
8 28 63
9 29 124
10 30 29
11 31 51
11 32 12
12 33 144
13 34 115
14 35 47
15 36 55
16 37 130
17 38 105
18 39 29
18 40 35
18 41 27
19 42 66
20 43 144
20 44 136
21 45 32
22 46 58
23 47 131
24 48 140
25 49 123
26 50 119
27 51 60
28 52 107
29 53 70
29 54 67
29 55 47
30 56 13
31 57 84
32 58 104
33 59 7
34 60 118
35 61 5
36 62 7
37 63 118
38 64 37
39 65 155
40 66 50
41 67 159
42 68 50
43 69 79
44 70 62
45 71 139
46 72 57
46 73 40
47 74 4
48 75 104
49 76 6
49 77 131
50 78 113
51 79 54
52 80 70
53 80 124
54 81 126
55 82 47
56 83 117
57 84 148
58 85 34
59 86 99
60 87 28
61 88 96
62 89 63
63 90 84
64 91 7
65 92 18
66 93 147
67 94 7
68 95 107
69 96 153
70 97 32
71 98 97
72 99 97
73 100 118
74 101 89
75 102 105
76 103 68
77 104 20
78 105 82
79 105 6
80 106 42
81 106 57
82 107 100
83 108 62
84 109 14
85 109 99
86 110 82
87 111 48
88 112 129
89 113 36
90 113 84
91 114 61
92 114 125
93 114 71
94 114 24
95 115 37
96 116 96
97 117 130
98 118 41
99 119 126
100 120 83
101 121 77
102 122 140
103 123 103
104 123 152
105 124 6
106 124 47
107 125 157
108 126 156
109 127 34
110 128 78
111 129 59
112 130 106
113 131 106
114 132 111
115 132 30
116 133 65
117 134 53
118 135 9
119 136 154
120 137 28
121 137 127
122 138 34
123 139 51
124 140 111
125 141 156
126 142 118
127 143 87
128 144 92
129 145 146
130 146 27
131 147 123
132 148 85
133 149 31
134 150 91
135 151 3
136 152 40
137 153 106
138 154 15
139 155 149
140 156 144
140 157 43
141 158 86
142 159 125
142 160 111
143 161 132
144 162 14
144 163 87
145 164 125
146 165 83
147 166 53
147 167 31
148 168 49
148 169 41
148 170 85
149 171 23
149 172 117
150 173 130
151 174 71
152 175 105
153 176 146
154 177 139
155 178 6
155 179 51
156 180 115
157 181 153
158 182 10
159 183 3
160 184 12
161 185 47
162 186 139
163 187 42
164 188 126
165 189 36
165 190 75
166 191 40
167 192 28
167 193 22
168 194 58
169 195 124
170 196 68
171 197 80
172 198 108
173 199 140
174 200 4
175 201 107
176 202 117
177 203 69
178 204 39
179 205 95
179 206 102
180 207 9
181 207 1
182 208 68
183 208 74
184 209 112
185 209 26
186 210 21
187 211 11
188 211 93
189 212 131
190 212 50
191 212 27
192 213 123
193 213 52
194 213 13
195 214 145
196 215 131
197 215 154
198 215 41
199 216 25
200 216 134
201 217 142
202 217 69
203 218 114
204 219 28
205 220 61
206 221 132
207 222 101
208 223 98
209 224 59
210 225 127
211 226 102
212 227 20
213 228 107
214 229 119
215 230 15
216 231 72
217 232 61
218 233 35
218 234 74
219 235 35
220 236 81
220 237 121
221 238 78
222 239 39
222 240 69
223 241 65
223 242 158
223 243 154
224 244 126
225 245 133
225 246 64
225 247 158
226 248 40
226 249 113
227 250 45
227 251 6
228 252 34
228 253 33
229 254 135
230 255 35
231 256 16
232 257 92
233 258 41
233 259 159
233 260 137
234 261 116
234 262 102
235 263 67
235 264 38
236 265 139
237 266 38
238 267 27
238 268 105
239 269 120
240 270 34
241 271 7
242 271 13
243 272 42
244 273 4
245 274 158
246 274 66
247 275 122
248 276 118
249 277 157
250 278 134
251 279 125
252 280 156
253 281 119
254 282 56
255 283 77
256 284 63
257 285 50
258 286 105
259 287 51
260 288 24
261 289 66
262 290 47
263 290 24
264 291 14
265 291 59
266 292 14
267 293 112
268 294 136
269 295 142
270 296 11
271 297 3
272 298 37
273 299 18
274 300 148
275 301 88
276 302 137
277 303 111
278 304 98
279 305 155
279 306 112
280 307 48
281 308 29
282 309 152
283 310 98
284 311 19
285 312 45
286 313 81
287 314 134
288 315 63
289 316 138
290 317 108
291 318 85
292 319 69
293 320 2
294 321 111
295 322 118
296 322 82
297 322 111
298 323 48
299 323 129
300 324 82
301 324 95
302 324 15
303 325 133
304 326 66
305 327 78
306 327 28
307 328 28
308 329 97
309 329 148
310 330 77
311 330 69
312 331 2
313 332 90
314 332 92
315 332 39
316 332 105
317 333 42
318 333 140
319 334 20
320 334 106
321 334 56
322 335 145
323 336 14
323 337 158
323 338 73
324 339 74
324 340 158
325 341 101
326 342 118
327 343 117
327 344 48
328 345 24
329 346 128
329 347 17
330 348 152
330 349 65
331 350 108
332 351 73
333 352 121
334 353 84
335 354 2
336 355 66
336 356 103
337 357 116
338 358 158
339 359 116
340 360 12
341 361 107
342 362 18
343 363 91
343 364 129
344 365 89
344 366 47
345 367 79
345 368 99
346 369 52
347 370 21
348 371 21
349 372 65
349 373 68
349 374 124
350 375 137
351 376 119
352 377 126
353 378 57
354 379 127
354 380 60
355 381 96
355 382 124
356 383 19
357 384 7
358 385 92
359 386 56
360 387 96
360 388 159
361 389 51
362 390 15
362 391 64
363 392 96
364 393 31
365 394 136
366 395 51
367 396 158
367 397 69
367 398 126
368 399 61
368 400 115
368 401 77
369 402 85
370 403 71
370 404 84
371 405 69
372 406 124
373 407 113
373 408 65
374 409 35
374 410 62
375 411 21
376 412 105
377 413 83
378 414 21
379 415 137
380 415 12
381 416 70
382 417 150
383 417 118
384 418 14
385 418 7
386 419 82
387 420 70
388 421 88
389 422 158
390 422 3
391 423 79
392 424 86
393 424 127
394 425 92
395 426 5
396 426 51
397 427 84
398 428 83
399 429 5
400 430 64
401 430 28
402 430 22
403 431 8
404 432 113
405 433 109
406 434 37
407 435 105
408 436 104
409 436 25
410 437 130
411 437 117
412 437 60
413 438 79
414 439 32
415 440 6
416 441 144
416 442 79
417 443 83
418 444 126
419 445 49
420 446 88
421 447 62
422 448 41
423 449 148
424 450 159
425 451 142
426 452 123
427 453 69
428 454 53
429 455 139
430 456 151
431 457 133
432 458 153
433 459 48
434 460 119
435 461 39
436 462 48
437 463 69
437 464 151
438 465 4
439 466 73
440 467 157
441 467 109
442 467 156
443 468 136
444 468 81
445 469 154
446 470 27
447 471 17
448 472 46
449 473 61
450 474 90
451 474 86
452 475 88
453 476 146
454 477 66
455 478 101
456 479 15
457 480 155
458 481 48
459 482 154
460 483 145
461 484 114
462 485 15
463 486 37
464 486 66
465 487 120
466 488 18
467 489 18
468 490 1
469 491 97
470 492 27
471 493 40
472 494 2
473 495 22
474 496 147
475 497 5
476 498 52
477 499 100
478 500 17
479 501 42
480 502 154
481 503 143
482 504 52
483 505 49
484 506 37
485 507 154
486 508 30
487 509 135
488 510 41
489 511 14
490 512 14
491 512 116
492 512 71
493 513 127
494 514 117
495 515 78
496 516 101
497 517 70
498 518 58
499 519 27
500 519 75
501 520 14
502 520 73
503 521 70
504 522 142
505 523 106
506 523 51
507 524 37
508 525 49
509 526 142
510 526 41
511 527 87
511 528 82
512 529 56
513 530 73
514 531 110
515 532 83
515 533 115
515 534 88
516 535 74
517 536 106
517 537 19
518 538 144
518 539 51
519 540 78
519 541 154
519 542 124
520 543 96
520 544 63
521 545 41
522 546 47
523 547 81
524 548 96
524 549 91
525 550 64
526 551 23
527 552 116
528 553 9
529 554 97
530 555 96
531 556 124
532 556 71
533 557 76
534 557 50
535 558 35
536 559 142
537 560 130
538 561 80
539 562 79
540 562 110
541 563 154
542 564 8
543 565 119
544 565 142
545 566 30
546 567 116
547 567 74
548 568 8
549 568 144
550 569 46
551 570 34
552 571 74
553 572 147
554 573 46
555 574 57
556 575 136
556 576 74
557 577 51
558 578 81
558 579 149
559 580 105
559 581 13
560 582 10
561 583 9
562 584 22
563 585 102
564 586 28
565 587 94
566 588 130
566 589 23
566 590 127
567 591 33
568 592 3
569 593 139
570 594 35
571 595 45
572 596 144
573 597 13
574 597 122
575 598 47
576 598 143
577 599 101
578 600 75
579 601 34
580 601 50
581 601 119
582 602 30
583 603 126
584 603 117
585 604 13
586 604 105
587 605 142
588 605 67
589 605 114
590 606 142
591 607 61
592 607 43
593 607 144
594 608 39
595 609 22
596 610 123
597 611 88
597 612 137
597 613 23
598 614 27
598 615 100
599 616 151
599 617 109
600 618 158
600 619 7
601 620 144
601 621 21
601 622 22
602 623 23
603 624 69
603 625 112
604 626 15
605 627 141
606 628 12
606 629 23
607 630 120
607 631 62
608 632 114
608 633 51
608 634 100
608 635 17
608 636 93
609 637 27
610 638 40
611 639 28
612 640 81
613 641 108
614 642 47
615 643 113
616 644 76
617 645 30
618 646 128
619 647 122
620 648 62
621 649 129
622 650 36
623 651 43
624 652 147
625 653 67
626 654 34
627 655 26
628 656 51
629 657 159
630 658 50
631 658 20
632 659 89
633 660 81
634 660 96
635 661 18
636 661 80
637 662 1
638 663 38
639 664 153
640 665 82
641 666 64
642 667 108
643 668 74
644 669 96
645 670 43
646 671 89
647 672 128
648 673 144
649 674 157
650 675 4
651 676 60
652 677 116
653 678 79
654 679 120
655 680 142
656 681 66
657 682 57
658 683 15
659 684 16
660 685 10
661 686 82
662 687 56
663 688 140
664 689 102
665 690 29
666 691 120
667 692 124
668 693 140
669 694 13
670 695 25
671 695 85
672 696 125
673 697 20
674 698 134
675 699 105
676 699 102
677 700 30
678 701 158
679 702 108
680 703 157
681 704 94
682 705 42
683 706 113
684 707 110
685 708 113
686 709 85
687 710 9
688 711 123
689 712 1
690 713 50
691 714 103
692 715 123
693 716 142
694 717 69
695 718 79
696 719 144
697 720 147
698 721 24
699 722 63
700 723 14
701 724 138
702 725 9
702 726 110
703 727 29
704 728 44
705 729 102
706 730 95
707 731 108
708 732 17
709 733 107
710 734 53
711 735 106
712 736 140
713 736 148
714 737 48
715 738 9
716 738 26
717 739 81
718 740 87
719 741 54
720 741 34
721 741 8
722 742 55
723 743 41
724 744 123
725 745 158
726 746 32
727 746 34
728 746 60
729 747 100
730 748 69
731 749 1
732 750 145
733 750 10
734 751 154
734 752 85
735 753 101
736 754 41
736 755 88
737 756 61
738 757 96
739 758 89
740 759 153
741 760 91
742 761 64
742 762 130
743 763 124
743 764 128
744 765 93
745 766 43
746 767 105
747 768 94
747 769 131
748 770 16
749 771 84
750 772 26
751 773 79
751 774 77
752 775 95
753 776 97
754 777 67
755 778 131
756 779 8
756 780 12
757 781 97
757 782 117
758 783 75
759 784 98
760 785 44
761 786 141
762 787 18
763 788 145
763 789 58
764 790 105
765 791 157
766 792 22
767 793 49
768 794 131
769 795 90
770 796 37
771 797 132
771 798 62
772 799 105
773 800 65
774 800 51
775 800 102
776 800 31
777 800 85
778 800 128
779 800 120
780 800 53
781 800 105
782 800 12
783 800 25
784 800 152
785 800 145
786 800 50
787 800 12
788 800 63
789 800 16
790 800 38
791 800 146
792 800 100
793 800 138
794 800 43
795 800 87
796 800 81
797 800 158
798 800 113
799 800 24
