1 2 59
1 3 55
1 4 12
1 5 36
2 6 61
2 7 41
2 8 15
3 9 34
3 10 1
3 11 86
3 12 91
3 13 3
4 14 61
4 15 9
4 16 67
4 17 85
4 18 28
5 19 36
5 20 25
6 21 67
7 22 66
8 23 3
9 24 32
10 25 24
11 26 24
11 27 96
12 28 25
13 29 68
14 30 53
15 31 17
16 32 18
17 33 99
18 34 99
19 35 98
20 36 10
20 37 15
21 38 32
22 38 31
23 39 18
24 40 14
25 41 54
26 42 69
27 43 93
28 43 70
29 44 16
30 45 64
31 46 94
32 47 25
33 48 38
34 49 13
35 50 22
36 51 13
37 51 82
38 52 31
39 53 43
40 54 11
41 55 80
42 56 63
43 57 14
44 58 20
45 59 78
46 60 48
47 61 28
48 62 60
49 63 89
50 64 93
51 65 77
52 66 48
53 67 30
54 68 50
55 69 77
56 70 52
57 71 56
58 72 14
59 73 65
60 74 34
61 75 79
62 76 34
63 77 84
64 78 13
65 79 60
66 80 3
67 81 83
68 82 92
69 83 11
70 84 53
70 85 87
71 86 53
72 87 43
73 88 74
74 89 69
75 90 65
76 91 22
77 92 92
78 93 30
79 94 3
80 95 97
80 96 42
81 97 50
82 98 95
83 99 27
84 100 76
85 101 86
85 102 75
86 103 69
87 104 16
88 105 23
89 106 53
90 107 67
91 108 11
92 109 10
93 110 82
94 111 52
95 112 10
96 113 81
97 114 51
98 115 48
99 116 92
100 117 68
101 118 66
102 119 32
103 120 31
104 121 10
105 122 8
106 123 72
107 124 90
108 125 53
109 126 89
110 127 84
111 128 57
112 129 72
113 130 81
114 131 56
115 132 30
116 133 36
117 134 24
118 135 36
119 136 9
120 137 41
121 137 90
122 138 96
123 139 26
124 140 7
125 141 25
126 141 97
127 141 46
128 141 95
129 142 33
129 143 29
130 144 2
130 145 71
131 146 55
132 147 66
132 148 54
132 149 29
133 150 78
134 151 12
135 152 85
136 153 54
137 154 25
138 155 23
139 156 5
140 157 37
141 158 36
142 159 71
143 160 76
144 161 29
145 161 51
146 162 2
147 163 61
148 164 49
149 164 33
150 165 25
151 166 75
152 167 61
153 168 27
154 169 10
155 170 99
156 171 13
157 171 65
158 171 69
159 172 80
160 173 8
161 174 24
162 175 55
163 176 90
164 177 27
165 178 64
166 179 59
167 180 56
168 181 89
169 182 35
170 183 65
171 184 19
172 185 35
173 186 57
174 187 25
174 188 40
175 189 70
176 190 48
177 191 67
178 192 28
179 193 38
180 194 17
181 195 43
182 196 63
183 197 13
183 198 42
184 199 33
185 200 45
186 201 42
187 202 6
188 203 42
188 204 65
188 205 3
189 206 3
190 207 35
191 208 51
191 209 8
192 210 4
193 211 43
194 212 83
195 213 35
196 214 30
197 215 70
198 216 1
199 217 11
200 218 79
201 219 57
202 219 14
203 220 95
204 221 4
205 222 78
206 223 69
207 224 90
208 225 20
209 226 79
210 227 30
211 228 69
212 229 15
213 230 94
214 230 45
215 231 78
216 231 76
217 232 23
218 233 34
219 234 67
220 235 53
221 236 73
222 237 16
223 238 63
223 239 40
224 240 26
225 241 93
226 242 24
227 243 98
227 244 93
228 245 56
229 246 40
230 247 72
231 248 55
231 249 88
232 250 61
233 251 20
234 251 13
235 252 18
236 253 68
237 254 37
238 255 20
239 256 54
240 257 58
241 258 83
242 259 19
243 259 30
244 260 72
245 260 50
246 261 74
247 262 75
248 262 63
249 263 21
250 264 5
251 265 48
252 266 81
253 267 34
254 268 38
255 269 17
256 270 21
257 271 74
258 272 50
259 273 46
260 274 37
261 275 6
262 276 64
263 277 79
264 278 49
265 279 44
266 280 72
266 281 67
267 282 33
268 283 89
269 284 87
270 285 75
270 286 83
271 287 88
272 288 6
273 289 67
274 290 31
274 291 54
275 292 58
275 293 82
276 294 11
277 295 14
278 296 82
279 297 97
280 298 3
281 299 93
282 300 41
283 301 54
284 302 6
285 303 88
286 304 13
287 305 37
288 306 10
289 307 51
290 308 79
291 309 78
292 310 67
293 311 38
294 312 18
295 313 98
296 314 83
297 315 71
298 316 57
299 317 46
300 317 23
301 318 64
302 319 57
303 320 5
304 321 42
305 322 5
306 323 97
307 324 29
308 325 9
309 326 41
310 327 99
311 327 43
312 328 96
313 329 73
314 330 36
315 331 82
316 332 88
317 333 8
318 334 32
319 335 13
320 336 41
321 337 53
322 338 54
323 339 87
324 340 95
325 341 12
326 342 32
327 343 1
328 343 96
329 344 22
330 345 2
331 346 4
332 347 5
333 348 30
334 349 19
335 350 26
335 351 64
336 352 56
337 353 41
338 354 54
339 355 65
340 356 25
341 357 63
342 358 42
343 359 8
343 360 93
344 361 62
345 362 73
346 363 89
347 364 30
348 365 68
349 366 63
350 367 14
351 368 75
352 369 74
353 370 50
354 371 91
355 372 19
356 373 34
356 374 54
357 375 90
358 376 14
359 377 75
360 378 68
361 379 94
362 380 89
363 381 90
364 382 19
365 383 54
366 384 54
367 385 39
368 386 26
369 387 27
370 388 2
371 389 21
372 390 90
373 391 90
374 392 92
375 393 75
376 394 70
377 395 89
378 396 63
379 397 19
380 398 27
381 399 77
382 400 72
383 401 30
384 401 84
385 402 78
386 403 60
387 404 49
388 405 14
389 406 69
390 407 84
391 408 39
392 408 13
393 409 77
394 409 95
395 409 49
396 410 17
397 411 52
398 412 15
399 413 37
399 414 18
400 415 6
401 416 31
402 417 55
403 418 79
404 419 44
405 420 72
405 421 39
405 422 48
406 423 36
407 424 16
408 425 7
408 426 21
409 427 4
410 428 53
411 429 6
412 430 34
413 431 5
414 432 43
415 433 97
416 434 80
417 435 44
418 436 26
419 437 25
420 438 27
421 439 49
422 440 96
423 441 72
424 442 91
425 443 16
426 444 50
427 445 95
428 446 37
429 447 42
430 448 40
431 449 37
432 450 1
433 451 89
434 452 24
435 453 94
436 454 89
437 455 70
438 456 58
439 457 64
440 458 8
441 459 45
442 460 14
443 461 23
444 462 44
445 463 51
446 464 71
447 465 96
448 466 59
449 467 74
450 468 83
451 469 84
452 470 78
453 471 73
454 472 84
455 473 9
456 474 15
457 475 60
458 476 92
459 477 72
460 478 34
461 479 90
462 480 86
463 481 24
464 482 81
465 483 6
466 484 26
467 485 94
468 485 96
469 486 34
470 487 95
471 488 68
472 489 58
473 490 98
474 491 53
475 492 77
476 493 6
477 494 22
478 495 7
479 496 51
480 497 15
481 498 77
482 499 96
483 500 23
484 501 98
485 502 24
486 503 85
487 504 71
488 505 84
489 505 7
490 506 57
491 507 5
492 508 10
493 509 59
494 509 65
495 510 64
496 510 77
497 511 80
498 512 80
499 512 84
500 513 5
501 514 99
502 515 59
503 516 81
504 517 39
505 518 80
506 519 97
507 520 8
508 521 39
509 522 88
510 523 52
511 524 80
512 525 28
513 526 64
514 527 26
515 528 73
516 529 69
517 530 8
518 531 78
519 532 93
520 533 17
520 534 75
521 535 12
522 536 66
523 537 24
524 538 3
525 539 65
526 540 57
527 541 20
528 542 43
528 543 53
529 544 21
530 545 26
530 546 12
531 547 35
532 548 6
533 549 85
534 550 55
535 551 5
536 552 73
537 553 51
538 554 26
539 555 77
539 556 46
540 557 39
541 558 35
541 559 13
542 560 75
543 561 95
544 562 44
545 563 86
546 564 21
547 565 66
548 566 49
549 567 11
550 568 33
551 569 50
552 570 85
553 571 87
554 572 61
555 573 47
556 574 80
557 575 20
558 576 91
559 577 61
560 578 67
561 578 26
562 579 46
563 580 96
564 580 71
565 581 78
566 582 93
567 583 87
568 583 73
569 584 63
570 585 54
571 586 43
572 586 64
573 587 53
574 587 70
575 588 14
576 589 93
577 590 45
578 591 32
578 592 97
578 593 40
579 594 4
580 595 94
581 596 60
582 597 78
583 598 65
584 599 82
585 600 3
586 601 88
587 602 24
588 603 79
589 604 53
589 605 24
590 606 73
591 607 97
592 608 2
593 609 43
594 610 47
595 611 12
596 612 5
596 613 36
597 614 69
598 615 43
599 616 34
600 617 22
601 618 46
602 619 52
602 620 6
603 621 34
604 622 56
605 623 27
606 624 44
607 625 48
608 626 98
609 626 2
610 627 14
611 627 19
612 628 53
613 628 65
614 629 20
615 629 80
616 630 81
617 631 53
618 632 96
619 633 29
620 634 48
621 635 74
622 636 25
623 637 58
624 638 15
625 639 40
625 640 59
626 641 8
627 642 79
628 643 10
629 644 59
630 645 80
631 646 31
632 647 54
633 648 54
634 649 77
635 650 78
636 651 5
637 652 7
638 653 50
638 654 29
639 655 89
640 656 88
641 657 74
642 658 48
643 659 41
644 660 99
645 661 14
646 662 17
647 663 23
648 664 84
649 665 31
650 666 61
651 667 77
652 668 37
653 669 30
654 670 3
655 671 58
656 672 79
657 673 82
658 674 59
659 675 92
660 675 92
661 676 35
662 677 82
663 678 90
664 679 58
665 680 65
666 681 81
667 682 20
668 682 81
669 683 45
670 684 8
671 685 90
672 686 21
673 687 67
674 688 40
675 689 95
675 690 89
676 691 69
676 692 38
677 693 5
677 694 1
678 695 29
679 696 72
679 697 77
680 698 87
681 699 54
682 700 62
683 701 30
684 702 63
685 703 59
686 704 65
687 705 26
688 706 85
689 707 84
690 708 17
691 709 90
692 710 90
693 711 58
694 712 78
695 713 34
696 714 82
697 715 45
698 716 41
699 717 57
700 718 32
701 719 36
702 720 46
703 721 67
704 722 91
705 723 11
706 723 39
707 724 85
708 725 69
709 726 91
710 727 44
711 728 79
712 729 27
713 730 70
714 731 17
715 732 54
716 733 18
717 734 73
718 735 6
719 736 8
720 737 19
721 738 91
722 739 13
723 740 50
724 741 54
725 742 43
726 743 77
727 744 47
728 745 71
729 746 10
730 747 14
731 748 36
732 749 96
733 750 68
733 751 93
734 752 4
735 753 86
736 754 35
737 755 73
738 756 36
739 757 34
740 758 90
741 759 4
742 760 13
743 761 92
744 762 76
745 763 41
746 764 12
747 765 82
748 766 81
749 767 57
750 768 34
751 768 63
752 769 50
753 770 36
754 771 70
755 772 39
756 773 22
757 774 73
758 775 69
759 776 47
760 776 73
761 777 41
762 778 76
763 779 47
764 780 86
765 780 48
766 781 79
767 781 36
768 782 47
769 783 53
770 783 84
771 784 99
772 785 66
773 786 37
774 787 56
775 788 99
775 789 33
776 790 19
777 791 8
778 792 21
779 793 65
780 794 14
781 795 98
782 796 55
783 797 69
784 798 4
785 799 3
786 800 9
787 800 52
788 800 21
789 800 56
790 800 88
791 800 75
792 800 7
793 800 70
794 800 77
795 800 9
796 800 47
797 800 29
798 800 94
799 800 88
