7 5 5 8 5 5 3 7 9 3 4 4 9 5 9 5 5 7 4 6 5 3 8 9 3 7 6 9 6 8 9 6
18 14 19 17 24 11 24 25 18 15 16 21 25 24 24 26 21 9 9 9 16 11 24 15 11 16 17 23 9 21 11 15
9 14 10 8 21 20 8 22 11 17 18 23 9 9 8 24 20 24 10 8 18 8 10 9 18 24 11 19 12 16 14 19
4 8 12 7 12 7 12 12 8 11 6 11 5 10 5 4 12 11 11 6 6 11 7 8 4 4 12 8 8 4 8 7
14 11 12 7 16 11 13 7 11 11 13 13 11 19 8 7 9 14 14 7 16 18 7 13 12 19 15 20 11 17 20 16
5 9 11 8 10 10 9 9 7 4 5 11 10 8 4 4 10 11 9 7 7 10 10 7 7 4 9 4 4 8 4 8
8 9 5 7 7 4 4 6 7 5 9 3 4 8 9 9 4 5 7 9 5 3 4 7 5 6 8 4 4 8 3 4
10 23 28 15 19 24 16 18 17 10 13 29 22 27 13 12 28 17 21 12 15 17 24 21 20 20 23 20 25 15 15 19
3 2 1 3 2 2 2 2 1 2 3 1 3 3 1 1 3 2 2 3 3 2 1 3 2 1 3 2 2 1 1 2
18 20 12 23 11 21 22 17 12 16 13 23 14 8 13 22 23 18 21 15 16 8 10 20 9 20 15 16 11 22 14 23
7 3 4 3 3 7 7 4 8 8 5 9 6 6 8 3 3 4 7 5 6 7 4 3 9 4 8 6 7 4 7 7
1 2 1 1 2 2 2 2 2 2 1 2 2 2 2 1 1 1 2 1 2 2 1 2 1 2 2 2 1 1 2 2
3 3 8 7 5 3 6 4 4 6 5 9 8 6 5 3 3 7 8 8 3 6 4 6 8 8 5 6 6 4 5 7
2 5 6 5 5 2 6 6 5 5 2 5 6 5 2 3 4 3 5 6 3 5 6 3 3 2 5 5 4 4 3 3
10 9 20 19 12 14 23 9 11 14 15 9 23 18 11 11 9 23 22 9 24 19 24 8 22 14 22 18 14 24 8 24
11 19 26 9 16 27 16 10 13 13 12 10 16 14 12 15 10 9 15 10 23 12 12 11 24 18 22 12 23 14 23 20
18 15 9 22 19 17 26 16 15 12 26 10 20 10 16 17 20 22 10 10 13 19 23 26 22 10 9 26 17 21 21 24
4 5 12 10 8 8 11 11 10 7 7 12 9 10 10 10 12 12 11 7 6 4 4 11 12 10 8 10 11 11 5 5
6 5 11 6 7 5 7 4 8 11 4 4 10 8 5 10 6 10 4 5 4 10 7 6 9 4 11 4 11 9 10 11
15 15 7 6 18 18 13 7 14 9 13 8 17 18 7 6 13 14 9 14 14 6 12 12 14 10 18 14 17 17 8 6
26 21 22 9 13 13 15 9 20 20 20 10 11 15 12 26 14 20 25 20 23 18 10 9 13 9 13 23 21 21 10 19
3 4 3 5 3 2 5 3 5 3 2 3 3 3 2 5 2 2 4 2 2 2 4 5 5 2 4 4 4 5 2 4
5 4 6 3 3 5 2 5 2 3 6 2 4 4 2 5 2 5 4 5 6 4 2 4 3 5 3 4 3 6 6 3
7 3 4 6 4 7 5 5 6 5 7 5 8 7 8 3 7 8 7 3 3 3 4 8 8 4 7 3 8 6 6 6
12 10 8 7 13 8 11 11 13 13 16 14 11 7 16 17 14 9 14 13 12 9 11 16 7 12 16 7 6 14 12 6
4 5 6 4 8 4 6 12 10 6 7 12 7 5 8 4 7 11 8 6 12 8 9 10 9 11 7 5 7 10 5 5
14 11 12 8 15 14 8 11 7 7 10 14 11 18 6 12 11 8 15 6 16 8 11 8 15 8 17 13 9 14 15 11
9 11 11 11 4 11 7 5 5 12 5 12 9 6 7 5 9 6 4 4 6 5 7 4 8 8 9 9 4 10 5 7
18 12 7 6 12 12 10 13 6 18 6 9 15 14 15 17 18 6 8 14 6 15 9 15 14 15 15 12 9 13 7 9
1 2 1 2 1 2 1 1 2 1 1 2 2 2 1 1 1 2 2 1 1 1 2 1 1 2 2 2 2 2 2 2
18 10 13 9 22 21 20 16 23 11 13 24 11 23 24 21 13 26 19 23 13 21 14 24 12 15 24 14 14 14 12 19
8 18 14 7 10 11 17 10 13 8 8 17 10 9 19 11 16 11 19 20 16 18 14 15 16 16 18 19 12 17 19 15
23 10 15 9 14 12 11 11 18 12 18 19 20 16 10 11 10 18 10 23 17 23 16 13 8 22 8 17 18 17 9 20
4 9 5 5 6 6 3 7 8 9 3 3 7 6 6 7 3 3 8 3 7 4 7 7 7 5 8 4 4 5 8 7
7 6 12 9 4 7 6 6 8 6 8 6 8 8 7 7 8 5 10 9 4 4 11 11 6 11 4 12 12 7 10 9
22 17 23 11 19 20 29 24 26 14 14 26 23 19 28 16 21 20 14 16 29 21 20 17 29 10 15 26 13 29 28 18
8 8 9 4 11 5 10 11 4 5 11 4 7 8 4 4 11 5 8 10 8 10 8 8 7 6 10 4 11 11 6 10
16 15 14 7 12 10 7 15 13 13 6 17 12 12 7 15 10 7 6 9 11 7 10 7 10 15 7 7 6 16 7 17
10 18 9 17 6 15 18 18 17 10 15 7 10 16 14 14 12 17 17 8 18 10 7 14 9 13 9 11 16 15 17 13
13 11 18 26 16 22 18 25 14 21 25 13 17 21 17 9 18 16 21 21 11 13 20 16 23 22 13 24 9 13 14 16
3 6 5 6 5 5 4 6 3 4 6 8 5 6 7 6 7 8 6 7 3 3 8 7 5 6 3 3 8 7 8 4
2 1 1 1 1 1 1 2 2 2 1 1 2 1 1 1 1 1 2 1 2 2 1 1 2 2 1 2 1 2 1 1
3 1 1 2 1 2 1 1 1 1 1 3 2 2 3 1 1 2 1 2 1 2 3 3 3 3 1 2 3 2 1 1
11 10 6 6 5 9 9 11 4 7 11 9 6 9 5 10 10 11 8 10 6 10 6 8 11 4 8 9 11 7 11 4
16 28 10 27 11 10 22 23 19 20 17 22 13 15 12 22 14 19 21 29 30 21 23 11 30 27 14 13 28 15 18 16
9 9 11 11 7 14 6 7 10 13 5 7 14 6 7 9 6 13 12 11 5 5 9 13 5 14 10 13 14 6 13 11
22 28 27 14 26 29 18 27 24 19 18 22 19 23 12 12 15 10 23 13 16 28 28 13 12 21 28 18 15 20 29 18
14 6 10 11 7 10 6 11 16 10 6 18 14 12 15 10 11 10 9 13 10 14 9 7 10 7 16 15 12 15 7 8
24 23 13 21 18 25 15 22 19 12 24 21 29 16 17 24 17 26 22 15 24 20 16 12 20 25 16 13 23 10 26 26
21 14 12 13 9 11 13 12 14 12 9 8 9 13 13 16 11 10 18 21 17 11 13 7 8 11 18 18 11 9 21 19
18 19 12 18 9 10 19 12 17 17 11 8 17 16 10 11 13 11 15 14 10 20 19 17 16 20 19 19 7 12 12 11
11 7 13 10 13 16 11 14 10 12 7 12 17 12 12 12 12 10 15 8 15 9 20 15 17 17 10 7 7 20 20 16
5 5 6 11 8 8 11 7 8 4 8 4 11 10 9 4 11 4 7 11 9 10 5 8 11 7 4 8 6 8 7 6
2 2 1 1 1 1 2 1 1 2 2 1 2 2 2 2 2 1 2 1 2 2 1 1 1 2 1 2 2 1 2 1
9 3 7 4 3 9 5 5 4 9 5 9 3 6 8 7 5 8 6 3 5 4 9 6 7 4 9 7 5 5 7 5
8 12 21 14 20 19 22 19 14 13 13 12 16 20 23 12 10 20 20 10 21 12 23 15 15 21 10 10 13 20 22 22
24 25 16 28 14 21 28 21 21 24 24 14 10 16 16 21 11 12 13 23 25 15 13 11 22 20 21 22 22 26 28 10
1 2 2 2 2 1 2 1 1 1 1 1 2 1 2 2 1 2 2 1 2 1 2 1 1 1 2 2 2 1 2 2
10 18 24 15 16 15 26 10 15 14 24 19 27 18 19 17 24 24 12 22 10 17 23 25 19 15 12 28 14 10 12 17
13 7 11 12 5 5 12 13 14 13 11 11 12 6 9 6 7 5 11 6 6 15 5 12 14 11 7 11 11 13 8 9
11 7 7 6 10 4 7 4 11 5 7 9 9 8 11 8 9 10 5 5 5 11 5 9 9 7 4 6 4 4 9 6
6 8 4 7 6 7 6 7 7 4 6 9 9 4 7 7 6 6 3 7 5 8 7 5 4 6 4 9 8 5 9 7
10 12 13 24 13 21 22 24 11 20 15 9 9 22 19 16 12 17 15 9 19 19 10 20 18 12 24 10 13 9 14 21
2 1 2 1 2 2 2 1 1 2 1 2 1 2 1 1 2 1 2 2 1 2 1 2 2 2 1 2 2 1 2 1
3 8 6 5 7 6 3 3 5 8 5 6 3 5 5 5 6 6 6 8 7 8 7 7 5 6 8 3 7 8 4 8
14 16 9 13 19 22 8 12 16 14 10 10 19 11 9 8 14 20 12 11 21 14 18 20 16 20 17 13 15 21 19 14
2 1 2 2 1 1 2 2 2 1 1 1 1 1 2 1 2 2 1 2 1 2 2 1 1 1 1 1 1 2 1 2
22 21 26 27 9 9 17 24 20 13 11 25 10 26 25 24 18 26 15 10 27 11 22 10 24 20 16 17 21 10 11 27
7 8 8 3 6 9 5 8 4 5 7 8 7 5 7 9 3 4 6 5 9 6 7 9 3 4 8 7 7 5 3 6
15 21 7 19 8 20 19 18 9 12 12 19 9 19 17 19 14 19 14 12 14 13 13 19 12 18 16 11 7 9 9 19
15 14 6 7 7 11 5 6 6 10 12 14 10 8 13 6 11 12 6 14 11 5 10 11 5 7 12 11 9 7 14 11
20 18 19 22 26 17 14 15 30 28 11 10 19 15 16 12 15 11 29 22 28 15 10 26 20 11 25 12 23 13 14 24
10 9 11 14 6 12 8 12 5 7 5 5 6 10 14 12 10 14 11 12 11 12 7 11 7 13 9 13 6 5 6 12
27 29 10 12 23 24 23 29 18 13 30 12 10 19 29 29 12 23 27 21 25 30 12 29 13 16 12 18 16 19 20 15
8 6 7 11 14 15 7 6 14 14 11 15 6 13 17 9 11 11 10 17 16 6 14 11 11 14 9 13 13 15 17 14
8 16 7 14 9 7 14 10 6 8 13 8 14 13 12 14 10 9 9 15 13 10 18 7 8 13 16 17 9 10 16 12
12 11 7 10 9 7 5 6 6 5 12 5 9 8 13 5 11 8 10 5 11 5 14 10 9 12 11 7 7 12 12 13
8 9 8 17 12 12 9 10 9 13 10 17 15 14 6 13 9 15 16 9 9 6 8 17 15 14 7 9 13 8 9 16
15 12 14 12 18 15 17 10 19 21 23 20 13 21 23 15 12 17 15 10 16 25 24 14 17 21 24 18 22 19 12 24
13 11 6 17 13 15 14 9 8 7 14 14 15 15 12 15 11 11 10 6 10 14 8 8 15 13 16 6 13 9 13 6
3 7 7 3 6 7 4 8 8 4 8 3 7 9 4 7 4 9 3 5 8 5 9 3 7 9 5 4 3 6 4 9
7 4 8 3 7 8 4 6 6 5 7 5 5 5 3 6 7 3 5 3 7 3 6 5 5 6 4 6 8 5 6 7
1 2 1 2 2 1 1 1 2 2 2 2 1 2 1 2 1 1 1 2 2 1 1 2 1 2 1 1 2 1 1 2
10 7 14 10 8 10 14 14 14 5 10 14 6 6 5 9 13 8 5 12 14 15 12 8 5 9 8 14 11 13 5 7
10 14 12 6 5 14 12 9 12 10 6 6 12 5 12 8 10 14 7 6 13 14 13 8 8 8 5 12 14 6 5 13
18 11 19 30 20 11 30 12 18 17 10 30 23 24 25 13 22 22 22 29 11 29 11 26 28 15 18 14 20 17 22 24
10 14 18 10 7 15 14 7 10 12 9 14 18 12 9 17 14 14 10 10 7 10 12 10 17 13 12 10 17 15 6 12
7 11 6 10 12 12 13 10 17 8 12 17 10 7 9 12 11 13 16 14 8 7 12 6 8 12 10 14 6 14 16 11
9 8 9 11 7 9 10 9 10 10 10 5 7 4 7 11 9 10 11 11 5 11 5 10 7 11 8 11 9 6 10 5
4 3 3 4 6 6 4 5 6 3 7 7 6 3 4 4 5 5 7 7 3 6 4 3 6 4 5 5 4 3 3 6
17 17 9 15 7 11 6 14 9 14 15 8 9 13 14 14 11 10 15 13 10 16 10 6 15 10 16 15 8 9 7 11
18 16 12 9 13 10 20 9 16 11 10 14 12 17 13 7 7 9 13 10 11 13 15 19 9 19 14 8 7 18 21 12
11 10 10 14 7 7 13 8 10 7 14 11 7 6 11 11 9 9 11 7 12 14 10 6 11 12 5 13 13 7 7 12
2 1 1 1 2 2 1 1 1 2 1 2 1 1 2 1 2 2 1 1 1 2 1 1 1 2 1 2 2 2 2 1
16 20 7 17 8 15 14 18 17 10 8 9 19 13 15 21 13 15 16 13 10 7 21 15 20 20 10 10 17 17 14 14
2 1 2 1 3 2 3 2 1 3 3 1 3 1 2 2 3 1 2 1 3 3 3 1 3 2 1 3 2 2 2 1
12 12 13 14 15 19 18 14 9 12 10 12 7 14 11 16 17 17 21 8 17 9 15 15 14 16 15 21 21 8 17 10
5 2 5 3 3 6 4 5 3 3 4 4 5 6 4 2 6 4 2 5 2 2 5 3 5 2 3 6 4 6 2 4
13 14 14 23 17 10 10 12 13 13 13 11 18 15 19 17 22 10 23 17 8 11 9 18 19 12 15 19 22 14 20 21
11 12 12 17 12 20 11 11 8 13 15 13 17 14 15 20 10 15 18 16 19 16 14 14 15 15 7 8 17 12 19 9
20 21 18 30 27 14 26 25 26 22 12 26 14 14 20 22 10 21 17 20 25 28 29 13 26 22 16 15 28 23 11 30
4 7 3 6 9 8 4 8 6 8 9 9 3 5 3 3 8 6 3 8 6 8 5 3 4 3 5 8 7 7 3 8
5 12 11 11 6 11 7 4 11 9 9 5 11 4 8 11 4 11 9 12 11 10 7 6 5 11 6 6 9 11 9 4
5 13 13 5 5 5 7 7 7 5 5 11 11 10 6 5 10 8 10 12 12 13 12 5 6 11 12 14 8 10 10 9
16 8 15 15 18 21 22 18 14 13 15 13 12 14 8 18 22 18 8 15 11 23 23 19 11 21 18 19 11 9 14 16
7 6 7 4 8 5 7 7 4 6 7 8 8 3 5 6 5 8 3 7 5 7 5 5 7 5 3 3 7 3 4 7
23 12 13 24 20 25 23 13 15 14 18 11 23 19 20 13 23 17 13 11 15 9 16 15 18 23 25 16 21 26 23 9
2 3 2 3 3 1 1 2 1 1 1 2 2 3 3 1 3 3 2 2 2 2 3 1 3 1 3 2 2 1 3 2
12 27 12 17 16 12 26 11 23 22 9 26 12 27 17 25 10 12 25 15 10 14 9 26 9 25 10 19 11 15 25 27
8 18 9 12 6 9 13 14 6 13 13 8 15 10 14 18 10 8 6 12 18 9 10 13 18 16 17 18 7 16 8 14
6 6 3 2 3 4 6 6 4 2 5 5 3 4 3 6 4 5 4 6 4 3 3 4 4 5 4 5 2 5 5 2
4 4 5 4 3 4 3 3 3 5 4 2 5 4 5 4 3 3 5 5 3 5 2 5 5 5 3 2 3 5 3 2
2 1 1 3 3 2 2 3 3 3 1 3 1 1 1 2 3 3 1 3 2 3 2 3 1 1 2 2 3 1 1 2
7 10 8 4 7 11 8 8 12 12 8 12 11 9 7 5 6 9 12 9 10 6 6 4 8 11 9 8 8 12 7 6
24 17 26 20 16 21 30 19 26 11 23 12 28 15 29 25 26 28 26 21 20 12 14 27 11 17 11 20 16 18 28 27
12 16 15 20 15 17 21 16 20 14 9 9 9 12 18 9 13 10 21 12 19 13 21 25 9 25 25 25 18 19 20 17
3 2 3 3 2 3 2 3 2 1 2 1 1 1 3 1 1 3 1 3 3 2 2 3 3 2 1 3 2 2 1 3
13 20 9 14 7 20 11 12 10 20 18 8 21 11 16 18 17 20 17 16 8 11 15 20 17 9 16 9 11 19 20 12
2 4 2 4 2 4 2 5 2 4 5 3 5 4 5 4 3 4 3 2 5 3 2 2 5 3 5 4 2 2 4 5
3 3 2 1 2 2 1 2 3 2 2 3 1 2 1 2 3 2 3 2 3 3 3 3 2 2 1 3 2 3 1 3
6 4 8 8 7 8 6 8 5 7 3 4 8 5 8 8 3 5 7 6 5 5 4 3 8 8 6 3 3 7 7 7
2 1 3 3 3 1 1 1 2 1 1 1 3 2 1 1 3 1 1 3 1 2 2 1 2 3 2 3 1 3 1 3
6 6 6 11 10 6 9 6 9 8 9 9 9 6 10 4 10 8 6 4 7 8 11 5 7 5 8 5 6 6 10 8
10 11 11 11 15 16 14 7 13 9 18 11 15 9 15 17 9 18 10 10 10 8 16 8 6 15 18 13 15 16 11 11
7 14 17 20 19 14 8 19 16 19 11 17 15 17 18 18 14 11 11 16 16 9 10 16 20 10 17 19 14 21 11 7
12 8 18 7 11 7 13 8 15 17 17 8 6 8 17 15 10 18 12 7 13 17 14 17 12 15 11 11 7 7 17 13
4 11 5 5 5 4 11 4 6 5 4 10 10 4 9 10 10 5 7 11 11 5 7 5 8 11 8 5 7 5 11 7
16 14 11 19 22 23 19 27 13 24 19 14 15 14 14 29 29 24 25 19 25 15 15 27 23 23 15 17 10 15 13 21
10 21 17 21 13 14 21 16 14 16 9 8 22 9 10 17 16 17 22 14 24 10 18 15 23 10 20 14 9 15 9 24
5 2 2 2 5 4 4 2 2 4 2 5 4 5 2 5 2 2 4 2 5 4 2 4 3 4 2 5 3 4 4 5
12 24 27 23 30 15 30 30 19 28 29 18 25 28 20 23 29 16 22 28 13 26 16 30 22 26 25 14 19 28 18 27
30 17 24 28 13 10 30 24 22 21 25 19 12 23 11 18 15 11 28 15 27 10 26 15 10 15 23 11 30 11 18 18
8 16 24 20 9 12 22 20 18 9 11 15 17 10 24 10 22 10 9 11 24 16 16 19 8 20 18 23 13 18 13 24
2 3 6 2 5 3 6 6 3 2 3 6 3 6 5 2 6 6 4 5 3 2 5 3 4 3 4 6 6 4 5 5
25 12 15 16 24 29 22 22 17 30 25 19 10 22 11 12 16 26 16 26 29 11 26 21 15 23 20 10 14 30 12 21
5 7 11 10 4 8 5 6 5 5 11 7 9 9 5 7 4 9 4 8 6 9 4 8 11 7 11 8 8 10 7 11
13 11 21 16 19 10 15 15 28 24 22 14 15 21 23 30 14 10 27 29 27 30 11 20 27 28 21 15 25 15 15 14
18 8 19 8 22 13 13 10 13 12 20 16 14 24 11 20 15 13 23 21 11 19 14 8 9 22 14 11 23 10 18 16
7 5 5 4 7 4 9 11 5 5 9 9 8 7 5 5 9 11 11 4 5 8 11 9 8 9 7 6 4 9 9 8
10 10 17 21 17 20 17 12 10 11 20 15 16 11 18 19 19 14 17 14 13 16 10 21 9 9 19 13 17 7 8 19
1 2 2 3 3 2 1 1 2 2 3 3 3 1 3 2 1 2 3 2 3 1 2 2 3 3 3 2 3 1 2 1
19 18 26 19 22 27 27 30 27 24 10 28 15 13 20 30 20 24 15 10 15 16 21 15 29 14 19 17 18 24 20 15
1 2 2 1 1 2 2 2 1 1 2 2 1 2 1 1 1 1 2 2 1 1 1 1 1 1 2 2 2 1 2 2
9 10 13 12 8 23 10 11 17 11 16 10 20 16 17 23 11 14 16 13 19 13 12 8 14 22 8 21 15 11 9 20
5 6 12 6 7 10 5 7 8 6 10 7 11 10 8 4 10 11 10 7 4 4 5 7 5 4 8 9 5 10 7 9
20 24 22 15 15 16 24 23 17 15 24 20 29 26 21 29 14 12 23 15 21 24 27 18 11 16 27 12 26 28 16 26
16 6 6 8 6 17 12 18 11 8 9 9 11 14 9 13 15 12 17 8 11 14 8 14 9 8 9 9 10 18 6 14
7 5 4 5 6 6 5 6 3 4 7 4 7 5 6 7 3 5 6 6 7 8 6 6 6 5 4 4 5 8 5 5
19 22 10 10 19 18 19 28 21 11 29 14 13 21 24 21 18 16 28 19 22 14 23 15 10 30 14 10 15 25 17 12
3 3 5 2 2 5 3 4 4 4 4 4 3 4 5 5 2 3 2 4 4 2 4 3 3 3 5 4 2 3 3 2
4 6 4 3 4 5 3 4 8 3 7 8 4 8 7 8 5 7 7 8 8 8 6 3 7 5 3 8 5 3 4 8
3 8 8 5 8 8 6 7 6 6 3 8 5 5 3 6 3 8 4 6 7 3 6 3 7 4 8 3 6 3 8 5
17 23 9 20 11 10 20 12 10 13 12 17 16 16 13 9 23 22 14 16 21 9 13 12 14 9 19 13 23 14 22 16
9 8 4 4 4 5 3 9 3 9 7 7 4 9 9 3 4 3 9 4 4 8 7 9 8 9 6 8 3 3 7 3
6 4 9 9 5 7 6 7 4 9 10 6 6 7 11 7 6 11 4 8 7 7 5 11 6 10 11 6 9 5 7 9
4 4 2 5 2 2 3 2 4 4 4 2 3 3 5 2 3 3 2 5 4 3 4 4 2 2 5 4 5 2 5 4
8 5 9 13 13 11 12 7 11 14 10 9 10 5 14 11 6 11 8 12 5 10 9 5 8 12 8 5 14 10 11 12
16 11 10 20 18 22 15 17 14 11 19 10 8 15 9 11 8 16 16 10 22 18 17 19 14 14 11 19 19 12 20 10
2 4 3 5 5 2 5 2 4 4 2 3 3 4 5 2 2 4 3 2 4 5 5 4 2 4 2 4 3 5 3 5
8 10 10 11 13 5 13 7 14 12 8 13 6 12 11 6 9 11 5 10 13 7 10 14 14 8 7 5 11 8 10 6
2 1 3 1 2 3 1 2 2 2 1 2 1 3 3 1 2 2 3 3 2 1 1 2 3 1 3 1 3 2 2 1
9 6 11 12 8 14 12 15 15 15 8 9 11 14 9 14 15 7 13 6 15 12 15 11 15 9 13 12 10 11 12 8
21 14 29 20 26 24 13 21 18 11 16 22 23 23 12 23 20 15 28 16 17 10 21 16 15 10 15 13 22 27 26 20
27 11 13 12 26 26 17 22 17 14 30 27 16 13 12 29 15 17 11 16 13 12 23 17 29 30 11 14 12 26 27 27
22 11 18 19 13 28 26 15 14 26 20 21 10 10 23 19 20 28 24 16 24 12 16 12 12 19 28 14 11 25 29 19
15 13 15 20 20 7 15 7 13 10 15 9 8 15 14 8 8 18 17 9 12 15 14 11 12 14 19 15 8 7 9 13
26 29 25 19 27 12 20 11 19 17 23 16 26 12 10 21 11 22 27 24 19 15 28 12 13 28 16 25 18 23 15 16
1 1 1 1 2 1 2 1 3 1 2 2 3 3 2 1 2 1 3 1 3 2 3 2 3 3 3 2 2 2 1 1
12 18 12 15 19 23 20 21 15 19 18 12 12 12 13 24 13 22 25 20 17 25 19 18 24 23 13 11 10 15 15 19
4 12 11 12 5 8 6 6 7 6 10 4 11 11 9 8 10 10 9 5 9 10 12 9 9 9 4 9 5 12 5 5
19 10 16 22 22 20 21 18 13 17 10 21 10 11 13 12 10 15 23 12 19 21 11 8 21 12 11 13 24 12 10 13
9 12 6 6 10 4 6 8 8 7 4 10 7 5 10 8 10 12 5 12 9 7 12 11 8 5 11 9 6 4 9 5
8 10 8 14 8 12 11 13 10 12 7 12 13 16 16 13 8 12 12 12 11 17 7 17 14 6 9 10 12 17 6 13
4 6 5 3 4 8 5 8 9 6 3 4 9 5 6 6 6 6 5 5 9 6 8 3 4 5 9 9 7 4 4 6
2 2 2 3 1 1 2 3 3 3 1 1 1 1 2 2 3 1 2 3 3 2 3 2 2 2 3 1 1 2 1 2
12 10 9 9 9 6 6 10 4 5 6 6 6 9 6 10 11 7 4 4 7 4 11 8 5 11 6 7 4 12 4 11
17 6 8 14 10 15 9 15 18 7 9 8 16 6 13 13 15 8 7 12 15 18 16 7 9 17 8 6 15 16 16 12
3 6 4 6 6 5 5 5 6 3 5 5 6 3 3 6 4 5 4 6 4 3 4 3 4 2 4 3 3 2 5 5
16 21 12 9 11 23 19 15 15 10 19 19 23 14 25 21 10 14 16 18 23 14 12 19 14 11 26 14 17 20 24 15
3 2 2 2 4 2 2 5 4 4 4 4 5 2 5 5 2 4 2 2 4 3 3 3 3 2 4 2 5 5 5 4
1 2 2 1 1 1 1 1 1 2 2 1 1 1 2 2 2 1 2 2 2 1 2 1 2 2 1 1 1 2 1 1
1 2 2 1 1 1 1 2 2 2 1 1 2 2 2 1 1 1 2 1 2 2 1 2 2 1 2 2 2 2 1 2
10 10 10 9 8 9 5 9 9 5 10 7 7 9 11 11 6 11 11 6 10 6 8 6 9 9 8 6 6 6 9 9
7 4 6 6 9 6 5 5 8 4 8 4 6 3 8 5 4 9 5 9 7 3 6 5 3 3 4 3 9 8 8 4
3 6 6 7 4 6 7 6 5 4 6 6 8 5 6 7 8 3 3 4 7 8 3 4 4 7 7 7 7 8 7 3
20 12 22 10 23 21 11 14 16 16 8 24 8 20 11 19 14 18 22 9 10 10 12 13 19 11 15 22 20 15 22 13
19 25 26 22 14 12 16 18 27 12 15 19 21 18 27 11 14 26 10 27 27 14 15 23 19 24 12 26 14 25 13 18
6 11 4 7 7 12 11 6 9 8 11 5 6 8 6 12 12 6 7 12 5 5 4 11 11 5 4 12 5 9 8 11
12 20 15 11 10 18 12 14 13 7 8 8 19 19 13 16 16 15 20 17 16 15 16 8 20 17 18 12 15 16 12 16
9 4 7 9 4 8 4 5 5 4 6 7 4 8 5 8 6 3 8 7 5 9 8 4 8 5 9 4 7 5 5 9
9 14 14 14 7 16 13 10 10 16 16 12 15 12 18 10 11 16 14 13 15 18 9 18 17 12 10 16 13 15 9 11
6 9 10 5 7 10 9 5 11 7 10 12 11 6 9 11 12 7 4 6 5 9 6 5 5 5 12 8 12 8 8 6
21 16 16 21 17 15 18 10 20 15 12 16 26 24 21 21 25 13 14 18 25 9 18 14 10 13 26 14 22 17 15 23
16 25 25 20 21 29 19 21 15 20 13 21 28 14 22 24 18 29 21 19 17 13 12 26 13 29 12 14 28 10 19 23
3 3 2 3 2 3 2 1 3 3 2 2 2 3 3 2 1 3 3 3 3 3 2 2 1 1 3 2 1 1 3 1
17 10 29 19 18 12 23 29 19 25 24 13 11 27 11 22 18 29 30 24 14 28 13 30 20 30 15 12 22 13 11 16
6 6 5 3 3 5 5 3 5 6 2 4 3 3 4 4 2 6 3 5 6 6 6 3 2 2 3 3 5 6 5 5
17 13 16 9 11 7 8 15 17 17 7 7 12 11 17 10 11 13 14 16 11 8 12 16 7 7 7 10 10 12 9 13
3 3 2 3 2 1 3 2 3 1 1 2 3 1 3 3 3 1 1 3 2 2 2 2 2 2 3 2 1 3 2 2
18 16 15 11 22 21 8 14 12 11 14 18 10 24 11 14 23 16 17 10 8 8 10 19 24 23 13 23 8 17 21 19
8 6 8 7 9 6 10 8 11 9 4 7 6 7 10 6 5 6 11 10 9 6 9 8 5 10 4 8 5 5 8 9
11 11 10 7 4 9 8 7 11 8 4 5 5 9 9 5 4 6 6 5 5 10 5 6 10 9 7 11 7 11 4 7
13 26 15 26 22 29 26 19 21 20 14 13 23 12 28 17 18 12 18 15 22 24 19 23 18 23 12 22 26 27 18 17
20 9 19 15 9 20 11 23 13 15 8 12 21 16 10 10 8 17 23 22 18 16 13 9 12 13 18 19 22 17 13 18
8 4 4 6 7 7 5 9 4 9 4 3 5 7 3 4 4 9 4 4 7 7 7 7 6 7 4 7 8 5 4 8
13 15 13 12 18 23 17 18 8 17 19 18 17 9 8 22 14 13 17 20 9 9 23 9 16 15 23 11 22 21 15 14
20 8 16 10 15 12 11 21 12 17 15 10 17 21 21 19 7 17 13 17 8 18 20 17 13 16 16 19 12 20 18 21
8 19 8 15 8 13 19 23 22 21 21 9 16 19 15 14 22 22 12 14 11 19 8 20 12 11 10 23 22 14 23 19
3 5 8 6 6 9 7 8 4 7 3 5 5 8 7 6 4 3 5 4 6 3 6 4 8 3 6 6 4 3 7 3
11 9 5 8 10 5 6 4 6 9 5 4 8 5 5 8 8 5 7 10 10 4 5 5 5 6 9 8 7 9 4 9
24 20 22 25 12 28 21 20 11 29 22 26 29 19 21 23 12 17 13 22 19 24 25 16 24 11 25 20 28 21 11 13
22 19 8 12 20 13 15 14 16 24 15 12 20 21 19 17 10 18 20 8 23 9 21 14 10 9 18 12 17 22 23 15
2 3 4 4 6 6 5 3 6 4 4 5 5 4 6 3 2 5 5 3 4 2 2 3 2 6 3 4 5 4 3 6
2 2 2 2 1 3 1 2 3 3 2 1 1 1 1 3 2 2 2 1 2 1 2 1 3 2 2 1 3 1 3 2
4 8 7 3 6 6 3 7 4 6 8 5 6 7 7 4 4 4 8 3 5 4 3 8 4 3 7 6 7 5 8 8
12 12 9 5 7 12 6 13 8 10 5 8 14 5 5 7 9 6 6 11 6 13 11 8 13 9 8 13 12 13 13 9
12 13 15 9 7 8 13 14 14 6 6 10 12 11 13 10 13 10 12 7 5 12 9 13 10 5 12 6 6 8 9 10
7 10 9 16 7 9 18 8 12 7 12 14 15 7 8 18 10 13 10 15 14 14 6 18 7 12 10 10 12 17 12 9
9 8 11 6 11 4 11 8 10 5 11 6 11 7 8 4 4 4 4 4 8 6 5 7 4 11 11 6 8 6 11 7
14 12 21 11 14 11 18 18 15 17 16 20 12 20 13 18 23 15 21 16 12 23 21 18 21 18 22 21 14 9 22 22
4 4 4 4 4 3 3 2 5 3 5 4 3 3 5 4 3 4 3 3 3 3 3 5 5 4 5 3 2 2 5 4
19 17 10 19 22 19 22 12 13 23 20 10 13 8 20 18 16 14 11 13 18 19 8 12 19 22 23 24 19 23 13 18
1 2 1 2 1 2 1 2 1 2 1 1 2 1 1 2 2 2 1 1 1 1 2 2 2 1 2 1 2 2 2 1
3 3 9 8 8 3 6 4 5 6 8 7 3 8 6 8 6 7 5 3 7 5 5 7 8 3 5 5 6 9 3 9
8 21 20 8 21 18 12 22 8 19 19 17 19 17 11 17 10 14 18 21 18 17 13 19 14 15 9 14 17 23 19 18
15 21 12 14 16 8 21 18 11 9 22 17 18 18 14 21 21 17 10 15 23 23 15 8 16 15 17 22 9 20 22 11
20 22 18 23 15 17 14 17 17 20 21 11 8 12 23 19 20 14 8 23 17 10 17 15 21 13 9 9 16 17 10 15
13 19 18 24 19 18 9 19 24 14 11 19 14 19 22 22 14 11 9 14 22 19 21 16 24 14 14 13 14 21 15 17
9 16 10 9 12 18 16 7 16 10 12 17 10 13 16 14 11 16 17 9 7 9 15 8 15 15 17 9 10 18 17 18
18 21 11 18 30 30 24 27 10 13 26 23 14 13 30 21 21 14 17 18 25 27 15 19 18 13 16 19 27 28 26 17
5 5 11 11 10 11 15 9 13 10 9 9 15 6 15 11 6 10 8 5 5 10 13 7 14 8 10 7 6 15 9 9
22 12 23 15 19 10 15 19 17 19 21 16 9 14 22 18 21 16 19 9 8 12 23 11 16 8 17 21 20 11 15 20
14 13 14 11 13 6 12 11 9 9 5 12 10 11 13 10 5 15 11 12 14 5 8 14 14 6 5 9 9 15 11 8
12 27 23 12 27 20 20 29 15 30 13 22 28 21 21 17 29 15 22 28 26 19 10 25 30 11 12 18 11 23 18 20
14 16 19 19 8 10 17 7 15 17 17 21 10 8 17 15 11 14 7 19 13 11 18 11 11 15 8 15 12 8 17 15
5 5 4 6 2 2 5 5 3 3 2 5 5 5 5 2 6 6 5 6 5 4 3 2 3 2 5 4 6 2 6 3
16 14 20 14 9 19 27 24 19 27 26 12 12 24 14 17 10 11 24 9 24 9 27 15 24 10 18 10 24 24 17 19
6 15 6 11 5 10 13 10 5 8 5 8 6 8 15 10 7 9 11 6 9 11 13 15 7 9 6 6 5 8 11 6
11 26 14 24 12 15 15 13 26 13 21 24 20 11 22 25 14 11 9 22 15 18 19 26 21 20 10 23 25 16 11 16
4 2 6 3 6 6 5 4 2 3 3 3 3 3 4 4 6 6 2 4 6 3 4 2 2 6 5 4 2 5 2 4
1 2 2 2 1 2 2 1 2 2 2 2 2 2 1 1 2 2 2 1 1 2 1 2 2 1 1 1 2 1 2 2
12 13 11 8 11 18 16 11 9 6 14 9 9 6 18 6 12 13 16 18 12 18 8 12 6 14 15 11 13 18 10 7
23 13 16 21 12 15 15 13 16 21 9 19 11 21 23 24 9 21 19 19 24 9 19 20 14 8 9 9 23 15 11 9
7 15 17 9 10 9 17 12 6 15 12 12 8 17 15 10 10 12 7 8 12 16 7 14 15 14 17 14 10 10 12 17
11 6 6 8 10 11 9 9 5 10 10 6 7 11 7 10 4 11 11 4 11 5 7 10 9 6 8 4 7 9 4 9
3 4 6 2 4 3 5 3 4 6 3 2 5 2 2 3 3 5 3 6 6 6 6 4 2 4 5 5 5 4 4 4
12 23 14 22 13 18 22 18 21 10 23 23 9 23 22 20 16 19 24 8 12 21 15 15 20 10 11 23 8 14 22 12
7 19 13 12 10 19 14 10 19 15 21 11 8 12 12 7 18 13 9 16 12 10 20 12 15 10 8 16 15 10 8 7
6 5 11 13 13 5 8 8 7 5 10 8 11 11 9 9 13 5 10 5 10 12 12 8 10 13 7 9 11 9 9 7
6 7 10 8 13 12 12 6 10 11 7 10 14 10 14 7 8 13 5 12 11 12 10 7 11 5 11 8 7 7 11 10
11 10 5 9 5 13 9 7 9 13 11 12 13 12 8 6 14 14 8 11 10 11 9 8 10 7 9 9 15 9 9 9
8 9 9 17 8 9 14 17 17 12 9 8 7 18 14 10 14 10 13 15 11 16 14 16 15 8 15 12 15 11 15 13
13 14 16 8 14 17 6 9 9 9 15 8 12 15 17 7 12 16 15 11 17 15 7 13 9 15 6 7 12 15 16 11
2 1 2 1 2 1 2 2 1 1 1 1 2 2 2 2 2 1 2 1 1 2 2 2 2 1 1 1 1 2 2 1
4 7 3 3 8 7 6 7 8 7 8 6 7 8 8 7 6 6 4 6 8 7 7 5 4 7 5 4 7 6 8 3
7 8 10 9 5 10 5 5 12 7 9 5 11 11 8 10 4 9 6 11 6 12 8 9 8 5 11 4 11 12 11 7
11 7 9 8 6 6 11 8 6 5 5 11 5 11 5 9 4 9 6 5 4 5 4 8 7 9 7 4 4 4 8 9
2 1 2 3 2 3 1 1 2 1 2 1 2 3 1 2 1 1 2 2 1 2 3 2 3 1 3 1 1 3 2 3
16 14 6 11 16 15 13 7 15 11 17 7 10 16 15 14 14 18 7 12 17 15 6 6 7 9 10 17 15 11 7 18
6 6 2 3 4 4 6 4 5 3 2 6 5 2 3 4 2 2 6 3 5 3 5 2 3 6 4 3 3 4 4 5
14 12 12 6 9 6 14 15 14 5 8 12 8 10 15 8 6 11 10 13 15 13 7 11 13 11 10 7 14 8 11 9
7 13 9 15 6 9 15 13 13 7 7 14 7 13 15 8 14 11 10 8 14 7 14 14 9 10 9 14 7 8 13 9
2 3 3 2 5 5 4 3 3 3 3 3 3 3 2 4 2 2 5 3 5 3 4 5 3 4 4 2 3 5 5 2
15 6 9 7 9 11 16 6 17 10 13 17 12 18 16 14 12 12 9 16 8 16 11 11 15 12 8 7 16 12 13 15
19 10 17 22 24 22 18 9 11 16 20 23 14 17 17 22 11 18 10 9 26 16 10 24 15 15 9 10 20 18 16 21
9 13 10 8 12 14 17 16 10 16 15 11 16 8 13 17 16 17 14 6 13 16 16 13 17 6 8 14 15 17 12 10
13 11 24 24 23 13 12 9 13 17 13 19 10 15 12 10 8 23 21 8 16 20 15 10 10 24 15 13 15 15 23 8
8 14 15 12 9 8 16 6 17 6 14 15 13 8 11 7 17 18 10 12 17 12 6 14 8 9 18 10 17 8 11 6
2 3 2 3 3 2 2 1 1 2 1 2 2 1 1 3 1 1 2 3 2 1 3 1 2 1 3 3 2 3 2 1
16 10 14 25 24 27 30 25 26 28 17 23 28 14 22 29 27 30 18 11 19 30 25 20 21 10 19 18 26 10 15 30
3 3 1 2 3 2 2 1 2 1 2 1 3 2 2 1 1 3 3 2 2 3 1 1 3 3 1 1 1 1 1 3
1 1 3 1 3 2 2 3 1 1 2 1 2 2 3 2 1 1 2 1 1 2 2 3 2 2 1 3 2 1 3 3
3 8 9 7 8 8 3 8 8 9 7 7 8 4 3 5 3 5 5 6 4 4 5 9 9 5 9 8 8 8 6 3
13 22 19 12 14 17 13 26 12 28 23 20 25 28 19 12 11 17 20 28 25 13 26 14 12 10 16 30 28 11 23 30
11 11 10 13 18 18 6 8 9 11 17 16 12 16 18 9 16 6 14 18 10 7 16 6 6 16 9 18 8 8 16 7
8 16 17 17 13 7 14 7 10 8 16 18 10 10 12 13 18 11 13 13 10 10 18 7 15 10 10 13 12 18 14 15
16 12 14 16 24 11 21 15 22 20 11 12 11 21 9 25 26 18 26 9 25 15 25 13 19 24 18 24 10 16 10 9
11 14 16 16 6 8 9 6 7 14 8 15 13 14 17 6 18 16 17 12 15 12 14 17 13 16 12 17 8 7 11 9
18 20 12 20 28 27 14 28 18 18 12 18 24 28 15 18 10 19 12 20 11 10 16 25 16 16 25 28 23 15 12 27
8 4 6 7 8 4 5 4 4 3 3 4 8 8 7 8 5 6 8 4 4 5 7 8 3 4 3 6 4 5 5 6
2 2 1 1 1 1 2 1 2 1 2 1 1 2 1 1 2 1 1 2 1 2 1 1 1 1 1 1 1 1 2 1
8 9 9 4 8 11 4 9 8 8 9 11 4 9 9 6 4 11 9 7 4 5 9 7 7 7 8 7 6 11 8 10
8 7 4 6 5 5 6 5 3 7 5 7 8 7 5 3 4 6 3 7 7 8 7 8 6 7 7 7 3 5 7 7
18 24 23 22 21 20 19 22 16 10 22 16 18 8 22 11 8 17 14 14 24 13 17 16 22 17 18 17 13 17 11 18
5 11 9 12 5 12 8 10 13 6 14 13 14 14 14 11 14 10 6 10 12 7 14 5 13 9 9 14 10 13 13 10
8 4 6 3 9 4 7 8 4 4 9 5 7 6 5 3 8 8 9 7 9 6 8 4 6 3 3 8 6 9 5 5
14 17 14 12 10 13 16 18 17 17 6 10 9 16 17 18 7 9 12 12 10 6 15 10 7 8 12 6 18 17 8 16
6 15 6 13 12 7 8 9 5 5 15 8 10 10 8 13 11 5 14 5 8 11 9 12 9 11 6 12 8 13 10 14
12 17 21 9 16 9 24 22 27 11 17 14 21 20 26 15 18 27 16 11 24 16 18 25 13 24 12 24 22 12 18 12
25 25 23 15 20 17 30 23 19 23 30 26 20 20 23 23 30 21 26 21 27 20 19 26 27 28 28 19 29 24 20 10
1 2 2 2 2 1 2 2 2 2 2 1 2 2 2 1 1 2 2 1 1 2 1 2 2 2 1 1 2 1 2 2
7 4 6 5 7 4 9 7 9 8 3 8 8 5 5 4 6 4 3 4 3 3 4 8 9 3 7 8 5 8 3 3
17 24 22 23 16 20 11 9 11 15 21 18 14 23 12 9 11 14 9 21 17 21 10 10 24 14 25 22 11 11 13 11
6 5 10 12 5 7 13 7 14 11 14 6 14 9 11 14 14 5 9 14 9 8 8 12 7 13 5 7 7 7 10 14
18 14 21 20 8 19 7 15 21 16 18 18 8 9 10 14 10 8 18 14 15 21 18 9 21 12 10 20 15 15 13 9
16 17 25 10 22 10 19 16 15 26 26 22 22 9 9 20 26 16 16 25 18 9 14 26 9 23 10 24 16 25 26 9
7 8 8 13 10 5 8 5 12 11 14 13 14 12 14 10 13 11 14 14 13 12 10 9 11 7 14 6 11 10 6 11
8 13 6 6 12 10 18 6 13 15 18 17 8 6 17 18 8 16 10 10 8 16 15 9 7 6 15 9 13 9 9 8
7 13 10 9 12 9 8 7 14 8 6 9 5 9 10 14 11 14 6 12 7 6 8 8 7 11 6 10 8 7 6 6
21 24 15 24 12 15 10 26 23 24 17 24 23 20 20 10 12 19 19 9 23 17 26 11 18 18 13 17 17 10 18 22
26 18 13 27 26 13 17 23 22 26 24 24 21 16 9 17 10 22 9 13 22 11 10 9 24 24 26 9 26 15 18 19
8 4 8 10 6 8 7 7 8 10 5 11 8 6 7 10 4 6 5 7 9 8 10 5 7 7 10 7 11 11 5 5
14 7 7 8 6 8 10 7 13 16 17 12 14 17 9 14 8 16 6 9 9 16 6 12 16 16 12 12 8 17 9 13
9 15 22 10 14 14 17 23 12 18 16 20 12 14 10 21 19 16 15 8 11 16 19 19 20 13 22 17 14 20 21 17
2 2 2 1 3 1 2 1 1 2 2 1 1 1 2 2 2 1 2 2 1 1 1 3 1 2 2 1 1 3 2 3
27 16 22 14 20 11 26 26 29 19 16 10 17 27 17 21 23 19 10 23 24 20 25 17 23 14 24 16 16 21 23 27
11 19 12 19 16 14 16 21 8 21 18 7 12 11 18 11 8 8 14 20 9 17 11 21 19 16 9 11 19 11 19 17
14 15 9 18 20 8 15 12 7 13 7 13 14 18 9 10 14 9 17 19 16 19 19 20 20 10 13 16 14 19 20 14
6 10 10 9 13 16 6 11 6 12 13 12 12 14 15 15 7 17 15 11 14 11 7 18 12 17 10 13 16 15 14 9
2 4 3 3 2 3 4 4 5 4 3 4 2 3 3 2 5 2 4 3 4 2 3 5 3 3 4 3 2 2 2 5
6 8 5 8 4 4 6 3 3 7 8 8 7 4 4 3 4 7 7 4 6 8 8 6 8 6 5 3 4 6 4 7
1 2 2 3 3 1 1 1 3 1 2 1 2 1 1 1 3 3 1 1 2 2 2 3 1 1 1 2 1 2 1 1
12 13 11 13 13 8 12 10 10 14 8 13 7 5 10 13 11 7 7 10 12 11 6 5 6 14 10 13 5 12 14 10
12 8 7 9 12 11 12 7 7 7 10 7 10 4 5 8 5 11 4 10 12 4 7 8 4 5 10 9 7 9 4 5
3 3 4 3 5 3 2 3 5 6 2 5 5 3 2 5 5 2 2 3 6 3 2 3 2 5 4 5 6 2 6 4
4 5 4 6 5 4 2 2 3 5 5 2 3 5 6 4 5 2 6 3 6 4 3 5 6 5 2 6 2 5 6 6
3 4 6 3 6 6 4 3 3 3 3 5 2 4 4 4 6 4 6 5 6 4 5 3 2 5 2 4 3 5 3 6
1 1 1 1 2 1 1 1 1 2 1 1 1 2 1 2 1 1 1 2 1 2 2 1 2 2 1 2 2 1 1 2
23 22 21 18 10 10 8 15 20 17 9 8 9 22 12 13 17 23 21 8 11 14 22 15 12 19 14 20 23 11 22 17
2 2 2 5 3 3 5 3 4 2 4 4 2 3 2 4 5 4 2 2 3 3 2 2 5 2 2 2 5 4 4 2
4 2 5 6 6 3 2 3 4 6 4 5 5 6 4 3 6 4 5 3 6 5 4 6 3 2 5 4 3 3 5 3
3 3 6 5 6 5 7 7 4 9 4 5 4 3 3 7 7 9 7 7 7 5 7 8 7 4 6 7 9 8 6 6
1 1 2 1 1 2 2 3 2 3 1 2 1 1 3 1 2 1 2 2 2 3 3 2 3 1 2 1 3 1 3 1
19 17 10 21 24 19 17 21 13 19 21 17 26 26 9 18 9 14 20 14 21 26 24 15 22 26 25 15 16 11 14 12
20 25 10 13 13 23 25 14 20 25 14 13 25 13 25 27 22 20 24 26 22 15 24 17 25 28 21 28 11 14 11 21
22 16 20 11 24 9 18 16 15 13 13 19 23 12 16 20 24 17 24 17 24 14 19 20 13 16 23 11 16 13 24 21
28 13 26 27 10 16 24 29 17 17 12 16 18 16 13 16 14 22 17 12 30 28 19 30 30 19 21 12 30 18 18 24
10 4 6 12 6 6 12 6 5 8 4 4 11 8 5 7 10 10 7 10 8 9 6 8 12 9 5 10 8 4 5 6
8 12 6 8 13 13 14 14 5 14 12 12 14 10 5 6 6 10 13 11 6 8 14 10 14 7 13 13 5 10 10 13
3 2 2 4 3 5 6 2 6 4 3 3 2 5 3 4 4 3 4 5 4 6 2 3 2 6 2 6 6 4 3 2
15 5 7 5 14 5 7 6 13 11 5 9 8 11 5 13 9 13 14 7 14 11 15 15 7 13 11 15 9 7 13 5
3 3 4 4 3 3 4 3 5 8 6 8 4 4 4 7 6 3 6 6 3 4 4 7 6 3 4 8 7 8 5 8
10 10 7 13 11 16 8 17 15 13 6 7 13 11 16 15 6 10 17 11 15 8 10 13 14 10 8 17 7 6 6 15
8 3 7 8 3 6 7 7 9 6 6 9 4 3 4 3 5 5 8 4 8 3 5 3 4 5 3 3 5 3 8 4
9 13 6 5 9 5 8 8 8 9 8 13 12 9 10 9 11 5 14 8 7 8 13 13 5 8 14 14 9 7 5 12
8 9 9 4 8 5 9 4 8 3 9 4 8 4 4 6 4 3 9 5 3 9 3 9 8 8 7 8 3 4 8 9
5 4 4 4 2 4 2 3 3 3 2 2 3 3 3 4 4 4 4 2 3 4 5 4 2 4 5 4 3 4 5 4
14 6 12 9 11 8 13 5 11 14 5 6 14 12 9 12 7 11 10 10 13 9 13 7 7 7 6 12 6 6 9 5
5 8 11 12 9 9 6 9 6 7 10 5 6 10 8 4 11 9 10 12 9 11 12 6 7 5 12 12 8 10 4 11
24 20 16 10 18 15 18 19 10 26 16 22 29 27 10 15 12 18 24 29 23 15 27 19 15 21 15 26 29 25 23 23
21 19 22 12 9 8 24 24 8 11 14 15 15 24 17 17 22 24 13 19 23 20 13 16 21 21 20 11 10 24 20 16
21 17 11 18 15 22 24 24 22 23 17 21 26 22 19 10 21 11 22 13 15 11 14 17 19 17 16 24 18 21 24 20
16 14 12 16 14 12 13 28 16 10 10 26 18 23 27 30 16 12 27 29 30 20 15 23 16 28 12 22 26 14 18 23
13 15 12 16 9 16 15 15 14 11 17 13 6 14 6 14 8 6 15 10 13 15 16 11 6 16 6 8 14 16 11 14
18 28 28 25 10 12 17 13 14 18 20 11 12 21 28 21 23 14 18 24 15 14 10 10 14 12 21 16 16 13 29 19
13 7 13 15 11 7 15 12 14 7 9 15 15 14 13 9 5 6 6 12 7 14 5 11 7 12 10 9 9 5 8 9
4 10 11 8 10 11 6 9 4 5 11 11 8 4 5 9 11 5 9 6 11 11 11 10 10 4 6 11 8 7 4 4
18 12 19 19 13 16 23 13 22 22 10 15 14 19 17 14 22 8 20 21 13 12 22 8 11 17 16 18 12 10 14 18
12 12 4 4 10 4 12 5 4 4 9 7 8 6 7 5 8 7 12 4 5 6 5 10 5 10 7 6 8 6 10 9
11 11 5 7 8 7 10 7 7 5 8 6 5 4 8 10 4 4 5 8 11 11 6 11 11 4 5 4 7 11 5 6
29 25 22 23 29 13 29 23 12 27 20 19 23 10 14 12 15 14 12 16 29 25 21 12 22 16 19 29 19 22 13 21
2 3 5 2 2 3 5 2 4 3 2 5 5 2 4 4 2 5 5 5 3 5 2 5 2 2 4 4 5 2 4 4
11 5 11 4 10 5 9 11 9 4 10 10 4 9 4 11 5 7 10 10 4 10 11 7 6 11 6 11 8 5 10 10
12 11 11 8 10 7 9 8 15 8 10 7 13 12 15 15 7 9 12 9 6 7 16 10 9 16 16 14 17 7 9 6
14 17 6 6 14 17 12 12 12 7 12 6 12 9 16 16 10 9 16 11 17 6 17 13 10 13 7 12 16 11 16 7
15 9 10 10 16 14 16 10 22 12 15 8 12 12 15 10 9 13 16 18 18 16 8 16 10 21 13 9 22 23 15 8
21 8 20 14 18 16 18 13 8 13 9 15 10 18 7 9 20 21 17 13 11 8 16 11 15 16 10 13 16 7 15 9
17 10 17 18 14 15 12 16 16 9 23 16 15 8 17 14 11 10 8 15 13 12 8 15 16 11 12 14 14 11 24 13
1 3 2 2 3 2 2 3 2 2 1 1 3 1 2 2 3 3 2 3 1 2 2 2 3 1 3 3 2 1 1 2
13 10 13 14 11 14 7 19 12 20 9 17 18 9 20 19 12 14 13 16 12 10 7 14 12 20 8 13 16 12 7 17
5 6 7 3 3 8 4 6 8 6 8 3 6 5 3 7 7 7 6 5 3 5 4 5 6 4 3 4 5 3 8 7
30 24 24 19 18 15 29 25 29 29 25 26 27 11 25 15 28 24 27 30 11 28 16 26 11 30 19 20 18 22 16 28
12 13 14 26 13 24 15 24 22 13 14 21 25 20 25 10 16 27 22 9 10 17 25 21 15 20 19 22 14 16 9 21
19 10 10 20 17 16 15 21 20 11 22 13 12 18 13 25 15 13 16 19 22 23 25 16 26 10 19 26 14 22 19 10
14 11 10 8 10 9 18 19 16 11 12 24 19 23 11 18 19 10 21 12 12 16 12 11 23 11 20 24 13 14 24 9
4 2 5 5 5 6 2 6 4 3 2 4 4 4 2 4 3 6 5 4 3 5 3 2 6 3 3 6 3 5 5 3
4 5 5 3 2 3 5 3 4 2 4 2 4 5 2 4 5 4 5 4 2 3 2 4 5 4 4 5 2 4 4 4
13 7 13 12 7 12 8 9 7 14 11 12 9 11 6 12 8 13 10 7 13 8 13 13 7 5 13 10 10 14 9 13
5 3 5 3 3 3 3 4 5 4 2 4 3 2 5 4 4 5 2 4 4 2 4 5 4 4 4 3 5 5 3 4
5 9 8 8 5 7 7 5 7 3 9 5 6 7 4 8 9 9 6 5 4 5 9 7 7 6 7 6 4 4 9 3
8 8 4 7 8 7 9 3 7 5 9 4 3 8 9 9 3 4 9 7 4 6 8 4 6 3 4 3 4 9 3 8
8 7 5 5 7 9 11 4 10 5 6 10 10 9 5 4 9 6 5 11 8 9 6 8 10 11 6 4 6 9 4 8
10 21 12 15 15 14 9 14 8 20 10 12 10 10 10 10 8 16 10 16 14 15 19 7 15 18 21 16 13 19 11 14
2 1 2 2 2 2 2 2 2 2 1 2 1 1 1 1 2 2 1 2 1 2 1 1 1 2 2 1 1 2 1 2
18 12 18 21 7 17 12 10 16 11 7 11 17 8 8 20 21 12 13 20 11 20 15 11 16 21 21 21 10 8 21 13
8 6 6 6 13 11 7 7 9 12 14 16 7 12 6 16 15 13 15 14 16 12 9 13 6 6 13 11 14 7 17 13
5 13 8 7 6 13 9 7 5 15 5 14 12 11 7 7 9 13 11 13 11 7 12 7 10 14 12 9 13 9 11 12
13 6 7 6 7 6 11 18 12 11 11 18 14 6 9 8 18 16 7 10 7 13 18 18 16 10 8 18 18 14 6 15
21 17 10 22 13 20 12 15 23 23 11 19 17 16 13 18 22 23 20 8 19 16 10 21 23 17 10 15 23 20 23 11
10 9 18 14 7 15 14 13 13 16 9 9 10 12 14 7 12 7 13 11 14 13 6 15 9 7 16 14 9 12 14 8
11 11 7 10 7 9 9 15 10 9 8 11 8 13 15 17 11 14 12 11 8 17 15 18 15 17 18 7 10 10 7 16
12 12 12 15 13 15 10 18 7 12 16 16 12 16 12 11 15 7 13 9 16 10 9 8 8 13 15 12 15 16 16 7
24 20 23 17 10 28 24 21 29 20 14 20 17 22 21 13 11 16 15 13 21 14 21 27 23 10 15 21 21 25 26 14
9 8 8 15 13 11 7 6 9 11 7 11 5 12 8 10 9 7 15 7 12 6 12 8 9 10 5 6 10 9 12 15
15 15 14 13 18 20 15 17 12 15 25 17 22 9 16 18 12 24 25 15 18 26 12 9 19 26 25 18 21 11 17 22
18 22 18 15 19 10 8 10 12 19 13 8 23 10 19 14 19 16 23 8 19 9 16 23 20 16 13 15 21 20 19 16
23 25 11 14 18 11 15 20 19 16 30 10 15 15 13 21 21 21 21 25 23 18 23 21 26 10 18 23 21 14 26 19
12 8 13 20 15 14 13 8 19 9 16 18 20 17 8 16 17 16 18 8 7 16 17 14 13 21 11 9 16 11 11 16
22 12 14 17 23 14 22 24 25 17 15 10 15 20 9 17 23 14 17 23 23 16 19 16 12 12 20 17 22 20 25 22
11 6 9 7 6 6 15 18 8 13 14 15 14 17 14 13 16 7 7 8 15 7 10 10 14 9 17 18 7 13 8 18
6 6 3 6 5 8 4 4 4 5 6 4 4 6 8 5 8 6 5 8 8 3 8 5 8 7 4 5 7 4 6 6
6 7 8 13 12 14 8 12 6 11 9 9 11 6 14 12 14 7 8 7 6 13 12 12 12 10 5 10 7 12 6 6
10 10 8 10 9 4 10 5 7 4 7 4 7 8 9 4 10 7 7 8 9 10 4 10 9 4 10 7 10 5 6 10
8 7 8 9 6 3 3 8 6 6 9 9 5 4 4 6 5 6 3 6 9 6 3 7 3 4 7 6 9 3 5 3
27 18 16 22 15 14 18 20 22 25 19 15 21 19 14 13 12 22 20 15 13 13 14 26 24 17 10 17 17 27 13 25
21 25 16 24 25 22 15 22 18 27 15 18 26 12 9 27 10 12 22 10 11 26 27 16 27 21 10 13 23 14 22 12
2 4 4 3 5 2 2 3 5 4 2 4 4 3 3 5 5 5 5 3 3 5 4 5 3 2 5 2 3 3 4 3
3 2 6 4 3 6 4 2 5 3 6 3 4 6 3 4 2 6 5 3 6 3 5 6 2 5 2 2 6 6 3 6
3 2 3 5 3 6 3 6 6 5 6 6 6 3 6 3 2 5 5 5 3 3 6 2 6 2 3 3 3 2 6 6
2 1 1 2 1 1 1 1 3 2 3 3 1 2 1 1 1 1 1 3 1 2 2 1 2 3 2 1 1 1 2 2
5 3 3 7 3 7 7 8 6 3 7 6 7 4 5 7 7 3 5 8 8 5 4 4 7 8 7 5 4 6 5 4
5 5 5 4 2 2 2 4 4 2 4 5 3 3 4 4 2 3 2 2 5 4 2 2 5 4 2 5 3 3 4 5
12 27 19 15 23 26 24 19 14 27 18 20 19 13 25 18 27 13 15 17 19 27 11 25 13 18 22 22 27 17 22 12
10 26 11 16 12 25 18 12 13 14 18 20 22 23 11 22 18 18 18 19 22 14 13 23 24 25 16 10 25 16 15 13
19 18 9 20 20 10 10 9 7 9 14 10 9 18 12 11 10 12 19 8 16 16 17 16 10 14 20 8 20 20 10 12
5 9 6 3 9 4 9 6 6 9 6 7 8 7 4 9 3 9 7 4 5 8 4 9 9 5 6 5 9 7 3 8
7 5 3 5 5 6 5 9 7 9 7 3 8 7 4 6 7 7 9 4 8 8 5 6 6 4 8 8 7 9 3 6
21 26 13 28 20 20 13 27 11 14 15 12 15 23 19 12 19 10 15 27 28 10 16 12 17 14 13 25 25 23 25 22
6 3 8 7 7 9 6 9 4 3 4 9 6 4 9 6 6 9 4 7 6 9 5 8 3 6 5 9 9 9 9 3
2 4 2 5 3 4 4 3 5 5 4 2 5 3 3 5 4 4 2 2 5 4 3 5 4 5 3 4 5 4 2 4
8 12 8 12 19 22 22 16 8 17 21 13 13 23 8 21 18 23 19 23 15 23 15 9 23 15 22 15 8 22 8 12
16 9 12 16 17 17 14 9 8 22 18 14 10 10 22 18 8 22 8 14 8 21 8 21 12 19 10 13 23 21 17 20
5 3 4 6 4 4 2 4 4 5 6 3 3 2 4 6 5 3 2 6 6 2 6 2 4 4 3 5 4 5 3 6
22 9 20 16 20 22 23 16 19 20 26 21 15 14 18 10 12 26 23 9 20 10 18 22 14 19 21 21 11 21 23 13
16 12 10 7 15 9 15 11 18 12 19 7 21 16 15 12 13 18 11 12 15 7 19 9 14 14 15 20 10 12 11 21
8 16 16 20 14 7 11 10 17 20 21 14 16 13 18 9 14 7 12 15 17 9 21 12 7 12 19 15 8 15 7 21
11 9 14 6 5 12 5 15 14 11 8 7 7 9 14 7 12 13 11 15 15 11 13 5 11 5 10 14 13 13 14 9
3 2 3 2 4 4 2 4 2 5 4 5 3 4 4 2 5 3 3 2 5 5 2 5 2 5 3 5 2 2 2 3
15 16 9 26 15 22 13 18 10 15 26 25 13 20 19 13 17 24 17 24 17 20 21 26 25 23 18 19 17 25 14 10
1 2 2 1 1 1 1 1 1 1 2 1 1 1 2 2 2 1 1 1 1 1 1 1 1 2 1 2 2 2 1 1
8 11 18 7 13 20 15 15 14 16 10 15 13 17 7 20 15 10 18 16 13 12 9 17 14 11 18 8 19 8 16 13
6 5 4 4 5 5 6 4 4 4 6 5 6 3 4 3 2 5 3 4 2 5 4 4 4 6 6 3 2 5 4 2
12 7 8 19 18 14 19 13 7 15 15 20 17 13 8 18 12 20 10 19 19 11 20 18 16 14 11 15 20 9 9 20
5 2 4 5 2 3 5 2 4 2 4 2 2 2 4 4 5 4 2 4 3 4 5 2 2 2 5 3 2 5 4 3
9 9 5 5 8 9 10 5 10 7 5 11 7 11 5 10 10 11 4 6 8 7 8 11 6 5 6 4 4 6 11 11
17 15 12 17 6 7 15 16 10 6 15 6 6 15 9 14 7 15 6 13 13 14 11 9 8 6 10 9 17 15 7 16
3 8 5 8 4 6 3 3 4 8 8 6 7 6 7 3 4 5 3 7 4 7 5 7 3 6 4 5 8 7 3 3
11 14 14 30 28 18 23 11 23 19 12 25 30 23 11 10 20 23 22 20 28 23 29 16 15 28 26 29 23 27 30 30
20 19 17 14 20 7 11 13 17 12 11 10 8 12 7 7 16 19 20 12 14 19 10 12 10 7 15 9 10 16 14 11
20 12 17 14 21 20 17 11 21 12 21 11 18 15 14 20 20 16 18 11 20 10 13 11 20 13 15 17 15 17 18 18
16 14 15 12 14 6 16 8 14 13 8 17 13 14 16 14 18 6 6 17 13 15 7 7 15 8 7 13 14 6 7 6
20 28 21 26 23 11 22 27 24 10 13 23 23 16 29 28 25 22 30 13 12 10 26 14 10 25 30 21 30 16 14 30
12 9 10 10 11 13 11 15 7 12 12 15 15 11 8 7 8 5 15 5 8 8 8 7 12 15 8 7 9 11 8 14
9 14 8 9 5 11 14 5 5 13 12 12 5 8 12 8 8 10 14 8 13 8 7 14 6 8 6 14 5 10 14 10
25 26 16 13 20 24 27 18 14 10 23 11 26 24 25 15 14 19 25 15 16 16 14 27 11 10 19 27 22 14 15 22
21 12 20 9 17 27 24 14 26 10 21 26 25 20 27 14 20 10 23 20 15 10 24 13 19 10 9 25 11 26 23 24
7 12 8 6 12 12 11 14 13 6 11 12 10 14 11 10 12 15 10 14 10 13 6 11 15 13 5 11 7 11 9 15
22 23 18 20 21 13 27 21 21 19 22 16 21 10 25 24 9 17 11 18 26 18 9 10 11 24 16 11 15 17 10 17
21 19 12 24 24 23 14 27 16 20 12 27 25 11 24 23 28 22 22 14 30 30 20 26 16 21 22 12 30 28 22 28
2 1 2 2 3 3 2 1 3 2 1 3 3 1 1 1 1 1 3 1 2 3 1 3 1 3 3 1 1 1 3 1
18 16 12 15 20 11 9 22 13 20 18 22 15 9 26 10 10 21 17 21 25 15 24 17 13 20 24 9 24 24 19 20
20 22 14 24 9 18 23 18 9 10 13 13 19 12 21 15 22 12 19 16 22 19 25 21 12 24 20 26 11 12 24 12
19 11 18 14 8 17 22 22 14 13 20 15 14 17 24 23 18 8 14 16 13 12 16 14 24 17 18 23 22 23 8 12
2 1 2 3 2 1 2 3 3 3 1 2 1 3 3 3 1 1 3 3 2 3 3 1 3 2 1 1 1 1 3 3
7 12 9 9 6 10 5 5 5 14 6 6 5 12 12 10 7 12 9 9 14 7 12 14 14 6 14 10 10 10 10 5
5 9 7 6 4 9 4 3 4 5 8 4 4 5 9 8 3 6 9 3 3 3 8 5 9 4 7 5 4 6 5 3
17 9 18 18 15 13 7 14 10 15 15 12 12 10 12 6 8 12 18 12 10 6 16 16 13 10 6 15 12 6 6 18
17 11 10 14 13 15 8 15 16 19 13 12 8 20 13 9 13 15 9 20 15 18 11 18 17 10 11 20 13 9 16 11
8 13 13 8 5 11 10 14 12 6 13 5 6 6 10 7 6 6 11 9 8 14 15 13 10 14 6 9 11 7 6 13
5 5 6 8 6 11 5 5 5 4 11 7 10 6 9 9 5 8 5 7 5 11 11 5 4 6 11 5 5 10 5 5
7 6 14 7 5 9 5 14 10 8 11 5 11 11 11 13 13 6 11 10 10 6 13 8 13 13 5 9 7 8 14 13
5 4 3 5 5 6 4 3 3 5 3 2 4 4 3 2 2 5 6 2 3 6 6 3 2 5 6 3 4 6 6 2
14 13 12 24 20 9 24 14 23 11 10 9 20 18 24 14 16 18 16 12 21 8 23 18 24 20 22 8 13 16 20 20
13 14 12 16 8 10 11 6 16 15 10 6 10 6 14 18 15 6 14 14 7 11 10 12 6 10 8 6 15 15 11 7
2 1 1 1 2 1 2 2 1 2 1 2 2 1 2 1 1 1 2 2 1 1 2 2 2 2 2 2 1 1 2 1
7 12 11 14 6 7 7 16 8 11 13 14 9 14 17 6 9 17 9 6 16 13 12 14 17 14 15 14 8 8 6 17
12 13 16 20 8 19 10 18 16 7 10 10 15 7 10 7 16 19 15 19 10 16 17 7 15 8 20 18 16 19 19 16
26 26 11 13 18 21 18 15 15 23 15 19 12 20 19 22 29 25 18 20 22 13 15 12 19 14 17 19 16 15 25 28
6 6 7 6 4 3 8 6 5 4 4 4 4 3 8 5 7 6 7 8 6 8 6 3 3 7 3 8 7 3 8 8
15 11 26 10 27 25 19 14 21 24 21 19 13 17 11 23 25 9 9 12 9 24 9 18 17 27 9 14 9 27 20 18
7 10 7 5 6 9 11 11 5 5 9 5 9 10 7 9 10 7 11 11 9 8 10 7 6 10 6 11 6 4 10 8
8 5 7 3 4 6 4 4 3 4 5 7 6 8 4 3 7 5 8 8 6 8 3 3 7 3 5 7 7 8 6 5
14 11 22 15 10 11 8 13 10 12 11 10 16 22 14 18 16 17 14 11 20 17 10 15 21 13 16 17 18 10 23 12
5 10 11 6 8 10 8 6 5 9 8 6 5 5 10 11 6 11 9 8 9 7 9 11 6 5 5 10 8 4 10 6
28 27 30 24 15 18 10 15 17 19 22 22 24 10 24 13 16 26 15 21 17 16 10 30 29 17 16 10 15 24 26 23
23 9 19 9 15 17 22 15 26 24 18 19 22 26 11 13 25 13 18 12 14 17 18 14 14 16 17 16 14 21 20 17
11 22 12 20 17 25 11 17 23 11 14 30 30 18 15 13 11 25 30 11 18 30 19 30 27 29 24 10 12 15 17 13
5 14 14 8 7 10 11 8 7 12 14 6 9 13 14 14 10 11 6 6 12 10 12 14 9 11 14 13 6 5 10 11
7 11 5 10 5 10 5 10 10 8 7 9 6 8 6 4 4 8 8 10 11 6 9 5 10 8 10 7 6 7 8 10
11 21 17 12 21 8 20 21 13 8 16 17 15 22 16 13 11 15 13 20 16 22 18 20 14 20 22 9 11 18 20 21
5 6 6 7 7 8 3 5 8 7 6 5 7 7 8 6 8 5 5 3 8 4 4 4 6 8 7 6 7 5 6 8
7 8 19 18 20 15 20 20 11 12 16 11 16 14 20 10 16 16 20 7 13 16 16 20 11 9 16 11 9 7 14 8
10 10 15 16 14 14 8 14 11 17 17 7 8 11 15 9 7 8 9 13 14 14 11 8 14 17 12 17 6 11 13 6
4 2 3 2 2 2 6 3 3 5 3 4 6 5 4 3 4 5 3 4 5 3 3 5 5 6 6 2 4 2 5 4
2 3 2 2 3 2 3 2 2 3 3 5 5 5 2 5 3 3 4 5 5 4 5 3 5 3 4 3 4 4 2 4
10 8 14 16 14 20 12 19 9 21 12 21 14 10 19 12 20 19 16 12 19 8 13 16 15 9 7 9 13 15 8 20
7 9 11 7 7 13 8 6 7 6 11 10 5 6 13 10 12 5 10 9 6 11 11 7 10 14 12 11 8 13 11 13
3 2 3 1 2 2 2 2 1 1 1 3 2 2 1 1 2 2 1 3 3 1 3 3 1 1 1 3 3 1 2 3
1 2 2 1 2 2 1 2 1 1 1 2 1 1 1 2 2 2 2 1 2 2 2 2 2 1 2 2 1 2 1 1
24 27 26 12 17 18 14 29 21 11 24 19 25 22 26 16 17 28 24 23 26 15 24 29 17 10 15 18 21 16 16 14
25 20 11 12 15 12 28 22 15 22 17 12 23 19 11 29 28 22 26 25 12 27 13 10 28 20 28 28 18 16 29 22
7 5 5 6 7 8 7 7 9 8 5 9 3 6 5 8 4 6 7 8 6 3 6 8 5 6 9 6 7 4 8 9
19 24 15 16 15 10 28 28 23 23 27 26 22 11 20 16 26 16 17 12 29 21 15 22 25 14 23 30 21 11 20 12
2 2 2 1 1 3 3 3 1 3 1 2 3 3 2 3 2 1 2 1 1 1 1 2 1 2 3 1 1 3 1 3
7 3 7 7 6 6 8 8 5 6 6 4 8 8 7 3 8 4 7 5 5 7 5 8 8 4 8 3 6 7 3 5
8 10 4 8 12 6 8 11 5 4 4 12 6 4 9 11 4 4 11 12 6 9 10 11 5 10 10 4 8 11 5 8
6 10 14 8 9 14 12 7 14 7 6 12 11 7 8 14 11 8 17 12 16 7 18 6 18 18 15 15 15 8 11 10
23 17 21 26 23 26 11 18 13 16 19 21 13 12 27 26 16 13 12 19 11 23 17 11 27 17 18 20 20 27 26 16
25 25 21 15 12 21 14 25 19 13 20 20 14 14 17 21 24 14 12 18 20 26 26 14 24 12 25 17 14 17 9 22
25 29 14 24 22 29 18 29 15 27 26 21 29 18 19 13 25 19 15 27 16 14 20 20 29 10 25 15 26 12 30 28
12 6 9 11 6 7 14 13 14 11 8 9 8 11 6 6 14 8 15 13 9 12 11 8 9 15 15 6 11 12 15 14
16 12 10 21 8 8 15 19 10 15 10 11 8 19 12 10 17 7 10 12 18 12 19 13 21 14 16 18 9 11 16 7
23 16 14 23 22 16 15 13 21 24 21 13 18 16 17 17 18 15 21 13 15 11 20 22 12 19 15 12 14 23 23 11
8 7 4 9 3 5 5 5 6 5 4 7 9 9 7 3 4 7 6 4 3 7 4 3 3 3 8 4 7 5 3 4
9 13 9 12 9 7 5 5 10 5 9 15 7 7 12 13 6 14 11 7 15 7 5 9 6 10 8 5 10 6 14 11
21 14 13 10 11 19 15 18 17 23 9 8 14 23 10 21 21 13 22 20 16 15 21 17 8 19 23 16 16 24 9 8
8 12 11 11 19 15 14 9 16 20 10 10 19 11 19 9 9 10 12 12 18 15 10 8 10 8 9 11 8 8 13 16
24 16 12 16 18 10 17 17 23 19 8 10 22 14 23 10 16 22 8 16 23 14 19 24 13 20 9 22 12 14 22 17
5 7 6 4 6 3 3 8 3 8 5 3 4 5 7 3 4 6 7 5 4 7 8 4 8 3 5 8 4 6 5 6
17 23 19 13 15 19 28 12 28 16 15 29 14 28 23 10 23 17 17 27 29 28 18 19 21 18 29 29 27 16 20 13
