1 2 1
1 3 2
1 4 5
1 5 6
2 6 7
2 7 7
2 8 4
2 9 7
3 10 3
3 11 4
3 12 3
4 13 2
4 14 11
4 15 1
5 16 2
6 17 1
6 18 2
7 19 5
7 20 4
7 21 9
8 22 9
9 23 12
9 24 2
9 25 13
10 26 2
11 27 6
12 28 10
12 29 10
13 30 4
14 31 12
15 32 2
15 33 8
16 34 4
17 35 12
18 36 1
19 37 9
20 38 5
21 39 4
22 39 1
23 40 2
24 41 13
25 41 5
26 42 10
27 43 9
28 44 8
29 45 9
30 46 5
31 47 9
32 48 7
33 48 3
34 49 1
35 50 9
36 51 7
37 52 5
38 53 13
39 54 3
40 55 7
41 56 3
42 56 8
43 57 13
44 58 12
45 59 1
46 60 2
47 61 6
48 62 12
49 63 8
50 64 7
51 65 1
52 66 13
53 67 5
54 68 6
55 68 8
56 69 12
57 70 1
58 71 10
59 72 11
60 73 10
61 74 4
62 75 13
63 76 1
64 77 1
65 78 10
66 79 7
67 80 3
67 81 11
68 82 4
69 83 4
70 84 2
70 85 9
71 86 12
72 87 1
73 88 13
74 89 13
75 90 2
76 91 13
77 92 2
78 92 11
79 93 2
80 94 5
81 94 8
82 95 7
83 95 8
84 96 2
85 97 13
86 98 9
87 98 6
88 99 11
89 99 1
90 100 11
91 100 2
92 101 2
93 102 2
93 103 6
93 104 11
93 105 12
94 106 1
94 107 13
95 108 1
96 109 8
97 110 13
98 111 4
98 112 3
99 113 7
100 114 1
100 115 10
101 116 4
102 116 12
103 117 4
104 118 1
105 119 12
106 120 3
107 121 11
108 121 5
109 122 6
110 122 9
111 123 10
112 124 5
113 125 9
114 125 2
115 126 1
116 127 1
117 128 7
118 129 13
119 130 9
120 130 3
121 131 3
122 132 2
123 133 7
124 134 10
125 135 9
126 136 12
127 137 13
127 138 7
128 139 11
129 140 12
130 141 10
131 142 11
132 143 5
133 144 13
134 145 3
135 146 10
136 147 8
136 148 1
137 149 11
137 150 13
138 151 8
138 152 8
139 153 9
140 154 9
141 155 9
141 156 6
142 157 6
143 158 4
143 159 12
143 160 1
144 161 2
145 162 4
146 163 10
147 164 12
147 165 9
148 166 6
149 167 6
150 168 12
151 168 8
152 169 9
153 170 7
154 171 6
155 172 7
156 172 2
157 173 3
158 174 10
159 175 12
160 176 8
161 177 12
162 177 1
163 178 1
164 178 6
165 179 2
166 180 9
167 181 1
168 181 8
169 182 3
170 183 4
171 184 4
172 184 6
173 184 9
174 185 6
175 185 8
176 186 12
177 186 1
178 187 7
179 188 13
180 189 1
181 190 9
182 191 5
183 192 8
183 193 9
184 194 3
185 195 12
186 196 10
186 197 13
187 198 2
187 199 12
187 200 7
188 201 11
189 202 8
189 203 12
190 204 10
191 204 3
192 205 10
193 205 3
194 206 1
195 206 2
196 207 1
197 208 7
198 208 3
199 209 9
200 210 1
201 211 13
202 212 10
203 212 6
204 213 2
205 214 1
206 215 1
207 216 4
208 217 5
209 218 1
209 219 3
210 220 11
211 221 6
212 222 8
213 223 9
214 224 8
215 225 4
216 226 5
216 227 4
217 228 13
218 229 1
219 230 2
220 231 5
221 232 9
222 233 6
223 234 10
223 235 4
224 236 10
224 237 2
224 238 7
225 239 5
225 240 9
225 241 8
226 242 9
226 243 8
226 244 10
227 245 4
227 246 10
228 247 12
228 248 13
228 249 13
228 250 8
229 251 3
230 252 10
230 253 11
230 254 3
230 255 1
231 256 4
232 257 13
232 258 1
233 259 10
233 260 2
234 261 8
235 261 3
236 261 2
237 261 4
238 261 9
239 261 1
240 261 11
241 262 9
242 262 2
243 262 9
244 262 3
245 263 5
246 263 3
247 263 7
248 264 1
249 264 13
250 264 8
251 264 13
252 264 1
253 265 5
254 265 10
255 265 12
256 265 8
257 265 4
258 265 10
259 265 12
260 265 11
261 266 8
261 267 2
261 268 13
261 269 5
262 270 2
262 271 4
262 272 11
263 273 5
263 274 1
264 275 4
265 276 4
265 277 8
266 278 9
267 279 8
268 280 4
269 281 8
270 282 10
271 283 6
272 284 4
273 285 2
274 285 12
275 286 5
276 286 13
277 287 7
278 288 9
279 289 11
280 290 2
281 291 6
282 292 11
283 293 3
284 294 10
284 295 8
285 296 7
286 297 5
287 298 3
288 299 13
289 300 3
290 301 12
291 302 4
292 303 4
293 304 1
294 305 9
295 306 3
296 307 11
297 308 5
298 309 2
299 310 13
299 311 13
300 312 7
301 313 7
301 314 5
302 315 12
303 316 13
304 317 2
305 318 2
305 319 2
306 320 4
306 321 1
306 322 4
307 323 5
307 324 13
308 325 4
309 326 4
310 327 4
311 327 3
312 328 4
313 328 11
314 329 13
315 330 12
316 331 8
317 332 12
318 333 8
319 334 4
320 335 2
321 336 9
322 337 4
323 337 2
324 338 9
325 339 1
326 340 3
327 341 4
327 342 10
328 343 9
329 344 1
330 345 11
331 346 5
332 347 11
333 348 7
334 349 7
335 350 10
336 351 2
337 352 1
338 353 11
339 354 13
340 355 9
341 356 12
342 357 13
343 358 8
344 359 8
345 360 8
346 361 10
347 362 9
348 363 1
349 364 6
350 365 5
351 366 4
352 367 3
353 368 7
354 369 1
355 370 8
356 371 10
357 372 11
358 373 11
359 374 10
360 375 9
361 376 7
362 377 11
363 378 8
364 379 10
365 380 1
366 381 2
367 382 13
368 383 8
369 384 2
370 385 2
371 386 2
372 386 13
373 387 12
374 387 12
375 388 8
376 388 3
377 388 4
378 388 6
379 389 9
380 390 1
381 390 12
382 391 9
383 392 10
384 392 1
385 393 12
386 394 6
387 395 10
388 396 12
389 397 8
390 398 9
391 399 2
392 400 5
393 401 10
393 402 5
394 403 7
395 404 4
395 405 13
396 406 9
397 407 12
397 408 9
398 409 7
399 410 6
400 411 3
401 412 9
401 413 7
402 414 1
403 415 1
404 416 12
405 417 13
406 418 3
407 419 9
408 420 11
409 421 10
409 422 6
410 423 3
411 424 5
412 425 5
412 426 10
413 427 11
414 428 7
415 429 4
416 430 9
417 430 11
418 431 9
419 432 7
420 433 2
421 434 9
422 435 3
423 435 2
424 436 4
425 437 13
426 438 8
427 439 12
428 440 12
429 441 8
430 442 6
431 442 12
432 443 13
433 444 12
434 444 13
435 444 4
436 445 11
437 446 4
438 447 2
439 448 5
440 449 13
441 450 12
441 451 6
442 452 2
443 453 7
444 454 6
444 455 5
445 456 1
446 457 7
447 458 2
447 459 7
447 460 9
448 461 5
449 462 6
449 463 6
450 464 5
451 465 5
452 466 12
453 467 9
454 468 12
455 469 8
456 470 4
456 471 4
457 472 2
458 473 2
459 474 3
460 475 6
461 476 8
461 477 2
462 478 4
462 479 7
462 480 13
463 481 11
464 482 10
465 483 6
466 484 9
467 485 11
468 486 9
469 487 4
470 488 4
471 489 8
472 490 3
473 491 4
474 492 13
475 493 10
476 494 2
477 495 8
478 496 8
479 497 4
480 498 7
481 499 6
482 500 5
483 500 3
484 500 12
485 500 13
486 500 4
487 500 7
488 500 5
489 500 1
490 500 7
491 500 4
492 500 9
493 500 1
494 500 11
495 500 11
496 500 2
497 500 13
498 500 1
499 500 8
