1 2 66
1 3 78
1 4 61
2 5 81
2 6 120
2 7 24
2 8 10
3 9 179
3 10 124
3 11 108
3 12 97
4 13 97
4 14 87
4 15 24
4 16 91
4 17 108
5 18 87
6 19 2
6 20 85
6 21 34
7 22 158
8 23 164
9 24 94
10 25 172
11 26 162
12 27 166
13 28 36
13 29 141
14 30 109
15 31 48
16 32 53
17 33 147
18 34 21
19 35 38
20 36 9
21 36 80
22 37 71
23 38 134
24 39 160
25 40 130
26 40 124
27 41 32
28 42 10
29 43 53
30 44 39
31 45 141
32 46 177
33 47 75
34 48 101
35 49 112
35 50 79
36 51 16
36 52 127
37 53 5
38 54 93
39 55 17
40 56 128
41 57 145
42 58 127
43 59 85
43 60 107
44 61 165
45 62 77
46 63 90
47 64 58
48 65 42
49 66 56
50 67 45
51 68 71
52 69 50
53 70 164
54 71 29
55 72 138
56 73 4
57 74 131
58 75 127
59 76 55
60 77 166
61 78 123
62 79 17
63 80 155
64 81 118
65 82 15
66 83 97
67 84 158
68 85 91
69 86 13
70 87 151
71 88 134
72 89 48
73 90 126
74 91 128
75 92 3
76 93 10
77 94 129
78 95 111
79 96 111
80 97 91
81 98 92
82 99 134
83 100 8
83 101 121
84 102 33
85 103 29
86 104 5
87 105 131
88 106 157
89 107 146
90 108 126
91 109 24
92 110 96
93 111 89
94 112 62
95 113 59
96 114 157
97 115 67
98 116 17
99 117 111
100 118 121
101 119 125
102 120 114
103 120 86
104 121 111
105 121 41
106 121 119
107 122 145
108 123 146
109 124 40
110 125 120
111 126 70
112 126 41
113 127 4
114 127 130
115 128 159
116 129 148
117 130 117
118 131 76
119 131 60
120 132 19
121 133 15
122 134 115
123 135 122
124 136 36
125 137 76
126 138 158
127 139 132
128 140 111
129 141 63
130 142 40
130 143 106
131 144 11
131 145 40
132 146 176
132 147 70
133 148 151
134 149 38
134 150 108
135 151 160
135 152 125
136 153 90
137 154 94
137 155 55
138 156 72
138 157 143
139 158 110
140 159 19
141 160 167
142 161 87
143 162 152
144 163 150
145 164 29
146 164 49
147 165 165
148 166 117
149 167 141
150 168 83
151 168 107
152 169 102
153 170 134
154 171 43
155 171 36
156 172 25
157 173 88
158 174 2
159 175 70
160 175 96
161 176 109
162 177 75
163 178 134
164 179 128
165 180 87
166 181 123
167 182 111
167 183 83
168 184 118
169 185 160
170 186 146
171 187 157
172 188 3
173 189 135
174 190 82
175 191 171
176 192 31
177 193 112
177 194 32
178 195 165
179 196 37
180 197 70
181 198 119
182 199 63
182 200 57
183 201 150
184 202 139
185 203 140
186 204 150
187 205 26
187 206 3
188 207 67
189 208 160
190 209 133
191 210 128
192 211 129
193 212 43
194 213 67
195 214 27
196 215 107
197 216 176
198 217 35
199 218 179
200 219 140
201 219 81
202 220 119
203 221 142
204 222 3
205 223 120
206 224 174
207 225 44
208 226 15
209 227 164
210 228 131
211 229 68
212 230 111
213 231 88
214 232 46
215 232 135
216 233 88
217 234 67
218 234 58
219 235 148
220 236 15
221 237 119
222 238 141
223 239 64
224 239 60
225 240 56
226 241 58
227 242 20
228 243 21
229 244 87
230 245 114
231 246 68
231 247 166
232 248 149
233 249 149
234 250 96
235 251 143
236 252 15
236 253 124
237 254 128
238 255 29
238 256 65
239 257 127
240 258 23
241 259 44
242 260 124
243 261 44
243 262 86
244 263 7
245 264 176
246 265 37
247 266 134
248 267 66
249 268 162
250 269 163
251 270 12
252 271 127
253 272 68
254 273 106
255 274 73
256 275 132
257 276 55
258 277 106
259 278 43
260 279 165
261 280 83
262 281 30
263 282 5
264 283 119
265 284 103
266 284 71
267 284 141
268 285 132
269 286 150
270 287 102
271 288 37
272 289 150
273 290 122
274 290 64
275 291 38
276 291 139
277 291 133
278 292 89
279 293 127
280 294 20
281 295 82
282 296 98
283 297 160
283 298 35
283 299 134
284 300 35
285 301 89
286 302 29
287 303 141
288 304 26
289 305 53
290 306 35
291 307 48
292 308 108
293 309 26
294 310 104
295 311 121
296 312 16
297 313 74
298 314 158
299 315 28
300 316 89
301 317 11
302 318 79
303 319 136
304 319 68
305 320 20
306 321 149
307 321 79
308 322 167
309 323 154
310 324 41
311 325 8
312 326 70
313 327 179
314 328 174
314 329 67
314 330 115
315 331 56
316 332 57
317 333 121
318 334 8
319 335 5
319 336 139
319 337 161
319 338 82
320 339 93
321 340 71
322 341 39
323 342 135
324 343 156
325 344 87
326 345 22
327 345 40
328 345 38
329 346 49
330 346 146
331 347 173
332 348 17
333 349 157
334 349 5
335 350 15
336 350 5
337 350 103
338 351 111
339 352 145
340 353 163
341 354 138
342 355 112
343 356 96
344 357 137
345 358 134
345 359 61
345 360 101
346 361 83
347 362 20
347 363 93
348 364 100
349 365 134
350 366 15
351 367 97
352 368 98
353 369 166
354 370 107
355 371 165
356 372 44
357 373 75
358 374 30
359 375 29
360 376 44
361 377 84
362 378 145
363 379 37
364 380 3
365 381 150
366 382 51
366 383 150
367 384 86
367 385 141
368 386 119
369 387 165
370 388 1
371 389 114
372 390 3
373 391 68
374 392 131
375 392 5
376 393 97
377 394 22
378 395 25
379 395 48
380 396 62
381 396 22
382 397 177
383 398 75
384 399 114
385 400 60
386 400 37
387 401 64
388 401 82
389 402 33
390 403 67
391 403 36
392 404 48
392 405 128
392 406 5
393 407 144
394 408 90
394 409 38
395 410 33
396 411 17
396 412 15
396 413 133
397 414 39
397 415 135
398 416 64
399 417 100
400 418 39
400 419 150
401 420 58
402 421 144
403 422 33
404 423 49
405 424 118
406 425 133
407 426 148
408 427 2
409 428 45
410 429 109
411 430 49
412 431 149
413 432 103
414 433 21
415 434 98
416 435 22
417 436 88
418 437 6
419 438 12
420 439 53
421 440 139
422 441 63
423 442 177
424 442 140
425 443 128
426 444 16
427 445 9
428 446 170
429 447 35
430 448 86
431 448 170
432 449 175
433 450 99
434 450 5
435 450 141
436 450 99
437 451 62
438 451 41
439 452 98
440 453 3
441 453 94
442 454 148
443 455 108
443 456 140
443 457 95
444 458 1
444 459 176
445 460 64
445 461 91
446 462 79
447 463 128
448 464 36
449 465 118
450 466 11
451 467 19
452 468 125
452 469 83
453 470 90
453 471 89
454 472 51
455 473 135
456 474 167
457 474 67
458 475 161
459 476 26
460 477 121
461 477 60
462 477 98
463 477 39
464 478 108
465 479 32
466 480 136
467 481 2
468 481 44
469 482 29
470 483 30
471 483 2
472 484 108
473 485 44
474 486 105
475 487 72
476 488 121
476 489 165
477 490 38
478 491 166
479 492 94
479 493 32
480 494 16
481 495 137
481 496 172
482 497 46
483 498 121
483 499 28
484 500 151
485 500 45
486 500 171
487 500 106
488 500 40
489 500 144
490 500 70
491 500 111
492 500 146
493 500 50
494 500 70
495 500 59
496 500 7
497 500 30
498 500 21
499 500 96
