1 2 2
1 3 9
1 4 6
1 5 11
2 6 19
2 7 7
2 8 1
3 9 3
3 10 16
3 11 6
4 12 5
4 13 17
4 14 2
5 15 19
5 16 5
5 17 15
5 18 14
6 19 11
7 20 12
8 21 11
9 22 9
10 23 14
11 24 2
12 25 18
13 26 10
14 27 12
15 27 3
16 28 14
17 29 8
18 30 5
19 31 10
20 32 14
20 33 4
21 34 6
22 35 3
23 36 14
24 37 12
25 38 2
26 39 9
27 40 15
28 41 4
29 42 10
29 43 12
30 44 18
31 45 12
32 46 2
33 47 2
33 48 18
33 49 5
34 50 5
34 51 2
35 52 13
36 53 19
37 54 15
38 55 17
39 56 2
40 57 4
41 58 17
42 59 10
43 60 19
43 61 19
44 62 3
45 63 12
46 64 7
46 65 12
47 66 10
48 67 13
49 68 13
50 69 15
51 70 11
51 71 5
52 72 7
53 73 2
54 74 16
55 75 7
56 76 6
57 77 5
58 78 10
59 79 11
60 80 6
61 81 3
61 82 4
62 83 10
63 84 8
64 85 15
65 86 19
66 87 8
67 87 11
68 87 15
69 87 9
70 88 9
71 89 10
72 90 13
73 91 16
74 92 11
75 93 10
76 94 5
77 95 4
78 95 4
79 96 11
80 97 13
81 98 18
82 99 7
83 100 2
84 101 18
85 102 18
86 103 14
87 104 7
88 105 1
89 106 3
90 107 12
91 108 6
91 109 11
92 110 10
93 111 10
94 112 5
94 113 3
95 114 4
96 115 16
97 116 11
97 117 17
97 118 15
98 119 7
99 120 9
100 121 5
101 122 12
102 123 7
103 123 2
104 124 4
105 124 11
106 125 8
107 125 1
108 125 3
109 126 7
110 126 3
111 127 15
112 128 14
113 129 11
114 129 16
115 130 2
116 130 7
117 130 4
118 131 19
119 131 10
120 131 18
121 132 4
122 133 11
123 134 4
124 135 4
125 136 4
126 137 9
127 138 19
128 139 9
129 140 12
130 141 15
131 142 1
132 143 2
133 144 5
134 145 2
135 146 9
136 147 2
137 148 5
138 149 15
139 150 9
139 151 2
140 152 16
141 153 16
142 154 4
143 155 3
144 156 7
145 157 19
146 158 3
147 159 1
148 160 17
148 161 18
148 162 9
149 163 8
150 164 8
151 165 5
151 166 16
152 167 18
153 168 11
154 169 10
155 170 18
155 171 8
156 172 8
157 173 6
158 174 2
159 175 4
160 176 5
161 177 7
162 178 3
162 179 16
163 180 14
164 181 11
165 182 7
166 183 8
167 184 15
168 185 10
169 186 9
169 187 16
170 188 13
171 189 2
172 190 12
173 191 8
174 192 12
175 193 12
176 194 5
177 195 2
178 196 17
179 197 19
180 198 19
181 199 19
182 200 11
183 201 14
184 202 8
185 203 10
186 204 16
187 205 11
187 206 1
188 207 3
189 208 12
190 209 18
191 210 19
192 211 19
193 212 12
194 213 6
195 214 19
196 215 12
197 216 15
198 216 8
199 217 16
200 218 4
201 219 2
202 220 10
203 221 16
204 221 17
205 222 3
206 223 15
207 224 1
208 225 2
209 226 10
210 227 9
211 228 15
212 228 3
213 229 18
214 230 19
215 231 18
216 231 13
217 232 16
218 233 4
219 234 16
220 235 5
221 236 1
222 237 17
223 238 5
224 239 19
225 240 9
226 241 6
227 242 17
228 243 10
229 243 9
230 244 17
231 245 9
232 246 8
233 247 7
234 248 18
235 249 18
236 249 4
237 250 12
238 251 14
239 252 16
240 253 8
241 254 15
242 255 8
242 256 12
242 257 7
243 258 4
244 259 10
245 260 6
246 261 4
246 262 2
247 263 16
247 264 16
248 265 17
249 266 16
250 267 8
251 268 14
251 269 9
252 270 4
253 271 2
253 272 12
254 273 10
255 273 18
256 274 7
257 275 2
258 276 9
259 277 3
260 278 4
261 279 19
262 280 7
263 281 13
264 282 4
265 282 13
266 283 8
267 283 13
268 284 16
269 285 13
270 286 16
271 286 11
272 286 4
273 287 10
274 288 6
275 289 8
276 290 7
277 291 14
278 292 1
279 293 2
280 294 6
281 295 18
282 295 19
283 296 17
284 297 18
285 297 4
286 298 6
287 299 4
287 300 14
288 301 4
289 302 10
290 303 9
291 304 8
291 305 10
291 306 8
292 307 8
292 308 19
292 309 18
293 310 1
294 311 17
295 312 18
295 313 3
296 314 5
296 315 4
297 316 2
297 317 17
298 318 8
298 319 9
299 320 9
300 320 15
301 320 18
302 320 15
303 321 18
304 322 7
305 323 18
306 324 1
307 325 8
308 325 12
309 326 2
310 326 14
311 327 4
312 327 2
313 328 9
314 329 11
315 330 9
316 330 17
317 331 13
318 332 10
319 333 2
320 334 5
321 335 10
322 336 4
323 337 19
324 338 9
325 339 3
325 340 2
326 341 13
327 342 1
328 343 7
329 344 8
330 345 11
331 346 8
332 347 14
333 348 4
334 349 12
335 350 4
336 351 9
337 352 10
338 353 18
339 354 16
339 355 5
340 356 13
341 357 11
342 358 5
342 359 14
343 360 14
344 361 9
344 362 6
345 363 10
346 364 11
347 365 4
347 366 19
348 367 18
349 368 17
350 369 6
351 369 1
352 370 19
353 371 3
354 371 13
355 372 1
356 373 13
357 373 6
358 373 8
359 374 18
360 375 1
361 375 19
362 376 6
363 376 15
364 377 6
365 377 3
366 378 17
367 378 11
368 379 5
369 380 2
370 381 14
370 382 13
371 383 6
371 384 8
372 385 10
373 386 3
374 387 13
375 388 4
376 389 16
376 390 7
377 391 12
378 392 2
378 393 4
379 394 12
380 395 3
381 396 7
381 397 2
382 398 13
383 399 7
384 400 18
384 401 8
385 402 1
386 403 11
387 404 14
388 405 16
388 406 19
389 407 8
389 408 11
390 409 7
391 410 10
392 411 14
392 412 2
393 413 3
393 414 17
394 415 13
395 416 15
396 417 2
397 418 1
398 418 5
399 419 11
400 420 18
401 420 11
402 421 13
403 422 7
404 422 2
405 423 7
406 423 3
407 424 8
408 424 9
409 424 8
410 424 13
411 425 10
412 426 17
413 427 9
414 428 6
415 429 10
416 430 7
417 431 7
418 432 2
419 433 14
420 434 1
421 435 3
422 436 12
423 437 4
424 438 6
425 439 2
426 440 10
427 441 7
428 442 19
429 443 14
430 443 6
431 444 1
432 445 17
433 446 7
434 447 10
435 448 10
436 449 1
437 450 3
438 450 6
439 451 17
440 451 19
441 452 10
442 453 11
443 454 4
444 455 8
445 456 7
446 457 13
447 458 11
448 459 6
449 460 4
450 461 11
451 462 10
452 463 15
453 464 17
454 465 3
455 466 6
456 467 14
457 468 8
457 469 10
458 470 5
458 471 19
459 472 3
459 473 4
460 474 3
460 475 13
461 476 3
462 477 3
462 478 9
463 479 5
464 480 16
465 481 9
466 482 2
467 483 6
468 483 5
469 484 17
470 485 11
471 486 1
472 486 17
473 486 13
474 487 9
475 487 6
476 488 7
477 488 3
478 489 1
479 490 14
480 491 13
481 492 4
481 493 16
481 494 8
482 495 3
483 496 7
484 497 16
484 498 6
485 499 13
486 500 18
487 501 2
488 502 12
488 503 14
489 504 10
490 505 13
491 506 9
492 507 3
493 508 8
493 509 13
494 510 10
495 511 19
496 512 14
497 513 11
497 514 2
498 515 9
498 516 10
499 517 6
500 518 10
501 519 19
501 520 18
501 521 13
502 522 13
503 523 17
503 524 10
504 525 8
505 526 7
506 527 18
507 528 16
508 529 15
509 530 10
510 531 14
511 532 8
512 533 7
513 534 9
514 535 19
515 536 14
516 537 8
517 538 9
518 539 19
519 540 3
520 541 17
521 542 18
522 543 14
523 544 12
524 545 19
525 546 11
526 547 17
527 548 7
528 549 14
529 550 4
530 551 1
531 552 9
532 552 6
533 553 15
534 554 5
535 554 2
536 555 9
537 555 10
538 556 19
539 556 6
540 557 15
541 558 13
542 558 7
543 559 15
544 560 9
545 560 11
546 561 2
547 561 7
548 561 18
549 562 3
550 563 5
551 564 10
552 565 9
553 566 13
554 567 5
555 568 15
556 569 3
557 570 2
558 571 15
559 572 9
560 573 6
561 574 17
562 575 19
562 576 2
563 577 3
564 578 5
564 579 12
564 580 10
565 581 1
565 582 16
566 583 13
567 584 3
568 585 18
568 586 19
568 587 2
569 588 6
570 589 2
571 590 1
571 591 6
572 592 4
572 593 15
573 594 4
574 595 3
575 596 6
576 597 5
577 598 7
578 598 17
579 599 7
580 600 2
581 601 9
582 602 6
583 602 8
584 603 4
585 604 13
586 604 3
587 605 6
588 605 18
589 605 8
590 606 1
591 607 16
592 607 12
593 607 15
594 608 6
595 608 3
596 609 4
597 610 3
597 611 15
597 612 13
598 613 7
598 614 16
598 615 15
599 616 17
600 617 1
601 618 7
601 619 15
602 620 4
603 621 16
604 622 1
605 623 12
606 624 6
607 625 15
608 626 10
609 627 19
610 627 7
611 628 8
612 629 15
613 630 12
614 630 12
615 631 19
616 632 12
617 632 13
618 633 9
619 633 13
620 634 5
621 635 18
622 636 18
623 637 2
624 638 1
625 639 13
626 639 15
627 640 14
628 641 16
628 642 16
629 643 14
629 644 13
630 645 11
630 646 11
630 647 1
630 648 9
631 649 10
632 650 9
632 651 6
633 652 17
634 653 13
635 654 2
635 655 3
636 656 19
636 657 1
637 658 13
638 659 12
639 660 19
640 661 4
641 662 5
642 663 10
643 664 14
644 665 6
645 666 6
646 667 4
647 668 13
648 669 6
649 670 9
650 671 13
651 672 12
652 673 17
653 674 15
654 675 8
655 676 1
656 677 7
657 678 15
658 679 19
659 680 19
660 681 5
661 682 14
662 682 16
663 683 8
664 684 18
665 685 13
666 685 10
667 685 8
668 686 17
669 687 3
670 687 19
671 688 10
672 689 8
673 690 8
674 691 9
675 692 16
676 692 3
677 692 14
678 693 14
679 693 15
680 694 17
681 694 9
682 695 8
683 696 12
683 697 7
684 698 12
685 699 6
686 700 10
687 701 11
688 702 18
689 703 12
690 704 14
691 705 8
692 706 10
693 707 11
694 708 12
695 709 14
696 710 5
697 711 19
698 712 8
699 713 7
700 714 14
701 715 4
702 715 2
703 716 19
704 717 4
705 718 15
706 719 3
707 719 15
708 720 16
709 721 1
710 722 12
711 723 2
712 724 2
713 725 5
714 726 15
714 727 12
715 728 9
716 729 1
716 730 6
717 731 14
718 732 16
719 733 6
719 734 18
720 735 1
721 736 2
722 737 8
723 738 14
724 739 1
725 740 6
726 741 15
727 742 9
728 743 7
729 744 2
730 745 3
731 746 17
732 747 8
733 748 13
734 749 1
735 750 2
736 751 1
737 752 17
738 753 12
739 754 15
740 754 3
741 755 13
742 755 6
743 756 18
744 757 2
745 757 8
746 758 12
747 759 7
748 760 7
749 760 7
750 761 16
751 762 19
752 763 3
753 764 7
753 765 4
754 766 9
755 767 7
755 768 9
756 769 4
757 770 17
757 771 5
757 772 9
757 773 19
758 774 19
759 775 6
759 776 17
760 777 9
761 778 5
762 779 5
763 780 6
764 781 7
764 782 1
765 783 9
766 784 12
767 785 4
767 786 10
768 787 18
768 788 12
769 789 16
770 790 14
771 791 7
772 792 18
773 793 16
774 794 18
775 795 17
775 796 11
776 797 17
777 798 8
778 799 12
779 800 1
780 800 1
781 800 5
782 800 12
783 800 19
784 800 7
785 800 14
786 800 2
787 800 17
788 800 15
789 800 13
790 800 15
791 800 3
792 800 12
793 800 8
794 800 15
795 800 7
796 800 8
797 800 5
798 800 11
799 800 14
