1 2 1
1 3 1
1 4 1
1 5 1
2 6 1
2 7 1
2 8 1
3 9 1
3 10 1
4 11 1
4 12 1
5 13 1
5 14 1
5 15 1
5 16 1
5 17 1
6 18 1
7 19 1
8 20 1
9 21 1
10 22 1
11 23 1
12 23 1
13 24 1
14 25 1
15 25 1
16 26 1
17 27 1
18 28 1
18 29 1
19 30 1
20 31 1
21 32 1
22 33 1
23 34 1
24 35 1
25 36 1
26 37 1
26 38 1
26 39 1
27 40 1
27 41 1
28 42 1
29 43 1
30 44 1
31 45 1
32 45 1
33 46 1
34 46 1
35 47 1
36 47 1
37 48 1
38 49 1
39 50 1
40 50 1
41 51 1
42 52 1
42 53 1
43 54 1
44 55 1
44 56 1
44 57 1
45 58 1
46 59 1
47 60 1
48 61 1
49 62 1
50 63 1
50 64 1
51 65 1
52 66 1
53 67 1
54 68 1
55 69 1
56 70 1
57 71 1
58 71 1
59 72 1
60 73 1
61 74 1
62 75 1
63 76 1
64 77 1
65 77 1
66 78 1
67 79 1
68 80 1
69 81 1
69 82 1
70 83 1
71 84 1
72 85 1
73 86 1
74 87 1
75 88 1
76 89 1
77 90 1
78 91 1
79 92 1
80 93 1
81 94 1
82 95 1
83 96 1
84 97 1
85 98 1
86 99 1
87 100 1
87 101 1
88 102 1
89 103 1
90 104 1
91 105 1
92 106 1
93 107 1
94 108 1
95 108 1
96 109 1
97 110 1
98 111 1
99 111 1
100 112 1
101 113 1
102 114 1
103 115 1
104 116 1
105 117 1
106 118 1
107 119 1
107 120 1
108 121 1
109 122 1
110 123 1
111 124 1
112 125 1
113 126 1
114 127 1
115 128 1
116 129 1
116 130 1
117 131 1
118 132 1
119 133 1
120 134 1
121 135 1
122 136 1
123 137 1
124 138 1
125 139 1
126 140 1
127 141 1
128 142 1
129 143 1
130 144 1
131 145 1
132 145 1
133 146 1
134 146 1
135 147 1
136 148 1
137 149 1
138 149 1
139 150 1
140 151 1
141 152 1
142 153 1
143 153 1
144 154 1
145 155 1
146 156 1
147 157 1
148 158 1
149 159 1
150 160 1
151 161 1
152 162 1
153 163 1
154 164 1
155 165 1
156 166 1
157 167 1
158 168 1
158 169 1
159 170 1
160 171 1
160 172 1
161 173 1
161 174 1
162 175 1
162 176 1
163 177 1
164 178 1
165 179 1
166 180 1
167 181 1
168 182 1
169 182 1
170 182 1
171 183 1
172 184 1
173 185 1
174 186 1
175 187 1
176 187 1
177 188 1
178 189 1
179 190 1
180 191 1
181 192 1
182 193 1
183 194 1
184 195 1
185 195 1
186 196 1
187 197 1
188 198 1
189 199 1
190 200 1
191 201 1
191 202 1
192 203 1
193 204 1
193 205 1
194 206 1
195 207 1
195 208 1
196 209 1
197 210 1
197 211 1
198 212 1
199 213 1
200 214 1
201 215 1
202 216 1
203 216 1
204 217 1
205 217 1
206 217 1
207 218 1
208 219 1
209 220 1
210 220 1
211 221 1
212 222 1
213 223 1
214 224 1
215 225 1
216 226 1
217 227 1
218 228 1
219 229 1
220 230 1
220 231 1
221 232 1
222 233 1
223 234 1
224 235 1
225 236 1
226 237 1
227 238 1
228 239 1
229 240 1
230 241 1
231 242 1
232 243 1
233 244 1
234 245 1
235 246 1
236 246 1
237 247 1
238 248 1
239 249 1
240 250 1
241 251 1
242 252 1
243 253 1
244 254 1
245 255 1
246 256 1
247 257 1
248 258 1
249 259 1
250 260 1
251 261 1
252 262 1
253 263 1
254 264 1
255 265 1
256 266 1
257 267 1
258 268 1
259 269 1
260 270 1
261 271 1
262 272 1
263 273 1
264 274 1
265 275 1
266 276 1
267 277 1
268 278 1
269 279 1
270 280 1
271 281 1
272 282 1
273 283 1
274 284 1
274 285 1
275 286 1
276 287 1
277 288 1
278 289 1
279 290 1
280 291 1
281 292 1
282 293 1
283 294 1
284 295 1
285 296 1
286 297 1
287 298 1
288 299 1
288 300 1
289 301 1
290 302 1
291 303 1
292 304 1
293 305 1
294 306 1
295 307 1
296 308 1
297 309 1
298 310 1
299 311 1
300 312 1
301 313 1
302 314 1
303 315 1
304 315 1
305 316 1
306 317 1
307 318 1
308 319 1
309 320 1
310 321 1
311 322 1
312 323 1
313 324 1
314 325 1
315 326 1
316 327 1
317 328 1
318 328 1
319 329 1
320 329 1
321 330 1
322 331 1
323 332 1
324 333 1
324 334 1
324 335 1
325 336 1
326 337 1
327 338 1
328 339 1
329 340 1
330 341 1
331 342 1
331 343 1
332 344 1
333 345 1
334 346 1
334 347 1
335 348 1
336 349 1
337 350 1
338 351 1
339 352 1
339 353 1
340 354 1
341 355 1
342 355 1
343 356 1
344 357 1
345 358 1
346 359 1
347 360 1
348 360 1
349 361 1
350 362 1
351 363 1
352 364 1
353 364 1
354 365 1
355 366 1
356 366 1
357 367 1
358 368 1
359 369 1
360 370 1
361 371 1
362 372 1
363 373 1
364 374 1
365 375 1
366 376 1
367 377 1
368 378 1
368 379 1
368 380 1
369 381 1
370 382 1
371 383 1
371 384 1
372 385 1
373 386 1
374 387 1
375 388 1
375 389 1
376 390 1
377 390 1
378 391 1
379 392 1
380 393 1
381 394 1
382 394 1
383 395 1
384 396 1
385 397 1
386 398 1
387 398 1
388 398 1
389 399 1
390 400 1
391 400 1
392 400 1
393 400 1
394 400 1
395 400 1
396 400 1
397 400 1
398 400 1
399 400 1
