1 2 1
1 3 3
1 4 3
1 5 3
2 6 4
2 7 1
2 8 4
2 9 1
2 10 2
3 11 4
3 12 5
3 13 2
4 14 5
4 15 2
4 16 5
4 17 2
4 18 1
5 19 1
5 20 4
5 21 1
6 22 3
7 23 2
8 24 4
9 25 4
10 26 3
11 27 4
12 28 2
13 29 3
14 30 5
15 31 3
16 32 5
17 33 4
18 34 5
19 35 3
20 36 5
21 36 5
22 37 3
22 38 2
23 39 4
23 40 5
24 41 3
24 42 4
24 43 5
25 44 4
25 45 4
25 46 3
26 47 1
26 48 3
27 49 3
28 50 2
29 51 2
30 52 1
31 53 4
32 54 1
33 55 3
33 56 5
34 57 4
34 58 3
35 59 3
35 60 4
35 61 3
36 62 3
37 63 1
38 63 5
39 63 4
40 63 5
41 64 5
42 65 1
43 66 3
44 66 5
45 67 5
46 67 4
47 68 1
48 68 2
49 69 2
50 70 3
51 71 1
52 71 2
53 71 2
54 72 4
55 72 1
56 72 1
57 73 1
58 74 5
59 74 2
60 74 3
61 74 1
62 74 2
63 75 4
64 76 2
65 77 2
65 78 2
66 79 1
66 80 2
67 81 3
68 82 5
69 83 2
70 84 1
70 85 3
71 86 2
72 87 2
73 88 4
74 89 2
75 90 5
76 91 2
77 92 1
78 93 1
79 94 4
80 95 1
81 96 4
82 97 5
83 97 3
84 98 3
85 99 3
86 100 3
87 101 1
88 102 3
89 103 2
90 104 2
91 105 1
92 106 2
93 107 2
94 108 2
95 109 5
96 110 5
97 110 1
98 111 2
99 112 1
100 113 4
101 114 2
102 115 5
103 116 2
104 117 4
105 118 3
106 119 2
106 120 1
107 121 1
107 122 5
107 123 3
108 124 1
108 125 1
108 126 5
109 127 4
110 128 5
111 129 5
112 130 5
113 131 5
114 132 2
114 133 5
115 134 4
116 135 1
117 136 2
118 136 2
119 137 3
120 137 2
121 138 4
122 139 5
123 139 3
124 140 3
125 141 5
126 142 4
127 142 4
128 143 3
129 144 4
130 145 4
131 146 5
132 147 1
133 148 5
134 148 3
135 149 3
136 150 1
136 151 1
136 152 3
137 153 2
138 154 2
139 155 3
140 156 3
140 157 4
141 158 5
142 159 2
143 160 1
144 161 5
145 162 3
146 163 4
146 164 3
147 165 3
147 166 1
147 167 2
148 168 4
148 169 3
148 170 2
149 171 2
150 172 5
151 172 3
152 172 5
153 173 3
154 174 5
155 175 2
156 176 1
157 176 1
158 177 5
159 177 1
160 178 4
161 179 5
162 179 2
163 180 1
164 180 5
165 181 2
166 182 5
167 183 1
168 183 5
169 183 3
170 184 1
171 184 2
172 185 1
173 186 5
173 187 1
174 188 4
175 189 1
176 190 4
177 191 4
178 192 4
179 193 3
179 194 3
179 195 5
180 196 1
180 197 5
181 198 2
182 199 4
182 200 4
183 201 3
183 202 5
184 203 3
185 204 4
185 205 1
186 206 4
187 207 2
187 208 2
188 209 4
189 210 1
190 211 2
191 212 2
192 213 2
193 214 2
194 215 3
195 216 4
196 217 5
197 218 1
198 219 4
199 220 3
200 221 4
201 222 4
201 223 5
202 224 4
203 225 2
204 226 5
205 226 1
206 227 5
207 227 1
208 228 3
209 228 3
210 229 2
211 229 4
212 230 4
213 231 1
214 232 1
215 233 1
216 233 1
217 233 3
218 234 5
219 235 4
220 236 1
221 237 3
222 238 1
223 239 5
224 240 3
225 241 4
226 242 4
227 243 3
228 244 5
229 245 4
230 245 4
231 245 5
232 246 2
233 247 3
234 247 1
235 248 4
236 249 2
237 250 2
238 251 2
239 252 2
240 253 4
241 254 5
242 255 2
242 256 2
243 257 5
244 258 2
245 259 3
246 260 4
247 261 1
248 262 2
248 263 3
249 264 3
250 265 5
251 266 3
251 267 1
252 268 5
253 269 1
254 270 5
254 271 5
254 272 1
255 273 1
256 274 2
257 274 3
258 275 3
259 276 1
260 277 5
261 278 3
262 279 2
263 280 4
264 281 3
265 282 2
266 283 4
267 284 5
268 285 4
269 286 5
270 286 4
271 287 2
272 288 1
273 289 2
274 290 5
274 291 4
274 292 2
275 293 2
276 294 2
276 295 1
277 296 1
278 297 5
279 298 5
279 299 1
280 300 5
281 301 1
282 302 5
283 303 2
284 304 2
285 305 2
286 306 4
286 307 4
287 308 5
288 309 5
289 310 4
290 311 3
291 312 4
292 313 3
293 314 3
294 315 4
295 316 5
296 317 5
297 318 2
298 319 1
299 320 2
300 320 1
301 320 5
302 321 5
303 322 2
304 323 5
305 324 5
306 325 5
307 325 1
308 326 1
309 327 5
310 328 2
311 329 3
312 330 4
313 331 5
314 332 3
315 333 2
316 334 3
317 335 3
318 336 4
319 337 2
320 337 1
321 338 5
322 339 1
323 339 4
324 340 5
325 341 3
326 342 3
327 343 2
328 344 3
329 345 1
330 346 4
331 347 2
332 348 3
333 349 1
334 350 5
335 351 2
336 352 4
337 353 3
338 354 4
339 355 2
340 356 2
341 357 3
341 358 3
341 359 1
342 360 4
342 361 2
343 362 2
343 363 1
343 364 5
343 365 4
344 366 5
345 367 2
346 368 5
347 368 3
348 369 4
349 370 2
350 370 1
351 371 2
352 372 5
353 373 5
354 373 3
355 374 4
356 375 4
357 376 4
358 377 3
359 377 3
360 378 3
361 378 1
362 379 5
363 380 2
364 380 3
365 381 4
366 382 2
366 383 1
367 384 3
367 385 2
368 386 4
368 387 5
369 388 1
369 389 5
370 390 2
370 391 1
371 392 5
371 393 2
372 394 1
372 395 2
372 396 4
372 397 4
372 398 2
373 399 4
373 400 4
374 401 3
374 402 5
375 403 4
375 404 3
376 405 2
376 406 3
376 407 2
377 408 3
378 409 1
379 410 1
379 411 4
379 412 1
379 413 4
380 414 4
381 415 4
381 416 3
382 417 4
383 417 3
384 417 3
385 418 1
386 418 2
387 418 2
388 418 1
389 419 3
390 420 2
391 420 1
392 420 2
393 420 5
394 421 2
395 421 2
396 421 4
397 422 5
398 422 4
399 422 3
400 423 1
401 424 5
402 424 2
403 424 1
404 425 2
405 425 2
406 426 3
407 427 2
408 427 3
409 427 1
410 427 3
411 427 1
412 428 2
413 429 4
414 429 4
415 429 3
416 429 3
417 430 4
418 431 2
419 432 2
420 433 4
420 434 3
421 435 4
422 436 1
423 437 5
424 438 3
424 439 5
425 440 3
426 441 4
426 442 1
427 443 1
428 444 2
428 445 4
429 446 4
430 447 2
431 448 3
432 449 3
433 450 1
434 451 1
435 451 2
436 452 5
437 453 5
438 454 3
439 455 4
440 456 2
441 457 1
442 458 1
443 459 1
444 459 1
445 459 5
446 460 1
447 461 2
448 462 2
449 463 5
449 464 3
450 465 5
450 466 3
451 467 4
451 468 2
452 469 4
453 470 4
454 471 2
455 472 2
455 473 2
456 474 5
457 475 5
458 476 5
458 477 4
459 478 1
460 479 1
461 480 5
462 481 4
463 482 4
464 483 3
465 484 4
466 485 3
467 486 3
468 487 1
469 488 1
470 489 5
471 490 4
472 491 5
473 492 2
474 493 1
475 494 3
476 495 5
477 496 1
478 497 2
479 498 4
480 499 5
481 500 1
481 501 3
482 502 5
483 503 2
484 504 4
485 505 2
486 506 5
487 507 2
488 508 2
489 509 3
490 510 5
491 511 4
492 512 1
493 513 1
493 514 3
494 515 1
495 516 5
496 517 5
497 518 3
498 519 3
499 520 4
500 520 2
501 521 3
502 522 3
503 523 3
504 523 1
505 524 4
506 525 1
507 525 5
508 526 2
509 527 4
510 527 1
511 528 2
512 529 2
513 529 2
514 530 2
515 531 3
516 531 2
517 532 2
518 533 5
519 534 1
520 535 3
521 536 3
522 537 4
522 538 3
523 539 3
524 540 3
524 541 3
525 542 3
526 543 5
526 544 3
527 545 1
528 546 5
529 547 3
530 548 4
530 549 3
531 550 2
532 551 2
533 552 5
534 553 5
535 554 1
536 555 1
537 556 1
538 557 4
539 558 2
540 559 4
541 560 1
542 561 3
543 562 4
544 563 2
545 564 3
546 564 1
547 564 5
548 565 1
549 566 3
550 567 1
551 568 1
552 569 4
553 569 2
554 570 4
555 571 1
556 571 1
557 572 2
558 573 1
559 574 1
560 574 4
561 575 4
562 576 4
563 577 3
564 578 3
565 579 4
566 579 2
567 580 2
568 581 1
569 582 3
570 583 5
571 584 1
572 585 2
573 586 5
574 586 3
575 587 5
576 587 1
577 588 1
578 589 3
579 590 4
580 591 1
581 592 5
582 593 2
583 594 5
584 595 4
585 596 4
586 597 4
586 598 4
586 599 1
587 600 3
587 601 1
588 602 5
588 603 2
589 604 1
589 605 3
589 606 4
590 607 1
590 608 2
591 609 3
591 610 2
592 611 4
593 612 4
593 613 1
594 614 4
595 614 4
596 615 4
597 616 4
598 617 5
599 617 5
600 617 3
601 617 4
602 618 5
603 618 1
604 619 3
605 620 4
606 621 1
607 622 4
608 623 5
609 624 3
610 625 4
611 626 2
612 627 1
613 627 3
614 628 3
614 629 4
615 630 4
616 631 4
617 632 4
617 633 2
618 634 1
619 635 3
620 636 4
620 637 2
621 638 5
622 639 4
623 640 1
623 641 2
624 642 4
625 643 5
625 644 2
626 645 1
626 646 1
627 647 5
628 648 4
629 649 5
630 650 5
631 651 5
632 652 2
633 653 4
634 654 5
635 655 2
636 655 5
637 656 4
638 657 1
639 658 1
640 659 1
641 660 1
642 660 2
643 661 1
644 662 3
645 663 2
646 664 3
647 665 5
648 666 2
649 667 4
650 668 2
651 669 1
652 670 3
653 671 5
654 672 5
654 673 5
654 674 3
655 675 3
655 676 3
656 677 1
656 678 4
657 679 1
658 680 5
658 681 4
659 682 2
660 683 3
661 684 4
662 685 3
663 686 5
664 687 5
665 688 4
666 689 3
667 690 2
668 691 2
669 692 4
670 692 4
671 693 2
672 693 2
673 694 3
674 695 3
675 696 2
676 697 2
677 698 5
678 698 4
679 699 1
680 700 1
681 701 5
682 701 1
683 702 3
684 703 5
685 704 2
686 705 2
687 706 2
688 706 2
689 707 2
690 708 4
691 709 4
692 710 1
693 711 2
694 712 1
695 713 5
696 714 5
697 715 4
698 716 4
698 717 1
699 718 2
700 719 1
701 720 5
702 721 2
702 722 2
703 723 4
704 724 5
704 725 1
705 726 1
706 727 3
707 728 4
708 729 4
709 730 3
710 731 3
711 732 4
712 733 5
713 734 1
713 735 1
714 736 5
715 737 1
716 738 1
717 739 2
718 740 2
719 741 4
720 742 4
721 743 5
722 744 3
723 745 2
724 746 3
725 747 2
726 748 3
727 749 5
728 750 3
729 751 3
730 751 5
731 752 1
732 753 4
733 754 5
734 755 1
735 756 3
736 757 4
737 757 3
738 758 4
739 759 1
740 759 3
741 760 3
742 760 5
743 761 1
744 762 2
745 762 5
746 763 2
747 764 5
748 765 1
749 765 2
750 766 4
751 767 4
752 768 5
753 769 4
754 770 3
755 771 4
756 772 5
757 773 5
758 774 4
759 775 2
760 776 3
761 777 4
762 778 4
763 779 3
764 780 2
765 781 2
766 782 2
767 783 3
767 784 1
768 785 5
769 786 3
769 787 4
770 788 1
771 789 3
772 790 4
773 791 4
774 792 1
775 793 3
776 794 2
777 795 3
778 796 4
779 797 5
780 798 5
781 799 5
782 800 4
783 800 3
784 800 1
785 800 4
786 800 3
787 800 4
788 800 4
789 800 4
790 800 2
791 800 3
792 800 3
793 800 1
794 800 1
795 800 3
796 800 5
797 800 2
798 800 3
799 800 3
