1 2 1
1 3 1
1 4 1
1 5 2
2 6 3
2 7 1
2 8 2
2 9 2
2 10 1
3 11 1
3 12 2
3 13 1
3 14 1
3 15 3
4 16 3
4 17 1
4 18 1
4 19 1
5 20 1
5 21 1
5 22 2
5 23 3
6 24 1
7 25 2
8 26 3
9 27 1
10 28 1
11 29 1
12 30 1
13 31 1
14 32 3
15 32 3
16 33 1
17 34 3
18 35 2
19 36 1
20 37 1
21 37 1
22 38 1
23 39 2
24 40 2
25 41 1
26 42 2
27 43 3
27 44 3
28 45 3
29 46 3
30 47 2
31 48 3
32 49 1
32 50 2
33 51 1
34 52 1
34 53 1
35 54 1
35 55 2
36 56 2
37 57 1
38 58 3
39 59 2
40 60 3
41 61 2
42 61 3
43 62 1
44 63 2
45 64 2
46 64 3
47 65 3
48 66 1
49 67 3
50 68 1
51 69 2
52 70 1
53 70 2
54 71 2
55 72 1
56 73 3
57 73 1
58 74 3
59 75 1
60 76 3
61 77 1
62 78 2
63 79 2
64 80 3
65 81 2
66 82 3
67 83 3
68 84 2
69 85 3
70 86 2
71 87 2
72 88 3
73 89 3
74 90 3
75 91 2
76 92 1
77 93 3
78 94 1
79 95 3
80 96 2
80 97 1
81 98 2
82 99 2
83 100 2
84 101 1
85 102 3
86 103 1
87 104 1
88 105 3
89 106 3
90 107 3
91 108 2
92 109 1
93 110 3
94 111 3
95 112 2
96 113 1
97 114 2
98 115 1
99 116 1
100 117 3
101 118 3
102 119 1
103 120 2
104 121 2
105 122 1
106 123 1
107 124 2
108 125 2
109 126 2
110 127 3
111 128 3
112 129 2
113 130 3
114 131 3
115 132 1
116 133 2
117 134 1
118 135 1
119 136 2
120 137 2
121 138 3
122 139 2
123 139 3
124 140 1
125 140 2
126 141 3
127 142 3
128 143 3
128 144 3
129 145 2
130 146 3
131 147 3
132 148 3
132 149 1
133 150 2
134 151 2
135 152 2
135 153 2
135 154 2
136 155 2
136 156 1
137 157 1
138 158 3
139 159 3
140 160 1
140 161 3
141 162 2
142 163 2
143 163 1
144 164 1
145 165 1
146 166 3
147 167 3
148 168 2
149 168 2
150 169 2
151 169 2
152 170 1
153 171 2
154 172 3
155 173 2
156 174 2
157 175 3
158 176 1
159 177 1
160 178 1
161 179 1
162 180 3
163 181 2
164 182 3
165 183 3
166 184 3
167 185 1
168 186 1
169 187 2
170 188 1
171 189 1
172 190 3
173 191 3
173 192 2
174 193 1
174 194 3
175 195 2
176 196 2
177 197 2
177 198 3
178 199 3
179 200 3
180 201 2
181 202 2
182 203 1
183 204 1
184 205 1
185 206 2
186 207 2
187 208 3
188 209 3
189 210 1
190 211 1
191 212 2
192 213 3
193 214 2
194 215 3
195 216 3
196 217 3
197 218 2
198 219 3
199 220 3
200 221 2
201 222 1
202 223 2
203 224 3
204 225 2
205 226 1
206 227 2
207 228 3
208 229 1
209 230 2
210 231 2
211 232 1
212 233 1
213 234 3
214 235 2
215 236 2
216 237 3
217 238 2
218 239 3
219 240 1
220 241 1
221 242 1
222 243 3
223 244 2
224 245 2
225 246 2
226 247 3
227 248 2
228 249 2
229 250 2
230 251 1
231 252 3
232 253 1
233 254 3
234 255 2
235 256 3
236 257 3
237 258 2
238 259 1
239 260 1
240 261 2
241 262 3
242 263 2
243 264 2
244 265 1
245 265 3
246 266 2
247 267 3
248 268 2
249 269 2
250 270 3
251 270 3
252 271 2
253 271 2
254 272 1
255 272 2
256 273 3
257 274 3
258 274 1
259 275 1
260 275 3
261 276 1
262 277 3
263 278 1
264 279 3
265 280 1
266 281 2
267 282 1
268 283 1
269 284 1
270 285 1
271 286 2
272 287 1
273 288 1
274 289 1
275 290 2
276 291 1
277 292 2
278 293 3
279 294 3
280 295 2
281 296 3
282 297 3
283 298 1
283 299 3
284 300 3
285 301 1
286 302 2
286 303 1
287 304 2
287 305 1
288 306 3
289 307 3
289 308 3
289 309 2
290 310 2
291 311 3
292 312 3
293 313 1
293 314 3
294 315 1
295 316 1
296 317 2
297 318 2
298 318 1
299 319 3
300 320 1
301 321 2
302 322 2
303 323 3
304 324 1
305 325 1
306 326 1
307 326 3
308 327 3
309 328 3
310 329 1
311 330 3
312 331 1
313 332 2
314 333 1
315 334 2
316 334 3
317 335 2
318 336 1
319 337 2
320 338 1
321 338 3
322 339 3
323 340 1
324 341 2
325 341 3
326 342 2
327 343 2
328 344 1
329 345 2
330 346 2
331 347 2
332 347 2
333 348 2
334 349 2
335 350 1
335 351 1
336 352 1
337 353 2
338 354 2
339 355 1
340 356 1
341 357 3
342 358 3
343 359 1
344 360 2
345 361 2
346 362 3
347 363 2
348 364 2
349 365 3
350 366 1
351 367 3
352 368 3
353 369 3
354 370 3
355 371 3
356 372 2
357 372 1
358 373 2
359 374 3
360 375 2
361 376 1
362 377 1
363 378 3
364 379 3
365 380 3
366 381 1
367 382 1
368 383 1
369 384 1
370 385 1
371 386 2
372 387 2
373 388 2
374 389 1
375 390 2
376 391 1
377 392 3
377 393 2
378 394 3
379 395 3
379 396 2
380 397 3
381 398 2
382 399 3
383 400 3
384 401 1
385 402 3
386 403 3
387 404 3
388 405 1
388 406 2
389 407 1
390 408 1
391 409 1
392 410 1
393 411 1
394 412 3
395 413 3
396 414 2
397 415 1
398 416 1
399 416 1
400 417 3
401 418 3
402 419 2
403 420 3
404 421 3
405 422 3
406 423 3
407 424 2
408 425 2
409 426 2
410 427 1
411 428 1
412 429 2
413 430 2
414 431 1
415 432 2
416 433 1
417 434 2
418 435 3
419 436 3
420 437 2
421 438 1
422 439 3
423 440 3
424 441 2
425 442 2
426 443 2
427 444 3
428 445 3
429 446 1
430 447 2
431 448 3
432 449 2
432 450 3
433 451 2
434 452 2
434 453 2
435 454 1
436 455 1
437 456 2
438 457 3
439 458 1
439 459 2
440 460 1
441 461 1
442 462 3
443 463 2
444 464 3
444 465 2
445 466 2
446 467 3
447 468 3
448 469 1
449 470 1
450 470 1
451 471 2
452 472 1
453 473 2
454 474 3
455 475 3
456 476 3
457 477 2
458 478 1
459 479 1
460 480 2
461 481 2
462 482 2
463 483 1
464 484 3
465 485 3
466 486 1
467 487 2
468 488 2
469 489 2
470 490 2
471 491 3
472 492 2
473 493 3
474 494 3
475 494 3
476 495 2
477 496 1
478 497 1
479 497 2
480 497 2
481 498 3
482 499 3
483 500 3
484 501 1
485 502 3
486 502 2
487 503 2
488 504 3
489 505 2
490 506 1
491 507 3
492 508 3
493 509 2
494 510 2
495 511 3
496 512 2
496 513 1
497 514 3
498 515 1
499 516 2
500 517 1
500 518 1
501 519 3
502 520 2
503 521 2
504 522 2
505 523 1
506 524 2
507 525 1
508 526 3
509 527 3
510 528 2
510 529 1
511 530 1
512 531 3
513 532 2
514 533 2
515 534 2
516 535 2
517 536 1
518 537 3
519 538 2
520 539 2
521 540 3
522 541 1
523 542 2
524 543 3
525 544 2
526 545 2
527 546 3
528 547 1
529 548 2
530 549 2
531 550 1
532 551 1
533 551 1
534 552 1
535 553 2
536 554 3
537 555 3
538 555 1
539 556 3
540 557 1
541 558 2
542 558 2
543 559 2
544 560 3
545 561 3
546 562 1
546 563 2
547 564 3
548 565 3
548 566 2
548 567 1
549 568 2
550 569 3
550 570 2
551 571 2
552 572 2
553 573 3
554 574 1
555 575 2
556 576 2
557 577 2
558 578 2
559 579 3
560 580 3
561 581 3
562 582 1
563 583 2
563 584 2
564 585 3
565 586 1
566 587 1
567 588 2
568 589 3
569 590 3
570 591 2
571 592 2
572 593 3
573 594 1
574 595 2
575 596 2
576 597 3
577 598 3
578 599 2
579 600 1
580 600 1
581 600 1
582 600 2
583 600 2
584 600 2
585 600 3
586 600 3
587 600 2
588 600 1
589 600 1
590 600 1
591 600 3
592 600 1
593 600 3
594 600 1
595 600 1
596 600 1
597 600 1
598 600 1
599 600 2
