18 13 11 0 5 14 11 10 18 18 16 10 8 10 2 15
7 8 3 3 0 5 5 1 5 5 3 0 8 4 4 8
0 17 14 2 6 4 7 8 7 4 0 3 11 18 0 14
2 1 2 1 2 0 1 2 0 2 2 2 0 1 2 0
3 1 7 5 5 3 0 8 5 5 3 5 1 7 4 3
0 2 4 8 13 6 14 16 10 18 12 0 13 13 13 20
4 6 8 4 0 8 1 0 0 0 2 2 5 8 7 2
11 13 5 23 11 4 3 12 25 11 26 4 13 19 6 16
28 14 19 27 8 10 25 18 15 16 27 26 7 0 3 17
0 2 1 1 6 0 2 1 4 5 1 5 5 6 3 6
8 5 4 5 7 6 3 5 6 6 1 0 6 3 8 2
1 11 1 7 13 7 6 2 9 7 7 11 2 3 0 8
16 5 5 1 12 13 13 4 14 15 5 15 16 16 16 16
17 19 25 6 1 13 14 6 2 18 18 0 28 15 19 3
8 3 0 5 3 5 6 8 4 0 2 3 8 1 0 5
5 2 7 1 1 7 2 3 5 8 2 2 2 2 4 1
0 1 1 3 0 1 0 3 1 1 0 4 4 3 4 4
0 3 5 2 2 6 6 8 5 2 3 6 4 6 8 7
7 11 12 12 11 11 8 12 12 9 6 10 0 4 12 4
0 0 0 2 0 1 0 2 2 1 0 0 2 2 0 2
4 14 7 20 17 6 3 0 13 15 17 14 10 10 5 17
27 3 9 13 24 6 15 4 26 7 8 27 1 23 12 26
20 16 9 14 7 12 25 8 16 19 25 14 18 14 2 15
3 0 2 2 4 5 10 1 5 3 2 11 16 13 13 7
15 17 18 6 1 22 9 16 3 0 4 4 9 9 9 12
9 9 7 4 11 8 18 9 3 4 5 14 0 10 8 4
1 16 7 5 3 1 13 11 13 11 2 10 2 18 6 11
12 21 15 7 15 3 14 16 6 5 4 6 20 20 0 13
10 0 9 15 10 6 12 19 8 10 2 27 24 27 3 19
9 14 10 0 7 3 0 0 7 13 13 7 1 11 6 9
2 1 1 1 2 0 2 0 1 0 0 1 0 2 1 1
14 14 5 6 13 13 10 8 3 10 10 6 13 5 10 14
8 2 1 4 4 1 0 9 5 3 1 7 6 11 2 1
0 5 14 3 10 9 11 10 12 9 2 12 15 14 1 6
9 3 12 14 12 14 4 14 1 4 11 5 3 7 1 4
1 2 2 2 1 0 0 0 1 2 1 1 0 0 0 1
10 8 14 8 2 0 15 8 8 5 1 14 0 13 6 9
1 5 0 2 6 8 5 6 0 3 4 6 6 0 1 12
18 11 0 7 12 1 8 14 12 2 1 15 0 6 11 15
6 10 32 4 27 7 29 24 24 21 30 27 19 19 12 3
10 3 2 5 15 3 9 6 14 14 16 2 9 10 3 13
3 2 14 7 15 11 17 1 16 8 15 1 5 4 3 3
7 1 1 2 0 3 2 0 5 3 7 5 1 3 3 3
9 11 9 10 11 5 11 6 10 9 6 11 15 4 1 14
8 2 25 23 13 3 14 14 4 24 5 14 23 7 5 24
3 2 8 17 16 8 13 16 9 18 3 4 11 15 15 10
6 0 4 4 2 1 5 0 0 2 6 4 5 4 6 6
3 2 3 4 1 9 1 1 5 8 4 8 8 6 1 3
26 13 8 10 23 16 11 6 24 14 19 6 20 11 15 14
7 12 11 5 14 0 13 3 6 6 1 12 13 0 13 7
16 7 20 28 12 21 10 30 2 6 1 12 25 9 12 15
9 14 13 4 11 6 11 22 7 18 15 20 19 3 19 5
1 1 2 1 0 2 1 1 2 1 0 1 0 1 0 1
15 4 4 10 11 16 15 11 3 9 14 6 8 2 3 18
2 17 4 8 16 2 11 3 24 12 10 8 18 9 2 0
14 8 9 2 2 0 12 6 13 2 8 10 8 8 11 5
16 5 19 24 9 23 17 18 11 19 0 12 22 21 25 10
28 7 18 26 30 29 18 1 5 22 8 26 0 1 19 14
18 12 17 8 2 9 12 22 12 19 11 0 1 13 17 13
1 0 0 0 0 1 0 0 0 0 1 2 1 0 0 0
26 6 14 8 19 4 11 22 19 17 9 24 22 1 1 26
12 20 10 11 17 17 14 8 10 8 9 16 5 10 14 12
4 4 2 6 1 1 1 3 8 3 1 4 7 5 8 8
2 8 7 0 8 4 7 6 2 0 0 2 0 4 4 3
12 6 20 10 3 13 17 24 3 24 16 6 10 15 24 23
5 14 0 25 19 2 10 8 7 27 24 16 23 13 18 3
7 3 4 4 1 5 12 10 2 8 4 2 7 6 11 8
9 12 13 11 10 14 8 5 10 5 1 8 11 10 8 7
9 20 9 10 23 14 6 27 8 1 8 24 10 4 28 4
6 6 6 8 6 1 0 2 0 7 8 4 4 8 1 3
8 0 3 0 3 10 2 0 1 10 6 2 9 7 0 10
4 7 2 9 9 8 2 4 11 2 11 6 11 0 11 10
7 14 14 13 25 10 5 26 4 17 7 25 12 19 12 20
10 18 28 12 13 24 8 5 14 6 26 0 22 23 18 23
26 5 2 7 28 24 2 20 26 14 24 3 27 3 23 15
20 1 25 28 0 1 18 20 9 3 1 8 26 0 9 7
4 13 7 24 16 6 8 12 25 26 15 13 10 22 20 24
0 9 5 4 4 4 2 7 0 10 5 0 0 10 0 9
2 4 1 1 2 3 3 4 2 2 3 1 0 1 3 1
0 25 9 13 7 6 0 8 15 24 7 21 20 0 3 15
0 0 2 1 1 0 0 0 0 1 0 0 1 2 0 2
7 6 8 8 6 8 1 2 2 4 8 4 4 7 0 0
2 1 2 2 0 1 0 1 0 2 0 1 0 0 0 1
8 16 10 8 15 12 3 6 4 11 15 6 5 6 13 5
2 19 16 24 11 24 15 0 14 10 12 1 19 9 18 19
1 0 0 2 2 2 1 4 2 4 3 0 0 0 1 4
0 7 8 8 7 14 8 12 10 17 8 15 18 18 4 16
7 7 3 14 5 18 9 16 0 8 16 12 16 8 16 13
5 11 11 10 22 13 10 5 16 3 19 9 18 11 1 7
2 2 3 3 3 1 2 3 3 3 3 4 1 1 0 1
1 4 5 1 3 6 2 5 4 6 0 5 1 6 4 2
13 15 11 13 22 6 14 9 13 17 0 14 14 0 5 14
28 2 20 1 4 1 16 27 9 3 24 15 1 4 9 2
3 2 1 0 1 3 0 3 2 1 4 4 1 3 1 3
13 12 0 11 10 2 13 6 2 6 2 9 10 15 7 1
1 4 3 3 6 5 3 6 3 6 3 4 5 4 5 3
20 5 23 12 6 4 0 16 10 14 6 0 24 21 14 0
0 3 7 4 2 8 10 5 0 9 6 12 3 11 3 11
23 24 1 21 25 6 5 11 1 20 21 16 9 26 8 8
15 13 5 4 8 7 25 14 3 14 17 19 18 11 13 5
7 3 6 8 9 3 11 6 5 12 2 7 7 12 5 10
3 21 8 0 7 18 8 16 5 22 3 10 0 18 3 0
3 3 3 3 5 5 5 4 3 4 6 1 5 4 3 2
9 13 16 9 13 9 15 3 2 2 4 12 14 1 16 8
3 1 0 1 2 4 3 2 0 3 1 3 3 4 4 2
2 1 1 2 1 2 1 1 2 0 0 1 2 1 1 2
22 0 2 23 12 5 22 23 23 9 22 14 10 2 24 4
6 17 19 21 21 4 7 18 3 19 24 17 18 22 2 3
6 5 2 4 1 7 5 8 6 3 6 6 0 0 1 5
26 15 13 20 2 26 21 25 24 25 20 12 22 9 28 1
1 10 6 6 7 1 1 4 11 0 4 4 5 11 3 8
3 5 2 3 7 4 3 1 4 8 0 4 4 1 3 0
2 27 13 8 9 13 24 2 17 25 6 15 24 12 12 0
7 18 5 3 5 10 1 19 6 26 13 12 9 24 24 6
4 18 6 13 11 17 5 7 12 15 7 12 1 6 11 7
3 2 0 3 1 3 0 4 2 0 3 4 2 3 4 2
5 11 3 2 11 14 15 14 6 3 7 14 3 4 10 4
10 13 9 0 3 11 3 3 10 9 17 3 0 0 20 5
29 4 28 25 18 12 28 11 32 31 14 4 29 18 3 25
10 18 23 23 10 28 12 18 4 6 14 13 15 22 28 20
18 20 22 10 6 18 13 9 2 18 18 14 2 19 6 15
2 15 6 16 14 16 1 14 15 8 10 0 8 14 14 4
6 24 25 4 23 27 27 30 1 7 28 31 10 24 18 28
23 7 2 0 6 24 12 24 21 1 10 14 13 12 14 17
8 4 6 3 4 7 8 2 3 8 3 2 8 7 1 0
0 5 2 2 1 0 5 0 2 5 1 5 4 0 3 6
6 15 20 19 8 18 16 0 5 25 7 6 14 6 15 18
10 5 2 9 0 14 11 2 8 9 13 16 2 1 11 10
25 5 26 25 0 3 22 10 0 13 24 28 10 8 4 24
13 5 19 17 23 14 10 5 4 1 20 18 19 5 20 23
4 5 4 2 1 3 4 6 4 6 3 8 5 1 8 2
19 10 19 7 14 6 20 4 0 4 7 13 8 9 14 0
1 25 11 12 28 10 14 12 20 28 13 24 9 4 28 10
2 1 2 4 4 4 4 0 3 1 2 4 1 0 3 2
19 20 4 17 17 17 14 8 8 19 9 5 12 19 8 2
6 8 9 5 14 8 4 10 13 15 6 13 12 3 9 6
3 5 2 3 8 2 0 4 10 3 4 5 8 7 5 2
5 8 8 0 5 9 1 1 10 8 11 14 14 6 8 6
0 8 12 6 15 12 4 0 14 0 8 8 6 16 0 1
3 1 17 20 12 12 6 12 20 10 10 18 17 21 13 3
6 1 7 4 1 7 7 7 4 12 10 2 3 1 0 10
3 8 4 4 0 3 10 9 1 3 8 9 4 4 5 9
0 3 2 6 2 3 5 8 8 6 1 7 0 7 1 3
2 0 15 6 10 0 7 15 3 7 6 1 8 1 4 5
10 0 9 2 1 4 8 2 2 3 7 6 7 2 7 5
17 6 4 10 5 0 15 5 5 12 4 16 2 12 17 14
22 22 0 10 5 7 10 3 2 4 9 18 21 10 12 0
3 4 4 8 12 0 6 17 15 13 5 12 10 17 22 18
4 6 13 0 14 11 7 4 8 7 1 9 0 2 1 6
13 8 23 5 14 9 3 11 20 25 28 14 20 11 14 14
4 6 5 5 1 2 4 5 3 1 7 0 7 3 6 2
2 7 8 10 1 12 1 10 7 5 9 5 9 9 1 12
9 17 9 29 14 9 16 5 23 3 13 2 8 1 30 7
5 4 6 0 4 8 5 4 4 4 1 0 1 5 1 1
6 7 0 14 9 8 3 0 6 9 16 16 2 4 13 8
3 1 4 0 3 2 3 3 1 2 3 1 3 2 4 2
0 0 1 2 1 0 0 4 6 0 1 1 0 2 4 4
10 6 6 8 6 9 3 8 6 3 4 0 8 2 1 4
6 8 10 28 19 3 21 6 2 4 22 17 6 15 19 15
15 8 5 24 22 19 3 26 9 21 15 4 25 30 24 10
21 0 2 28 24 7 19 4 11 2 30 1 23 7 30 28
17 10 23 30 17 22 7 13 2 1 20 0 21 3 1 0
20 4 8 10 11 2 19 7 4 6 7 13 20 5 17 9
10 15 14 10 13 3 6 1 14 13 17 4 2 8 25 3
1 8 4 11 3 10 1 6 2 4 0 12 9 3 12 2
7 11 15 14 10 20 6 1 10 7 13 17 5 8 16 8
8 1 5 8 18 1 5 5 9 4 11 9 16 16 4 15
4 7 3 1 0 1 3 2 2 7 4 3 3 6 5 2
6 8 2 19 10 18 5 5 5 2 3 4 8 16 20 11
20 28 17 11 28 16 8 5 7 16 4 22 4 25 19 15
13 26 3 23 15 19 16 1 11 10 18 7 3 7 25 9
14 4 14 3 5 2 2 0 2 5 10 13 0 16 15 14
3 18 27 17 16 27 26 17 26 23 4 19 25 1 9 28
9 11 11 22 2 1 1 7 13 11 13 11 19 22 4 12
15 19 6 0 22 8 9 6 19 26 4 9 21 14 4 13
2 1 7 8 3 3 4 5 6 2 8 1 2 7 8 3
9 15 4 7 7 16 11 6 16 15 17 9 2 18 12 17
0 4 2 3 0 0 1 1 0 1 2 2 4 2 1 4
2 26 10 24 9 15 20 8 14 19 8 8 27 28 9 2
4 0 2 0 2 1 0 3 1 1 1 0 1 4 1 4
17 10 8 12 16 11 4 23 0 11 14 12 19 19 19 8
6 3 2 7 1 10 12 1 9 4 1 12 4 1 13 1
1 1 1 0 4 1 0 1 2 4 0 2 3 2 4 2
17 5 3 5 1 4 8 8 4 4 16 4 14 8 5 3
32 8 8 4 9 8 16 18 18 13 24 23 7 15 19 22
0 5 6 2 6 0 2 3 6 4 1 5 6 3 3 4
5 13 29 16 4 22 5 6 24 21 1 8 11 5 25 0
6 12 9 6 1 0 5 7 8 2 4 11 10 6 3 11
7 8 0 5 1 8 12 5 4 2 11 0 7 7 11 2
1 0 2 0 1 0 0 1 1 0 2 1 0 2 1 0
7 1 11 9 5 3 5 13 3 11 6 9 3 5 16 9
23 11 0 1 2 15 14 7 7 22 5 20 6 1 18 16
7 24 2 17 0 2 17 13 3 0 19 11 2 4 7 19
16 9 21 24 20 10 18 5 13 4 3 2 14 5 13 20
27 4 9 21 0 21 30 28 17 15 5 24 18 10 0 17
1 4 4 1 7 5 5 4 5 8 7 2 1 7 0 6
1 2 2 5 4 5 6 2 4 3 3 3 4 0 3 4
26 11 26 16 2 0 30 28 26 19 19 20 28 28 5 9
20 5 23 18 26 24 16 4 9 19 14 1 22 3 16 26
1 14 18 18 2 12 13 17 8 1 3 10 16 12 5 4
24 22 6 22 19 8 12 25 7 7 8 2 9 9 11 16
9 1 3 0 10 1 4 2 6 5 1 3 5 2 10 4
16 10 3 9 15 15 1 6 13 1 10 5 6 6 7 2
0 4 0 3 5 1 3 4 3 0 1 5 0 3 0 6
11 16 16 7 2 15 11 4 13 8 1 1 2 8 3 10
15 5 14 11 17 17 8 2 7 16 7 10 2 10 3 17
25 22 5 3 12 14 26 7 17 25 22 19 3 3 10 22
11 13 14 23 3 10 23 3 9 11 21 3 7 24 16 3
2 9 3 9 13 17 10 9 1 5 13 10 13 14 5 17
17 17 8 5 12 5 9 18 1 0 3 20 13 14 17 14
1 2 0 2 0 1 1 0 2 1 0 0 1 1 1 0
25 2 12 28 2 12 13 17 1 9 9 11 10 27 17 14
0 10 18 9 5 9 19 20 2 18 2 11 1 4 17 14
19 14 21 16 20 22 8 11 0 20 1 28 8 9 6 22
1 5 0 4 1 5 1 5 2 6 6 4 5 5 2 3
10 6 5 1 12 1 5 5 12 9 7 1 12 6 4 9
4 4 1 4 1 1 2 3 2 0 1 3 0 2 1 4
4 3 3 0 0 1 6 2 1 1 2 5 6 5 1 5
0 1 1 0 1 0 0 1 1 1 1 2 2 2 2 0
3 6 0 2 3 10 6 7 3 6 4 1 3 10 4 0
9 4 9 13 6 13 13 6 11 3 7 3 7 11 9 1
11 19 10 20 12 17 17 13 14 15 22 21 24 9 23 0
8 4 6 6 3 1 4 1 6 3 1 3 6 5 1 8
24 12 20 16 28 28 25 15 27 4 9 9 11 10 28 10
1 2 6 0 5 6 4 6 1 3 0 2 6 6 2 1
2 2 1 3 3 2 6 8 7 4 4 7 1 3 5 6
16 0 4 15 3 12 11 0 9 3 4 2 13 11 18 13
2 2 0 2 1 0 2 2 2 0 0 1 0 1 1 2
1 2 4 3 1 1 0 1 1 1 1 4 1 1 0 0
11 9 6 6 9 0 0 7 5 2 7 12 9 1 2 0
8 4 1 1 6 2 7 4 8 6 8 3 2 6 7 2
4 1 7 0 7 3 8 8 7 0 5 7 2 8 7 3
13 11 9 18 16 7 15 10 12 10 0 2 17 21 4 15
3 1 6 1 2 3 3 3 0 1 8 0 1 6 6 4
5 25 4 8 27 24 10 1 11 25 9 25 13 1 25 13
10 10 3 23 8 12 4 21 13 24 10 1 2 17 9 17
13 24 5 6 9 0 9 12 1 13 6 8 20 3 24 13
10 10 4 9 3 9 7 8 1 2 0 4 0 9 2 7
17 5 15 22 20 23 20 6 16 9 1 4 3 1 19 21
6 13 3 9 0 1 4 14 3 2 14 5 8 5 3 2
18 17 4 16 7 10 14 2 10 1 14 16 11 10 4 10
5 0 2 4 6 6 3 1 3 2 4 4 2 6 6 4
4 0 0 3 4 1 4 4 1 3 2 4 1 4 0 3
8 8 8 6 3 7 8 7 8 2 11 3 10 9 8 9
11 13 16 4 14 11 1 0 10 10 0 1 4 6 8 3
1 0 2 2 0 0 0 1 2 0 0 1 0 1 0 0
14 7 8 2 13 1 11 0 0 11 1 6 1 12 5 4
10 20 25 0 16 14 21 12 5 3 4 10 10 19 24 0
11 13 4 0 0 10 10 5 3 10 14 6 3 13 10 2
3 6 5 6 3 2 5 0 1 1 3 0 2 5 3 0
3 1 13 7 3 12 10 9 7 12 13 12 10 13 1 11
13 6 4 8 5 4 9 2 6 6 1 0 1 3 6 5
20 11 17 1 22 12 15 1 13 19 14 7 0 18 20 15
6 8 23 14 17 3 16 3 23 7 2 19 22 7 7 19
3 1 1 4 1 2 5 1 0 5 1 0 0 0 3 5
25 25 3 6 7 11 18 21 7 16 20 25 21 27 7 28
15 20 10 7 2 16 0 23 24 27 6 20 25 8 17 26
18 26 1 11 13 18 6 5 2 9 20 24 22 5 12 26
0 0 1 2 0 1 0 2 0 0 0 1 0 0 2 2
2 0 2 0 0 0 2 1 1 0 2 1 0 1 0 0
14 7 24 2 12 21 6 3 2 17 19 5 5 17 3 1
1 0 1 1 2 2 0 0 1 1 1 1 2 2 1 1
15 0 23 16 1 0 27 20 13 7 26 32 25 31 29 2
1 0 22 16 8 17 16 9 7 7 9 4 10 13 8 13
6 14 4 11 1 11 0 1 13 6 10 7 7 14 11 10
8 2 13 7 16 13 15 11 17 1 2 6 7 7 15 1
3 3 7 2 12 5 9 10 1 2 16 13 5 0 10 3
22 0 26 3 7 25 26 4 4 23 13 22 2 18 26 19
3 5 9 3 4 5 4 6 7 7 1 3 10 1 6 10
16 4 3 7 0 7 7 14 4 16 12 6 11 2 2 3
20 6 10 16 9 13 11 2 24 26 10 19 14 15 26 25
3 5 20 10 13 8 20 19 1 23 5 18 2 7 14 11
7 18 0 7 15 17 6 12 15 15 7 12 20 3 9 7
0 7 17 6 4 5 10 14 8 14 13 5 16 5 18 8
15 15 2 3 17 22 22 23 13 17 7 2 23 4 21 5
6 21 19 13 7 10 24 20 2 13 22 17 25 26 26 6
16 18 1 14 11 10 17 15 2 10 1 16 10 13 17 3
4 3 1 21 22 26 13 20 5 19 11 6 6 16 10 23
1 0 1 0 0 1 1 2 0 0 2 0 2 2 1 2
0 1 2 1 1 2 1 1 1 2 1 0 1 2 0 2
7 2 0 0 2 6 8 9 6 4 3 4 7 1 10 4
8 3 0 2 0 1 1 11 9 1 0 5 10 12 8 2
3 2 3 0 4 4 0 4 1 1 3 2 2 2 4 3
11 9 17 4 6 3 1 18 14 6 6 8 10 11 3 7
2 0 2 1 2 4 2 3 1 0 1 0 2 1 4 4
23 16 0 15 7 15 8 18 15 23 18 11 1 22 13 9
2 5 6 1 2 5 5 2 3 3 2 6 1 0 0 3
3 0 5 4 1 0 4 2 6 1 4 5 2 1 5 3
5 3 11 7 11 10 7 4 8 0 6 11 3 0 1 7
9 7 0 4 0 5 7 4 1 5 7 9 0 10 3 5
8 3 14 17 9 26 14 19 0 3 7 4 7 12 31 3
6 4 3 2 6 3 6 6 1 4 2 2 0 2 6 3
2 9 7 11 14 10 8 6 9 16 14 9 9 6 13 9
18 22 5 8 21 5 17 11 19 14 7 18 15 2 16 2
6 0 6 8 2 7 8 1 1 2 5 8 5 7 2 6
12 6 17 17 2 11 0 11 2 1 14 5 8 18 3 18
1 7 9 9 14 4 1 18 22 25 14 9 23 26 18 5
11 20 19 14 14 12 23 7 12 30 23 27 22 25 13 28
1 1 6 0 5 1 2 4 4 2 0 4 6 1 5 4
18 2 6 15 30 2 13 24 26 5 28 22 26 6 28 16
9 5 12 3 14 15 0 8 3 10 20 9 20 17 20 18
4 5 9 6 2 9 11 1 1 12 0 12 4 5 8 9
2 2 17 17 26 17 10 19 9 28 6 26 7 23 14 7
13 15 1 10 13 15 10 5 16 0 4 6 10 18 8 14
9 7 4 5 4 7 0 9 4 12 12 12 11 0 7 11
4 7 6 2 6 3 2 3 3 0 5 6 1 2 1 8
17 21 10 21 21 0 16 21 20 4 12 14 22 4 1 10
0 8 3 13 8 10 14 0 14 8 12 8 7 4 1 8
5 6 1 5 3 4 5 0 1 4 6 0 1 3 1 5
19 13 24 10 10 30 3 6 21 32 32 3 23 7 18 23
8 1 5 7 1 13 1 0 0 1 6 5 5 10 8 12
13 4 14 15 12 24 8 7 12 8 19 18 8 7 16 2
10 15 7 17 10 7 6 4 17 13 1 6 7 14 14 20
1 18 17 17 2 12 5 4 13 16 22 1 0 5 10 16
11 5 12 7 2 1 2 14 5 13 0 8 11 12 10 4
0 3 25 8 28 19 2 23 8 9 8 10 15 11 14 17
17 9 4 9 16 12 1 14 14 2 4 14 2 2 14 13
7 9 10 5 8 6 16 16 13 0 5 6 5 10 0 9
2 2 1 1 1 1 1 1 2 0 0 1 0 1 0 1
5 14 2 11 10 8 0 15 9 5 3 12 7 2 13 18
3 6 1 6 0 0 5 5 0 6 2 6 2 0 1 2
11 2 1 15 8 15 6 3 7 13 4 15 18 15 5 20
3 1 7 12 9 8 12 10 14 1 6 3 2 16 1 1
1 1 0 1 1 1 2 2 2 1 0 0 2 0 1 1
2 15 0 8 3 3 16 7 7 3 5 3 1 2 15 7
2 0 1 6 6 1 1 3 2 1 1 3 0 4 3 6
3 10 9 4 12 2 1 3 8 0 12 10 7 6 5 12
4 5 5 4 1 5 2 3 1 3 6 1 4 3 0 0
3 22 24 8 17 24 15 0 23 17 0 9 5 17 20 5
4 3 6 1 8 10 10 5 9 8 7 3 3 0 9 0
22 22 4 17 4 7 19 22 8 24 26 20 0 8 22 10
2 2 0 1 1 0 1 2 0 1 1 0 0 2 0 0
11 17 18 6 1 20 14 11 4 8 17 3 17 1 12 10
14 10 18 17 13 11 4 9 8 4 14 0 12 14 1 0
24 25 26 21 0 16 19 25 5 10 8 5 8 25 14 4
15 13 0 17 3 11 18 13 1 10 8 11 13 15 3 17
3 24 12 32 14 32 20 20 20 30 9 18 10 16 21 18
1 2 2 3 2 3 3 0 0 0 4 1 1 4 3 2
0 4 7 2 20 21 8 21 5 5 20 14 21 22 5 10
1 0 2 2 4 1 3 4 0 1 1 0 3 4 2 0
2 1 0 0 0 1 0 2 0 0 0 0 2 0 1 2
8 6 0 7 10 9 2 1 9 6 3 6 4 8 15 15
5 3 14 1 6 13 20 8 17 7 6 14 17 2 9 7
4 17 2 22 1 6 29 12 26 16 17 31 8 31 12 22
4 5 9 7 12 8 1 10 11 6 14 9 9 8 2 7
10 16 22 20 11 14 6 3 12 8 22 0 15 15 2 23
7 14 10 2 0 11 13 14 6 7 14 13 3 3 10 3
11 14 4 0 12 7 12 5 5 4 4 3 12 3 9 11
2 9 4 6 8 10 9 5 5 6 3 10 6 1 2 4
16 14 10 11 8 7 8 8 0 5 13 14 15 3 16 0
3 11 6 1 2 7 14 3 14 3 11 9 14 5 3 10
7 6 2 1 6 0 3 0 1 5 3 5 3 1 9 3
3 19 24 4 4 15 26 3 2 25 12 7 8 15 26 14
12 3 4 7 9 1 2 14 7 13 13 10 10 2 4 4
18 16 0 0 14 22 12 13 24 0 17 21 19 21 1 12
18 5 2 14 14 5 1 11 0 6 7 10 2 6 0 4
0 13 6 9 4 1 5 1 10 8 11 3 5 14 4 14
7 4 17 14 9 18 20 1 14 7 14 20 17 9 6 20
12 13 25 28 6 25 0 22 23 17 10 12 20 13 25 7
14 15 13 9 0 9 15 11 4 9 6 15 10 1 15 3
0 0 4 0 3 2 4 1 2 2 0 0 1 0 2 3
6 5 2 4 6 3 6 0 3 4 4 4 5 0 0 3
4 1 5 6 8 4 4 1 0 0 0 5 0 6 3 4
19 11 17 18 5 11 1 0 11 3 3 2 18 15 13 2
0 18 14 26 20 25 13 1 26 8 6 20 2 21 22 2
25 14 11 5 11 24 2 7 13 9 18 1 19 10 2 24
1 5 3 6 15 12 7 4 1 2 9 3 14 8 5 14
24 26 12 0 27 21 22 8 6 2 3 5 2 21 27 1
7 10 12 11 2 3 7 6 4 9 15 12 0 7 11 11
6 8 9 4 0 9 6 1 9 4 4 8 5 8 4 2
2 1 0 7 5 3 6 3 1 7 9 7 2 3 1 9
1 1 2 2 1 0 1 2 1 0 2 2 2 0 1 1
24 21 4 15 14 26 20 27 24 25 14 22 17 16 2 16
11 14 8 8 10 27 23 11 17 18 28 0 15 7 13 7
14 4 1 11 10 1 12 14 6 6 5 12 4 10 9 0
8 0 2 6 4 3 4 5 2 0 10 0 4 7 10 6
26 10 26 12 30 2 3 10 4 6 15 6 6 17 8 9
13 2 0 13 0 6 11 0 11 4 9 3 8 4 8 10
1 2 1 0 0 2 2 2 2 0 0 1 1 1 0 2
2 4 5 1 4 6 6 5 5 0 3 4 0 6 0 1
26 5 3 27 15 13 29 21 16 9 28 16 27 19 11 7
7 19 20 3 17 10 13 26 15 6 3 12 8 1 16 20
0 13 2 24 1 18 8 22 13 8 5 19 0 10 10 19
3 3 18 17 4 5 19 16 2 4 0 11 23 22 21 17
16 11 11 16 16 1 6 20 22 10 20 3 6 7 4 16
19 2 15 20 10 17 10 14 1 17 11 15 13 6 14 8
2 2 9 18 17 24 9 12 12 27 9 25 0 13 19 21
5 0 1 6 0 0 6 1 5 3 2 5 3 4 4 2
6 21 5 8 14 18 13 10 1 22 19 21 2 8 16 7
14 13 9 1 2 0 8 14 2 11 8 4 9 0 6 3
20 11 19 25 1 13 20 5 6 19 24 8 23 19 27 16
7 4 1 2 5 1 5 5 7 5 5 6 7 6 4 8
1 0 2 2 0 2 0 1 2 2 1 2 0 0 0 0
24 30 14 26 22 7 5 25 26 14 29 17 19 6 15 17
8 4 5 4 3 10 5 3 10 0 0 12 6 12 11 9
0 3 1 1 2 4 1 0 3 2 0 0 2 0 3 4
14 18 1 10 19 8 22 5 24 1 10 9 16 21 12 1
7 9 23 14 15 7 16 23 10 26 4 1 24 11 15 10
3 0 8 12 4 8 14 14 12 3 7 8 6 7 8 14
12 5 13 14 17 11 14 10 10 13 20 1 0 2 8 23
6 4 13 17 1 10 9 0 10 12 13 3 6 1 6 8
20 7 13 20 9 14 2 15 1 9 8 11 3 3 10 16
6 7 2 18 17 16 15 6 7 13 0 0 20 18 20 8
4 4 8 6 1 6 8 5 5 0 2 0 2 1 1 1
13 1 14 23 21 21 10 10 21 17 8 24 20 25 5 4
10 22 0 16 3 8 3 14 9 11 0 22 21 22 21 18
0 2 7 8 9 1 5 1 3 3 10 1 8 6 1 7
0 1 1 0 1 2 1 2 0 1 0 2 2 1 0 1
21 22 28 13 5 30 17 13 27 9 23 8 11 12 22 30
2 1 0 10 12 10 4 7 6 4 5 2 0 3 7 5
0 2 0 1 1 0 2 2 2 2 0 0 1 1 1 1
8 3 11 7 4 7 4 0 1 6 13 10 4 9 14 12
2 3 3 4 3 4 0 2 4 0 4 4 4 1 1 3
11 21 1 10 12 1 30 30 23 28 3 18 3 28 0 27
6 10 10 0 2 3 2 5 0 8 14 10 8 6 1 7
19 9 0 32 31 20 19 22 19 25 8 28 20 12 0 26
7 11 9 4 19 3 20 14 19 3 17 10 5 18 19 12
15 4 6 14 2 5 0 7 7 2 3 3 14 18 12 12
3 20 9 7 12 25 17 1 21 28 32 21 26 26 12 13
4 3 1 2 1 3 0 0 4 4 2 4 4 4 3 2
3 17 6 20 2 13 20 20 16 16 4 2 24 24 10 21
1 2 1 0 2 0 0 1 2 1 2 0 1 0 2 1
7 22 2 20 0 11 14 22 7 3 14 22 22 23 2 11
24 3 6 18 4 26 22 5 9 2 10 4 6 16 2 13
0 7 5 9 0 10 0 0 6 6 7 10 0 1 7 0
22 15 21 11 20 5 16 14 12 14 3 15 10 3 0 15
4 6 1 6 2 1 0 5 4 8 2 1 7 3 2 5
22 20 0 8 26 24 20 7 24 8 6 16 6 28 5 6
16 13 26 29 2 8 30 1 10 16 17 6 5 13 4 21
6 5 8 7 7 8 3 8 0 0 5 4 3 7 4 8
20 10 27 25 8 14 13 1 22 11 8 21 2 5 1 8
2 5 3 2 6 7 8 7 7 5 8 5 6 0 7 4
5 8 6 3 3 8 3 3 0 7 8 4 1 0 8 3
4 4 3 0 1 0 3 5 3 1 1 4 6 7 3 0
4 22 26 17 18 8 11 9 31 24 32 28 17 24 24 6
1 10 6 10 2 2 2 8 10 1 7 1 10 2 1 6
18 12 3 8 20 20 8 1 16 5 13 25 16 26 25 24
13 5 13 7 10 4 2 14 0 2 1 12 1 5 11 12
2 4 8 8 0 10 3 10 9 0 4 5 6 11 7 11
7 16 4 17 18 18 18 3 10 1 0 2 11 5 19 19
4 9 14 0 10 1 11 9 4 1 1 4 9 10 12 7
3 15 19 22 21 12 18 18 15 4 24 9 13 20 13 6
4 10 10 2 0 2 9 1 6 6 3 9 7 2 9 7
24 16 11 8 2 14 25 15 25 23 23 16 23 6 2 14
17 1 28 26 30 25 16 21 5 15 27 11 13 6 27 13
7 12 12 29 17 4 18 19 12 9 6 26 12 15 26 8
12 3 4 19 3 6 16 3 14 15 20 18 19 16 20 16
1 3 2 2 1 1 0 1 2 3 3 4 4 1 1 2
12 14 10 4 0 3 16 15 4 14 11 16 11 12 12 5
2 1 3 3 2 3 5 1 5 4 5 1 3 2 2 6
7 23 6 18 6 9 16 25 3 10 26 20 14 3 7 9
8 20 26 16 14 21 6 13 12 10 1 25 22 19 3 1
4 4 2 0 2 0 3 4 1 0 0 3 4 1 1 3
14 0 9 8 4 12 14 12 14 2 3 0 2 2 11 1
6 1 1 1 2 2 5 4 2 5 2 4 2 3 0 3
4 5 5 3 6 3 2 6 3 0 3 0 9 5 1 8
1 1 2 0 1 1 4 2 3 4 3 2 4 0 0 4
6 8 9 2 0 5 7 9 6 8 4 3 3 8 3 3
13 19 6 7 20 4 0 10 16 6 11 8 1 15 5 12
17 9 18 11 29 21 10 13 17 30 23 9 15 18 16 24
10 4 16 19 14 24 20 10 21 22 2 21 13 1 18 0
0 4 4 3 10 1 5 7 1 4 3 2 10 9 6 11
1 1 8 3 5 2 10 15 3 7 10 12 9 17 15 16
15 10 14 30 9 28 3 9 21 31 29 10 29 6 31 20
1 3 1 6 0 2 1 6 1 0 5 5 2 6 2 3
4 0 3 0 2 1 4 2 4 1 1 4 2 1 0 0
23 3 3 14 2 26 15 4 11 18 8 1 2 16 24 21
7 5 7 21 17 18 21 13 1 10 5 19 1 0 4 20
27 3 26 18 13 7 14 22 22 26 2 23 14 16 28 13
1 12 14 3 4 0 16 5 7 12 9 15 4 6 0 10
1 3 5 14 7 7 17 6 12 14 0 16 1 16 11 14
14 18 15 16 5 17 2 17 10 15 12 3 8 15 10 16
9 2 18 5 3 8 4 15 22 2 5 5 11 11 2 12
13 7 6 0 4 22 16 12 3 17 17 2 4 12 20 8
2 0 2 1 0 1 2 2 0 2 2 0 1 2 1 0
9 11 13 10 1 12 9 5 6 2 4 12 5 4 0 12
6 20 5 14 24 21 22 2 13 16 8 20 21 22 18 20
8 2 4 2 5 1 7 1 6 5 6 3 4 5 3 5
0 5 7 7 7 9 5 0 9 5 6 1 10 3 4 5
4 3 9 6 15 15 4 3 5 2 17 7 13 20 10 15
6 2 3 8 5 5 3 3 8 1 1 6 6 5 2 3
22 27 20 9 19 23 19 14 4 16 10 3 18 7 17 17
0 1 1 2 2 2 1 0 2 2 1 1 0 2 2 0
16 9 14 14 11 16 15 2 14 11 17 10 18 18 17 9
20 4 28 4 24 6 28 21 5 9 18 9 16 12 1 3
1 0 2 2 0 2 1 0 2 0 0 1 2 1 2 0
26 13 8 17 5 24 2 25 22 4 23 21 23 6 2 29
2 0 4 19 2 2 22 5 8 3 22 23 24 3 22 7
21 6 6 15 3 18 8 12 9 20 6 19 1 23 16 11
22 14 19 18 22 10 15 24 3 15 15 12 11 5 21 10
22 5 30 12 26 19 27 3 6 4 24 26 27 5 5 22
2 11 6 3 5 7 10 6 7 12 4 5 10 4 7 7
16 11 3 26 8 30 5 26 20 18 5 3 14 26 9 11
10 8 17 11 10 14 10 19 16 6 1 17 0 20 22 0
1 1 2 1 2 1 1 0 1 0 1 1 0 0 1 0
7 6 12 8 10 9 0 14 6 12 5 12 15 4 10 8
13 30 22 24 12 12 29 21 15 17 30 12 5 0 23 9
11 7 1 7 24 10 1 14 7 6 13 23 12 22 32 4
6 19 8 21 19 26 7 15 8 29 5 13 19 3 18 19
0 2 1 0 0 0 1 1 2 1 0 2 2 2 0 2
8 15 29 20 9 26 1 7 14 6 25 28 29 29 13 7
3 0 1 0 0 0 0 1 1 0 2 4 1 4 4 1
7 4 7 17 4 9 2 4 8 21 12 13 7 12 2 11
5 24 17 23 17 24 0 7 24 21 3 24 7 2 2 22
2 0 1 1 0 1 0 1 2 2 0 2 0 2 1 1
4 0 7 6 12 8 11 18 18 15 15 0 2 14 2 14
22 28 32 8 4 11 25 19 3 22 29 29 29 11 27 23
0 0 0 2 0 2 0 1 1 2 0 1 2 0 1 2
6 2 13 12 1 19 5 3 18 0 9 18 17 10 20 16
9 12 13 4 20 9 19 7 13 8 3 18 0 2 25 15
5 11 4 8 12 3 9 7 10 6 7 11 6 14 5 6
17 1 0 1 2 20 15 13 19 22 5 18 14 9 2 21
16 4 15 7 4 2 19 2 1 2 19 6 3 13 9 9
26 6 9 20 19 2 22 8 14 10 8 14 3 14 13 17
0 8 4 4 2 0 6 0 1 1 5 1 7 5 7 0
13 16 10 8 15 18 0 2 17 5 16 2 5 0 0 10
9 1 8 10 9 3 10 1 9 5 0 2 4 6 7 0
6 5 4 3 6 1 4 2 6 3 6 4 4 6 0 1
1 1 2 2 1 1 1 2 0 6 3 8 2 0 0 5
6 10 5 0 5 10 0 8 4 2 2 0 11 9 0 1
5 7 13 0 11 13 17 6 16 0 15 2 9 18 10 10
8 7 7 3 4 3 1 11 6 7 5 3 0 1 7 5
16 16 21 12 8 4 14 7 1 20 9 7 28 6 20 4
0 2 2 2 2 2 2 2 0 1 0 0 0 1 1 0
22 13 14 10 6 14 7 2 2 2 21 1 10 2 5 21
23 10 6 7 5 11 28 23 27 26 1 18 1 18 15 9
14 5 2 15 8 1 9 22 6 13 8 2 11 17 14 13
8 5 5 5 9 1 4 8 9 6 0 7 5 7 9 10
6 5 11 11 6 8 9 7 11 3 4 6 7 3 5 7
10 13 5 18 15 7 11 16 0 4 6 22 17 12 11 7
5 4 5 0 6 1 5 6 6 6 3 2 0 5 6 1
18 13 18 4 19 13 4 20 20 18 9 10 13 22 16 17
5 10 6 7 6 10 11 1 14 11 13 6 3 1 12 0
2 0 2 2 2 1 1 0 2 2 2 1 0 0 0 0
10 15 1 1 17 8 10 6 9 16 17 1 1 8 0 15
0 9 16 18 24 16 9 6 9 18 28 0 19 21 27 8
1 0 1 1 1 2 1 1 1 0 2 0 1 1 1 2
3 4 3 2 0 1 4 2 1 3 2 3 4 0 1 1
10 6 11 14 5 5 14 13 4 13 7 14 7 2 8 0
8 2 20 24 12 8 22 11 9 18 3 15 12 24 17 19
6 5 7 4 0 5 2 4 6 7 6 8 8 4 4 4
0 14 1 9 14 21 3 16 22 10 20 18 4 1 3 16
8 10 14 1 13 8 12 8 5 4 4 5 7 3 9 3
7 14 0 12 4 2 5 28 27 26 28 14 0 4 12 22
8 4 3 15 7 3 5 16 2 3 15 15 7 7 14 1
1 2 1 0 2 0 2 2 2 2 1 0 2 0 2 2
13 20 4 4 18 8 18 12 2 17 14 12 0 16 22 7
22 25 31 1 25 10 32 19 11 5 5 24 30 2 23 9
0 1 2 1 0 0 1 0 0 2 2 0 2 1 0 0
10 3 16 11 9 7 10 15 9 14 16 9 20 0 0 12
16 11 5 10 0 8 10 22 3 16 13 7 11 12 13 10
7 6 14 12 13 12 14 7 2 14 3 14 13 6 0 1
0 1 1 2 2 0 0 1 2 1 0 1 1 2 1 1
19 6 1 18 2 15 12 20 20 17 6 13 20 7 6 14
30 31 4 25 3 6 7 19 20 30 11 30 27 15 22 22
19 21 2 22 10 18 7 21 14 11 15 20 16 0 21 6
19 1 19 5 0 18 9 13 3 10 11 7 12 13 22 9
1 1 1 2 1 0 0 2 0 0 2 0 2 0 1 0
4 1 2 4 5 3 2 6 0 4 2 6 0 0 6 3
3 2 2 0 1 3 3 0 3 5 4 4 1 1 4 1
1 5 6 1 5 3 3 5 6 0 3 3 4 1 4 0
2 12 0 9 1 19 22 0 22 11 15 21 5 0 15 21
16 4 26 22 10 0 23 26 18 1 2 21 11 17 14 16
5 9 30 9 18 20 21 4 20 5 8 26 24 3 20 29
2 5 5 0 1 3 4 8 2 6 6 6 7 0 2 1
8 6 13 0 24 8 23 15 17 15 16 5 13 29 4 11
11 4 8 0 1 5 9 9 12 12 7 7 2 3 13 12
5 5 7 9 10 5 3 10 10 1 2 10 1 1 2 9
12 14 6 2 26 8 0 21 30 17 21 27 3 7 21 24
6 5 1 6 10 8 1 7 3 2 0 4 7 10 4 7
2 0 1 1 1 0 0 0 0 4 0 1 1 0 2 3
29 24 6 13 7 14 29 27 29 25 29 14 21 16 32 18
9 19 0 20 3 12 17 7 11 8 8 15 12 11 7 6
7 4 1 0 8 0 8 8 6 8 0 0 6 8 3 3
22 7 15 5 0 25 30 11 29 32 13 22 25 18 30 0
5 7 13 17 26 19 24 22 1 25 14 25 17 13 6 10
4 9 10 2 6 8 5 4 5 4 2 15 12 2 5 3
1 13 13 13 2 6 9 16 2 18 21 12 8 18 3 21
12 3 12 5 1 7 6 6 14 10 3 18 4 8 13 9
1 0 0 1 1 3 1 3 3 3 0 1 1 1 2 1
6 15 2 16 18 6 12 13 6 3 13 4 0 16 0 18
7 5 1 4 2 7 0 4 1 2 5 1 8 8 3 1
9 10 4 5 3 11 11 6 0 1 4 3 12 4 2 4
0 2 1 4 4 2 4 0 4 2 3 1 2 2 0 3
8 2 11 11 7 0 8 3 11 6 11 7 10 8 5 9
10 0 3 3 9 2 9 10 2 3 9 3 9 7 2 0
5 30 6 24 15 10 20 18 13 3 7 14 5 31 15 17
3 11 10 3 3 1 0 6 3 1 3 6 9 6 8 7
0 0 0 0 1 0 1 2 1 1 1 2 2 1 1 0
9 13 14 0 11 16 0 11 10 10 2 7 13 6 10 10
18 12 16 8 7 14 17 0 2 0 15 13 13 13 3 11
18 9 11 16 0 11 6 21 13 14 10 26 26 17 0 24
8 27 4 20 11 1 9 17 9 7 1 14 25 11 27 17
10 19 20 22 25 3 7 8 28 1 16 4 12 7 28 6
3 26 5 16 15 24 5 2 20 12 18 10 21 4 21 5
10 9 5 18 8 8 8 0 3 10 14 2 2 12 2 17
8 6 1 2 5 3 3 8 5 3 0 8 2 5 4 2
1 0 0 1 4 3 3 3 1 2 1 3 4 1 4 3
4 5 13 6 22 18 0 24 14 7 1 18 14 13 6 0
18 1 25 4 28 25 18 26 22 26 26 28 19 28 20 10
18 19 9 10 11 5 23 11 14 2 17 13 14 27 12 1
1 7 6 9 5 15 11 4 1 6 11 1 2 10 14 6
13 0 13 14 2 6 8 14 8 4 11 12 1 4 10 2
8 9 8 4 10 8 6 3 6 1 1 6 2 5 0 7
9 11 5 7 4 17 5 13 14 4 0 15 6 7 13 1
25 12 19 11 23 17 5 2 25 24 24 0 10 1 20 23
13 7 16 14 3 15 13 13 9 9 3 0 16 7 14 11
0 2 4 3 6 2 2 2 6 10 1 2 12 3 3 3
1 13 17 5 12 17 16 18 0 6 20 2 2 14 4 15
19 3 6 17 19 1 19 3 8 4 24 18 5 14 20 19
23 19 15 23 13 7 0 17 21 16 15 10 15 16 22 21
9 17 2 4 8 9 14 2 4 7 7 5 0 8 13 18
11 19 23 21 6 0 18 9 15 10 16 23 7 3 16 2
3 3 19 24 1 18 3 25 10 21 25 23 5 25 21 14
19 13 16 4 10 17 9 10 14 15 9 20 20 6 2 12
20 14 8 1 16 24 1 0 20 28 24 11 17 18 10 15
0 3 0 0 3 1 2 0 3 3 4 2 2 0 0 0
2 1 2 2 0 2 2 2 0 2 2 0 0 0 2 1
3 3 1 9 5 4 9 0 2 1 2 0 1 2 8 8
17 8 6 24 15 23 25 24 18 25 14 22 10 17 5 14
1 2 1 2 0 1 1 2 2 2 2 0 2 0 2 1
9 5 16 5 17 6 15 2 10 6 10 17 6 11 7 0
8 7 6 2 0 1 5 7 2 5 0 1 2 4 6 4
1 9 20 1 18 21 9 16 21 10 22 22 9 1 4 3
0 5 6 1 2 0 0 3 3 2 2 0 4 1 5 3
25 12 3 8 26 23 20 5 8 4 24 3 22 20 8 26
6 1 4 8 4 2 5 0 3 5 0 9 2 10 2 5
26 26 22 11 9 18 19 20 21 15 15 13 15 6 0 26
0 11 1 0 5 12 6 7 14 9 9 5 14 5 8 13
15 5 27 7 12 12 9 9 20 6 22 27 7 26 16 26
8 7 17 17 11 11 2 4 0 2 2 7 6 13 3 8
10 9 4 1 9 7 4 9 5 0 7 9 3 8 2 11
1 1 4 4 0 4 2 2 2 4 2 3 0 0 3 3
5 10 0 7 6 15 1 7 3 9 2 14 8 12 7 9
4 18 6 5 18 26 12 24 6 10 15 13 13 24 0 28
16 30 17 27 29 20 22 19 13 15 15 6 24 4 6 28
8 8 12 2 5 4 8 1 0 12 10 15 5 5 11 7
1 2 5 5 0 3 6 1 5 5 3 3 4 3 2 0
17 28 11 14 20 10 13 3 20 11 24 1 1 12 11 14
8 4 4 0 4 12 6 5 4 13 9 6 9 8 0 9
5 4 2 2 3 5 0 3 3 4 4 1 6 4 3 2
29 6 15 29 17 15 20 2 28 0 28 10 3 8 10 22
3 4 0 3 0 2 2 4 0 1 1 3 3 0 4 0
3 4 7 4 5 1 1 8 0 5 4 1 3 0 8 6
19 15 20 13 2 17 5 12 18 7 1 1 2 15 5 4
3 10 14 9 3 1 2 6 13 7 8 14 10 11 14 5
8 11 4 7 0 20 24 10 1 18 1 15 4 18 12 11
4 9 4 10 14 7 7 8 19 13 16 9 15 20 5 16
19 11 15 18 15 3 24 27 21 25 29 5 18 24 0 9
1 4 0 3 0 1 4 0 4 0 3 1 4 4 4 2
10 0 6 14 1 4 8 10 1 12 14 2 9 2 10 15
0 8 6 16 13 13 3 4 7 14 12 11 12 8 3 13
4 22 6 9 21 18 5 5 19 7 7 6 18 24 7 13
10 15 11 11 3 8 9 14 4 1 9 12 6 9 8 12
25 7 23 32 22 19 23 2 17 6 28 13 10 24 24 6
1 2 1 0 2 0 1 1 0 1 1 0 1 0 1 1
2 4 2 1 2 2 4 2 3 3 2 1 4 2 4 2
5 2 1 4 4 4 4 0 4 4 2 3 5 8 3 4
18 25 17 11 24 21 7 3 15 1 15 18 9 4 26 5
6 5 1 1 10 9 1 6 1 7 9 3 4 4 10 9
5 3 5 11 5 3 11 3 10 5 12 12 3 10 8 12
2 13 18 28 25 6 2 25 24 18 4 25 16 3 8 23
20 13 17 12 21 10 0 7 6 16 6 5 16 18 1 11
10 5 3 8 14 0 10 0 25 3 7 14 30 16 23 10
0 2 2 0 1 2 2 2 0 1 0 0 0 0 0 1
5 2 5 6 6 7 0 1 7 6 8 2 3 6 8 5
19 12 15 6 23 28 6 8 26 11 13 10 3 14 25 2
6 1 13 13 7 2 6 11 1 14 0 8 1 12 13 13
12 19 22 15 5 15 13 14 20 2 22 16 7 20 9 17
4 7 12 5 0 5 13 14 12 17 12 0 10 12 10 12
0 1 0 2 2 0 1 1 0 0 2 1 0 0 1 1
9 3 10 2 4 11 9 7 3 8 3 7 10 1 4 8
3 5 16 6 5 10 3 7 17 6 15 7 17 13 4 17
6 14 6 10 13 7 7 9 20 1 4 12 10 18 19 1
2 1 2 4 0 2 0 1 0 0 3 0 4 3 2 0
12 0 11 5 5 6 11 12 2 0 7 0 12 4 4 4
1 7 14 0 12 13 11 8 4 14 10 3 16 2 0 11
1 20 4 17 10 2 19 10 19 1 18 19 17 10 14 1
6 6 4 7 22 0 3 22 3 12 17 2 9 9 4 22
13 10 3 4 10 5 2 0 16 16 4 15 4 5 5 8
11 8 6 1 16 6 7 6 0 2 2 0 7 3 12 3
11 11 0 3 1 11 5 7 7 1 9 3 12 10 3 3
0 0 1 2 1 2 2 1 0 0 1 0 2 2 1 1
1 3 2 4 1 0 5 3 3 4 5 2 6 0 4 0
5 11 1 15 14 7 0 7 16 11 7 14 16 0 3 14
15 4 14 6 20 12 2 6 20 16 13 10 5 10 1 9
4 4 1 3 4 2 6 5 3 1 3 3 1 3 6 6
1 8 9 7 12 15 16 12 3 10 16 7 2 0 16 5
3 12 0 12 2 7 7 0 4 6 4 1 0 12 10 9
0 4 5 5 3 4 1 1 4 1 6 6 5 0 2 3
0 21 22 5 18 8 12 17 8 3 12 18 20 3 19 24
8 12 3 1 10 1 3 5 8 11 9 6 11 0 8 8
2 2 1 2 2 4 0 1 1 2 3 1 1 0 2 1
1 3 4 3 4 1 2 3 0 1 2 4 3 0 3 2
22 18 5 5 5 17 5 6 18 6 5 2 20 20 11 3
3 3 12 8 11 7 13 2 2 9 5 8 0 16 13 0
14 12 12 14 19 20 14 22 10 22 8 17 14 13 3 13
2 0 0 1 0 1 1 0 1 1 1 2 0 1 2 2
6 5 15 15 7 7 7 17 5 16 2 12 7 4 12 13
5 7 1 1 10 0 4 0 4 10 10 10 9 6 3 3
22 19 6 15 21 1 8 17 18 2 15 18 4 12 7 4
5 2 0 0 0 1 6 2 5 10 3 7 0 0 8 0
11 15 12 23 9 18 2 6 1 8 17 14 26 5 17 9
7 10 13 4 8 10 1 3 12 14 14 10 0 3 4 13
3 0 13 2 22 8 24 12 7 19 16 2 18 10 9 21
2 0 1 0 1 2 2 0 1 0 1 1 2 1 1 0
25 2 25 11 11 17 17 18 11 14 8 15 10 9 22 7
0 9 13 11 9 4 11 7 9 9 16 12 15 15 3 15
12 1 1 20 5 20 19 3 22 11 2 0 9 15 5 1
1 16 16 15 16 5 6 18 9 16 6 0 0 5 14 4
0 0 6 5 12 0 9 2 5 9 4 10 3 8 2 3
5 8 7 6 1 7 2 0 5 6 1 4 3 4 6 2
2 8 2 6 3 6 1 0 7 3 1 7 3 8 7 0
11 5 0 5 8 2 11 3 3 8 3 2 5 1 7 2
28 19 28 4 27 9 6 14 15 10 16 12 9 14 10 12
0 7 10 20 4 13 13 0 20 2 20 3 5 17 5 15
2 1 4 0 3 0 3 3 0 4 4 2 3 0 3 2
16 16 1 4 4 15 4 9 14 4 11 11 8 7 4 13
1 3 0 7 5 4 2 7 1 4 3 5 2 6 3 8
2 1 1 2 3 2 4 0 1 3 0 0 4 0 1 3
2 6 10 6 11 1 6 13 9 18 13 16 7 8 11 11
1 2 1 2 1 0 1 2 1 2 0 0 2 1 1 2
5 17 15 7 18 24 22 21 14 6 12 9 22 16 11 7
0 1 11 5 10 11 1 1 12 8 0 8 4 6 0 0
5 18 15 1 6 10 4 2 14 2 11 4 15 17 6 9
2 1 0 1 2 2 0 0 2 2 1 0 2 2 1 1
0 7 12 1 14 23 14 0 16 22 16 4 9 2 22 2
1 3 5 1 0 1 5 7 1 2 0 0 3 3 7 2
15 5 19 2 13 12 6 13 4 0 10 7 1 12 7 0
10 9 5 7 17 16 2 10 8 1 1 8 5 15 23 7
5 16 13 10 10 0 1 3 4 12 3 4 14 8 1 11
17 17 11 4 10 10 0 17 6 4 13 2 12 11 7 2
0 13 11 11 0 12 3 1 14 12 1 4 7 4 5 8
10 11 1 4 4 12 9 13 5 12 18 11 8 10 0 5
2 0 1 4 1 2 0 2 4 0 4 1 3 1 4 4
2 1 2 2 0 0 1 0 2 0 2 2 1 1 2 2
7 5 0 4 2 2 5 6 7 0 2 8 4 1 0 0
11 9 0 7 6 10 11 4 0 11 11 6 4 12 10 3
4 2 0 0 3 2 0 3 0 2 3 4 2 4 4 1
7 12 6 4 4 4 7 0 8 8 4 10 8 3 11 3
4 20 7 11 10 18 16 20 0 7 13 3 14 17 16 13
5 8 8 2 7 0 4 2 1 7 5 6 5 5 5 2
13 2 27 22 18 9 10 29 12 28 12 6 32 4 0 19
1 0 1 2 2 2 2 2 2 1 0 2 2 0 1 0
10 18 12 19 22 21 13 22 8 8 9 20 22 18 19 21
8 3 1 3 17 18 11 5 4 9 7 4 15 4 18 17
24 11 26 26 19 8 11 10 12 15 14 24 6 21 16 3
16 10 10 6 1 7 0 6 13 19 4 4 11 19 13 9
15 11 7 2 19 13 16 14 9 17 22 16 19 20 20 21
22 2 1 16 10 8 5 1 15 21 7 0 0 22 15 6
20 0 3 14 6 18 1 1 20 20 14 1 16 5 8 7
7 4 6 6 0 1 6 8 1 6 0 7 0 5 9 2
4 5 2 5 1 4 3 4 6 6 6 2 6 2 4 2
2 1 2 2 1 4 0 4 3 2 4 0 1 3 0 0
13 3 4 9 15 3 1 3 9 17 3 6 6 13 6 2
1 1 2 1 1 0 1 1 0 1 2 2 2 1 2 2
14 14 0 14 6 2 1 2 1 4 4 10 13 1 3 13
2 1 2 2 1 1 1 2 1 1 0 1 2 1 2 1
8 11 2 12 8 15 13 16 3 2 5 0 12 5 14 4
24 3 30 7 16 9 5 15 30 20 8 9 10 18 13 3
21 19 6 0 16 12 30 27 29 6 8 3 17 18 29 31
1 3 6 2 2 6 1 2 2 0 0 0 6 3 2 3
3 2 0 15 11 11 14 11 15 6 0 11 0 15 3 15
9 6 13 0 10 9 5 0 9 13 13 13 14 1 11 9
8 15 5 8 7 15 5 11 11 3 10 14 3 7 15 14
8 0 11 13 6 7 8 13 12 4 5 3 12 0 8 4
6 6 4 4 4 0 11 9 2 3 11 9 11 6 0 10
4 7 4 7 6 4 5 0 4 8 7 0 2 3 7 6
13 3 5 10 25 3 5 28 8 27 3 8 14 21 4 15
0 2 17 1 1 0 9 7 9 5 8 17 9 14 1 12
15 12 1 11 27 20 8 12 15 22 23 1 10 3 29 22
4 0 8 7 5 5 12 9 9 1 7 1 9 10 0 9
4 18 3 18 10 8 18 13 17 13 13 7 4 7 9 7
1 3 3 4 0 1 1 0 4 0 3 3 0 4 2 1
0 15 6 0 15 12 7 12 4 12 2 8 8 12 0 9
9 4 4 8 6 6 7 9 1 6 2 3 2 6 4 5
7 0 4 11 8 0 2 13 10 8 7 10 3 4 8 8
10 10 7 6 4 8 14 11 12 7 10 3 1 1 12 3
8 0 2 2 0 2 6 2 5 0 5 5 8 7 8 7
1 0 0 3 3 0 3 3 2 4 4 1 3 1 2 3
8 8 1 12 8 9 11 12 0 0 4 1 9 11 2 11
5 6 14 1 12 13 3 3 10 0 1 14 0 9 2 13
10 6 11 21 2 18 21 5 14 17 24 2 24 14 7 9
6 5 2 6 8 0 0 0 2 7 8 5 8 4 6 8
1 5 28 27 11 24 15 6 21 14 18 25 5 17 26 9
6 8 15 6 6 14 15 10 16 1 12 7 0 13 6 13
7 6 10 6 0 9 3 7 1 6 2 12 5 2 12 8
13 1 1 1 2 9 9 11 9 3 5 4 11 11 9 13
15 9 7 13 4 6 28 25 27 25 4 0 24 8 5 5
6 0 5 9 8 7 4 0 12 4 10 1 10 6 2 10
16 11 22 0 24 23 23 0 11 1 19 23 9 12 7 24
2 23 19 19 26 23 30 24 28 27 14 10 30 6 32 4
19 20 0 25 4 2 18 9 25 29 5 32 25 20 16 6
12 9 6 18 6 17 13 13 2 2 17 7 3 7 12 4
1 4 1 3 2 3 0 0 3 2 4 2 3 3 4 3
0 6 23 12 29 1 8 8 11 17 14 9 12 26 7 6
3 1 2 8 3 2 6 6 0 6 4 2 8 3 4 5
0 9 4 6 25 13 24 6 23 3 13 10 23 19 0 28
11 5 11 12 1 13 8 12 14 3 11 13 16 8 15 16
2 2 6 8 7 8 3 1 10 3 9 9 1 3 2 0
13 19 15 21 21 9 1 8 16 4 3 22 12 4 5 3
2 1 0 3 11 14 7 11 3 13 4 8 13 0 5 3
16 6 7 0 8 25 4 7 24 10 28 26 16 17 2 0
6 5 4 2 4 6 5 5 4 1 3 6 4 5 5 3
2 30 29 24 4 0 13 22 7 14 1 7 12 11 20 23
2 4 12 4 1 3 4 16 13 11 6 10 13 11 12 9
13 24 3 19 18 24 24 4 4 3 20 14 2 32 23 19
10 1 1 17 8 17 18 15 4 5 7 7 13 4 17 13
16 1 6 15 3 6 3 10 15 19 9 22 20 22 2 3
10 9 6 9 5 9 9 5 5 7 10 9 1 3 3 5
0 2 3 2 2 6 3 6 0 1 0 4 2 2 8 0
8 8 4 7 0 12 9 3 12 4 2 5 7 4 7 4
0 1 1 0 1 2 0 2 1 1 2 0 1 1 2 0
3 4 1 3 2 0 1 4 1 4 4 4 1 3 4 4
32 27 7 6 32 20 11 15 3 17 14 13 23 6 31 5
0 7 1 8 7 4 0 2 19 7 5 0 9 8 13 5
0 2 0 2 0 0 0 2 0 2 0 0 1 1 2 2
16 3 22 5 22 21 3 1 3 25 10 20 14 17 12 21
0 8 22 9 16 23 22 24 24 18 9 17 17 12 14 25
8 10 4 24 18 8 0 18 3 20 8 15 14 2 17 0
13 16 15 16 1 13 12 15 11 11 0 16 0 13 1 13
7 4 3 8 9 1 6 12 8 6 5 3 6 11 2 1
5 7 1 2 5 8 11 3 2 0 1 1 12 10 2 3
0 0 5 4 1 0 5 2 2 8 4 2 7 6 3 8
3 9 14 9 7 9 13 5 1 9 7 10 12 14 14 14
15 0 5 17 5 4 8 12 8 7 11 11 0 14 13 12
4 0 2 4 3 2 2 2 1 4 0 2 4 2 3 0
2 6 2 4 0 0 0 0 0 1 4 2 1 5 5 2
0 7 19 20 16 12 0 2 9 1 6 10 23 7 0 23
2 6 2 2 10 3 9 7 11 1 6 2 6 11 8 5
12 2 7 19 16 25 2 24 5 7 13 16 10 3 23 17
6 5 4 3 7 1 6 10 3 0 1 1 10 0 4 6
3 0 13 14 13 9 0 14 0 8 5 13 6 12 8 8
0 0 1 1 1 1 1 0 1 0 1 1 2 2 0 2
2 5 8 3 6 5 1 1 7 0 5 3 4 1 8 8
17 13 24 27 10 25 6 25 9 0 18 8 21 16 6 19
5 17 11 9 9 7 1 5 12 2 10 4 15 9 4 6
9 0 6 24 10 22 9 8 19 8 15 1 11 21 1 13
22 27 28 18 11 26 29 24 24 27 23 15 11 17 1 5
30 16 9 11 30 1 10 16 24 4 12 24 24 23 20 19
16 12 5 12 9 10 2 0 10 3 8 11 16 9 11 9
24 0 0 0 15 8 5 21 11 3 17 10 8 13 10 23
15 15 1 4 20 7 5 7 16 2 22 19 20 21 5 13
2 29 26 26 29 22 7 15 11 8 3 20 19 30 5 29
6 5 12 9 4 13 13 2 7 12 12 4 13 8 3 6
5 19 19 7 2 17 18 19 13 8 13 9 4 13 0 4
0 22 5 13 2 8 9 17 4 12 20 22 0 9 11 18
19 18 7 26 25 4 3 11 19 28 16 6 19 19 17 27
12 11 4 6 10 1 2 12 2 10 3 11 13 10 11 3
9 6 3 12 5 11 3 5 4 0 5 6 8 12 1 2
1 1 1 1 1 2 2 0 0 0 0 1 0 1 0 0
16 30 22 16 26 20 1 29 24 4 26 6 0 26 20 6
13 19 30 11 1 22 21 20 17 18 19 0 19 16 18 11
0 2 1 1 1 1 2 0 1 2 2 2 2 2 0 0
1 1 0 0 1 2 0 1 0 0 1 1 1 0 0 0
8 18 18 15 9 17 5 23 6 21 9 6 5 17 10 12
3 2 3 4 4 3 4 3 1 1 4 1 4 3 4 3
0 0 0 0 0 2 1 0 2 1 1 1 0 2 0 1
22 22 0 4 7 3 19 5 5 18 7 0 2 0 1 13
13 0 3 21 1 18 19 10 12 4 11 6 20 6 9 15
21 18 4 6 18 4 15 11 26 8 20 19 31 2 17 16
4 8 6 3 3 1 7 9 8 5 4 13 14 16 11 15
8 9 11 9 12 9 6 16 3 9 10 12 8 7 0 6
12 18 26 6 18 11 22 24 10 6 1 6 27 0 17 20
0 1 1 0 0 0 0 0 1 1 0 0 0 0 2 0
4 6 23 22 2 13 23 25 10 8 16 15 26 1 20 20
2 6 8 3 0 2 3 7 8 0 4 2 3 1 1 1
7 7 0 5 4 4 5 5 7 4 7 6 6 3 1 4
1 4 1 19 19 15 3 13 4 14 4 16 19 0 9 3
8 7 9 5 5 6 8 4 6 4 4 10 3 9 3 3
4 4 5 1 4 8 4 10 3 9 2 5 4 8 10 4
17 15 4 26 8 19 25 27 18 14 4 6 20 29 26 26
12 7 12 0 16 15 16 2 15 16 6 3 0 7 11 5
19 8 10 6 5 13 7 18 18 5 2 6 3 17 19 9
7 13 12 10 15 2 1 15 1 12 15 13 5 13 0 17
11 9 20 1 21 3 16 4 2 25 7 25 5 24 21 20
15 26 26 24 6 26 18 7 5 19 15 14 16 2 27 15
1 20 4 24 6 28 10 13 2 13 15 9 0 13 25 24
12 27 17 20 27 18 2 13 23 13 16 16 8 14 8 22
0 3 2 8 7 7 1 8 7 0 3 4 7 4 0 5
1 0 2 2 0 1 2 1 0 1 1 1 0 1 0 1
3 2 8 12 13 0 7 1 8 5 10 1 2 2 15 6
25 21 18 11 20 17 5 6 13 20 14 23 13 26 13 17
8 8 16 0 19 20 3 6 18 12 3 9 4 0 14 13
10 7 5 6 16 15 15 15 9 4 9 8 2 16 0 7
21 23 11 7 15 1 28 6 23 6 6 0 2 26 3 3
2 1 2 1 0 2 2 1 2 1 1 1 0 0 1 1
16 16 15 20 20 1 13 9 10 10 16 15 6 11 15 16
2 5 0 7 15 0 9 13 12 11 18 4 7 19 4 3
8 10 21 30 8 22 1 4 9 11 23 8 3 24 24 3
6 9 1 12 1 7 12 10 2 1 6 8 8 5 1 11
29 17 1 19 25 18 8 27 32 26 14 10 12 11 23 5
27 24 0 29 6 8 1 24 13 32 31 21 23 2 22 20
26 28 10 24 12 17 5 0 17 15 12 26 6 26 5 11
1 4 2 3 4 3 1 2 4 2 1 3 3 4 1 3
20 13 16 6 11 6 8 0 12 10 0 9 7 10 3 0
2 8 6 4 2 4 2 4 3 6 5 2 0 7 5 4
12 9 14 7 11 14 7 4 6 11 3 8 1 14 13 14
7 0 0 5 4 7 4 10 3 5 5 6 4 1 6 4
10 1 17 21 17 17 3 3 8 21 15 14 26 21 4 6
