6 6 9 9 10 8 9 10
14 14 10 14 9 10 15 10
12 19 12 12 16 12 16 15
8 10 9 10 10 11 10 8
2 1 2 1 2 1 2 2
6 7 5 7 8 6 8 5
20 17 17 18 15 19 19 12
6 7 7 8 8 5 6 8
4 4 4 3 4 5 4 5
8 11 10 9 13 11 12 13
14 9 9 13 9 9 11 13
7 7 8 5 6 5 7 6
2 2 2 3 3 3 2 3
14 12 11 13 16 18 17 12
8 11 12 7 9 11 8 12
14 16 18 15 14 14 13 15
3 2 2 2 3 3 3 2
5 4 4 3 4 3 4 3
3 4 4 4 4 4 4 3
2 1 2 1 2 1 1 2
13 11 17 15 18 11 13 14
7 6 8 9 6 7 8 6
7 6 7 9 9 7 7 6
2 1 2 1 1 1 2 2
6 5 5 6 6 8 6 8
1 2 2 2 2 2 1 2
10 7 8 6 8 6 7 7
5 6 7 6 7 5 4 7
15 15 14 16 17 18 12 15
9 11 12 10 12 13 13 14
7 9 6 8 6 10 7 7
15 14 15 14 15 9 14 12
11 12 16 18 13 16 18 16
5 6 5 6 6 4 6 6
3 3 4 5 3 5 5 3
7 9 10 12 8 7 9 7
15 11 15 15 18 13 15 11
5 8 7 6 7 6 5 5
5 7 7 6 7 7 5 4
7 7 7 6 7 8 10 7
17 16 18 14 15 19 18 12
17 15 16 19 13 14 17 18
14 15 11 12 11 10 11 10
16 13 17 19 13 14 13 16
8 12 10 10 8 8 10 7
8 7 6 8 7 8 7 6
9 12 11 11 12 12 10 12
11 11 10 14 11 14 10 10
3 5 4 4 5 4 5 5
4 4 4 3 4 4 4 3
