1 2 1
1 3 1
1 4 1
1 5 1
2 6 1
2 7 1
2 8 1
2 9 1
3 10 1
3 11 1
3 12 1
3 13 1
4 14 1
4 15 1
4 16 1
4 17 1
5 18 1
5 19 1
5 20 1
6 21 1
7 22 1
8 22 1
9 23 1
10 23 1
11 24 1
12 25 1
13 26 1
14 27 1
15 28 1
16 29 1
17 30 1
18 30 1
19 31 1
20 32 1
21 33 1
21 34 1
22 35 1
23 36 1
24 37 1
24 38 1
25 39 1
26 40 1
27 41 1
28 42 1
29 43 1
30 44 1
31 45 1
32 46 1
33 47 1
34 48 1
35 49 1
36 50 1
37 51 1
38 52 1
39 53 1
40 54 1
41 55 1
42 56 1
43 57 1
44 58 1
45 59 1
46 60 1
47 61 1
48 62 1
49 63 1
50 64 1
51 64 1
52 65 1
53 66 1
54 67 1
55 68 1
56 69 1
57 70 1
58 70 1
59 71 1
60 71 1
61 72 1
62 73 1
63 74 1
63 75 1
64 76 1
64 77 1
65 78 1
65 79 1
66 80 1
67 81 1
67 82 1
68 83 1
69 84 1
70 85 1
70 86 1
71 87 1
72 88 1
72 89 1
73 90 1
74 91 1
75 92 1
75 93 1
76 94 1
77 95 1
78 96 1
79 97 1
80 98 1
81 99 1
82 100 1
83 101 1
84 102 1
85 103 1
86 104 1
86 105 1
87 106 1
88 107 1
89 108 1
90 108 1
91 109 1
92 110 1
93 110 1
94 110 1
95 111 1
96 112 1
97 113 1
98 114 1
99 115 1
100 116 1
101 117 1
102 117 1
103 118 1
104 118 1
105 119 1
106 119 1
107 120 1
108 120 1
109 121 1
110 122 1
111 123 1
112 124 1
113 124 1
114 125 1
115 126 1
116 127 1
117 128 1
118 129 1
119 130 1
120 131 1
121 132 1
122 133 1
123 134 1
124 135 1
125 136 1
125 137 1
126 138 1
126 139 1
127 140 1
127 141 1
128 142 1
129 143 1
130 144 1
130 145 1
131 146 1
132 147 1
133 148 1
134 149 1
135 150 1
136 150 1
137 151 1
138 152 1
139 153 1
140 154 1
141 154 1
142 155 1
143 156 1
144 157 1
145 158 1
146 159 1
147 160 1
147 161 1
148 162 1
149 163 1
149 164 1
150 165 1
150 166 1
151 167 1
152 168 1
152 169 1
153 170 1
154 171 1
155 172 1
156 173 1
157 174 1
158 175 1
159 176 1
160 177 1
161 178 1
162 179 1
163 180 1
164 181 1
165 182 1
166 183 1
167 183 1
168 184 1
169 185 1
170 186 1
171 187 1
172 188 1
173 189 1
174 190 1
175 191 1
176 192 1
177 193 1
178 194 1
179 195 1
180 196 1
181 197 1
182 198 1
183 198 1
184 199 1
185 200 1
186 201 1
187 202 1
188 203 1
189 204 1
190 204 1
191 204 1
192 205 1
193 206 1
194 207 1
195 208 1
196 209 1
197 210 1
198 211 1
199 212 1
200 213 1
201 214 1
202 215 1
203 216 1
204 217 1
205 218 1
206 219 1
207 220 1
208 221 1
209 221 1
210 222 1
211 222 1
212 223 1
213 224 1
214 225 1
215 226 1
216 227 1
217 228 1
218 229 1
218 230 1
219 231 1
219 232 1
220 233 1
221 234 1
222 235 1
222 236 1
223 237 1
223 238 1
224 239 1
225 240 1
226 241 1
226 242 1
227 243 1
228 244 1
229 245 1
230 246 1
231 247 1
232 247 1
233 248 1
234 249 1
235 250 1
236 251 1
237 251 1
238 252 1
239 253 1
240 253 1
241 254 1
242 254 1
243 255 1
244 255 1
245 256 1
246 257 1
247 258 1
248 259 1
249 260 1
250 261 1
251 262 1
252 263 1
253 264 1
254 265 1
254 266 1
254 267 1
255 268 1
256 269 1
257 270 1
257 271 1
258 272 1
258 273 1
259 274 1
260 275 1
261 276 1
262 277 1
263 278 1
263 279 1
264 280 1
265 281 1
266 282 1
266 283 1
267 284 1
268 285 1
269 286 1
270 287 1
271 287 1
272 288 1
273 289 1
274 290 1
275 291 1
276 292 1
277 293 1
278 294 1
279 295 1
280 296 1
281 297 1
282 298 1
283 299 1
284 300 1
285 301 1
286 302 1
287 303 1
288 303 1
289 304 1
290 305 1
291 306 1
292 307 1
293 307 1
294 308 1
295 309 1
296 310 1
297 311 1
298 312 1
299 313 1
300 314 1
301 315 1
302 316 1
303 317 1
304 318 1
305 319 1
306 320 1
307 321 1
308 322 1
309 323 1
310 324 1
311 325 1
312 326 1
313 327 1
314 328 1
315 329 1
316 330 1
316 331 1
317 332 1
318 333 1
318 334 1
319 335 1
319 336 1
319 337 1
320 338 1
321 339 1
322 340 1
322 341 1
323 342 1
324 343 1
324 344 1
325 345 1
326 346 1
327 347 1
327 348 1
327 349 1
327 350 1
328 351 1
328 352 1
328 353 1
329 354 1
329 355 1
329 356 1
330 357 1
331 357 1
332 357 1
333 358 1
334 359 1
335 360 1
336 360 1
337 361 1
338 362 1
339 362 1
340 363 1
341 364 1
342 364 1
343 364 1
344 364 1
345 365 1
346 366 1
347 367 1
348 367 1
349 368 1
350 368 1
351 368 1
352 368 1
353 369 1
354 370 1
355 370 1
356 370 1
357 371 1
358 372 1
359 373 1
360 374 1
361 375 1
361 376 1
362 377 1
362 378 1
363 379 1
363 380 1
364 381 1
365 382 1
366 383 1
367 384 1
368 385 1
368 386 1
369 387 1
370 388 1
371 389 1
372 390 1
373 391 1
374 392 1
375 393 1
376 394 1
377 394 1
378 395 1
379 396 1
380 397 1
381 398 1
382 399 1
383 399 1
384 400 1
385 401 1
386 401 1
387 402 1
388 403 1
389 404 1
390 405 1
390 406 1
391 407 1
392 408 1
393 409 1
393 410 1
394 411 1
395 412 1
396 413 1
397 414 1
398 415 1
399 416 1
400 417 1
400 418 1
401 419 1
402 420 1
403 421 1
404 422 1
405 423 1
406 423 1
407 424 1
408 424 1
409 425 1
410 425 1
411 426 1
412 426 1
413 427 1
414 427 1
415 428 1
416 429 1
417 430 1
418 430 1
419 431 1
420 432 1
421 432 1
422 433 1
423 434 1
423 435 1
424 436 1
424 437 1
425 438 1
425 439 1
426 440 1
427 441 1
427 442 1
427 443 1
428 444 1
428 445 1
429 446 1
429 447 1
429 448 1
430 449 1
431 450 1
431 451 1
432 452 1
432 453 1
433 454 1
434 455 1
435 455 1
436 455 1
437 455 1
438 456 1
439 456 1
440 456 1
441 457 1
442 458 1
443 459 1
444 460 1
445 460 1
446 461 1
447 462 1
448 462 1
449 462 1
450 463 1
451 463 1
452 464 1
453 465 1
454 466 1
454 467 1
455 468 1
455 469 1
456 470 1
457 471 1
458 472 1
458 473 1
458 474 1
458 475 1
459 476 1
459 477 1
460 478 1
460 479 1
460 480 1
461 481 1
462 482 1
463 483 1
464 484 1
464 485 1
464 486 1
464 487 1
465 488 1
465 489 1
466 490 1
467 491 1
468 492 1
469 492 1
470 493 1
471 494 1
472 495 1
473 496 1
474 496 1
475 497 1
476 497 1
477 498 1
478 498 1
479 499 1
480 499 1
481 500 1
482 501 1
483 502 1
484 503 1
485 504 1
486 504 1
487 505 1
488 505 1
489 506 1
490 507 1
491 508 1
492 509 1
493 510 1
494 511 1
495 512 1
496 513 1
497 514 1
498 515 1
499 516 1
500 517 1
501 518 1
502 519 1
503 520 1
504 521 1
505 522 1
506 523 1
507 524 1
508 524 1
509 525 1
510 526 1
511 527 1
512 528 1
513 529 1
514 530 1
515 531 1
516 532 1
517 532 1
518 533 1
519 534 1
520 534 1
521 535 1
522 535 1
523 536 1
524 537 1
525 538 1
526 539 1
527 540 1
528 540 1
529 541 1
530 541 1
531 542 1
532 543 1
533 544 1
534 545 1
535 546 1
536 547 1
537 548 1
537 549 1
538 550 1
539 551 1
539 552 1
540 553 1
541 554 1
541 555 1
542 556 1
542 557 1
543 558 1
544 559 1
545 560 1
546 561 1
547 562 1
547 563 1
548 564 1
549 565 1
550 565 1
551 566 1
552 567 1
553 568 1
554 569 1
555 569 1
556 569 1
557 570 1
558 571 1
559 572 1
560 573 1
561 573 1
562 573 1
563 574 1
564 575 1
565 576 1
566 577 1
567 578 1
568 579 1
569 580 1
570 581 1
571 582 1
572 583 1
572 584 1
573 585 1
574 586 1
574 587 1
575 588 1
576 589 1
577 590 1
578 591 1
579 592 1
580 593 1
581 594 1
582 595 1
583 596 1
584 597 1
585 598 1
586 599 1
587 600 1
588 601 1
589 602 1
590 603 1
591 604 1
592 605 1
593 606 1
594 607 1
595 608 1
596 609 1
597 610 1
598 611 1
599 612 1
600 613 1
601 614 1
602 615 1
603 616 1
604 617 1
605 618 1
606 619 1
607 620 1
608 621 1
609 622 1
609 623 1
609 624 1
609 625 1
610 626 1
611 627 1
612 628 1
613 629 1
614 630 1
614 631 1
615 632 1
616 633 1
616 634 1
617 635 1
618 636 1
619 637 1
620 638 1
621 639 1
622 640 1
623 641 1
624 642 1
624 643 1
625 644 1
626 645 1
627 646 1
628 647 1
629 648 1
630 649 1
631 650 1
632 650 1
633 651 1
634 652 1
635 652 1
636 653 1
637 654 1
638 654 1
639 655 1
640 655 1
641 655 1
642 655 1
643 655 1
644 655 1
645 656 1
646 656 1
647 656 1
648 656 1
649 657 1
649 658 1
650 659 1
650 660 1
651 661 1
651 662 1
652 663 1
652 664 1
653 665 1
654 666 1
654 667 1
654 668 1
655 669 1
655 670 1
656 671 1
656 672 1
656 673 1
657 674 1
658 674 1
659 675 1
660 676 1
661 676 1
662 677 1
663 678 1
664 679 1
665 680 1
666 680 1
667 680 1
668 681 1
669 682 1
670 683 1
671 684 1
672 685 1
673 686 1
674 687 1
675 688 1
676 689 1
677 690 1
678 691 1
679 692 1
680 693 1
681 694 1
682 695 1
683 696 1
684 697 1
685 698 1
686 699 1
687 700 1
688 700 1
689 700 1
690 700 1
691 700 1
692 700 1
693 700 1
694 700 1
695 700 1
696 700 1
697 700 1
698 700 1
699 700 1
