3 3 5 4
5 4 3 4
7 8 8 6
8 7 10 8
6 8 6 6
7 4 6 4
1 1 2 1
8 13 12 9
2 2 2 2
4 4 4 3
5 7 5 5
4 3 4 5
5 4 5 5
8 11 10 12
5 5 6 6
3 2 3 3
8 8 5 6
6 9 7 7
11 11 13 9
2 3 3 3
4 3 3 3
4 4 3 3
10 8 8 8
5 5 5 3
3 3 3 3
8 8 9 7
11 10 7 10
11 11 13 8
10 6 9 8
5 5 8 5
4 4 4 5
8 7 8 7
9 9 6 7
13 11 13 9
11 8 11 10
3 4 3 3
1 2 1 2
9 8 7 11
9 10 7 10
12 13 9 9
7 6 6 5
7 8 9 10
3 2 3 3
10 12 8 13
8 7 6 7
11 12 9 8
7 8 9 8
8 6 5 7
6 5 6 7
6 9 8 8
6 5 7 8
3 3 3 3
6 8 7 5
4 3 4 4
9 9 11 13
8 7 5 8
8 7 9 7
5 6 5 7
4 7 4 4
4 4 5 3
5 8 7 5
6 9 8 10
8 8 6 6
3 4 4 5
6 4 5 5
4 3 3 3
1 2 2 1
6 6 7 4
8 8 8 9
7 5 7 4
10 12 12 13
9 9 9 6
3 5 3 3
6 8 6 8
6 8 8 7
10 8 9 10
2 2 3 3
12 7 9 8
11 10 7 11
6 7 6 5
6 7 8 5
7 5 5 7
6 7 6 8
2 3 2 2
4 3 3 4
8 9 6 7
12 7 7 9
7 5 5 6
2 3 2 2
8 8 7 9
5 5 6 7
6 9 7 6
3 2 2 3
8 9 12 10
5 5 8 8
4 5 3 3
2 3 2 2
2 1 2 2
2 2 1 1
3 4 3 3
3 4 4 3
11 8 9 12
11 8 9 8
6 8 10 7
7 4 7 7
7 5 7 6
6 8 7 8
7 5 5 5
12 10 12 10
2 2 2 2
3 3 3 2
1 2 2 1
3 3 3 4
12 8 11 9
5 7 7 7
4 6 5 7
9 7 9 7
1 2 1 2
9 9 8 9
4 4 3 3
11 8 10 9
6 7 6 7
1 1 2 2
2 2 3 3
11 12 9 11
12 13 10 11
8 6 7 9
9 9 10 12
3 4 4 4
4 3 4 4
5 4 5 4
9 6 8 7
7 7 5 8
3 3 3 2
7 5 5 8
4 6 4 7
9 8 7 9
8 9 6 7
2 3 3 2
2 3 2 2
2 2 3 3
1 1 2 1
3 2 2 3
11 8 9 11
2 2 2 2
7 10 9 10
7 7 7 7
2 2 2 3
4 3 3 4
9 7 8 10
8 5 6 8
7 11 8 8
3 3 3 3
3 4 4 4
1 1 1 1
2 1 1 1
6 7 6 5
2 2 3 3
11 8 10 9
4 4 4 3
8 8 7 7
3 4 3 3
4 4 4 4
13 12 10 9
3 2 3 2
2 2 2 2
9 7 8 7
8 7 10 9
5 7 4 4
3 2 3 3
3 3 2 3
1 2 2 1
1 2 1 2
4 5 6 4
2 2 3 2
7 7 9 7
13 8 12 12
10 11 7 11
11 12 9 13
7 7 9 6
2 3 3 3
10 11 8 11
6 6 7 9
2 2 1 2
7 8 6 7
5 3 5 4
6 6 8 9
10 7 7 9
6 7 9 8
6 7 7 8
8 5 8 6
7 6 7 7
7 6 7 8
5 4 5 5
10 6 8 8
7 10 9 12
5 7 7 7
3 4 3 4
13 8 11 8
8 8 5 5
