1 2 1
1 3 1
1 4 1
2 5 1
2 6 1
2 7 1
3 8 1
3 9 1
3 10 1
4 11 1
5 12 1
6 13 1
7 13 1
8 14 1
9 15 1
10 15 1
11 15 1
12 16 1
13 17 1
13 18 1
13 19 1
14 20 1
15 21 1
16 22 1
17 23 1
18 24 1
19 25 1
20 26 1
21 27 1
22 28 1
23 28 1
24 29 1
25 30 1
26 31 1
27 31 1
28 32 1
28 33 1
28 34 1
29 35 1
29 36 1
29 37 1
30 38 1
30 39 1
30 40 1
31 41 1
31 42 1
32 43 1
33 44 1
34 45 1
35 46 1
36 47 1
37 48 1
38 49 1
39 50 1
40 51 1
41 52 1
41 53 1
42 54 1
43 55 1
44 55 1
45 55 1
46 56 1
47 56 1
48 57 1
49 57 1
50 58 1
51 59 1
52 60 1
53 60 1
54 61 1
55 62 1
56 63 1
57 64 1
58 65 1
59 66 1
60 67 1
61 68 1
62 69 1
62 70 1
62 71 1
63 72 1
64 73 1
65 74 1
66 75 1
66 76 1
67 77 1
68 78 1
68 79 1
68 80 1
69 81 1
70 81 1
71 82 1
72 83 1
73 84 1
74 85 1
75 86 1
76 87 1
77 88 1
78 89 1
79 89 1
80 90 1
81 91 1
82 91 1
83 92 1
84 92 1
85 93 1
86 93 1
87 94 1
88 95 1
89 95 1
90 95 1
91 96 1
92 96 1
93 97 1
94 98 1
95 99 1
96 100 1
97 100 1
98 100 1
99 100 1
