1 2 1
1 3 4
1 4 5
1 5 1
2 6 3
3 7 1
3 8 4
3 9 1
3 10 3
4 11 5
4 12 3
4 13 3
5 14 3
5 15 4
5 16 3
5 17 5
6 18 1
7 19 5
8 20 3
9 21 1
10 22 1
10 23 5
11 24 4
12 25 4
13 26 1
13 27 1
14 28 3
15 29 2
15 30 4
16 31 4
17 32 4
18 33 4
19 34 5
19 35 3
20 36 1
21 37 2
22 38 1
23 39 3
24 40 5
25 41 2
26 42 2
27 43 5
28 44 1
29 45 1
30 46 5
31 47 3
32 48 1
33 49 4
34 50 3
35 51 1
36 52 2
37 53 3
38 54 1
39 55 1
40 56 1
41 57 5
42 58 3
43 59 4
44 60 2
45 61 3
46 61 4
47 62 2
48 63 4
49 64 3
50 65 3
51 66 1
52 67 2
52 68 5
53 69 1
53 70 2
54 71 2
55 72 4
56 73 4
57 74 4
57 75 2
58 76 4
59 77 4
60 78 2
61 79 3
62 80 1
62 81 4
63 82 2
63 83 4
64 84 2
65 85 2
66 85 4
67 85 2
68 86 2
69 86 1
70 87 4
71 88 1
72 89 2
73 89 2
74 90 5
75 91 1
76 92 3
77 92 3
78 92 5
79 93 5
80 93 2
81 93 1
82 93 3
83 93 5
84 94 1
84 95 3
85 96 1
86 97 4
87 98 4
88 99 3
89 100 1
89 101 3
90 102 4
90 103 3
90 104 2
91 105 1
92 106 2
92 107 2
92 108 3
93 109 3
94 110 3
95 110 3
96 110 5
97 111 3
98 112 5
99 112 4
100 113 4
101 114 1
102 114 1
103 115 3
104 115 2
105 116 1
106 116 3
107 117 2
108 118 5
109 118 5
110 119 2
111 120 5
111 121 1
112 122 2
113 123 4
113 124 4
114 125 3
115 126 3
116 127 2
116 128 4
117 129 1
118 130 4
118 131 4
119 132 3
120 133 4
121 134 3
122 135 3
123 136 3
123 137 2
124 138 4
125 139 5
126 140 1
127 141 4
128 142 2
129 143 2
130 144 3
131 145 1
132 146 4
132 147 5
133 148 3
134 149 1
135 150 2
135 151 4
136 152 3
136 153 3
137 154 4
137 155 5
138 156 2
138 157 5
138 158 2
139 159 4
139 160 5
140 161 1
141 162 4
141 163 3
142 164 1
142 165 2
143 166 4
144 167 4
145 168 1
146 169 3
147 170 1
148 171 4
149 172 3
150 173 5
151 174 5
152 174 3
153 175 5
154 176 4
155 177 5
156 177 3
157 178 2
158 179 3
159 180 2
160 180 1
161 181 3
162 182 5
163 183 5
164 184 5
165 184 5
166 184 1
167 185 2
168 185 3
169 186 4
169 187 2
170 188 2
171 189 1
172 190 1
172 191 1
172 192 2
173 193 3
173 194 3
173 195 5
174 196 1
174 197 5
175 198 3
175 199 5
176 200 2
177 201 3
178 202 3
178 203 2
179 204 2
179 205 1
179 206 2
180 207 3
181 208 4
181 209 2
182 210 3
182 211 3
183 212 4
183 213 1
183 214 5
184 215 2
184 216 4
184 217 4
185 218 4
186 219 1
187 219 1
188 220 5
189 220 3
190 220 5
191 221 4
192 221 1
193 221 4
194 222 5
195 223 4
196 223 3
197 223 2
198 224 5
199 224 4
200 225 3
201 225 3
202 225 1
203 226 3
204 226 4
205 227 2
206 227 2
207 228 1
208 228 2
209 228 2
210 228 5
211 229 4
212 229 4
213 229 5
214 229 4
215 230 1
216 231 5
217 231 3
218 231 1
219 232 1
220 233 4
221 233 5
222 234 4
223 235 1
224 236 5
225 237 5
226 238 4
227 239 1
228 240 2
229 241 3
230 242 2
231 243 4
232 244 5
233 245 2
234 246 1
235 247 5
235 248 1
236 249 1
237 250 5
238 251 3
239 252 5
239 253 5
239 254 1
240 255 4
241 256 3
242 257 4
243 258 3
244 259 3
245 260 4
245 261 1
246 262 5
246 263 2
247 264 3
248 265 4
248 266 4
249 267 3
250 268 2
250 269 5
250 270 2
251 271 1
252 272 3
252 273 3
253 274 4
254 275 2
255 276 5
256 277 1
256 278 3
257 279 5
258 280 4
259 281 5
260 281 1
261 281 3
262 282 2
263 282 3
264 282 5
265 283 1
266 283 2
267 284 1
268 284 2
269 284 2
270 285 1
271 286 1
272 286 2
273 286 4
274 286 4
275 286 3
276 287 1
277 288 3
278 288 2
279 289 3
280 289 2
281 290 1
281 291 3
281 292 3
282 293 2
283 294 3
284 295 2
285 296 5
285 297 4
285 298 5
285 299 1
286 300 1
286 301 5
287 302 3
288 303 2
288 304 1
288 305 3
289 306 3
289 307 5
290 308 2
291 308 4
292 309 2
293 310 3
294 311 2
295 312 1
296 312 3
297 313 4
298 314 5
299 314 2
300 315 4
301 316 3
302 317 5
303 318 3
304 319 5
305 319 3
306 320 3
307 320 1
308 321 3
308 322 2
309 323 2
310 324 3
311 325 2
312 326 5
313 327 1
314 328 4
314 329 3
315 330 2
316 331 4
317 332 1
318 333 5
319 334 4
320 335 2
321 336 1
322 337 2
323 338 2
324 339 5
325 340 1
326 341 5
327 342 2
328 343 1
329 344 5
330 344 2
331 345 4
332 346 3
333 347 4
334 348 5
335 349 3
336 350 1
337 351 4
338 352 2
339 353 4
340 354 2
341 355 2
342 356 1
343 357 4
344 358 3
345 359 3
346 360 3
347 361 1
348 362 2
349 363 3
350 364 4
351 365 1
352 366 1
353 367 1
354 367 4
355 368 5
356 368 5
357 369 5
358 370 5
359 371 5
360 372 5
361 372 2
362 373 2
363 373 4
364 374 5
364 375 5
365 376 4
366 377 5
367 378 3
367 379 5
368 380 4
368 381 1
368 382 5
369 383 4
370 384 1
371 385 1
372 386 4
372 387 2
373 388 4
374 389 4
375 389 5
376 390 2
377 391 2
378 392 3
379 393 3
380 394 3
381 394 5
382 395 1
383 395 4
384 396 2
385 397 5
386 397 5
387 398 2
388 399 1
389 400 2
390 400 4
391 400 4
392 400 3
393 400 4
394 400 1
395 400 3
396 400 2
397 400 5
398 400 5
399 400 5
