1 2 4
1 3 4
1 4 7
2 5 3
2 6 4
3 7 1
3 8 2
4 9 3
4 10 1
4 11 4
5 12 6
5 13 3
6 14 5
6 15 1
7 16 5
7 17 1
7 18 4
8 19 1
8 20 3
9 21 4
10 22 1
10 23 1
11 24 1
11 25 6
11 26 6
12 27 3
13 28 4
14 28 4
15 29 1
16 29 3
17 29 1
18 30 2
19 31 7
20 32 2
21 33 5
22 34 1
23 34 2
24 35 7
25 36 3
26 37 3
27 38 5
28 39 5
28 40 7
29 41 2
29 42 1
29 43 3
30 44 4
30 45 5
31 46 6
32 47 3
32 48 3
33 49 7
34 50 1
35 51 2
36 52 5
36 53 7
37 54 7
38 55 4
39 56 6
40 57 4
41 58 2
42 59 5
43 59 4
44 60 4
45 61 2
46 62 3
47 62 3
48 63 2
49 63 1
50 64 2
51 64 5
52 65 5
53 66 2
54 67 4
55 68 1
56 69 1
57 70 2
58 71 7
59 72 6
60 73 6
61 74 6
62 75 3
63 76 7
64 77 7
65 78 7
66 79 1
67 80 4
68 81 6
69 82 1
70 83 6
71 84 7
72 85 4
73 86 5
74 87 2
75 88 4
76 89 6
76 90 3
77 91 2
78 92 5
79 93 2
80 94 3
81 95 6
82 96 4
83 97 5
84 98 6
85 99 2
86 100 5
87 100 5
88 101 4
89 102 1
90 103 2
91 104 1
92 104 6
93 105 1
94 105 2
95 106 3
96 107 4
97 107 5
98 108 4
99 109 5
100 110 1
101 110 7
102 110 4
103 111 1
104 112 1
105 113 3
106 114 4
106 115 1
107 116 7
107 117 3
107 118 2
108 119 2
108 120 3
109 121 3
110 122 4
110 123 4
111 124 2
111 125 7
112 126 5
112 127 4
113 128 5
113 129 5
114 130 7
115 131 3
116 131 1
117 132 7
118 132 2
119 133 3
120 134 5
121 135 1
122 135 2
123 136 4
124 137 1
125 138 6
126 139 3
127 139 7
128 140 6
129 140 5
130 141 2
131 142 1
132 142 7
133 143 6
134 143 5
135 143 6
136 144 2
137 144 6
138 145 7
139 146 3
140 147 4
141 148 7
141 149 3
141 150 1
142 151 6
142 152 3
143 153 1
143 154 1
144 155 3
145 156 6
145 157 1
145 158 3
146 159 6
146 160 3
146 161 3
147 162 4
147 163 6
147 164 4
148 165 6
148 166 2
149 167 3
149 168 2
150 169 3
150 170 3
151 171 5
151 172 2
151 173 6
152 174 5
152 175 7
153 176 7
153 177 2
154 178 4
155 179 1
155 180 2
155 181 1
156 182 5
157 183 5
157 184 4
157 185 2
158 186 2
158 187 2
159 188 6
160 189 7
161 190 5
161 191 7
161 192 6
162 193 6
162 194 6
162 195 5
163 196 4
164 197 5
165 198 6
166 198 2
167 198 7
168 199 6
169 199 3
170 200 5
171 200 7
172 200 5
173 200 1
174 201 3
175 201 3
176 202 5
177 202 4
178 202 2
179 202 4
180 202 4
181 203 1
182 203 5
183 203 7
184 203 6
185 204 6
186 204 6
187 205 3
188 205 2
189 205 2
190 205 4
191 206 6
192 206 4
193 206 1
194 207 2
195 207 5
196 207 4
197 207 5
198 208 6
199 208 4
200 209 4
201 210 6
202 211 6
203 211 2
204 212 7
205 212 7
206 213 3
207 214 3
208 215 6
209 216 6
210 217 5
210 218 7
211 219 7
211 220 4
212 221 3
213 222 4
213 223 7
213 224 1
214 225 1
215 226 5
216 227 7
217 228 5
218 229 1
219 230 2
220 230 4
221 231 5
222 232 5
223 233 4
224 234 3
225 235 6
226 236 2
227 237 6
228 238 6
229 239 6
230 240 2
231 241 4
232 242 2
233 243 4
234 244 2
235 245 2
236 246 6
237 247 2
238 248 1
238 249 7
239 250 2
240 251 3
240 252 2
241 253 4
241 254 6
241 255 1
242 256 4
243 257 6
244 258 3
245 259 2
246 260 1
247 261 1
248 262 6
249 263 1
250 264 6
251 265 7
252 266 7
253 267 6
254 268 7
254 269 4
255 270 1
256 271 4
257 272 6
258 273 1
259 274 7
260 275 3
261 276 3
262 276 2
263 277 5
264 278 3
265 278 1
266 278 6
267 279 5
268 280 3
269 280 4
270 281 7
271 282 5
272 283 3
273 284 2
274 285 1
275 286 1
276 287 7
276 288 2
277 289 7
277 290 1
278 291 1
279 292 3
280 293 5
280 294 3
280 295 7
281 296 7
282 297 7
283 298 5
284 299 2
285 300 2
285 301 3
286 302 6
287 303 3
288 303 4
289 304 5
290 305 6
291 306 2
292 306 4
293 307 6
294 308 1
295 308 4
296 309 1
297 309 2
298 309 7
299 310 4
300 310 1
301 310 6
302 311 4
303 312 1
303 313 5
303 314 6
304 315 2
305 316 5
306 317 1
307 318 2
308 319 5
308 320 6
309 321 3
310 322 1
311 323 3
312 324 7
313 325 5
314 326 4
315 327 4
316 328 1
317 329 4
318 330 4
319 331 6
320 332 4
321 333 7
322 334 5
323 335 3
324 336 1
325 337 3
326 338 3
327 339 2
328 339 1
329 340 5
330 341 7
331 342 4
332 343 7
333 344 6
334 345 6
335 346 5
335 347 1
336 348 3
337 349 7
338 350 5
339 351 4
340 352 1
341 353 4
341 354 2
342 355 7
342 356 4
342 357 4
343 358 2
344 359 3
344 360 2
345 361 5
345 362 3
346 363 3
347 363 6
348 363 7
349 363 7
350 364 1
351 364 6
352 364 3
353 364 3
354 365 4
355 365 7
356 365 3
357 366 2
358 367 7
359 367 5
360 367 7
361 367 5
362 367 3
363 368 6
363 369 5
363 370 2
364 371 6
364 372 5
364 373 5
365 374 3
365 375 6
365 376 6
366 377 4
366 378 1
366 379 3
367 380 5
367 381 1
367 382 3
368 383 7
368 384 3
369 385 3
370 386 4
371 387 5
372 388 3
373 389 3
374 390 1
375 391 1
376 392 4
377 393 1
378 394 1
379 395 7
380 396 1
381 397 4
382 398 5
382 399 4
383 400 1
384 400 6
385 400 3
386 400 6
387 400 5
388 400 3
389 400 6
390 400 7
391 400 6
392 400 6
393 400 7
394 400 5
395 400 5
396 400 4
397 400 6
398 400 6
399 400 2
