3 2 3 2 2 2 1 1 3 2 2 3 2 3 2 1
20 11 17 7 21 21 13 13 13 9 18 19 18 12 8 13
2 1 3 3 2 1 2 2 2 2 1 3 1 1 1 2
10 8 10 10 8 21 10 14 13 15 8 21 14 13 21 18
16 11 12 12 12 10 12 12 17 16 16 12 13 13 16 15
5 10 6 10 10 12 12 8 7 9 5 8 13 13 11 8
2 3 3 3 3 3 3 3 2 1 3 1 1 2 1 1
13 6 12 10 6 14 11 15 14 11 14 9 13 15 8 11
23 15 11 18 18 10 13 20 19 8 17 12 13 21 13 18
9 19 12 17 13 21 20 10 23 11 15 23 8 20 16 12
4 3 4 4 5 4 5 3 4 4 2 4 4 3 5 4
19 13 9 8 9 19 10 15 14 16 19 8 15 20 19 11
3 1 3 2 2 2 2 2 1 1 2 3 2 1 2 2
1 1 1 1 2 1 1 2 1 1 1 1 1 1 2 2
10 9 8 19 17 8 17 14 7 14 8 8 18 14 15 14
5 4 3 4 5 8 4 5 6 4 7 4 7 6 3 3
15 11 17 17 9 7 14 10 9 8 14 9 10 13 7 10
11 21 11 10 18 21 10 14 18 12 18 23 11 19 11 12
10 5 14 11 14 10 8 13 10 13 6 12 12 13 12 13
8 4 9 5 4 9 6 5 8 10 10 6 9 5 6 6
5 6 8 6 6 3 6 3 7 7 5 3 4 5 8 7
9 8 13 9 21 10 19 11 12 14 19 11 17 16 16 16
4 7 7 10 9 11 7 5 5 9 12 6 7 10 9 10
2 1 2 2 1 1 1 1 2 2 2 2 2 1 2 2
5 9 5 13 12 6 13 8 5 6 9 9 14 7 8 11
13 7 9 16 10 18 16 14 14 6 14 12 14 11 7 17
2 1 1 1 1 1 2 3 1 3 1 1 1 1 3 2
5 8 8 9 12 12 12 8 11 8 5 11 12 9 9 4
1 1 1 1 1 2 2 1 2 2 2 2 2 2 2 1
3 7 7 4 4 8 3 7 3 3 5 6 3 5 6 3
14 21 15 19 8 17 15 7 16 12 14 10 13 21 11 17
14 12 8 9 11 8 13 11 13 12 8 9 14 12 5 10
2 3 5 4 5 2 3 3 3 4 5 2 3 4 4 5
7 6 8 9 7 12 10 14 14 14 9 12 13 6 5 10
2 1 1 1 1 2 2 1 2 3 1 2 1 2 1 3
1 2 2 2 1 3 3 2 3 2 1 1 1 1 3 3
17 10 12 24 16 13 10 17 20 10 12 19 8 13 22 11
4 9 6 6 8 7 7 5 5 6 9 6 5 6 5 8
12 13 5 8 8 7 8 8 12 6 7 9 11 6 9 8
10 4 7 7 10 10 5 5 4 11 9 5 10 7 10 5
5 4 3 4 5 4 4 4 3 3 4 5 4 3 4 3
7 7 5 4 11 10 10 8 4 9 10 4 6 5 11 11
12 13 7 7 11 8 6 15 6 8 6 9 12 7 6 13
8 19 20 18 8 13 12 21 7 16 13 8 21 12 21 8
6 5 9 9 7 9 3 6 4 9 7 8 6 8 3 9
7 9 4 5 4 7 10 7 11 12 11 4 10 5 9 9
9 10 13 11 14 12 5 9 13 5 7 14 11 14 5 12
2 1 2 3 1 3 1 2 1 3 2 1 1 3 2 2
8 8 6 7 6 5 9 3 6 4 4 8 3 3 5 3
13 14 12 5 13 13 15 12 7 14 15 11 5 14 8 8
9 10 14 5 7 5 11 11 6 14 12 14 13 12 12 5
10 23 15 16 22 17 19 12 20 16 9 8 17 8 23 9
1 1 1 1 1 2 2 2 2 2 2 1 2 2 1 2
13 8 19 17 12 12 10 15 8 17 7 7 8 8 14 15
4 2 2 2 2 4 2 3 2 4 2 3 6 6 2 5
22 23 9 21 13 24 10 13 23 16 19 10 15 22 11 18
3 5 4 5 2 3 3 3 4 5 5 3 4 3 5 2
7 6 9 10 7 7 8 9 5 9 10 11 6 5 10 4
19 9 18 13 21 15 11 24 15 14 10 21 14 13 12 23
16 14 12 22 24 12 16 23 15 20 8 14 23 21 14 20
4 8 10 7 12 4 12 11 12 10 4 6 5 9 4 6
5 4 6 6 2 6 5 4 3 3 6 2 5 5 2 4
11 6 8 11 11 7 9 8 5 10 5 11 4 6 7 9
9 3 6 4 6 3 3 9 4 3 3 5 8 8 9 6
5 6 4 6 3 3 2 4 4 2 3 3 5 2 4 2
11 5 6 8 7 10 8 5 4 4 5 8 10 4 9 7
1 1 1 2 2 1 2 2 1 2 2 1 1 2 2 2
8 9 8 10 8 10 8 9 10 6 10 10 11 11 11 9
10 11 15 17 18 15 11 18 14 11 8 7 8 16 12 12
8 8 9 9 10 4 11 11 9 7 10 8 4 6 8 4
2 2 1 1 2 1 1 1 1 2 2 2 2 1 1 1
10 8 6 7 8 10 12 17 7 17 10 9 9 12 14 12
21 18 17 13 15 11 19 17 7 8 10 7 12 18 17 16
3 3 4 2 2 3 5 4 4 3 2 2 4 5 2 5
8 12 8 12 9 12 11 7 9 7 7 17 10 16 13 9
14 17 16 11 16 8 13 15 16 7 15 8 10 12 16 11
9 17 15 20 22 9 18 18 14 19 13 19 22 12 12 11
9 14 5 7 9 12 6 13 7 8 11 12 11 13 14 11
1 1 1 1 2 2 1 1 1 1 1 1 2 2 2 2
7 7 4 3 6 8 8 3 7 6 3 5 5 5 5 5
9 11 13 14 18 9 12 12 18 18 14 18 19 15 8 8
17 18 7 16 14 12 10 7 11 20 14 14 13 13 10 9
3 6 8 3 6 5 5 5 4 8 4 5 4 4 5 4
8 8 7 10 19 13 20 10 19 8 19 11 12 7 18 18
8 7 8 14 9 15 12 13 8 13 7 15 8 7 17 17
11 18 23 10 24 15 12 17 16 19 17 20 21 11 19 21
19 20 11 15 7 20 11 10 11 8 12 18 20 17 12 11
15 17 10 17 9 12 13 8 11 6 14 17 11 11 11 12
5 12 13 7 9 10 14 5 13 10 10 11 6 9 9 13
15 15 15 6 10 13 16 11 6 13 15 13 6 15 11 9
1 1 1 2 3 1 1 2 3 2 3 1 3 1 3 1
5 9 5 8 4 9 7 3 8 4 9 7 7 3 5 7
11 8 19 9 13 13 22 17 8 12 14 9 12 19 22 19
12 9 7 12 12 16 7 8 11 13 11 12 10 9 17 16
10 9 8 8 12 9 7 9 8 11 12 11 12 9 10 5
12 20 11 19 14 17 14 14 16 10 19 16 15 20 13 20
4 6 4 3 8 6 7 8 7 8 8 8 3 7 4 6
1 3 3 3 3 2 2 2 2 2 1 3 3 1 3 2
2 3 4 2 3 2 5 5 4 3 4 4 4 2 2 4
7 4 4 4 3 7 5 7 5 5 3 4 4 5 7 3
