16 10 13 22 30 12 17 15 23 21 25 21 13 30 30 24
2 5 2 3 4 3 5 4 3 2 5 4 4 3 4 3
12 6 14 14 6 14 10 14 7 12 12 11 13 9 12 12
15 22 21 18 8 13 18 22 18 15 12 24 19 17 15 8
6 11 11 10 11 13 5 10 6 5 11 14 5 6 5 8
13 17 21 24 24 17 9 20 16 24 10 21 14 19 16 25
14 7 8 14 12 19 9 15 16 15 19 16 7 10 17 20
7 6 5 8 7 10 7 13 12 9 10 14 6 7 14 7
9 5 4 8 6 7 7 9 6 11 8 9 10 6 6 11
12 10 7 10 10 7 7 9 5 7 8 12 8 12 15 6
20 19 14 21 16 22 10 16 11 8 13 12 19 16 15 23
4 3 2 5 3 2 3 4 3 5 2 3 5 2 3 5
12 16 7 17 16 13 7 13 11 14 15 10 7 15 18 11
7 10 8 15 8 8 9 5 14 7 14 15 13 10 6 13
2 6 2 5 5 3 5 4 4 2 6 6 4 3 6 3
1 1 1 2 2 2 2 1 2 2 2 1 2 1 1 2
15 23 10 25 18 25 14 21 25 12 19 17 15 21 20 20
10 12 13 9 7 15 7 16 8 6 12 14 14 13 12 13
14 10 11 15 10 13 13 11 14 7 7 9 16 9 9 12
11 9 13 11 11 10 8 14 14 7 5 14 12 9 9 7
25 28 10 10 20 25 16 10 17 28 15 25 13 15 12 26
11 15 20 20 28 15 18 25 24 15 16 26 18 26 21 26
13 7 20 15 16 15 15 14 15 12 13 20 7 17 15 16
12 16 14 15 8 13 20 11 10 9 20 11 11 12 12 13
10 11 9 10 5 4 12 9 8 4 12 11 12 11 12 12
15 13 16 9 20 15 10 24 17 15 22 9 22 18 13 20
10 10 9 16 11 6 8 9 9 9 11 10 17 8 17 16
14 10 21 20 17 12 19 14 21 17 12 27 25 12 11 9
10 12 18 28 19 14 13 28 12 26 13 28 20 23 12 17
14 5 13 9 8 12 11 7 10 12 6 13 8 13 9 6
9 12 4 6 9 4 12 5 10 7 11 6 8 5 12 5
7 11 15 16 7 7 17 11 7 15 18 20 16 10 14 17
11 15 14 20 21 20 8 15 12 10 15 18 21 18 7 16
1 1 1 1 2 2 2 1 2 1 1 2 1 2 1 1
27 29 25 25 17 12 20 27 22 12 17 29 10 26 15 26
3 2 3 2 1 3 1 1 2 3 3 3 1 2 1 1
9 7 16 11 10 10 6 11 7 11 10 7 9 9 11 9
2 3 4 3 3 5 5 2 3 5 5 4 2 2 2 2
8 17 7 19 18 18 8 9 10 13 19 13 20 20 14 7
9 5 13 9 11 13 9 11 5 8 6 12 11 8 11 9
19 24 18 22 14 15 24 14 15 21 18 15 28 23 13 29
21 29 12 16 16 18 13 28 12 28 16 26 19 27 23 25
8 6 3 3 8 6 8 7 5 3 7 7 7 4 5 8
15 13 20 18 14 20 8 14 12 10 18 11 7 7 19 12
12 14 21 26 18 20 18 18 19 22 29 24 13 10 22 30
7 13 11 9 11 8 15 13 8 12 12 13 12 11 11 14
9 16 13 22 18 22 9 20 22 21 24 13 16 24 19 23
20 12 18 21 27 18 21 17 12 11 17 23 9 13 9 10
4 4 5 2 5 5 2 4 5 4 5 2 5 3 5 3
12 6 4 7 10 5 5 9 6 12 7 9 8 7 11 9
16 18 23 25 22 11 20 21 26 26 16 23 15 18 24 19
22 14 15 9 9 21 11 17 11 11 11 19 15 20 16 11
22 9 18 20 11 11 16 12 23 8 8 17 13 17 23 15
18 10 17 10 9 9 11 13 7 13 12 18 14 15 10 9
9 8 9 9 7 16 8 17 14 12 8 13 15 14 8 9
14 13 8 15 9 17 8 8 15 10 7 9 16 8 12 8
10 15 12 8 8 13 10 18 18 12 6 18 18 16 10 11
15 10 12 18 25 11 15 29 14 21 14 14 24 24 11 28
2 2 1 1 1 1 1 2 1 1 1 1 2 2 2 2
9 14 15 9 11 13 17 17 6 8 12 11 6 13 10 16
9 6 10 12 10 4 7 10 11 9 8 7 8 9 7 9
19 20 11 18 15 8 23 12 8 9 12 11 12 18 12 19
12 11 17 14 9 27 26 16 9 25 27 23 16 9 24 21
7 7 7 7 4 4 8 4 6 5 3 5 5 5 4 8
5 3 5 3 4 3 4 3 4 2 5 5 4 4 4 3
15 15 25 26 26 9 25 9 16 22 23 11 24 10 20 14
4 3 5 2 2 5 3 2 3 2 3 2 3 5 3 4
2 3 4 4 2 6 3 3 2 5 2 6 6 4 6 4
4 6 11 6 8 11 6 8 10 11 6 10 10 5 11 11
19 13 17 15 8 19 9 12 11 17 12 14 19 19 11 9
13 7 6 5 11 14 9 14 6 9 7 5 7 8 7 9
8 6 5 4 9 7 9 4 7 5 7 4 9 5 3 9
12 18 11 16 10 11 14 18 10 8 14 12 16 8 12 13
10 8 10 7 12 7 13 6 15 14 7 12 7 10 9 9
15 11 11 5 9 10 10 10 9 14 12 13 15 6 15 5
11 22 20 18 9 12 22 17 10 21 19 12 24 24 16 17
15 8 12 24 12 15 16 20 9 22 23 23 21 24 14 19
12 14 11 20 14 8 15 12 8 8 20 17 18 9 11 11
21 14 12 12 21 10 22 25 20 24 21 13 14 27 11 15
12 11 24 15 22 10 23 14 11 18 19 12 17 25 17 10
11 6 10 6 10 11 14 7 13 11 9 14 14 8 6 7
6 12 8 13 11 12 9 6 5 11 9 5 14 12 14 5
9 8 5 10 10 7 8 11 11 7 8 4 8 11 4 8
2 3 1 3 2 1 2 2 1 3 2 2 2 1 3 3
4 5 4 10 9 4 9 8 11 11 10 7 6 11 6 5
3 3 2 5 2 3 3 3 5 2 2 2 3 3 4 2
23 24 23 20 10 22 9 19 8 17 10 10 10 15 20 16
12 13 11 13 14 8 9 7 8 13 10 13 7 10 12 16
14 17 8 8 19 18 9 11 10 15 11 20 10 18 13 16
11 19 19 14 11 9 13 15 17 8 19 14 12 21 10 12
2 1 1 2 2 2 2 2 1 3 1 3 1 3 3 2
23 13 27 28 15 26 19 17 30 10 27 24 13 10 13 12
9 7 8 6 5 7 7 10 6 6 10 10 10 6 5 9
7 5 8 11 8 6 5 9 6 9 8 12 6 9 6 7
27 18 12 30 18 14 27 22 22 12 26 15 14 13 18 13
5 5 4 6 8 5 9 4 4 9 9 6 9 5 5 7
15 6 18 13 9 10 13 13 16 15 11 6 8 13 15 17
5 8 13 15 12 8 9 14 14 12 15 13 14 13 8 15
24 20 13 24 18 11 23 18 15 11 26 9 26 14 9 11
2 2 2 1 3 1 2 2 2 3 2 2 3 1 1 2
