1 2 49
1 3 20
1 4 30
2 5 16
2 6 32
2 7 28
2 8 33
2 9 22
3 10 20
3 11 38
3 12 13
4 13 31
4 14 16
4 15 4
4 16 35
4 17 1
5 18 27
6 19 28
7 20 36
8 21 26
9 22 31
10 23 14
11 24 25
12 25 5
13 26 23
14 27 13
15 28 15
16 29 12
17 30 17
18 31 8
19 32 25
20 33 15
21 34 13
22 35 5
23 36 18
24 37 42
25 38 17
26 39 21
27 40 28
28 41 33
28 42 36
29 43 33
30 44 49
31 45 3
32 46 43
33 47 13
34 48 23
35 49 35
36 50 4
37 51 37
38 52 42
39 53 19
40 54 31
41 55 32
42 56 27
43 57 30
44 58 14
45 59 31
46 60 34
47 61 18
48 62 40
49 63 33
50 64 20
51 65 6
52 66 17
53 67 42
54 68 31
55 69 42
56 70 13
57 71 8
58 72 14
59 73 19
60 74 35
61 75 16
62 76 8
63 77 10
64 78 16
65 78 27
66 79 20
67 80 46
68 81 5
69 82 46
70 83 21
71 84 35
72 85 21
73 86 40
74 87 40
75 88 44
76 89 4
77 90 11
77 91 38
78 92 34
79 93 47
80 94 26
81 95 37
82 96 5
83 97 31
84 98 27
85 99 39
86 100 13
87 101 1
88 102 4
89 103 9
90 104 48
91 105 7
92 106 6
93 107 10
94 108 15
95 109 32
96 110 34
97 111 14
98 112 41
99 113 10
100 114 45
101 115 8
102 116 2
103 117 44
104 118 30
105 119 3
106 120 32
107 121 30
108 122 7
109 123 28
110 124 34
111 125 33
112 126 5
113 127 14
114 128 48
115 129 26
116 130 1
117 131 32
118 131 24
119 132 38
120 133 23
121 134 3
122 135 11
123 136 40
124 137 30
125 138 34
126 139 23
127 140 9
128 141 17
129 142 36
130 143 44
131 144 36
132 145 6
133 146 27
134 147 43
135 148 29
136 149 28
137 150 12
138 151 29
139 152 8
139 153 19
140 154 14
141 155 37
142 156 5
143 157 35
144 158 44
145 159 31
146 160 47
147 161 31
148 162 41
149 163 47
150 164 16
151 165 23
152 166 28
153 167 12
154 168 30
155 169 19
156 169 8
157 170 18
158 171 4
159 172 42
160 173 40
161 174 10
162 175 9
163 176 25
164 177 46
165 178 19
166 179 37
167 180 9
168 181 4
169 182 46
170 183 10
171 184 1
172 185 33
173 186 12
174 187 29
175 188 44
176 189 49
177 190 2
178 191 2
179 192 18
180 193 26
181 194 30
182 195 37
183 196 11
183 197 9
184 198 35
185 199 1
186 200 8
187 201 10
188 202 32
189 203 41
190 204 48
191 205 30
192 206 4
193 207 42
194 208 8
195 209 15
196 209 36
197 210 49
198 211 2
199 212 33
200 213 15
201 214 11
202 214 43
203 215 11
204 216 38
205 217 6
206 218 8
207 219 12
208 220 39
209 221 26
210 222 29
211 223 42
212 224 31
212 225 30
213 226 36
214 227 26
215 228 41
216 229 38
217 230 39
218 231 28
219 232 36
220 233 37
221 234 28
222 235 12
223 236 41
224 237 47
225 238 7
226 239 9
227 240 44
228 241 14
229 242 30
230 243 40
231 244 11
232 245 41
233 246 14
233 247 37
234 248 43
235 249 17
236 250 10
237 251 16
238 252 44
239 253 22
240 254 27
241 254 12
242 255 28
243 256 35
244 257 49
245 258 48
246 258 2
247 259 48
248 260 39
248 261 2
249 262 8
250 263 47
251 264 20
252 265 11
253 266 34
254 267 49
255 268 46
256 269 18
257 270 5
258 271 44
259 272 49
259 273 22
260 274 9
261 275 31
262 275 8
263 276 30
264 277 19
265 278 40
266 278 21
267 279 1
268 280 39
269 281 49
270 282 6
271 283 7
272 284 10
273 285 33
274 286 21
275 287 33
276 288 11
276 289 37
277 290 3
278 291 40
278 292 44
279 293 40
280 294 37
281 295 3
282 296 46
283 297 17
284 298 45
285 299 38
286 300 32
287 300 6
288 300 33
289 300 19
290 300 4
291 300 49
292 300 19
293 300 22
294 300 11
295 300 36
296 300 32
297 300 16
298 300 49
299 300 10
