1 2 52
1 3 58
1 4 52
1 5 17
2 6 7
2 7 44
2 8 2
3 9 32
3 10 27
3 11 49
3 12 37
3 13 36
4 14 52
4 15 44
5 16 51
5 17 20
5 18 21
5 19 21
5 20 25
6 21 49
7 22 8
8 22 44
9 22 6
10 23 24
11 23 43
12 24 4
13 25 48
14 25 14
15 26 50
16 27 50
17 28 50
18 28 36
19 29 35
20 29 32
21 30 46
22 31 16
23 32 7
24 33 54
24 34 43
25 35 13
26 36 52
27 37 15
28 38 34
29 39 40
30 40 4
31 41 7
31 42 59
32 43 19
33 44 56
34 45 27
35 46 5
36 47 43
37 48 58
38 49 33
39 50 33
39 51 38
40 52 30
40 53 24
41 54 37
42 55 58
43 56 24
44 57 36
44 58 35
45 59 4
46 60 29
47 61 15
48 62 17
49 63 56
50 64 50
50 65 52
50 66 58
51 67 36
52 68 55
53 69 52
54 70 3
55 71 17
56 72 34
57 73 4
58 74 20
59 75 10
59 76 39
60 77 47
61 78 28
62 79 6
63 80 57
64 81 26
65 82 30
66 83 5
67 84 23
68 85 49
69 85 21
70 86 3
71 86 8
72 87 41
73 87 21
74 87 19
75 88 11
76 88 7
77 89 46
78 89 5
79 90 37
80 90 16
81 91 16
82 91 8
83 91 25
84 91 48
85 92 18
86 93 11
87 94 37
88 95 18
89 96 15
89 97 16
90 98 10
91 99 6
92 100 41
92 101 37
93 102 50
93 103 51
94 104 34
94 105 30
95 106 39
95 107 32
96 108 46
97 109 29
98 110 45
99 111 16
100 112 47
101 113 26
102 114 49
103 114 58
104 114 50
105 115 15
106 116 53
107 117 26
108 118 47
109 119 47
110 120 9
111 121 40
112 122 54
113 123 43
114 124 49
115 124 38
116 124 35
117 124 19
118 125 6
119 126 29
120 127 32
121 128 12
122 129 58
122 130 29
122 131 20
122 132 44
122 133 43
123 134 22
123 135 12
123 136 20
123 137 42
123 138 54
124 139 54
124 140 41
124 141 28
125 142 11
125 143 47
126 144 34
126 145 51
127 146 14
127 147 50
127 148 56
128 149 30
128 150 8
128 151 39
128 152 22
128 153 2
129 154 49
130 155 28
131 155 10
132 156 7
133 156 59
134 157 16
135 157 52
136 157 14
137 158 21
138 159 40
139 159 26
140 159 5
141 160 56
142 161 12
143 162 13
144 163 45
145 163 15
146 164 19
147 164 44
148 165 25
149 166 11
150 166 40
151 167 48
152 168 7
153 169 20
154 170 10
155 171 7
156 172 55
157 172 25
158 173 22
159 173 41
160 174 2
161 174 28
162 175 50
163 176 27
164 177 37
165 177 5
166 178 45
167 178 36
168 179 21
169 179 13
170 180 2
171 181 20
172 181 55
173 182 56
174 182 49
175 183 20
176 184 29
177 184 30
178 185 26
179 186 19
180 187 30
181 188 46
182 189 9
182 190 58
183 191 7
184 192 56
184 193 38
185 194 20
186 195 59
187 196 44
187 197 13
188 198 10
189 199 22
189 200 14
190 201 6
191 202 28
191 203 10
192 204 1
193 205 23
193 206 58
193 207 35
194 208 5
195 209 53
196 210 28
197 211 29
198 212 48
199 213 29
200 214 43
201 215 15
201 216 59
202 217 3
203 218 53
204 219 31
205 220 23
206 221 39
207 222 47
208 223 52
209 224 24
210 225 34
211 226 21
212 227 10
213 228 2
214 229 30
215 230 30
216 231 33
217 232 36
218 233 2
219 234 19
220 235 14
221 236 28
222 237 32
223 238 40
224 239 10
225 240 20
226 241 16
227 242 37
228 243 37
229 244 54
230 245 45
231 246 56
232 246 22
233 247 3
234 248 23
235 249 7
236 250 25
237 250 42
238 251 21
239 252 37
240 253 23
241 254 18
242 255 39
243 256 25
244 257 34
245 258 36
246 259 41
247 260 59
248 261 2
249 262 22
250 263 58
251 264 13
252 265 31
253 266 46
254 267 54
255 268 33
256 269 11
257 270 19
258 271 45
259 272 38
260 273 20
261 274 28
262 275 23
263 275 31
264 276 1
265 277 9
266 278 30
267 279 52
268 280 28
269 281 42
270 281 16
271 282 16
272 283 49
273 284 25
274 285 30
275 286 14
276 287 51
277 288 5
278 289 27
279 290 51
280 291 5
281 292 49
282 293 27
283 294 1
284 295 15
285 296 50
286 297 48
287 298 26
288 299 32
289 300 35
290 300 34
291 300 9
292 300 37
293 300 32
294 300 18
295 300 43
296 300 39
297 300 31
298 300 27
299 300 10
