10 11 11 11
9 9 8 8
11 10 11 10
3 3 3 3
12 12 12 11
6 6 6 7
16 15 16 16
5 4 5 5
14 14 15 15
6 7 6 6
13 14 14 14
2 1 2 2
17 17 17 18
19 18 19 19
13 13 13 13
18 18 17 17
14 14 15 15
8 9 9 9
20 20 20 19
12 12 12 11
19 20 19 21
18 19 18 19
5 5 4 5
3 4 4 4
17 16 17 17
15 15 15 15
2 1 1 1
19 19 20 19
3 3 3 4
17 18 17 17
21 19 21 19
9 8 9 9
2 2 3 3
3 2 2 3
9 9 10 9
1 2 2 1
8 9 9 8
20 19 20 20
13 14 13 13
19 19 20 20
9 10 10 10
8 8 7 7
14 14 13 13
21 20 20 20
16 16 16 16
7 8 7 8
2 2 2 2
15 15 15 15
13 12 13 12
14 14 14 14
17 17 18 17
20 19 19 20
17 17 17 17
18 18 17 17
4 4 4 4
5 5 6 6
15 15 14 15
13 14 14 13
5 6 6 5
20 19 19 19
9 10 9 9
12 13 13 12
18 18 18 18
2 3 2 2
3 3 3 3
3 3 3 3
19 19 18 18
13 14 13 14
3 2 3 2
17 18 18 17
18 19 19 18
12 12 12 12
15 15 15 15
20 20 19 21
9 8 8 8
10 10 9 10
18 17 18 18
4 4 4 5
14 15 14 14
11 11 11 11
16 15 16 15
17 18 17 18
15 15 14 15
6 6 6 5
15 15 14 14
6 6 5 6
8 9 8 8
12 12 12 13
12 12 12 12
9 8 9 9
14 13 13 14
3 4 3 4
19 19 19 19
3 2 2 2
13 13 12 13
14 15 15 14
5 5 4 4
4 4 4 5
11 12 12 12
20 21 19 19
5 6 6 6
16 15 15 16
12 11 12 12
6 6 6 7
14 14 14 14
15 15 15 16
16 15 15 15
6 6 5 6
8 8 7 8
9 9 8 8
3 2 3 3
13 12 13 12
16 17 17 16
12 13 12 12
8 8 7 8
7 7 6 7
20 21 20 19
10 9 10 9
5 5 6 5
14 14 13 13
16 15 15 16
19 19 21 21
10 9 10 10
6 6 6 6
20 19 19 19
13 13 13 12
19 20 19 21
3 3 3 3
16 15 16 15
9 10 10 9
14 15 15 15
12 11 11 12
13 14 13 14
14 14 14 14
9 8 8 9
6 7 6 6
12 12 13 12
3 2 3 3
14 14 13 14
2 2 1 2
17 16 16 17
8 8 9 8
9 10 9 10
5 5 6 5
5 4 5 4
2 1 1 1
15 16 15 15
21 20 21 21
18 17 17 18
4 3 3 4
17 16 17 16
18 19 18 19
1 2 2 2
20 19 19 20
7 6 7 7
17 18 17 18
1 1 1 2
19 18 18 18
2 3 3 3
17 16 17 17
12 12 12 12
2 2 1 1
16 17 17 16
13 12 12 12
11 11 11 12
12 11 11 12
18 18 18 19
14 14 15 15
13 14 13 14
17 17 17 16
15 15 15 15
4 3 4 4
17 18 17 18
5 5 6 5
17 17 16 17
16 17 16 17
6 5 5 6
4 4 4 5
1 2 2 1
10 10 11 11
20 20 19 21
6 6 6 7
14 13 14 14
9 10 9 10
18 18 19 18
14 14 15 15
9 9 8 9
12 12 12 11
7 6 6 6
10 9 10 10
19 20 20 19
11 12 12 12
10 11 10 10
8 8 8 8
8 8 7 8
4 3 4 4
19 19 19 18
11 11 11 12
8 9 8 9
13 12 12 12
