1 2 1
1 3 1
1 4 1
2 5 1
2 6 1
2 7 1
2 8 1
2 9 1
3 10 1
3 11 1
3 12 1
4 13 1
4 14 1
4 15 1
4 16 1
5 17 1
5 18 1
6 19 1
7 20 1
8 21 1
9 22 1
10 23 1
10 24 1
11 25 1
12 26 1
13 27 1
14 28 1
15 29 1
16 30 1
16 31 1
17 32 1
18 33 1
19 34 1
20 35 1
20 36 1
21 37 1
22 38 1
23 39 1
24 40 1
25 41 1
26 42 1
27 43 1
27 44 1
28 45 1
29 46 1
29 47 1
30 48 1
30 49 1
31 50 1
31 51 1
32 52 1
33 53 1
34 54 1
35 55 1
36 56 1
37 57 1
38 58 1
39 58 1
40 58 1
41 59 1
42 59 1
43 60 1
44 61 1
45 62 1
46 62 1
47 62 1
48 63 1
49 64 1
50 65 1
51 66 1
52 67 1
53 68 1
54 69 1
55 70 1
56 71 1
57 72 1
58 73 1
59 74 1
60 75 1
61 76 1
62 77 1
63 78 1
64 79 1
65 80 1
66 81 1
67 82 1
68 83 1
69 84 1
70 85 1
71 86 1
72 87 1
73 88 1
73 89 1
74 90 1
74 91 1
75 92 1
76 93 1
76 94 1
77 95 1
77 96 1
77 97 1
78 98 1
79 99 1
80 100 1
80 101 1
80 102 1
81 103 1
82 104 1
83 105 1
84 105 1
85 106 1
86 107 1
87 108 1
88 109 1
89 110 1
90 111 1
91 112 1
92 113 1
93 114 1
94 115 1
95 116 1
96 117 1
97 118 1
98 119 1
99 119 1
100 120 1
101 120 1
102 121 1
103 122 1
104 123 1
105 124 1
106 125 1
107 126 1
108 127 1
109 128 1
110 129 1
111 130 1
112 131 1
113 132 1
114 133 1
115 134 1
116 135 1
117 136 1
118 137 1
119 138 1
120 139 1
121 140 1
122 141 1
123 142 1
124 143 1
125 144 1
126 145 1
127 146 1
128 147 1
129 148 1
130 149 1
131 150 1
132 151 1
133 152 1
134 153 1
134 154 1
135 155 1
136 156 1
137 157 1
137 158 1
138 159 1
139 160 1
140 161 1
141 162 1
142 163 1
143 164 1
144 165 1
145 166 1
146 167 1
147 168 1
148 169 1
149 170 1
150 170 1
151 171 1
152 172 1
153 173 1
154 174 1
155 174 1
156 175 1
157 176 1
158 177 1
159 177 1
160 178 1
161 179 1
162 180 1
163 181 1
164 182 1
165 183 1
166 184 1
167 185 1
168 186 1
169 187 1
170 188 1
171 189 1
172 190 1
173 191 1
174 192 1
175 193 1
176 194 1
177 195 1
178 196 1
178 197 1
179 198 1
180 199 1
181 200 1
182 200 1
183 200 1
184 200 1
185 200 1
186 200 1
187 200 1
188 200 1
189 200 1
190 200 1
191 200 1
192 200 1
193 200 1
194 200 1
195 200 1
196 200 1
197 200 1
198 200 1
199 200 1
