1 2 13
1 3 12
1 4 17
1 5 5
2 6 13
2 7 1
2 8 6
2 9 1
3 10 13
3 11 6
3 12 5
4 13 8
4 14 11
4 15 13
4 16 3
5 17 11
5 18 8
6 19 14
6 20 3
7 21 13
8 22 1
9 23 6
10 24 1
11 25 6
11 26 11
11 27 16
12 28 17
13 29 1
14 30 4
15 31 18
16 32 4
17 33 1
18 34 17
19 35 12
20 36 7
21 37 8
22 38 19
23 39 2
24 40 17
25 41 15
26 42 7
27 43 3
28 44 18
29 45 10
30 46 4
31 47 4
32 48 18
32 49 11
33 50 5
34 51 16
35 52 5
36 53 4
37 54 17
38 55 1
39 55 14
40 56 14
41 57 11
42 57 1
43 58 5
44 58 16
45 59 14
46 59 7
47 60 12
48 60 11
49 61 7
50 61 9
51 62 2
52 63 8
53 64 14
53 65 5
54 66 16
54 67 11
55 68 6
56 69 16
56 70 12
56 71 2
57 72 14
58 73 17
59 74 3
60 75 6
60 76 1
61 77 7
62 78 19
63 79 12
64 80 1
64 81 11
65 82 11
66 83 6
67 84 9
68 85 18
69 86 6
70 87 9
71 88 17
72 89 17
73 90 2
74 91 17
75 92 6
76 93 13
77 94 10
78 95 6
79 96 10
80 97 2
81 98 14
82 99 6
83 100 9
84 101 5
85 102 1
86 103 6
87 104 2
88 105 11
89 106 3
90 107 5
91 108 9
92 109 12
93 110 4
94 111 18
95 112 19
96 113 17
97 114 17
97 115 8
98 116 15
99 117 11
100 118 5
100 119 9
101 120 4
102 121 10
103 122 18
104 123 19
104 124 7
105 125 4
106 126 12
107 127 17
108 128 1
109 129 7
110 130 12
111 131 4
112 132 14
112 133 17
113 134 19
114 134 11
115 135 7
116 136 12
117 137 11
118 137 14
119 138 11
120 138 3
121 139 18
122 139 3
123 139 13
124 140 15
125 140 11
126 140 7
127 140 9
128 141 12
129 141 4
130 142 10
131 142 14
132 142 6
133 142 1
134 143 15
134 144 19
135 145 19
136 146 13
137 147 17
137 148 14
138 149 6
139 150 15
139 151 17
139 152 17
140 153 8
140 154 9
141 155 10
142 156 7
143 157 18
144 158 8
145 159 6
146 160 4
147 161 2
148 162 11
149 163 19
150 164 11
151 165 8
152 166 17
153 167 14
154 168 4
155 169 9
156 170 1
157 171 8
157 172 1
158 173 18
158 174 17
158 175 6
159 176 3
159 177 11
159 178 2
160 179 11
160 180 4
161 181 4
162 182 9
163 183 9
164 184 15
165 185 19
166 186 4
167 187 5
167 188 19
168 189 4
169 190 7
169 191 16
169 192 11
170 193 4
171 194 5
172 194 6
173 194 17
174 195 1
175 195 11
176 196 9
177 196 11
178 196 8
179 197 12
180 197 14
181 198 19
182 199 7
183 200 15
184 200 1
185 200 6
186 201 15
187 202 18
188 202 13
189 202 18
190 202 7
191 203 9
192 203 15
193 204 12
194 205 8
195 206 7
196 207 17
197 208 17
198 209 16
198 210 8
199 211 14
199 212 13
199 213 14
200 214 17
201 215 18
202 216 19
202 217 1
203 218 7
203 219 13
204 220 19
204 221 7
205 222 5
206 223 17
207 223 11
208 224 7
209 225 14
210 226 16
211 227 15
212 228 6
213 229 16
214 230 7
215 231 3
216 232 5
217 233 18
218 234 1
219 235 9
220 236 5
221 237 10
222 238 12
223 239 5
224 240 14
225 241 1
226 242 19
227 242 2
228 243 4
229 243 1
230 243 1
231 244 4
232 245 8
233 246 11
234 247 10
235 248 9
236 249 18
237 250 1
238 251 2
238 252 2
239 253 15
240 254 18
241 255 16
241 256 13
242 257 18
243 258 1
243 259 19
244 260 6
244 261 10
245 262 7
246 263 9
246 264 6
247 265 7
248 266 2
249 267 17
250 268 11
250 269 3
250 270 3
251 271 13
252 271 7
253 272 15
254 272 15
255 272 9
256 273 11
257 274 11
258 274 3
259 275 10
260 275 14
261 275 9
262 276 18
263 277 18
264 277 19
265 278 5
266 278 6
267 279 18
268 280 2
269 281 8
270 282 12
271 283 8
271 284 14
272 285 17
272 286 4
273 287 3
274 288 6
275 289 13
276 290 10
277 291 12
278 292 2
278 293 10
279 294 13
279 295 10
280 296 7
281 297 5
282 298 11
283 299 19
284 300 3
285 301 18
286 302 16
287 303 6
288 304 14
289 305 7
290 306 11
291 307 13
291 308 18
291 309 2
292 310 6
292 311 10
292 312 4
293 313 6
294 314 16
295 315 9
296 316 11
297 317 6
298 318 11
299 319 2
300 320 2
301 321 5
302 322 10
303 323 9
304 323 5
305 324 6
306 325 10
307 325 12
308 326 12
309 326 15
310 327 1
311 328 11
312 329 15
313 329 17
314 329 13
315 329 10
316 330 5
317 331 12
318 332 1
319 333 11
320 334 11
321 335 17
322 336 4
323 337 8
324 338 3
325 338 1
326 339 18
327 340 17
328 341 4
329 342 5
330 343 12
331 344 8
332 345 7
333 346 17
333 347 4
333 348 8
333 349 8
334 350 18
334 351 11
334 352 13
334 353 5
335 354 9
335 355 9
335 356 7
335 357 11
336 358 10
336 359 3
336 360 9
336 361 7
337 362 3
337 363 18
337 364 14
337 365 6
338 366 1
338 367 8
338 368 5
338 369 9
339 370 14
339 371 17
339 372 16
340 373 10
340 374 5
340 375 2
340 376 11
341 377 11
341 378 13
341 379 11
341 380 11
342 381 6
342 382 7
342 383 8
343 384 16
343 385 19
343 386 7
343 387 15
344 388 8
344 389 17
344 390 17
344 391 13
345 392 11
345 393 6
345 394 3
345 395 13
346 396 3
347 396 9
348 396 7
349 396 7
350 397 17
351 397 3
352 397 6
353 397 11
354 397 19
355 397 4
356 397 12
357 398 11
358 398 2
359 399 10
360 399 13
361 400 9
362 400 7
363 400 3
364 400 6
365 401 18
366 401 15
367 402 19
368 402 19
369 402 2
370 402 8
371 402 9
372 403 9
373 403 12
374 403 13
375 403 8
376 403 18
377 403 19
378 404 18
379 404 1
380 404 15
381 404 11
382 404 8
383 404 2
384 405 17
385 405 16
386 405 4
387 405 11
388 406 2
389 406 1
390 406 8
391 406 14
392 407 15
393 407 10
394 407 10
395 407 2
396 408 1
397 409 12
398 410 10
399 411 13
400 412 2
401 413 15
402 414 7
403 415 9
404 416 11
405 417 4
406 418 12
407 419 13
408 420 7
409 421 12
410 422 13
411 423 1
412 424 12
413 425 8
413 426 3
413 427 4
413 428 5
414 429 7
415 430 8
415 431 16
416 432 15
417 433 17
418 434 5
418 435 10
419 436 9
420 437 8
421 437 6
422 438 6
423 439 16
424 440 16
425 440 19
426 440 17
427 441 18
428 442 7
429 443 11
430 443 4
431 443 17
432 444 16
433 445 1
434 446 12
435 447 11
436 447 19
437 448 10
437 449 8
438 450 16
439 451 1
439 452 13
440 453 6
440 454 10
441 455 2
442 456 15
442 457 7
443 458 15
443 459 2
444 460 17
444 461 10
445 462 6
446 463 18
446 464 5
447 465 16
448 466 11
449 467 13
450 468 7
451 469 7
452 469 19
453 469 3
454 470 12
455 471 6
456 472 5
457 473 7
458 474 1
459 475 14
460 476 16
461 477 7
462 478 8
463 479 15
464 480 5
465 480 4
466 481 11
467 482 15
468 483 8
469 484 10
470 485 14
471 486 5
472 487 19
473 488 14
474 489 7
475 490 1
476 491 14
477 492 10
478 493 9
479 494 12
480 495 13
481 496 14
482 497 16
483 497 10
484 498 15
485 499 17
486 500 18
487 501 11
488 502 12
489 502 4
490 502 5
491 503 15
492 503 19
493 504 10
494 504 5
495 505 13
496 506 15
497 507 13
497 508 16
498 509 18
499 510 10
499 511 10
500 512 1
500 513 12
501 514 6
501 515 15
501 516 10
502 517 18
503 518 1
503 519 18
504 520 1
505 521 10
505 522 2
506 523 1
507 524 15
508 525 15
509 526 4
510 527 5
511 528 17
512 529 9
512 530 19
513 531 12
514 532 13
514 533 10
515 534 18
516 535 5
517 536 19
518 537 17
519 538 12
520 539 2
521 540 8
522 541 3
523 542 1
524 543 13
525 544 19
526 545 3
527 546 11
528 547 4
529 548 8
530 548 18
531 549 14
532 550 1
533 550 6
534 551 14
535 552 10
536 553 6
537 553 17
538 554 19
539 555 14
540 556 15
541 556 12
542 557 11
543 558 12
544 559 19
545 560 10
546 561 3
546 562 3
547 563 14
548 564 19
549 565 7
550 566 9
550 567 10
551 568 7
552 569 19
552 570 14
553 571 10
554 572 1
554 573 12
555 574 15
556 575 13
557 576 5
558 577 10
559 577 2
560 578 11
561 578 1
562 579 2
563 580 4
564 581 15
565 582 6
566 582 17
567 583 18
568 584 16
569 585 13
570 586 2
571 586 14
572 587 16
573 588 4
574 588 7
575 589 2
576 590 7
577 590 13
578 591 16
579 592 13
580 593 14
581 594 19
582 595 2
583 596 8
584 597 19
585 598 6
586 599 2
587 600 1
588 601 15
589 602 16
590 603 3
591 604 1
591 605 13
592 606 1
593 607 7
594 608 3
595 609 9
596 610 6
596 611 16
596 612 19
597 613 12
598 614 10
599 615 9
599 616 4
599 617 9
600 618 9
600 619 7
601 620 16
602 621 17
602 622 3
603 623 13
604 623 8
605 624 7
606 625 9
607 626 8
608 626 6
609 627 3
610 627 10
611 628 9
612 629 6
613 630 14
614 631 7
615 632 9
616 633 9
617 634 6
618 634 8
619 635 8
620 635 17
621 636 16
622 636 19
623 637 13
624 638 13
625 639 16
626 640 7
627 640 5
628 641 17
629 642 8
630 643 13
631 644 4
632 645 17
633 646 19
634 647 9
635 648 5
636 649 11
637 650 12
638 651 3
639 652 15
640 652 17
641 653 5
642 654 13
643 655 18
644 656 14
645 657 15
646 658 8
647 659 16
648 660 1
649 661 11
650 662 1
650 663 16
651 664 11
652 665 9
653 666 6
654 667 7
655 668 1
656 669 13
657 670 1
658 671 9
659 672 17
660 673 9
661 674 18
662 675 5
663 676 1
664 677 8
665 678 4
665 679 7
666 680 4
667 681 13
668 682 9
669 683 11
670 684 13
671 685 17
672 686 11
673 687 9
674 688 8
675 689 8
676 690 7
677 691 17
678 692 15
679 693 3
680 694 2
681 695 7
681 696 2
682 697 8
683 698 13
684 699 18
685 700 2
686 701 18
687 702 6
688 703 11
689 704 7
690 705 6
691 706 19
692 707 18
693 708 14
694 709 18
695 710 14
696 711 11
697 712 19
697 713 15
698 714 8
699 715 12
700 716 15
701 717 19
702 718 15
703 719 11
704 720 15
704 721 12
704 722 11
704 723 18
705 724 6
706 725 10
706 726 12
707 727 1
708 728 2
709 729 15
710 730 19
711 731 6
712 732 1
713 733 15
714 734 6
715 735 3
716 736 12
717 737 11
717 738 10
718 739 3
718 740 5
719 741 16
720 742 18
721 742 5
722 742 7
723 742 18
724 743 6
725 743 8
726 744 9
727 745 19
728 745 4
729 745 1
730 746 1
731 747 12
732 747 1
733 748 13
734 748 12
735 748 4
736 748 3
737 749 18
738 749 12
739 750 1
740 751 8
741 751 16
742 752 11
743 753 13
743 754 14
744 755 15
745 756 7
745 757 17
746 758 7
747 759 13
747 760 11
748 761 3
749 762 10
750 763 7
751 764 15
752 765 16
753 766 16
754 767 12
755 767 7
756 768 13
757 769 1
758 770 15
759 770 2
760 771 15
761 772 18
762 773 8
763 774 6
764 775 12
765 776 1
765 777 4
765 778 3
765 779 7
766 780 14
766 781 17
766 782 10
766 783 2
767 784 12
767 785 12
767 786 4
768 787 3
768 788 16
769 789 11
769 790 1
770 791 16
770 792 6
771 793 13
771 794 5
772 795 7
772 796 15
773 797 7
774 798 5
775 799 17
776 800 7
777 800 6
778 800 6
779 800 10
780 800 16
781 800 18
782 800 9
783 800 6
784 800 5
785 800 11
786 800 1
787 800 15
788 800 17
789 800 5
790 800 18
791 800 10
792 800 3
793 800 7
794 800 7
795 800 16
796 800 1
797 800 19
798 800 7
799 800 3
