1 2 1
1 3 1
1 4 1
2 5 1
2 6 1
2 7 1
2 8 1
3 9 1
3 10 1
3 11 1
3 12 1
3 13 1
4 14 1
4 15 1
4 16 1
4 17 1
4 18 1
5 19 1
6 19 1
7 19 1
8 20 1
9 20 1
10 21 1
11 22 1
12 22 1
13 22 1
14 23 1
15 23 1
16 24 1
17 25 1
18 25 1
19 26 1
19 27 1
20 28 1
20 29 1
21 30 1
21 31 1
22 32 1
22 33 1
22 34 1
22 35 1
23 36 1
23 37 1
23 38 1
24 39 1
25 40 1
26 41 1
27 42 1
28 43 1
29 44 1
30 45 1
31 46 1
31 47 1
32 48 1
33 49 1
34 50 1
35 51 1
35 52 1
36 53 1
36 54 1
37 55 1
38 56 1
39 57 1
40 58 1
41 59 1
42 60 1
43 61 1
44 62 1
45 63 1
46 64 1
47 65 1
48 66 1
49 67 1
50 68 1
51 69 1
52 70 1
53 71 1
54 72 1
55 73 1
56 74 1
57 75 1
58 76 1
59 77 1
60 78 1
61 79 1
62 79 1
63 80 1
64 80 1
65 81 1
66 82 1
67 82 1
68 83 1
69 84 1
70 85 1
71 86 1
72 87 1
73 88 1
74 88 1
75 89 1
76 90 1
77 91 1
78 92 1
79 93 1
80 94 1
81 95 1
82 96 1
83 97 1
84 98 1
85 99 1
86 100 1
87 101 1
88 102 1
89 103 1
89 104 1
90 105 1
91 106 1
92 107 1
93 108 1
94 109 1
95 110 1
96 111 1
97 112 1
98 113 1
99 114 1
100 115 1
101 116 1
102 117 1
103 118 1
103 119 1
104 120 1
105 121 1
106 122 1
107 123 1
108 123 1
109 124 1
110 125 1
111 125 1
112 126 1
113 127 1
114 128 1
115 129 1
116 130 1
117 131 1
118 132 1
119 132 1
120 133 1
121 133 1
122 134 1
123 135 1
124 136 1
125 137 1
126 137 1
127 138 1
128 139 1
129 140 1
130 140 1
131 141 1
132 142 1
133 143 1
134 144 1
134 145 1
135 146 1
136 147 1
137 148 1
138 149 1
139 150 1
140 151 1
141 152 1
142 153 1
143 154 1
143 155 1
144 156 1
145 157 1
146 158 1
147 159 1
148 160 1
149 161 1
150 162 1
151 163 1
152 164 1
153 165 1
154 166 1
155 167 1
156 168 1
157 169 1
158 170 1
159 170 1
160 171 1
161 171 1
162 171 1
163 172 1
164 173 1
165 173 1
166 174 1
167 175 1
168 176 1
169 177 1
169 178 1
170 179 1
170 180 1
171 181 1
172 182 1
172 183 1
173 184 1
174 185 1
175 186 1
176 187 1
177 188 1
178 189 1
179 190 1
180 191 1
181 192 1
182 193 1
182 194 1
183 195 1
183 196 1
184 197 1
185 198 1
186 199 1
186 200 1
187 201 1
187 202 1
188 203 1
189 204 1
190 205 1
191 206 1
192 207 1
193 208 1
194 209 1
195 210 1
196 211 1
197 212 1
198 213 1
199 214 1
200 215 1
201 216 1
202 216 1
203 217 1
204 217 1
205 218 1
206 218 1
207 219 1
208 219 1
209 219 1
210 220 1
211 220 1
212 221 1
213 222 1
214 222 1
215 223 1
216 224 1
216 225 1
216 226 1
216 227 1
217 228 1
218 229 1
219 230 1
220 231 1
221 232 1
222 233 1
222 234 1
223 235 1
223 236 1
223 237 1
224 238 1
224 239 1
224 240 1
225 241 1
225 242 1
225 243 1
226 244 1
227 245 1
228 246 1
229 247 1
230 248 1
230 249 1
231 250 1
231 251 1
232 252 1
233 253 1
233 254 1
233 255 1
233 256 1
234 257 1
235 258 1
235 259 1
236 260 1
236 261 1
237 262 1
237 263 1
238 264 1
239 264 1
240 265 1
241 266 1
242 267 1
243 268 1
244 269 1
245 270 1
246 271 1
247 271 1
248 271 1
249 272 1
250 273 1
251 274 1
252 275 1
253 275 1
254 276 1
255 276 1
256 277 1
257 278 1
258 279 1
259 280 1
260 280 1
261 280 1
262 281 1
263 282 1
264 283 1
265 284 1
266 284 1
267 285 1
268 285 1
269 285 1
270 286 1
271 286 1
272 287 1
273 288 1
274 288 1
275 288 1
276 288 1
277 289 1
278 289 1
279 290 1
280 290 1
281 291 1
282 291 1
283 292 1
284 293 1
285 294 1
285 295 1
286 296 1
286 297 1
286 298 1
287 299 1
287 300 1
287 301 1
288 302 1
289 303 1
290 304 1
290 305 1
291 306 1
292 307 1
293 308 1
294 309 1
295 310 1
296 311 1
297 312 1
298 313 1
298 314 1
299 315 1
299 316 1
300 317 1
301 318 1
302 319 1
303 320 1
304 321 1
305 322 1
306 323 1
307 324 1
308 324 1
309 325 1
310 326 1
311 326 1
312 326 1
313 327 1
314 327 1
315 328 1
316 328 1
317 329 1
318 330 1
319 331 1
320 332 1
321 333 1
322 333 1
323 334 1
324 335 1
325 336 1
326 337 1
327 337 1
328 338 1
329 339 1
330 340 1
331 341 1
332 342 1
333 343 1
334 344 1
335 345 1
336 346 1
337 347 1
338 348 1
339 349 1
340 350 1
341 351 1
342 352 1
343 353 1
344 354 1
345 355 1
346 356 1
347 357 1
347 358 1
348 359 1
349 360 1
350 361 1
351 362 1
352 363 1
352 364 1
353 365 1
353 366 1
354 367 1
355 368 1
356 369 1
357 370 1
358 370 1
359 371 1
360 371 1
361 372 1
362 373 1
363 373 1
364 374 1
365 375 1
366 376 1
367 377 1
368 378 1
368 379 1
369 380 1
369 381 1
369 382 1
369 383 1
370 384 1
371 385 1
372 386 1
373 387 1
374 388 1
374 389 1
375 390 1
375 391 1
376 392 1
377 393 1
377 394 1
378 395 1
379 396 1
380 396 1
381 397 1
382 398 1
383 399 1
384 399 1
385 400 1
386 401 1
387 401 1
388 401 1
389 402 1
390 403 1
391 403 1
392 403 1
393 404 1
394 405 1
395 406 1
396 407 1
397 408 1
398 408 1
399 409 1
400 409 1
401 410 1
402 411 1
403 411 1
404 412 1
405 413 1
406 414 1
407 415 1
407 416 1
407 417 1
408 418 1
408 419 1
409 420 1
410 421 1
410 422 1
410 423 1
411 424 1
412 425 1
412 426 1
413 427 1
414 428 1
415 429 1
416 430 1
416 431 1
417 432 1
418 433 1
419 434 1
420 435 1
421 436 1
422 437 1
422 438 1
423 439 1
424 440 1
425 441 1
426 442 1
427 443 1
428 444 1
429 445 1
430 446 1
431 447 1
432 447 1
433 448 1
434 449 1
435 450 1
436 451 1
437 452 1
438 452 1
439 453 1
440 453 1
441 454 1
442 455 1
443 456 1
444 457 1
445 458 1
446 459 1
447 460 1
448 461 1
449 462 1
450 463 1
450 464 1
451 465 1
452 466 1
452 467 1
453 468 1
454 469 1
454 470 1
455 471 1
456 472 1
457 473 1
458 474 1
459 475 1
460 476 1
461 477 1
462 478 1
463 479 1
464 480 1
465 481 1
466 482 1
467 483 1
468 484 1
469 485 1
470 486 1
471 487 1
472 488 1
473 489 1
474 490 1
475 490 1
476 491 1
477 492 1
478 493 1
479 493 1
480 494 1
481 494 1
482 495 1
483 496 1
484 496 1
485 496 1
486 497 1
487 498 1
488 499 1
489 500 1
490 500 1
491 500 1
492 500 1
493 500 1
494 500 1
495 500 1
496 500 1
497 500 1
498 500 1
499 500 1
