1 2 1
1 3 1
1 4 1
1 5 1
1 6 1
2 7 1
2 8 1
2 9 1
2 10 1
3 11 1
3 12 1
3 13 1
3 14 1
3 15 1
4 16 1
4 17 1
4 18 1
4 19 1
4 20 1
5 21 1
5 22 1
5 23 1
5 24 1
6 25 1
6 26 1
6 27 1
6 28 1
7 29 1
8 30 1
9 31 1
10 32 1
11 33 1
12 34 1
13 35 1
14 36 1
15 37 1
16 38 1
17 39 1
18 40 1
18 41 1
19 42 1
20 43 1
21 44 1
21 45 1
22 46 1
23 47 1
24 48 1
25 49 1
26 50 1
27 51 1
27 52 1
28 53 1
29 54 1
30 55 1
31 56 1
32 57 1
33 57 1
34 58 1
35 58 1
36 58 1
37 59 1
38 59 1
39 60 1
40 60 1
41 61 1
42 62 1
43 63 1
44 64 1
45 65 1
46 66 1
47 67 1
48 68 1
49 69 1
50 70 1
51 71 1
52 71 1
53 72 1
54 73 1
55 73 1
56 74 1
57 75 1
58 76 1
59 77 1
60 78 1
61 79 1
62 79 1
63 80 1
64 80 1
65 81 1
66 82 1
67 83 1
68 84 1
69 85 1
70 86 1
71 87 1
72 88 1
73 89 1
74 90 1
75 91 1
76 92 1
77 93 1
78 94 1
79 95 1
79 96 1
80 97 1
80 98 1
80 99 1
81 100 1
81 101 1
81 102 1
82 103 1
82 104 1
83 105 1
83 106 1
84 107 1
85 108 1
86 109 1
86 110 1
87 111 1
87 112 1
87 113 1
88 114 1
89 115 1
90 116 1
90 117 1
91 118 1
92 119 1
93 120 1
94 121 1
95 122 1
96 123 1
97 124 1
97 125 1
98 126 1
99 127 1
99 128 1
100 129 1
101 130 1
102 131 1
103 132 1
104 133 1
104 134 1
105 135 1
106 136 1
107 137 1
108 138 1
109 139 1
110 140 1
111 141 1
112 142 1
113 143 1
113 144 1
114 145 1
115 146 1
116 146 1
117 147 1
118 147 1
119 148 1
120 149 1
121 149 1
122 150 1
123 150 1
124 151 1
125 151 1
126 151 1
127 152 1
128 153 1
129 154 1
130 155 1
131 156 1
132 156 1
133 157 1
134 158 1
135 159 1
136 159 1
137 160 1
138 161 1
139 162 1
140 163 1
141 163 1
142 164 1
143 165 1
144 166 1
145 167 1
146 168 1
147 169 1
148 170 1
149 171 1
150 172 1
151 173 1
152 174 1
153 175 1
154 176 1
155 177 1
156 178 1
157 179 1
158 180 1
159 181 1
160 182 1
161 183 1
162 184 1
163 185 1
164 186 1
165 187 1
166 188 1
167 189 1
168 190 1
168 191 1
168 192 1
169 193 1
170 194 1
171 195 1
171 196 1
172 197 1
173 198 1
173 199 1
174 200 1
175 201 1
176 202 1
177 203 1
178 204 1
179 205 1
180 206 1
181 207 1
181 208 1
182 209 1
183 210 1
184 211 1
184 212 1
185 213 1
186 214 1
186 215 1
187 216 1
188 217 1
189 218 1
189 219 1
190 220 1
191 221 1
192 222 1
193 223 1
194 224 1
194 225 1
194 226 1
195 227 1
196 228 1
197 229 1
198 230 1
199 231 1
200 232 1
200 233 1
201 234 1
202 235 1
203 236 1
203 237 1
204 238 1
205 239 1
206 240 1
207 241 1
207 242 1
208 243 1
209 244 1
210 245 1
211 246 1
211 247 1
212 248 1
213 249 1
214 250 1
215 251 1
216 252 1
217 253 1
218 254 1
219 255 1
220 256 1
221 256 1
222 256 1
223 257 1
224 258 1
225 258 1
226 258 1
227 259 1
228 260 1
229 260 1
230 261 1
231 261 1
232 262 1
233 263 1
234 264 1
235 265 1
236 266 1
237 266 1
238 267 1
239 267 1
240 267 1
241 268 1
242 269 1
243 270 1
244 271 1
245 272 1
246 272 1
247 273 1
248 273 1
249 274 1
250 275 1
251 276 1
252 277 1
253 278 1
254 278 1
255 279 1
256 280 1
257 280 1
258 281 1
259 282 1
260 283 1
261 283 1
262 284 1
263 284 1
264 285 1
265 286 1
266 286 1
267 287 1
268 287 1
269 288 1
270 289 1
271 290 1
272 290 1
273 291 1
274 291 1
275 292 1
276 293 1
277 293 1
278 294 1
279 295 1
280 296 1
280 297 1
281 298 1
281 299 1
282 300 1
283 301 1
284 302 1
284 303 1
285 304 1
286 305 1
286 306 1
286 307 1
286 308 1
286 309 1
287 310 1
288 311 1
288 312 1
288 313 1
289 314 1
290 315 1
290 316 1
291 317 1
291 318 1
291 319 1
291 320 1
292 321 1
292 322 1
292 323 1
293 324 1
293 325 1
293 326 1
293 327 1
293 328 1
294 329 1
295 330 1
296 331 1
297 332 1
298 333 1
299 334 1
300 335 1
301 335 1
302 336 1
303 336 1
304 336 1
305 337 1
306 337 1
307 337 1
308 338 1
309 339 1
310 340 1
311 341 1
312 341 1
313 342 1
314 343 1
315 344 1
316 345 1
317 345 1
318 346 1
319 347 1
320 348 1
321 349 1
322 350 1
323 351 1
324 351 1
325 352 1
326 352 1
327 353 1
328 353 1
329 354 1
330 354 1
331 355 1
332 356 1
333 357 1
334 358 1
335 359 1
336 360 1
337 361 1
338 362 1
339 363 1
340 364 1
341 365 1
342 366 1
343 367 1
344 368 1
345 369 1
346 370 1
347 371 1
348 372 1
349 373 1
350 374 1
351 375 1
352 376 1
353 377 1
354 378 1
355 379 1
356 380 1
357 381 1
357 382 1
358 383 1
358 384 1
359 385 1
360 386 1
361 387 1
362 388 1
363 389 1
364 390 1
364 391 1
365 392 1
365 393 1
366 394 1
367 395 1
368 396 1
368 397 1
369 398 1
370 399 1
371 400 1
372 401 1
373 402 1
374 403 1
375 404 1
375 405 1
376 406 1
377 407 1
377 408 1
378 409 1
379 410 1
380 410 1
381 411 1
382 412 1
383 413 1
384 413 1
385 414 1
386 415 1
387 416 1
388 416 1
389 416 1
390 417 1
391 417 1
392 418 1
393 419 1
394 420 1
395 421 1
396 421 1
397 422 1
398 423 1
399 424 1
400 424 1
401 425 1
402 426 1
403 426 1
404 427 1
405 428 1
406 428 1
407 429 1
408 429 1
409 430 1
410 431 1
411 432 1
412 433 1
413 434 1
414 435 1
415 436 1
415 437 1
416 438 1
416 439 1
416 440 1
417 441 1
418 442 1
419 443 1
420 444 1
420 445 1
421 446 1
421 447 1
422 448 1
423 449 1
424 450 1
424 451 1
425 452 1
425 453 1
425 454 1
426 455 1
427 456 1
427 457 1
428 458 1
429 459 1
429 460 1
430 461 1
431 462 1
432 463 1
433 463 1
434 463 1
435 464 1
436 465 1
437 466 1
438 466 1
439 466 1
440 466 1
441 467 1
442 468 1
443 468 1
444 468 1
445 469 1
446 469 1
447 470 1
448 470 1
449 471 1
450 471 1
451 472 1
452 473 1
453 474 1
454 474 1
455 475 1
456 475 1
457 475 1
458 476 1
459 477 1
460 477 1
461 478 1
462 479 1
463 480 1
464 481 1
464 482 1
465 483 1
466 484 1
467 485 1
468 486 1
468 487 1
469 488 1
469 489 1
470 490 1
470 491 1
471 492 1
472 493 1
473 494 1
474 495 1
475 496 1
476 497 1
477 498 1
478 499 1
479 500 1
480 500 1
481 500 1
482 500 1
483 500 1
484 500 1
485 500 1
486 500 1
487 500 1
488 500 1
489 500 1
490 500 1
491 500 1
492 500 1
493 500 1
494 500 1
495 500 1
496 500 1
497 500 1
498 500 1
499 500 1
