1 2 1
1 3 10
1 4 4
2 5 9
2 6 11
3 7 5
3 8 8
3 9 1
4 10 9
4 11 7
4 12 2
5 13 1
6 14 10
6 15 7
7 16 5
7 17 2
7 18 7
8 19 11
9 20 11
10 21 3
11 22 10
11 23 1
12 24 2
13 25 5
14 26 1
15 27 9
16 28 6
17 28 3
18 29 1
19 29 8
20 29 9
21 30 2
22 30 3
23 31 8
24 31 5
25 32 11
26 33 8
27 34 10
28 35 11
29 36 9
30 37 4
31 38 8
32 39 3
32 40 4
33 41 10
33 42 1
34 43 4
35 44 6
35 45 4
36 46 8
36 47 5
37 48 2
37 49 7
38 50 10
38 51 8
39 52 3
40 53 8
41 54 4
42 55 5
43 56 4
44 57 8
45 58 11
46 58 4
47 59 8
48 60 7
49 61 2
50 61 7
51 62 6
52 63 2
53 63 9
54 64 4
55 64 2
56 64 9
57 65 6
58 66 11
59 67 6
60 67 9
61 68 2
62 68 1
63 69 3
64 70 5
64 71 3
64 72 2
65 73 3
65 74 9
66 75 3
66 76 10
66 77 2
66 78 5
67 79 6
68 80 3
68 81 2
68 82 6
69 83 3
70 84 9
71 85 10
72 86 7
73 87 6
74 88 3
75 89 2
76 90 5
77 91 6
78 92 9
79 93 7
80 94 4
81 95 4
81 96 10
82 97 5
83 98 7
84 98 7
85 98 1
86 99 2
87 99 1
88 100 8
89 100 4
90 101 6
91 101 9
92 101 11
93 101 7
94 101 8
95 102 6
96 103 2
97 104 11
98 105 2
99 106 8
99 107 4
100 108 7
101 109 1
101 110 7
102 111 6
102 112 5
103 113 8
103 114 10
104 115 8
105 116 4
105 117 6
105 118 11
106 119 8
107 120 4
107 121 5
108 122 9
108 123 8
109 124 6
110 125 10
110 126 8
110 127 3
111 128 4
112 129 2
113 130 8
114 131 8
115 132 3
115 133 3
116 134 3
117 134 11
118 135 1
119 135 4
120 135 11
121 136 11
122 136 3
123 137 8
124 137 4
125 137 10
126 138 1
127 138 6
128 138 11
129 139 7
130 139 1
131 139 6
132 140 8
133 141 7
134 142 5
134 143 7
134 144 8
134 145 1
135 146 7
135 147 5
135 148 3
136 149 6
136 150 7
136 151 10
137 152 10
137 153 8
138 154 5
138 155 1
139 156 8
139 157 4
139 158 3
140 159 6
140 160 2
140 161 9
140 162 10
141 163 4
141 164 10
141 165 4
141 166 2
142 167 8
143 167 4
144 167 7
145 167 7
146 167 4
147 168 6
148 168 1
149 168 9
150 169 1
151 169 6
152 169 2
153 169 11
154 169 7
155 169 10
156 170 6
157 170 1
158 170 4
159 170 7
160 170 1
161 170 3
162 170 4
163 171 4
164 171 1
165 171 8
166 171 4
167 172 6
167 173 5
168 174 4
168 175 9
169 176 4
169 177 4
170 178 5
171 179 1
171 180 4
172 181 1
173 182 6
174 183 1
175 183 5
176 184 2
177 185 10
178 186 9
179 187 5
180 188 6
181 189 4
182 190 9
183 191 8
184 191 1
185 192 3
186 193 5
187 194 5
188 195 4
189 196 6
190 197 2
190 198 3
191 199 2
191 200 10
191 201 8
192 202 5
193 203 1
194 204 10
194 205 1
195 206 6
196 207 2
197 208 3
198 209 9
199 210 11
200 211 8
201 211 9
202 212 1
203 213 11
204 214 2
205 215 9
206 216 5
207 217 8
208 218 10
209 219 11
210 219 8
211 220 1
212 221 11
213 221 3
214 222 2
215 222 7
216 223 7
217 224 9
217 225 1
218 226 3
218 227 4
219 228 2
220 229 7
220 230 8
220 231 6
221 232 7
222 233 6
223 234 4
223 235 7
224 236 8
225 237 10
226 238 7
227 239 8
228 240 4
229 241 2
230 242 3
231 243 6
232 244 10
233 245 2
234 246 5
235 247 7
236 248 9
237 249 4
238 249 8
239 250 10
240 250 6
241 251 2
242 251 6
243 252 6
244 253 2
245 254 1
246 254 9
247 254 4
248 255 6
248 256 3
248 257 7
249 258 10
250 259 10
250 260 10
250 261 11
251 262 10
251 263 5
252 264 6
253 265 11
253 266 6
254 267 11
254 268 9
255 269 1
256 270 10
257 271 7
258 272 3
259 272 2
260 273 11
261 274 10
262 274 9
263 275 8
264 276 2
265 276 3
266 277 2
267 278 5
268 279 3
269 280 10
270 281 8
271 282 11
272 283 2
272 284 8
273 285 4
274 286 5
275 287 5
276 288 6
276 289 10
277 290 2
278 291 10
279 292 9
280 293 3
281 294 6
282 294 10
283 294 7
284 295 8
285 295 7
286 296 3
287 297 3
288 297 7
289 297 2
290 298 9
291 298 2
292 299 10
293 300 3
294 300 1
295 300 4
296 300 4
297 300 2
298 300 7
299 300 8
