1 2 10
1 3 15
1 4 16
2 5 1
2 6 9
2 7 7
2 8 4
3 9 16
3 10 6
3 11 3
3 12 11
3 13 3
4 14 1
4 15 12
4 16 2
4 17 9
4 18 9
5 19 14
6 19 6
7 19 13
8 19 3
9 20 1
10 21 1
11 21 3
12 22 6
13 23 10
14 24 14
15 25 14
16 26 1
17 27 7
18 27 6
19 28 4
19 29 10
19 30 15
20 31 6
21 32 15
21 33 7
22 34 11
22 35 7
23 36 1
24 37 2
25 38 7
25 39 7
25 40 13
26 41 5
26 42 1
27 43 11
28 44 10
29 45 5
30 46 7
31 47 8
32 48 4
33 49 8
34 50 15
35 51 7
36 52 1
37 53 9
38 54 4
39 55 16
39 56 8
40 57 15
41 58 5
42 59 7
43 60 1
44 61 2
45 62 9
46 63 12
47 64 5
48 65 15
49 66 15
50 67 8
50 68 7
51 69 2
51 70 6
52 71 7
53 72 1
54 73 16
55 74 11
56 75 11
57 76 9
58 77 11
59 78 4
60 79 15
61 80 9
62 80 16
63 81 6
64 82 8
65 83 10
66 83 10
67 84 2
68 85 1
69 86 2
70 87 17
71 87 12
72 87 16
73 88 10
74 89 9
75 90 10
76 90 10
77 91 4
78 92 3
79 93 11
80 94 5
81 95 12
82 96 4
82 97 3
83 98 14
84 99 6
84 100 2
85 101 17
86 102 3
87 103 10
88 104 9
89 105 11
90 106 15
91 107 9
92 108 10
93 109 11
94 110 17
95 111 8
96 112 11
97 113 4
98 114 13
99 115 12
100 116 6
101 117 1
102 118 7
103 119 10
104 120 5
105 121 2
106 122 9
107 123 13
108 124 17
109 125 4
110 126 10
111 127 10
111 128 10
112 129 7
113 130 8
114 131 14
115 132 6
116 133 11
117 134 9
118 135 14
119 136 6
119 137 5
120 138 5
120 139 13
121 140 5
122 141 7
122 142 16
123 143 6
123 144 14
123 145 5
124 146 13
125 147 9
126 148 11
127 149 5
128 150 10
129 150 5
130 151 6
131 152 10
132 153 8
133 154 17
134 154 17
135 155 16
136 156 6
137 157 15
138 158 12
139 158 6
140 159 1
141 160 4
142 160 11
143 161 6
144 162 10
145 162 8
146 163 12
147 164 8
148 165 3
149 165 9
150 165 8
151 165 13
152 166 8
153 167 14
154 167 13
155 168 7
156 169 7
157 170 11
158 171 9
159 172 5
160 173 17
161 174 15
162 175 5
163 176 9
164 177 12
165 178 9
166 179 6
167 180 14
168 181 4
168 182 5
168 183 13
169 184 4
170 185 17
170 186 3
170 187 13
170 188 10
171 189 1
172 190 1
172 191 17
172 192 16
173 193 8
174 194 4
175 195 4
175 196 15
176 197 15
177 198 7
178 199 16
179 200 10
180 201 4
181 201 14
182 202 4
183 202 2
184 202 4
185 203 15
186 204 17
187 205 7
188 206 12
189 207 5
190 208 9
191 209 4
192 210 10
193 211 17
194 212 13
195 213 4
196 214 2
197 214 1
198 215 16
199 216 15
200 217 4
201 218 7
202 219 16
203 219 16
204 220 4
205 221 9
206 222 1
207 222 8
208 223 11
209 224 17
210 225 15
211 226 10
212 227 11
213 228 1
214 229 9
215 230 1
216 231 9
217 232 4
218 233 16
219 234 14
220 234 5
221 235 11
222 236 6
223 237 16
224 237 15
225 238 5
226 238 11
227 239 2
228 239 14
229 240 17
230 241 1
231 242 4
232 243 9
232 244 4
232 245 16
233 246 8
233 247 2
234 248 5
234 249 13
234 250 17
234 251 17
235 252 12
235 253 9
236 254 15
237 255 3
238 256 16
239 257 9
239 258 3
240 259 3
241 260 12
241 261 12
242 262 5
243 263 1
244 264 6
245 265 1
246 266 1
246 267 13
247 268 10
248 269 3
249 270 15
250 271 14
251 272 13
252 273 7
253 274 10
254 275 10
255 276 14
256 277 8
257 278 8
258 279 8
259 280 9
260 281 15
261 282 4
262 283 13
263 284 11
264 285 9
265 285 6
266 286 5
267 286 7
268 287 11
269 287 17
270 288 9
271 289 11
272 290 16
273 291 9
274 292 9
275 293 8
276 294 14
277 295 9
278 296 4
279 297 8
280 298 17
281 298 15
282 299 16
283 300 3
284 300 17
285 300 5
286 300 16
287 300 17
288 300 3
289 300 10
290 300 10
291 300 5
292 300 14
293 300 10
294 300 8
295 300 14
296 300 10
297 300 17
298 300 17
299 300 6
