9  9  8  9  7  9  8  9  8  9  7  5
1  2  1  2  1  2  1  2  2  2  2  1
2  1  2  1  2  1  1  2  1  2  1  1
11  6  11  6  11  11  8  11  4  9  8  7
15  11  11  13  16  9  13  8  15  9  12  14
6  13  15  15  14  8  8  14  8  6  17  9
10  11  11  7  12  8  7  7  9  9  8  10
3  5  2  2  5  2  6  2  4  6  2  4
5  5  14  12  15  15  9  5  8  15  13  7
5  7  10  9  13  8  5  13  9  6  9  7
1  2  2  1  1  1  2  1  1  1  1  2
10  13  11  12  11  15  7  12  10  7  13  14
7  9  4  5  6  7  5  5  4  4  11  5
11  13  7  19  12  20  20  15  17  10  15  17
5  3  4  6  4  5  2  4  6  2  2  5
3  5  4  2  5  5  3  4  4  4  2  6
10  8  10  10  7  11  10  11  9  5  7  6
10  8  9  11  9  13  11  10  11  11  12  8
2  2  2  4  4  3  3  3  3  2  4  5
9  5  5  5  11  5  7  6  8  11  11  4
9  7  12  10  8  8  10  12  10  7  5  10
14  9  8  17  17  12  14  17  15  11  9  8
3  2  2  3  1  3  1  2  1  3  2  2
18  12  18  17  8  7  15  7  17  19  15  12
6  7  9  8  5  5  8  8  12  11  11  5
11  8  17  9  13  16  16  20  9  14  12  10
17  8  15  16  13  10  9  12  10  18  18  21
8  19  7  20  16  17  19  11  9  17  21  9
18  15  11  18  9  10  18  10  6  8  12  16
11  5  8  5  9  7  6  6  6  6  6  10
7  8  8  11  11  8  9  9  8  11  12  10
18  11  7  20  10  14  8  19  18  8  17  7
9  18  18  19  15  11  18  21  21  19  15  8
9  11  17  12  17  10  12  13  16  16  14  7
12  15  15  10  14  6  14  11  7  16  11  8
15  8  9  7  9  6  17  11  8  6  16  9
2  2  2  2  1  2  3  3  1  3  1  2
10  4  9  10  5  9  9  7  10  5  7  8
11  10  8  7  10  9  13  19  18  19  12  17
5  5  6  10  5  11  7  5  11  5  5  11
11  12  18  7  10  19  11  7  9  11  16  12
6  10  10  13  9  10  12  7  6  12  9  11
6  5  9  5  11  6  11  4  7  7  6  11
3  4  5  3  2  2  4  3  4  4  4  5
3  3  3  1  3  1  3  1  2  3  3  3
7  21  17  14  14  7  8  10  21  9  8  10
0  0  0  0  0  0  0  0  0  0  0  0
12  6  6  6  13  12  9  9  6  8  7  7
15  15  21  18  18  16  20  9  16  13  8  20
8  8  10  5  15  12  12  6  8  15  14  14
