2 4 6 1 2 3 4 3
5 10 2 7 7 0 2 1
5 11 8 3 9 9 3 16
17 27 27 24 18 0 10 15
5 0 1 2 0 1 1 1
0 18 19 7 10 17 4 9
11 14 7 13 11 4 3 12
2 0 2 0 1 2 0 1
17 0 9 14 4 20 18 33
1 1 1 0 2 0 1 1
3 1 0 11 12 4 12 11
4 2 4 4 3 5 4 1
5 10 5 10 3 4 2 0
8 7 7 11 5 6 1 7
0 22 23 1 25 6 28 12
1 3 0 10 14 14 6 6
9 15 10 11 0 17 5 0
16 12 16 7 19 17 16 30
11 11 15 2 0 12 16 10
4 9 7 3 1 6 20 19
21 14 19 10 2 20 27 12
3 7 25 20 0 2 8 7
0 0 2 6 3 5 5 4
21 22 19 16 4 10 19 2
32 22 15 4 28 17 16 34
11 6 7 12 1 13 24 23
15 8 14 23 17 13 20 3
9 8 10 7 9 2 5 0
9 5 18 6 8 4 5 17
10 7 4 0 5 7 6 10
2 23 14 15 22 20 18 19
22 20 24 17 5 3 22 21
4 4 5 4 9 0 7 3
8 13 12 6 4 12 6 5
13 3 5 13 17 13 13 0
4 3 4 2 1 4 2 0
5 1 14 7 18 17 10 11
12 19 19 6 2 2 22 11
7 5 16 31 12 1 29 3
3 3 0 0 4 0 2 4
24 17 1 23 26 15 7 11
12 9 16 27 24 4 14 24
12 7 12 12 12 5 11 3
6 1 8 9 12 7 8 5
13 19 23 4 9 17 21 13
4 2 1 1 4 3 2 2
7 2 5 4 7 0 7 5
0 1 21 3 21 23 25 26
22 15 26 21 15 31 18 15
15 3 3 3 4 11 13 16
26 4 2 29 27 31 6 22
5 13 3 18 27 5 17 27
4 1 7 5 2 6 5 0
3 8 5 14 13 1 3 0
5 18 7 17 17 9 6 10
0 4 0 1 2 1 1 3
10 0 13 9 7 6 8 14
4 5 1 8 6 6 8 4
6 1 8 4 7 0 0 8
17 10 2 0 13 9 15 13
0 0 0 8 0 4 7 14
0 13 8 11 10 8 17 15
1 0 0 1 2 0 1 2
3 14 0 7 4 16 1 8
21 8 21 14 26 0 12 7
9 1 3 7 10 6 5 3
20 2 17 7 7 3 9 14
28 19 17 14 27 2 7 21
24 29 22 27 33 4 3 32
1 1 2 1 1 0 0 1
11 9 7 1 4 17 7 10
3 13 20 10 22 20 18 14
2 1 0 2 1 4 2 0
8 8 6 4 6 3 6 5
5 21 18 23 11 3 17 21
15 8 9 16 3 10 19 6
16 9 1 4 12 4 12 5
1 0 4 1 0 2 4 4
2 1 2 1 1 0 0 1
5 0 7 4 8 9 7 10
3 6 27 21 14 7 17 16
15 14 12 5 27 28 17 5
7 5 7 0 8 4 1 12
5 17 12 5 1 11 4 1
0 18 15 9 16 18 4 3
3 10 20 2 13 25 24 17
15 26 2 22 16 23 22 2
28 25 13 8 2 23 14 29
0 18 29 9 2 7 23 2
1 1 0 2 2 2 0 1
14 0 11 23 24 24 19 6
23 25 14 11 5 32 1 17
25 12 8 5 12 31 0 10
4 35 17 0 0 10 9 18
0 9 11 10 13 13 3 13
0 3 0 1 4 10 9 3
2 3 4 0 4 0 5 2
33 23 8 29 19 13 17 30
9 13 14 17 21 0 22 26
3 0 1 1 4 4 2 3
10 8 0 19 2 10 12 6
14 2 11 18 23 25 21 21
0 2 0 8 2 12 25 3
19 12 24 18 11 18 13 9
11 28 24 22 6 24 4 18
8 11 10 7 7 3 14 9
9 14 23 10 19 6 19 6
3 12 15 4 2 19 16 6
0 3 4 6 3 1 6 6
2 3 10 2 6 0 9 8
13 10 4 18 19 13 16 9
1 4 1 0 1 4 1 2
10 17 22 16 3 9 3 25
14 10 6 12 6 17 19 19
2 1 0 1 1 0 2 1
4 0 4 1 2 4 0 3
18 3 26 21 18 15 18 17
16 30 29 3 18 32 1 27
1 4 0 2 1 6 1 4
10 3 2 16 2 9 18 11
2 2 17 4 16 9 10 20
4 6 2 1 3 4 2 3
0 1 2 2 0 0 0 1
11 0 6 7 0 10 3 1
14 4 9 13 8 17 9 3
0 3 0 1 2 0 2 4
23 20 21 13 6 31 32 20
21 3 2 21 13 14 14 18
2 21 3 4 0 8 13 4
3 8 7 5 3 6 2 2
10 8 8 12 6 11 12 3
9 1 8 8 2 5 10 8
7 1 10 8 16 12 14 1
23 20 6 12 6 0 26 27
5 6 17 24 19 32 22 19
32 29 13 10 17 8 6 17
20 5 19 16 1 14 8 7
7 0 3 8 22 22 15 4
14 30 34 18 6 13 10 25
35 8 0 17 27 18 28 32
16 11 12 5 1 0 9 16
11 14 11 2 13 7 10 3
8 8 4 0 8 7 13 3
3 1 4 2 6 17 11 7
0 3 4 4 2 4 1 0
21 23 14 5 3 21 12 22
2 2 2 0 1 1 0 1
14 20 16 20 17 18 18 5
34 3 13 1 8 8 25 20
27 18 1 22 16 4 32 2
2 0 0 2 1 0 1 0
3 4 2 1 2 0 0 1
3 9 7 7 1 3 10 10
7 2 9 6 6 0 3 2
20 15 6 15 2 7 5 3
2 1 20 4 20 9 19 0
20 19 12 20 22 30 8 24
9 16 24 29 19 25 12 30
4 17 7 0 18 18 10 3
0 0 1 0 7 8 4 0
1 2 4 3 1 4 3 3
5 0 2 0 3 0 1 0
6 7 5 1 0 5 2 0
16 4 14 6 18 5 2 9
0 6 0 0 6 0 3 2
36 10 36 14 1 24 24 22
1 1 2 0 2 0 1 0
5 0 0 11 0 9 1 6
1 2 1 3 1 1 4 3
8 8 10 10 4 2 8 7
4 1 3 6 3 5 1 4
7 5 2 7 7 10 1 8
7 19 15 13 14 10 19 5
13 2 1 10 10 15 10 11
6 9 3 0 9 4 26 6
1 0 1 0 1 2 0 2
2 14 6 16 10 13 14 8
1 3 0 5 5 5 0 6
8 12 4 8 12 5 4 3
8 0 12 7 13 8 8 16
25 13 28 18 14 13 5 6
1 2 2 1 0 1 2 0
6 6 2 3 5 1 3 1
3 3 0 3 1 0 1 4
6 12 4 7 8 10 4 11
15 3 10 5 15 4 4 1
25 7 25 2 20 24 3 23
6 8 5 3 1 2 5 4
3 2 2 5 5 8 9 7
25 22 16 23 2 7 22 16
15 11 15 2 10 4 17 6
0 1 0 1 2 0 1 2
1 15 21 20 21 15 16 18
4 4 5 1 2 8 0 1
9 9 8 7 11 12 2 1
3 3 0 8 1 8 3 5
27 34 25 20 36 31 32 7
2 2 1 4 2 4 0 4
3 7 2 1 4 1 5 0
1 0 0 1 2 2 0 0
5 0 5 2 5 7 4 0
0 2 0 1 0 0 1 2
16 16 25 2 1 6 1 20
33 2 2 27 4 17 0 9
0 28 15 18 3 22 24 25
19 1 21 7 10 17 10 1
1 2 4 8 8 7 4 2
3 13 26 2 1 22 0 22
3 4 9 5 7 9 3 1
3 20 12 24 23 24 24 0
0 34 25 14 34 36 15 32
1 1 1 0 4 1 2 2
14 5 7 3 7 14 17 18
3 21 22 23 14 6 4 27
12 22 7 16 6 21 6 5
17 2 20 7 15 22 1 18
9 11 3 3 8 17 28 21
10 7 10 3 1 3 3 2
9 4 10 5 11 7 0 2
13 21 12 7 31 18 26 6
10 7 7 13 12 11 15 3
2 4 0 1 4 0 3 3
0 3 4 3 2 2 3 0
13 1 0 9 28 10 9 24
2 4 6 6 12 9 4 12
12 6 8 2 3 1 2 12
11 14 12 26 10 15 6 26
3 1 4 5 4 1 1 5
9 9 1 18 5 7 21 6
8 9 9 4 8 2 6 8
16 29 2 5 10 16 5 1
2 0 19 6 21 10 15 11
4 2 0 2 5 2 5 3
11 3 11 4 7 4 2 3
14 7 16 18 20 29 8 16
15 8 4 16 12 0 20 4
14 11 0 0 1 7 10 6
4 1 6 1 5 6 4 3
3 4 8 3 3 7 3 4
4 7 1 6 2 13 15 14
5 27 30 2 35 7 31 24
1 4 17 1 1 18 18 1
33 14 35 17 34 6 18 23
1 0 2 1 1 1 0 1
30 1 9 6 27 31 11 12
6 0 8 15 20 21 19 1
18 18 6 3 13 4 3 16
10 5 6 7 14 7 2 3
30 2 28 11 14 20 26 10
16 0 1 7 1 16 6 2
0 6 1 6 5 6 0 1
9 12 34 24 19 6 20 26
12 14 15 1 2 7 16 10
13 10 8 13 12 14 3 7
0 1 27 29 5 22 30 17
10 9 0 16 10 9 10 12
0 7 2 2 3 3 6 3
13 9 10 6 6 14 2 13
9 5 1 4 3 5 5 9
6 1 11 5 18 11 17 3
11 14 10 15 13 20 7 7
15 4 5 23 30 14 13 4
0 0 3 8 16 8 9 9
4 3 0 6 0 3 5 4
23 20 18 28 14 19 7 31
12 4 2 16 12 3 2 18
11 2 3 11 17 1 18 6
0 20 10 12 3 17 14 11
21 15 18 17 30 25 2 1
17 11 9 3 2 20 4 18
30 15 18 32 13 17 1 16
1 0 6 6 1 3 2 3
8 4 8 3 1 5 2 8
2 0 3 3 2 0 2 2
9 6 17 15 4 2 10 1
2 0 2 0 1 2 0 1
6 31 17 6 22 32 36 13
3 8 8 6 4 7 2 3
2 12 17 1 20 0 11 8
7 20 3 1 16 19 10 11
9 9 24 5 0 16 19 2
10 4 19 4 15 10 6 5
27 7 30 27 5 21 9 23
5 6 8 2 8 4 5 4
8 11 16 3 7 19 21 8
3 7 0 2 5 7 6 7
5 12 11 5 6 6 8 9
21 0 1 16 4 5 30 16
1 35 25 18 17 5 19 15
16 17 6 21 18 1 5 22
11 5 1 12 8 9 2 11
8 6 8 5 4 8 4 8
17 5 20 11 1 0 5 15
17 14 16 20 6 3 20 1
15 3 32 25 17 17 13 17
5 9 2 5 0 6 7 5
34 6 30 24 34 16 23 14
1 0 0 8 0 5 3 1
4 5 4 0 6 5 4 1
23 16 0 3 29 11 26 12
8 4 8 5 8 6 5 7
36 19 29 9 7 16 9 33
7 1 3 1 10 7 3 10
6 1 5 6 4 4 4 4
22 20 13 26 14 11 12 9
6 4 6 1 5 8 4 2
17 10 12 15 8 25 22 25
32 1 2 15 0 32 29 26
3 19 8 1 16 11 24 13
14 2 14 15 0 3 10 13
7 16 5 0 3 18 16 2
2 2 2 1 2 1 2 0
19 18 3 12 22 11 3 3
11 9 6 4 2 6 0 7
9 35 29 21 35 22 29 0
14 1 3 14 0 7 23 10
1 4 1 4 1 4 2 3
12 3 17 5 6 22 7 17
9 7 5 14 3 11 6 5
1 1 4 4 2 1 3 3
15 11 24 0 20 2 3 5
2 2 4 4 2 0 2 3
9 28 22 0 17 0 20 9
2 15 12 10 16 0 3 15
6 14 14 0 10 19 5 3
10 7 22 11 13 12 4 22
2 20 12 24 6 17 15 1
1 0 4 2 4 0 1 1
15 23 25 1 20 30 28 25
0 12 2 8 12 10 5 11
5 1 9 20 1 17 34 34
12 3 9 8 11 13 5 0
12 4 16 15 14 13 8 8
6 3 23 14 11 26 20 12
3 26 6 11 24 8 5 4
10 1 14 16 14 3 14 0
18 15 14 2 2 22 12 5
14 16 0 4 8 17 10 2
0 5 6 5 6 10 0 10
23 31 20 16 29 30 14 7
18 12 22 19 15 3 12 14
22 6 15 5 23 28 3 16
9 10 26 12 9 10 18 26
9 6 29 7 17 9 11 17
2 2 1 1 2 0 2 2
3 15 5 6 3 13 10 1
2 18 10 1 11 11 22 2
12 4 11 5 7 8 13 6
15 2 15 15 1 6 20 4
4 2 4 1 4 3 1 1
4 0 3 0 4 6 8 7
0 1 5 6 0 0 6 1
7 6 9 8 3 1 1 0
2 0 1 0 0 1 2 0
9 11 15 3 19 10 6 4
22 19 14 15 14 0 9 11
19 3 2 14 16 17 7 10
23 3 6 1 34 17 19 12
10 8 4 15 19 13 1 10
3 0 5 1 4 0 1 4
3 4 3 3 2 8 7 0
11 17 2 10 6 4 17 2
6 11 8 19 4 1 9 2
1 2 6 5 5 6 1 5
28 22 3 6 6 10 18 4
2 9 16 24 24 5 0 16
0 7 0 8 5 31 31 3
2 0 0 4 8 7 5 0
3 8 6 4 3 6 9 10
12 26 12 26 25 13 21 11
0 1 2 2 2 0 1 2
2 1 2 2 2 2 0 1
3 1 2 3 3 1 2 4
4 1 2 10 8 2 6 11
0 10 3 6 4 9 5 5
0 5 4 5 6 2 6 4
1 12 5 13 13 7 3 0
1 19 11 14 15 18 5 10
10 8 13 3 12 4 0 6
10 3 7 0 4 1 5 7
20 13 15 1 12 15 7 18
4 8 10 6 3 5 7 2
0 4 8 2 9 6 9 2
4 3 5 1 6 6 4 6
32 14 7 36 15 8 17 34
5 12 9 6 14 12 2 7
0 0 2 2 2 1 1 1
5 4 2 4 1 4 4 7
18 8 31 13 11 8 7 32
14 3 2 7 11 13 13 15
21 21 14 8 0 1 10 11
2 18 27 29 21 5 0 7
0 7 0 4 5 4 5 7
11 17 8 9 4 4 16 14
9 7 6 4 7 11 1 4
0 4 5 2 1 1 3 6
12 17 4 4 12 15 9 7
7 20 15 3 0 16 23 15
0 0 2 2 1 2 1 1
24 16 16 29 31 17 5 19
