1 2 7
1 3 7
1 4 2
1 5 6
2 6 6
3 7 7
4 7 3
5 8 1
6 9 1
6 10 5
7 11 4
7 12 5
7 13 5
7 14 5
8 15 7
8 16 7
9 17 4
10 18 6
10 19 4
11 20 2
12 21 7
13 22 6
14 23 2
14 24 4
15 25 1
15 26 6
16 27 7
17 28 5
18 29 2
19 29 2
20 30 6
21 31 5
22 31 2
23 31 5
24 31 6
25 32 6
26 32 5
27 32 2
28 33 5
28 34 4
28 35 5
29 36 5
30 37 4
31 38 3
31 39 3
31 40 2
32 41 4
33 42 3
34 42 3
35 43 1
36 43 3
37 43 5
38 44 4
39 44 5
40 45 5
41 46 7
42 47 5
42 48 2
43 49 7
44 50 6
45 51 3
45 52 2
46 53 7
46 54 1
46 55 4
47 56 6
48 57 2
49 58 7
50 59 6
51 60 6
52 61 7
53 62 1
54 63 4
55 64 6
56 65 4
57 66 6
58 66 5
59 67 3
60 68 2
61 68 6
62 69 3
63 69 5
64 70 2
65 71 2
66 72 5
67 73 3
68 74 5
69 75 2
70 75 6
71 76 3
71 77 1
72 78 5
73 79 5
74 80 5
74 81 2
74 82 4
75 83 3
75 84 5
76 85 2
77 86 3
78 87 1
79 88 1
80 89 5
81 90 7
82 91 5
83 92 1
84 93 2
85 94 6
86 95 6
87 96 1
87 97 4
87 98 5
88 99 7
89 100 3
89 101 5
89 102 4
89 103 1
89 104 3
90 105 6
90 106 2
90 107 6
90 108 7
91 109 7
91 110 5
92 111 4
92 112 2
92 113 2
92 114 4
93 115 1
93 116 4
94 117 2
95 117 4
96 117 6
97 117 3
98 117 5
99 117 2
100 117 2
101 117 2
102 118 4
103 118 3
104 118 4
105 119 3
106 119 3
107 119 3
108 120 7
109 120 6
110 120 3
111 120 4
112 121 7
113 121 5
114 121 1
115 121 2
116 121 6
117 122 3
118 123 5
119 124 4
120 125 3
121 126 2
121 127 6
122 128 1
122 129 4
122 130 2
122 131 3
123 132 6
124 133 4
125 134 4
126 135 5
127 136 7
127 137 2
128 138 6
129 138 5
130 139 7
131 139 3
132 140 1
133 140 2
134 140 2
135 141 6
136 141 5
137 141 3
138 142 5
139 143 5
139 144 3
139 145 5
140 146 6
140 147 1
140 148 1
141 149 1
142 150 6
143 151 6
144 152 4
145 153 7
146 154 2
147 155 5
148 156 2
149 157 1
150 158 3
151 158 5
152 159 3
153 160 1
154 160 2
155 161 5
156 162 2
157 162 5
158 163 6
159 164 1
160 165 2
161 166 3
162 167 7
163 168 6
164 169 1
165 170 7
166 171 7
167 171 6
168 172 4
168 173 3
169 174 1
169 175 4
170 176 6
170 177 6
170 178 4
171 179 3
171 180 3
171 181 3
171 182 4
172 183 2
173 183 6
174 183 7
175 184 3
176 185 6
177 185 4
178 186 5
179 187 7
180 188 4
181 189 4
182 190 2
183 191 5
184 192 7
185 192 1
186 192 5
187 192 4
188 193 2
189 193 5
190 194 4
191 195 7
191 196 3
192 197 7
193 198 7
194 199 2
195 200 3
196 200 6
197 200 6
198 200 2
199 200 5
