4 8 7 5 3 7 9 7 9 9 7 8 6 3 7 4
3 2 1 3 3 2 1 2 2 3 1 1 2 1 1 2
4 2 5 4 5 2 4 5 4 4 2 4 3 4 2 3
11 4 6 8 11 5 11 11 8 6 8 5 9 8 8 9
1 2 2 1 2 1 2 1 1 2 1 1 1 2 1 2
4 11 6 4 9 5 5 11 8 6 11 4 6 9 6 4
14 10 16 9 7 12 14 12 9 12 9 7 20 19 17 19
17 16 7 16 7 13 14 14 16 10 10 20 20 19 16 9
6 11 10 6 8 11 8 5 5 11 12 12 10 8 8 4
10 11 13 10 6 6 13 9 14 15 12 8 11 11 15 14
1 3 3 2 1 2 1 2 2 3 3 1 3 3 1 1
7 6 7 6 8 9 4 4 7 4 8 9 8 5 7 4
21 15 10 8 18 9 14 7 18 8 8 16 11 17 17 7
7 4 5 6 8 8 4 8 5 8 7 4 3 3 6 8
23 18 23 23 15 16 21 9 10 11 8 9 10 12 12 11
5 8 6 11 7 9 6 8 7 5 7 11 4 7 6 10
18 10 14 20 15 18 19 20 8 12 18 16 23 11 14 19
1 1 1 1 2 1 1 1 1 2 1 2 1 2 1 1
1 1 2 2 1 1 2 1 2 1 2 2 1 2 1 2
4 5 6 6 3 6 3 5 4 5 4 2 6 3 6 6
2 3 3 1 3 1 3 1 3 2 2 1 1 3 1 2
15 16 12 10 10 10 15 16 16 19 13 19 11 18 16 14
5 8 7 7 5 11 10 5 4 4 8 11 9 5 4 7
12 13 13 7 7 17 20 12 7 14 20 11 11 8 20 9
4 8 11 11 7 7 4 6 8 7 12 5 6 5 8 8
18 17 20 9 10 11 16 17 14 13 15 16 19 15 11 23
17 7 7 10 10 6 6 13 13 16 14 7 15 9 12 8
14 6 13 7 10 10 5 11 10 9 11 12 6 10 5 6
13 18 11 17 18 17 18 18 20 14 15 19 20 15 18 14
2 2 4 3 5 4 3 4 3 3 5 2 2 3 2 3
16 18 14 18 18 7 19 10 13 13 19 10 14 16 11 8
17 13 7 17 8 13 20 8 7 18 20 16 10 19 14 14
1 1 1 2 1 2 1 1 1 1 2 1 1 2 2 2
14 10 17 13 9 17 8 10 13 15 11 14 16 11 16 12
5 10 7 8 9 6 8 6 7 10 5 9 12 5 8 10
11 19 23 11 8 22 10 14 17 24 8 8 23 22 20 23
5 6 12 13 6 14 7 6 12 10 9 11 9 8 13 6
16 7 17 20 12 8 17 17 15 14 15 20 12 9 16 8
6 6 15 7 7 6 12 8 16 10 6 8 16 9 6 11
11 8 5 9 11 8 7 11 6 5 11 11 8 10 11 9
4 5 4 5 5 5 5 5 4 5 2 4 5 4 5 5
1 3 2 2 1 3 3 3 2 2 3 3 1 1 3 3
5 10 5 7 10 8 7 4 6 10 5 11 9 6 11 9
13 14 10 16 17 16 6 11 17 13 9 9 6 17 9 15
9 7 13 12 12 8 13 8 11 7 5 8 14 12 8 8
4 4 2 3 4 3 3 3 5 2 2 4 3 2 3 4
23 8 12 18 15 15 23 19 20 10 13 13 16 15 17 13
7 9 11 10 16 14 12 9 18 16 8 10 13 13 18 14
3 2 3 3 1 2 1 1 2 3 2 2 1 3 3 3
10 9 15 7 16 14 13 12 16 9 6 11 15 17 11 17
6 5 9 5 7 7 10 9 10 9 4 5 6 10 4 9
7 6 7 6 3 8 3 4 3 6 3 7 4 8 8 5
7 12 16 7 8 11 16 16 13 12 10 9 11 6 10 13
2 1 2 1 2 2 1 3 3 3 3 2 1 3 1 3
3 3 3 2 1 3 3 3 3 3 2 1 2 2 2 3
20 21 16 16 15 21 22 13 10 19 21 19 22 10 13 22
7 12 6 4 7 4 5 8 11 11 8 5 12 4 5 8
2 2 4 3 4 6 4 2 5 5 2 3 4 5 5 4
2 3 4 3 2 3 4 4 5 4 5 3 5 3 2 3
1 1 3 1 1 1 3 2 3 2 3 2 1 3 1 1
3 3 2 1 1 2 1 2 3 2 2 3 3 3 1 2
4 5 5 5 5 2 5 4 6 6 5 2 2 6 4 3
8 3 4 7 5 7 9 6 8 6 6 4 9 4 5 5
13 20 12 18 15 14 14 16 15 18 18 8 13 7 19 12
9 11 18 7 8 17 12 11 16 18 8 10 15 7 9 16
3 1 2 2 3 2 1 2 2 2 2 2 2 1 2 2
16 9 10 13 16 13 10 10 9 15 17 22 14 8 15 12
11 4 6 5 5 12 4 12 7 4 12 6 5 7 8 7
2 2 5 3 5 5 4 3 4 5 5 3 2 4 4 2
6 16 8 9 14 11 10 14 8 7 10 8 10 13 9 14
13 15 9 20 18 10 7 12 8 8 19 14 14 18 20 9
8 6 11 8 7 9 7 4 11 6 4 4 11 8 11 8
8 9 12 18 8 13 20 23 15 18 9 8 19 12 12 14
12 11 12 9 19 7 18 20 14 20 16 11 15 20 11 16
13 12 16 18 18 11 17 21 13 17 19 17 7 9 21 9
15 15 17 14 17 10 10 10 8 16 19 20 9 13 7 13
6 3 8 5 7 4 4 4 8 4 3 6 7 5 8 4
6 6 8 3 5 6 4 4 9 9 4 7 7 3 9 9
5 4 8 5 12 11 10 10 4 10 7 5 8 7 10 10
5 3 3 6 3 2 6 2 3 2 3 4 4 5 4 2
3 3 3 4 5 2 2 2 4 3 5 3 3 3 4 4
15 18 8 10 13 11 7 7 15 13 11 12 11 12 17 19
3 3 5 5 4 3 4 2 2 2 5 3 5 2 5 4
8 12 8 11 19 7 17 19 16 11 18 19 11 14 15 17
11 20 8 19 15 10 20 22 15 19 15 9 8 14 19 8
7 5 4 7 3 5 6 3 3 3 6 8 3 8 7 5
9 9 11 8 14 5 7 13 11 5 5 5 6 7 12 5
8 9 5 4 11 8 9 7 5 10 4 6 5 4 11 10
5 11 8 9 9 7 4 7 4 5 6 9 10 11 10 11
6 8 14 10 6 10 9 10 6 7 14 5 6 14 7 14
20 11 20 8 12 19 20 20 14 12 18 10 13 9 10 10
8 3 6 5 8 3 8 4 4 4 5 6 4 3 7 3
22 20 18 21 23 21 10 11 10 12 10 15 11 19 14 9
15 11 17 13 13 18 7 18 6 6 9 14 17 18 10 14
4 4 3 3 3 6 5 2 6 2 4 4 3 2 3 2
6 7 10 9 4 11 7 10 10 9 7 7 9 9 4 12
24 21 22 13 24 22 14 24 14 12 8 10 14 17 15 24
3 5 3 2 5 3 4 6 6 6 2 6 4 2 4 6
5 3 4 6 3 5 4 5 3 3 4 3 5 6 3 5
3 3 3 1 3 3 2 2 3 2 1 2 2 3 2 2
14 13 6 8 10 7 7 6 11 13 10 6 9 9 10 5
6 12 6 6 7 10 4 8 7 6 12 4 8 6 12 8
2 5 5 6 3 4 3 4 4 5 5 2 3 2 6 6
10 20 17 12 9 9 13 14 19 15 18 18 14 7 11 9
11 4 10 5 11 12 10 6 10 7 6 11 12 6 6 7
17 14 13 20 15 22 13 9 8 17 12 18 21 16 15 19
3 3 6 6 8 8 6 5 4 6 4 4 8 7 4 4
2 4 2 4 2 5 4 3 5 2 2 2 5 3 3 5
2 3 6 2 3 6 2 3 5 4 2 6 3 6 6 2
9 8 7 7 11 14 13 14 9 10 12 10 13 10 7 11
4 3 4 5 3 3 7 7 6 4 6 4 4 7 7 3
9 10 14 7 11 11 7 11 14 7 10 6 11 9 10 10
3 3 5 2 6 5 4 5 6 6 2 2 3 4 3 4
11 13 11 17 8 12 17 15 16 9 13 11 6 8 14 13
5 2 5 3 5 2 2 2 3 3 3 5 2 5 4 4
5 5 4 8 11 10 7 5 8 4 7 9 7 5 10 6
16 23 11 20 12 12 8 23 19 17 18 13 14 12 22 15
11 15 6 9 14 10 12 10 6 12 10 14 9 5 15 7
9 18 16 20 9 10 14 19 10 11 10 8 7 18 7 8
11 10 10 11 7 10 11 11 11 12 5 6 7 7 12 12
7 5 7 4 7 4 7 7 6 4 6 7 7 6 5 6
11 15 6 9 10 14 18 12 6 16 10 16 18 10 15 15
12 17 20 9 18 16 14 21 13 8 22 18 15 8 24 11
10 9 8 10 9 11 8 8 5 7 9 5 9 9 8 10
15 13 7 13 9 18 6 17 7 18 18 16 10 16 8 8
18 13 17 7 10 13 11 6 18 7 9 12 6 17 18 7
1 1 2 3 2 2 3 1 3 1 2 3 2 3 3 1
5 6 8 11 14 7 8 11 6 11 9 8 12 5 9 5
11 8 4 6 10 9 10 7 4 12 11 4 10 6 9 7
5 9 11 8 11 4 11 7 6 6 5 11 6 6 11 11
20 16 13 19 19 10 10 7 9 19 19 20 9 14 12 13
7 13 13 18 16 6 11 10 13 16 13 14 15 7 6 6
4 3 5 5 8 4 7 5 5 3 8 4 3 4 9 4
12 24 13 24 8 19 17 13 9 8 21 23 19 14 17 17
23 18 21 9 16 14 23 17 10 21 23 23 11 17 24 8
2 6 4 4 4 6 5 6 4 5 6 2 5 5 6 3
4 5 5 5 3 2 5 5 3 4 5 3 3 3 5 5
10 10 15 8 10 10 14 7 13 13 15 6 14 11 10 15
10 10 8 13 12 7 10 8 12 8 5 8 11 8 6 7
3 6 7 6 5 7 5 4 8 6 5 7 6 3 3 3
2 4 5 2 5 4 3 3 5 3 3 3 3 2 3 5
3 3 4 3 5 2 2 2 2 5 3 2 3 2 5 5
3 4 5 5 4 8 7 8 8 4 7 9 9 3 7 8
2 1 1 1 1 1 1 2 2 2 1 2 1 2 1 1
1 1 2 2 1 2 2 1 1 2 1 2 1 2 2 1
13 6 11 12 13 9 16 7 18 6 6 14 14 9 13 8
10 9 9 11 4 9 11 5 5 6 10 6 11 6 11 8
12 12 10 5 6 13 12 11 10 9 13 13 11 13 9 13
8 10 15 14 12 15 17 6 17 16 6 9 10 16 17 11
10 6 8 10 12 11 9 12 15 14 10 10 7 13 11 9
4 9 7 8 9 4 10 4 7 11 4 9 8 11 5 11
3 5 3 5 4 6 3 4 2 5 6 5 6 5 5 2
5 3 4 6 2 2 2 2 4 3 5 2 3 6 5 6
3 4 4 5 5 2 4 3 2 2 3 3 4 5 3 3
12 20 11 8 16 10 16 14 18 20 17 14 11 16 7 9
8 16 19 10 16 20 10 22 17 23 15 23 12 16 20 21
21 12 12 20 21 18 9 15 23 23 18 13 17 19 18 10
10 8 14 10 10 6 14 8 9 7 5 8 7 5 8 11
10 7 5 7 9 6 7 5 10 11 8 4 7 9 6 10
14 20 10 17 16 20 14 8 11 9 11 17 9 17 18 11
7 7 7 20 7 19 12 15 8 16 8 14 11 16 13 15
4 5 4 5 6 7 9 7 8 8 8 6 3 7 9 5
10 10 20 16 15 14 12 8 17 16 15 19 15 13 9 16
5 2 2 3 3 5 2 2 5 4 4 2 2 4 3 2
19 16 11 11 8 18 16 18 14 9 8 14 20 13 12 18
14 6 6 14 18 16 14 15 10 15 13 18 9 7 11 8
11 9 11 11 6 10 9 4 7 9 4 11 10 5 10 4
5 10 6 6 8 12 5 5 14 12 7 13 7 11 11 8
10 11 5 9 10 11 6 10 9 9 6 6 10 7 4 4
20 21 16 12 13 21 12 11 16 13 18 22 21 23 8 17
15 11 10 18 6 16 13 16 12 7 13 15 7 9 11 18
4 3 6 5 3 2 5 2 2 6 6 4 6 6 4 6
7 9 10 6 9 14 8 15 9 7 8 14 9 5 12 11
10 21 10 12 11 19 11 18 9 20 22 13 18 16 19 21
12 5 7 5 8 8 9 8 4 5 12 12 6 4 6 7
14 17 23 10 9 24 15 9 19 10 15 10 17 8 8 8
11 11 13 11 15 7 13 5 14 14 10 6 11 15 12 6
5 12 10 14 8 11 5 8 10 12 14 11 9 13 9 11
8 4 8 11 9 8 10 9 7 9 6 6 5 4 10 5
2 1 2 2 2 1 1 1 2 2 2 1 2 1 2 2
11 23 22 16 17 14 11 16 8 21 17 22 16 18 23 9
6 11 6 8 5 9 4 7 10 7 5 7 10 11 10 7
2 2 1 2 2 1 1 1 1 2 2 1 2 2 2 1
4 4 7 8 3 8 8 4 5 6 5 4 7 6 5 6
10 13 11 18 24 13 18 10 10 20 13 20 21 22 18 20
10 9 16 14 16 19 13 7 16 15 19 20 19 7 16 10
6 5 6 4 5 3 8 4 4 7 6 3 3 6 8 8
3 4 4 5 2 2 3 4 3 4 5 4 3 2 4 6
12 17 8 8 12 14 9 10 6 12 16 15 15 14 8 17
11 12 14 11 5 11 12 8 13 12 13 7 5 7 10 12
5 7 7 3 5 6 8 7 7 9 9 6 8 5 3 3
5 5 2 3 5 3 4 2 2 3 4 3 2 4 3 2
8 10 8 6 7 4 5 11 10 6 10 10 10 4 11 9
2 3 2 2 2 4 4 2 5 4 3 4 4 3 2 5
6 15 12 15 9 17 18 15 13 18 16 13 9 18 17 14
11 12 14 9 12 12 6 10 13 5 5 15 9 6 9 15
8 9 4 6 11 7 5 5 4 11 6 8 11 5 4 9
8 4 11 6 4 4 7 6 6 9 11 7 8 5 6 4
16 11 12 15 19 8 14 18 8 21 14 10 12 22 22 11
6 6 2 2 6 3 5 5 5 5 6 3 2 2 5 4
