1 2 8
1 3 16
1 4 13
2 5 11
2 6 13
2 7 4
2 8 11
2 9 7
3 10 14
3 11 14
3 12 5
3 13 17
4 14 12
4 15 9
4 16 4
4 17 13
4 18 14
5 19 14
6 20 13
7 21 2
8 22 17
9 23 15
10 24 13
11 25 8
12 26 12
13 27 13
14 28 2
15 28 11
16 29 8
17 30 17
18 31 5
19 32 1
20 33 8
21 34 6
22 35 9
23 36 15
24 37 13
25 38 11
26 39 2
26 40 7
26 41 8
27 42 17
28 43 14
29 44 11
29 45 1
30 46 3
31 47 2
32 48 7
33 49 10
34 50 11
35 51 13
35 52 1
36 53 5
37 54 2
38 55 4
39 56 13
39 57 13
40 58 7
41 59 17
42 60 2
43 61 13
44 62 15
45 63 10
46 64 13
47 65 13
48 66 2
49 67 10
50 68 13
51 68 12
52 69 8
53 70 13
54 71 7
55 72 13
56 73 5
57 73 17
58 74 15
59 75 14
60 76 3
61 77 2
62 78 11
63 79 12
64 79 14
65 80 6
66 81 12
66 82 10
67 83 11
68 84 6
68 85 3
69 86 5
69 87 1
70 88 16
70 89 16
70 90 8
71 91 9
71 92 11
72 93 2
73 94 12
74 95 15
74 96 13
75 97 14
75 98 4
75 99 9
75 100 6
75 101 2
76 102 16
77 103 8
77 104 12
77 105 8
77 106 10
77 107 9
78 108 16
78 109 10
78 110 1
79 111 4
79 112 17
79 113 5
80 114 13
80 115 1
80 116 11
81 117 2
82 117 13
83 118 10
84 118 8
85 119 17
86 119 5
87 119 10
88 119 8
89 119 13
90 120 11
91 120 17
92 120 16
93 120 11
94 121 10
95 121 15
96 121 5
97 122 9
98 122 12
99 122 10
100 122 2
101 123 12
102 123 8
103 123 16
104 124 10
105 124 13
106 124 15
107 125 6
108 125 16
109 125 6
110 126 17
111 126 2
112 126 5
113 127 9
114 127 6
115 128 11
116 128 4
117 129 12
118 130 15
119 131 12
120 132 6
121 133 16
122 134 8
123 135 7
124 136 10
125 137 4
126 138 1
127 139 3
128 140 16
129 141 13
130 142 15
131 143 1
131 144 13
132 145 10
133 146 8
134 147 11
135 148 14
136 149 9
137 150 7
138 151 14
139 152 9
139 153 7
139 154 4
140 155 17
141 156 14
141 157 15
142 158 15
143 159 17
144 160 5
145 161 15
146 162 10
147 163 13
148 164 11
149 165 9
150 166 5
151 167 1
152 168 4
153 169 1
154 170 12
155 171 5
156 172 12
157 173 15
158 174 1
159 175 1
160 176 15
161 177 2
162 178 11
163 179 8
163 180 2
164 181 4
165 182 16
166 183 3
167 184 11
168 185 9
169 186 6
170 187 12
171 188 7
172 189 11
173 189 3
174 190 10
175 190 12
176 191 9
177 191 14
178 192 10
179 193 1
180 194 10
181 195 12
182 196 8
183 196 3
184 197 12
185 198 5
186 199 12
187 199 4
188 199 4
189 200 14
190 200 4
191 200 12
192 200 10
193 200 11
194 200 5
195 200 4
196 200 4
197 200 10
198 200 7
199 200 11
