1 2 6
1 3 7
1 4 5
1 5 4
2 6 1
2 7 7
2 8 8
2 9 9
2 10 5
3 11 7
3 12 9
3 13 3
4 14 3
4 15 8
4 16 7
5 17 3
5 18 2
5 19 6
5 20 9
5 21 1
6 22 1
6 23 7
7 24 6
7 25 1
8 26 6
9 27 7
10 28 8
11 29 7
12 30 8
13 31 3
14 32 5
15 33 7
16 34 6
17 35 3
18 36 7
19 37 1
20 38 8
21 39 1
22 40 5
23 41 1
24 42 7
25 43 6
26 44 1
27 44 3
28 45 7
29 46 6
30 47 7
31 48 8
32 48 3
33 49 1
34 50 5
35 51 8
36 51 6
37 52 2
38 53 8
39 54 2
40 55 7
41 56 6
42 57 6
43 58 1
44 59 3
45 60 2
46 61 8
47 62 8
48 63 7
49 64 9
50 65 1
51 66 4
52 67 2
53 68 9
54 68 8
55 69 4
56 70 2
57 71 3
58 72 8
59 73 5
60 74 8
61 75 1
62 76 9
63 77 6
64 78 4
65 79 8
65 80 3
65 81 8
65 82 7
66 83 2
66 84 4
67 85 2
68 86 1
69 87 1
70 88 3
71 89 2
72 90 8
73 91 7
74 92 3
75 93 4
76 94 6
77 94 6
78 95 5
79 95 6
80 96 1
81 96 3
82 97 3
83 97 9
84 98 9
85 99 3
86 100 2
87 101 2
88 101 9
89 102 9
90 103 1
91 104 1
92 105 2
93 106 8
94 107 2
95 108 9
96 109 2
97 110 7
98 111 6
99 111 1
100 111 3
101 112 4
101 113 2
101 114 2
102 115 2
103 116 2
103 117 9
104 118 7
105 119 5
106 120 3
107 121 8
108 122 3
109 123 2
110 124 6
111 125 5
111 126 5
112 127 6
113 128 2
114 129 6
115 130 8
116 131 1
116 132 5
117 133 7
118 134 9
119 135 2
120 136 1
121 137 1
121 138 5
122 139 4
123 140 8
124 141 7
125 142 9
126 143 4
127 144 6
128 145 6
129 146 7
129 147 7
130 148 6
131 149 3
132 150 6
133 151 4
134 152 9
135 153 2
135 154 7
136 155 8
137 156 7
137 157 4
138 158 4
139 159 3
140 160 9
141 161 4
142 162 4
143 163 5
143 164 6
144 165 9
145 165 7
146 165 9
147 166 1
148 166 3
149 166 6
150 166 2
151 167 8
152 167 8
153 168 8
154 169 1
155 170 6
156 170 4
157 171 9
158 171 9
159 172 3
160 173 3
161 173 5
162 174 3
163 174 5
164 174 8
165 175 9
165 176 3
166 177 3
167 178 4
168 179 2
169 180 4
169 181 1
170 182 7
171 183 1
172 184 9
172 185 8
173 186 1
173 187 8
174 188 7
174 189 7
175 190 6
176 191 5
177 192 1
178 193 9
178 194 6
178 195 5
179 196 9
179 197 4
180 198 1
181 199 5
182 200 8
183 201 1
184 202 3
185 203 8
186 204 4
186 205 9
187 206 5
188 207 5
189 208 7
190 209 2
191 210 4
192 211 6
193 212 7
194 212 3
195 213 7
196 213 6
197 214 4
198 215 3
199 216 6
200 217 1
201 218 1
202 218 5
203 219 1
204 220 6
205 221 7
206 221 1
207 222 2
208 223 5
209 224 2
210 225 5
211 226 6
212 227 4
212 228 7
213 229 8
214 230 5
215 231 3
216 232 1
217 233 5
218 234 9
219 235 5
219 236 2
220 237 8
220 238 4
220 239 5
221 240 7
222 241 1
222 242 8
223 243 2
224 244 6
225 244 6
226 244 3
227 245 4
228 246 1
229 247 7
230 247 8
231 248 2
232 248 2
233 248 9
234 249 5
235 249 1
236 249 4
237 250 3
238 251 6
239 252 3
240 252 8
241 253 5
242 254 8
243 255 5
244 256 2
244 257 8
245 258 6
245 259 4
246 260 9
246 261 9
247 262 3
248 263 1
248 264 9
249 265 4
250 266 3
251 267 9
252 268 5
252 269 7
253 270 7
254 271 2
254 272 8
255 273 6
256 274 4
257 274 9
258 274 8
259 275 2
260 276 3
261 277 8
262 278 8
263 278 6
264 279 3
265 279 5
266 279 3
267 280 5
268 281 7
269 282 1
270 283 5
271 284 3
272 284 4
273 285 1
274 286 6
275 287 5
276 288 4
277 289 3
278 290 1
278 291 7
279 292 3
280 293 6
281 294 9
282 295 1
283 296 8
284 297 1
284 298 9
285 299 1
285 300 8
285 301 9
286 302 4
287 302 9
288 303 2
289 304 8
290 305 8
291 306 5
292 307 9
293 307 2
294 308 6
295 309 9
296 310 2
297 311 2
298 312 2
299 313 4
300 314 7
301 315 4
302 316 5
303 317 1
303 318 5
304 319 2
304 320 2
305 321 1
305 322 7
306 323 4
307 324 6
308 325 7
309 326 8
310 327 2
311 328 8
312 329 6
313 330 1
314 331 5
314 332 6
315 333 7
315 334 4
316 335 9
317 336 4
318 337 1
319 338 2
320 339 5
321 339 8
322 339 5
323 340 9
324 341 7
325 341 2
326 342 8
327 343 1
328 343 1
329 344 3
330 345 4
331 346 1
332 347 4
333 348 3
334 349 9
335 350 6
336 351 8
337 352 7
337 353 7
338 354 9
338 355 9
339 356 5
339 357 8
340 358 8
341 359 2
341 360 6
342 361 5
343 362 9
344 363 2
345 364 4
345 365 6
346 366 2
346 367 8
347 368 2
348 369 5
349 370 1
350 371 4
351 372 2
352 373 3
353 374 6
354 374 2
355 375 9
356 376 1
357 377 7
358 378 3
359 378 7
360 378 7
361 379 9
362 380 8
363 381 1
364 382 5
365 383 5
366 384 7
367 385 4
368 386 4
369 387 8
370 388 2
371 389 6
372 390 4
373 391 4
374 392 2
375 393 1
376 394 7
377 395 4
378 396 8
378 397 8
379 398 5
380 399 6
381 400 7
381 401 5
382 402 2
383 403 3
383 404 9
384 405 7
385 406 5
386 407 2
387 408 8
388 409 6
389 410 9
390 411 9
390 412 3
391 413 5
392 414 1
392 415 7
393 416 9
394 417 4
395 418 8
395 419 7
395 420 4
396 421 7
396 422 1
397 423 5
397 424 3
398 425 7
398 426 4
398 427 7
399 428 5
400 429 3
400 430 6
401 431 3
402 432 3
402 433 1
403 434 7
403 435 7
403 436 6
404 437 6
404 438 5
405 439 8
405 440 6
405 441 5
405 442 8
406 443 3
407 444 2
407 445 4
408 446 3
408 447 3
408 448 3
409 449 3
409 450 7
410 451 2
411 452 4
412 452 5
413 453 6
414 453 5
415 454 3
416 455 2
417 456 3
418 456 2
419 456 3
420 456 2
421 457 6
422 458 5
423 458 3
424 458 7
425 458 4
426 459 9
427 459 4
428 459 6
429 459 8
430 460 9
431 460 6
432 461 2
433 462 8
434 462 8
435 463 2
436 463 1
437 463 6
438 464 8
439 464 9
440 464 2
441 465 6
442 466 8
443 466 6
444 466 8
445 466 9
446 466 1
447 467 4
448 467 6
449 468 2
450 469 5
451 470 5
452 471 3
453 472 2
454 473 6
455 474 7
456 475 3
457 476 1
458 477 7
459 478 7
460 479 4
461 480 4
462 481 3
463 482 8
464 483 1
465 484 9
466 485 3
467 486 1
468 487 9
469 488 4
470 489 4
471 490 9
472 491 3
473 492 8
474 493 2
475 494 4
476 495 4
477 496 4
478 497 1
479 498 2
480 499 1
481 500 8
482 501 5
483 502 2
484 503 8
485 504 2
486 505 7
487 506 6
488 507 9
489 508 5
490 509 6
490 510 4
491 511 6
491 512 9
492 513 7
492 514 4
493 515 6
494 516 6
495 517 2
496 518 1
496 519 7
497 520 1
498 521 6
499 522 2
500 523 5
501 524 7
501 525 7
502 526 2
503 527 1
503 528 4
504 529 5
505 530 6
506 531 6
507 532 5
508 533 9
509 533 3
510 534 9
511 535 7
512 536 8
513 537 6
514 538 7
515 539 4
516 540 7
517 541 7
518 541 4
519 542 1
520 543 9
521 544 3
522 545 5
523 546 5
524 547 7
525 548 8
526 549 7
527 549 9
528 549 8
529 550 9
530 551 1
531 552 4
532 552 7
533 553 9
534 554 7
535 555 8
536 556 5
537 557 4
538 557 7
539 558 6
540 559 5
541 560 1
542 560 8
543 561 5
544 562 6
545 562 1
546 563 9
547 564 5
548 565 1
549 566 9
550 567 7
551 567 5
552 568 3
553 569 2
553 570 3
554 571 8
554 572 1
555 573 7
556 574 3
557 575 9
558 576 4
558 577 1
559 578 6
560 579 9
561 580 4
561 581 1
562 582 7
563 583 2
564 584 7
565 585 8
565 586 3
566 587 2
567 588 1
568 589 7
568 590 5
569 591 5
570 592 6
571 592 2
572 593 7
573 594 9
574 595 4
575 596 8
576 596 6
577 596 1
578 597 6
579 598 7
580 598 2
581 599 7
582 599 8
583 600 6
584 600 2
585 601 4
586 602 2
587 603 7
588 603 1
589 604 5
590 604 3
591 605 7
592 606 8
593 606 2
594 607 8
595 608 4
596 609 4
597 610 6
598 611 6
599 612 1
600 613 4
601 614 8
602 615 5
603 616 5
604 617 7
605 618 9
606 619 3
607 620 2
608 621 9
609 622 2
610 623 3
611 624 6
611 625 4
612 626 5
612 627 7
613 628 2
614 629 9
614 630 9
615 631 3
616 632 6
616 633 4
617 634 6
618 635 5
619 636 4
620 637 8
621 638 5
622 638 4
623 639 8
624 640 7
625 641 4
626 642 1
627 643 9
628 644 9
629 645 1
630 646 5
631 647 6
632 648 1
633 649 6
634 650 3
635 651 2
636 652 3
637 653 7
637 654 3
638 655 6
639 656 1
639 657 5
639 658 3
639 659 7
640 660 7
641 661 9
641 662 2
641 663 8
642 664 2
643 665 8
644 666 9
645 667 9
646 668 3
647 669 1
648 670 4
648 671 8
648 672 3
649 673 2
649 674 6
650 675 8
650 676 8
651 677 8
652 677 3
653 678 2
654 679 3
655 679 9
656 680 9
657 680 4
658 680 3
659 681 4
660 681 4
661 682 8
662 682 1
663 683 1
664 683 7
665 683 5
666 683 7
667 684 3
668 685 4
669 685 2
670 686 9
671 686 6
672 687 8
673 688 1
674 688 5
675 689 7
676 689 1
677 690 4
677 691 2
678 692 5
679 693 4
680 694 3
681 695 8
681 696 4
682 697 2
683 698 8
684 699 4
684 700 5
684 701 6
685 702 4
686 703 4
686 704 3
687 705 2
688 706 6
688 707 9
688 708 5
689 709 9
690 710 6
691 711 4
692 712 2
693 712 5
694 713 7
695 714 6
696 714 2
697 715 4
698 715 8
699 716 5
700 717 5
701 717 1
702 718 5
703 719 3
704 719 6
705 719 9
706 720 4
707 721 5
708 722 5
709 723 5
710 724 5
711 725 7
712 726 3
713 727 1
714 728 8
715 729 3
716 730 8
717 731 4
718 732 6
719 733 2
720 734 9
721 734 6
722 735 2
723 736 3
724 737 2
724 738 4
724 739 9
725 740 6
726 741 5
726 742 8
727 743 4
728 744 5
728 745 5
729 746 2
729 747 9
730 748 8
731 749 4
731 750 6
732 751 1
733 752 7
734 753 9
734 754 9
734 755 7
735 756 2
736 757 6
736 758 4
737 759 8
738 760 3
739 761 7
740 762 7
740 763 1
741 764 4
742 765 5
743 766 3
744 767 8
745 768 2
746 769 8
747 770 7
748 771 2
749 772 1
750 773 5
751 774 3
752 775 8
753 776 8
754 777 5
755 778 7
756 779 9
757 780 7
758 781 3
759 782 4
760 783 2
761 784 2
762 785 9
763 786 9
764 787 8
765 788 7
766 789 9
767 790 9
768 791 5
769 791 3
770 792 8
771 793 4
772 794 9
773 795 6
774 796 4
775 797 9
776 798 4
777 799 1
778 800 4
779 801 8
780 802 6
781 803 6
782 804 5
783 805 3
784 805 1
785 806 9
786 806 8
787 806 2
788 807 5
789 808 8
790 808 1
791 808 2
792 808 8
793 808 8
794 809 4
795 809 4
796 810 1
797 811 9
798 811 7
799 811 8
800 811 2
801 812 1
802 813 9
803 813 8
804 814 9
804 815 8
805 816 6
806 817 8
807 818 3
807 819 4
808 820 9
809 821 1
810 822 1
811 823 4
812 824 9
813 825 8
814 826 6
815 827 4
815 828 9
816 829 4
816 830 6
817 831 8
818 832 2
819 833 2
820 834 6
820 835 1
820 836 9
821 837 9
821 838 8
822 839 7
823 840 8
823 841 4
824 842 8
824 843 8
825 844 8
826 845 4
827 846 1
828 847 7
829 848 9
830 848 8
831 848 8
832 849 1
833 849 6
834 850 6
835 850 5
836 850 8
837 851 4
838 852 8
839 853 9
840 853 1
841 854 5
842 854 2
843 855 1
844 855 7
845 856 6
846 857 3
847 858 5
848 859 5
849 860 5
850 861 2
850 862 2
851 863 7
851 864 8
852 865 9
853 866 5
853 867 2
854 868 9
855 869 5
856 870 1
857 871 9
858 872 7
859 873 9
860 874 6
861 875 4
862 876 3
863 877 8
864 878 3
865 879 7
866 880 1
867 881 3
868 882 6
869 883 2
870 884 2
870 885 8
871 886 9
872 887 8
873 888 3
874 889 4
875 890 9
876 891 3
877 892 4
878 893 3
879 894 4
879 895 9
880 896 2
881 897 7
882 898 6
883 899 9
884 900 5
885 900 2
886 900 7
887 900 5
888 900 9
889 900 9
890 900 7
891 900 5
892 900 9
893 900 5
894 900 1
895 900 5
896 900 3
897 900 8
898 900 8
899 900 7
