19 8 8 17
1 7 5 18
2 2 0 0
8 8 6 5
27 28 19 26
2 14 15 5
0 8 1 6
11 2 12 1
10 26 30 23
21 7 1 13
5 2 3 7
15 17 9 28
30 12 26 3
4 5 6 4
25 27 15 7
3 15 20 12
5 1 5 0
16 25 5 23
14 7 0 1
13 13 18 12
9 7 7 1
17 15 8 28
2 2 4 3
28 7 4 6
2 0 1 1
4 2 0 1
25 32 32 30
3 2 2 1
7 6 7 2
24 10 3 9
16 4 16 14
16 19 4 21
30 22 4 20
7 30 34 11
13 0 11 4
19 10 13 25
15 10 12 28
9 3 0 24
23 0 10 29
3 0 3 14
29 13 11 13
15 28 21 22
2 16 19 17
24 5 25 18
27 5 8 28
28 18 18 18
2 4 5 9
11 5 9 5
4 13 5 1
16 7 10 14
21 8 15 23
10 1 5 1
7 9 0 13
17 27 25 4
8 15 16 4
21 10 3 11
5 4 5 0
3 2 4 0
1 4 4 8
13 20 14 22
17 9 15 8
8 25 18 2
1 11 12 24
20 15 1 2
11 13 3 12
21 20 23 28
2 1 1 0
5 0 4 11
0 8 3 3
5 20 0 1
9 2 15 13
10 8 8 1
0 0 3 2
7 13 7 8
16 9 12 26
21 3 5 6
6 14 10 2
6 16 1 16
7 4 3 1
0 1 0 2
7 21 4 8
4 24 1 21
0 0 3 1
2 13 0 23
4 14 3 6
7 8 2 7
22 23 25 8
20 2 15 14
6 4 21 10
9 4 9 1
1 2 2 2
7 8 6 2
26 27 11 27
0 2 1 0
20 10 25 17
8 6 1 11
7 1 0 1
17 13 31 30
14 22 28 18
0 4 1 1
4 3 2 0
4 2 1 1
20 29 7 0
0 1 11 14
3 3 0 4
24 4 23 11
10 12 8 0
8 12 17 18
2 1 4 1
17 5 19 23
2 0 2 0
21 8 19 16
31 10 30 30
9 11 0 0
2 0 9 9
3 11 5 5
1 1 0 2
6 3 5 6
32 12 9 6
5 21 2 16
27 20 0 18
10 3 1 6
20 10 24 29
25 24 5 5
4 4 8 12
1 0 2 0
17 33 34 4
12 11 0 23
6 4 3 4
6 1 23 28
21 26 10 6
19 15 16 6
3 1 1 3
0 1 9 1
10 5 12 15
30 1 19 11
14 11 27 14
10 6 21 14
10 21 17 0
4 3 2 2
4 3 8 8
17 25 18 7
16 12 7 5
5 3 8 12
9 4 19 12
2 15 1 8
1 5 2 0
6 19 8 12
2 2 5 1
18 22 12 13
4 4 6 3
9 2 18 17
1 3 1 4
3 16 4 18
16 5 6 20
4 3 4 3
2 7 7 6
28 8 6 21
0 23 13 3
3 12 14 11
10 5 13 13
9 2 4 10
5 10 10 10
8 10 0 1
10 5 4 7
27 8 30 29
21 7 29 6
18 13 10 9
21 0 18 18
1 12 6 2
4 3 6 11
2 0 11 6
14 2 12 14
1 2 0 0
4 13 25 22
18 17 0 6
15 0 0 7
8 5 12 6
7 10 8 12
8 3 14 2
18 21 0 1
0 4 4 3
9 3 19 2
13 10 9 8
16 1 3 13
4 17 13 9
8 2 6 22
12 2 7 8
7 5 0 15
16 24 6 19
4 7 10 11
8 18 12 4
2 1 3 4
2 7 4 6
2 19 4 11
9 23 8 13
4 17 9 9
26 11 20 0
15 4 15 18
26 26 8 14
24 7 21 16
10 5 7 7
1 8 1 8
12 5 4 13
1 1 0 1
17 3 15 17
30 24 14 26
15 11 7 12
0 1 1 3
11 10 30 20
3 0 0 0
4 0 6 1
24 17 1 30
1 0 5 9
2 7 5 11
3 7 3 9
0 12 11 12
6 16 6 24
14 4 6 19
4 3 3 0
8 7 5 9
8 6 13 10
13 6 20 21
2 12 2 9
28 23 2 22
19 17 0 12
3 10 17 19
3 6 3 0
0 16 7 6
4 2 4 16
5 4 3 7
8 13 19 24
10 20 7 13
19 13 9 7
4 2 4 8
14 20 7 20
11 10 5 0
2 0 4 2
7 7 0 5
18 1 14 5
24 17 18 16
20 21 25 8
13 20 11 8
19 3 9 26
26 12 26 0
9 7 8 1
3 7 12 9
21 15 13 22
24 8 1 21
12 11 4 9
17 23 2 26
7 1 2 5
28 9 15 21
7 27 3 6
2 3 4 0
0 9 1 9
15 15 23 11
0 1 1 1
1 1 5 4
0 16 16 18
11 0 8 2
17 18 12 1
3 15 17 13
10 12 20 23
10 10 8 2
2 1 1 0
5 24 8 32
10 32 28 0
19 9 9 2
8 8 12 0
16 0 36 21
19 28 28 4
10 7 0 2
2 1 1 2
1 2 1 1
0 1 0 2
26 23 4 25
9 0 0 8
7 0 8 3
11 1 15 15
4 0 3 2
28 21 13 11
25 21 18 21
4 4 11 0
12 6 23 5
1 9 0 14
1 1 1 1
30 30 32 22
0 3 0 2
22 13 8 15
1 1 2 6
2 1 0 1
6 1 11 5
2 1 2 1
4 12 22 19
34 5 12 12
23 19 6 16
10 5 5 22
0 1 2 2
13 15 19 22
5 6 4 6
0 15 0 13
24 7 4 24
5 2 4 4
3 2 8 4
18 12 14 21
18 2 2 6
10 1 10 5
5 6 2 1
0 0 1 1
6 13 17 5
6 28 9 13
13 12 12 20
16 19 4 14
6 5 4 6
25 14 3 22
7 8 3 6
4 6 9 12
4 7 15 3
22 19 21 1
25 25 2 21
10 22 4 20
12 12 9 11
2 4 11 1
3 1 1 2
7 3 0 7
11 20 13 17
4 4 1 2
7 3 0 4
6 5 10 4
32 30 2 13
14 11 14 3
5 3 3 6
15 7 1 11
3 12 11 12
1 15 31 11
2 5 22 14
6 8 0 4
24 6 7 3
6 7 5 7
14 28 15 20
1 4 0 1
0 5 2 17
8 0 8 3
2 9 0 5
3 3 3 1
3 7 8 5
3 8 0 3
20 30 25 19
0 14 0 11
2 4 0 4
10 10 6 3
2 9 11 2
19 26 23 16
30 6 10 2
15 12 14 25
4 0 4 2
0 18 12 18
15 25 0 15
6 3 9 8
7 30 18 25
7 23 21 2
3 1 0 1
5 7 6 0
18 27 15 17
5 1 2 2
23 14 5 17
2 2 6 8
0 1 0 1
19 1 13 10
22 23 19 12
26 17 20 22
4 1 2 3
19 28 11 23
2 0 0 1
9 19 25 7
36 30 26 34
5 5 4 5
0 20 25 22
0 4 4 1
10 21 13 12
7 0 5 2
5 12 3 10
1 4 4 3
4 1 9 1
24 20 8 13
4 1 7 2
26 1 19 31
4 0 2 2
8 24 16 8
14 15 0 8
15 3 1 21
1 3 4 6
3 3 10 12
13 27 14 22
1 16 13 2
6 5 2 10
3 9 4 4
9 7 4 0
25 12 9 16
0 4 1 3
4 0 10 3
1 0 2 0
3 3 18 22
10 11 11 9
1 31 17 10
2 3 2 0
6 3 0 1
8 7 10 4
2 0 0 2
5 23 25 4
2 2 1 2
1 4 1 2
9 6 9 3
6 10 3 6
8 4 12 2
14 30 2 23
3 13 14 9
10 8 8 3
12 6 23 12
21 19 10 5
9 20 11 13
1 1 3 1
8 16 2 16
4 4 9 9
2 1 10 5
10 12 11 11
19 16 6 29
10 3 3 3
30 1 26 5
29 3 25 0
6 2 1 2
11 4 0 14
5 13 8 14
36 25 23 32
2 19 22 15
15 5 12 13
2 3 0 3
12 2 14 10
21 27 5 19
2 13 8 3
2 0 2 1
14 21 14 31
1 1 2 2
22 8 29 32
1 26 18 19
16 1 20 36
0 7 7 9
30 7 13 29
3 4 1 1
1 0 3 0
1 12 4 4
27 4 33 26
0 2 2 0
2 0 7 24
0 0 2 1
2 5 13 5
4 1 4 7
1 13 20 15
6 2 10 4
12 5 7 9
4 4 1 5
20 33 11 15
0 0 2 1
15 6 12 8
1 10 3 17
29 11 8 23
12 9 7 12
35 11 6 2
2 3 3 0
0 2 4 2
22 19 17 18
7 1 0 24
13 9 11 11
5 12 1 4
2 3 3 2
7 9 5 10
5 1 8 4
1 1 6 6
32 26 9 24
25 6 8 8
16 6 25 5
0 0 2 2
1 2 1 0
11 0 3 12
2 2 2 1
3 2 9 3
16 23 16 12
18 9 24 19
0 5 3 4
12 18 21 3
22 17 9 8
4 16 31 22
6 6 8 3
13 9 9 4
10 1 18 22
7 27 14 18
1 11 13 1
3 8 6 5
4 3 4 3
8 2 28 22
4 14 13 22
4 0 2 4
5 4 16 11
0 4 3 0
21 0 14 8
10 12 2 5
5 14 24 3
27 7 21 28
2 0 0 2
18 0 15 5
12 3 1 18
3 7 10 5
18 14 4 15
6 2 0 2
28 18 7 3
1 1 0 0
3 10 2 12
1 7 0 7
14 15 5 2
0 10 1 0
6 5 2 33
13 2 14 19
2 6 0 1
9 2 0 14
12 3 10 21
25 27 25 30
7 3 3 0
23 1 24 5
9 23 25 18
30 0 17 19
3 12 17 4
11 11 5 11
2 5 5 8
4 11 14 30
23 17 13 18
0 1 5 4
8 11 10 17
18 18 13 10
2 6 16 14
1 1 0 0
0 11 8 2
3 26 20 6
8 2 5 1
2 1 6 7
20 11 15 8
27 15 6 20
2 4 3 15
18 31 3 15
4 16 8 0
9 8 3 9
1 1 0 1
26 6 4 18
4 24 22 18
4 1 4 7
1 0 0 1
16 11 16 14
1 3 0 1
1 2 2 2
3 14 6 12
16 16 17 23
31 33 21 27
22 1 19 19
26 18 27 28
7 5 6 6
7 6 7 10
1 8 6 0
13 3 2 14
10 14 30 0
16 0 26 31
3 10 4 6
9 7 10 3
7 27 22 27
15 34 17 16
13 10 13 12
0 7 3 8
23 31 22 10
9 0 7 10
6 14 8 20
28 21 15 28
18 27 27 26
9 9 3 3
5 6 3 5
2 1 7 20
1 2 0 1
9 0 22 29
10 1 0 6
5 3 8 4
26 14 11 8
2 2 3 1
5 5 5 3
21 17 19 26
1 2 0 2
3 3 3 7
0 3 3 2
3 21 10 4
16 9 20 14
0 1 3 5
4 1 2 4
4 7 1 9
8 28 33 9
6 2 6 12
15 17 1 25
11 9 1 5
21 2 10 5
3 9 20 16
6 12 6 8
9 28 2 30
2 1 2 2
4 5 4 12
8 8 29 34
2 3 4 1
1 1 0 1
13 2 24 24
24 6 31 19
5 20 28 30
1 11 20 20
16 7 4 11
8 5 0 1
17 33 30 30
3 2 13 6
4 20 21 24
21 23 10 9
16 20 21 9
6 7 8 9
7 4 12 12
9 25 9 18
21 11 13 30
1 0 0 2
4 13 4 5
26 1 17 21
12 21 10 6
4 11 7 5
7 8 18 13
1 7 2 6
2 1 0 1
5 4 1 19
2 0 5 5
0 6 5 6
1 2 7 10
0 0 3 2
13 2 11 11
3 29 10 4
28 2 33 26
8 19 22 20
23 23 17 26
5 5 6 1
1 6 5 2
5 5 4 1
16 3 15 29
15 15 18 7
11 8 11 5
0 1 2 1
15 9 11 5
21 3 20 12
12 0 5 11
3 19 3 17
12 14 23 15
17 9 14 22
17 7 22 15
2 5 11 6
1 6 16 5
19 15 3 9
5 7 6 0
0 4 3 4
12 13 18 2
2 0 7 8
18 23 12 19
8 12 11 16
7 28 32 5
16 21 20 17
14 30 19 8
3 16 4 2
2 1 2 0
4 19 4 16
10 12 15 3
25 18 24 7
18 1 23 21
3 2 18 11
10 10 10 9
12 10 13 2
0 8 2 6
14 5 28 19
16 12 24 14
6 23 8 29
13 2 15 13
29 1 13 27
30 6 14 25
16 20 0 15
35 28 23 26
5 3 19 18
11 11 11 8
4 5 7 6
18 13 3 8
7 6 0 3
1 4 4 2
11 15 7 11
7 13 15 20
4 8 0 2
6 4 8 2
