1 2 1
1 3 1
1 4 1
1 5 1
2 6 1
2 7 1
2 8 1
3 9 1
3 10 1
4 11 1
4 12 1
4 13 1
4 14 1
5 15 1
5 16 1
6 17 1
7 18 1
8 19 1
9 20 1
9 21 1
10 22 1
11 23 1
12 24 1
12 25 1
13 26 1
13 27 1
14 28 1
15 29 1
16 30 1
17 31 1
17 32 1
18 33 1
19 34 1
19 35 1
19 36 1
20 37 1
20 38 1
21 39 1
22 40 1
23 41 1
23 42 1
24 43 1
25 44 1
25 45 1
26 46 1
26 47 1
26 48 1
26 49 1
27 50 1
27 51 1
27 52 1
27 53 1
28 54 1
29 55 1
29 56 1
30 57 1
31 58 1
32 59 1
33 60 1
34 60 1
35 61 1
36 62 1
37 63 1
38 63 1
39 64 1
40 64 1
41 65 1
42 66 1
43 66 1
44 67 1
45 67 1
46 68 1
47 68 1
48 68 1
49 68 1
50 69 1
51 70 1
52 70 1
53 70 1
54 70 1
55 70 1
56 71 1
57 71 1
58 72 1
59 73 1
60 73 1
61 73 1
62 74 1
63 74 1
64 75 1
65 76 1
66 77 1
67 78 1
68 79 1
69 80 1
70 81 1
71 82 1
72 83 1
72 84 1
72 85 1
73 86 1
73 87 1
74 88 1
74 89 1
75 90 1
76 91 1
77 92 1
78 93 1
79 94 1
80 95 1
81 96 1
81 97 1
81 98 1
82 99 1
83 100 1
84 100 1
85 100 1
86 100 1
87 100 1
88 100 1
89 100 1
90 100 1
91 100 1
92 100 1
93 100 1
94 100 1
95 100 1
96 100 1
97 100 1
98 100 1
99 100 1
