1 2 3
1 3 4
1 4 3
2 5 1
2 6 3
2 7 5
2 8 3
2 9 5
3 10 5
3 11 4
3 12 1
4 13 2
4 14 3
4 15 4
4 16 5
4 17 3
5 18 4
6 19 5
7 20 5
8 21 1
9 22 5
10 23 1
11 24 3
12 25 4
13 26 4
14 27 1
15 28 5
16 28 5
17 29 3
18 30 4
19 31 1
19 32 5
20 33 5
21 34 1
21 35 5
22 36 3
22 37 1
22 38 2
23 39 2
23 40 1
24 41 5
25 42 3
26 43 1
27 44 4
28 45 1
29 46 2
29 47 4
30 48 3
31 49 1
31 50 2
32 51 5
33 52 5
34 53 5
35 54 2
36 55 4
36 56 4
37 57 1
37 58 4
38 59 2
39 60 2
40 61 3
41 62 1
42 63 5
43 64 1
44 65 3
45 66 2
46 67 4
47 68 1
48 69 4
49 70 2
50 70 2
51 71 5
52 71 2
53 72 3
54 72 5
55 73 4
56 73 2
57 73 4
58 73 2
59 74 5
60 75 1
61 75 2
62 76 5
63 77 1
64 78 4
65 78 4
66 78 1
67 79 2
68 80 2
69 81 3
69 82 3
70 83 4
71 84 5
71 85 2
72 86 2
73 87 5
73 88 1
74 89 1
75 90 1
75 91 5
76 92 1
77 93 2
77 94 3
78 95 1
79 96 2
80 97 2
81 98 2
82 99 5
83 100 2
84 101 3
85 102 3
86 103 1
87 104 5
88 105 1
89 106 1
90 107 1
91 108 1
92 109 4
93 110 3
94 111 4
95 112 5
96 113 4
97 113 1
98 114 1
99 115 3
100 116 1
101 117 2
102 118 4
103 119 4
104 120 4
104 121 4
104 122 2
105 123 2
106 124 1
107 125 1
107 126 5
108 127 4
108 128 1
109 129 3
110 130 3
111 131 2
112 132 4
112 133 3
113 134 2
114 135 2
115 135 4
116 135 1
117 136 1
118 136 5
119 137 1
120 138 4
121 138 2
122 139 4
123 140 2
124 140 2
125 141 4
126 141 5
127 142 3
128 143 1
129 144 2
130 145 3
131 146 2
132 146 5
133 146 5
134 146 4
135 147 5
136 148 5
137 149 2
138 150 2
139 151 3
139 152 5
140 153 2
141 154 1
141 155 4
142 156 1
142 157 2
143 158 2
143 159 4
143 160 3
143 161 2
143 162 3
144 163 2
145 164 1
145 165 1
146 166 2
146 167 2
146 168 3
147 169 5
148 169 5
149 170 4
150 171 2
151 172 1
152 172 1
153 173 4
154 173 5
155 174 1
156 174 5
157 174 4
158 174 1
159 175 4
160 175 3
161 176 3
162 177 1
163 178 1
164 179 2
165 180 3
166 180 2
167 181 3
168 182 5
169 183 1
170 184 2
171 185 1
172 186 3
173 187 3
174 188 5
175 189 4
176 190 2
177 190 5
178 191 3
179 192 4
180 193 3
181 194 4
182 195 4
183 196 4
184 197 3
185 198 4
186 199 1
187 200 2
188 201 2
188 202 4
189 203 1
190 204 2
191 205 2
192 206 2
193 207 4
193 208 1
194 209 2
194 210 2
194 211 5
195 212 3
195 213 4
196 214 4
197 215 3
198 215 3
199 216 1
200 217 2
201 218 3
202 219 5
203 220 5
204 221 1
205 222 2
206 223 4
207 224 4
208 225 3
209 226 3
210 227 1
211 228 4
212 229 3
213 230 2
214 231 1
215 232 1
216 233 3
217 234 4
218 235 1
219 236 3
220 237 1
221 238 4
222 239 1
223 240 1
224 241 3
225 242 1
226 243 3
227 244 2
228 245 5
229 246 2
230 247 4
231 248 1
232 249 2
233 250 4
234 251 3
234 252 5
234 253 3
235 254 4
236 255 1
236 256 1
237 257 2
238 258 4
239 259 4
239 260 5
240 261 1
240 262 5
240 263 5
241 264 5
241 265 4
242 266 3
243 267 5
243 268 4
244 269 3
244 270 1
245 271 4
246 272 3
246 273 5
247 274 3
248 275 4
248 276 2
249 277 4
249 278 5
250 279 1
251 280 5
252 281 3
253 282 2
254 283 5
254 284 3
254 285 5
255 286 3
255 287 1
256 288 3
256 289 1
257 290 3
257 291 1
258 292 1
258 293 5
259 294 5
260 295 1
261 296 3
261 297 5
262 298 1
262 299 4
263 300 3
263 301 5
263 302 3
264 303 1
265 304 5
265 305 2
266 306 4
267 307 3
268 308 4
269 309 4
270 310 1
270 311 5
271 312 3
271 313 4
272 314 1
273 315 2
273 316 1
273 317 2
274 318 4
274 319 5
275 320 5
276 320 1
277 321 1
278 321 2
279 322 1
280 323 1
281 323 4
282 323 1
283 323 2
284 324 5
285 324 1
286 325 4
287 325 5
288 326 1
289 326 5
290 326 3
291 326 5
292 327 2
293 327 1
294 328 1
295 328 4
296 329 1
297 329 5
298 329 5
299 329 3
300 330 2
301 330 2
302 330 5
303 330 5
304 331 3
305 331 3
306 331 5
307 332 3
308 332 2
309 332 1
310 332 5
311 333 4
312 333 3
313 333 2
314 334 3
315 334 2
316 335 5
317 335 1
318 335 2
319 335 5
320 336 2
321 337 1
322 338 3
323 339 3
324 340 2
325 341 3
326 342 5
327 343 3
327 344 3
328 345 3
329 346 5
330 347 4
331 348 3
331 349 5
332 350 2
333 351 1
334 352 1
335 353 2
336 354 4
337 355 4
338 355 1
339 356 5
340 356 3
341 357 2
342 358 2
343 359 3
344 360 5
345 361 3
346 361 5
347 362 3
348 363 4
349 363 4
350 364 2
351 365 5
352 366 4
353 367 3
354 368 2
354 369 5
354 370 1
355 371 4
355 372 4
355 373 4
356 374 5
356 375 2
357 376 2
357 377 5
358 378 2
358 379 4
358 380 3
359 381 3
360 382 3
361 383 3
362 384 1
363 385 5
363 386 1
364 387 3
364 388 5
365 389 5
365 390 2
366 391 1
367 392 3
368 393 5
369 394 2
370 394 3
371 395 5
372 395 3
373 396 5
374 396 3
375 397 2
376 398 5
377 398 2
378 399 1
379 400 1
380 401 5
381 402 1
382 403 5
383 404 4
384 405 2
385 406 5
386 407 1
387 407 1
388 408 1
389 409 4
390 410 1
391 410 4
392 411 5
393 412 2
394 413 1
395 413 2
396 414 2
397 415 4
398 416 2
399 416 3
400 417 5
401 418 5
402 419 5
403 420 3
404 421 2
405 422 2
406 423 2
407 424 1
408 425 2
409 425 4
410 426 4
411 426 1
412 427 2
413 427 4
414 428 3
415 429 3
416 430 1
417 431 2
418 431 2
419 432 1
420 433 1
421 434 3
422 434 2
423 435 1
424 436 2
425 437 2
426 438 5
427 439 3
428 440 5
429 441 2
429 442 4
430 443 4
431 444 1
432 445 3
433 446 2
433 447 4
433 448 1
434 449 4
435 450 3
435 451 4
436 452 2
436 453 2
437 454 3
437 455 3
437 456 4
437 457 5
438 458 4
438 459 2
439 460 4
440 461 1
441 462 1
442 463 4
443 464 4
444 465 4
445 465 3
446 466 3
447 466 1
448 466 4
449 467 4
450 468 2
451 469 5
452 470 4
453 470 4
454 471 2
455 472 3
456 473 3
457 474 2
458 475 4
459 475 2
460 476 3
461 477 5
462 478 5
463 479 2
463 480 2
464 481 4
465 482 2
466 483 1
466 484 1
467 485 4
468 486 4
469 487 3
470 488 1
471 489 4
472 490 3
473 491 1
474 492 3
475 493 4
476 494 3
477 495 3
478 496 1
479 497 5
480 497 1
481 498 4
482 499 3
483 500 4
484 501 4
485 502 1
486 503 1
487 504 4
488 505 3
489 506 4
490 507 2
491 508 4
492 509 4
493 510 1
494 511 3
495 512 5
496 513 2
497 514 3
498 515 1
499 516 1
500 517 2
501 518 5
502 519 1
503 520 2
504 521 1
505 522 3
506 523 3
507 524 1
508 525 5
509 526 3
510 527 5
511 528 5
512 529 4
513 530 4
514 531 4
515 532 4
516 533 4
517 534 1
518 534 1
519 535 4
520 536 4
521 537 3
522 538 2
523 539 1
524 539 2
525 540 3
526 541 4
527 542 1
528 543 5
528 544 5
528 545 4
529 546 4
529 547 4
530 548 4
531 549 1
532 550 3
533 551 1
534 552 2
534 553 2
535 554 3
536 555 4
536 556 4
537 557 5
537 558 3
538 559 4
538 560 2
539 561 4
539 562 1
540 563 2
541 564 5
541 565 3
542 566 1
543 567 1
544 567 1
545 567 1
546 568 5
547 569 3
548 569 1
549 570 2
550 571 4
551 572 5
552 573 2
553 574 1
554 575 4
555 576 4
556 577 2
557 578 1
558 579 1
559 580 1
560 581 1
561 582 5
562 583 2
563 584 2
564 584 3
565 585 1
566 585 1
567 586 2
568 587 3
569 588 1
570 589 4
571 590 1
572 591 3
573 591 1
574 592 1
575 592 5
576 593 2
577 594 4
578 594 4
579 595 5
580 595 4
581 596 4
582 597 3
583 598 4
584 598 2
585 599 2
586 600 3
587 600 4
588 600 3
589 600 5
590 600 2
591 600 5
592 600 5
593 600 1
594 600 3
595 600 5
596 600 2
597 600 2
598 600 5
599 600 4
