1 2 6
1 3 8
1 4 13
2 5 9
2 6 6
2 7 8
3 8 9
3 9 5
3 10 9
4 11 6
4 12 1
4 13 1
5 14 9
5 15 11
5 16 8
6 17 12
6 18 6
7 19 3
7 20 11
8 21 8
8 22 9
9 23 3
9 24 7
10 25 12
10 26 1
10 27 8
11 28 11
11 29 10
12 30 12
12 31 2
13 32 5
14 33 9
15 34 7
16 35 10
17 36 4
18 37 7
19 38 13
20 38 1
21 39 1
22 40 13
23 41 5
24 42 11
25 43 13
26 44 5
27 45 1
28 46 1
29 46 1
30 47 3
31 48 9
32 48 11
33 49 12
34 50 4
35 51 4
36 52 4
37 53 10
37 54 8
38 55 4
39 56 5
40 57 8
41 58 11
42 59 8
43 60 4
44 61 6
45 62 5
46 63 4
47 64 12
48 65 13
49 66 2
50 67 2
51 67 7
52 68 4
53 69 1
54 70 4
55 71 2
56 72 3
57 73 10
58 74 8
59 74 1
60 75 2
61 76 12
62 77 11
63 78 13
64 78 11
65 79 1
66 80 8
67 81 13
68 82 10
68 83 4
69 84 3
69 85 1
70 86 12
71 87 6
72 88 2
73 89 10
74 90 4
74 91 2
75 92 2
75 93 13
76 94 11
76 95 13
77 96 6
77 97 7
78 98 8
78 99 10
79 100 12
80 101 13
80 102 8
81 103 5
81 104 4
82 105 1
83 106 9
84 107 7
84 108 9
85 109 3
86 110 11
87 111 2
87 112 8
88 113 1
89 114 7
90 115 8
91 116 6
91 117 11
92 118 9
93 119 4
94 120 1
95 121 2
96 122 12
97 123 3
97 124 10
98 125 13
99 126 13
99 127 5
100 128 4
101 129 2
102 129 4
103 130 6
104 131 11
105 131 3
106 132 2
107 133 8
108 134 8
109 135 1
110 136 2
111 137 8
112 138 13
113 139 9
114 140 13
115 140 2
116 140 9
117 140 10
118 141 10
119 142 6
120 143 4
121 144 9
122 145 13
123 146 4
124 146 3
125 147 4
126 148 13
127 149 8
128 149 7
129 150 12
130 150 11
131 150 13
132 150 4
133 150 13
134 151 1
135 152 12
136 152 3
137 153 1
138 153 10
139 154 3
140 155 4
141 155 13
142 156 8
143 157 7
144 157 7
145 158 13
146 159 6
147 160 9
148 160 10
149 161 3
150 162 13
151 163 10
152 164 6
153 165 11
154 166 9
155 167 1
156 168 9
156 169 2
157 170 9
158 171 8
159 172 8
160 173 2
161 174 9
161 175 8
162 176 2
163 177 5
164 178 8
165 179 11
166 180 6
167 181 4
168 182 10
169 183 9
170 184 2
170 185 2
171 186 6
172 187 2
173 188 10
174 189 8
175 190 5
176 191 12
177 191 3
178 192 12
179 193 3
180 193 13
181 194 1
182 194 10
183 195 7
184 195 8
185 196 9
186 197 6
187 198 5
188 199 12
189 200 11
190 201 8
191 202 12
191 203 2
191 204 13
192 205 2
192 206 8
193 207 6
193 208 2
194 209 12
195 210 11
195 211 7
195 212 1
196 213 2
197 214 8
198 215 12
198 216 13
198 217 6
199 218 13
200 219 1
200 220 12
201 221 3
202 222 10
202 223 6
203 224 4
204 225 13
205 226 8
206 227 8
207 228 10
208 229 4
209 230 12
210 231 12
210 232 11
210 233 8
211 234 4
212 235 9
213 236 5
214 237 7
215 238 2
216 239 2
216 240 3
217 241 10
218 242 3
219 243 1
220 244 7
221 245 8
222 246 2
223 247 7
224 248 9
225 249 9
226 249 10
227 250 7
228 251 2
229 252 8
230 253 9
231 254 9
232 254 11
233 255 5
234 255 4
235 256 4
236 257 11
237 258 9
238 259 10
239 260 7
240 261 13
241 262 7
242 263 7
243 264 4
244 265 2
245 265 3
246 266 7
247 266 8
248 267 4
249 268 3
250 268 6
251 269 11
252 270 11
253 270 10
254 271 5
255 271 7
256 272 13
257 273 4
258 274 2
259 275 10
260 275 3
261 275 6
262 276 4
263 277 4
264 277 2
265 278 6
266 279 12
267 280 1
267 281 9
267 282 4
268 283 13
269 284 4
269 285 10
270 286 2
270 287 5
271 288 12
271 289 8
272 290 8
272 291 13
273 292 6
273 293 1
274 294 7
275 295 7
275 296 7
276 297 5
277 298 6
278 299 5
279 300 4
280 301 11
281 301 7
282 302 5
283 303 6
284 304 6
285 305 1
286 305 1
287 306 6
288 307 8
289 308 6
290 309 8
291 310 8
292 311 8
293 312 11
294 313 13
295 313 10
296 314 11
297 315 13
298 316 1
299 317 5
300 318 8
301 319 7
302 320 5
303 321 6
304 322 11
305 323 2
306 324 4
307 325 11
308 325 1
309 326 4
310 327 7
311 328 3
312 329 5
313 330 2
314 331 2
315 332 4
316 333 3
317 334 1
318 335 12
319 336 10
320 337 12
321 338 9
322 339 12
323 340 9
324 341 2
325 342 11
326 343 7
327 344 2
328 345 1
328 346 11
329 347 7
330 348 12
331 349 11
332 350 2
332 351 5
333 352 8
334 353 1
334 354 13
335 355 2
336 356 10
337 356 7
338 357 2
339 357 3
340 358 1
341 359 4
342 359 5
343 360 1
344 360 1
345 361 13
346 361 10
347 362 1
348 362 11
349 363 3
350 364 13
351 365 3
352 366 10
353 367 13
354 368 9
355 369 10
355 370 8
356 371 8
356 372 10
357 373 4
358 374 11
358 375 12
359 376 7
360 377 12
360 378 3
361 379 9
362 380 11
362 381 3
363 382 12
364 383 4
365 384 7
366 385 3
367 386 5
368 387 5
369 388 1
369 389 8
370 390 6
371 391 7
371 392 6
372 393 11
372 394 11
373 395 12
374 396 2
375 397 10
376 398 4
377 399 1
377 400 3
378 401 12
379 402 9
379 403 3
380 404 3
381 405 6
381 406 13
382 407 6
383 408 12
384 409 4
385 410 1
386 411 5
387 412 8
387 413 2
388 414 9
389 414 11
390 415 12
391 416 8
392 416 1
393 416 5
394 417 1
395 417 2
396 418 4
397 419 5
398 419 11
399 420 5
400 421 6
401 422 2
402 423 9
403 423 1
404 424 3
405 425 10
406 425 11
407 426 1
408 426 13
409 427 5
410 427 3
411 428 7
412 429 12
413 430 7
414 431 3
414 432 7
415 433 2
416 434 12
417 435 6
418 436 2
419 437 12
420 438 9
421 439 13
422 440 3
423 441 2
424 442 3
425 443 7
426 444 5
427 445 8
427 446 5
428 447 10
429 448 8
430 449 10
431 450 8
431 451 10
432 452 11
432 453 1
433 454 13
433 455 8
434 456 6
435 457 9
436 458 2
437 459 11
437 460 3
437 461 4
438 462 6
438 463 2
439 464 9
440 465 13
441 466 11
442 467 1
442 468 4
443 469 1
443 470 10
444 471 8
444 472 4
445 473 10
446 474 7
447 475 6
447 476 9
447 477 11
448 478 8
449 479 12
449 480 1
450 481 10
451 481 7
452 481 12
453 482 7
454 483 1
455 483 4
456 484 2
457 484 3
458 484 5
459 485 1
460 486 10
461 487 8
462 487 11
463 488 8
464 488 1
465 489 9
466 490 7
467 490 11
468 490 6
469 491 9
470 492 4
471 492 5
472 493 2
473 494 5
474 495 5
475 495 9
476 496 11
477 497 13
478 497 9
479 497 5
480 498 7
481 499 8
482 500 11
483 500 7
484 501 13
485 502 3
486 503 9
487 504 3
488 504 13
489 504 8
490 505 13
491 506 2
492 507 3
493 508 8
494 508 10
495 509 12
496 510 4
497 511 9
498 512 3
499 513 10
500 514 1
501 515 10
502 516 10
503 517 7
504 518 2
505 519 2
506 520 13
507 521 13
508 522 1
509 523 2
510 524 1
511 524 13
512 525 8
513 526 10
514 526 11
515 527 11
516 527 9
517 528 7
518 529 12
519 530 12
520 531 8
521 532 8
522 533 4
523 534 4
524 535 5
525 536 10
526 537 9
527 538 13
528 539 13
529 540 4
530 540 1
531 541 10
532 541 7
533 541 10
534 542 12
535 543 7
536 544 2
537 545 1
537 546 2
538 547 2
539 548 11
540 549 6
540 550 13
541 551 6
541 552 1
542 553 13
542 554 13
543 555 1
543 556 2
544 557 12
544 558 5
545 559 1
545 560 11
546 561 7
547 562 8
548 563 3
549 564 10
550 565 6
551 566 12
552 567 9
553 568 6
554 569 10
555 570 5
556 571 12
557 572 1
558 573 2
558 574 11
559 575 4
560 576 5
561 577 2
561 578 1
562 579 1
563 580 4
564 581 1
565 582 9
566 583 2
567 584 12
568 585 2
569 586 12
570 587 12
571 588 2
572 589 13
573 590 12
574 591 11
574 592 12
575 593 8
576 594 5
577 594 7
578 594 3
579 595 6
580 596 8
581 597 13
582 597 7
583 597 7
584 597 6
585 597 5
586 598 4
587 599 10
588 599 2
589 600 5
590 600 3
591 601 9
592 601 13
593 602 12
593 603 4
594 604 2
594 605 9
594 606 8
595 607 4
596 608 7
597 609 8
598 610 5
598 611 4
599 612 10
599 613 12
600 614 2
601 615 3
601 616 1
601 617 1
602 618 2
603 619 10
604 620 8
605 620 4
606 620 6
607 621 5
608 622 9
609 623 1
610 624 13
611 625 10
612 626 9
613 627 2
614 628 10
615 629 6
616 630 11
617 631 3
618 632 9
619 633 4
619 634 3
620 635 2
621 636 13
622 637 3
623 638 6
624 639 8
624 640 8
625 641 12
626 642 5
627 643 2
627 644 13
628 645 7
629 646 5
630 647 2
630 648 7
631 649 4
632 650 8
633 651 4
634 651 8
635 652 6
636 652 10
637 653 11
638 653 1
639 654 8
640 654 8
641 655 11
642 656 6
643 657 10
644 658 3
645 659 9
646 660 11
647 661 9
648 662 12
649 663 6
650 664 6
650 665 5
651 666 8
651 667 4
652 668 12
653 669 13
654 670 10
655 671 10
655 672 12
656 673 5
657 674 4
657 675 1
658 676 11
658 677 1
659 678 2
660 679 9
661 680 10
662 681 11
663 682 1
663 683 3
663 684 1
664 685 4
665 686 7
666 686 7
667 686 10
668 687 10
669 688 11
670 688 7
671 689 12
672 689 11
673 690 10
674 690 13
675 691 3
676 691 10
677 691 1
678 692 1
679 693 7
680 694 6
681 695 13
682 696 9
683 696 10
684 697 7
685 698 5
686 699 6
687 700 3
688 701 3
688 702 9
689 703 8
690 704 11
691 705 4
691 706 10
692 707 12
692 708 7
692 709 2
693 710 1
694 711 12
694 712 9
695 713 10
695 714 11
695 715 13
696 716 4
696 717 4
697 718 3
698 719 4
699 720 11
700 721 6
701 722 4
702 723 12
703 724 7
704 725 1
705 726 5
706 727 6
707 728 1
708 729 8
709 730 12
710 731 2
711 732 9
712 733 6
713 734 5
714 735 12
715 736 13
716 737 4
717 738 13
718 739 13
719 740 6
720 741 1
721 742 5
722 743 4
722 744 5
723 745 5
724 746 4
725 747 6
726 748 4
727 749 11
728 750 6
729 751 1
729 752 12
730 753 2
731 754 13
732 755 12
732 756 1
733 757 3
734 758 5
735 759 11
736 760 2
737 761 7
738 762 8
739 763 7
740 764 12
741 765 6
742 766 8
743 766 5
744 767 9
745 767 5
746 768 2
747 769 5
748 769 4
749 770 10
750 771 12
751 772 2
752 772 12
753 773 1
754 774 5
755 774 1
756 774 9
757 775 6
758 776 4
759 777 5
760 777 5
761 777 10
762 778 13
763 779 2
764 780 11
765 781 5
766 782 2
767 783 13
768 784 11
769 785 13
769 786 1
770 787 6
771 788 12
772 789 3
773 790 11
774 791 2
775 792 6
776 793 8
777 794 9
778 795 7
779 796 5
780 797 1
781 798 7
782 799 5
783 800 3
784 801 1
785 802 8
786 803 9
787 804 11
788 805 8
789 806 1
790 807 11
791 808 4
792 809 4
793 810 5
794 811 4
795 812 12
796 813 2
797 814 6
798 815 13
799 816 9
800 817 7
801 818 1
802 819 9
803 820 13
804 820 3
805 821 12
806 822 13
807 823 5
808 824 8
809 825 10
810 826 10
811 827 9
812 828 4
813 829 13
814 830 10
815 831 10
816 832 8
816 833 5
817 834 10
817 835 11
818 836 5
819 837 9
820 838 4
821 839 4
822 840 3
823 841 10
824 842 3
825 843 10
825 844 8
826 845 6
826 846 5
827 847 10
828 848 11
829 849 13
830 850 11
831 850 10
832 851 4
833 852 11
834 853 8
835 853 13
836 854 9
837 854 13
838 855 13
839 856 13
840 857 6
841 858 12
842 859 8
843 860 3
844 861 11
845 862 6
846 862 12
847 863 13
848 863 2
849 864 4
850 865 8
851 866 9
852 867 11
853 868 2
854 869 2
855 870 8
856 871 10
857 872 4
857 873 1
858 874 4
858 875 3
859 876 4
860 877 7
861 878 5
861 879 3
862 880 2
863 881 8
864 882 3
864 883 10
864 884 6
865 885 1
866 886 3
867 887 7
868 888 13
869 889 2
870 889 12
871 890 10
872 891 9
873 892 8
874 893 5
875 893 5
876 894 11
877 895 10
878 895 12
879 896 6
880 896 13
881 897 7
882 898 5
883 899 9
884 899 5
885 900 9
886 900 11
887 900 7
888 900 2
889 900 9
890 900 4
891 900 1
892 900 4
893 900 1
894 900 11
895 900 11
896 900 8
897 900 12
898 900 3
899 900 5
