6 6 8 7 6 6 8 6 8 6 7 7 6 6 7 8
1 2 1 1 1 2 2 2 1 2 1 1 1 1 2 1
8 9 8 6 8 7 9 8 8 8 8 6 9 8 9 6
10 16 13 13 16 12 12 17 10 12 10 12 13 14 10 17
6 8 5 8 5 8 6 7 8 8 7 5 6 6 7 8
12 17 12 11 15 12 17 11 11 10 14 13 17 17 14 10
3 3 3 3 3 3 4 4 3 3 4 3 4 3 4 3
8 9 7 6 9 9 7 6 8 9 7 9 6 8 9 6
2 2 2 3 2 3 2 2 3 2 3 2 2 2 3 3
13 8 8 8 12 10 10 12 13 8 8 9 12 10 11 10
8 5 6 5 8 6 8 6 7 8 5 6 8 7 5 7
13 8 11 13 10 8 10 9 9 9 8 11 8 12 13 9
7 8 6 7 7 7 6 5 7 7 6 7 7 7 8 7
7 8 6 8 6 8 7 5 6 5 5 5 5 7 8 7
13 8 10 10 9 9 11 11 11 9 10 11 13 12 13 8
8 10 9 10 6 9 8 9 8 10 9 8 8 8 8 9
8 8 7 8 7 7 7 7 6 5 5 6 8 8 7 8
1 1 1 2 1 2 1 1 2 1 1 2 1 1 1 2
7 7 10 10 11 12 10 9 11 9 8 9 8 9 9 8
7 6 5 4 5 7 6 6 5 4 5 4 5 6 6 7
4 4 4 4 3 4 3 3 4 4 4 3 3 4 3 4
12 13 11 13 12 8 13 13 13 13 9 9 8 8 9 9
2 2 1 1 2 1 1 2 2 1 1 1 2 1 2 1
11 10 10 12 8 10 10 11 12 7 11 11 10 9 10 8
12 9 12 7 11 7 11 9 10 7 9 10 9 8 10 12
14 15 15 9 9 14 12 11 12 12 13 15 11 12 15 10
5 4 5 4 5 6 5 6 6 5 5 7 5 4 5 7
10 7 8 6 6 8 10 6 9 6 8 10 10 8 10 6
13 16 12 15 17 11 14 10 15 15 17 14 13 13 10 10
1 1 2 2 2 1 1 2 1 2 1 1 1 1 2 2
3 3 2 3 2 2 2 2 2 2 3 2 3 3 2 2
3 3 4 5 3 3 5 3 5 3 5 3 3 5 3 5
13 13 10 12 10 9 13 11 10 14 11 15 13 15 13 15
3 3 3 5 3 4 3 3 4 5 5 4 4 3 3 5
2 3 3 3 3 3 2 3 2 3 3 3 3 2 3 3
14 14 14 15 12 14 10 12 14 11 9 10 11 15 15 14
3 2 3 3 2 2 3 2 3 3 3 3 3 2 3 2
5 7 6 4 4 7 5 4 7 6 5 4 7 7 7 5
5 4 4 5 5 5 4 3 3 5 4 5 5 3 5 3
2 3 2 3 2 3 3 3 3 2 3 3 3 3 3 2
6 7 8 8 7 6 5 6 5 5 5 7 8 5 8 8
3 3 4 3 3 4 4 3 4 3 3 3 4 4 3 3
4 4 3 4 4 4 3 3 3 4 4 4 3 3 3 4
12 9 14 13 10 11 11 9 10 12 9 12 14 14 10 11
6 6 4 7 7 4 7 6 6 5 7 5 5 7 7 4
1 2 1 1 2 1 2 1 1 1 1 2 1 2 1 1
12 14 12 15 17 16 13 14 13 12 17 12 18 16 12 14
9 9 7 8 8 9 7 7 6 7 7 7 7 9 8 6
2 2 1 1 1 1 2 1 1 1 2 1 1 1 2 1
2 3 2 2 2 3 2 2 2 2 2 2 2 2 2 2
9 8 8 6 8 6 7 8 7 7 8 8 7 6 7 9
10 10 8 8 9 10 7 12 10 12 8 10 11 8 11 10
10 8 11 11 10 9 8 10 8 11 11 9 13 13 13 12
4 3 3 4 4 3 4 3 4 4 4 3 4 4 4 3
5 7 6 4 6 4 6 6 7 4 6 6 7 4 5 6
5 5 4 6 6 4 5 4 5 4 7 5 4 4 5 4
12 18 11 13 11 18 16 14 18 15 17 11 15 12 14 16
4 3 5 5 4 5 5 3 3 3 4 5 5 3 3 4
4 5 6 7 6 5 7 4 6 6 7 6 5 4 6 7
10 10 14 14 9 11 13 10 11 12 12 11 9 13 13 11
4 7 7 5 5 4 6 7 5 7 7 5 4 7 6 7
3 4 4 4 3 3 3 5 3 3 3 5 4 3 5 5
4 3 3 3 4 4 4 3 4 3 3 4 4 3 3 4
12 14 14 12 12 17 11 12 12 16 11 17 11 13 13 15
4 5 4 4 5 3 5 3 4 4 3 4 5 3 5 4
12 13 12 14 12 14 12 9 13 14 14 9 14 12 14 13
12 10 10 12 9 10 9 12 11 10 9 11 11 7 11 10
12 7 11 12 7 12 7 11 11 9 10 8 9 7 9 12
17 12 11 12 18 12 15 16 14 17 13 16 11 13 12 12
11 11 14 12 10 9 9 10 11 10 12 11 9 13 11 13
8 8 12 8 9 11 11 12 7 12 9 8 8 10 8 10
7 9 9 9 6 6 7 9 7 8 7 7 8 9 8 9
9 7 6 9 6 9 9 10 8 6 6 8 7 6 6 10
9 10 7 7 8 6 6 8 6 6 10 6 8 9 8 10
9 12 8 13 8 9 9 10 8 13 9 13 11 12 9 13
8 5 5 6 7 8 8 5 6 5 6 7 5 5 7 5
7 6 7 8 7 8 8 6 7 6 6 5 6 7 5 6
10 9 15 9 9 10 13 11 14 13 11 10 9 13 13 12
4 5 6 7 5 5 5 4 6 5 6 6 6 5 4 5
2 2 2 2 1 1 1 2 2 1 2 2 2 2 1 2
2 1 2 1 2 1 2 2 1 1 2 1 1 1 1 1
5 7 6 7 6 4 5 5 7 6 5 7 5 5 5 7
9 7 10 8 7 11 11 7 12 12 9 7 7 9 11 9
13 14 16 13 11 18 16 16 13 14 15 11 15 16 13 12
12 11 8 13 13 9 13 12 12 8 12 13 12 11 12 8
11 12 9 10 12 11 7 7 7 7 10 11 12 12 9 7
11 10 9 11 11 12 12 12 10 12 11 15 9 10 13 9
3 4 4 5 5 5 5 4 4 4 4 4 5 3 3 4
13 15 17 17 14 12 15 14 14 15 12 13 11 14 11 11
3 4 4 3 5 4 3 4 3 5 4 3 4 5 5 4
2 1 1 1 1 2 2 2 2 2 1 2 2 1 1 2
7 12 7 12 7 12 10 11 7 7 8 10 12 11 8 9
6 9 10 6 8 8 6 10 9 7 9 8 10 7 6 8
14 9 14 10 10 10 12 11 10 14 12 14 10 12 9 11
8 6 7 7 6 7 6 5 6 8 5 5 8 5 6 8
5 5 3 5 5 3 4 5 3 4 4 5 4 5 4 3
5 4 3 3 4 3 3 4 3 4 3 4 5 3 4 4
9 12 13 10 12 12 12 12 12 10 11 14 11 13 10 13
12 9 14 10 9 13 10 9 10 9 10 13 11 13 13 12
8 10 6 8 9 10 10 9 10 10 9 8 9 6 9 7
