1 2 1
1 3 1
1 4 1
1 5 1
1 6 1
2 7 1
3 8 1
3 9 1
3 10 1
4 11 1
5 12 1
5 13 1
5 14 1
6 15 1
6 16 1
6 17 1
7 18 1
7 19 1
7 20 1
8 21 1
8 22 1
9 23 1
10 24 1
10 25 1
11 26 1
12 27 1
13 28 1
14 29 1
15 30 1
16 31 1
17 32 1
17 33 1
18 34 1
19 35 1
20 36 1
21 37 1
22 38 1
23 39 1
24 40 1
25 41 1
26 42 1
27 43 1
28 44 1
29 45 1
30 46 1
31 47 1
32 48 1
33 49 1
33 50 1
34 51 1
35 51 1
36 51 1
37 52 1
38 53 1
39 54 1
40 55 1
41 55 1
42 56 1
43 57 1
44 58 1
45 59 1
46 59 1
47 59 1
48 59 1
49 59 1
50 60 1
51 61 1
52 62 1
53 63 1
54 64 1
55 65 1
56 66 1
57 67 1
57 68 1
58 69 1
59 70 1
59 71 1
60 72 1
61 73 1
62 74 1
63 75 1
64 76 1
65 77 1
66 78 1
67 79 1
68 80 1
69 81 1
70 82 1
71 83 1
72 84 1
72 85 1
73 86 1
73 87 1
74 88 1
75 89 1
76 90 1
77 91 1
78 92 1
79 93 1
80 94 1
81 95 1
81 96 1
82 97 1
83 98 1
84 99 1
84 100 1
85 101 1
86 102 1
87 102 1
88 103 1
89 104 1
90 105 1
91 106 1
92 107 1
93 108 1
94 108 1
95 109 1
96 110 1
97 111 1
98 112 1
99 113 1
100 113 1
101 114 1
102 115 1
103 116 1
104 117 1
105 118 1
106 119 1
106 120 1
107 121 1
108 122 1
109 123 1
110 124 1
111 125 1
112 126 1
113 127 1
114 128 1
115 129 1
115 130 1
116 131 1
116 132 1
116 133 1
117 134 1
118 135 1
119 136 1
120 137 1
120 138 1
121 139 1
122 140 1
122 141 1
123 142 1
123 143 1
124 144 1
124 145 1
125 146 1
126 147 1
126 148 1
126 149 1
126 150 1
126 151 1
127 152 1
127 153 1
128 154 1
129 155 1
130 155 1
131 156 1
132 156 1
133 156 1
134 157 1
135 158 1
136 159 1
137 159 1
138 159 1
139 160 1
140 160 1
141 160 1
142 161 1
143 161 1
144 162 1
145 162 1
146 163 1
147 163 1
148 163 1
149 164 1
150 164 1
151 164 1
152 164 1
153 165 1
154 165 1
155 166 1
156 167 1
157 168 1
157 169 1
157 170 1
158 171 1
159 172 1
160 173 1
161 174 1
161 175 1
162 176 1
162 177 1
163 178 1
164 179 1
164 180 1
165 181 1
165 182 1
165 183 1
166 184 1
167 185 1
168 185 1
169 186 1
170 187 1
171 188 1
172 188 1
173 189 1
174 190 1
175 191 1
176 191 1
177 192 1
178 193 1
179 194 1
180 194 1
181 195 1
182 195 1
183 196 1
184 197 1
185 198 1
186 199 1
187 200 1
188 201 1
189 202 1
190 203 1
191 204 1
191 205 1
192 206 1
193 207 1
194 208 1
195 209 1
196 210 1
197 211 1
198 212 1
199 213 1
200 214 1
201 215 1
202 216 1
203 217 1
204 218 1
204 219 1
204 220 1
205 221 1
206 222 1
207 223 1
208 224 1
209 225 1
209 226 1
210 227 1
211 228 1
212 229 1
213 230 1
214 231 1
215 231 1
216 232 1
217 233 1
218 233 1
219 233 1
220 234 1
221 235 1
222 236 1
223 237 1
224 238 1
225 239 1
226 240 1
227 241 1
228 242 1
229 243 1
230 244 1
231 244 1
232 245 1
233 246 1
234 247 1
235 247 1
236 248 1
237 249 1
238 250 1
239 251 1
240 251 1
241 251 1
242 252 1
242 253 1
243 254 1
243 255 1
244 256 1
245 257 1
246 258 1
246 259 1
247 260 1
248 261 1
249 262 1
249 263 1
249 264 1
250 265 1
251 266 1
251 267 1
251 268 1
252 269 1
253 270 1
254 271 1
255 272 1
256 273 1
257 274 1
258 275 1
259 276 1
260 277 1
261 278 1
262 279 1
263 280 1
264 281 1
265 282 1
266 283 1
267 284 1
268 285 1
269 286 1
270 287 1
271 288 1
272 289 1
273 290 1
274 291 1
275 292 1
276 293 1
277 294 1
278 294 1
279 295 1
280 296 1
281 297 1
282 298 1
283 298 1
284 299 1
285 299 1
286 300 1
287 300 1
288 300 1
289 300 1
290 300 1
291 300 1
292 300 1
293 300 1
294 300 1
295 300 1
296 300 1
297 300 1
298 300 1
299 300 1
