2 21 0 1 7 23 1 6
0 1 2 2 1 1 1 2
9 18 5 16 8 6 8 5
6 20 9 17 2 6 28 11
8 20 2 19 14 8 15 9
6 20 11 1 20 16 17 8
16 5 1 11 14 10 6 2
7 0 5 3 4 13 8 4
15 22 6 10 17 24 8 20
0 0 2 0 1 0 0 1
18 16 9 13 18 10 0 17
17 9 17 18 6 12 8 19
1 1 1 4 7 0 7 0
12 0 6 1 17 13 12 11
8 6 12 3 3 3 10 11
12 16 16 17 20 18 9 4
5 11 11 5 17 10 4 4
17 19 15 18 27 25 11 4
6 4 0 3 1 5 5 5
8 16 26 28 15 2 5 6
4 3 13 23 11 10 14 5
12 4 4 2 8 4 4 10
9 5 9 3 3 7 6 5
3 0 15 14 15 13 23 13
7 25 7 26 7 6 10 4
26 32 9 7 4 4 31 12
10 2 13 1 13 8 8 10
0 19 13 4 0 16 9 9
2 6 22 1 18 3 17 19
0 6 4 2 6 2 6 1
9 5 11 7 11 2 11 3
3 4 4 0 1 3 0 0
6 5 3 8 8 8 17 2
13 13 12 21 22 22 14 4
12 1 9 3 13 15 17 0
13 1 8 4 9 0 0 6
0 10 15 16 2 7 10 14
9 6 1 10 1 1 12 6
16 5 3 12 6 7 3 11
17 7 7 5 6 1 11 0
6 3 3 4 1 4 1 5
2 2 2 0 0 1 1 1
14 17 18 24 11 22 23 3
14 18 20 6 8 11 5 17
1 0 17 11 15 3 14 8
21 23 14 20 30 2 9 16
5 18 23 9 22 21 5 26
17 1 0 6 8 30 25 7
3 1 4 3 4 1 4 3
2 2 4 5 0 3 4 6
0 1 0 0 1 2 2 0
3 5 2 18 1 6 4 17
11 15 12 8 15 13 14 10
14 20 5 10 2 3 23 18
4 26 15 8 23 18 21 2
21 12 24 24 18 13 1 23
10 15 13 15 11 1 16 1
2 12 15 7 9 10 8 0
2 4 17 14 2 15 4 17
10 0 20 13 18 10 6 22
2 6 6 0 8 0 4 1
6 28 17 26 14 2 8 26
0 21 27 20 4 19 7 3
23 8 13 21 21 20 14 4
26 1 8 6 26 6 26 23
4 15 16 10 7 17 5 12
19 4 4 17 11 22 14 21
2 4 0 0 4 8 4 8
17 13 20 29 27 21 28 2
8 7 18 21 20 18 11 7
2 19 0 4 14 4 16 7
0 1 2 0 0 0 2 0
16 6 0 21 11 29 2 2
3 1 3 1 5 3 0 0
24 20 12 0 23 23 17 6
0 0 11 4 24 0 12 22
8 15 12 11 19 12 3 3
27 14 11 15 14 11 20 6
8 7 21 20 20 9 3 17
4 6 2 6 0 5 1 1
11 6 15 15 15 5 8 11
9 20 19 19 19 4 20 11
1 4 3 0 1 1 2 2
16 7 5 16 9 16 2 8
7 12 7 8 5 4 5 12
1 7 0 8 7 0 6 1
7 5 3 8 6 10 6 2
1 4 4 8 6 0 12 5
30 21 10 22 29 1 3 0
17 19 4 1 26 22 24 8
2 10 4 7 11 26 9 20
16 26 9 9 3 31 31 10
24 7 24 24 8 1 0 2
8 24 11 18 23 26 7 16
10 0 19 3 16 18 12 17
27 25 13 20 27 5 26 4
0 0 2 2 2 0 0 2
5 24 7 2 24 17 1 10
3 21 2 17 22 15 8 20
9 20 29 15 11 9 29 13
8 6 9 6 12 23 21 19
1 10 20 0 8 18 5 6
17 2 11 10 17 12 7 13
0 12 11 5 3 2 10 12
4 0 0 2 0 4 3 1
3 0 4 2 0 0 1 0
11 22 12 2 32 19 13 24
2 2 0 2 0 1 2 1
10 4 26 4 7 13 26 24
10 8 16 9 18 13 15 7
30 22 17 4 28 27 17 23
0 0 4 1 4 0 0 0
2 6 18 16 22 8 22 20
1 2 0 2 2 0 0 1
13 16 6 0 15 11 9 12
7 0 1 4 5 6 0 1
1 0 1 1 2 2 1 1
3 4 7 5 3 4 13 16
13 6 4 30 19 19 5 12
15 5 15 21 18 24 16 28
1 4 0 2 1 1 1 4
3 2 1 3 3 0 3 3
5 12 7 3 3 11 12 14
0 0 7 3 0 9 14 5
11 11 14 16 2 3 13 9
14 4 16 12 28 21 15 19
26 26 7 3 19 20 13 13
14 12 10 1 11 12 11 2
23 25 9 4 22 2 26 13
30 5 3 2 14 29 1 19
2 2 0 2 0 0 2 0
0 1 2 0 0 1 1 1
2 0 2 1 1 2 2 0
1 1 2 6 4 1 1 1
3 4 4 1 2 3 4 3
7 8 3 3 12 6 12 6
17 12 3 14 7 0 20 4
14 19 9 7 8 1 10 7
9 2 11 7 5 12 3 10
5 11 9 12 7 1 5 9
4 6 15 12 6 22 18 6
4 1 3 3 6 11 14 9
24 0 8 11 1 11 24 9
0 1 1 1 2 1 0 0
5 2 1 2 3 4 7 2
2 22 25 23 25 3 8 1
5 8 1 4 0 7 8 5
16 16 8 7 1 12 0 19
2 1 4 3 4 1 4 3
16 8 25 27 27 5 5 16
0 13 6 3 5 2 1 5
1 2 3 4 1 2 2 0
3 1 7 7 0 2 2 1
4 2 0 3 2 0 3 1
5 15 3 0 13 8 9 1
3 2 3 8 1 2 0 2
26 7 22 7 25 23 0 15
20 5 19 6 17 19 8 27
3 1 1 7 7 1 2 7
0 7 9 0 13 4 16 13
9 18 3 14 8 3 13 14
9 9 6 10 10 1 3 13
0 3 6 6 0 10 10 8
18 24 14 10 25 18 7 19
17 4 8 2 26 1 5 16
2 3 11 12 6 2 0 0
1 3 4 1 2 1 4 2
8 17 6 11 8 0 9 4
10 27 24 16 30 14 24 13
0 2 2 0 0 2 1 0
5 7 7 8 9 8 5 5
15 4 15 2 10 8 1 16
5 11 3 9 19 15 1 6
2 1 0 1 4 0 3 0
12 11 0 2 11 0 12 12
8 2 2 3 0 3 2 1
23 3 5 9 20 26 8 7
1 16 8 8 10 6 18 16
7 10 5 1 1 0 6 2
16 2 16 8 9 5 16 16
3 3 2 8 4 8 2 5
25 15 22 27 26 3 20 16
9 7 16 9 20 19 4 11
21 29 15 12 28 18 31 25
7 6 3 1 0 0 2 8
16 22 23 7 6 16 24 13
13 0 19 7 28 24 21 4
4 3 4 6 2 4 2 2
2 0 0 0 2 0 0 2
13 23 28 8 21 23 18 9
1 22 17 17 14 24 9 12
3 16 4 20 20 9 17 7
7 10 23 23 6 5 3 22
18 24 0 23 16 8 2 4
1 3 3 1 1 0 5 0
14 4 8 16 29 30 17 15
0 6 3 4 6 6 2 5
11 19 2 10 13 2 15 15
2 5 2 0 1 2 3 3
4 1 0 6 0 4 1 9
6 4 4 0 6 3 1 2
11 3 3 12 6 16 11 0
5 8 9 29 10 10 4 23
0 3 0 4 0 2 2 1
12 8 12 8 9 9 15 14
11 28 9 10 25 4 10 27
3 7 3 15 15 4 14 11
3 21 2 16 12 13 23 18
10 11 6 17 20 4 18 6
21 3 20 6 22 26 30 16
5 5 9 5 18 16 12 8
6 1 5 6 14 1 7 7
7 9 4 3 15 5 6 8
4 8 2 4 0 1 8 8
1 4 0 3 3 3 6 3
0 1 2 6 3 5 2 2
0 2 4 26 16 4 14 21
2 1 0 2 0 0 1 2
5 25 2 6 15 29 24 5
13 2 10 10 11 18 14 1
2 3 1 3 4 0 4 1
2 20 9 7 2 18 12 1
17 10 20 2 8 8 0 1
8 10 2 3 28 13 7 19
0 2 2 1 1 1 0 2
10 8 7 10 2 4 6 5
24 17 8 5 1 7 24 4
2 1 0 1 1 2 2 0
4 0 0 0 1 0 0 2
9 17 4 9 9 4 19 6
7 9 16 10 0 4 11 12
1 0 1 5 1 0 5 5
6 0 12 10 0 5 3 8
1 2 1 0 2 0 2 0
1 6 0 5 6 3 0 4
1 4 0 0 0 1 3 3
18 1 14 11 18 15 11 14
10 5 4 6 22 24 1 5
0 0 11 14 15 2 15 15
17 3 12 5 18 16 18 14
8 5 7 10 11 11 8 7
11 28 18 2 23 18 10 16
6 7 3 18 10 16 10 18
10 14 6 4 0 12 1 0
7 10 6 6 7 10 5 3
27 0 22 21 27 2 9 21
4 14 10 11 10 11 18 7
6 1 10 14 14 7 4 1
0 13 13 1 13 4 6 0
1 4 7 5 11 8 1 8
19 1 10 14 20 5 11 18
19 4 5 7 12 25 25 28
6 3 11 0 8 7 9 6
1 6 1 1 6 0 6 0
8 2 4 4 6 10 8 8
19 16 1 18 19 1 12 14
13 2 15 6 9 2 10 9
12 23 10 15 23 25 20 11
0 1 0 1 0 2 0 2
14 8 18 20 13 0 7 7
13 26 13 23 15 30 18 29
5 18 17 0 15 18 15 11
4 2 3 3 2 6 1 1
12 16 14 5 23 9 14 14
3 6 0 0 6 1 3 2
1 13 6 4 14 11 7 1
2 1 25 12 18 26 25 12
21 0 17 21 6 4 20 22
2 0 1 0 0 0 2 0
9 0 6 5 7 6 7 5
8 23 4 28 7 20 26 25
2 30 10 17 27 27 2 18
1 4 3 6 5 5 4 0
8 11 0 7 12 4 1 10
12 7 5 2 13 11 8 1
1 0 1 1 2 1 0 1
3 9 10 9 9 12 1 5
3 0 6 0 2 5 1 2
5 7 1 9 9 0 2 9
26 10 7 16 5 3 19 19
14 7 20 6 0 16 14 1
3 11 4 13 3 5 14 0
0 5 2 2 2 1 2 1
9 20 17 0 5 1 3 5
5 1 17 15 3 8 16 24
8 14 8 9 16 7 13 0
1 1 6 3 2 2 5 4
4 3 8 2 2 7 3 6
4 1 8 5 4 8 7 6
2 0 18 14 10 2 1 3
8 7 0 8 2 2 1 10
1 18 4 13 17 7 2 4
0 1 1 0 1 1 2 3
0 2 1 1 2 0 1 1
0 4 10 12 1 5 11 2
13 9 5 0 11 1 3 19
2 4 32 6 19 23 16 24
4 17 18 18 2 18 10 18
6 4 5 4 0 0 6 2
8 3 6 6 2 7 8 7
