1 2 5
1 3 4
1 4 3
2 5 7
2 6 5
2 7 3
2 8 6
3 9 4
3 10 5
3 11 2
3 12 1
4 13 7
4 14 4
4 15 4
4 16 3
5 17 2
6 18 5
7 19 2
8 20 2
9 20 4
10 21 3
11 21 4
12 22 6
13 22 7
14 23 7
15 24 4
16 25 7
17 26 1
18 27 4
19 28 1
20 29 4
21 30 2
22 31 1
23 32 7
23 33 7
24 34 4
25 35 2
25 36 2
26 37 1
26 38 5
27 39 4
28 40 7
29 41 6
29 42 3
30 43 4
31 44 3
31 45 3
32 46 4
33 47 3
34 48 4
35 49 7
36 50 4
36 51 2
36 52 4
37 53 3
37 54 7
38 55 4
39 56 3
40 57 4
40 58 6
41 59 6
41 60 4
42 61 2
43 62 7
44 63 7
44 64 2
45 65 7
46 66 3
47 67 4
47 68 1
48 69 2
49 70 5
50 71 5
51 72 2
52 73 5
52 74 6
53 75 2
54 75 1
55 76 3
56 77 2
57 78 3
58 79 1
59 80 1
60 81 7
61 82 5
62 83 3
63 84 1
64 85 2
65 86 2
66 87 6
67 88 2
68 89 1
69 90 2
70 91 1
71 91 6
72 92 7
73 92 6
74 92 1
75 93 5
76 94 7
77 94 2
78 95 2
79 96 3
80 96 6
81 97 1
82 98 2
83 99 3
84 99 3
85 100 5
86 100 2
87 100 5
88 100 7
89 101 7
90 101 5
91 102 4
92 103 1
93 104 4
93 105 3
94 106 1
95 107 1
96 108 6
97 109 4
98 110 6
99 111 7
100 112 3
101 113 4
102 114 2
103 115 4
104 116 1
105 117 2
106 118 5
107 119 7
108 120 1
109 121 2
110 122 7
111 123 4
112 124 4
113 125 3
114 126 1
115 127 5
116 128 1
116 129 3
117 130 7
118 131 1
118 132 3
119 133 5
120 134 3
121 135 4
122 136 7
123 137 4
123 138 6
123 139 7
124 140 4
125 141 4
126 142 5
127 143 1
127 144 2
127 145 2
128 146 6
129 147 1
130 148 5
131 148 6
132 149 2
133 150 7
134 151 3
135 151 5
136 152 1
137 152 5
138 153 2
139 153 3
140 153 7
141 154 2
142 154 3
143 155 5
144 156 4
145 156 2
146 157 3
146 158 1
147 159 4
148 160 7
149 161 4
150 162 5
151 163 5
152 164 1
153 165 4
154 166 5
154 167 4
155 168 3
155 169 4
156 170 7
157 171 7
158 172 3
159 173 3
160 174 5
161 175 2
162 175 3
163 176 4
164 176 2
165 176 6
166 177 4
167 178 2
168 179 4
169 180 2
170 181 1
171 182 7
171 183 3
172 184 1
173 185 4
174 186 5
175 187 1
176 188 5
177 189 3
178 190 7
179 191 2
180 192 6
181 193 1
182 194 5
183 195 7
184 196 3
185 196 1
186 197 5
187 198 7
188 199 5
189 200 7
190 200 1
191 201 7
192 202 5
193 203 1
194 204 1
194 205 4
195 206 6
195 207 6
196 208 1
197 209 5
197 210 7
198 211 7
199 212 2
199 213 5
200 214 4
201 215 5
202 216 6
203 217 4
203 218 5
203 219 1
204 220 3
205 221 6
206 222 6
207 223 3
208 224 1
209 224 2
210 224 1
211 225 7
212 226 4
213 226 7
214 227 5
215 228 4
216 229 1
217 229 5
218 230 4
219 231 7
220 232 2
221 233 7
222 233 7
223 234 4
224 234 1
225 235 1
226 236 3
227 237 1
228 238 4
229 239 5
230 240 5
231 241 2
232 242 3
232 243 1
233 244 7
234 245 7
234 246 5
234 247 4
234 248 4
235 249 7
235 250 4
235 251 6
235 252 4
236 253 7
236 254 4
236 255 3
237 256 2
237 257 7
237 258 4
237 259 2
238 260 5
238 261 2
238 262 5
239 263 1
239 264 6
240 265 6
240 266 7
241 267 3
241 268 2
242 269 1
243 269 3
244 270 4
245 271 5
246 271 3
247 272 4
248 272 4
249 273 4
250 274 3
251 275 2
252 275 5
253 275 2
254 276 5
255 276 4
256 277 7
257 278 6
258 279 5
259 280 5
260 281 5
261 281 5
262 281 2
263 281 5
264 281 2
265 282 6
266 282 5
267 283 4
268 284 3
269 285 1
270 286 3
271 286 5
272 287 1
273 287 3
274 288 3
275 289 5
276 290 4
277 291 7
278 291 4
279 292 7
280 292 7
281 293 4
282 293 1
283 294 1
284 295 2
285 296 7
285 297 2
286 298 3
287 299 6
288 300 6
288 301 1
289 302 4
290 303 6
291 304 4
292 305 3
293 306 3
294 307 7
294 308 2
294 309 7
295 310 4
296 311 1
297 312 2
298 313 6
299 314 6
300 314 7
301 315 3
302 316 2
303 317 7
304 318 2
305 319 6
306 319 6
307 320 2
308 321 6
309 322 6
310 323 7
311 324 5
312 325 7
313 326 1
314 326 3
315 327 2
316 328 5
317 329 2
318 330 2
319 331 3
320 332 5
321 332 1
322 333 3
323 334 1
324 335 7
325 336 2
326 337 7
327 338 4
328 339 6
328 340 3
329 341 7
330 342 2
330 343 2
331 344 5
331 345 4
332 346 4
333 347 3
334 348 5
334 349 6
335 350 2
336 351 5
337 351 1
338 352 4
339 353 4
340 354 7
341 355 5
342 356 7
343 357 1
344 358 6
345 359 6
346 360 4
347 361 4
348 362 5
349 363 6
350 364 4
351 365 7
352 366 5
353 367 6
354 368 5
355 369 2
356 370 2
357 371 2
358 372 7
359 373 6
360 374 7
361 375 2
362 376 1
363 377 7
364 378 2
365 379 2
366 379 4
367 380 5
368 380 6
369 381 6
370 382 5
371 383 2
372 384 6
373 385 6
374 386 2
375 387 2
376 388 4
377 389 3
378 390 5
379 391 2
380 391 2
381 392 4
382 392 2
383 392 2
384 392 1
385 393 5
386 394 5
387 394 3
388 395 5
389 395 6
390 396 7
390 397 6
390 398 2
391 399 7
392 400 1
392 401 7
392 402 5
393 403 2
394 404 4
395 405 4
395 406 5
395 407 6
396 408 2
397 409 1
398 410 1
399 411 3
400 412 3
401 413 7
402 414 7
403 414 3
404 415 7
405 416 1
406 416 3
407 417 3
408 418 4
409 419 6
410 420 5
411 421 4
412 422 6
413 423 4
414 424 7
415 425 4
415 426 6
416 427 2
416 428 1
417 429 4
418 430 7
419 431 5
420 432 2
421 433 5
422 434 2
423 435 4
424 436 6
425 437 6
426 437 3
427 438 2
428 439 7
429 440 6
430 441 3
431 442 7
432 443 4
433 444 3
434 445 2
435 446 2
436 447 3
437 448 1
438 449 6
439 450 3
440 451 6
440 452 5
441 453 2
442 454 2
443 455 2
444 456 7
445 457 4
446 458 4
447 459 3
448 460 7
449 461 1
450 462 7
451 463 6
452 464 2
453 465 7
454 466 7
455 467 3
456 468 4
457 469 7
458 470 2
459 471 7
460 472 4
461 473 7
462 474 6
463 475 6
464 476 1
465 477 4
466 477 4
467 478 5
468 479 1
469 479 5
470 480 7
471 481 4
472 481 6
473 482 3
474 483 7
475 484 5
476 484 3
477 485 3
477 486 2
478 487 6
478 488 4
479 489 4
480 490 3
480 491 4
480 492 5
480 493 3
481 494 4
481 495 7
482 496 6
482 497 1
483 498 7
484 499 6
485 500 4
486 500 1
487 500 3
488 500 6
489 500 4
490 500 1
491 500 6
492 500 3
493 500 1
494 500 5
495 500 3
496 500 2
497 500 7
498 500 1
499 500 2
