1 2 2
1 3 2
1 4 2
1 5 2
2 6 1
2 7 2
2 8 3
2 9 2
3 10 3
3 11 3
3 12 1
3 13 3
4 14 2
4 15 2
4 16 2
4 17 2
5 18 2
5 19 1
5 20 2
5 21 3
6 22 1
7 22 2
8 23 1
9 24 3
10 25 1
11 26 3
12 27 2
13 28 1
14 28 1
15 29 3
16 29 2
17 29 2
18 30 1
19 30 1
20 31 1
21 32 2
22 33 3
22 34 1
22 35 2
23 36 1
24 37 1
24 38 2
25 39 2
26 40 3
26 41 1
26 42 2
27 43 1
28 44 2
29 45 2
30 46 1
31 47 2
32 48 1
32 49 1
33 50 1
34 51 1
35 52 3
36 53 1
37 54 1
38 55 2
39 56 1
40 57 3
41 58 2
42 59 3
43 60 3
44 61 3
45 62 1
46 63 2
47 64 3
48 65 2
49 66 2
50 67 1
51 68 2
52 69 1
53 70 1
54 71 3
55 72 3
56 72 1
57 73 1
58 74 1
59 74 3
60 75 1
61 75 3
62 76 1
63 76 3
64 77 1
65 77 3
66 78 2
67 79 2
68 80 2
69 81 2
70 82 2
71 83 2
72 84 1
73 85 2
74 86 3
75 87 3
75 88 2
76 89 2
77 90 2
78 91 3
79 92 1
80 92 3
81 93 1
82 94 1
83 95 1
84 96 3
85 97 1
86 98 3
87 99 2
88 99 1
89 100 1
90 101 2
91 102 2
92 103 3
93 104 1
94 105 2
95 105 2
96 106 2
97 107 1
98 107 2
99 108 1
100 109 3
101 110 2
102 110 2
103 111 1
104 112 1
104 113 2
105 114 3
106 115 2
107 116 2
107 117 1
108 118 3
108 119 1
108 120 1
109 121 2
110 122 1
110 123 1
111 124 1
112 125 3
113 126 1
114 127 3
115 128 1
116 129 3
117 130 2
118 131 3
119 132 1
120 133 3
121 134 1
122 135 2
123 136 1
124 137 3
125 138 2
126 139 2
126 140 1
127 141 3
128 142 1
128 143 1
128 144 2
128 145 1
129 146 2
130 147 1
130 148 1
131 149 2
131 150 3
132 151 2
132 152 1
133 153 3
134 154 3
135 155 1
135 156 3
136 157 3
137 158 3
138 159 3
139 160 1
140 160 2
141 161 1
142 162 3
143 163 1
144 164 1
145 165 1
146 166 3
147 166 1
148 167 2
149 167 2
150 168 2
151 169 2
152 170 1
153 170 3
154 170 2
155 171 3
156 171 2
157 171 2
158 172 3
159 173 2
160 174 2
161 175 1
162 175 2
163 176 2
164 177 3
165 178 1
166 179 2
167 180 1
168 181 3
169 182 3
170 182 1
171 183 3
172 184 3
173 185 3
174 186 1
175 187 2
176 188 2
177 188 2
178 189 3
179 190 3
180 190 2
181 191 2
182 191 3
183 192 3
184 193 2
184 194 3
184 195 1
185 196 3
185 197 2
186 198 1
186 199 2
187 200 2
187 201 1
187 202 3
187 203 1
188 204 2
188 205 3
188 206 1
189 207 1
190 208 2
191 209 3
192 210 1
193 211 2
194 211 1
195 212 3
196 212 1
197 212 2
198 212 2
199 213 3
200 213 2
201 213 1
202 213 2
203 214 3
204 215 2
205 215 2
206 215 1
207 215 3
208 216 2
209 217 3
210 217 3
211 218 1
211 219 3
211 220 3
212 221 2
212 222 2
213 223 3
213 224 3
213 225 2
214 226 1
215 227 2
216 228 1
217 229 1
217 230 1
218 231 3
219 232 1
220 233 2
221 234 2
222 235 3
223 235 2
224 236 2
225 237 1
226 238 3
227 239 2
228 240 3
229 241 2
230 242 1
231 243 2
231 244 1
231 245 1
231 246 3
232 247 2
232 248 2
232 249 2
232 250 3
233 251 2
233 252 3
233 253 1
233 254 3
234 255 1
234 256 3
234 257 2
235 258 3
235 259 1
235 260 1
235 261 1
236 262 2
236 263 2
236 264 2
237 265 1
237 266 1
237 267 1
237 268 1
238 269 2
238 270 3
238 271 1
239 272 1
239 273 3
240 274 2
240 275 3
241 276 3
241 277 2
242 278 3
242 279 3
242 280 1
242 281 3
243 282 2
244 283 2
245 283 3
246 284 2
247 284 1
248 284 3
249 284 2
250 284 2
251 284 3
252 284 2
253 285 1
254 285 2
255 285 3
256 285 2
257 286 1
258 286 1
259 286 3
260 287 1
261 287 2
262 287 2
263 287 1
264 288 3
265 288 2
266 288 3
267 289 1
268 289 3
269 289 3
270 290 1
271 290 1
272 291 3
273 291 2
274 291 2
275 292 1
276 292 3
277 292 1
278 292 2
279 292 3
280 293 1
281 293 3
282 294 1
283 295 3
284 296 2
285 297 2
286 298 2
287 299 2
288 300 3
289 301 3
290 302 1
291 303 3
292 304 3
293 305 3
294 306 1
295 307 2
296 308 2
297 309 1
298 310 2
298 311 3
299 312 1
300 313 3
301 314 1
301 315 1
302 316 1
302 317 2
302 318 1
303 319 1
303 320 1
304 321 1
305 322 1
306 323 1
307 323 1
308 324 1
309 325 3
310 325 2
311 325 3
312 326 1
313 327 3
314 328 2
315 328 2
316 329 1
317 329 1
318 330 1
319 330 2
320 330 2
321 331 2
322 331 1
323 332 1
324 333 2
325 334 1
325 335 3
326 336 3
326 337 3
327 338 3
327 339 3
327 340 3
328 341 2
328 342 1
329 343 2
330 344 1
330 345 2
331 346 1
332 347 2
333 348 2
334 349 3
335 349 3
336 350 2
337 350 1
338 351 3
339 352 3
340 353 3
341 353 1
342 353 2
343 354 2
344 354 1
345 355 1
346 356 2
347 357 1
348 358 3
349 359 3
350 360 3
351 361 1
352 362 2
353 363 3
354 363 1
355 363 3
356 364 2
357 365 1
357 366 1
357 367 1
358 368 3
359 369 1
359 370 1
359 371 1
360 372 2
360 373 1
361 374 1
361 375 3
362 376 1
363 377 3
364 378 2
364 379 2
365 380 1
366 381 3
367 382 1
368 383 3
369 384 2
370 385 3
371 385 1
372 386 1
373 386 3
374 386 2
375 387 3
376 387 2
377 388 2
378 388 1
379 388 2
380 389 2
381 390 2
382 391 1
383 392 3
384 393 3
385 394 2
386 395 1
387 396 3
388 397 2
389 398 1
390 399 2
391 400 2
392 401 1
393 402 2
393 403 3
394 404 3
395 405 1
396 406 2
396 407 2
397 408 3
397 409 1
398 410 3
399 411 2
400 412 1
401 413 2
402 414 2
403 415 3
404 416 3
405 417 3
406 418 1
407 419 3
408 420 2
409 421 2
409 422 3
410 423 3
411 424 3
412 424 2
413 424 2
414 425 3
415 426 3
416 427 1
417 428 2
418 429 1
419 429 1
420 429 2
421 430 1
422 430 1
423 431 3
423 432 2
424 433 1
424 434 3
425 435 1
425 436 1
425 437 1
426 438 1
426 439 3
427 440 2
428 441 2
429 442 1
429 443 3
430 444 2
430 445 1
430 446 1
431 447 3
432 448 2
433 449 3
434 450 2
435 450 1
436 451 3
437 452 1
438 452 2
439 452 3
440 453 3
441 454 3
442 455 2
443 455 3
444 456 1
445 456 2
446 457 3
447 458 2
447 459 3
448 460 3
449 461 1
450 462 1
451 463 1
451 464 1
451 465 1
452 466 1
453 467 3
454 468 1
455 469 1
456 470 1
457 471 3
458 472 1
459 473 1
460 474 1
461 475 1
462 476 3
463 477 3
464 478 2
465 479 1
466 479 2
467 479 3
468 480 2
469 481 3
470 482 3
471 482 2
472 483 1
472 484 2
473 485 3
474 486 3
475 487 3
475 488 2
476 489 1
477 490 1
478 491 1
478 492 3
478 493 1
479 494 3
479 495 2
480 496 3
480 497 1
481 498 3
482 499 1
483 500 3
484 500 1
485 500 3
486 500 2
487 500 3
488 500 1
489 500 2
490 500 1
491 500 1
492 500 1
493 500 1
494 500 3
495 500 1
496 500 1
497 500 3
498 500 1
499 500 1
