1 2 37
1 3 43
1 4 57
1 5 14
1 6 41
2 7 47
2 8 18
3 9 39
3 10 17
3 11 50
4 12 38
4 13 22
4 14 41
4 15 49
4 16 53
5 17 13
5 18 48
5 19 9
6 20 39
6 21 28
7 22 18
8 23 17
9 24 43
10 25 39
11 25 28
12 26 11
13 26 13
14 27 1
15 28 27
16 28 3
17 29 8
18 30 22
19 31 12
20 32 45
21 33 20
22 34 13
23 35 4
23 36 2
23 37 47
24 38 32
25 39 20
25 40 31
25 41 42
26 42 50
27 43 57
27 44 37
28 45 21
29 46 32
29 47 38
29 48 15
30 49 23
31 50 51
31 51 2
32 52 44
33 53 54
33 54 26
34 55 1
35 55 2
36 56 1
37 56 58
38 57 49
39 57 36
40 58 12
41 58 20
42 59 5
43 60 23
44 61 32
45 62 6
46 63 4
47 64 59
48 64 32
49 65 51
50 66 25
51 67 1
52 67 52
53 68 8
54 69 42
55 70 6
56 71 58
57 72 55
58 73 11
59 74 39
60 74 52
61 75 59
62 75 54
63 76 31
64 77 13
65 78 9
66 79 37
67 80 32
68 81 59
69 82 14
70 83 12
71 84 56
72 85 13
73 86 53
74 87 58
75 88 1
76 89 27
76 90 45
77 91 42
77 92 23
78 93 32
79 94 39
79 95 52
80 96 52
81 97 46
82 98 34
82 99 40
83 100 36
84 100 38
85 100 8
86 100 17
87 100 22
88 100 39
89 100 28
90 100 30
91 100 7
92 100 48
93 100 39
94 100 56
95 100 26
96 100 49
97 100 13
98 100 2
99 100 43
