1 2 6
1 3 6
2 4 2
2 5 9
2 6 1
2 7 9
3 8 9
3 9 7
3 10 1
3 11 5
4 12 7
4 13 4
5 14 1
5 15 8
6 16 3
7 17 3
7 18 2
8 19 4
9 20 6
10 21 2
11 22 7
12 23 7
13 24 1
14 25 8
15 26 4
16 27 1
17 28 3
18 29 4
18 30 2
19 31 1
20 32 9
21 33 5
21 34 8
22 35 7
23 36 2
24 37 8
25 38 8
26 39 1
27 40 7
28 41 6
29 42 8
30 43 2
31 44 9
32 45 5
33 46 3
34 47 6
35 48 1
36 49 6
37 50 3
38 51 6
39 52 3
40 53 5
41 53 8
42 53 2
43 54 6
44 54 3
45 55 6
46 56 2
47 57 5
48 58 3
49 59 5
49 60 8
50 61 1
50 62 7
51 63 3
52 64 6
52 65 8
53 66 1
54 67 7
55 68 6
56 69 5
57 70 6
58 71 6
58 72 4
58 73 2
58 74 2
59 75 4
60 75 4
61 76 6
62 77 1
63 77 7
64 78 5
65 79 7
66 80 2
67 80 2
68 80 4
69 81 4
70 82 5
71 83 3
72 83 5
73 84 9
74 85 1
75 86 5
76 87 2
77 88 8
77 89 9
78 90 7
79 91 1
79 92 6
80 93 9
81 94 7
82 95 3
82 96 5
83 97 6
84 98 4
84 99 2
85 100 6
86 101 2
87 102 3
88 103 3
89 103 7
90 103 5
91 104 2
92 104 8
93 104 1
94 105 6
95 106 3
96 107 5
97 108 5
98 108 5
99 109 3
100 109 2
101 110 7
102 111 4
103 112 3
104 113 7
105 114 1
106 115 1
107 116 2
108 117 3
109 118 5
110 119 5
110 120 3
111 121 9
112 122 5
112 123 9
113 124 4
113 125 1
114 126 4
114 127 2
115 128 5
115 129 8
116 130 4
116 131 9
116 132 2
117 133 8
118 134 3
119 135 5
120 135 3
121 136 9
122 137 5
123 137 3
124 138 4
125 138 4
126 138 9
127 139 3
128 140 3
129 141 1
130 142 4
131 143 5
132 144 8
133 144 9
134 144 5
135 145 9
136 146 3
136 147 4
137 148 2
137 149 7
138 150 9
139 151 3
139 152 3
140 153 9
140 154 1
141 155 3
141 156 2
142 157 9
143 158 3
144 159 9
145 160 8
146 161 1
147 161 7
148 162 7
149 163 9
150 164 4
151 165 9
152 166 9
153 166 2
154 166 5
155 166 4
156 166 8
157 167 6
158 167 3
159 168 4
160 169 6
161 170 5
162 171 4
163 172 9
164 173 8
165 174 9
166 175 7
167 176 2
168 177 5
169 178 2
169 179 7
170 180 7
171 181 6
171 182 1
172 183 6
173 184 5
174 185 4
175 186 6
175 187 1
175 188 1
176 189 8
177 190 3
177 191 8
178 192 9
179 193 5
180 194 8
181 195 3
182 196 6
183 197 7
184 198 6
185 199 6
186 200 7
187 201 5
188 201 5
189 202 8
190 203 2
191 204 7
192 205 4
193 206 2
193 207 3
194 208 1
194 209 4
195 210 5
196 211 3
197 212 5
198 213 8
198 214 9
198 215 8
199 216 6
199 217 2
200 218 5
200 219 7
200 220 5
201 221 4
202 222 7
202 223 9
203 224 6
203 225 8
204 226 6
204 227 8
205 228 1
206 228 2
207 228 5
208 228 8
209 228 7
210 228 7
211 229 1
212 229 3
213 229 5
214 230 9
215 230 9
216 231 8
217 231 2
218 232 3
219 232 9
220 232 2
221 232 7
222 232 2
223 232 3
224 233 2
225 233 8
226 234 1
227 235 3
228 236 3
229 236 6
230 236 7
231 237 9
232 238 1
233 239 6
234 239 5
235 240 5
236 241 5
237 242 3
237 243 4
237 244 4
237 245 7
238 246 4
238 247 9
239 248 3
239 249 3
240 250 7
240 251 1
241 252 6
241 253 1
242 254 6
243 255 1
244 256 5
245 257 2
246 258 2
247 259 5
248 260 5
249 261 9
250 262 4
251 263 5
252 264 9
253 265 6
253 266 7
254 267 4
254 268 5
254 269 1
255 270 1
255 271 1
256 272 1
257 273 7
257 274 1
258 275 6
258 276 9
258 277 8
259 278 6
259 279 4
260 280 3
260 281 6
261 282 4
261 283 8
261 284 9
262 285 7
262 286 8
262 287 1
262 288 2
263 289 3
263 290 7
263 291 9
264 292 6
265 292 6
266 293 2
267 293 6
268 293 2
269 293 6
270 294 3
271 294 1
272 294 4
273 295 3
274 295 6
275 296 2
276 296 2
277 296 4
278 296 8
279 296 7
280 297 6
281 297 9
282 297 2
283 298 5
284 299 1
285 299 5
286 300 4
287 301 2
288 301 7
289 301 4
290 302 1
291 302 4
292 303 7
293 304 5
294 305 5
295 306 6
296 307 2
297 308 3
298 308 8
299 309 5
300 310 9
301 311 4
302 312 4
303 313 9
304 314 5
304 315 4
304 316 8
304 317 5
305 318 1
306 319 8
307 320 4
308 321 8
309 322 8
310 323 4
311 324 1
312 325 6
313 326 8
314 327 9
315 328 9
315 329 3
316 330 6
316 331 9
317 332 3
317 333 5
318 334 9
319 335 6
319 336 4
320 337 9
320 338 4
320 339 1
321 340 8
322 341 4
323 342 8
324 343 7
325 344 5
326 345 4
327 345 6
328 345 5
329 346 2
330 347 3
331 347 2
332 347 2
333 347 2
334 347 1
335 348 8
336 348 9
337 348 1
338 348 6
339 348 2
340 349 2
341 349 3
342 349 7
343 349 2
344 349 2
345 350 8
345 351 2
345 352 5
346 353 1
347 354 5
347 355 8
348 356 4
348 357 6
348 358 2
348 359 1
349 360 5
349 361 7
349 362 7
350 363 4
351 364 9
352 365 3
353 366 2
354 367 2
355 368 9
356 368 6
357 369 4
358 370 2
359 371 4
360 372 7
361 373 2
362 374 4
363 375 6
364 376 9
365 377 9
366 378 2
367 379 2
368 380 7
369 381 8
369 382 5
370 383 2
371 384 6
372 385 2
373 386 3
374 387 6
375 388 3
376 388 3
377 389 7
378 390 7
379 391 6
380 392 6
381 393 2
382 394 8
383 395 4
384 396 5
385 397 8
386 398 5
387 399 1
388 400 7
389 401 2
390 402 1
391 403 2
392 404 4
393 405 1
394 406 9
395 407 9
396 408 2
397 409 6
398 410 9
399 411 7
400 412 7
401 413 6
402 414 3
402 415 7
403 416 3
404 417 3
404 418 1
404 419 8
405 420 8
405 421 3
406 422 2
406 423 9
407 424 7
407 425 2
408 426 8
409 427 6
409 428 2
410 429 7
411 430 1
412 431 9
413 431 1
414 432 8
415 433 9
416 433 2
417 433 9
418 434 9
419 435 4
420 436 9
421 436 4
422 436 9
423 436 6
424 437 6
425 438 5
426 439 9
427 440 3
428 440 8
429 441 9
430 442 6
431 443 9
432 444 4
433 445 9
434 446 1
435 446 4
436 447 3
437 448 4
438 449 2
439 450 3
440 451 3
441 452 2
442 453 7
443 454 9
444 455 3
445 456 4
445 457 4
445 458 3
446 459 6
446 460 6
447 461 3
447 462 3
448 463 6
449 464 4
449 465 4
450 466 6
450 467 9
451 468 6
452 469 3
453 470 8
454 471 5
455 472 1
456 473 4
457 474 7
458 475 4
459 476 1
460 477 5
461 478 5
462 479 7
463 480 8
464 481 7
465 482 4
466 483 8
467 484 9
468 485 4
469 486 6
470 487 7
471 488 8
472 489 6
473 490 1
474 491 9
475 492 8
476 493 1
477 494 3
478 495 8
479 496 3
480 496 5
481 497 2
482 498 6
483 499 8
484 500 9
485 501 8
486 502 4
487 503 6
488 504 6
489 505 7
490 506 1
491 507 1
492 508 5
492 509 8
493 510 1
494 511 8
495 512 5
496 513 5
497 514 8
498 515 5
499 516 2
500 517 7
500 518 9
501 519 5
502 520 1
503 521 9
504 522 5
505 522 1
506 522 4
507 523 1
508 523 8
509 523 1
510 523 5
511 523 9
512 523 8
513 524 5
514 524 3
515 525 5
516 526 1
517 526 4
518 527 5
519 527 9
520 527 5
521 528 2
522 529 4
522 530 7
523 531 7
523 532 8
524 533 6
524 534 6
525 535 6
526 536 1
526 537 1
526 538 4
527 539 1
527 540 1
528 541 9
529 542 9
529 543 3
530 544 5
531 545 2
532 546 5
533 547 2
534 548 4
535 549 8
536 550 7
537 551 2
538 552 9
539 553 6
540 554 2
541 555 4
542 556 5
543 557 1
544 558 5
544 559 4
545 560 9
546 561 5
547 562 9
547 563 2
548 564 4
548 565 4
549 566 2
550 567 8
551 568 7
552 569 1
553 570 4
554 571 8
555 572 6
556 573 8
557 574 2
558 574 3
559 575 1
560 576 4
561 577 8
562 577 9
563 578 3
564 579 6
565 580 9
566 581 7
567 582 6
568 583 9
569 584 4
570 585 9
571 586 4
572 587 1
573 588 7
574 589 9
575 590 6
576 591 6
577 592 7
578 593 5
579 594 5
580 595 7
581 595 9
582 596 8
583 597 8
584 597 7
585 598 6
586 599 4
587 599 1
588 600 9
589 600 8
590 600 2
591 600 3
592 600 7
593 600 5
594 600 3
595 600 4
596 600 1
597 600 3
598 600 2
599 600 8
