1 2 1
1 3 1
1 4 2
1 5 2
1 6 2
2 7 2
2 8 3
2 9 3
2 10 1
2 11 3
3 12 3
3 13 2
3 14 3
3 15 2
3 16 1
4 17 2
4 18 3
4 19 1
4 20 1
4 21 3
5 22 2
5 23 1
5 24 1
5 25 3
6 26 1
6 27 1
6 28 2
6 29 1
7 30 3
8 31 2
9 32 3
10 33 3
10 34 3
11 35 2
12 36 2
13 37 1
14 38 3
15 39 1
16 40 1
17 41 3
18 42 3
19 43 1
20 44 1
21 45 3
22 46 2
23 47 2
24 48 1
25 49 1
26 50 3
27 51 3
28 52 2
29 53 1
30 54 3
31 55 2
32 56 3
33 57 3
34 58 1
35 59 1
36 59 1
37 60 1
38 61 3
39 61 2
40 62 2
41 62 3
42 63 1
43 63 3
44 64 3
45 65 1
46 66 1
47 67 3
48 68 3
49 69 2
50 70 3
51 71 1
52 72 1
53 73 2
54 74 1
55 75 2
56 76 2
56 77 1
57 78 2
58 79 2
59 80 3
59 81 1
60 82 2
61 83 1
62 84 3
62 85 2
63 86 2
64 87 1
65 88 1
65 89 1
66 90 1
67 91 2
67 92 2
68 93 3
69 94 3
69 95 1
70 96 1
71 97 1
71 98 3
72 99 2
73 100 1
74 101 2
75 102 2
76 103 2
77 104 1
78 105 1
79 106 3
80 107 1
81 108 1
82 109 2
83 109 1
84 110 3
85 111 1
86 112 1
87 112 3
88 113 2
89 114 3
90 115 3
91 116 3
92 117 1
93 118 2
94 119 3
95 120 1
96 121 3
97 122 1
98 123 3
99 123 2
100 124 2
101 125 1
102 126 1
102 127 2
103 128 2
103 129 2
104 130 1
105 131 2
106 132 1
107 133 1
108 134 1
109 135 3
110 136 1
111 137 1
111 138 2
112 139 2
113 140 3
114 141 3
115 142 2
116 143 3
117 144 1
118 145 3
119 146 1
120 147 2
121 148 1
121 149 1
122 150 3
123 151 2
123 152 1
124 153 1
125 154 3
126 155 2
127 155 3
128 156 1
129 157 3
130 157 3
131 158 1
132 158 2
133 159 3
134 159 1
135 160 3
136 161 1
137 162 2
138 163 2
139 164 1
140 165 2
141 166 1
142 167 1
143 168 1
144 169 1
145 170 1
146 170 1
147 171 1
148 172 2
149 173 2
150 174 2
151 175 1
152 176 1
153 177 1
154 178 1
154 179 2
155 180 2
156 181 3
156 182 2
157 183 1
158 184 3
159 185 2
159 186 1
160 187 2
161 188 2
162 189 1
163 190 3
164 191 2
164 192 1
165 193 3
166 194 3
167 195 1
168 196 3
168 197 1
168 198 1
169 199 3
169 200 1
170 201 3
170 202 2
171 203 2
172 204 2
173 205 1
174 206 2
174 207 2
175 208 3
176 209 1
177 210 1
178 211 1
179 211 1
180 212 2
181 213 3
182 214 1
183 215 2
184 216 3
185 217 3
186 218 3
187 218 2
188 219 3
189 220 1
190 220 2
191 221 1
192 222 2
193 223 2
194 223 3
195 224 3
196 225 1
197 226 3
198 226 3
199 227 3
200 228 3
201 229 1
202 229 1
203 230 3
204 231 1
205 232 1
206 233 3
207 234 3
208 234 3
209 235 3
210 236 2
211 237 2
212 238 3
213 239 3
214 240 1
215 241 3
216 242 1
217 243 1
218 244 2
219 245 2
220 246 1
221 247 1
222 248 1
223 249 1
224 250 2
225 251 1
226 252 3
227 253 2
228 254 1
229 255 3
230 256 1
231 257 2
232 258 1
233 259 3
234 260 1
235 261 3
236 262 1
237 263 1
238 264 2
239 265 2
240 266 1
241 267 1
242 268 2
243 269 3
244 270 3
245 271 2
246 272 1
247 273 2
248 274 1
249 275 1
250 276 1
251 277 2
252 278 1
253 279 1
254 280 2
255 280 1
256 281 3
257 282 1
258 283 2
259 284 1
260 285 1
261 286 3
262 287 1
263 288 1
263 289 2
264 290 1
264 291 3
265 292 1
266 293 1
266 294 1
267 295 2
268 296 3
269 297 2
269 298 1
270 299 1
271 300 1
271 301 2
272 302 2
272 303 3
273 304 1
273 305 3
273 306 2
273 307 1
274 308 2
275 309 2
276 310 2
276 311 2
277 312 3
277 313 2
278 314 3
279 315 2
279 316 2
279 317 1
279 318 1
279 319 1
280 320 1
281 321 2
281 322 3
282 323 3
282 324 3
283 325 2
283 326 2
284 327 3
284 328 1
285 329 3
285 330 1
286 331 3
287 332 3
287 333 3
288 334 1
289 335 1
290 336 2
291 336 2
292 337 2
293 337 3
294 337 3
295 337 3
296 338 3
297 338 2
298 338 2
299 339 2
300 339 3
301 340 2
302 340 1
303 341 2
304 341 3
305 342 3
306 343 2
307 343 3
308 344 1
309 344 3
310 345 3
311 345 1
312 345 2
313 345 1
314 346 2
315 346 3
316 346 2
317 347 3
318 347 1
319 348 2
320 348 3
321 348 1
322 349 2
323 349 1
324 350 3
325 350 2
326 351 3
327 351 1
328 351 1
329 352 1
330 352 3
331 352 3
332 352 3
333 352 1
334 353 1
335 354 2
336 355 1
336 356 3
336 357 2
337 358 3
338 359 3
339 360 1
340 361 3
341 362 1
342 363 2
343 364 3
343 365 1
344 366 1
344 367 3
345 368 3
346 369 3
347 370 3
348 371 1
349 372 2
350 373 2
351 374 1
352 375 3
352 376 2
353 377 2
354 378 3
355 379 3
356 380 3
357 381 2
358 382 2
359 383 3
360 384 1
361 385 1
362 386 3
363 387 3
364 387 3
365 388 1
366 389 1
367 390 3
368 391 1
369 392 2
370 393 3
371 394 3
372 395 3
373 395 1
374 396 1
375 397 1
376 398 2
377 399 2
378 400 3
379 401 3
380 402 1
381 403 2
381 404 3
382 405 2
383 406 3
384 407 1
385 408 3
386 409 1
387 410 2
388 411 2
389 412 2
390 413 2
391 414 2
392 415 2
393 416 3
394 417 1
395 418 3
396 419 3
396 420 2
397 421 1
398 422 3
399 423 3
400 424 1
401 425 1
402 426 3
403 427 3
404 428 1
405 429 2
406 430 3
407 431 1
408 432 1
409 433 2
410 434 1
411 435 3
412 436 1
413 437 2
414 437 1
415 438 3
416 439 3
417 440 2
418 441 3
419 442 3
420 442 3
421 443 1
422 444 3
423 445 2
424 446 2
425 447 3
426 448 1
427 449 1
428 450 2
429 451 3
430 452 2
431 453 1
432 454 1
433 455 2
434 456 3
435 457 1
436 458 3
437 459 1
438 460 3
439 461 3
440 462 1
441 463 1
442 464 3
443 465 3
444 466 2
445 467 3
446 468 3
447 469 3
447 470 2
447 471 3
448 472 2
448 473 1
449 474 3
450 475 3
451 476 3
452 477 2
453 478 3
454 479 1
454 480 2
455 481 2
456 482 2
457 483 2
458 484 2
459 485 1
459 486 3
460 487 1
461 488 3
462 489 3
463 490 1
464 491 1
465 492 1
466 493 1
467 494 3
468 495 3
469 496 2
470 497 2
471 498 3
472 499 3
473 500 1
474 501 3
475 502 2
476 503 3
477 504 3
478 505 3
479 506 1
480 507 1
481 508 1
482 509 2
483 510 1
484 511 2
485 512 3
486 513 2
487 514 1
488 515 1
489 516 1
490 517 1
490 518 1
491 519 1
492 520 1
493 521 2
494 522 2
495 523 1
496 524 3
497 525 3
498 526 3
499 527 2
500 528 2
501 529 1
502 530 3
503 531 2
504 532 3
505 533 1
506 534 2
506 535 1
507 536 1
508 537 1
509 538 2
510 539 2
511 540 1
512 541 2
513 542 1
514 543 2
515 544 3
516 545 3
517 546 3
518 547 2
519 548 2
519 549 1
519 550 3
520 551 1
521 552 2
522 553 2
523 554 1
524 555 1
525 556 2
526 556 2
527 557 3
528 558 3
529 558 1
530 559 2
531 560 1
532 561 2
533 562 2
534 563 3
535 564 2
536 564 1
537 565 1
538 566 1
539 567 1
540 568 3
541 569 1
542 570 1
543 571 3
544 572 2
545 572 2
546 572 1
547 573 3
548 574 2
549 575 3
550 576 2
551 577 1
552 577 1
553 578 3
554 579 2
555 580 2
556 581 3
557 582 1
558 583 3
559 584 1
560 585 3
561 586 1
562 587 3
563 587 1
564 588 3
565 589 3
566 590 2
567 591 3
568 592 3
569 593 3
570 594 2
571 595 3
572 595 3
573 596 1
574 596 3
575 597 1
576 598 1
577 599 1
578 600 3
579 600 1
580 600 3
581 600 2
582 600 3
583 600 3
584 600 2
585 600 1
586 600 2
587 600 3
588 600 1
589 600 3
590 600 3
591 600 1
592 600 2
593 600 2
594 600 1
595 600 2
596 600 2
597 600 2
598 600 2
599 600 2
