1 2 5
1 3 4
1 4 7
1 5 7
2 6 7
2 7 7
3 8 2
3 9 7
3 10 9
4 11 3
4 12 3
4 13 5
4 14 5
5 15 7
5 16 3
6 17 8
6 18 6
7 19 9
8 20 8
9 21 4
10 22 3
10 23 3
11 24 8
11 25 2
12 26 2
12 27 6
13 28 2
14 29 4
15 30 3
16 31 5
16 32 8
16 33 3
17 34 7
18 34 8
19 35 8
20 35 2
21 36 6
22 36 1
23 37 6
24 37 2
25 38 2
26 39 6
27 40 1
28 41 7
29 42 8
30 43 8
31 44 5
32 45 2
33 46 3
34 47 2
35 48 9
36 49 4
37 50 9
38 51 3
39 52 2
40 53 6
41 54 4
42 55 2
43 56 7
44 57 3
45 58 4
45 59 3
46 60 3
47 61 8
48 62 2
49 63 6
50 64 3
51 65 6
52 66 2
53 67 8
54 68 9
54 69 6
55 70 1
56 71 4
56 72 8
57 73 5
58 74 6
59 75 9
60 76 5
61 77 5
62 77 2
63 78 8
64 79 6
65 80 2
66 81 1
67 82 6
68 83 4
69 84 5
70 84 2
71 85 5
72 86 5
73 86 6
74 87 6
75 88 1
76 89 1
77 90 2
78 91 5
78 92 8
79 93 1
80 94 8
81 95 6
82 96 3
83 97 7
84 98 7
85 99 2
86 100 5
87 101 6
88 102 6
89 103 9
89 104 7
90 105 9
91 106 7
92 107 4
93 108 4
94 109 6
95 110 5
96 111 7
97 112 2
97 113 3
98 114 7
99 115 9
99 116 7
100 117 5
101 118 6
102 119 7
103 120 4
104 121 1
105 122 6
106 122 1
107 123 9
108 123 1
109 123 6
110 124 6
111 125 5
112 126 8
113 127 1
114 128 1
115 129 4
116 130 8
117 131 1
118 132 7
119 133 3
120 133 2
121 133 4
122 134 7
123 135 4
124 136 8
125 137 4
126 138 4
127 139 7
128 140 2
129 141 6
130 142 5
131 143 7
132 144 7
133 145 5
134 146 3
134 147 6
134 148 1
135 149 8
135 150 4
136 151 6
137 152 5
138 153 3
138 154 6
138 155 1
139 156 8
139 157 3
139 158 4
140 159 2
141 160 4
141 161 2
142 162 2
142 163 8
143 164 8
144 165 8
145 166 6
145 167 6
145 168 1
146 169 4
147 169 5
148 170 2
149 170 9
150 171 7
151 172 7
152 172 9
153 172 4
154 173 4
155 174 8
156 175 4
157 176 4
158 176 6
159 177 8
160 177 2
161 178 8
162 178 4
163 179 8
164 179 1
165 180 8
166 180 4
167 181 9
168 181 1
169 182 5
170 182 1
171 182 2
172 183 4
173 184 3
174 185 1
175 186 1
176 187 7
177 187 4
178 188 8
179 189 4
180 189 7
181 190 2
182 191 2
182 192 3
182 193 7
183 194 7
183 195 9
184 196 9
185 197 8
185 198 2
186 199 3
186 200 6
186 201 3
187 202 3
187 203 9
188 204 7
188 205 3
189 206 2
190 207 6
191 208 5
191 209 3
192 210 4
193 211 2
194 212 8
195 213 5
196 214 9
197 215 3
198 216 7
199 217 7
199 218 8
200 219 5
201 220 6
202 221 4
202 222 2
203 223 5
204 224 4
205 225 2
206 226 5
207 227 4
207 228 2
208 229 6
209 230 9
210 230 5
211 230 7
212 230 4
213 231 6
214 231 6
215 231 7
216 231 1
217 232 5
218 233 2
219 233 4
220 233 7
221 234 9
222 234 7
223 235 9
224 236 2
225 236 4
226 236 1
227 237 7
228 237 7
229 238 7
229 239 2
230 240 5
230 241 7
231 242 9
231 243 3
232 244 7
233 245 8
234 246 3
235 247 7
235 248 4
235 249 7
236 250 6
236 251 5
236 252 8
236 253 1
236 254 4
237 255 4
238 256 1
239 257 5
240 258 9
240 259 1
241 260 5
242 261 4
243 262 5
244 263 1
245 264 2
246 265 3
246 266 2
247 267 6
248 268 7
249 269 8
250 270 1
251 271 2
252 272 4
253 273 2
254 274 1
254 275 7
255 276 3
256 277 6
257 278 1
258 279 7
259 279 6
260 280 4
261 281 3
262 281 8
263 282 6
264 282 9
265 283 5
266 284 4
267 284 9
268 285 9
269 286 8
270 287 4
271 288 9
272 288 3
273 288 3
274 289 5
275 290 8
276 291 2
277 292 1
278 293 5
278 294 7
279 295 2
279 296 6
280 297 3
281 298 1
281 299 5
282 300 4
283 301 5
284 302 3
284 303 1
285 304 8
285 305 1
286 306 1
286 307 2
287 308 9
287 309 6
288 310 3
289 311 9
290 312 8
291 313 1
291 314 9
292 315 7
293 316 9
294 317 8
295 318 7
296 319 3
297 320 9
298 321 6
299 321 6
300 322 6
301 322 8
302 323 1
303 324 4
304 324 8
305 325 1
306 326 1
307 327 3
308 328 9
309 329 6
310 329 4
311 330 8
312 331 6
313 331 6
314 332 1
315 333 6
316 334 6
317 335 7
318 336 2
319 337 9
320 338 2
321 339 1
322 340 5
323 341 1
324 342 7
325 343 4
326 344 4
327 345 4
328 346 4
329 347 7
330 348 5
331 348 6
332 349 8
333 350 3
334 350 5
335 351 5
336 352 7
337 352 6
338 353 8
339 354 4
340 354 5
341 355 4
342 356 1
343 357 9
344 358 8
345 359 7
346 359 8
347 360 5
348 361 1
349 362 2
350 363 2
351 364 3
352 365 1
353 366 1
354 367 7
355 368 2
356 369 3
357 370 6
358 371 8
359 372 3
360 373 7
361 374 6
362 375 6
363 376 3
364 376 6
365 377 3
366 377 4
367 378 3
368 378 1
369 379 7
370 379 2
371 380 7
372 380 2
373 381 6
374 382 2
375 383 2
376 384 1
377 385 7
377 386 5
378 387 8
379 388 8
379 389 3
380 390 5
381 391 9
382 392 3
383 393 5
384 394 3
385 395 4
386 396 8
386 397 5
387 398 3
388 399 3
389 400 3
390 401 8
391 402 5
392 403 3
392 404 8
393 405 7
394 406 5
394 407 2
395 408 7
396 409 3
397 410 6
398 411 5
399 412 4
400 413 1
401 414 1
402 415 5
403 416 3
404 417 6
405 418 9
406 419 8
407 420 3
408 421 3
409 422 7
410 423 7
410 424 7
411 425 8
412 426 1
412 427 9
413 428 3
413 429 7
414 430 8
414 431 6
415 432 7
416 433 1
417 434 3
418 435 8
419 436 3
420 437 6
420 438 6
421 439 7
422 440 3
423 441 4
424 442 8
425 443 6
426 444 9
427 445 5
428 446 9
429 447 6
430 448 1
431 449 4
432 450 3
433 451 7
434 452 5
435 453 8
436 454 8
437 455 8
438 455 6
439 456 6
440 457 8
441 457 9
442 457 6
443 458 1
444 459 9
445 459 9
446 459 4
447 460 4
448 461 2
449 461 2
450 461 1
451 461 8
452 462 2
453 462 2
454 463 4
455 464 5
456 465 8
457 466 9
458 467 7
458 468 7
459 469 2
460 470 8
461 471 7
461 472 6
461 473 2
462 474 1
462 475 7
463 476 4
464 477 4
465 477 8
466 478 5
467 479 1
468 480 3
469 481 4
470 482 7
471 483 5
472 484 3
473 485 8
474 486 8
475 487 7
476 488 4
477 489 9
477 490 1
478 491 2
479 492 3
480 493 6
480 494 7
480 495 5
481 496 8
481 497 7
482 498 8
483 499 3
484 500 9
485 501 1
486 502 2
487 503 7
488 504 8
489 505 8
490 506 4
490 507 5
491 508 3
492 509 1
493 510 4
494 511 8
495 512 2
496 513 2
497 514 5
498 515 5
499 516 7
499 517 2
500 518 9
500 519 8
501 520 3
502 521 4
503 522 1
504 523 4
505 523 2
506 524 1
507 525 7
508 526 5
509 527 1
510 528 8
511 528 1
512 529 4
513 530 5
514 530 8
515 530 2
516 531 3
517 532 9
518 533 1
519 534 8
520 534 4
521 535 4
522 536 8
523 537 2
524 538 1
525 539 2
526 540 9
527 541 1
528 542 1
528 543 2
529 544 4
530 545 1
531 546 2
532 547 5
533 548 3
534 549 6
535 550 4
536 551 1
537 552 6
538 553 8
539 554 9
540 555 3
541 556 3
542 557 3
543 558 3
544 559 5
545 560 7
546 561 2
547 562 9
548 563 1
549 564 9
550 565 4
551 566 6
552 567 5
552 568 5
553 569 7
554 570 5
555 571 7
556 572 4
557 573 6
557 574 8
558 575 3
559 576 7
560 577 2
561 578 3
562 579 8
563 580 5
564 581 2
565 582 9
566 583 6
567 584 4
568 585 4
569 586 7
570 587 5
571 588 8
572 589 1
573 589 7
574 590 3
575 591 7
576 592 3
577 593 1
578 594 2
579 595 5
580 596 6
581 597 6
582 598 2
583 599 3
584 600 6
585 600 7
586 600 1
587 600 3
588 600 5
589 600 2
590 600 1
591 600 1
592 600 7
593 600 4
594 600 4
595 600 4
596 600 7
597 600 3
598 600 1
599 600 1
