1 2 23
1 3 26
1 4 19
1 5 36
2 6 41
2 7 77
2 8 26
3 9 71
4 10 33
4 11 14
5 12 32
5 13 27
5 14 37
5 15 8
6 16 17
7 17 18
7 18 5
8 19 9
8 20 11
8 21 58
8 22 38
9 23 30
10 24 52
10 25 37
10 26 70
11 27 51
12 28 49
13 29 63
13 30 73
14 31 71
14 32 77
15 33 67
15 34 48
16 35 39
17 35 25
18 35 13
19 36 32
20 36 67
21 36 39
22 36 70
23 36 34
24 37 32
25 37 53
26 37 3
27 37 5
28 38 78
29 38 2
30 38 64
31 38 73
32 39 62
33 39 62
34 39 70
35 40 77
35 41 27
36 42 5
36 43 44
37 44 59
37 45 69
38 46 7
38 47 61
38 48 29
39 49 5
40 50 52
41 50 37
42 50 70
43 50 55
44 50 5
45 50 60
46 50 76
47 50 19
48 50 30
49 50 7
