1 2 16
1 3 18
1 4 22
1 5 21
2 6 15
2 7 24
2 8 3
2 9 16
3 10 7
3 11 16
3 12 25
3 13 12
3 14 24
4 15 9
4 16 24
4 17 24
4 18 6
4 19 14
5 20 15
5 21 22
5 22 25
5 23 9
6 24 22
7 25 13
8 26 21
9 27 19
10 28 11
11 29 12
12 30 2
13 31 6
13 32 16
14 33 12
15 34 19
16 35 4
17 36 15
18 37 7
19 38 4
19 39 1
20 40 5
21 41 25
21 42 24
22 43 25
23 44 24
23 45 2
24 46 3
25 47 1
26 48 23
27 49 23
28 49 22
29 50 23
30 51 14
31 52 25
32 53 26
33 54 8
34 55 26
35 56 1
36 57 18
37 58 4
38 59 25
39 60 1
40 61 2
41 62 19
42 63 8
43 64 18
44 64 23
45 65 21
46 66 22
47 67 29
48 68 29
49 69 18
50 70 5
51 71 23
52 72 24
53 73 11
54 74 7
55 75 1
56 76 16
57 76 9
58 77 15
59 78 3
60 79 12
61 80 8
62 81 13
63 82 20
64 83 23
65 84 20
66 85 24
67 86 7
67 87 10
68 88 24
69 89 16
70 90 8
70 91 20
71 92 6
72 93 20
73 94 16
74 95 27
75 96 15
76 97 12
77 98 20
77 99 13
77 100 18
78 101 18
79 102 7
80 103 23
81 104 22
82 105 17
83 106 1
84 107 17
85 108 20
86 108 15
87 108 29
88 109 26
89 109 19
90 110 19
91 111 18
92 112 22
93 112 3
94 113 5
95 114 14
96 115 23
97 115 4
98 116 14
99 116 12
100 116 1
101 117 25
102 118 19
103 118 13
104 119 16
105 120 16
106 121 11
107 121 26
108 122 18
109 123 7
110 124 19
111 125 23
112 126 26
113 127 25
114 128 19
115 129 8
116 130 12
117 131 2
117 132 14
118 133 28
119 134 6
120 135 26
121 136 17
122 137 6
123 138 28
124 139 25
124 140 22
125 141 23
126 142 1
126 143 16
127 144 6
128 145 20
129 146 23
129 147 8
130 148 28
130 149 6
131 150 25
132 151 3
132 152 17
133 153 26
133 154 25
134 155 16
134 156 17
135 157 23
135 158 25
136 159 18
137 160 8
138 161 13
139 162 14
140 163 5
141 164 28
142 165 2
143 166 1
144 167 6
145 168 1
146 169 4
147 170 11
148 171 22
149 172 15
150 173 2
151 174 6
152 175 17
153 176 1
154 177 8
155 178 20
156 179 5
157 180 26
158 181 1
159 182 13
160 183 22
161 184 25
162 185 2
163 185 16
164 186 9
165 187 19
166 188 12
167 189 8
168 190 22
169 190 9
170 191 2
171 191 26
172 192 29
173 193 17
174 194 6
175 194 29
176 195 4
177 195 18
178 196 17
179 197 16
180 197 4
181 198 23
182 198 15
183 199 15
184 200 14
184 201 14
185 202 14
186 203 17
187 204 26
188 205 23
189 206 2
190 207 18
190 208 6
191 209 24
192 210 22
192 211 3
193 212 17
194 213 20
195 214 24
196 215 5
197 216 15
198 217 6
198 218 22
199 219 15
200 220 25
201 221 14
202 222 16
203 223 14
204 224 4
205 225 27
206 226 20
207 227 25
208 228 10
209 229 17
210 230 18
211 231 27
212 232 2
213 233 24
214 234 11
215 235 1
216 236 1
216 237 5
217 238 12
218 239 17
219 240 10
220 241 18
221 242 16
222 242 26
223 243 26
224 244 16
225 245 1
226 246 21
227 247 11
228 248 2
229 248 13
230 249 9
231 250 3
232 251 13
233 252 19
234 253 29
235 254 11
236 254 1
237 255 11
238 255 24
239 256 1
240 257 2
241 258 26
242 259 4
243 260 16
243 261 11
244 262 8
245 263 11
246 264 11
246 265 3
247 266 7
248 267 13
249 268 16
250 269 25
251 270 28
252 271 17
253 272 17
254 273 22
255 274 17
256 275 7
257 276 13
258 277 11
259 278 3
260 279 1
261 280 18
262 280 11
263 281 26
264 282 1
265 283 29
266 284 14
267 285 11
268 286 27
269 287 12
270 288 18
271 289 16
272 290 6
273 291 19
274 292 23
275 293 8
276 294 24
277 295 13
278 296 16
279 297 23
279 298 16
279 299 17
280 300 11
281 301 25
282 302 25
283 303 10
284 304 25
285 305 16
286 306 21
287 307 9
288 308 1
289 309 11
290 310 12
291 311 3
292 312 4
293 313 1
294 314 3
295 315 9
296 316 10
297 317 2
298 318 3
299 319 23
300 320 21
301 321 5
302 322 29
303 323 9
304 324 2
305 325 1
306 326 6
307 327 29
308 328 3
309 329 19
310 330 13
311 331 4
312 332 16
313 333 16
314 334 28
315 335 7
316 336 19
317 337 7
318 338 12
319 339 17
320 340 22
321 341 12
322 342 26
323 343 29
324 344 26
325 345 6
326 346 7
327 346 20
328 347 27
329 348 29
330 349 7
331 350 15
332 351 1
333 352 24
334 353 24
335 354 3
336 355 14
337 356 12
338 357 19
339 358 10
340 359 12
341 360 26
342 361 21
343 362 10
344 363 6
345 364 27
346 365 5
346 366 26
347 367 4
347 368 19
348 369 21
349 370 24
350 371 10
350 372 19
351 373 21
352 374 8
353 375 11
354 376 3
355 377 23
356 378 29
357 379 23
358 380 7
359 381 20
360 382 4
361 383 23
361 384 22
362 385 1
363 386 26
364 387 5
365 388 13
366 389 21
367 390 12
367 391 17
368 392 4
369 393 8
370 394 7
371 395 13
372 396 23
373 397 18
374 398 27
375 399 7
376 400 25
377 400 20
378 401 1
379 402 27
380 402 21
381 403 19
382 404 24
383 404 5
384 405 23
385 406 26
386 407 5
387 408 8
388 409 4
389 410 26
390 410 3
391 411 26
392 412 9
393 412 21
394 412 11
395 413 5
396 414 2
397 415 10
398 416 10
399 417 1
400 418 21
401 419 26
402 420 13
403 421 25
404 421 18
405 422 6
406 423 21
407 424 4
408 425 13
409 426 27
410 427 21
411 428 20
412 429 5
413 430 3
414 431 6
415 432 7
416 433 3
417 434 25
417 435 26
418 436 7
418 437 16
418 438 29
418 439 22
418 440 1
419 441 23
419 442 14
420 443 27
420 444 21
420 445 23
421 446 7
421 447 17
421 448 4
421 449 3
422 450 5
422 451 14
422 452 23
422 453 17
423 454 27
423 455 12
424 456 8
424 457 18
425 458 26
425 459 6
426 460 11
426 461 27
426 462 12
427 463 11
427 464 7
427 465 28
427 466 8
427 467 11
428 468 8
428 469 7
428 470 1
429 471 21
429 472 10
429 473 2
429 474 7
429 475 28
430 476 7
430 477 28
430 478 8
431 479 28
431 480 3
431 481 21
432 482 25
432 483 1
432 484 28
432 485 16
432 486 20
433 487 17
433 488 4
433 489 16
433 490 19
434 491 12
435 492 29
436 493 26
437 493 5
438 493 1
439 493 19
440 494 28
441 495 16
442 495 1
443 495 12
444 495 28
445 495 28
446 495 6
447 496 3
448 496 29
449 496 9
450 496 17
451 497 20
452 497 10
453 497 28
454 497 18
455 498 26
456 499 7
457 500 29
458 500 16
459 500 6
460 501 27
461 501 20
462 501 21
463 501 19
464 501 29
465 502 18
466 503 23
467 503 24
468 503 28
469 504 7
470 504 10
471 505 4
472 505 17
473 505 1
474 506 11
475 506 2
476 506 4
477 506 12
478 507 13
479 507 15
480 507 15
481 508 14
482 508 15
483 509 19
484 510 2
485 510 8
486 511 17
487 511 4
488 511 17
489 512 22
490 512 1
491 513 29
492 513 12
493 514 26
494 515 1
495 516 27
496 517 6
497 518 10
498 519 20
499 519 22
500 520 23
501 521 5
502 522 8
503 523 7
504 524 21
505 525 29
506 526 5
507 527 5
508 528 12
509 528 8
510 529 28
511 529 8
512 530 18
513 531 1
514 532 5
515 533 9
516 534 29
517 535 17
518 536 6
519 537 6
520 538 2
521 539 24
522 540 6
523 541 13
524 542 26
525 543 10
526 544 5
527 545 9
528 546 18
529 547 11
530 548 12
531 549 10
532 550 3
533 551 7
533 552 18
534 553 20
535 554 11
536 555 21
536 556 10
537 557 13
538 558 6
539 559 24
539 560 5
540 561 5
540 562 6
541 563 21
542 564 29
542 565 24
543 566 10
543 567 5
543 568 24
544 569 18
544 570 23
545 571 29
546 572 23
547 573 23
548 574 9
549 575 7
550 576 26
551 577 17
552 578 19
553 578 26
554 579 15
555 579 2
556 580 13
557 580 3
558 580 24
559 580 8
560 581 27
561 581 16
562 581 2
563 582 8
564 583 28
565 583 12
566 584 27
567 584 21
568 585 14
569 586 29
570 586 20
571 586 26
572 586 12
573 587 4
574 588 3
575 589 10
575 590 7
575 591 9
576 592 15
576 593 14
577 594 5
577 595 11
578 596 29
579 597 15
580 598 28
580 599 9
581 600 22
582 601 12
583 602 22
584 603 3
585 604 11
586 605 23
587 606 19
587 607 12
588 608 12
589 609 19
590 609 26
591 610 27
592 611 15
593 612 17
594 613 25
595 613 7
596 614 3
597 615 27
598 615 25
599 616 1
600 617 1
601 618 6
602 619 29
603 620 9
604 620 9
605 621 16
606 622 10
607 622 28
608 623 20
609 624 25
610 625 13
610 626 3
611 627 5
612 628 29
613 629 15
614 630 28
614 631 16
615 632 29
616 633 20
617 634 27
618 635 18
619 636 2
620 637 16
620 638 9
621 639 20
622 640 3
623 641 3
624 642 4
625 643 1
626 644 15
627 645 7
628 646 4
629 647 3
630 648 16
631 649 16
632 650 25
633 651 7
634 651 9
635 652 11
636 653 11
637 654 13
638 655 27
639 656 6
640 657 6
641 658 20
642 659 7
643 660 21
644 661 24
645 662 27
646 663 16
647 664 15
648 665 28
649 666 4
650 667 5
651 668 10
652 669 12
653 670 3
654 671 18
655 672 26
656 673 2
657 674 10
658 675 13
659 676 22
660 677 1
661 678 19
662 679 5
663 680 17
664 681 9
665 682 17
666 683 7
667 683 14
668 684 20
669 685 16
670 686 24
671 687 7
672 688 19
673 689 22
674 690 29
675 691 28
676 692 17
676 693 25
676 694 29
677 695 9
677 696 15
678 697 29
679 698 20
679 699 3
680 700 29
681 701 18
682 702 28
683 703 25
684 704 7
685 705 10
686 706 17
687 707 21
688 708 5
689 709 20
690 710 7
691 711 12
692 712 23
693 713 9
694 714 25
695 715 12
696 716 7
697 717 6
698 718 27
699 719 27
700 719 17
701 720 27
702 721 18
703 722 2
704 723 19
705 723 5
706 724 16
707 725 24
708 726 3
709 727 3
710 728 20
711 729 24
712 730 13
713 730 13
714 731 11
715 732 4
716 732 23
717 733 6
718 734 6
719 735 9
720 735 4
721 736 2
722 737 1
723 738 20
724 739 4
725 740 28
726 741 16
727 742 23
728 742 15
729 743 4
730 744 1
730 745 4
730 746 8
731 747 4
731 748 29
731 749 8
732 750 5
733 751 26
733 752 13
734 753 25
735 754 21
735 755 29
735 756 17
735 757 2
736 758 9
737 759 10
737 760 19
738 761 15
739 762 27
740 763 27
740 764 14
741 765 23
742 766 9
742 767 29
743 768 24
743 769 8
744 770 7
745 771 6
746 772 5
747 773 8
748 773 16
749 774 17
750 775 27
751 776 5
752 776 17
753 777 21
754 778 7
755 779 19
756 779 16
757 779 25
758 780 10
759 781 20
760 782 6
761 782 27
762 782 23
763 783 19
764 784 24
765 784 4
766 785 1
767 786 9
768 787 6
769 788 20
770 789 13
771 790 7
772 790 22
773 791 24
774 792 9
775 793 24
776 794 29
777 795 4
778 796 11
779 797 2
780 798 23
781 799 13
782 800 15
783 801 24
784 801 25
785 802 17
786 803 26
787 804 5
788 805 25
789 806 15
790 807 29
791 808 22
792 809 17
793 810 22
794 811 20
795 812 20
796 813 23
797 814 9
798 814 29
799 815 8
800 816 18
801 817 29
802 818 23
803 819 26
804 820 10
805 821 24
806 822 2
807 823 4
808 824 23
809 825 7
810 826 1
811 827 5
812 828 2
813 829 18
814 830 26
815 831 17
816 832 15
817 833 2
818 834 25
819 835 25
820 836 10
821 837 17
822 838 11
823 839 1
824 840 23
824 841 15
825 842 10
825 843 16
826 844 3
827 845 25
828 846 19
829 847 26
829 848 22
830 849 16
831 850 26
832 851 5
833 852 4
833 853 20
834 854 20
835 855 20
835 856 2
836 857 19
836 858 12
837 859 21
838 860 23
839 861 24
840 862 12
841 863 11
842 864 3
842 865 21
843 866 20
844 867 3
845 868 24
846 869 24
847 870 11
848 871 29
849 872 22
850 873 25
851 874 9
852 875 13
853 876 21
854 877 19
855 878 6
855 879 19
856 880 18
857 881 20
858 882 25
859 883 2
860 884 3
861 884 23
862 885 17
863 886 20
864 887 29
865 888 4
866 889 9
867 889 27
868 890 1
869 890 10
870 890 17
871 891 7
872 892 20
873 893 3
874 893 19
875 893 29
876 894 6
877 895 28
878 896 18
879 897 2
880 897 20
881 898 12
882 898 29
883 899 3
884 900 12
885 900 6
886 900 19
887 900 17
888 900 14
889 900 9
890 900 2
891 900 1
892 900 23
893 900 25
894 900 20
895 900 18
896 900 10
897 900 28
898 900 1
899 900 29
