1 2 2
1 3 2
1 4 2
1 5 1
2 6 2
2 7 2
2 8 3
3 9 2
3 10 1
4 11 3
4 12 1
4 13 1
5 14 2
5 15 2
6 16 2
7 17 1
8 18 3
9 19 1
10 20 2
11 21 3
11 22 3
12 23 1
13 24 3
14 25 2
15 26 1
16 27 3
16 28 3
16 29 3
17 30 2
18 31 1
18 32 1
18 33 2
18 34 1
19 35 1
19 36 1
19 37 1
19 38 1
19 39 3
20 40 1
20 41 2
20 42 2
20 43 3
20 44 1
21 45 3
21 46 3
21 47 3
21 48 1
22 49 1
22 50 1
22 51 3
22 52 3
23 53 3
24 54 2
24 55 1
24 56 2
25 57 3
25 58 2
25 59 3
25 60 3
25 61 2
26 62 2
26 63 1
26 64 1
27 65 2
28 66 2
29 66 2
30 66 2
31 66 1
32 66 1
33 67 3
34 67 3
35 67 1
36 67 3
37 67 3
38 68 3
39 68 2
40 68 3
41 68 1
42 68 3
43 69 2
44 70 3
45 70 2
46 70 3
47 70 1
48 70 2
49 70 1
50 71 2
51 71 3
52 71 3
53 71 2
54 71 2
55 71 3
56 72 1
57 72 3
58 72 1
59 73 1
60 73 1
61 73 3
62 73 2
63 73 3
64 73 2
65 74 2
66 75 1
66 76 3
67 77 2
68 78 2
68 79 1
69 80 1
70 81 2
71 82 1
72 83 2
73 84 3
74 85 3
75 86 3
76 87 3
77 88 3
77 89 2
78 90 1
79 91 2
80 92 1
80 93 2
81 94 3
82 95 1
83 96 2
83 97 1
84 98 3
84 99 1
85 100 2
86 100 3
87 100 2
88 100 2
89 100 3
90 100 1
91 100 1
92 100 2
93 100 1
94 100 3
95 100 1
96 100 1
97 100 2
98 100 1
99 100 2
