1 2 6
1 3 4
1 4 7
1 5 9
2 6 3
2 7 5
3 8 7
3 9 4
3 10 6
3 11 3
4 12 4
4 13 4
5 14 1
5 15 2
5 16 8
5 17 4
6 18 3
7 18 7
8 19 8
9 20 9
10 21 5
11 22 3
12 22 9
13 23 6
14 24 8
15 25 7
16 26 9
17 27 2
18 28 9
18 29 9
19 30 9
20 31 8
20 32 1
21 33 5
22 34 2
23 35 6
24 36 2
25 37 6
25 38 1
26 39 7
27 40 5
28 41 7
29 42 9
30 43 1
31 44 3
32 45 3
33 46 4
34 47 6
35 48 1
36 49 1
37 50 5
38 51 1
39 52 5
40 53 8
41 54 8
42 55 4
43 55 5
44 56 1
45 57 1
46 58 8
47 58 8
48 59 1
49 60 3
50 61 2
51 61 7
52 62 6
53 63 5
54 64 9
55 65 3
56 66 2
57 67 1
58 68 1
59 69 5
60 70 6
61 71 9
62 72 8
63 73 8
64 74 5
65 75 2
66 76 1
66 77 4
67 78 1
68 79 5
68 80 8
69 81 2
69 82 1
70 83 3
71 84 6
72 85 9
73 86 5
74 87 9
75 88 8
76 89 6
77 90 6
78 91 1
79 92 9
80 93 6
81 94 6
82 95 3
83 96 8
84 97 6
85 98 2
86 99 4
87 100 3
88 100 3
89 100 1
90 100 6
91 100 1
92 100 1
93 100 9
94 100 5
95 100 8
96 100 2
97 100 9
98 100 5
99 100 6
