1 2 23
1 3 9
2 4 27
2 5 34
3 6 17
3 7 24
3 8 26
4 9 39
4 10 7
5 11 25
6 12 32
7 13 21
8 14 18
8 15 9
9 16 17
10 17 36
11 18 17
12 18 39
13 19 8
14 20 45
15 21 4
16 22 12
17 23 11
18 24 37
18 25 1
19 26 32
19 27 37
20 28 12
21 29 16
21 30 22
21 31 13
22 32 33
23 32 8
24 32 42
25 33 44
26 33 24
27 34 35
28 34 40
29 34 15
30 34 16
31 35 28
32 36 5
32 37 26
33 38 29
34 39 24
35 40 19
35 41 23
36 42 45
37 43 35
38 44 19
39 45 32
40 45 29
41 46 37
42 47 14
43 48 7
44 48 22
45 49 33
46 49 30
47 50 8
48 50 6
49 50 12
