1 2 17
1 3 50
1 4 68
2 5 47
2 6 29
2 7 6
3 8 31
3 9 26
3 10 36
3 11 60
4 12 29
4 13 14
5 14 1
5 15 4
6 16 14
6 17 14
7 18 57
7 19 44
8 20 47
8 21 9
9 22 23
10 23 61
10 24 22
11 25 34
11 26 45
12 27 5
12 28 68
13 29 24
13 30 9
14 31 36
15 32 60
16 32 20
17 32 53
18 33 24
19 33 42
20 34 10
21 34 18
22 35 19
23 36 50
24 36 19
25 37 4
26 37 48
27 38 41
28 39 63
29 40 56
30 40 52
31 41 37
32 42 23
33 43 65
34 44 35
35 45 19
36 46 63
37 47 15
38 48 56
39 49 8
40 49 25
41 50 36
42 50 20
43 50 68
44 50 66
45 50 50
46 50 23
47 50 11
48 50 66
49 50 26
