1 2 90
1 3 97
2 4 43
2 5 97
2 6 4
3 7 82
3 8 70
3 9 1
4 10 38
5 10 16
6 11 95
7 11 12
8 12 38
9 13 84
10 14 77
11 14 87
12 15 16
13 15 82
14 16 63
14 17 21
14 18 93
15 19 35
16 20 43
16 21 65
17 22 31
17 23 39
17 24 78
18 25 93
19 26 6
19 27 59
19 28 73
20 29 47
21 29 81
22 29 91
23 29 8
24 30 44
25 30 29
26 30 99
27 31 92
28 31 38
29 32 65
29 33 83
30 34 92
30 35 79
31 36 67
32 37 96
33 37 85
34 38 7
35 39 85
36 39 59
37 40 36
38 41 35
39 42 88
40 43 54
40 44 64
41 45 59
41 46 84
42 47 63
42 48 56
42 49 11
43 50 85
44 50 27
45 50 24
46 50 68
47 50 93
48 50 46
49 50 99
