1 2 134
1 3 103
1 4 119
1 5 97
2 6 109
2 7 7
2 8 12
2 9 71
2 10 78
3 11 76
3 12 18
3 13 118
3 14 75
3 15 122
4 16 59
4 17 95
4 18 11
4 19 100
4 20 129
5 21 51
5 22 19
5 23 21
5 24 131
5 25 12
6 26 122
7 26 15
8 27 11
9 28 110
10 29 16
11 30 75
12 31 44
13 32 28
14 32 97
15 33 98
16 33 18
17 34 126
18 35 56
19 35 68
20 36 50
21 37 9
22 37 114
23 38 126
24 38 87
25 39 105
26 40 20
27 41 121
28 42 121
28 43 80
29 44 131
30 45 136
31 46 119
32 47 121
33 48 32
34 49 43
35 50 63
36 51 130
37 52 102
37 53 113
38 54 10
39 55 12
39 56 97
40 57 44
41 58 133
42 59 63
43 60 55
44 61 132
45 62 50
46 63 110
47 64 5
48 65 14
49 66 93
50 67 118
51 68 113
52 69 29
53 70 17
54 71 99
55 72 59
56 73 3
57 74 15
58 75 103
59 75 107
60 76 108
61 76 62
62 77 59
63 78 19
64 78 33
65 78 16
66 79 49
67 80 65
68 80 22
69 81 115
70 82 30
71 83 51
72 83 124
73 84 81
74 85 68
75 86 135
76 87 18
77 88 3
78 89 105
79 90 62
80 91 19
81 92 131
82 93 75
83 94 34
84 95 131
85 96 136
85 97 57
86 98 16
86 99 73
87 100 5
88 101 91
89 102 126
89 103 131
90 104 27
91 105 93
91 106 111
91 107 76
91 108 17
92 109 18
93 110 108
94 111 39
94 112 50
95 113 122
96 114 120
97 115 60
98 116 3
99 117 56
100 117 119
101 117 135
102 118 105
103 119 108
104 120 16
105 120 106
106 121 101
107 121 36
108 122 46
109 123 85
110 123 42
111 124 78
112 124 114
113 125 90
114 126 84
115 127 50
116 128 111
116 129 23
117 130 60
118 131 135
118 132 94
119 133 8
120 134 52
121 135 53
122 136 84
123 137 109
124 138 127
125 139 28
126 140 121
127 141 46
128 142 114
129 143 41
129 144 69
130 145 60
131 146 86
132 147 77
133 148 1
134 149 136
135 150 71
135 151 109
136 152 99
136 153 59
136 154 21
137 155 17
138 156 23
139 157 68
140 158 54
141 159 71
142 160 112
143 161 52
143 162 4
144 163 128
145 164 68
145 165 42
146 166 16
146 167 52
147 168 22
147 169 59
148 170 139
149 171 68
149 172 120
149 173 3
150 174 84
151 175 116
152 176 21
153 177 113
154 178 98
154 179 57
155 180 77
156 181 66
156 182 30
156 183 22
157 184 65
158 185 45
159 185 88
160 186 113
161 187 78
162 188 61
163 188 52
164 189 131
165 190 134
166 190 20
167 190 53
168 191 99
169 191 53
170 192 17
171 192 44
172 192 44
173 193 95
174 194 100
175 195 44
176 195 111
177 195 11
178 196 21
179 196 117
180 197 7
181 197 58
182 198 109
183 198 91
184 198 116
185 199 123
186 200 93
187 201 47
187 202 129
187 203 129
188 204 43
189 205 14
190 206 11
191 207 112
192 208 53
193 209 51
194 210 62
195 211 53
196 212 71
197 213 76
198 214 32
199 215 69
200 216 78
200 217 61
201 218 133
201 219 31
202 220 71
203 221 76
204 222 83
205 223 95
206 224 102
207 225 136
208 226 59
209 227 69
210 228 39
211 229 35
212 230 110
213 231 29
214 232 75
215 233 90
216 234 49
217 235 125
218 236 1
219 236 18
220 237 116
221 237 7
222 238 7
223 239 61
224 240 72
225 241 1
226 242 103
227 243 62
228 243 52
229 244 42
230 245 97
231 246 8
232 246 105
233 247 26
234 248 40
235 249 4
236 250 60
237 251 76
238 252 54
239 252 106
240 253 119
241 253 49
242 254 100
243 255 21
244 256 79
245 257 58
246 258 4
247 259 76
247 260 51
248 261 56
249 262 138
250 263 11
251 264 48
252 265 4
253 266 12
254 267 100
255 268 9
256 269 47
256 270 55
257 271 57
257 272 54
258 273 14
259 274 11
260 275 24
261 276 92
262 277 114
263 278 133
264 279 77
265 280 2
266 281 114
267 281 60
268 281 45
269 281 130
270 282 61
271 283 16
272 284 102
273 284 1
274 285 101
275 286 24
276 287 114
276 288 66
277 289 13
278 290 99
279 291 6
280 292 121
280 293 100
281 294 31
282 295 4
283 296 108
284 297 77
285 298 133
286 299 105
287 300 82
288 301 95
289 302 94
290 303 1
291 304 93
292 305 82
292 306 86
293 307 52
294 308 16
294 309 128
295 310 41
296 311 93
297 312 134
298 313 119
299 314 136
300 315 32
301 315 66
302 316 28
303 317 74
304 318 41
305 319 7
306 320 81
307 321 34
308 322 43
309 322 65
310 323 60
311 323 119
312 323 98
313 324 13
314 325 115
315 326 16
316 327 50
317 328 92
318 329 127
319 330 57
320 331 6
321 332 9
322 333 137
322 334 64
323 335 76
324 336 101
324 337 8
324 338 71
325 339 95
325 340 125
326 341 75
326 342 107
327 343 70
327 344 1
328 345 108
328 346 127
328 347 23
329 348 114
329 349 84
329 350 90
329 351 83
330 352 69
330 353 77
330 354 55
331 355 80
331 356 33
331 357 85
332 358 115
332 359 23
332 360 35
333 361 74
333 362 78
333 363 21
333 364 8
333 365 3
334 366 123
334 367 110
334 368 69
334 369 135
335 370 125
336 371 29
337 371 2
338 371 29
339 372 67
340 372 122
341 372 42
342 373 100
343 374 132
344 375 13
345 376 11
346 376 29
347 376 16
348 377 110
349 377 46
350 377 83
351 377 15
352 377 92
353 377 88
354 378 13
355 378 139
356 378 33
357 378 99
358 379 25
359 379 21
360 379 53
361 380 93
362 380 63
363 381 56
364 382 92
365 382 95
366 383 68
367 383 9
368 384 108
369 384 94
370 385 35
371 386 136
372 387 112
373 388 19
374 388 61
375 389 33
376 390 90
377 391 108
378 392 28
379 393 134
380 394 81
381 395 20
382 395 104
383 396 132
384 397 105
385 398 97
386 399 46
386 400 130
387 401 118
388 402 70
388 403 11
389 404 14
390 405 40
390 406 46
391 407 77
392 408 72
393 409 100
394 410 136
395 411 126
396 412 54
397 413 32
397 414 119
397 415 110
397 416 78
398 417 37
398 418 123
398 419 87
399 420 60
400 421 100
401 422 7
402 422 109
403 422 64
404 423 108
405 423 78
406 424 80
407 424 31
408 425 134
409 425 1
410 426 109
411 426 23
412 426 54
413 427 97
414 428 69
415 428 7
416 429 32
417 429 96
418 430 15
419 430 46
420 431 86
420 432 92
421 433 5
422 434 113
422 435 90
423 436 13
423 437 56
424 438 61
424 439 67
425 440 102
425 441 114
426 442 96
426 443 55
427 444 108
428 445 23
429 446 126
430 447 19
431 448 22
432 449 32
433 449 138
434 450 47
435 451 74
436 452 50
437 453 83
438 453 11
439 454 24
440 454 21
441 455 92
442 456 120
443 456 43
444 456 10
445 456 119
446 456 74
447 456 75
448 457 105
448 458 116
448 459 105
449 460 41
449 461 128
449 462 115
449 463 66
449 464 5
450 465 136
450 466 39
450 467 136
450 468 46
451 469 137
451 470 40
452 471 66
452 472 25
453 473 94
453 474 122
454 475 7
454 476 130
455 477 103
455 478 84
456 479 97
456 480 57
457 481 86
458 482 76
459 483 105
460 484 46
461 485 119
462 486 21
463 487 8
464 487 42
465 488 68
466 489 74
467 490 9
468 491 55
469 492 38
470 493 65
471 494 138
472 495 115
473 496 10
474 497 77
475 498 137
476 499 132
477 500 38
478 500 81
479 501 107
480 502 135
481 503 29
482 503 99
483 504 10
484 504 115
485 505 4
486 506 109
487 506 22
488 507 53
489 507 130
490 508 67
491 509 116
492 509 47
493 510 101
494 510 23
495 511 66
496 512 93
497 513 6
498 514 29
499 515 130
500 516 3
501 517 43
502 517 1
503 518 110
504 519 57
505 520 48
506 521 90
507 522 62
508 523 139
509 524 8
510 525 128
511 526 131
512 527 57
513 528 50
514 529 120
515 530 14
516 531 133
517 532 15
518 533 16
519 533 27
520 534 10
521 535 93
522 536 44
523 537 121
524 538 127
525 538 42
526 539 29
527 540 50
528 540 11
529 541 27
530 542 40
531 542 66
532 543 125
533 544 33
534 545 92
535 546 30
536 547 91
537 548 82
538 549 94
539 550 106
540 550 136
541 551 131
542 552 62
543 553 44
544 554 106
545 555 1
546 556 3
547 557 49
547 558 105
548 559 21
549 560 89
550 561 67
551 562 127
551 563 56
551 564 65
552 565 86
553 566 87
553 567 10
554 568 61
555 568 103
556 569 37
557 570 49
558 571 125
559 572 74
560 573 40
561 574 16
562 575 121
563 576 1
564 577 40
565 578 62
566 579 135
567 580 67
568 581 18
568 582 19
569 583 11
570 584 17
570 585 54
571 586 94
571 587 98
572 588 41
573 589 20
573 590 3
574 591 94
575 592 125
576 593 30
577 594 31
578 595 132
579 596 71
580 597 23
581 598 88
582 598 26
583 599 118
584 600 132
585 601 74
586 602 107
587 603 61
588 604 27
589 604 66
590 605 101
591 606 49
592 607 78
593 608 114
594 608 29
595 609 38
596 610 109
597 611 102
598 612 19
598 613 82
599 614 50
600 615 13
601 616 38
602 617 131
603 618 76
604 619 40
605 620 123
606 621 101
607 622 88
608 623 102
609 624 139
610 625 82
611 626 66
612 627 66
613 628 121
614 629 56
615 630 66
615 631 22
616 632 114
617 633 28
618 634 5
619 635 13
620 636 30
621 637 16
622 638 3
623 639 50
623 640 116
624 641 77
624 642 45
625 643 90
626 644 95
627 645 19
628 646 98
629 646 59
630 647 19
631 647 66
632 648 116
633 649 106
634 649 138
635 650 137
636 651 60
637 651 49
638 651 88
639 651 126
640 652 36
641 653 76
642 654 26
643 654 36
644 654 100
645 655 56
646 656 121
646 657 107
647 658 96
647 659 63
648 660 136
648 661 69
649 662 105
649 663 21
650 664 33
650 665 4
651 666 32
651 667 57
652 668 23
653 669 9
653 670 37
653 671 105
654 672 93
655 673 106
656 674 54
657 675 134
658 676 77
659 677 57
660 678 113
661 678 89
662 679 19
663 680 111
664 680 6
665 681 50
666 682 82
667 683 120
668 684 15
669 685 65
670 685 51
671 686 81
672 687 135
673 688 34
674 689 126
675 690 70
676 691 52
677 691 107
678 691 60
679 692 48
680 693 81
681 694 6
682 695 50
683 696 3
684 696 110
685 697 63
686 698 121
687 699 103
688 700 73
689 700 107
690 700 122
691 700 30
692 700 48
693 700 44
694 700 60
695 700 51
696 700 122
697 700 113
698 700 46
699 700 88
