1 2 4
1 3 9
1 4 1
1 5 2
2 6 2
3 7 2
3 8 1
3 9 5
4 10 1
4 11 4
4 12 1
4 13 2
5 14 9
5 15 8
6 16 3
6 17 3
7 18 3
8 19 1
8 20 6
9 21 9
10 22 2
10 23 1
11 24 5
12 25 3
12 26 1
12 27 4
13 28 3
13 29 8
14 30 6
15 31 7
16 32 2
17 33 5
18 34 9
19 35 9
20 36 5
21 37 1
22 38 8
23 39 6
24 40 2
24 41 4
25 42 5
26 43 1
27 44 1
28 45 6
29 46 2
30 47 8
31 48 7
32 49 5
33 50 1
34 51 5
35 52 7
36 53 3
37 54 3
38 55 6
39 56 3
40 57 6
41 58 3
42 58 5
43 59 9
44 60 5
45 61 9
46 62 1
47 63 9
48 64 1
49 65 2
50 66 7
51 67 2
52 68 5
53 69 9
54 70 8
55 71 3
56 72 6
57 73 6
58 74 7
59 75 2
60 76 8
61 77 4
62 78 9
63 79 2
64 80 1
65 81 5
66 82 6
66 83 9
67 84 1
68 85 8
69 86 3
70 87 3
71 88 2
72 89 7
73 90 1
74 91 5
75 92 9
76 93 1
77 94 7
78 95 8
78 96 8
79 97 8
80 98 8
81 99 7
82 99 2
83 100 9
84 101 1
85 101 4
86 102 2
87 102 5
88 102 5
89 103 7
90 103 4
91 104 8
92 104 8
93 104 4
94 105 8
95 106 2
96 107 6
97 107 5
98 107 8
99 108 4
99 109 7
99 110 6
100 111 2
100 112 7
101 113 1
102 114 4
103 115 6
104 116 8
105 117 7
105 118 7
105 119 7
106 120 9
107 121 7
108 122 6
109 123 4
110 124 6
111 124 3
112 125 7
113 126 4
114 127 4
115 127 4
116 128 1
117 129 5
118 130 9
119 131 1
120 132 7
121 132 1
122 133 8
122 134 1
123 135 5
123 136 8
123 137 2
123 138 8
124 139 4
125 140 3
126 141 1
127 142 3
128 143 9
128 144 4
129 145 2
130 146 2
130 147 5
131 148 4
131 149 3
132 150 2
132 151 8
133 152 2
134 152 6
135 153 5
136 154 1
137 155 7
138 156 3
139 156 2
140 157 8
141 157 8
142 158 6
143 159 6
144 160 9
145 160 6
146 160 2
147 160 7
148 161 8
149 162 6
150 162 1
151 162 1
152 163 5
152 164 3
153 165 6
153 166 1
154 167 1
155 168 2
155 169 3
155 170 5
156 171 1
157 172 2
157 173 7
158 174 6
159 175 8
160 176 5
160 177 6
161 178 5
161 179 8
162 180 8
163 181 1
164 182 4
165 182 3
166 183 6
167 184 1
168 185 9
169 186 3
170 187 5
171 188 6
172 189 2
173 190 2
174 191 3
175 192 6
176 193 7
177 194 6
178 195 8
179 196 7
180 197 7
181 198 4
182 199 5
183 200 3
184 201 7
185 202 9
186 203 8
187 204 1
188 204 3
189 205 8
190 206 3
191 207 5
192 207 6
193 208 3
194 209 7
195 210 7
196 211 2
197 212 1
198 213 1
199 214 2
200 215 1
201 216 7
202 217 6
203 218 7
204 219 5
205 220 8
206 221 8
207 222 4
208 223 4
209 224 4
210 225 8
211 226 8
212 227 3
213 228 9
214 229 5
215 230 4
216 231 8
217 232 2
218 233 7
219 234 7
220 235 5
220 236 6
221 237 5
222 238 4
223 239 2
224 240 6
225 241 5
226 242 2
227 243 1
227 244 9
228 245 5
229 246 1
230 246 6
231 247 5
232 248 8
233 248 1
234 249 3
235 250 2
236 251 1
237 251 6
238 252 3
239 253 3
240 253 6
241 254 9
242 255 3
243 256 1
244 257 1
245 258 7
246 259 1
247 260 3
248 261 5
249 262 3
249 263 4
250 264 2
251 265 6
251 266 1
252 267 8
253 268 3
254 269 1
255 270 4
256 271 6
257 272 8
258 273 7
259 274 2
260 275 8
261 276 8
262 277 8
263 278 6
264 279 9
265 280 1
266 281 9
267 282 8
268 283 7
269 284 6
270 285 8
271 286 3
272 287 6
273 288 9
274 289 2
275 290 9
276 291 2
277 292 8
278 293 8
279 294 5
280 295 1
281 296 1
282 297 4
283 298 9
284 299 7
285 300 5
286 301 8
286 302 8
287 303 1
288 304 9
289 305 7
290 305 6
291 306 2
292 307 3
293 307 4
294 308 2
295 308 2
296 309 7
297 309 5
298 310 2
299 310 2
300 311 6
301 312 9
302 313 6
303 313 6
304 314 5
305 315 8
306 316 6
307 317 8
308 318 9
309 319 4
310 320 5
311 321 8
311 322 4
311 323 2
312 324 2
313 325 5
313 326 9
313 327 1
314 328 6
314 329 3
314 330 6
315 331 5
315 332 7
315 333 1
315 334 7
316 335 7
316 336 5
316 337 3
316 338 1
317 339 9
317 340 1
317 341 6
318 342 9
318 343 3
319 344 3
319 345 6
319 346 4
320 347 4
320 348 3
320 349 9
320 350 8
321 351 5
321 352 1
321 353 4
322 354 3
322 355 7
322 356 6
323 357 7
323 358 2
323 359 5
323 360 4
324 361 1
324 362 3
324 363 2
324 364 3
325 365 8
325 366 9
325 367 1
326 368 7
326 369 6
327 370 8
327 371 4
327 372 7
327 373 2
328 374 2
329 374 4
330 375 5
331 375 3
332 375 9
333 376 2
334 376 5
335 376 9
336 376 9
337 376 1
338 377 6
339 378 5
340 378 8
341 378 5
342 378 9
343 378 9
344 378 7
345 379 7
346 379 2
347 379 1
348 379 2
349 380 5
350 380 2
351 381 5
352 381 8
353 381 1
354 381 1
355 381 6
356 381 2
357 382 1
358 382 7
359 383 1
360 383 4
361 383 4
362 383 3
363 383 2
364 384 6
365 384 9
366 384 6
367 384 6
368 385 7
369 386 4
370 386 8
371 386 1
372 386 2
373 387 2
374 388 9
375 389 1
376 390 3
377 391 1
378 392 4
379 393 9
380 394 6
380 395 5
381 396 3
382 397 5
383 398 9
384 399 5
385 400 9
386 401 8
387 402 6
388 403 8
389 404 9
390 405 5
391 406 8
392 407 5
393 408 7
394 409 2
395 410 1
396 411 1
397 412 2
398 413 9
399 414 7
400 415 2
401 416 9
402 417 1
403 418 5
404 418 8
405 419 1
406 420 2
407 420 6
408 421 3
409 422 8
410 423 6
411 423 6
412 424 3
413 425 8
414 425 7
415 426 8
416 426 1
417 427 6
418 428 8
419 429 3
420 430 8
421 431 7
421 432 5
422 433 3
423 434 7
424 435 7
425 436 7
426 437 2
427 438 6
428 439 6
429 440 5
430 441 6
431 442 9
432 443 2
433 444 1
434 445 1
435 446 3
435 447 3
436 448 7
437 449 8
438 450 1
438 451 2
439 452 5
440 453 5
441 454 1
442 455 4
443 456 7
444 457 1
445 458 8
446 459 1
447 460 4
448 461 7
448 462 5
448 463 6
449 464 7
450 465 3
450 466 6
451 467 5
451 468 3
452 469 5
453 470 5
454 471 2
455 471 2
456 472 8
457 473 2
458 473 2
459 474 4
460 475 2
461 476 8
462 477 2
463 478 5
464 479 9
465 480 8
466 481 2
467 482 7
468 483 3
469 484 7
469 485 4
470 486 3
471 487 7
472 488 6
473 489 4
473 490 4
474 491 7
475 492 1
476 493 1
477 494 2
478 495 4
479 496 5
480 497 5
481 498 5
482 499 7
483 500 3
484 501 7
485 502 7
486 503 5
487 504 8
488 505 3
489 506 7
489 507 6
490 508 8
491 509 2
492 510 3
493 511 2
494 512 5
495 513 5
496 514 7
497 515 4
498 516 2
499 517 3
500 518 4
501 519 3
502 520 2
502 521 5
503 522 2
504 523 1
505 524 4
505 525 2
506 526 2
507 527 1
508 528 6
509 529 5
510 530 9
511 531 4
512 532 1
513 533 5
514 534 3
515 535 6
516 536 1
517 537 3
518 538 3
519 539 7
520 540 6
521 541 6
522 542 8
523 543 7
524 544 1
525 545 8
526 546 6
527 547 2
528 547 9
529 548 6
530 548 6
531 549 7
532 550 4
533 551 9
534 552 5
535 553 1
536 554 6
537 555 4
538 555 2
539 556 4
540 556 1
541 557 3
542 558 4
543 558 1
544 559 5
545 559 1
546 560 6
547 560 6
548 560 6
549 561 4
550 561 3
551 562 2
552 563 7
553 564 9
554 564 7
555 565 6
556 566 3
557 567 2
558 568 7
559 569 9
560 570 3
561 571 3
562 572 9
563 573 9
564 574 4
565 575 3
566 576 3
567 577 5
568 578 5
569 579 7
570 580 7
571 581 8
572 582 1
573 582 2
574 583 2
575 583 3
576 584 3
577 585 9
577 586 6
578 587 7
579 588 4
579 589 5
579 590 7
580 591 2
581 592 8
581 593 9
582 594 4
583 595 6
583 596 3
583 597 4
584 598 8
585 599 7
586 600 2
587 601 4
588 602 1
589 603 6
590 604 3
591 605 4
592 606 6
593 607 8
594 608 1
594 609 6
595 610 4
596 611 8
597 612 8
598 613 3
599 614 6
599 615 9
600 616 4
601 617 1
602 618 3
603 619 1
604 620 6
605 621 4
606 622 4
606 623 8
606 624 3
607 625 1
608 626 9
609 627 2
610 628 1
610 629 1
611 630 7
612 631 1
613 632 8
614 632 7
615 633 4
616 634 5
617 635 6
618 635 6
619 635 6
620 636 7
621 637 5
622 637 3
623 637 5
624 637 7
625 638 2
626 639 8
627 639 4
628 640 3
629 641 5
630 642 5
631 643 9
632 644 4
633 645 7
634 646 7
635 647 5
636 648 2
637 649 7
638 650 4
639 651 9
640 652 3
641 653 6
642 654 1
643 655 7
644 656 6
645 657 5
645 658 7
646 659 1
646 660 2
647 661 2
648 662 4
649 663 4
650 664 5
651 665 7
652 666 4
653 667 8
654 668 7
655 669 4
655 670 1
656 671 3
657 672 2
658 673 6
659 674 3
660 675 8
661 676 1
662 677 6
663 678 3
664 679 2
665 680 8
666 681 4
667 682 9
668 683 9
669 684 7
670 685 6
671 686 5
672 687 9
673 687 9
674 688 4
675 689 5
676 690 6
677 691 5
678 692 7
679 693 7
680 694 1
681 695 6
682 696 3
683 697 9
684 698 1
685 699 1
686 700 2
687 700 7
688 700 9
689 700 3
690 700 8
691 700 2
692 700 4
693 700 2
694 700 2
695 700 3
696 700 8
697 700 1
698 700 5
699 700 4
