1 2 110
1 3 128
1 4 102
1 5 74
2 6 63
2 7 118
2 8 147
3 9 29
3 10 75
4 11 65
4 12 60
4 13 44
5 14 158
5 15 35
5 16 100
6 17 30
6 18 159
7 19 20
7 20 67
8 21 49
8 22 122
8 23 91
8 24 74
8 25 121
9 26 44
9 27 136
9 28 101
10 29 93
10 30 146
10 31 152
10 32 129
11 33 29
11 34 135
12 35 47
12 36 132
13 37 104
13 38 117
14 39 22
15 40 99
15 41 58
16 42 156
17 43 101
18 43 52
19 43 72
20 44 154
21 45 80
22 46 35
23 47 8
24 48 94
25 49 126
26 49 69
27 50 85
28 51 43
29 52 33
30 53 109
31 54 140
32 54 123
33 55 70
34 56 149
35 57 1
36 57 88
37 57 63
38 58 3
39 59 74
40 59 135
41 60 41
42 61 121
43 62 143
44 63 143
45 64 13
46 64 145
47 65 106
48 66 104
49 66 10
50 67 2
51 68 37
52 69 126
53 70 45
54 71 59
55 72 99
56 73 39
57 74 149
58 75 155
59 76 99
60 76 72
61 77 150
62 78 97
62 79 86
63 80 17
64 81 96
65 82 107
66 83 17
67 84 61
67 85 109
67 86 60
67 87 119
68 88 4
68 89 92
69 90 130
70 91 62
71 92 153
71 93 112
72 94 82
72 95 89
73 96 55
73 97 16
74 98 92
74 99 28
75 100 56
76 101 40
76 102 129
77 103 91
78 104 22
79 105 67
80 106 19
81 107 46
82 108 50
83 109 33
84 110 12
85 111 2
86 112 85
87 113 99
88 114 5
89 115 79
90 116 30
91 117 121
92 118 69
93 119 83
94 119 145
95 120 47
96 120 2
97 121 82
98 122 137
99 123 69
100 124 43
101 125 109
102 126 24
103 126 147
104 127 147
105 127 73
106 128 103
107 129 55
108 130 115
109 131 101
110 132 104
111 132 49
112 133 28
113 134 132
114 135 36
115 136 25
116 137 93
117 138 82
118 139 149
119 140 31
120 141 74
121 141 32
122 142 57
123 142 9
124 143 22
125 144 82
126 145 40
127 146 77
128 146 4
129 147 15
130 148 30
131 149 89
132 150 26
133 151 14
134 152 158
135 153 152
136 154 64
137 155 4
138 156 97
139 157 121
140 158 126
141 159 131
142 160 4
143 161 60
144 162 86
145 163 17
146 164 100
147 165 18
148 166 96
149 167 131
150 168 109
151 169 144
152 170 149
153 171 39
154 172 2
155 173 69
156 174 133
157 175 20
158 176 84
159 177 6
160 178 150
160 179 37
161 180 118
162 181 75
163 182 55
164 183 2
165 184 18
166 185 22
167 186 8
168 187 107
169 188 112
170 189 152
171 190 37
172 191 66
173 192 35
174 193 117
175 194 139
176 195 20
177 196 78
178 196 61
179 197 82
180 198 32
181 198 19
182 199 45
183 200 91
184 200 62
185 200 138
186 200 92
187 200 141
188 200 49
189 200 11
190 200 157
191 200 60
192 200 11
193 200 54
194 200 157
195 200 64
196 200 132
197 200 43
198 200 106
199 200 101
