1 2 13
1 3 4
1 4 13
1 5 4
2 6 8
3 7 11
3 8 3
3 9 5
3 10 9
4 11 5
4 12 13
5 13 2
5 14 11
6 15 8
7 15 12
8 15 5
9 15 4
10 16 13
11 16 8
12 16 1
13 16 5
14 16 12
15 17 1
15 18 13
16 19 10
16 20 13
16 21 9
16 22 10
17 23 6
18 24 3
19 25 2
19 26 5
19 27 13
20 28 10
20 29 3
20 30 4
21 31 5
22 32 2
22 33 10
22 34 4
22 35 13
23 36 11
24 36 13
25 36 12
26 37 1
27 37 11
28 37 10
29 37 13
30 37 3
31 37 2
32 38 6
33 38 6
34 38 12
35 38 13
36 39 4
37 40 10
37 41 12
38 42 13
39 43 7
40 43 10
41 44 12
42 44 3
43 45 10
44 46 8
44 47 13
44 48 2
44 49 9
45 50 10
46 50 9
47 50 7
48 50 8
49 50 5
