1 2 15
1 3 25
2 4 11
2 5 28
3 6 7
3 7 4
3 8 28
3 9 8
4 10 21
5 10 17
6 11 15
7 12 14
8 12 16
9 12 26
10 13 16
11 14 19
11 15 18
12 16 10
13 17 6
14 18 14
15 19 14
16 20 9
17 21 22
17 22 4
17 23 5
17 24 25
18 25 23
19 26 5
20 27 7
20 28 26
20 29 19
21 30 16
22 30 5
23 30 17
24 31 12
25 31 4
26 31 16
27 32 23
28 32 8
29 32 17
30 33 17
30 34 1
31 35 26
32 36 6
32 37 4
32 38 16
33 39 1
34 39 9
35 40 6
36 40 24
37 41 14
38 42 10
39 43 29
40 44 8
41 44 27
42 45 12
43 46 24
44 47 16
45 48 28
45 49 25
46 50 11
47 50 1
48 50 14
49 50 13
