1 2 24
1 3 3
1 4 5
2 5 10
2 6 10
2 7 9
3 8 19
3 9 13
3 10 26
4 11 11
4 12 22
4 13 12
5 14 4
5 15 26
6 16 3
7 17 25
8 18 13
9 19 22
9 20 18
10 21 20
11 22 17
12 23 4
13 24 26
14 25 1
15 26 25
16 27 24
17 28 28
18 29 22
19 30 19
20 30 13
21 31 4
22 32 10
23 32 23
24 33 4
25 34 27
26 35 26
27 36 2
28 37 25
29 38 23
30 39 9
30 40 16
31 41 10
32 42 8
33 43 28
34 44 18
35 45 1
36 46 11
37 46 22
38 47 3
39 48 2
40 49 26
41 50 10
42 51 14
43 52 5
44 53 1
45 54 6
46 55 1
47 56 19
48 57 19
49 58 9
50 59 27
51 60 1
51 61 4
52 62 17
53 63 15
54 64 4
55 65 24
56 66 17
57 66 16
58 67 29
59 67 11
60 68 23
61 69 23
62 70 5
63 71 3
63 72 2
64 73 7
64 74 26
64 75 23
65 76 1
66 77 23
66 78 25
66 79 21
67 80 5
68 81 21
68 82 9
69 83 13
69 84 29
70 85 9
70 86 9
70 87 10
71 88 10
72 89 28
73 90 21
74 91 18
75 91 24
76 92 23
77 92 13
78 93 27
79 93 23
80 94 10
81 94 5
82 94 8
83 95 24
84 96 16
85 96 28
86 96 17
87 96 9
88 97 19
89 98 2
90 99 1
90 100 13
91 101 14
92 102 24
93 103 9
93 104 24
94 105 23
95 106 6
96 107 28
97 108 7
98 109 10
99 110 21
100 111 27
101 112 1
102 113 7
103 114 27
104 115 12
105 116 6
106 117 2
107 118 13
108 119 26
109 120 2
110 121 4
111 122 17
112 123 14
113 124 21
114 125 15
115 126 22
116 127 28
117 128 5
118 129 13
119 130 18
120 131 26
121 132 22
122 133 26
123 134 23
124 135 13
125 136 17
126 137 11
127 138 18
128 139 2
129 140 25
130 141 22
130 142 10
130 143 19
131 144 15
131 145 18
131 146 12
132 147 13
132 148 26
133 149 24
133 150 29
134 151 14
134 152 15
134 153 24
135 154 17
135 155 20
136 156 13
136 157 12
137 158 15
137 159 23
137 160 22
138 161 3
138 162 2
138 163 25
139 164 2
139 165 28
140 166 25
140 167 16
140 168 15
141 169 3
142 169 16
143 170 18
144 170 18
145 170 12
146 170 13
147 170 6
148 170 3
149 171 16
150 171 29
151 172 9
152 172 20
153 172 6
154 173 19
155 173 3
156 174 19
157 174 26
158 174 22
159 175 17
160 175 21
161 175 4
162 176 8
163 176 5
164 176 24
165 176 6
166 176 26
167 176 28
168 176 19
169 177 2
170 178 5
171 179 17
172 180 24
173 181 10
174 182 11
175 182 26
176 183 11
177 184 6
178 185 29
178 186 28
179 187 13
180 188 13
181 189 22
182 190 13
183 191 3
184 192 1
184 193 15
185 194 12
186 195 28
186 196 8
187 197 1
188 198 9
189 199 8
190 200 8
191 201 1
192 202 1
193 203 27
194 204 3
195 205 26
196 206 19
197 207 27
198 208 18
198 209 23
199 210 7
200 211 1
201 212 2
202 213 9
203 213 11
204 214 8
205 215 22
206 216 29
207 217 6
208 218 17
209 219 19
210 220 8
211 221 11
212 222 15
213 223 29
214 224 16
215 225 22
216 226 7
217 227 6
218 228 24
219 229 20
220 230 2
221 231 3
222 232 25
223 233 7
224 234 23
225 235 2
226 235 27
227 236 23
228 236 17
229 237 29
230 238 14
231 239 29
232 240 18
233 241 24
233 242 7
234 243 5
235 244 2
235 245 10
236 246 13
237 247 28
238 248 3
239 249 4
239 250 11
240 251 28
241 252 10
242 252 26
243 253 4
244 253 2
245 254 12
246 254 4
247 255 18
248 255 14
249 255 1
250 255 5
251 256 18
252 257 8
253 258 16
254 259 12
254 260 29
255 261 23
256 262 1
257 263 17
257 264 14
258 265 17
258 266 17
259 267 5
259 268 20
260 269 24
260 270 20
260 271 12
261 272 26
261 273 2
262 274 6
262 275 9
263 276 17
264 276 13
265 276 6
266 277 7
267 277 28
268 278 29
269 279 17
270 280 9
271 280 16
272 281 7
273 281 14
274 282 16
275 282 4
276 283 16
277 284 7
278 285 20
279 286 17
279 287 27
280 288 21
280 289 28
281 290 16
282 291 7
283 292 11
284 293 16
285 294 3
286 295 17
287 296 29
288 297 7
289 298 17
290 298 8
291 299 5
292 300 13
293 300 6
294 300 6
295 300 24
296 300 16
297 300 5
298 300 16
299 300 23
