1 2 10
1 3 42
1 4 83
2 5 25
2 6 16
2 7 83
2 8 8
2 9 58
3 10 84
3 11 42
3 12 39
3 13 34
4 14 97
4 15 106
4 16 16
4 17 119
5 18 3
6 19 92
7 20 3
8 21 114
9 22 25
10 23 111
11 24 33
12 25 52
13 26 38
14 27 38
15 28 61
16 29 22
17 30 20
18 31 28
19 32 20
20 33 42
21 34 6
22 35 77
23 36 73
24 37 53
25 38 86
26 39 29
27 40 56
28 41 62
29 42 7
30 43 87
31 44 58
32 45 61
33 46 18
34 47 101
35 48 51
36 49 31
37 50 100
38 51 59
39 52 119
40 53 41
41 54 12
42 55 48
43 56 30
44 57 65
45 58 74
46 59 43
47 60 93
48 61 78
49 62 30
50 63 21
51 64 2
52 65 77
53 66 26
53 67 2
54 68 69
55 69 69
56 70 118
57 71 68
58 72 58
59 73 40
60 74 119
61 75 60
62 76 92
63 77 40
64 78 55
65 79 84
66 80 114
67 80 71
68 81 62
69 82 47
70 83 45
71 84 66
72 85 63
73 86 71
74 87 113
75 88 41
76 89 7
76 90 40
77 91 44
78 92 114
78 93 105
79 94 39
79 95 88
80 96 52
81 97 112
82 98 33
83 99 59
84 100 118
85 101 55
86 102 72
87 103 117
88 104 53
89 105 62
90 106 47
91 107 29
92 108 35
93 109 114
94 110 17
95 111 114
96 112 59
97 113 94
98 114 31
99 115 6
100 116 94
101 116 77
102 117 101
103 118 35
104 119 90
105 120 90
106 121 37
107 122 53
108 123 98
109 124 57
110 125 100
111 126 44
112 127 15
113 128 4
114 129 92
115 130 40
116 131 55
117 132 99
118 133 35
119 134 94
120 135 106
121 136 72
122 137 110
123 138 102
124 139 60
125 140 45
126 141 110
127 142 70
128 143 104
129 144 52
130 145 30
131 146 119
132 147 30
133 148 94
134 149 82
135 150 87
136 151 60
137 152 41
138 152 46
139 152 51
140 153 21
141 154 21
142 155 34
143 156 7
144 157 47
145 158 57
146 159 108
147 160 94
148 161 93
149 162 69
150 163 24
151 164 66
152 165 30
153 166 56
154 167 113
155 168 117
156 169 92
157 170 19
158 171 116
159 172 64
160 173 3
160 174 76
161 175 39
162 176 115
163 177 74
164 178 64
165 179 54
166 180 24
167 181 32
168 182 113
168 183 53
169 184 112
170 185 30
170 186 75
171 187 62
172 188 67
173 189 22
174 190 105
175 191 112
176 192 72
177 192 119
178 193 57
179 194 14
180 195 83
181 196 77
182 197 16
183 197 114
184 198 79
185 198 3
186 199 25
187 200 75
188 201 92
189 202 96
190 203 74
191 204 85
192 205 46
193 206 28
194 207 10
195 208 52
196 209 42
197 210 22
198 211 118
199 212 113
200 212 68
201 213 95
202 214 42
202 215 66
203 216 58
204 217 68
204 218 48
205 219 94
206 220 53
207 221 115
208 222 71
209 223 24
209 224 115
210 225 74
210 226 96
211 227 40
212 228 29
213 229 36
214 230 33
215 231 116
216 232 90
217 233 79
218 234 21
219 235 71
220 236 81
221 237 33
222 238 55
223 239 26
224 240 102
225 241 74
226 242 94
227 243 41
228 244 3
229 245 9
230 246 8
231 247 37
232 248 19
233 249 76
234 250 18
235 251 92
236 252 25
237 253 51
238 254 119
239 255 89
240 256 19
241 257 88
242 258 101
243 259 89
244 260 83
245 261 40
246 262 114
247 263 30
248 264 72
249 264 90
250 265 102
251 266 15
252 267 112
253 268 20
254 269 66
255 270 56
256 271 92
257 272 41
258 273 41
259 273 77
260 273 59
261 274 106
262 275 104
263 276 83
264 277 38
265 278 30
266 279 5
267 280 47
268 281 78
269 282 44
270 283 105
271 284 33
271 285 46
272 286 74
273 287 5
273 288 80
274 289 41
275 290 117
276 291 43
277 292 36
278 293 100
279 294 46
280 295 64
281 296 80
282 297 87
283 298 21
284 299 2
285 300 5
286 301 108
286 302 76
287 303 100
288 304 38
289 305 26
290 306 30
291 307 48
292 308 41
293 309 91
294 310 11
295 311 20
296 312 108
297 313 27
298 314 11
299 315 10
300 316 65
301 317 82
302 318 92
303 318 100
304 319 31
305 320 41
306 321 110
307 322 5
308 323 29
309 324 42
310 324 23
311 325 2
312 326 56
313 327 79
314 328 90
315 328 100
316 329 24
317 330 37
318 331 89
319 332 52
320 333 115
321 334 105
321 335 72
322 336 93
323 337 48
324 338 116
325 339 61
326 340 11
326 341 118
327 342 17
328 343 70
328 344 99
329 345 2
330 346 118
331 347 2
332 348 25
333 349 17
334 350 30
335 351 29
336 352 119
337 353 107
338 354 93
339 355 11
340 356 119
341 357 52
342 358 47
343 359 104
344 360 58
345 361 62
346 362 119
347 363 110
348 364 50
349 365 86
350 366 44
351 366 6
352 367 19
353 368 107
354 369 92
355 369 50
356 369 83
357 370 39
358 371 32
359 372 82
360 373 1
361 374 53
362 375 109
363 376 72
364 377 61
365 378 108
366 379 106
367 380 87
368 381 86
369 382 69
370 383 33
371 384 57
371 385 27
372 386 118
373 387 62
374 388 46
375 389 96
376 390 22
377 391 13
378 392 54
379 393 73
380 393 17
381 394 35
382 395 30
383 396 66
384 397 12
385 397 47
386 398 55
387 399 50
388 400 59
389 401 1
390 402 114
391 403 41
392 404 84
393 405 49
393 406 67
394 407 24
395 408 103
396 409 84
397 410 73
398 411 30
399 412 59
399 413 99
400 414 78
401 415 94
402 416 70
402 417 87
402 418 85
403 419 38
404 420 29
405 421 93
406 422 78
407 423 6
408 424 1
409 425 56
410 426 104
411 427 40
412 428 86
413 429 61
414 430 74
415 431 68
416 432 27
417 433 25
418 434 98
419 435 23
420 436 39
421 437 72
422 438 22
423 439 41
424 440 6
425 441 107
426 442 52
427 443 61
428 444 102
429 445 108
430 446 13
431 447 21
432 448 15
433 449 13
434 450 19
435 451 14
436 452 76
437 453 5
438 454 44
439 455 105
440 455 2
441 456 109
442 456 38
443 457 63
444 458 83
445 459 23
446 459 27
447 459 63
448 460 24
449 461 62
450 462 36
451 463 96
452 464 45
453 465 39
454 466 38
455 467 65
456 468 17
457 469 24
458 470 2
459 471 50
460 472 79
461 473 13
462 474 60
463 475 77
463 476 71
464 477 48
465 478 76
465 479 80
466 480 10
467 481 37
468 482 98
469 483 79
469 484 57
470 485 48
471 486 88
471 487 38
472 488 97
473 489 103
474 490 119
475 491 108
476 492 92
477 493 68
478 494 99
479 495 21
480 495 102
481 495 21
482 496 26
483 497 86
484 498 86
485 498 16
486 499 9
487 500 72
488 501 27
489 502 55
490 502 106
491 503 57
492 504 59
493 505 74
494 506 4
495 507 79
496 508 53
497 509 100
498 510 44
499 511 61
500 512 52
501 513 67
502 514 58
503 515 108
504 516 42
505 517 2
505 518 71
506 519 91
506 520 116
507 521 68
508 522 64
509 523 36
509 524 91
509 525 9
510 526 4
511 527 118
512 528 69
513 529 45
514 530 17
515 531 74
516 532 82
517 533 90
518 534 31
519 535 27
520 536 48
521 537 38
522 538 117
523 539 48
524 539 114
525 540 84
526 541 67
527 541 92
528 542 45
529 543 49
530 543 48
531 544 117
532 544 67
533 545 8
534 546 29
535 547 52
536 548 104
537 549 110
538 550 43
539 551 26
540 552 76
541 553 71
542 554 46
543 555 100
544 556 111
545 557 48
546 558 100
547 559 102
548 560 93
549 561 46
550 562 25
551 563 105
552 564 98
553 565 61
553 566 67
554 567 69
554 568 24
555 569 89
555 570 18
556 571 36
556 572 70
557 573 84
558 574 73
559 575 1
560 576 84
561 577 85
562 578 20
563 579 58
564 580 68
565 581 12
566 582 16
567 582 1
568 583 49
569 584 12
570 585 74
571 586 19
572 587 119
573 588 6
574 589 30
575 590 52
576 591 76
577 592 63
578 593 63
579 594 25
580 594 34
581 595 47
582 596 69
583 596 4
584 597 22
585 598 61
586 599 28
587 599 89
588 600 86
589 600 16
590 600 104
591 600 4
592 600 22
593 600 88
594 600 48
595 600 50
596 600 74
597 600 58
598 600 5
599 600 42
