1 2 57
1 3 97
1 4 26
2 5 150
2 6 1
2 7 179
2 8 6
2 9 9
3 10 104
3 11 113
3 12 66
3 13 122
3 14 95
4 15 174
4 16 59
4 17 93
4 18 140
4 19 24
5 20 120
6 21 43
7 22 27
8 23 24
9 24 29
10 25 82
11 26 41
12 27 113
13 28 24
14 29 129
15 30 176
16 31 62
17 32 88
18 33 145
19 34 14
20 35 26
21 36 38
22 36 26
23 37 79
24 37 112
25 38 109
26 39 37
27 40 99
28 40 88
29 41 106
30 42 111
31 43 110
32 44 101
33 45 163
34 46 178
35 47 14
36 48 66
37 49 38
38 50 108
39 51 156
40 52 86
41 53 42
42 54 109
43 55 137
44 56 91
45 57 158
46 58 44
47 59 92
48 60 118
49 61 91
49 62 37
50 63 67
51 64 90
52 65 93
53 66 36
54 67 158
55 68 1
56 69 18
57 70 14
58 71 108
59 72 31
60 72 105
61 73 99
62 74 85
63 75 88
64 76 156
65 77 117
66 78 107
67 79 60
68 80 149
69 81 78
70 82 146
71 83 165
72 84 142
73 85 147
74 86 19
75 87 112
75 88 132
76 89 13
77 90 61
77 91 81
78 92 171
79 93 80
80 94 26
81 95 158
81 96 107
82 97 97
83 98 47
84 99 97
85 100 50
86 101 98
87 102 4
88 103 130
89 104 43
90 105 155
91 106 70
92 107 66
93 108 31
94 109 124
95 110 166
96 111 82
97 112 86
98 113 77
99 114 127
100 115 119
101 116 120
102 117 130
103 118 137
104 119 172
105 120 173
106 121 66
107 122 76
108 123 116
109 124 70
110 125 37
111 126 133
112 127 99
113 128 85
114 129 18
115 130 21
116 131 115
117 132 111
118 133 10
119 134 42
120 135 88
121 136 83
122 137 30
123 138 57
124 139 103
125 140 155
126 141 128
127 142 54
128 143 13
129 144 99
130 145 19
131 146 159
132 147 138
133 148 80
134 149 20
135 150 38
136 151 174
137 152 113
138 153 9
139 154 1
140 155 24
141 156 108
142 157 37
143 158 106
144 159 153
145 160 23
146 161 142
147 162 39
148 163 15
149 164 138
150 165 2
151 166 46
152 167 85
153 168 28
154 169 73
155 170 2
156 171 28
157 172 31
158 173 38
159 174 154
160 175 170
161 176 55
162 177 93
163 178 140
164 179 160
165 180 13
166 181 168
167 182 145
168 183 125
169 184 155
170 185 83
171 186 29
172 187 107
173 188 29
174 189 45
175 190 114
176 190 6
177 191 130
178 191 93
179 192 164
180 193 131
181 194 16
182 195 51
183 196 134
184 197 92
185 198 158
186 199 77
187 199 178
188 200 137
189 201 32
190 202 37
191 203 153
192 204 151
193 205 172
193 206 160
194 207 154
195 208 144
196 209 114
197 210 4
198 211 54
199 212 7
200 213 174
201 214 172
202 215 9
203 216 133
204 217 6
205 218 156
206 219 24
207 220 109
208 221 42
209 222 38
210 223 106
211 224 149
212 225 125
213 226 151
214 227 31
215 228 78
216 229 33
217 230 31
218 231 174
219 232 179
220 233 55
221 234 78
222 235 155
223 236 119
224 237 45
225 237 91
226 238 175
227 239 30
228 240 9
229 241 8
229 242 45
230 243 106
231 244 39
232 245 84
233 246 134
234 247 43
235 248 131
236 249 47
237 250 25
238 251 75
239 252 133
240 253 167
241 254 59
242 255 43
243 256 153
244 257 94
245 258 101
246 259 132
247 260 20
248 261 42
249 262 1
250 263 107
251 263 140
252 264 174
253 265 135
254 266 35
255 267 16
256 268 73
257 269 4
258 270 115
259 271 10
260 272 179
261 273 172
262 274 149
263 275 79
264 276 143
265 277 164
266 278 117
267 279 77
268 280 109
269 281 146
270 282 93
271 283 93
272 284 112
273 285 93
274 286 98
275 287 110
276 288 149
277 289 56
278 290 136
279 291 56
280 292 82
281 293 111
282 294 54
282 295 53
282 296 6
283 297 11
284 298 171
284 299 144
285 300 159
286 301 168
287 302 118
288 303 166
289 304 60
290 304 74
291 305 91
292 306 159
293 307 73
294 308 69
295 309 25
296 310 162
297 310 10
298 311 127
299 311 24
300 312 103
301 313 8
302 314 74
303 315 120
304 316 145
305 317 97
306 318 150
307 319 112
308 320 125
309 321 82
309 322 140
310 323 119
310 324 168
311 325 111
312 326 48
313 327 41
313 328 37
314 329 152
315 330 125
316 331 89
317 331 37
318 332 108
319 333 131
320 334 119
321 335 109
322 336 25
323 337 107
324 338 168
325 339 33
326 340 138
327 341 162
328 342 55
329 343 45
330 344 75
331 345 131
332 346 155
333 347 62
334 348 77
335 349 92
336 350 140
337 351 106
338 352 140
339 353 129
340 354 164
341 355 43
342 356 97
343 357 168
344 358 17
345 359 105
346 360 158
347 361 138
348 362 24
349 363 104
350 364 37
351 365 102
352 366 126
353 367 174
354 368 134
355 369 60
356 370 157
357 371 109
358 372 30
359 373 83
360 373 59
361 374 175
362 375 30
363 376 130
364 377 150
365 378 130
366 379 82
367 380 146
368 381 96
369 382 36
370 383 146
371 384 49
372 385 95
373 386 157
374 387 74
375 388 120
376 389 49
377 390 111
377 391 31
378 392 113
379 393 4
380 394 97
381 395 169
382 396 11
383 397 109
383 398 94
384 399 116
385 400 132
386 401 64
387 402 12
388 403 35
389 404 26
390 404 142
391 405 83
392 405 164
393 406 110
394 407 24
395 408 44
396 408 54
397 409 149
398 410 47
399 411 110
400 412 114
401 413 169
402 414 32
403 415 50
404 416 80
405 417 171
406 418 78
407 419 111
408 420 98
409 421 16
410 422 162
411 423 9
412 424 136
413 425 126
414 426 122
415 427 105
416 428 67
417 429 81
418 430 86
419 431 81
420 432 115
421 433 103
422 434 29
423 435 12
424 436 179
425 437 118
426 438 116
427 439 114
428 440 44
429 441 92
430 442 40
431 443 88
432 444 155
433 445 109
434 446 27
435 447 67
436 448 107
437 449 50
438 450 113
439 451 116
440 452 121
441 453 161
442 454 157
443 455 86
444 456 137
444 457 143
445 458 44
446 459 61
447 460 28
448 461 59
449 462 51
450 463 33
451 464 7
452 465 159
453 466 122
454 467 96
455 468 127
456 469 168
457 470 40
458 471 175
459 472 133
460 473 123
461 474 153
462 475 39
463 476 165
464 477 9
465 478 54
466 479 106
467 480 100
468 481 100
469 482 139
469 483 46
470 484 95
470 485 77
471 486 56
472 487 114
473 488 168
474 489 44
475 490 146
476 490 134
477 491 86
478 492 100
479 492 158
480 493 151
481 494 171
482 495 60
483 496 60
484 497 169
485 497 171
486 498 95
487 499 169
488 500 10
489 501 85
490 502 172
491 503 174
492 504 22
493 505 116
494 506 98
495 507 32
496 508 40
497 509 116
498 510 89
499 511 168
500 512 34
500 513 25
501 514 68
502 515 109
502 516 124
503 517 53
504 518 101
505 519 17
506 520 91
506 521 66
507 522 144
508 523 129
509 524 173
510 525 179
511 526 96
512 527 21
513 528 166
514 529 84
515 530 140
516 531 114
517 532 155
518 533 72
519 534 70
520 535 102
521 536 56
522 537 116
523 538 56
524 539 6
525 540 80
526 541 145
527 542 97
528 543 13
529 544 36
530 545 15
531 546 18
532 547 59
533 548 63
534 549 177
535 550 94
536 551 4
537 552 89
538 553 23
539 554 4
540 555 120
541 556 41
542 557 32
543 558 131
544 559 104
545 560 121
546 561 67
547 562 90
548 563 2
549 564 14
550 565 165
551 565 8
552 565 58
553 566 109
554 567 58
555 568 9
556 569 146
557 570 57
558 571 65
559 572 58
560 573 136
561 574 31
562 575 170
563 576 150
564 577 119
565 578 154
566 579 47
567 580 38
568 581 125
569 582 70
570 583 12
571 584 171
571 585 14
572 586 30
573 587 41
574 588 178
575 589 107
576 590 97
577 591 95
578 592 56
579 593 118
580 594 154
581 595 11
582 596 69
583 597 160
584 598 174
585 599 6
586 600 144
587 600 155
588 600 70
589 600 168
590 600 171
591 600 76
592 600 176
593 600 82
594 600 146
595 600 179
596 600 65
597 600 17
598 600 87
599 600 145
