1 2 26
1 3 24
1 4 45
1 5 21
1 6 24
2 7 24
3 8 38
4 9 1
4 10 39
4 11 26
4 12 44
4 13 49
5 14 37
5 15 15
5 16 21
6 17 1
6 18 39
6 19 48
7 20 10
7 21 39
8 22 27
9 23 36
10 24 17
11 25 33
12 26 18
13 27 38
14 28 29
14 29 43
14 30 46
15 31 26
16 32 47
17 33 31
17 34 45
18 35 21
19 36 42
19 37 22
19 38 10
20 39 13
21 39 38
22 40 5
23 41 23
24 42 13
25 43 12
26 44 4
27 45 8
28 46 22
29 46 34
30 47 13
31 48 4
32 48 32
33 48 37
34 49 27
35 50 11
36 50 9
37 51 16
38 51 22
39 52 2
40 53 49
41 53 39
42 54 40
43 55 21
44 56 23
45 57 10
46 58 25
47 59 42
48 60 11
49 61 49
50 62 30
51 63 1
52 64 30
53 65 19
54 66 6
55 67 45
56 68 9
57 69 15
58 70 40
59 70 40
60 71 28
61 72 40
62 73 29
63 74 8
64 75 11
65 76 49
66 77 38
66 78 33
67 79 35
68 80 23
68 81 18
69 82 20
70 83 27
70 84 26
71 85 44
71 86 39
71 87 29
72 88 48
73 89 15
74 90 17
75 91 9
76 92 34
77 93 42
78 94 21
79 95 8
80 96 38
81 97 17
82 98 13
83 99 47
84 100 48
85 101 41
86 102 43
87 103 28
88 104 16
89 105 28
89 106 39
90 107 46
91 108 18
92 109 48
93 110 6
94 111 3
95 112 8
96 113 44
96 114 46
97 115 19
98 116 48
99 117 41
100 118 23
101 119 35
102 120 36
103 121 23
103 122 9
104 123 18
105 124 7
106 125 20
107 126 42
108 127 23
109 127 11
110 128 45
111 129 41
112 130 43
113 131 20
114 132 18
115 133 33
116 134 29
117 135 17
118 136 44
119 137 39
120 137 21
121 138 45
122 139 13
123 140 46
124 140 20
125 141 29
126 141 23
127 142 2
128 142 21
129 143 26
130 144 34
131 145 43
132 146 40
133 147 4
134 148 35
135 149 2
136 150 33
137 151 13
138 151 21
139 151 48
140 152 39
141 153 38
142 154 2
143 155 11
144 156 16
145 157 27
146 158 19
147 159 2
147 160 31
148 161 21
149 162 19
150 163 32
150 164 35
151 165 45
152 166 22
153 167 43
154 168 39
155 169 13
156 170 3
156 171 41
157 172 39
158 173 44
159 174 27
160 175 20
161 176 18
162 177 21
163 178 5
164 179 31
165 180 45
166 181 35
167 182 44
168 183 2
169 184 21
170 185 40
171 186 30
171 187 36
172 188 23
173 189 26
173 190 3
174 191 28
175 192 25
176 193 3
177 194 1
177 195 48
178 196 37
179 197 24
180 198 5
180 199 16
181 200 8
182 201 47
183 202 36
184 203 4
185 204 2
186 205 37
187 206 16
188 207 38
189 208 34
190 209 26
191 210 45
192 211 33
193 212 19
194 213 20
195 214 5
196 215 5
197 216 32
198 217 26
199 218 37
200 219 4
201 220 10
202 221 49
203 222 27
204 223 2
205 224 37
206 225 49
207 225 47
208 226 5
209 227 26
210 228 28
211 229 18
212 230 7
213 230 46
214 231 15
215 231 33
216 232 18
217 232 39
218 233 18
219 233 11
220 233 14
221 234 9
221 235 46
222 236 16
223 237 45
224 238 7
225 239 37
226 240 26
226 241 3
226 242 1
227 243 46
228 244 35
228 245 41
229 246 21
230 247 31
231 248 43
231 249 25
232 250 45
232 251 9
233 252 12
234 253 13
235 254 48
236 255 43
237 256 5
238 257 17
239 258 14
240 259 12
241 260 31
242 261 28
243 262 16
244 263 16
245 264 33
246 265 14
247 266 17
248 267 35
249 268 9
250 269 19
251 270 25
252 271 15
253 272 37
254 273 35
255 273 27
256 274 41
257 274 41
258 275 36
259 276 33
260 276 35
261 277 33
262 277 45
263 277 6
264 277 4
265 278 13
266 279 36
267 280 44
268 281 29
269 281 10
270 282 29
271 282 3
272 283 38
272 284 43
273 285 39
274 286 5
275 287 31
276 288 20
277 289 13
278 290 43
279 291 37
280 292 21
281 293 6
281 294 42
282 295 27
283 296 16
284 297 5
285 298 26
286 299 24
287 300 46
288 301 14
289 302 9
290 303 47
291 304 39
292 304 46
293 305 40
294 306 20
295 306 31
296 307 29
297 308 44
298 309 18
298 310 39
299 311 28
300 312 47
301 313 2
301 314 29
302 315 14
303 316 42
303 317 14
304 318 48
304 319 32
305 320 17
306 321 7
307 322 45
308 323 25
309 324 41
310 325 9
311 326 9
312 327 10
313 327 41
314 328 18
315 329 15
316 330 42
317 330 7
318 331 36
319 332 23
320 333 48
321 334 9
322 335 22
323 336 10
324 337 2
325 338 18
326 339 25
327 340 22
328 341 32
329 341 47
330 342 7
331 342 29
332 343 5
333 344 49
334 345 15
335 346 40
335 347 42
335 348 2
336 349 13
337 350 48
338 351 6
339 352 3
339 353 38
340 354 20
341 355 1
342 356 2
342 357 44
343 358 36
344 359 7
345 360 22
345 361 24
346 362 29
346 363 21
347 364 26
348 365 16
349 366 25
349 367 10
350 368 25
350 369 15
351 370 16
352 371 27
353 372 13
354 373 14
355 374 13
356 375 39
357 376 33
358 377 46
359 378 1
360 379 3
361 380 47
362 381 37
363 382 20
364 383 13
365 384 38
366 385 18
367 386 41
368 387 25
369 388 8
370 389 17
371 390 13
372 391 9
373 392 36
374 393 40
375 394 48
376 395 4
377 396 18
378 397 45
379 398 43
380 399 39
381 400 42
382 400 16
383 400 3
384 400 38
385 400 6
386 400 11
387 400 24
388 400 49
389 400 9
390 400 3
391 400 40
392 400 14
393 400 47
394 400 33
395 400 11
396 400 30
397 400 19
398 400 14
399 400 48
