1 2 10
1 3 10
1 4 9
1 5 46
1 6 52
2 7 8
2 8 4
2 9 17
2 10 28
3 11 12
3 12 24
3 13 38
3 14 62
3 15 79
4 16 64
4 17 28
4 18 32
4 19 61
4 20 13
5 21 35
5 22 75
5 23 59
5 24 21
5 25 35
6 26 62
6 27 21
6 28 72
6 29 45
7 30 12
8 31 31
9 32 73
10 33 12
11 34 38
12 35 17
13 36 69
14 37 38
15 38 46
16 39 23
17 40 22
18 41 59
19 42 41
20 43 35
21 44 43
22 44 69
23 45 59
24 46 61
25 47 43
26 48 47
27 49 59
28 49 27
29 50 34
30 51 15
30 52 69
31 53 3
32 54 40
32 55 8
33 56 61
34 57 13
35 58 29
36 59 40
36 60 34
37 61 32
37 62 6
38 63 57
39 64 37
40 65 74
41 66 33
41 67 31
41 68 71
42 69 72
43 70 18
44 71 6
45 72 34
46 73 68
47 74 5
48 75 54
49 76 74
50 77 57
51 78 1
52 79 49
53 80 73
54 80 45
55 81 41
56 82 24
57 83 69
58 83 78
59 84 3
60 85 42
61 86 55
62 87 44
63 88 43
64 89 66
65 90 58
66 90 56
67 91 64
68 91 55
69 92 6
70 93 56
71 93 31
72 94 78
73 94 19
74 95 56
75 96 72
76 97 17
77 97 46
78 98 35
78 99 58
78 100 52
79 101 73
80 102 73
80 103 38
81 104 53
81 105 7
82 106 79
83 107 31
84 108 48
85 109 67
86 110 69
87 111 42
88 112 48
89 113 24
90 114 70
90 115 27
91 116 6
92 117 78
92 118 3
93 119 59
94 120 71
94 121 43
95 122 38
96 123 2
96 124 49
97 125 9
97 126 22
98 127 76
99 128 49
100 129 18
101 130 66
102 131 4
103 132 44
104 132 38
105 133 37
106 133 14
107 134 21
108 134 70
109 135 76
110 136 26
111 137 29
112 138 10
113 139 8
114 140 43
115 141 26
116 142 16
117 143 19
118 144 49
119 145 39
120 146 1
121 147 6
122 147 44
123 148 35
124 149 3
125 150 38
126 151 77
127 152 70
128 153 42
128 154 64
129 155 31
130 156 16
131 157 35
132 158 61
133 159 21
134 160 62
135 161 78
135 162 58
136 163 30
137 164 12
138 165 28
139 166 9
140 167 1
141 168 56
142 169 46
143 170 41
144 171 22
145 172 66
146 173 68
147 174 35
148 175 15
149 176 61
149 177 35
150 178 66
151 179 33
152 180 33
153 181 60
154 182 20
155 183 33
155 184 7
156 185 78
157 186 62
157 187 62
158 188 66
159 189 59
160 190 78
160 191 49
161 192 27
161 193 47
162 194 44
163 195 47
163 196 74
164 197 54
165 198 28
166 199 67
166 200 7
167 201 38
168 202 62
168 203 65
169 204 61
170 205 45
170 206 34
170 207 66
171 208 33
172 209 18
173 210 36
173 211 67
174 212 34
174 213 58
175 214 57
175 215 52
176 216 69
176 217 42
176 218 27
177 219 47
177 220 34
178 221 66
179 222 56
179 223 14
180 224 30
181 224 22
182 225 15
183 225 17
184 225 60
185 226 15
186 226 61
187 227 25
188 228 16
189 228 69
190 229 47
191 229 67
192 230 73
193 230 34
194 231 41
195 231 50
196 231 14
197 231 60
198 232 56
199 233 69
200 233 41
201 234 57
202 235 56
203 235 17
204 236 62
205 236 4
206 236 27
207 237 10
208 238 11
209 238 27
210 238 55
211 238 69
212 238 51
213 238 72
214 239 5
215 240 73
216 241 79
217 241 25
218 242 54
219 243 62
220 243 62
221 243 66
222 243 64
223 243 79
224 244 59
224 245 22
225 246 59
226 247 43
227 248 32
228 249 38
229 250 59
230 251 57
231 252 17
232 253 58
232 254 62
232 255 58
233 256 52
233 257 10
234 258 64
235 259 58
235 260 67
236 261 64
237 262 20
238 263 43
239 264 21
240 265 60
241 266 22
242 267 41
243 268 35
244 269 32
245 270 10
246 271 50
247 271 61
248 272 47
249 273 47
250 274 18
251 275 62
252 276 17
253 277 6
254 278 73
255 279 35
256 280 1
257 281 71
258 282 69
259 283 3
260 284 72
261 285 71
262 286 62
263 287 64
264 288 55
265 289 39
266 290 24
267 291 23
268 292 2
269 293 28
269 294 17
270 295 10
271 296 16
272 297 56
273 298 27
273 299 44
274 300 39
274 301 16
274 302 25
275 303 13
276 304 18
276 305 71
276 306 66
277 307 44
278 308 5
278 309 47
279 310 54
279 311 13
280 312 68
281 313 21
282 314 29
283 315 50
283 316 11
283 317 36
284 318 31
285 319 52
285 320 49
286 321 7
287 322 58
288 323 7
289 324 30
290 325 29
290 326 74
291 327 54
291 328 66
291 329 9
292 330 38
292 331 10
293 332 66
294 332 77
295 333 52
296 333 27
297 333 22
298 333 9
299 334 55
300 334 29
301 334 35
302 335 63
303 335 15
304 335 52
305 336 12
306 336 50
307 336 54
308 336 68
309 337 68
310 337 64
311 338 38
312 338 5
313 339 66
314 340 9
315 341 71
316 341 71
317 342 62
318 342 44
319 343 8
320 343 49
321 344 75
322 344 1
323 345 76
324 346 17
325 347 6
326 347 58
327 348 22
328 349 14
329 350 63
330 350 75
331 350 54
332 351 27
332 352 19
333 353 11
334 354 40
335 355 8
335 356 39
336 357 53
337 358 45
338 359 55
338 360 14
338 361 76
339 362 21
340 363 22
340 364 35
341 365 56
342 366 44
343 367 13
344 368 62
345 369 25
346 370 32
346 371 3
346 372 68
347 373 55
347 374 57
348 375 46
349 376 30
349 377 40
350 378 2
351 379 33
352 380 55
353 381 3
354 382 39
355 383 1
356 384 7
357 385 73
358 386 59
359 387 22
360 387 53
361 387 38
362 387 20
363 388 43
364 389 43
365 390 31
366 390 27
367 391 52
368 391 34
369 392 22
370 393 24
371 394 5
372 394 68
373 395 5
374 395 47
375 396 78
376 397 19
377 398 45
378 399 77
379 400 68
380 400 52
381 400 70
382 400 1
383 400 58
384 400 3
385 400 55
386 400 25
387 400 48
388 400 1
389 400 73
390 400 40
391 400 19
392 400 22
393 400 51
394 400 70
395 400 17
396 400 48
397 400 75
398 400 18
399 400 71
