1 2 10
1 3 31
1 4 15
2 5 35
2 6 92
2 7 33
2 8 58
2 9 7
3 10 35
3 11 106
3 12 118
3 13 17
4 14 109
4 15 85
4 16 71
4 17 80
4 18 63
5 19 46
6 20 111
7 21 100
8 22 65
9 23 35
10 24 47
11 25 19
12 26 19
13 27 28
14 28 63
15 29 106
16 30 37
17 31 69
18 32 78
19 33 73
20 34 32
21 35 23
22 36 74
23 37 33
23 38 1
24 39 10
24 40 89
25 41 7
26 42 31
26 43 62
27 44 38
27 45 73
28 46 97
29 47 52
30 48 6
31 49 36
32 50 46
33 51 111
34 52 89
35 53 109
36 54 51
36 55 93
37 56 3
37 57 98
38 58 72
39 59 18
40 60 16
40 61 1
41 62 119
42 63 40
43 64 82
44 65 111
45 66 42
46 67 18
47 68 8
47 69 100
48 70 114
49 71 16
49 72 119
50 73 76
50 74 61
51 75 89
52 76 98
53 77 46
54 78 54
55 79 55
56 80 79
57 81 8
58 81 112
59 82 78
60 83 82
61 84 113
62 84 99
63 85 23
64 86 60
65 87 17
66 88 8
67 89 23
68 90 78
69 90 114
70 91 94
71 92 89
72 93 38
73 94 103
74 94 72
75 95 89
76 95 91
77 95 68
78 95 44
79 96 35
80 96 12
81 97 95
82 98 65
83 98 66
84 99 19
85 99 30
86 99 59
87 100 22
88 101 36
89 101 69
90 101 105
91 101 57
92 101 77
93 102 19
94 102 31
95 103 20
95 104 30
96 105 34
97 106 12
97 107 94
98 108 96
98 109 104
99 110 49
100 111 54
100 112 39
101 113 56
101 114 29
101 115 36
101 116 114
101 117 117
102 118 12
102 119 105
103 120 43
104 120 80
105 121 118
106 122 99
107 122 99
108 123 89
109 123 33
110 123 49
111 124 83
112 125 41
113 125 11
114 126 6
115 126 45
116 126 64
117 127 107
118 127 108
119 127 7
120 128 99
120 129 58
120 130 7
121 131 18
121 132 49
121 133 42
121 134 83
121 135 116
122 136 18
122 137 76
122 138 104
123 139 22
123 140 37
123 141 113
124 142 7
124 143 45
124 144 62
125 145 16
125 146 95
126 147 3
126 148 54
126 149 78
127 150 35
127 151 74
127 152 14
128 153 37
129 154 2
130 155 87
131 156 88
132 157 65
133 157 83
134 158 100
135 158 105
136 158 59
137 159 35
138 160 12
139 161 110
140 162 77
141 163 36
142 163 89
143 164 105
144 165 15
145 165 48
146 166 8
147 166 93
148 167 55
149 168 93
150 169 24
151 170 24
152 170 41
153 171 23
154 172 71
155 173 21
156 174 50
157 175 15
158 176 46
159 177 47
159 178 30
160 179 83
161 180 82
162 181 19
163 182 24
164 183 12
165 184 81
166 185 10
167 186 81
168 187 6
169 188 90
169 189 46
170 190 109
170 191 82
171 192 90
172 193 43
173 194 95
174 195 42
175 196 119
176 197 115
177 198 18
178 199 70
179 199 107
180 199 2
181 200 28
182 201 73
183 202 27
184 202 98
185 203 21
186 204 2
187 205 18
188 206 113
189 207 101
190 207 15
191 207 76
192 208 53
193 209 76
194 210 88
195 211 51
196 212 102
197 213 56
198 213 19
199 214 76
200 214 109
201 214 55
202 215 82
203 216 114
204 217 72
205 218 103
206 219 110
207 220 73
208 221 57
208 222 18
209 223 115
210 224 116
211 225 109
212 226 69
213 227 35
214 228 39
215 229 43
215 230 70
216 231 79
217 232 35
218 233 48
219 234 34
220 235 78
221 236 71
222 236 4
223 237 102
224 237 64
225 237 20
226 238 66
227 238 118
228 239 105
229 239 22
230 240 14
231 241 42
232 242 2
233 242 41
234 243 82
235 243 54
236 244 37
237 245 20
238 246 103
238 247 92
239 248 98
239 249 23
240 250 111
240 251 35
241 252 11
242 253 45
242 254 68
242 255 89
243 256 91
244 257 44
245 258 100
246 259 17
247 260 82
248 261 87
249 262 14
250 263 23
251 264 19
252 265 13
253 266 47
253 267 20
254 268 110
255 269 33
255 270 12
256 271 37
256 272 53
257 273 24
258 274 56
259 275 23
260 276 85
261 277 59
262 278 99
263 279 61
264 280 44
265 281 52
266 282 82
267 283 45
268 284 28
269 285 91
270 286 114
271 287 40
272 288 22
273 289 77
273 290 9
273 291 40
274 292 84
275 293 25
275 294 91
276 295 55
276 296 18
276 297 93
277 298 105
277 299 109
277 300 79
278 301 105
279 302 101
279 303 47
280 304 55
281 305 97
281 306 114
281 307 12
282 308 61
282 309 58
283 310 16
283 311 5
284 312 10
284 313 12
284 314 54
285 315 92
286 316 15
286 317 72
287 318 85
287 319 29
287 320 89
288 321 78
288 322 84
289 323 62
290 324 9
291 325 81
292 325 14
293 325 111
294 326 103
295 326 98
296 327 36
297 328 86
298 328 65
299 329 56
300 329 39
301 329 54
302 329 85
303 330 11
304 330 103
305 331 110
306 331 43
307 332 43
308 332 74
309 333 48
310 333 23
311 333 12
312 334 110
313 334 38
314 334 21
315 334 114
316 334 91
317 335 54
318 335 70
319 335 2
320 335 55
321 336 105
322 336 39
323 337 20
324 338 6
325 339 23
326 340 103
327 341 68
328 342 51
329 343 5
330 343 74
331 344 37
332 345 4
333 346 18
334 347 85
335 347 5
336 348 117
337 349 70
337 350 12
337 351 102
338 352 64
339 353 104
340 354 65
341 355 10
342 356 11
343 357 48
344 358 80
345 359 39
346 360 43
346 361 33
347 362 82
348 363 48
348 364 97
349 365 27
350 366 114
351 367 105
351 368 22
352 369 68
352 370 105
353 371 63
354 372 105
355 373 49
356 374 30
357 375 109
358 376 11
359 377 77
360 378 78
361 379 50
362 380 98
363 381 25
364 382 103
365 383 68
366 383 53
367 383 114
368 384 16
369 385 49
370 385 69
371 385 94
372 386 92
373 387 1
374 387 63
375 388 63
376 388 37
377 388 79
378 389 105
379 389 29
380 389 63
381 390 66
382 390 53
383 391 64
383 392 99
384 393 70
385 394 21
386 395 55
387 396 107
388 397 37
388 398 51
388 399 90
389 400 82
389 401 65
389 402 19
390 403 52
390 404 26
391 405 43
392 406 114
393 407 50
393 408 94
394 409 92
395 410 60
395 411 35
396 412 64
397 413 34
398 414 48
398 415 18
399 416 105
400 417 119
401 418 102
402 419 93
403 420 101
404 421 89
405 422 13
406 422 8
407 422 34
408 422 108
409 423 37
410 423 34
411 423 97
412 424 12
413 424 9
414 424 42
415 425 93
416 425 17
417 425 101
418 426 56
419 427 57
420 428 80
421 429 98
422 430 68
423 431 35
423 432 25
423 433 57
424 434 60
424 435 3
425 436 43
426 437 92
426 438 21
426 439 75
427 440 20
427 441 52
428 442 115
429 443 109
430 444 32
431 444 10
432 445 41
433 446 115
434 447 8
435 448 105
436 449 67
437 450 2
438 451 3
439 452 22
440 453 53
441 454 46
442 455 89
443 456 2
444 457 38
444 458 54
445 459 82
446 460 69
446 461 105
447 462 105
447 463 52
448 464 22
449 465 98
450 466 89
451 467 19
452 468 13
453 469 95
453 470 75
454 471 73
455 472 51
455 473 20
455 474 44
456 475 9
457 476 45
458 477 20
459 477 16
460 478 118
461 479 38
462 480 8
463 481 66
464 482 89
465 482 112
466 483 51
467 483 7
468 484 26
469 484 70
470 484 57
471 485 48
472 486 89
473 487 19
474 488 113
475 489 48
476 490 3
477 490 77
478 490 66
479 490 20
480 490 41
481 491 116
482 492 48
483 493 25
484 494 17
485 495 88
486 495 101
487 496 70
488 497 70
489 497 60
490 498 115
491 499 24
491 500 97
492 501 116
492 502 97
493 503 70
493 504 93
494 505 15
494 506 100
494 507 104
495 508 23
495 509 3
495 510 96
495 511 25
496 512 7
496 513 112
497 514 57
497 515 90
497 516 48
498 517 24
499 518 116
500 519 115
501 520 6
502 521 53
503 522 34
504 523 111
505 524 74
506 525 119
507 525 90
508 526 24
509 527 75
510 527 17
511 528 50
512 529 37
513 530 103
514 531 16
515 532 40
516 532 17
517 533 112
517 534 32
518 535 10
519 536 80
519 537 9
520 538 104
520 539 46
521 540 28
522 541 108
522 542 81
523 543 46
524 544 88
525 545 17
525 546 2
526 547 34
527 548 71
528 549 77
529 550 42
530 551 48
530 552 59
531 553 36
532 554 57
533 555 88
534 556 12
535 557 31
536 557 108
537 557 11
538 558 14
539 559 96
540 560 50
541 561 25
542 562 13
543 563 12
544 564 69
545 565 54
546 565 95
547 565 73
548 565 100
549 566 30
550 566 99
551 566 29
552 567 116
553 567 13
554 568 81
555 569 3
556 570 110
557 571 2
558 572 28
559 573 66
560 574 96
561 575 62
562 576 29
563 576 66
564 577 94
565 578 33
566 579 74
567 580 1
568 581 53
569 582 55
569 583 7
570 584 46
570 585 34
570 586 14
571 587 98
572 588 76
573 589 115
574 590 68
575 591 112
576 592 16
576 593 37
576 594 49
577 595 98
578 596 91
579 597 40
580 598 86
581 599 71
582 600 6
583 600 18
584 600 35
585 600 89
586 600 50
587 600 32
588 600 45
589 600 14
590 600 67
591 600 96
592 600 61
593 600 99
594 600 43
595 600 10
596 600 54
597 600 80
598 600 103
599 600 18
