1 2 177
1 3 126
1 4 22
1 5 1
2 6 21
2 7 146
2 8 185
2 9 172
3 10 20
3 11 193
3 12 122
3 13 184
4 14 8
4 15 159
4 16 71
4 17 84
4 18 155
5 19 62
5 20 130
6 21 94
7 22 30
8 23 141
9 24 134
10 25 103
11 26 105
12 27 186
13 28 132
14 29 59
15 30 33
16 31 138
17 32 163
18 33 135
19 34 169
20 35 163
21 36 69
22 37 44
23 38 98
24 39 172
25 40 130
26 41 128
26 42 40
27 43 136
27 44 137
28 45 74
28 46 119
28 47 195
29 48 199
30 49 142
30 50 166
31 51 139
31 52 158
32 53 144
32 54 174
33 55 51
34 56 166
34 57 113
35 58 48
36 59 162
37 60 31
38 61 116
39 62 20
40 63 165
41 64 196
42 65 167
43 66 99
44 67 112
44 68 10
45 69 5
46 70 103
47 71 30
48 72 115
49 73 19
50 74 13
51 75 151
52 76 100
52 77 44
53 78 164
54 79 16
55 80 173
56 81 155
57 82 151
58 83 195
59 84 51
60 85 194
61 86 168
62 86 4
63 86 72
64 87 50
65 88 19
66 89 174
67 90 191
68 91 51
69 92 165
70 93 26
71 94 143
72 95 47
73 95 131
74 96 136
75 97 157
76 98 88
77 99 147
78 100 139
79 100 71
80 101 196
81 102 96
82 103 106
83 104 184
84 105 129
85 106 67
85 107 67
86 108 188
87 109 10
88 110 117
89 111 126
89 112 147
90 113 145
90 114 75
91 115 122
92 116 17
93 117 64
94 118 154
94 119 186
95 120 120
96 121 124
96 122 115
97 123 188
97 124 44
97 125 196
98 126 17
99 127 47
100 128 148
100 129 10
101 130 53
102 131 110
103 132 195
104 133 186
105 134 69
106 135 181
107 136 140
108 137 37
109 138 75
110 139 9
111 139 73
112 140 43
113 141 62
114 141 174
115 142 183
116 143 84
117 144 198
118 145 28
119 146 80
120 146 116
121 146 74
122 147 48
123 148 55
124 149 67
125 149 17
126 149 25
127 150 135
128 150 115
129 151 25
130 151 29
131 152 15
132 152 157
133 153 171
134 154 163
135 155 102
136 156 56
137 157 125
138 158 148
139 159 6
140 160 156
141 161 144
142 162 69
143 163 70
144 164 166
145 165 23
146 166 168
147 167 19
147 168 47
148 169 134
149 170 18
150 171 81
151 172 162
152 173 81
153 174 8
154 175 98
155 176 169
156 177 34
157 178 61
158 179 138
159 180 91
160 180 93
161 181 66
162 182 131
163 183 84
164 184 145
165 185 186
166 185 44
167 186 63
168 187 136
169 188 32
170 189 158
171 190 26
172 191 21
173 192 57
174 193 135
175 194 134
176 195 127
177 196 121
178 197 27
179 198 109
180 199 165
181 200 172
182 201 38
183 202 89
184 203 198
185 204 119
186 205 15
187 206 83
188 207 37
189 208 67
190 209 13
191 210 57
192 211 109
193 212 178
194 213 35
195 214 91
196 215 93
197 216 50
198 217 89
199 218 71
200 219 159
201 220 14
202 221 18
203 222 141
204 223 163
205 224 91
206 225 29
207 226 104
208 227 132
209 228 106
210 229 65
211 230 181
212 231 60
213 232 81
213 233 89
214 234 99
215 235 145
216 236 137
217 237 51
218 238 28
219 239 54
220 240 48
221 241 77
222 242 36
223 243 30
224 244 112
225 245 86
226 246 108
227 247 2
228 248 67
228 249 178
229 250 96
230 251 189
231 252 120
232 253 144
233 254 113
234 254 25
235 255 160
236 256 29
237 257 192
238 257 139
239 258 128
240 259 187
241 260 91
242 261 131
243 262 48
244 262 146
245 262 174
246 263 2
247 264 118
248 264 122
249 265 133
250 266 187
251 266 13
252 266 171
253 267 42
253 268 11
253 269 77
253 270 43
253 271 193
254 272 174
254 273 160
254 274 149
255 275 143
255 276 67
255 277 147
256 278 173
256 279 134
257 280 194
257 281 15
257 282 104
258 283 67
258 284 68
259 285 180
259 286 149
259 287 164
260 288 25
260 289 160
260 290 168
261 291 140
261 292 126
262 293 185
262 294 109
262 295 195
262 296 7
262 297 4
263 298 48
263 299 134
263 300 54
264 301 174
264 302 17
265 303 177
265 304 165
265 305 129
265 306 29
265 307 10
266 308 38
266 309 136
267 310 38
268 311 152
269 311 123
270 311 107
271 312 149
272 313 155
273 313 66
274 314 91
275 315 37
276 315 19
277 315 40
278 316 187
279 316 170
280 317 13
281 317 125
282 318 140
283 318 78
284 319 1
285 319 177
286 320 46
287 320 15
288 320 158
289 320 91
290 320 159
291 321 23
292 321 132
293 322 135
294 322 111
295 323 21
296 324 164
297 325 84
298 326 21
299 326 120
300 327 113
301 328 142
302 329 4
303 330 163
304 331 107
305 331 38
306 331 107
307 332 110
308 333 70
309 333 182
310 334 145
311 335 166
312 335 71
313 336 191
314 337 135
315 338 86
316 338 187
317 339 161
318 340 197
319 341 14
320 342 90
321 343 184
322 343 91
323 344 21
324 345 80
325 345 153
326 346 70
327 347 66
328 348 55
329 349 157
330 350 172
331 350 67
332 351 43
333 352 105
334 353 113
335 354 33
336 355 20
337 355 93
338 356 69
339 357 157
340 358 113
341 359 180
342 360 84
343 361 155
344 362 93
345 363 43
346 364 34
347 365 81
348 366 189
349 367 187
350 368 47
351 369 100
352 369 173
353 370 136
354 371 33
355 372 194
355 373 105
356 374 134
356 375 141
356 376 137
356 377 131
357 378 86
357 379 70
358 380 80
358 381 38
359 382 142
359 383 163
360 384 85
360 385 37
360 386 5
361 387 78
362 388 42
362 389 88
362 390 180
363 391 26
363 392 17
363 393 161
364 394 42
365 395 74
365 396 11
366 397 155
367 398 62
368 399 56
368 400 62
369 401 72
369 402 148
370 403 168
371 404 65
372 404 188
373 405 82
374 405 122
375 406 136
376 407 19
377 407 54
378 408 87
379 409 10
380 410 186
381 410 123
382 410 45
383 411 139
384 412 196
385 413 88
386 414 112
387 415 192
388 415 195
389 416 175
390 417 104
391 418 35
392 419 183
393 419 159
394 420 26
395 420 100
396 421 120
397 421 198
398 421 113
399 422 79
400 422 194
401 423 156
402 424 104
403 425 50
404 425 44
405 426 196
406 427 24
407 428 48
408 428 158
409 429 197
410 430 192
411 430 186
412 431 119
413 431 57
414 432 67
415 433 137
416 433 102
417 434 89
418 435 101
419 436 37
420 437 110
421 438 2
422 439 155
423 440 196
424 440 106
425 441 43
426 442 191
427 443 57
427 444 165
428 445 128
429 446 101
430 447 12
431 448 60
432 449 193
433 450 124
434 451 162
435 452 12
435 453 140
436 454 189
437 455 7
437 456 36
438 457 113
439 458 157
440 459 167
440 460 181
440 461 172
441 462 93
442 463 78
443 464 90
444 465 126
445 466 70
446 466 151
447 467 159
448 468 179
449 469 5
450 469 50
451 470 146
452 471 129
453 472 37
454 473 57
455 474 7
456 474 16
457 475 167
458 476 179
459 476 46
460 477 4
461 478 106
462 479 150
463 480 68
464 481 19
464 482 36
465 483 59
466 484 80
467 485 81
467 486 41
468 487 9
469 488 68
470 489 139
471 490 107
472 491 127
473 492 143
473 493 149
474 494 67
475 495 132
475 496 90
476 497 148
476 498 26
477 499 81
478 500 129
479 501 49
479 502 179
480 503 22
480 504 132
481 505 190
482 506 53
482 507 156
483 508 139
484 509 163
485 510 176
485 511 198
486 512 118
487 513 6
488 514 71
488 515 119
489 516 87
490 517 45
491 518 133
491 519 69
492 520 59
493 521 137
494 522 44
494 523 171
495 524 49
496 525 20
496 526 42
496 527 158
497 528 183
497 529 134
498 530 170
499 531 92
500 532 4
501 533 64
502 534 197
503 534 185
504 535 109
505 535 128
506 536 51
507 536 93
508 537 198
509 538 89
510 538 68
511 538 26
512 539 123
513 540 50
514 540 58
515 541 113
516 541 146
517 541 162
518 542 196
519 543 7
520 544 79
521 544 178
522 544 197
523 544 60
524 545 115
525 545 66
526 546 4
527 546 169
528 547 39
529 548 123
530 549 51
531 549 154
532 550 65
533 551 70
534 552 74
534 553 109
535 554 79
535 555 186
536 556 165
536 557 136
537 558 2
538 559 67
538 560 113
539 561 55
540 562 78
541 563 34
542 564 11
542 565 104
543 566 180
544 567 127
545 568 193
546 569 75
547 570 197
547 571 196
548 572 13
549 573 168
549 574 77
550 575 70
551 576 133
552 577 13
553 578 131
554 579 118
555 580 197
556 581 174
557 582 142
558 583 56
559 584 185
560 585 48
561 586 32
562 587 192
563 587 191
564 588 196
565 589 182
566 590 50
567 591 63
568 592 8
569 593 14
570 594 98
571 595 3
572 596 101
573 597 161
574 598 22
575 599 87
576 600 95
577 600 64
578 600 138
579 600 187
580 600 92
581 600 124
582 600 44
583 600 179
584 600 153
585 600 81
586 600 71
587 600 170
588 600 194
589 600 196
590 600 110
591 600 142
592 600 72
593 600 52
594 600 28
595 600 95
596 600 179
597 600 7
598 600 79
599 600 138
