1 2 18
1 3 5
2 4 17
2 5 13
3 6 6
3 7 2
4 8 13
4 9 14
5 10 14
5 11 10
5 12 17
6 13 16
7 14 5
8 15 14
8 16 4
8 17 13
8 18 15
9 19 7
9 20 10
9 21 15
10 22 1
11 23 13
12 24 16
12 25 8
13 26 6
13 27 17
14 28 5
15 29 18
16 29 8
17 29 5
18 29 13
19 30 11
20 31 13
21 31 5
22 31 15
23 32 15
24 32 1
25 32 18
26 33 14
27 33 16
28 33 15
29 34 16
29 35 11
30 36 14
31 37 10
32 38 6
32 39 19
33 40 10
33 41 16
34 42 19
35 43 2
36 44 7
37 45 1
38 46 9
39 47 5
40 48 4
41 49 13
42 50 10
43 50 4
44 50 2
45 50 14
46 50 3
47 50 1
48 50 17
49 50 13
