3 5 3 5 7 3 6 7
17 21 18 19 21 15 19 12
11 9 10 8 10 6 7 16
8 6 5 7 6 8 4 7
19 17 8 16 13 13 21 20
6 6 6 5 4 10 11 9
22 19 11 30 12 26 29 12
16 14 14 10 16 20 8 20
10 20 12 18 20 16 13 18
13 15 17 15 8 9 7 14
5 12 5 11 4 12 5 9
5 5 5 8 6 3 8 5
10 5 8 4 9 12 9 9
6 11 6 6 6 11 9 8
11 10 12 5 12 11 5 15
10 8 11 11 12 7 5 7
14 10 18 11 9 9 14 16
25 27 13 16 15 20 30 15
3 6 4 3 9 7 3 5
6 6 11 4 8 5 5 10
7 6 6 3 4 4 4 4
15 11 22 19 20 24 12 23
4 3 2 4 3 5 4 3
20 20 13 12 23 22 20 21
7 5 4 7 6 8 7 4
19 24 21 22 14 24 9 15
21 18 13 11 10 10 22 24
10 6 8 14 14 5 6 6
14 11 14 12 16 8 6 8
7 7 3 3 6 5 8 3
9 10 8 13 10 9 12 11
9 17 15 7 16 16 9 19
2 2 1 1 2 1 1 1
12 22 19 10 20 20 18 12
11 7 5 6 10 10 11 10
21 20 13 21 23 23 9 22
10 19 11 25 13 9 23 11
4 9 4 5 5 5 8 8
9 7 10 16 17 6 16 6
16 14 14 16 18 9 18 13
9 9 10 14 12 8 15 13
3 3 5 6 8 5 8 8
2 4 2 3 2 4 5 2
14 21 15 17 8 13 19 9
2 3 2 4 3 5 4 4
5 6 8 5 5 7 7 5
3 3 3 1 1 1 1 3
28 26 16 22 22 22 29 10
22 12 25 13 20 13 21 26
1 1 1 2 1 2 1 2
16 15 10 14 12 21 11 18
17 16 14 19 14 17 7 10
11 11 17 13 13 8 18 7
19 9 21 8 14 21 17 17
12 18 9 22 9 8 15 13
15 20 22 13 16 24 15 22
8 8 5 7 3 8 6 4
14 11 12 14 15 13 9 22
7 4 4 9 10 5 9 7
9 9 10 10 10 5 8 7
5 5 5 3 5 2 2 4
2 2 2 3 4 5 4 2
23 16 14 21 12 15 17 22
13 9 7 11 15 10 18 10
1 3 3 1 1 2 2 2
11 11 25 29 25 20 18 23
25 11 14 15 26 19 22 13
6 3 8 7 8 6 8 8
22 17 21 11 13 17 10 22
6 5 5 5 2 6 5 2
8 9 5 9 8 5 5 7
12 20 21 15 17 7 17 8
2 6 2 5 4 3 4 4
13 19 9 7 7 15 16 9
9 9 9 12 9 10 9 12
30 14 21 30 17 20 16 22
23 19 8 21 16 13 22 10
6 15 11 9 10 14 14 11
5 13 14 15 9 15 12 8
1 1 1 2 1 1 2 1
9 22 23 12 18 18 18 23
5 5 5 2 5 3 3 3
1 1 2 3 1 2 2 2
2 2 1 1 1 2 1 2
12 23 14 19 13 13 17 15
19 16 21 10 15 28 24 24
6 9 10 9 6 11 12 11
21 9 11 11 9 17 12 21
9 16 10 9 8 10 16 13
7 8 5 7 4 9 9 5
1 1 1 3 1 1 2 1
8 5 6 5 4 4 4 6
20 9 17 15 26 14 17 18
18 14 18 8 19 17 8 18
16 10 8 14 15 13 15 8
26 20 24 9 23 17 18 24
7 5 7 4 8 4 6 4
16 8 16 7 12 10 14 17
3 6 4 5 5 6 2 3
8 3 6 7 4 8 5 4
4 4 6 5 4 4 8 3
13 8 15 13 10 6 17 8
24 21 24 24 13 22 14 29
11 4 8 8 5 8 7 9
10 20 21 14 11 8 9 10
5 7 9 6 13 6 10 13
6 3 6 5 7 7 4 7
4 10 8 4 6 12 7 11
11 12 4 6 9 9 11 5
2 2 1 3 3 1 3 3
6 5 6 3 4 8 4 8
14 9 5 13 9 15 10 13
19 16 9 12 12 13 22 13
9 17 14 16 26 17 20 11
23 22 10 20 16 15 17 25
9 13 14 10 19 13 9 20
6 10 5 8 9 5 8 4
14 22 11 17 20 20 23 26
14 12 11 7 10 19 13 19
12 22 30 14 13 27 23 10
6 5 4 7 3 8 3 6
7 7 3 6 5 3 3 8
15 15 6 15 11 13 13 15
18 25 16 15 27 26 29 21
14 13 9 16 6 14 9 10
8 11 6 7 4 6 6 5
13 14 12 8 8 9 10 15
9 8 12 6 11 9 6 6
12 5 14 6 13 7 5 6
7 7 8 8 4 3 6 3
17 16 12 9 23 23 8 16
8 8 11 10 11 9 10 11
13 15 13 8 6 11 11 18
9 3 8 7 6 5 3 8
21 22 22 29 20 14 29 24
11 11 6 11 9 12 11 8
8 16 23 20 9 24 22 9
20 17 11 19 12 7 10 12
12 6 16 8 14 17 17 11
8 24 14 20 19 18 19 21
1 2 2 1 1 1 2 2
13 13 11 14 15 11 15 10
16 12 17 17 8 22 13 13
3 4 3 4 3 5 4 5
4 2 2 3 5 2 4 6
10 12 17 10 26 12 21 11
7 12 4 12 9 10 11 6
5 6 4 6 10 10 7 10
11 7 18 9 13 13 20 15
10 24 19 24 11 8 11 22
23 18 18 10 26 19 10 18
11 10 20 14 15 19 23 24
9 16 19 15 8 7 8 13
4 3 8 6 6 5 3 3
21 23 24 26 23 18 20 10
26 22 17 28 10 28 23 14
25 20 21 15 26 16 15 24
19 10 16 21 13 20 21 10
10 14 12 8 7 5 9 13
9 10 16 20 20 11 15 13
3 1 1 3 3 2 2 3
13 12 7 11 7 8 11 9
2 1 1 1 2 1 2 1
1 2 1 2 1 2 2 2
9 7 12 11 11 9 7 9
5 3 4 5 3 8 8 7
21 12 17 9 16 8 16 14
8 9 15 16 7 12 14 13
2 1 2 1 1 2 1 2
14 15 15 29 20 17 24 24
14 14 15 10 13 9 12 7
19 17 16 16 16 17 19 18
9 3 5 7 4 6 5 3
9 8 8 10 6 8 5 5
6 6 5 5 7 7 7 5
13 9 14 22 16 9 20 23
14 7 5 12 9 13 14 6
14 9 11 12 9 19 21 22
2 2 2 2 2 1 2 2
7 10 11 4 4 8 10 4
4 8 7 7 6 4 8 9
25 15 25 15 20 20 9 17
19 16 29 20 23 28 20 11
21 19 15 11 20 10 14 21
3 2 3 1 3 2 3 3
2 1 3 3 2 1 3 2
19 16 23 18 11 18 12 15
16 18 19 8 9 16 11 23
3 3 6 5 3 3 5 2
3 6 4 7 5 3 4 4
14 30 20 14 28 11 17 16
12 7 5 10 7 5 7 8
12 16 16 19 17 19 10 12
4 8 7 7 7 6 8 6
10 14 14 16 12 10 10 14
22 17 14 19 25 9 19 21
6 10 10 12 9 8 11 11
14 9 5 5 11 8 9 5
10 15 16 16 9 9 7 9
17 10 21 15 13 15 22 23
17 11 15 9 7 15 14 6
1 3 2 2 3 3 2 2
13 8 21 20 21 21 23 10
1 1 1 2 2 1 1 1
3 3 2 4 4 4 3 2
14 18 9 10 17 15 8 18
6 11 6 11 10 9 7 10
15 21 10 22 24 12 11 29
7 5 4 5 3 4 6 3
9 5 3 8 5 3 6 9
21 20 9 24 10 9 18 12
4 6 5 3 4 7 7 3
2 1 2 1 1 1 2 2
7 6 6 10 4 7 6 7
15 19 21 25 23 12 23 9
11 15 17 16 7 7 8 17
11 24 18 23 29 13 26 11
10 7 5 14 8 12 6 11
2 3 5 4 2 5 5 5
10 20 12 19 9 23 23 11
1 1 1 2 1 1 2 2
1 3 1 3 1 1 1 3
12 4 10 11 5 6 10 12
3 9 6 5 9 7 5 8
24 10 25 26 23 10 26 24
6 9 11 9 11 9 9 6
1 2 1 1 2 1 2 1
8 17 8 8 10 15 15 17
10 10 6 4 6 4 8 6
17 9 15 11 7 11 11 12
6 8 11 4 5 10 12 7
3 2 4 2 3 2 5 2
17 16 10 13 16 16 14 17
19 22 21 19 11 15 23 26
3 3 2 2 4 2 2 3
7 11 6 10 6 7 14 9
9 11 10 11 12 7 7 4
11 6 9 9 8 16 15 12
4 5 7 9 9 11 8 5
14 18 12 14 20 9 23 18
3 4 7 9 6 3 3 4
6 9 9 11 11 7 10 7
2 2 2 2 1 1 1 2
14 12 20 11 11 18 21 7
1 2 2 1 2 2 2 2
15 9 13 17 10 9 7 12
10 11 9 12 6 14 12 5
22 13 17 23 16 18 23 25
17 15 10 13 15 10 10 13
11 10 23 14 9 10 18 15
8 7 10 7 8 14 12 14
23 20 13 28 10 19 19 17
2 2 6 6 6 5 2 3
9 4 9 9 10 9 9 12
9 10 19 18 13 12 14 15
5 2 2 5 3 3 4 5
19 21 16 15 16 10 21 17
19 19 16 19 10 9 12 13
12 8 12 9 14 12 14 11
3 7 5 3 8 7 6 4
6 12 11 12 9 7 12 7
14 11 13 15 12 13 10 13
10 8 4 9 11 11 8 10
25 19 13 15 26 19 18 25
17 19 25 20 25 17 13 22
10 10 13 13 17 11 9 7
23 22 21 26 21 10 23 24
22 21 18 18 23 18 16 19
1 2 1 2 1 2 1 2
14 8 12 24 23 14 23 9
13 14 17 17 9 13 9 13
2 2 2 2 5 2 5 4
6 10 6 7 5 5 7 4
2 2 4 4 5 4 3 5
4 2 2 2 2 3 5 5
13 8 6 5 10 9 6 11
3 1 3 2 3 2 1 3
13 9 16 17 6 6 9 17
26 21 19 27 17 29 16 11
9 8 6 9 8 6 4 10
13 22 21 24 12 10 20 26
13 9 26 26 25 22 19 11
18 7 17 14 20 11 13 15
29 11 11 21 16 21 14 11
12 11 15 11 18 11 9 22
8 7 12 12 14 10 11 16
16 19 23 10 20 24 8 21
2 1 1 1 1 2 2 2
26 16 21 21 13 23 19 19
7 8 7 7 5 6 8 8
9 4 9 11 5 11 8 9
22 13 22 18 22 14 13 16
1 1 2 2 1 2 1 1
4 8 4 6 8 9 5 4
18 12 18 15 10 18 15 14
9 10 9 6 10 10 11 10
9 17 9 12 17 16 16 13
7 10 11 4 8 5 12 7
7 6 5 11 12 4 5 5
15 15 23 9 11 13 25 26
11 6 9 6 9 7 9 10
2 1 2 1 2 1 2 1
3 4 2 3 5 3 5 4
10 12 26 20 12 25 27 19
10 12 13 20 13 16 18 11
25 22 21 22 23 19 24 12
23 22 20 20 24 22 22 15
2 2 2 2 1 1 2 2
18 8 15 9 19 9 16 12
10 5 6 9 9 4 11 8
3 2 1 2 1 1 3 3
11 9 24 18 9 14 12 10
12 17 16 11 15 10 16 15
17 16 15 19 21 21 20 13
14 23 25 22 24 13 27 29
2 2 2 1 2 2 2 2
25 20 20 13 9 19 12 24
5 10 6 8 10 10 6 5
1 1 3 2 3 2 1 1
14 12 11 13 14 5 14 13
10 11 22 11 9 23 15 22
23 24 24 12 23 20 12 16
1 2 1 1 2 2 2 2
3 3 5 2 2 4 5 2
8 10 14 5 11 12 11 11
16 10 22 21 23 19 20 22
12 15 18 14 19 20 15 16
11 21 26 9 11 20 18 25
7 6 8 6 11 6 8 10
1 1 1 2 1 1 2 2
6 8 7 8 4 7 6 6
5 8 9 7 5 3 6 4
9 9 5 6 5 9 7 9
26 18 24 29 18 15 24 17
7 14 10 17 10 17 10 8
13 8 13 10 9 14 10 11
5 11 7 13 10 8 10 12
7 3 9 7 8 4 7 8
9 4 7 4 6 9 4 5
15 9 13 12 9 14 13 9
5 5 5 2 3 4 3 5
16 9 10 13 9 17 7 12
22 13 27 23 19 16 18 20
9 8 9 8 5 9 12 5
21 18 25 17 9 27 21 22
3 3 3 3 4 7 6 5
20 14 8 23 21 20 19 8
2 6 3 6 2 6 3 2
9 11 9 6 7 9 14 15
14 14 8 9 5 7 13 11
1 1 1 1 2 1 2 2
9 6 15 16 6 13 13 10
9 15 12 8 16 7 13 9
24 12 19 11 14 25 19 24
15 10 6 8 14 13 16 7
13 13 13 9 14 15 11 21
13 10 7 8 11 7 10 9
17 11 11 16 25 9 17 17
17 13 16 18 10 10 19 16
16 13 19 13 13 21 15 18
9 4 8 8 10 11 4 7
14 20 20 15 18 14 20 16
20 8 11 15 15 12 15 15
5 8 6 8 5 8 3 8
6 4 4 3 5 6 7 8
9 5 3 5 9 3 4 4
2 1 1 2 1 1 1 1
12 18 19 29 23 26 22 15
13 9 19 20 9 15 19 19
1 3 2 1 3 2 1 2
9 13 16 12 13 15 12 11
2 2 3 1 3 3 3 1
24 9 16 10 9 14 16 9
4 5 12 8 6 4 9 4
7 14 10 11 8 5 9 13
3 4 4 2 5 5 4 3
9 20 16 7 7 7 8 15
24 14 25 9 18 25 20 9
7 12 8 6 4 5 7 11
14 13 6 13 5 8 6 8
22 13 16 21 30 14 24 30
7 7 13 6 5 8 14 7
5 3 4 7 7 4 8 7
5 5 3 5 4 3 5 5
10 22 15 15 23 19 22 23
5 7 3 8 8 3 4 5
10 14 18 12 9 14 7 8
2 1 2 1 2 1 2 2
6 4 7 7 8 10 6 9
3 5 2 5 4 4 3 4
7 8 11 13 11 6 13 11
3 6 4 6 6 6 6 6
14 14 22 12 14 11 8 22
28 22 19 16 16 17 28 17
9 4 5 8 11 11 7 7
7 6 10 6 5 9 8 10
7 8 6 9 9 8 4 7
2 2 1 1 1 1 1 2
2 4 5 2 3 5 4 6
10 9 12 12 4 5 12 11
23 21 27 12 23 17 13 15
6 4 8 7 5 4 6 7
22 22 23 13 19 20 17 12
10 8 5 9 4 8 8 7
29 25 29 16 25 25 13 10
12 12 12 7 15 8 13 12
13 13 9 8 10 10 18 18
17 18 20 8 9 15 10 17
11 7 4 11 9 11 9 7
13 22 9 18 12 10 15 18
5 6 9 11 9 14 8 14
8 7 7 6 9 6 7 3
13 12 15 6 17 9 13 8
13 23 16 21 11 11 18 16
14 15 14 6 5 7 14 14
15 5 9 7 10 5 8 13
6 7 5 7 6 5 4 8
12 11 10 16 7 7 20 17
7 13 14 6 15 10 5 14
1 1 1 1 1 1 2 1
13 19 21 18 12 11 11 18
10 11 15 14 11 16 14 21
24 12 18 14 20 9 12 22
7 15 15 6 8 17 16 16
13 12 16 17 10 8 9 10
11 7 10 15 10 15 15 16
12 19 30 26 19 15 26 20
10 5 13 8 8 7 12 6
8 13 7 7 13 9 8 7
4 3 4 6 6 6 5 2
2 1 1 1 2 2 2 2
5 6 12 6 11 10 6 14
15 11 13 17 9 24 10 19
26 16 14 29 22 23 27 30
11 10 16 7 12 7 6 15
8 15 12 18 11 15 7 12
2 4 2 2 3 5 4 3
7 5 7 6 13 12 7 14
5 7 12 6 12 4 11 4
12 19 24 10 20 18 18 21
3 3 3 5 8 5 3 4
6 9 9 9 4 9 10 11
8 16 12 14 15 16 14 7
8 7 10 16 16 13 14 9
10 4 11 10 8 10 11 9
7 5 15 8 12 9 13 5
2 1 1 2 2 1 1 1
6 3 5 8 8 4 4 8
10 12 17 21 13 16 18 18
1 1 2 2 1 1 1 2
24 26 24 20 17 18 23 17
10 12 12 5 4 7 7 8
9 9 8 8 4 4 7 11
24 29 16 17 27 19 29 17
13 20 22 21 21 14 23 15
9 8 4 8 6 5 5 6
23 22 20 21 27 26 9 22
5 3 2 4 6 3 5 2
13 23 10 17 21 25 11 11
21 27 22 14 21 20 15 10
23 14 21 16 24 13 20 18
11 11 5 10 10 12 10 7
12 10 5 12 6 12 14 13
4 10 9 6 8 11 10 7
10 10 6 9 8 9 7 9
16 8 15 9 7 11 12 14
18 29 20 26 10 15 24 17
7 6 9 8 17 17 15 6
29 16 22 13 18 16 21 20
14 11 12 9 12 14 9 5
13 20 15 12 11 13 17 18
16 16 19 24 10 27 19 14
11 26 13 22 17 21 25 24
17 14 14 11 16 9 17 20
10 5 10 10 12 11 8 4
4 2 3 2 5 2 2 2
16 7 15 11 13 8 12 11
19 15 21 15 20 18 19 12
13 5 10 9 10 13 6 7
11 10 23 14 12 24 19 16
18 26 11 14 26 27 12 10
18 20 15 12 8 12 16 21
7 9 9 12 8 6 5 5
4 8 3 4 9 9 7 4
11 9 13 11 8 5 11 11
9 15 22 16 14 9 9 15
25 25 12 14 9 14 16 24
9 6 7 4 4 8 6 5
23 22 20 18 13 28 21 10
5 2 6 3 3 5 4 3
3 2 4 5 5 3 4 2
23 19 18 22 20 12 30 27
9 13 9 5 5 10 7 12
19 20 22 11 9 10 24 14
16 11 14 21 9 7 19 17
3 5 4 6 3 8 4 4
11 10 8 6 6 6 9 4
8 10 5 8 5 11 8 5
21 17 21 16 18 15 15 13
7 7 14 11 7 8 14 10
8 4 9 4 6 6 5 4
26 15 12 16 14 15 23 16
9 16 7 7 9 17 20 9
15 14 11 11 6 8 7 12
17 14 20 13 18 10 8 15
25 11 20 25 16 16 19 25
14 19 15 14 18 9 10 19
11 15 15 7 9 5 10 5
18 21 9 7 7 14 13 8
13 17 14 14 6 16 17 18
4 4 5 9 8 4 5 6
21 23 15 24 18 26 16 20
3 1 3 3 2 2 1 3
8 6 15 11 7 16 10 15
14 12 6 10 16 16 16 14
3 1 1 3 1 2 2 1
10 12 11 8 9 14 6 12
6 6 4 10 11 6 8 12
16 20 10 13 15 17 8 10
17 8 16 14 13 11 12 12
5 12 10 6 15 15 9 10
5 12 10 13 5 14 7 5
9 13 23 20 24 20 11 12
10 18 20 23 23 26 11 22
17 19 13 21 8 11 21 9
11 8 10 5 5 6 7 8
18 20 14 23 22 9 12 25
1 1 1 1 2 2 2 1
3 3 3 3 2 2 2 1
7 7 12 10 13 15 14 10
10 11 12 14 7 10 14 8
1 2 2 2 1 2 1 1
22 18 23 21 18 19 23 19
3 5 6 3 7 3 4 6
7 3 3 3 7 8 8 3
5 7 5 9 13 13 12 8
28 24 14 24 10 24 15 17
1 1 1 2 2 2 2 1
27 10 12 27 22 18 19 19
5 6 5 4 8 4 9 4
2 5 2 2 2 3 5 5
12 16 21 8 17 20 17 20
3 1 3 2 3 2 2 2
3 2 2 4 3 2 4 4
20 13 9 11 13 13 13 14
8 9 7 20 10 19 8 14
25 16 20 23 12 20 10 16
6 7 14 15 8 10 13 6
15 11 11 7 13 10 9 17
11 14 14 13 12 6 9 6
8 12 4 9 11 4 4 7
8 17 19 7 15 17 7 18
22 22 20 17 16 10 21 16
2 1 2 2 1 2 1 1
14 13 18 28 10 29 17 30
7 10 12 12 12 11 5 10
9 12 7 11 10 12 7 9
14 7 7 13 13 13 8 12
2 1 3 2 2 3 3 1
26 24 27 15 22 24 21 25
1 1 2 2 2 1 2 1
26 23 11 12 25 12 23 16
2 1 2 2 2 1 1 2
15 6 13 14 6 16 7 6
16 21 8 22 15 18 8 18
4 10 4 10 4 12 10 12
16 25 13 20 24 20 12 19
23 23 20 23 17 14 8 17
16 9 14 10 13 16 17 11
22 11 20 24 9 17 18 12
5 4 4 3 5 3 3 6
5 5 9 15 5 5 12 10
11 18 20 21 22 9 21 9
16 24 10 13 9 10 18 25
4 3 2 3 5 3 5 4
9 12 5 13 14 13 9 10
9 22 22 18 22 9 17 17
24 11 21 14 21 12 23 16
1 2 1 1 2 1 2 1
2 2 1 1 1 1 2 2
2 2 2 1 1 2 1 1
4 8 10 11 10 5 4 8
23 21 9 19 15 18 10 25
3 4 4 8 5 6 6 4
27 13 11 19 15 20 15 20
15 16 8 9 12 14 11 14
9 14 15 12 10 9 6 9
9 11 8 14 12 13 11 12
8 7 10 17 12 16 11 11
9 20 13 19 8 7 18 21
5 6 3 8 5 7 3 7
6 10 8 10 17 11 12 10
18 7 9 8 12 16 10 13
22 18 23 21 27 27 22 20
21 10 23 21 25 14 14 23
10 14 17 11 11 14 15 11
1 2 1 1 2 1 1 3
2 3 2 2 2 3 4 3
2 4 4 4 5 4 4 6
13 15 22 20 8 21 23 10
5 4 7 9 7 7 3 6
10 8 5 5 8 9 5 6
4 6 5 6 3 2 6 5
10 9 5 10 7 7 6 7
5 4 3 4 3 2 5 3
9 4 11 11 7 8 7 11
3 6 5 2 2 2 4 2
20 17 13 26 20 23 17 9
16 7 8 14 20 8 19 7
26 24 10 17 16 22 17 16
22 21 21 22 11 15 15 20
17 23 13 16 17 20 17 13
4 3 3 6 4 9 3 6
19 17 21 7 16 7 10 12
12 7 8 15 7 11 13 5
5 8 8 6 10 10 5 11
5 7 7 4 5 5 7 6
4 7 9 6 8 5 8 5
5 7 4 4 7 6 7 7
3 4 3 5 3 4 6 3
5 3 7 8 6 7 8 5
8 10 6 10 5 9 11 7
22 15 18 16 26 18 9 27
1 1 1 2 1 2 1 1
3 4 7 8 7 9 8 4
11 15 13 11 13 14 9 10
16 11 16 7 15 14 12 8
14 16 13 13 10 9 8 10
18 12 9 11 18 16 17 15
2 1 1 1 2 1 2 2
4 4 6 5 5 7 3 7
8 14 10 24 8 9 11 16
7 7 7 6 3 7 6 6
15 17 14 20 23 22 10 23
28 28 27 18 24 15 27 10
12 13 17 27 11 10 17 27
7 11 6 7 14 8 11 11
13 8 10 10 13 11 11 8
11 13 8 12 6 6 16 13
15 9 14 13 19 15 20 18
5 11 10 6 11 8 5 10
10 6 13 11 7 12 8 13
6 5 3 7 3 4 5 5
8 11 7 8 10 12 8 11
14 11 5 5 8 6 7 6
17 16 22 19 8 15 16 8
10 10 5 14 6 9 14 10
3 2 4 3 2 4 3 5
4 6 4 3 6 4 2 6
15 10 9 8 12 12 6 12
13 7 12 8 21 19 7 8
3 8 4 7 6 8 7 4
5 8 8 8 8 9 6 4
3 2 5 3 4 2 4 4
4 4 6 8 5 5 9 5
27 26 21 17 24 14 27 11
12 21 14 23 10 10 9 11
11 20 10 18 18 26 16 22
7 4 7 4 6 5 4 6
14 11 13 12 13 8 13 8
6 4 6 5 8 7 5 12
10 8 8 16 18 20 18 17
3 7 3 9 5 8 3 4
8 6 7 3 8 4 5 6
12 19 21 26 12 25 21 23
8 10 13 23 12 14 9 12
15 14 7 6 15 15 15 7
9 8 8 12 7 9 10 4
19 19 21 16 20 10 9 18
13 18 18 25 21 23 10 11
21 25 20 12 9 12 18 12
16 18 24 25 21 23 23 14
15 18 17 10 22 16 23 21
4 9 6 7 5 7 9 7
15 9 12 11 14 18 13 18
7 12 11 12 6 14 15 17
5 2 2 3 2 3 4 5
6 13 13 11 5 8 9 11
6 6 10 10 16 6 17 17
4 4 4 4 6 4 5 2
16 28 26 19 29 24 27 26
15 16 12 9 9 13 11 6
2 1 1 2 1 2 2 2
10 24 19 22 11 20 22 28
4 4 4 9 9 12 8 9
14 16 15 8 9 11 8 9
15 9 6 10 6 16 9 11
5 5 4 4 8 8 3 6
2 2 1 2 1 1 1 2
9 4 8 5 7 4 6 6
9 26 24 11 16 10 26 12
2 4 3 3 5 5 3 3
22 9 11 13 17 24 9 21
2 1 1 1 2 1 1 2
11 11 10 7 11 14 5 6
12 11 9 11 12 7 14 12
6 3 5 4 6 3 5 4
10 21 17 24 13 9 16 22
17 13 13 15 10 19 7 17
20 10 17 18 10 10 18 10
