10 8 6 15
3 5 2 6
5 5 2 3
14 6 13 10
2 2 1 1
14 10 9 11
7 10 5 5
12 4 9 10
2 2 2 2
9 9 16 9
20 20 8 11
6 6 6 8
6 8 5 6
1 1 2 1
9 19 8 18
5 8 10 4
7 3 8 4
12 11 8 17
4 7 10 9
10 7 10 11
3 3 6 3
6 10 7 10
16 21 20 9
15 12 6 13
16 15 14 13
4 4 4 3
4 4 7 11
2 5 5 4
7 6 3 4
4 3 6 5
11 17 14 15
2 4 5 2
6 6 3 6
2 6 2 6
10 5 13 9
2 5 5 2
6 8 13 5
10 7 9 11
5 4 2 6
5 6 4 4
15 9 9 9
15 17 9 17
3 5 5 4
7 8 14 8
2 2 1 1
4 3 7 5
2 3 3 4
5 6 3 3
3 3 4 2
12 12 8 10
12 18 11 11
20 13 18 19
8 9 6 8
2 1 3 1
7 5 5 7
14 14 8 13
10 8 15 5
5 8 11 5
2 4 5 2
6 10 10 4
9 8 5 6
3 2 4 2
11 14 9 14
15 14 10 16
1 1 1 1
12 7 11 13
9 15 17 8
16 12 8 9
1 2 1 2
19 20 15 17
2 1 1 2
2 2 2 1
1 1 2 1
3 5 6 6
4 8 10 4
10 6 10 12
9 8 12 9
5 7 5 5
10 7 7 6
15 8 14 5
2 1 2 2
10 14 7 8
8 6 7 10
7 21 21 18
9 10 8 9
1 2 1 2
3 2 5 2
5 7 7 5
8 9 8 9
12 8 17 16
19 13 15 7
1 1 3 1
8 11 20 14
4 5 6 6
2 6 2 2
8 16 19 9
6 9 7 10
15 10 7 8
6 8 9 12
10 10 13 9
9 9 8 3
2 1 2 1
12 8 6 6
15 9 11 12
12 17 17 15
3 2 2 2
14 9 9 7
5 9 3 6
15 11 8 14
1 1 1 1
1 2 2 3
5 13 13 6
6 5 6 4
15 9 10 9
10 7 12 9
2 3 2 1
15 11 5 12
10 9 5 5
2 4 2 5
11 7 9 11
3 3 5 3
6 12 9 8
5 7 10 14
11 10 11 8
8 3 8 3
7 5 8 8
10 5 7 13
3 5 4 3
5 4 3 7
2 6 3 5
12 18 12 19
4 3 3 7
2 3 2 4
6 2 2 4
3 4 4 4
4 8 8 6
4 5 4 3
8 17 16 18
2 1 1 2
2 6 5 4
1 1 1 3
14 14 9 6
5 15 9 14
2 3 3 2
7 6 4 11
15 6 12 10
13 10 13 8
4 2 2 4
9 6 17 13
10 7 9 4
3 3 3 3
7 5 5 5
3 8 4 5
12 13 14 8
2 2 2 1
5 6 2 5
16 10 15 6
9 14 12 13
1 3 2 2
2 2 2 1
16 15 12 11
13 14 6 13
15 9 10 17
3 4 3 3
6 4 9 9
13 7 10 12
11 13 13 13
14 13 9 17
14 11 12 14
1 2 1 2
15 18 12 12
21 7 19 14
8 15 5 7
4 2 4 2
9 8 7 4
14 17 7 10
8 11 9 9
2 4 5 2
1 1 1 3
2 2 2 1
8 6 10 4
3 1 3 3
8 4 11 11
8 15 20 11
8 6 6 10
6 10 10 14
6 17 12 6
4 5 7 8
1 2 2 2
3 5 5 4
5 7 9 8
7 8 10 5
4 2 3 6
2 3 5 6
3 2 4 3
2 2 2 2
13 9 11 8
2 1 2 1
10 13 15 15
14 17 12 17
10 7 10 4
4 8 9 4
9 12 5 9
7 6 7 5
8 14 15 15
9 11 12 4
8 7 5 3
2 1 1 1
1 2 2 2
9 7 3 7
21 20 16 11
10 19 18 18
5 6 12 8
3 3 3 2
10 4 11 6
14 6 5 14
14 9 18 17
21 20 17 21
6 7 7 10
6 7 5 5
2 3 4 3
10 16 12 10
18 7 8 16
2 2 5 3
8 11 6 10
5 8 9 10
11 9 5 7
8 3 7 5
4 3 5 4
16 15 11 13
17 6 13 8
5 4 4 2
18 12 20 8
9 7 8 13
5 14 11 14
13 11 7 18
2 2 1 1
14 7 7 17
10 6 16 7
1 1 1 3
4 5 3 2
19 10 8 16
9 10 10 7
7 8 8 3
2 2 1 1
15 9 9 6
9 14 19 16
10 14 9 14
20 16 7 17
11 5 14 8
3 1 3 1
12 4 12 12
8 11 7 5
1 1 1 1
3 5 5 4
9 10 6 6
11 9 14 5
7 7 3 8
10 11 10 7
2 1 2 1
3 8 6 5
8 8 13 11
7 6 11 13
13 14 9 9
8 4 7 6
6 5 11 6
13 14 6 9
12 10 10 19
8 5 5 6
12 9 17 14
9 19 11 14
7 4 8 3
13 11 11 14
21 8 18 20
15 16 6 17
8 6 3 9
9 9 5 8
8 11 10 12
9 9 12 8
7 8 16 8
8 5 5 3
1 2 1 2
16 17 17 14
6 8 6 3
4 9 9 9
20 18 15 14
3 3 3 6
5 11 5 11
9 13 13 11
4 10 4 12
9 11 10 8
11 9 7 5
12 17 12 10
2 2 3 4
8 8 8 8
5 3 6 4
16 16 19 20
7 13 20 19
2 2 2 2
15 14 8 11
