1 2 131
1 3 31
1 4 58
1 5 60
2 6 123
2 7 93
3 8 8
4 9 93
5 10 29
5 11 128
5 12 1
5 13 39
6 14 73
7 15 60
8 16 34
9 17 102
10 18 72
11 19 72
12 20 76
13 21 47
14 22 23
15 23 26
15 24 107
15 25 35
16 26 107
17 27 35
18 28 114
19 29 3
20 30 52
21 31 37
22 32 77
23 32 110
24 33 23
25 33 42
26 34 81
27 34 111
28 35 113
29 36 67
30 37 9
31 37 66
32 38 72
33 39 60
33 40 63
33 41 92
34 42 13
35 43 66
36 44 138
37 45 90
38 46 58
38 47 28
38 48 135
39 49 32
40 50 59
41 51 92
42 52 42
42 53 111
43 54 69
44 55 23
44 56 88
44 57 23
45 58 100
46 59 128
47 60 24
48 61 117
49 62 102
50 63 66
51 63 95
52 63 83
53 64 13
54 65 100
55 66 74
56 66 92
57 67 73
58 67 77
59 68 98
59 69 66
60 70 31
61 71 121
61 72 19
61 73 71
62 74 82
63 75 34
64 76 23
64 77 57
65 78 125
65 79 70
66 80 127
66 81 3
67 82 58
67 83 63
67 84 66
68 85 17
69 85 134
70 85 42
71 86 77
72 86 100
73 87 98
74 87 82
75 88 84
76 89 22
77 90 8
78 90 126
79 91 81
80 91 116
81 92 77
82 93 18
83 93 83
84 93 139
85 94 116
86 95 22
87 96 16
88 96 108
89 97 60
90 98 117
91 99 102
92 99 73
93 99 21
94 100 82
95 101 56
96 102 66
96 103 10
97 104 11
97 105 80
98 106 53
98 107 2
98 108 15
99 109 66
99 110 96
100 111 125
101 112 79
102 113 123
103 114 96
104 115 15
105 116 104
106 117 9
107 118 93
108 118 8
109 119 71
110 119 16
111 120 115
112 121 79
113 122 113
114 122 24
115 123 70
116 124 17
117 125 28
118 125 40
119 126 59
120 127 134
121 128 9
122 129 130
123 130 96
123 131 57
124 132 13
125 133 127
126 134 103
127 135 129
128 136 117
129 137 67
130 138 138
131 139 46
132 140 107
133 140 84
134 141 34
135 142 51
136 143 8
137 144 107
137 145 8
138 146 60
138 147 24
139 148 35
139 149 94
140 150 83
140 151 88
141 152 68
142 153 136
142 154 2
142 155 36
142 156 94
143 157 35
143 158 103
143 159 78
143 160 17
144 161 88
144 162 37
144 163 14
144 164 126
145 165 100
145 166 64
145 167 68
146 168 46
146 169 125
146 170 138
147 171 43
147 172 44
147 173 69
147 174 48
148 175 58
148 176 4
148 177 19
148 178 116
149 179 4
149 180 106
149 181 73
150 182 127
150 183 17
151 184 113
151 185 62
151 186 45
151 187 116
152 188 67
152 189 75
152 190 125
153 191 114
154 191 76
155 191 62
156 191 79
157 192 115
158 192 133
159 192 122
160 192 66
161 193 46
162 193 133
163 193 95
164 193 22
165 193 37
166 193 32
167 194 106
168 194 34
169 194 49
170 194 25
171 194 125
172 194 59
173 195 94
174 195 5
175 195 125
176 195 105
177 195 56
178 196 45
179 196 102
180 197 68
181 197 6
182 197 72
183 198 63
184 198 58
185 198 67
186 198 20
187 199 91
188 199 31
189 199 81
190 199 107
191 200 103
192 201 110
193 202 29
194 203 32
195 204 30
196 205 19
197 206 56
197 207 52
198 208 71
199 209 113
200 210 20
201 211 72
201 212 131
202 213 61
203 214 94
204 215 73
205 216 138
206 217 18
207 218 27
208 219 31
209 220 45
210 221 128
211 222 87
212 223 125
213 224 45
214 225 84
214 226 33
215 227 65
216 228 93
217 229 10
218 230 34
219 231 51
219 232 61
220 233 12
221 234 69
222 235 128
223 236 37
224 237 112
225 238 65
226 239 137
226 240 31
227 241 116
228 242 4
229 243 131
230 244 120
231 245 42
232 246 74
233 247 59
234 248 129
235 248 93
236 249 84
237 249 112
238 249 138
239 249 92
240 250 103
241 250 135
242 251 108
243 252 114
244 252 22
245 253 4
246 253 60
247 254 69
248 255 29
248 256 115
249 257 18
250 258 62
251 259 28
251 260 65
252 261 122
253 262 71
254 263 104
255 264 90
255 265 46
256 266 15
257 267 123
258 268 74
259 269 17
260 270 109
261 271 15
262 272 136
263 273 59
264 274 138
265 275 75
265 276 87
266 277 23
267 278 136
268 279 54
268 280 26
269 281 12
270 282 40
271 283 105
272 284 35
273 285 105
274 286 133
275 287 96
276 288 36
277 289 45
278 290 72
279 291 29
280 292 51
281 293 91
282 294 103
283 295 42
284 296 3
285 297 111
286 298 97
287 299 69
288 300 60
289 300 6
290 301 83
291 301 42
292 302 17
293 303 136
294 304 40
295 305 139
296 305 119
297 305 26
298 306 126
299 307 90
300 308 47
301 309 119
302 310 68
303 311 112
303 312 68
304 313 94
305 314 80
306 315 92
307 316 138
308 317 130
309 318 96
310 319 71
311 320 99
312 321 118
313 322 51
314 323 15
315 324 115
316 325 107
317 326 134
318 327 101
319 328 124
319 329 40
319 330 111
320 331 95
320 332 108
320 333 93
321 334 12
321 335 82
321 336 78
322 337 86
323 338 49
324 339 68
325 340 22
326 341 115
327 342 103
328 342 46
329 343 124
330 344 41
331 345 18
332 345 55
333 346 62
334 347 63
335 348 83
336 349 110
337 350 116
338 350 16
339 351 97
340 352 32
341 353 68
342 354 47
343 355 51
344 356 114
345 357 57
346 358 32
347 359 39
348 360 40
349 361 108
350 362 131
351 363 64
352 364 10
353 365 53
354 366 16
355 367 32
356 368 131
357 369 10
358 370 45
359 371 18
360 372 99
360 373 19
361 374 40
362 375 82
363 376 97
364 377 17
365 378 106
366 379 136
367 380 42
368 380 31
369 381 40
370 382 106
371 382 80
372 383 100
373 384 103
374 385 50
375 386 27
376 387 65
377 388 72
377 389 65
378 390 87
378 391 109
379 392 21
380 393 105
381 394 40
382 395 9
383 396 24
384 397 75
385 398 138
386 399 117
387 400 133
388 400 32
389 400 45
390 400 108
391 400 101
392 400 114
393 400 74
394 400 58
395 400 48
396 400 3
397 400 38
398 400 107
399 400 5
