1 2 1
1 3 4
1 4 5
2 5 1
2 6 2
2 7 5
3 8 4
3 9 3
4 10 2
4 11 7
4 12 1
5 13 4
6 14 2
7 15 6
8 16 2
8 17 1
9 18 3
10 19 6
11 20 2
12 21 1
13 22 6
14 23 6
15 24 4
16 25 2
17 26 6
18 27 2
18 28 5
19 29 7
19 30 2
20 31 3
21 32 2
22 33 4
23 34 3
24 34 3
25 35 5
26 36 4
27 36 6
28 37 1
29 38 5
30 39 3
31 39 1
32 40 6
33 41 1
34 42 7
35 43 5
36 44 3
37 45 5
37 46 6
38 47 1
38 48 4
38 49 6
39 50 6
40 51 7
40 52 5
41 53 2
42 54 5
43 55 1
44 56 7
45 57 5
46 58 2
47 59 5
48 60 6
49 60 6
50 61 5
51 62 1
52 63 7
53 64 4
54 65 5
55 66 5
56 67 5
57 68 2
58 69 7
59 70 1
60 71 4
61 72 7
62 73 3
63 74 5
64 75 6
65 76 3
66 77 6
67 78 6
68 78 2
69 79 1
70 80 4
71 81 7
72 82 6
73 83 7
74 83 3
75 84 5
76 85 2
77 85 4
78 86 1
79 87 2
80 88 5
81 88 7
82 89 4
83 90 4
84 91 7
85 92 4
85 93 4
86 94 1
87 95 7
88 96 6
89 97 3
90 98 1
90 99 2
91 100 4
92 100 3
93 100 3
94 100 7
95 100 6
96 100 6
97 100 3
98 100 4
99 100 6
