1 2 6
1 3 4
1 4 4
1 5 10
1 6 4
2 7 7
2 8 3
2 9 10
2 10 5
3 11 7
3 12 9
3 13 9
3 14 4
4 15 1
4 16 10
4 17 6
4 18 9
5 19 6
5 20 4
5 21 4
5 22 9
5 23 7
6 24 9
6 25 6
6 26 10
7 27 2
8 28 9
8 29 2
9 30 4
10 31 2
10 32 11
11 33 2
12 34 7
12 35 3
13 36 4
13 37 2
14 38 1
14 39 2
15 40 9
16 41 6
17 42 8
18 43 11
19 44 4
20 45 8
20 46 7
21 47 5
21 48 11
22 49 3
22 50 4
22 51 1
23 52 5
24 53 11
25 54 4
25 55 2
26 56 8
26 57 10
27 58 4
28 59 8
29 60 8
30 61 3
31 62 10
32 63 1
33 64 11
34 65 11
35 66 9
36 67 10
37 68 9
38 69 4
39 70 7
40 71 3
41 72 3
42 73 7
43 74 8
44 75 9
45 76 1
46 77 9
47 78 6
48 79 6
49 80 11
50 81 2
51 82 1
52 83 2
53 84 10
54 85 2
55 86 1
56 87 11
57 88 5
58 89 10
59 90 4
60 91 11
61 92 7
62 93 7
63 94 1
64 95 3
65 96 7
66 97 7
67 98 10
68 99 7
69 100 2
70 101 1
70 102 1
71 103 1
72 104 10
73 105 3
74 106 2
75 107 6
76 108 5
77 109 5
78 110 11
79 111 3
80 112 8
81 113 3
82 114 11
83 115 11
83 116 7
84 117 5
84 118 7
85 119 9
86 120 2
87 121 10
88 122 4
89 123 6
90 124 6
91 125 4
92 125 4
93 126 8
94 126 6
95 127 6
96 127 11
97 128 4
98 128 5
99 129 11
100 130 2
101 131 5
102 132 11
103 133 8
104 134 8
105 135 5
106 136 3
107 136 2
108 137 9
109 138 7
110 138 3
111 139 4
112 139 9
113 140 7
114 141 11
115 142 6
116 143 4
117 144 10
118 145 3
119 145 8
120 146 6
121 146 2
122 147 9
123 148 7
124 149 9
125 150 1
125 151 11
126 152 11
126 153 3
127 154 8
128 155 6
128 156 9
129 157 5
130 158 5
131 159 11
132 160 8
133 161 7
134 162 2
134 163 4
135 164 2
135 165 6
136 166 2
136 167 11
137 168 10
138 169 7
139 170 9
140 171 2
140 172 3
141 173 3
141 174 9
142 175 4
143 176 11
143 177 11
144 178 11
145 179 8
145 180 5
146 181 9
147 182 9
148 183 8
149 184 1
149 185 1
150 186 3
151 187 6
152 188 4
153 189 10
154 190 4
155 191 5
156 192 11
157 193 7
158 194 7
159 195 4
160 196 5
161 197 2
162 198 1
163 199 10
164 200 1
165 201 8
166 202 5
167 203 11
168 204 4
169 205 7
170 206 11
171 207 2
171 208 7
172 209 8
173 210 3
174 211 8
175 212 3
176 213 4
177 214 1
178 215 7
179 216 8
180 217 5
181 218 1
182 219 4
183 220 1
184 220 9
185 221 7
186 221 2
187 222 10
188 223 9
189 224 7
190 225 8
191 226 8
192 227 6
193 228 7
194 229 9
195 230 5
196 231 6
197 232 5
198 233 10
199 233 5
200 234 3
201 235 10
202 236 6
203 237 9
204 238 4
205 239 3
206 240 10
207 241 8
208 242 5
209 243 8
210 244 4
211 245 11
212 246 5
213 246 7
214 246 3
215 247 10
216 248 8
217 248 6
218 249 8
219 249 2
220 250 9
221 251 6
222 252 5
223 253 4
224 254 1
225 255 6
226 256 5
227 257 9
228 258 6
229 259 10
230 260 11
231 261 3
232 261 10
233 262 2
234 263 9
235 264 2
236 265 2
237 266 9
238 267 2
239 268 9
240 269 7
241 270 8
242 271 10
243 271 6
244 272 9
245 273 3
246 274 4
247 275 2
248 276 11
249 277 3
250 278 11
251 279 3
252 280 10
253 281 5
254 282 1
255 283 9
255 284 4
256 285 4
257 286 11
258 287 6
259 288 5
260 289 8
261 290 1
262 291 3
263 292 5
264 293 7
265 294 8
266 295 6
267 296 10
268 297 6
269 298 11
270 299 9
271 300 8
272 301 6
273 302 9
274 303 9
275 304 7
276 305 5
277 306 11
278 307 11
279 308 5
280 309 6
281 310 11
282 310 11
283 311 8
284 311 9
285 311 6
286 312 4
287 312 9
288 313 4
289 314 10
290 315 4
291 316 3
292 317 5
293 318 2
294 318 6
295 318 9
296 319 9
297 320 3
298 320 6
299 321 3
300 322 3
301 323 5
302 324 1
303 325 4
304 326 5
305 327 4
306 328 1
307 329 6
307 330 6
307 331 5
308 332 3
308 333 6
309 334 5
309 335 11
309 336 6
309 337 6
310 338 8
310 339 10
310 340 3
311 341 6
311 342 7
312 343 10
312 344 9
313 345 3
313 346 9
314 347 5
314 348 4
315 349 3
316 350 4
317 351 6
317 352 5
317 353 10
318 354 10
319 355 5
320 356 11
320 357 7
321 358 6
321 359 10
321 360 8
322 361 6
323 362 9
323 363 8
323 364 5
324 365 5
325 366 1
326 367 7
326 368 7
327 369 4
327 370 8
327 371 10
328 372 6
329 373 7
330 373 7
331 374 5
332 375 1
333 375 4
334 376 10
335 377 10
336 378 9
337 378 1
338 378 9
339 379 9
340 380 3
341 381 11
342 382 8
343 382 10
344 383 4
345 383 3
346 383 4
347 384 3
348 385 3
349 385 11
350 386 5
351 387 3
352 388 10
353 389 7
354 390 7
355 391 6
356 392 1
357 393 3
358 394 3
359 395 4
360 395 9
361 396 8
362 397 1
363 397 6
364 398 11
365 398 2
366 399 7
367 399 7
368 399 5
369 400 8
370 400 1
371 401 2
372 402 9
373 403 8
374 403 6
375 404 11
376 404 9
377 405 10
378 405 1
379 406 1
380 407 3
381 408 9
382 409 11
383 410 3
384 410 5
385 411 9
386 412 11
387 413 8
388 414 5
389 415 3
390 416 1
391 417 10
392 418 4
393 418 3
394 419 4
395 420 11
396 420 8
397 421 11
398 422 2
399 423 6
400 424 6
401 425 4
402 426 4
403 427 5
404 427 4
405 428 4
406 429 5
407 430 6
408 431 9
409 431 5
410 432 4
411 433 7
412 434 11
413 435 3
414 436 9
415 437 10
416 438 5
417 439 2
418 440 4
419 441 7
420 442 4
421 443 9
422 444 10
423 444 10
424 445 9
425 445 6
426 446 1
427 447 7
427 448 9
428 449 9
429 450 11
430 451 11
431 452 10
432 453 9
432 454 8
433 455 9
433 456 3
433 457 5
433 458 10
433 459 9
434 460 10
435 461 10
436 462 10
437 463 5
438 464 6
439 465 11
439 466 11
440 467 8
441 468 2
441 469 11
442 470 10
442 471 6
442 472 8
442 473 11
443 474 3
444 475 2
444 476 6
444 477 9
444 478 4
445 479 4
446 480 3
447 481 5
448 482 11
449 483 6
450 484 6
451 485 7
452 486 11
453 487 11
454 488 5
455 489 1
456 490 6
457 491 1
458 492 8
459 492 8
460 493 4
461 493 11
462 494 5
463 494 2
464 495 3
465 496 9
466 496 6
467 497 3
468 498 5
469 499 4
470 500 8
471 501 10
472 501 9
473 502 2
474 503 10
475 503 3
476 504 11
477 504 11
478 505 11
479 505 3
480 506 3
481 507 6
482 508 10
483 509 7
484 510 7
485 511 6
486 512 6
487 513 10
488 514 5
489 515 8
489 516 7
490 517 1
491 518 6
492 519 7
493 520 11
494 521 2
495 522 5
496 523 11
497 524 3
498 525 6
499 526 4
500 527 6
501 528 9
502 529 10
503 530 7
504 531 7
504 532 1
505 533 11
506 534 2
506 535 4
507 536 7
508 537 6
509 538 9
510 539 1
511 539 7
512 540 5
513 541 11
514 542 11
515 543 3
516 544 9
517 545 11
518 546 4
519 547 2
520 548 11
521 549 5
522 550 8
523 551 11
524 552 11
525 553 4
526 554 6
527 555 3
528 556 7
529 556 6
530 557 5
531 558 6
532 559 7
533 560 8
534 561 7
535 562 8
536 563 7
537 564 5
538 565 9
539 566 5
540 567 3
541 568 11
542 569 1
543 570 10
544 571 9
545 572 10
546 573 11
547 574 7
548 575 10
549 576 9
550 577 1
551 578 8
552 579 11
553 580 1
554 581 4
555 582 3
556 583 8
557 584 7
558 585 9
559 586 8
560 587 10
561 588 9
562 589 5
563 590 1
564 591 4
565 592 2
566 593 5
567 594 10
568 595 6
569 596 5
570 597 10
571 598 5
572 599 2
573 600 9
574 601 7
575 602 11
576 603 6
577 604 7
578 605 1
579 606 3
580 607 8
581 608 3
582 609 8
583 610 11
584 611 9
585 612 2
586 613 9
587 614 2
588 615 1
589 616 1
590 617 1
591 618 9
592 619 9
593 620 9
594 621 2
595 622 3
596 623 10
597 624 6
598 625 1
599 626 5
600 626 5
601 627 8
602 628 7
603 629 11
604 630 2
605 631 8
606 632 7
607 633 9
608 634 6
609 635 6
610 636 10
611 637 1
612 638 1
613 639 10
614 640 3
615 641 6
616 642 1
617 643 5
618 644 8
619 645 3
620 646 11
621 647 10
622 648 3
622 649 9
623 650 5
623 651 1
624 652 3
624 653 7
625 654 9
626 655 8
626 656 6
627 657 4
628 658 5
629 659 3
630 660 1
631 661 5
632 662 10
633 663 7
634 664 1
635 665 9
635 666 10
636 667 5
637 668 7
638 669 2
638 670 10
639 671 6
640 672 8
641 673 9
642 674 6
643 675 4
644 676 3
645 677 1
646 678 1
647 679 4
648 680 2
649 681 6
650 681 8
651 682 8
652 683 6
653 684 9
654 685 8
655 686 10
656 687 2
657 687 3
658 688 2
659 689 2
660 690 2
661 691 5
662 691 1
663 692 2
664 692 1
665 692 10
666 693 5
667 694 1
668 695 2
669 695 1
670 696 8
671 697 5
672 698 3
673 699 5
674 699 11
675 700 3
676 700 9
677 700 1
678 700 11
679 700 10
680 700 1
681 700 8
682 700 8
683 700 9
684 700 4
685 700 5
686 700 2
687 700 4
688 700 1
689 700 4
690 700 2
691 700 8
692 700 2
693 700 4
694 700 10
695 700 9
696 700 5
697 700 2
698 700 6
699 700 4
