1 2 9
1 3 4
1 4 3
1 5 9
1 6 9
2 7 9
2 8 5
3 9 5
4 10 6
4 11 7
5 12 7
5 13 4
5 14 6
6 15 8
6 16 6
6 17 7
6 18 5
6 19 8
7 20 3
8 21 5
9 22 1
10 23 6
11 24 1
12 25 4
13 26 7
14 26 5
15 27 2
16 28 3
17 29 3
18 30 5
19 31 8
20 32 1
21 33 9
22 34 2
22 35 6
23 36 8
23 37 8
23 38 3
24 39 4
25 40 3
26 41 9
26 42 8
27 43 1
28 44 9
28 45 1
29 46 7
29 47 4
29 48 5
30 49 5
31 50 5
32 51 9
33 52 9
34 52 9
35 53 3
36 54 2
37 54 5
38 54 9
39 55 7
40 56 7
41 57 7
42 58 2
43 59 1
44 60 9
45 61 7
46 62 4
47 63 8
48 64 8
49 65 8
50 66 4
51 67 6
52 68 7
53 69 2
54 70 9
55 71 3
56 72 6
57 73 7
58 74 2
59 75 5
60 76 8
61 77 2
62 78 1
63 79 1
64 80 4
65 81 2
66 82 7
67 83 3
68 83 5
69 84 4
70 85 2
71 86 2
72 87 1
73 88 2
74 89 9
75 90 2
76 91 7
77 92 7
78 93 8
79 94 4
80 94 9
81 95 9
82 96 5
83 97 3
84 97 7
85 98 1
86 99 2
87 100 2
88 101 5
89 101 7
90 102 8
91 103 8
92 104 2
93 104 9
94 105 1
95 106 5
96 107 2
97 108 3
98 109 4
99 110 1
100 111 6
101 112 7
102 113 7
103 114 8
104 115 7
104 116 5
105 117 3
106 118 2
107 119 9
107 120 2
108 121 3
109 122 6
110 123 1
111 124 9
112 125 3
113 125 5
114 126 9
115 127 9
116 128 5
117 129 8
118 129 6
119 129 3
120 130 6
121 131 6
122 132 3
123 133 2
124 134 8
125 135 4
126 136 4
127 137 9
128 138 7
128 139 3
129 140 1
130 141 1
131 142 8
132 143 5
133 144 6
133 145 1
134 146 7
135 147 8
135 148 3
135 149 1
135 150 6
136 151 8
137 152 7
138 153 2
139 154 4
140 155 6
141 156 6
141 157 4
142 158 2
143 159 7
144 160 1
145 161 9
146 162 8
147 163 5
148 164 8
149 165 8
150 166 9
151 167 1
152 167 1
153 168 2
154 168 9
155 169 8
156 170 6
157 171 9
158 172 6
159 173 5
160 174 2
161 175 5
162 176 3
163 177 5
164 178 1
165 179 7
166 180 1
167 181 7
168 182 7
169 183 7
170 184 4
171 185 3
172 186 8
173 187 8
174 188 9
175 189 2
176 190 3
177 191 2
178 192 5
179 193 3
180 193 6
181 193 9
182 194 4
183 195 3
184 196 1
185 197 8
186 198 5
187 199 4
188 200 5
188 201 9
189 202 2
189 203 6
190 204 4
190 205 3
191 206 5
192 207 1
192 208 8
193 209 7
194 210 5
195 211 1
195 212 1
196 213 8
197 214 7
197 215 4
198 216 5
199 217 4
200 218 3
201 218 9
202 219 5
203 220 7
204 221 9
205 221 3
206 222 7
207 223 5
208 224 9
209 224 5
210 225 6
211 226 4
212 226 3
213 227 2
214 228 9
215 228 8
216 229 6
217 230 9
218 231 7
219 232 9
220 233 8
221 234 5
222 235 5
223 236 4
224 237 9
225 238 5
226 239 1
227 239 5
228 240 7
229 241 4
230 242 7
231 242 1
232 243 1
233 244 6
234 245 4
235 246 4
236 247 2
237 248 7
238 248 1
239 249 1
240 250 5
241 251 2
241 252 4
241 253 7
242 254 7
242 255 3
243 256 8
243 257 7
243 258 9
243 259 9
243 260 7
244 261 1
245 262 5
246 263 4
247 264 2
248 265 6
248 266 6
249 267 5
250 268 9
250 269 8
251 270 1
252 271 7
253 272 9
254 273 8
255 274 1
256 275 8
257 276 1
258 276 2
259 277 9
260 278 7
261 279 2
262 279 7
263 280 8
264 281 3
265 282 6
266 283 8
267 284 2
268 285 1
269 286 6
270 287 5
271 287 9
272 288 8
273 288 6
274 289 2
275 290 2
276 290 9
277 291 3
278 292 6
279 293 9
280 294 2
281 295 2
282 296 2
283 297 3
284 298 8
285 299 8
286 300 3
287 301 7
288 302 9
289 303 3
290 303 7
291 304 4
292 305 7
293 306 2
294 307 2
295 308 1
296 309 8
297 310 3
298 311 2
299 312 8
300 313 9
301 314 4
302 315 9
303 316 2
304 317 2
305 318 1
306 319 4
307 320 3
308 321 1
309 322 5
310 323 4
311 324 9
311 325 2
312 326 7
313 327 8
314 328 9
314 329 5
315 330 8
316 331 7
317 332 7
318 333 8
319 334 8
320 335 1
321 336 3
322 337 9
323 338 7
324 339 9
324 340 1
324 341 5
325 342 1
325 343 3
326 344 4
327 345 4
327 346 7
328 347 2
329 348 2
330 348 4
331 349 8
332 349 6
333 350 7
334 351 6
335 352 3
336 352 6
337 353 5
338 353 2
339 354 6
340 355 7
341 355 5
342 356 4
343 356 1
344 357 5
345 357 3
346 358 2
347 359 2
348 360 3
349 361 9
350 362 1
351 363 9
352 364 9
353 365 7
354 366 2
354 367 6
355 368 2
356 369 7
357 370 5
358 371 9
359 372 7
360 373 1
361 374 6
362 375 2
363 376 3
364 377 8
365 378 8
365 379 1
366 380 2
367 381 9
368 382 9
369 383 4
370 384 5
371 385 1
372 386 5
373 387 4
374 388 2
375 389 5
375 390 4
376 391 3
377 392 7
378 393 7
379 394 2
380 395 6
381 396 9
382 397 7
383 398 5
384 399 5
385 400 8
385 401 3
386 402 8
387 403 1
388 404 7
389 405 4
390 405 2
391 406 4
392 406 4
393 406 4
394 407 9
395 408 3
396 409 7
397 410 9
398 411 6
399 411 3
400 412 3
401 412 7
402 413 2
403 414 4
404 415 2
405 416 3
406 417 8
406 418 7
407 419 2
408 420 8
409 421 8
409 422 1
410 423 1
411 424 8
412 425 6
413 426 9
414 427 8
414 428 2
414 429 8
415 430 8
416 431 5
417 432 3
418 433 7
419 434 8
420 435 4
421 436 8
422 437 2
422 438 4
423 439 1
424 440 9
424 441 4
425 442 9
426 443 5
427 444 2
428 445 4
429 446 6
429 447 6
430 448 6
431 449 6
432 450 6
432 451 1
433 452 5
434 453 1
435 454 6
436 455 2
437 456 2
438 457 6
439 458 9
440 459 6
441 460 8
442 461 1
443 462 9
444 463 2
445 464 8
446 465 4
447 465 3
448 466 2
449 467 8
450 468 4
451 469 7
452 470 6
453 471 9
454 472 7
455 472 6
456 473 2
457 474 3
458 475 3
459 476 6
460 477 1
461 478 7
462 479 1
462 480 5
463 481 5
464 482 2
465 483 3
466 484 9
467 485 6
468 486 5
469 487 7
470 488 5
471 489 9
472 490 3
473 491 7
474 492 7
475 493 8
476 494 5
477 495 6
478 496 7
479 497 1
480 498 1
481 499 2
482 500 2
483 501 2
484 502 5
485 503 1
486 504 7
487 505 5
488 506 8
488 507 8
489 508 7
490 509 2
491 510 2
492 511 4
493 512 4
494 513 3
495 514 1
496 515 5
497 516 1
498 517 9
499 518 4
500 519 4
501 519 1
502 519 4
503 520 6
504 520 6
505 521 9
506 521 7
507 522 9
508 523 7
509 523 4
510 524 4
511 524 6
512 524 8
513 525 5
514 526 9
515 527 4
516 528 6
517 529 3
518 530 6
519 531 6
520 532 2
521 533 6
522 534 1
523 535 7
524 536 5
525 537 4
526 538 9
527 539 7
528 540 1
529 541 2
529 542 8
529 543 1
530 544 3
530 545 8
531 546 8
531 547 8
532 548 9
533 549 2
534 550 6
535 551 3
535 552 1
535 553 5
536 554 5
537 555 7
538 556 5
538 557 3
539 558 5
540 559 6
541 560 8
542 561 8
543 562 6
544 563 3
545 564 4
546 565 9
547 566 4
548 567 8
549 568 3
550 569 9
551 570 8
552 571 5
553 571 1
554 572 2
555 573 1
556 574 4
557 575 8
558 576 7
559 577 3
560 578 5
561 578 3
562 579 6
563 579 1
564 580 7
565 581 1
566 582 1
567 583 4
568 584 1
569 584 6
570 584 5
571 585 2
572 586 3
573 587 6
574 588 6
575 589 4
576 590 9
577 591 4
577 592 1
577 593 8
578 594 4
579 595 3
579 596 4
580 597 1
581 598 8
582 599 8
582 600 4
583 601 6
584 602 8
585 603 3
586 604 4
587 605 5
588 606 4
589 607 2
589 608 4
590 609 1
591 610 5
592 610 4
593 611 5
594 612 7
595 612 4
596 612 4
597 613 4
598 614 9
599 615 5
600 615 4
601 616 6
602 617 7
603 617 7
604 618 4
605 618 1
606 619 6
607 620 3
608 620 3
609 620 3
610 621 5
611 622 4
612 623 9
613 624 1
614 625 9
614 626 9
615 627 1
616 628 3
617 629 4
617 630 4
618 631 5
618 632 9
619 633 5
619 634 7
619 635 1
620 636 8
620 637 4
621 638 8
622 639 4
623 640 9
624 641 9
625 642 1
626 643 8
627 644 5
628 645 3
629 646 2
629 647 3
630 648 4
631 649 3
632 650 6
633 651 1
634 652 7
635 653 9
636 654 2
637 655 6
638 656 8
639 656 6
640 656 8
641 657 6
642 658 3
643 658 5
644 659 6
645 660 1
646 661 8
647 661 8
648 662 6
649 663 5
650 664 4
651 665 4
652 666 4
653 666 3
654 667 3
655 668 9
656 669 8
657 670 4
658 671 4
659 672 9
660 673 1
661 674 3
662 675 2
663 676 6
664 677 8
665 678 8
666 679 7
667 680 4
668 681 9
669 682 8
670 683 1
671 684 8
672 685 6
673 686 6
673 687 6
673 688 4
674 689 7
675 690 1
675 691 4
675 692 6
676 693 1
677 694 2
678 695 3
678 696 7
679 697 4
680 698 2
681 699 6
682 700 5
683 700 6
684 700 3
685 700 7
686 700 9
687 700 3
688 700 3
689 700 4
690 700 6
691 700 6
692 700 2
693 700 3
694 700 6
695 700 2
696 700 1
697 700 1
698 700 6
699 700 2
