1 2 1
1 3 2
1 4 2
2 5 1
2 6 3
2 7 3
2 8 2
2 9 1
3 10 4
3 11 3
3 12 3
3 13 5
3 14 5
4 15 4
4 16 3
4 17 5
4 18 1
5 19 1
6 20 4
7 21 3
8 22 5
9 23 5
10 24 4
10 25 3
11 26 1
12 27 5
12 28 3
13 29 4
14 30 1
14 31 4
14 32 5
15 33 1
16 34 4
16 35 2
17 36 3
17 37 2
18 38 5
18 39 5
19 40 4
20 41 4
21 42 3
22 43 3
23 44 4
24 45 5
25 46 1
26 47 1
26 48 2
26 49 2
27 50 1
28 51 4
29 52 3
30 53 1
31 54 3
31 55 4
32 56 4
33 57 3
34 58 4
35 59 1
36 60 3
37 61 2
38 62 4
39 63 3
40 64 2
41 65 4
42 66 1
43 67 2
44 67 3
45 68 1
46 69 2
47 70 4
48 70 2
49 71 1
50 72 3
51 73 2
52 73 1
53 74 3
54 74 3
55 75 1
56 75 2
57 76 1
58 77 5
59 78 2
60 79 4
61 80 2
62 81 5
63 81 1
64 82 2
65 83 3
66 84 1
67 85 1
68 86 4
69 87 2
70 88 2
71 89 2
72 90 1
73 90 5
74 91 5
75 92 1
76 92 1
77 93 2
78 94 1
79 95 5
80 96 3
81 96 2
82 97 4
83 98 3
83 99 1
83 100 4
84 101 3
85 102 3
86 103 5
87 104 5
88 105 4
89 106 1
90 107 5
91 108 2
92 109 5
92 110 4
92 111 2
93 112 4
93 113 1
94 114 5
94 115 4
95 116 2
95 117 4
95 118 4
96 119 3
97 120 4
98 121 1
99 122 1
100 122 5
101 123 3
102 124 3
103 124 2
104 125 4
105 126 2
106 127 3
107 128 4
108 129 4
109 130 2
110 131 3
111 132 2
112 133 1
113 134 5
114 135 1
115 136 2
116 137 2
117 138 3
118 139 4
119 140 1
120 141 5
121 142 2
122 142 2
123 143 5
124 144 5
125 145 1
126 146 1
127 147 2
128 147 5
129 148 2
130 149 5
131 150 4
132 151 5
133 152 2
134 153 3
135 154 4
136 155 1
137 156 4
138 157 2
139 158 5
140 159 2
141 160 4
142 161 4
143 162 1
144 163 3
145 164 4
146 165 4
147 165 2
148 166 5
149 167 3
150 168 2
151 169 5
152 170 5
153 170 3
154 171 1
155 171 4
156 172 3
157 173 2
158 174 3
159 175 3
160 176 5
161 177 3
162 178 5
162 179 2
162 180 2
163 181 4
164 182 5
165 183 5
165 184 3
166 185 3
166 186 5
166 187 2
167 188 5
168 189 4
168 190 2
169 191 1
170 192 1
171 193 1
171 194 5
172 195 2
173 196 4
174 197 4
174 198 3
174 199 3
175 200 2
176 201 2
177 202 2
178 203 2
179 204 1
180 204 5
181 205 2
182 206 1
183 207 4
184 208 4
185 208 3
186 209 4
187 210 5
188 211 3
189 212 5
190 213 4
191 214 2
192 215 3
193 216 4
194 217 4
195 218 3
196 219 4
197 220 3
198 221 2
199 221 4
200 222 5
201 223 2
202 224 3
203 225 1
204 226 2
205 227 3
206 228 4
207 228 1
208 229 5
209 230 5
210 231 2
211 232 5
212 233 4
213 234 4
214 235 2
215 236 4
216 237 5
217 238 5
218 239 2
219 240 4
220 241 4
221 242 3
222 243 1
223 244 1
224 245 2
225 246 5
226 247 4
227 248 3
228 249 2
229 250 1
229 251 1
230 252 2
230 253 2
231 254 3
231 255 4
232 256 5
233 257 2
234 258 2
235 259 4
236 260 5
237 261 5
237 262 2
238 263 5
239 264 2
239 265 3
239 266 3
239 267 1
240 268 4
240 269 5
241 270 5
242 271 3
243 272 1
244 273 3
245 274 1
246 274 1
247 275 2
248 275 5
249 276 4
250 276 5
251 277 4
252 277 4
253 278 2
254 278 5
255 279 2
256 280 4
257 281 3
258 281 5
259 282 1
260 282 2
261 283 4
262 283 1
263 284 3
264 285 5
265 286 3
266 287 4
267 287 4
268 287 1
269 288 3
270 288 5
271 289 5
272 289 4
273 290 1
274 291 5
275 292 3
276 293 1
277 294 3
278 295 2
279 296 2
280 297 4
281 297 5
282 297 3
283 298 3
284 299 1
285 299 5
286 300 2
287 301 3
288 302 2
289 303 5
290 304 5
290 305 5
291 306 3
291 307 1
292 308 1
293 309 3
294 310 5
295 311 5
296 312 1
296 313 5
297 314 5
298 315 3
299 316 2
299 317 4
300 318 5
300 319 2
301 320 1
302 321 2
303 322 3
303 323 4
304 324 2
305 325 5
306 326 3
307 327 2
308 328 1
309 329 1
310 330 4
311 331 2
312 332 5
313 333 2
314 334 1
315 335 4
316 336 1
317 337 4
318 338 5
319 339 2
320 340 5
321 341 3
322 342 3
323 343 1
324 344 4
325 345 4
326 346 4
327 347 4
328 348 4
329 348 4
330 349 2
331 350 1
332 351 3
333 352 5
334 353 2
335 354 3
336 355 2
337 356 1
338 357 1
339 358 4
340 359 2
341 360 2
342 361 5
343 361 5
344 362 3
345 363 4
346 364 5
347 364 4
348 365 3
349 366 3
350 367 3
351 368 1
352 369 2
353 369 1
354 370 3
355 371 5
356 371 3
357 372 5
358 373 1
359 374 1
360 375 4
361 376 2
362 377 4
363 378 1
364 379 4
364 380 3
365 381 5
365 382 2
365 383 3
366 384 5
367 385 3
368 386 2
368 387 5
369 388 3
370 389 4
371 390 3
371 391 1
371 392 4
372 393 4
373 394 3
374 395 1
375 396 2
375 397 3
375 398 2
376 399 3
377 400 3
378 401 3
379 402 3
380 403 5
381 404 1
382 405 1
383 406 3
384 407 5
385 408 5
386 408 5
387 409 2
388 410 3
389 411 1
390 412 3
391 413 3
392 414 2
393 414 1
394 415 4
395 415 3
396 416 3
397 417 2
398 418 5
399 419 1
400 420 5
401 421 3
402 422 2
403 423 3
404 424 3
405 425 1
406 426 2
407 427 5
408 428 1
409 429 1
410 430 4
411 431 2
411 432 1
412 433 1
413 434 4
414 435 4
415 436 3
416 437 4
417 438 2
418 439 1
419 440 5
420 441 1
421 442 5
422 443 4
423 443 1
424 444 5
425 445 4
426 446 2
427 447 4
428 448 3
429 449 2
430 450 2
431 451 4
432 452 5
433 452 3
434 453 3
435 453 3
436 454 2
437 455 4
438 456 2
439 457 3
440 458 2
441 459 5
442 460 3
443 461 2
444 462 1
445 463 3
446 464 4
446 465 2
447 466 2
448 467 3
449 468 1
450 469 1
450 470 2
451 471 4
451 472 4
452 473 2
453 474 5
454 475 2
454 476 1
455 477 3
456 478 4
457 479 4
458 480 5
458 481 3
459 482 1
460 483 1
461 484 3
462 485 5
463 486 1
464 487 3
465 487 2
466 488 5
467 489 4
468 489 1
469 490 4
470 490 1
471 491 1
472 492 4
473 493 1
474 493 4
475 494 2
476 495 4
477 495 4
478 496 5
479 497 2
480 498 2
481 499 2
482 500 4
483 500 2
484 500 4
485 500 4
486 500 2
487 500 2
488 500 5
489 500 2
490 500 2
491 500 1
492 500 3
493 500 3
494 500 4
495 500 5
496 500 1
497 500 2
498 500 1
499 500 4
