1 2 2
1 3 1
1 4 1
2 5 2
2 6 3
2 7 1
2 8 3
2 9 1
3 10 2
3 11 3
3 12 5
3 13 5
3 14 3
4 15 3
4 16 2
4 17 4
4 18 1
4 19 2
5 20 1
6 21 3
7 22 3
8 23 5
9 24 3
10 25 1
11 26 3
12 27 3
13 28 2
14 28 2
15 29 5
16 29 2
17 30 2
18 31 3
19 32 2
20 33 2
21 34 5
22 35 2
23 36 1
24 37 5
24 38 5
25 39 1
26 40 3
27 41 4
28 42 4
29 43 1
30 44 4
30 45 1
31 46 5
32 47 1
33 48 3
34 49 4
35 50 3
36 51 4
37 52 5
38 53 1
39 54 1
40 54 3
41 55 2
42 56 5
43 57 2
44 57 2
45 58 1
46 59 1
47 60 3
48 61 2
49 62 4
49 63 1
50 64 3
50 65 1
51 66 2
51 67 5
52 68 4
53 69 2
54 70 4
55 71 1
56 72 5
57 73 1
57 74 2
58 75 2
58 76 2
59 77 2
59 78 1
60 79 4
60 80 2
61 81 2
62 82 5
63 83 4
64 84 4
65 85 5
66 85 2
67 86 5
68 87 1
69 88 4
70 89 4
71 90 2
72 91 2
73 91 5
74 92 3
75 93 5
76 93 2
77 94 2
78 95 1
79 95 5
80 95 2
81 96 5
82 97 1
82 98 2
83 99 4
84 100 2
85 101 1
86 102 3
87 103 4
88 104 4
89 105 4
90 106 4
91 107 1
91 108 5
92 109 2
93 110 3
93 111 1
94 112 1
95 113 2
96 114 3
97 115 1
98 116 2
99 117 1
100 118 4
101 119 3
102 120 5
103 121 1
104 122 5
105 123 2
106 124 5
107 125 4
108 126 4
109 127 2
110 128 3
111 129 2
112 130 1
113 131 4
114 132 1
115 133 1
116 134 2
117 135 3
118 136 1
119 137 3
120 138 3
120 139 3
121 140 1
121 141 3
122 142 3
123 143 1
124 144 3
125 145 1
126 146 5
127 147 3
128 148 2
129 149 2
130 150 4
131 151 1
131 152 3
132 153 1
133 154 2
134 154 2
135 155 4
136 155 5
137 156 1
138 156 1
139 157 5
140 158 3
141 159 4
142 159 5
143 160 2
144 161 1
145 161 1
146 161 1
147 162 1
148 163 4
149 163 3
150 163 2
151 164 1
152 165 1
153 166 5
153 167 4
154 168 4
155 169 3
155 170 5
156 171 3
157 172 4
157 173 2
157 174 3
157 175 3
158 176 5
159 177 4
159 178 2
160 179 2
161 180 4
161 181 1
162 182 4
163 183 3
163 184 4
164 185 1
164 186 2
165 187 3
165 188 5
166 189 5
167 189 3
168 189 5
169 190 2
170 190 2
171 191 5
172 191 3
173 192 4
174 192 3
175 193 5
176 194 1
177 195 4
178 195 2
179 196 4
180 196 5
181 197 3
182 197 4
183 198 4
184 198 5
185 198 2
186 199 4
187 199 5
188 200 1
189 201 1
190 202 5
191 203 1
191 204 1
192 205 4
192 206 1
193 207 3
194 208 1
194 209 3
195 210 4
195 211 5
196 212 2
197 213 1
197 214 4
198 215 5
198 216 2
199 217 5
199 218 3
200 219 3
201 220 3
202 220 1
203 220 5
204 220 2
205 220 2
206 221 3
207 222 4
208 223 3
209 223 1
210 223 5
211 224 1
212 224 4
213 225 3
214 225 5
215 225 2
216 225 1
217 225 4
218 226 1
219 227 2
220 228 2
220 229 1
221 230 4
221 231 3
222 232 3
222 233 2
222 234 3
223 235 2
224 236 1
224 237 5
224 238 3
224 239 2
225 240 1
225 241 1
225 242 2
226 243 1
226 244 2
226 245 2
227 246 5
227 247 2
227 248 4
227 249 5
227 250 1
228 251 3
229 251 4
230 252 1
231 253 3
232 254 3
233 255 5
234 256 3
235 257 3
236 258 3
237 259 4
238 260 2
239 261 2
240 261 4
241 262 3
242 262 4
243 262 2
244 263 5
245 264 3
246 265 3
247 265 4
248 266 2
249 267 2
250 268 4
251 269 4
252 270 2
253 271 1
254 272 1
255 273 1
256 274 1
257 275 1
258 276 4
259 277 3
260 278 5
260 279 2
261 280 5
262 281 1
262 282 2
263 283 3
264 284 1
265 285 1
266 286 3
267 287 5
268 288 3
269 289 4
270 290 1
271 290 4
272 290 3
273 291 2
274 292 5
275 293 5
276 294 4
277 295 3
278 296 2
279 296 2
280 297 4
281 298 4
282 299 2
283 300 1
284 300 5
285 301 5
286 302 1
287 303 1
288 304 3
289 305 4
290 306 5
291 307 3
292 308 5
293 309 3
294 310 2
295 311 2
296 312 1
297 313 3
298 314 1
299 315 5
299 316 5
299 317 3
300 318 4
301 319 1
302 320 4
303 321 5
304 322 2
305 323 4
306 324 2
307 324 4
308 325 3
309 326 5
310 327 1
311 328 2
312 329 3
313 329 3
314 330 3
315 331 3
316 331 1
317 332 2
318 333 3
319 334 1
320 335 2
321 336 2
322 336 1
323 337 4
324 338 2
325 339 1
326 340 3
327 341 5
328 342 2
329 343 4
330 344 2
331 345 2
332 346 5
333 347 2
334 348 4
335 349 2
336 350 4
337 351 4
337 352 1
338 353 5
339 354 5
339 355 1
340 356 4
341 357 2
341 358 2
342 359 4
343 360 4
344 361 2
345 362 5
346 363 5
347 364 1
348 365 2
349 366 4
350 367 2
350 368 1
351 369 5
351 370 4
351 371 1
352 372 4
353 373 3
354 374 5
355 375 1
356 376 2
357 377 3
358 378 1
358 379 4
359 380 1
360 381 4
361 382 5
362 383 1
362 384 5
363 385 2
363 386 1
364 387 4
364 388 4
365 389 2
366 390 5
367 391 4
368 392 1
369 393 2
370 393 2
371 394 5
372 394 5
373 395 1
374 396 4
375 396 3
376 397 2
377 397 2
378 398 3
379 398 5
380 399 3
381 400 1
382 400 1
383 401 2
384 401 5
385 402 4
386 403 3
387 403 2
388 404 3
389 405 1
390 406 2
391 406 4
392 406 3
393 407 5
393 408 1
393 409 5
394 410 3
394 411 5
394 412 4
395 413 1
395 414 2
395 415 5
395 416 4
395 417 2
396 418 3
396 419 1
396 420 2
397 421 5
397 422 2
397 423 3
398 424 1
398 425 5
398 426 1
398 427 2
399 428 4
399 429 3
399 430 3
400 431 1
400 432 1
400 433 4
400 434 1
401 435 4
401 436 4
402 437 4
403 438 3
403 439 4
403 440 5
403 441 1
404 442 5
404 443 2
404 444 2
405 445 3
405 446 2
405 447 3
406 448 4
406 449 2
406 450 4
406 451 4
407 452 4
408 452 3
409 453 3
410 453 1
411 453 5
412 453 1
413 453 4
414 453 1
415 454 2
416 454 5
417 454 4
418 455 4
419 455 1
420 456 5
421 456 4
422 456 3
423 457 4
424 457 2
425 458 1
426 459 3
427 459 1
428 459 2
429 459 5
430 459 3
431 460 1
432 461 1
433 461 4
434 461 5
435 461 5
436 462 3
437 462 5
438 462 1
439 462 3
440 463 4
441 464 1
442 465 1
443 465 2
444 466 3
445 466 3
446 466 2
447 467 3
448 467 1
449 468 3
450 469 1
451 470 4
452 471 5
453 472 3
454 473 2
455 474 4
456 475 3
457 476 4
458 477 1
459 478 3
460 479 5
461 480 3
462 481 3
463 482 3
464 483 3
465 484 3
466 485 5
467 486 2
468 487 5
469 488 5
470 489 4
471 490 2
472 491 3
473 491 2
474 491 5
475 492 5
476 493 3
477 494 5
478 494 5
479 495 3
480 496 4
481 497 5
482 498 1
483 499 1
484 500 5
485 501 1
486 502 3
487 502 2
488 503 1
489 504 4
490 505 5
491 506 1
492 507 1
492 508 2
493 509 2
494 510 3
495 511 3
496 512 4
497 513 3
498 514 2
499 515 2
500 516 4
501 517 5
501 518 3
502 519 2
503 520 3
504 521 2
505 522 3
506 523 2
507 523 2
508 523 2
509 524 3
510 524 1
511 525 1
512 526 5
513 527 2
514 527 5
515 527 1
516 528 2
517 528 4
518 529 3
519 530 1
520 530 2
521 531 3
522 532 5
522 533 1
523 534 5
523 535 1
523 536 1
523 537 5
523 538 2
524 539 1
524 540 3
525 541 1
525 542 3
526 543 5
526 544 3
527 545 5
527 546 2
528 547 1
529 548 3
529 549 5
529 550 2
530 551 1
530 552 2
530 553 5
531 554 1
531 555 2
532 556 2
533 557 2
534 558 4
535 559 4
536 560 4
537 561 3
538 561 3
539 562 5
540 563 2
541 564 2
542 565 2
543 566 5
544 567 1
545 568 4
546 569 2
547 570 2
548 571 5
549 572 5
550 573 3
551 574 3
552 574 3
553 575 4
554 575 2
555 576 4
556 577 3
557 578 4
558 579 4
559 580 1
560 581 5
561 582 2
562 583 1
563 584 3
564 585 5
565 586 5
566 587 4
567 587 4
568 588 5
569 588 2
570 589 1
571 590 2
572 591 1
573 592 2
574 592 1
575 593 5
576 593 2
577 594 5
578 595 3
579 596 3
580 597 5
581 598 2
582 599 4
583 600 5
584 601 3
585 601 4
586 602 1
587 603 5
588 604 3
589 605 2
590 606 2
591 607 4
592 608 5
593 609 3
594 610 2
595 611 4
596 612 1
597 613 1
598 614 1
599 615 3
600 616 2
600 617 2
601 618 5
601 619 5
602 620 4
603 621 4
603 622 2
604 623 5
605 624 2
605 625 2
606 626 5
607 627 1
608 628 5
608 629 5
608 630 3
609 631 2
610 632 5
611 632 5
612 633 3
613 634 3
614 634 3
615 635 5
616 636 5
617 637 3
618 637 3
619 638 3
620 639 5
621 640 3
622 641 1
623 642 3
624 643 1
625 644 4
626 645 5
627 646 4
628 647 1
629 648 1
630 649 4
631 650 4
632 651 1
633 651 5
634 652 4
635 652 2
636 653 3
637 654 1
638 654 1
639 655 3
640 656 5
641 656 2
642 657 5
643 657 2
644 658 1
645 659 2
646 660 2
647 661 5
648 662 2
649 662 4
650 663 4
651 664 5
652 664 2
653 665 5
654 666 3
655 667 3
656 668 2
657 669 2
658 670 4
659 671 1
660 672 3
661 673 1
662 674 3
663 675 2
664 676 3
664 677 1
665 678 5
666 679 1
666 680 3
667 681 5
667 682 5
668 683 1
669 684 5
670 685 4
671 686 5
672 687 3
673 688 4
674 689 1
675 690 4
675 691 5
676 692 1
677 693 4
678 694 1
679 695 2
680 696 2
681 697 3
682 698 3
683 699 2
684 700 5
684 701 5
685 702 2
686 703 4
687 704 1
688 705 2
688 706 5
689 707 1
690 708 5
691 709 5
691 710 1
692 711 1
693 712 5
694 713 1
695 714 1
695 715 4
696 716 1
697 717 3
698 718 3
699 719 3
700 720 2
701 721 1
702 722 3
703 723 1
704 724 4
705 725 5
706 726 2
707 727 3
708 728 2
709 729 4
710 730 3
710 731 5
711 732 3
712 733 5
713 734 2
714 735 3
715 736 2
716 737 3
717 738 4
718 739 5
719 740 4
720 741 1
721 742 5
722 743 5
723 744 3
724 745 4
725 746 2
726 747 2
727 748 4
728 749 4
729 750 2
730 751 2
731 752 4
732 753 2
733 754 2
734 755 4
735 756 1
736 757 1
737 758 1
738 759 1
739 760 4
740 761 1
741 762 1
742 763 2
743 764 1
744 765 2
745 766 1
745 767 1
746 768 1
747 769 5
748 770 2
749 771 2
750 772 3
751 773 4
752 774 1
753 775 4
754 775 2
755 776 3
756 777 2
757 777 5
758 778 3
759 778 2
760 779 1
761 780 2
762 780 4
763 781 2
764 781 1
765 782 2
766 782 5
767 783 3
768 784 4
769 785 5
770 786 1
771 787 5
772 788 5
773 788 2
774 788 5
775 789 5
776 790 5
777 791 3
778 792 2
779 793 3
780 794 4
781 795 2
782 796 5
782 797 2
783 798 3
784 799 1
785 800 2
785 801 5
786 802 1
787 803 4
787 804 5
788 805 4
788 806 4
789 807 2
790 808 2
791 809 2
792 810 5
793 810 2
794 811 3
795 811 1
796 811 1
797 811 1
798 812 1
799 812 1
800 813 2
801 814 2
802 814 5
803 815 3
804 816 5
805 817 5
806 817 1
807 818 1
807 819 1
807 820 5
808 821 5
809 822 4
809 823 2
809 824 2
810 825 2
811 826 2
812 827 3
813 828 2
814 829 4
815 830 3
816 831 3
816 832 4
817 833 4
817 834 1
818 835 2
818 836 4
819 837 5
820 838 2
821 839 3
822 840 1
823 841 5
824 842 3
825 843 3
826 844 4
827 845 5
828 846 1
829 847 5
830 848 3
830 849 4
831 850 4
832 851 2
833 852 2
834 853 3
835 854 4
836 855 2
837 856 4
838 857 1
839 858 4
840 859 4
841 860 5
842 861 3
842 862 4
843 863 1
844 864 3
845 865 4
846 866 5
847 867 5
848 868 4
849 869 3
850 870 3
851 871 1
852 872 1
853 873 4
854 874 3
855 875 3
855 876 2
856 877 1
857 878 5
858 879 2
858 880 2
859 881 1
859 882 4
860 883 5
861 884 3
861 885 1
862 886 5
862 887 4
863 888 1
863 889 2
864 890 5
865 891 2
866 892 5
867 893 5
868 894 2
869 895 3
870 896 1
871 897 4
872 898 3
873 899 1
874 900 4
875 900 1
876 900 3
877 900 3
878 900 5
879 900 4
880 900 4
881 900 1
882 900 3
883 900 4
884 900 3
885 900 3
886 900 4
887 900 1
888 900 4
889 900 4
890 900 4
891 900 1
892 900 2
893 900 2
894 900 2
895 900 4
896 900 5
897 900 3
898 900 3
899 900 1
