1 2 6
1 3 25
1 4 68
1 5 32
2 6 22
2 7 74
2 8 29
3 9 49
3 10 61
4 11 3
4 12 6
4 13 18
4 14 9
4 15 27
5 16 8
6 17 23
7 18 3
8 19 60
9 20 56
9 21 43
10 22 58
11 23 36
12 24 33
13 25 65
14 26 65
15 27 34
16 28 67
17 29 6
18 30 7
19 31 49
20 32 46
21 33 68
22 34 21
23 35 26
24 36 27
25 37 32
26 38 39
27 39 66
28 40 69
29 41 26
30 42 69
31 43 58
32 44 23
33 45 44
33 46 61
34 47 41
34 48 32
35 49 37
36 50 12
37 51 1
38 52 75
38 53 35
39 54 33
40 55 29
40 56 40
41 57 67
42 58 34
43 59 72
44 60 27
45 61 45
46 62 67
47 63 28
48 64 39
49 65 4
50 66 55
50 67 43
51 68 73
52 69 57
53 70 28
54 71 36
54 72 76
55 73 19
56 74 6
57 75 38
58 76 10
59 76 31
60 76 48
61 76 59
62 77 60
63 78 35
64 79 33
65 79 64
66 79 46
67 80 9
68 81 78
69 82 47
70 83 55
71 83 55
72 84 23
73 85 28
74 86 68
75 87 59
76 88 68
77 89 10
78 90 54
79 90 42
80 91 62
81 91 10
82 92 16
83 93 7
84 94 44
85 95 2
86 96 34
87 97 72
87 98 13
88 99 61
89 100 13
89 101 60
90 102 39
91 103 32
92 104 64
93 105 37
94 106 78
95 107 46
95 108 62
96 109 7
97 110 27
97 111 18
98 112 21
99 113 68
100 114 56
100 115 39
100 116 34
101 117 65
102 118 31
103 119 15
103 120 26
104 121 53
105 122 39
106 123 64
107 124 73
107 125 38
108 126 35
109 127 27
109 128 6
110 129 12
111 129 47
112 129 41
113 129 76
114 130 57
115 131 52
116 132 2
117 133 45
118 134 48
119 135 11
120 136 19
121 137 69
122 138 6
123 139 4
124 140 59
125 141 17
126 142 72
127 143 49
128 144 68
129 145 34
130 145 46
131 146 63
132 146 41
133 147 41
134 147 71
135 147 76
136 148 53
137 149 24
138 150 72
139 151 28
140 152 76
141 152 54
142 153 15
143 154 4
144 155 44
145 156 20
146 157 74
146 158 32
147 159 38
148 160 6
149 161 12
149 162 66
150 163 48
151 164 6
152 165 39
153 166 58
154 167 33
155 168 73
156 169 72
157 170 7
157 171 3
158 172 57
159 173 67
160 174 4
161 175 18
162 176 74
162 177 58
163 178 28
163 179 66
164 180 74
164 181 29
165 182 37
166 183 17
167 184 59
168 185 33
169 186 14
170 186 65
171 187 17
172 188 79
173 188 35
174 189 42
175 190 51
176 191 46
177 192 29
178 192 47
179 193 58
180 193 77
181 193 76
182 194 10
183 194 6
184 195 59
185 196 12
186 197 16
187 198 34
188 199 23
189 200 56
190 201 78
191 202 57
192 203 11
193 204 10
194 205 72
195 206 16
196 207 43
197 208 5
198 209 3
198 210 35
199 211 47
200 212 4
201 213 71
201 214 63
201 215 13
202 216 61
203 217 40
203 218 8
204 219 40
205 220 31
206 221 74
207 222 3
208 223 8
209 224 45
210 225 62
211 226 45
211 227 17
212 228 60
213 229 32
214 230 55
215 231 75
216 232 28
217 233 7
218 234 70
218 235 48
219 236 23
220 237 19
221 238 28
222 239 45
223 240 5
224 241 3
225 242 49
226 243 5
227 244 61
228 245 54
229 246 37
230 246 71
231 247 33
232 248 54
233 248 42
234 249 58
235 250 23
236 251 57
237 251 3
238 252 65
239 253 55
240 254 6
241 255 17
242 256 44
243 257 20
244 258 10
245 259 26
246 260 1
247 261 42
248 262 5
249 263 1
250 264 35
251 265 58
252 266 66
253 266 40
254 267 63
255 268 20
256 269 61
257 270 25
258 271 74
259 272 44
260 273 3
261 274 11
262 274 22
263 275 27
264 276 45
265 276 40
266 277 20
267 278 69
267 279 11
268 280 9
268 281 69
269 282 30
270 283 36
271 284 59
272 285 42
272 286 30
273 287 4
274 288 76
275 289 74
276 290 21
276 291 47
277 292 48
277 293 47
277 294 37
277 295 13
277 296 1
278 297 23
279 297 21
280 297 31
281 298 55
282 299 18
283 299 77
284 299 36
285 299 19
286 300 71
287 301 76
288 302 8
289 303 66
290 304 76
291 305 37
292 305 58
293 305 79
294 306 23
295 306 14
296 306 37
297 307 23
298 308 4
299 309 1
300 310 73
301 311 20
302 312 24
303 313 31
304 314 8
305 315 20
305 316 69
306 317 15
307 318 63
308 319 77
309 320 11
310 321 8
311 321 67
312 322 74
313 323 20
314 324 78
315 325 42
316 325 21
317 326 9
318 327 76
319 328 27
319 329 79
320 330 16
320 331 19
321 332 6
322 333 11
322 334 20
323 335 30
324 336 36
325 337 68
326 338 66
326 339 20
327 340 48
328 341 35
328 342 17
329 343 20
330 344 36
330 345 41
330 346 34
331 347 40
332 348 17
332 349 57
333 350 60
334 351 23
334 352 58
335 353 43
336 354 34
337 355 29
338 356 55
339 357 33
339 358 28
340 359 12
341 360 46
342 361 5
343 362 78
344 363 48
345 363 32
346 363 4
347 364 25
348 364 68
349 365 2
350 366 73
351 366 8
352 367 67
353 368 16
354 368 22
355 368 37
356 369 70
357 369 16
358 370 41
359 371 16
359 372 50
359 373 76
360 374 1
361 375 6
361 376 49
362 377 31
363 378 47
363 379 12
364 380 22
365 381 10
366 382 48
366 383 12
367 384 15
368 385 37
369 386 6
370 387 39
370 388 5
371 389 64
372 390 48
373 390 14
374 391 7
375 392 1
376 392 2
377 393 38
378 394 50
379 395 24
380 396 56
381 397 8
382 398 61
383 398 49
384 399 9
385 400 34
386 400 72
387 400 46
388 401 33
389 402 78
390 403 65
391 403 33
392 404 28
393 405 21
394 406 73
395 406 15
396 407 54
397 408 32
398 408 28
399 409 24
400 410 68
401 411 28
402 412 39
403 413 27
404 414 64
405 415 36
406 416 11
406 417 12
407 418 8
408 419 42
409 420 13
410 421 15
411 422 44
412 423 32
412 424 30
413 425 76
413 426 50
414 427 54
415 428 3
415 429 42
416 430 32
417 431 11
418 432 5
418 433 33
419 434 4
420 435 30
421 436 79
421 437 64
422 438 45
422 439 49
423 440 16
424 441 65
425 442 46
426 443 22
427 444 52
428 445 68
429 446 26
430 447 41
431 448 22
432 449 55
433 450 20
434 451 5
435 452 72
436 453 5
437 454 6
438 455 34
439 456 25
440 457 7
441 458 30
442 459 39
443 459 76
444 460 3
445 461 63
446 461 21
447 461 49
448 461 66
449 462 39
450 463 74
451 464 20
452 464 61
453 465 36
454 466 5
455 467 68
456 468 75
457 469 71
457 470 35
458 471 29
458 472 10
459 473 59
460 474 7
460 475 44
461 476 54
461 477 45
462 478 43
463 479 54
464 480 54
465 481 18
466 482 51
467 483 40
468 484 77
469 485 64
470 486 33
471 487 4
472 488 9
473 489 28
474 490 52
475 491 40
476 492 71
477 493 22
478 494 67
479 495 64
480 496 51
481 497 66
482 498 15
482 499 64
483 500 17
484 501 1
485 502 54
486 503 11
487 504 60
488 505 23
488 506 36
489 507 54
490 508 11
491 509 15
492 510 19
493 511 53
494 512 4
495 513 48
496 514 22
497 515 67
498 516 56
499 517 46
500 518 35
501 519 28
502 520 38
503 521 53
504 522 7
505 522 33
506 523 22
507 523 43
508 524 37
509 525 61
510 526 40
511 527 37
512 527 12
513 528 35
514 529 25
515 530 59
516 531 5
517 532 55
518 533 76
519 534 26
520 535 2
521 536 77
522 537 32
523 538 32
524 539 61
525 540 8
526 541 16
527 542 26
528 543 55
529 544 44
530 545 56
530 546 58
531 547 32
531 548 77
532 549 64
533 550 6
534 551 13
535 552 68
536 553 60
537 554 2
538 555 16
539 556 40
540 557 21
541 558 46
542 559 25
543 560 2
543 561 31
544 562 54
545 563 10
546 564 74
547 565 13
548 566 48
549 567 1
550 568 40
551 569 16
552 570 57
553 571 56
554 572 78
555 572 12
556 573 32
557 573 64
558 574 36
559 575 53
560 575 12
561 576 5
562 576 47
563 577 79
564 578 57
565 579 37
566 580 54
567 581 31
568 582 51
569 583 54
570 584 15
571 585 66
572 586 16
573 587 38
574 588 58
575 589 69
576 590 58
577 591 65
578 592 27
578 593 4
579 594 42
580 595 64
581 596 48
581 597 20
582 598 32
583 599 59
584 600 41
585 600 11
586 600 7
587 600 9
588 600 33
589 600 79
590 600 36
591 600 5
592 600 31
593 600 32
594 600 68
595 600 51
596 600 5
597 600 5
598 600 46
599 600 16
