6 5 4 3
5 2 5 2
2 4 6 4
12 21 14 8
2 1 1 2
12 19 10 14
16 19 11 11
20 19 16 20
5 7 6 5
7 3 6 7
3 2 2 2
8 14 9 14
23 11 12 11
5 9 4 6
13 13 8 13
6 5 6 6
2 6 6 5
12 15 9 15
14 12 11 7
1 1 1 2
9 7 12 8
22 22 21 16
1 3 2 3
10 16 10 8
4 3 6 3
17 16 12 9
8 12 10 19
1 2 1 2
7 6 6 6
9 5 11 7
11 9 9 10
3 9 8 7
10 7 6 12
13 14 15 16
4 8 6 6
4 6 3 4
3 2 6 2
7 12 10 9
7 9 7 9
8 5 5 8
10 10 9 12
3 6 8 3
18 11 12 13
19 8 18 14
16 12 14 8
15 11 8 22
16 19 21 15
5 9 5 9
3 6 4 6
10 12 6 13
20 7 9 20
7 19 21 13
10 9 7 7
15 15 9 16
12 15 13 14
3 1 3 3
8 5 8 8
8 9 11 14
7 16 7 8
18 17 19 13
15 10 14 8
3 3 8 5
4 4 4 4
12 9 7 15
2 5 3 5
16 18 19 13
2 2 2 1
9 6 5 7
1 3 1 2
3 3 1 2
9 5 10 11
17 11 17 21
2 5 2 4
7 9 4 5
3 9 7 9
16 13 11 19
10 19 12 20
17 14 12 17
2 4 3 5
5 5 3 2
4 4 4 5
11 13 12 8
3 2 4 3
1 1 2 2
11 5 11 7
2 2 1 2
1 2 2 2
9 6 5 8
15 9 12 10
11 10 10 11
8 24 18 16
14 9 13 15
3 3 4 5
7 19 15 20
4 5 3 5
3 6 6 3
17 16 20 8
6 5 5 6
7 14 13 8
23 13 18 12
2 1 2 2
18 14 9 8
2 2 2 2
8 5 5 8
3 5 2 5
4 10 5 10
8 11 10 15
15 18 18 12
6 13 5 10
11 19 19 16
4 5 7 9
3 6 9 8
5 10 4 9
11 20 11 8
6 4 5 5
8 6 12 8
7 3 5 8
7 9 7 8
14 7 8 10
5 4 5 7
7 8 8 4
12 5 7 7
11 7 10 7
10 12 10 10
13 13 9 8
4 6 5 6
4 8 7 10
3 6 4 4
6 15 8 5
6 4 6 3
2 1 1 1
16 11 18 13
6 7 6 7
10 11 7 4
9 16 18 13
10 13 7 11
8 22 23 13
19 11 20 15
3 3 6 6
4 11 9 6
2 1 1 1
1 1 2 3
2 2 3 2
7 12 17 17
9 13 7 6
6 4 5 4
9 12 10 13
9 12 11 9
9 9 7 6
2 1 2 2
11 18 15 11
5 2 3 2
3 1 3 3
6 4 4 3
5 5 5 15
16 14 8 16
11 15 17 16
15 23 10 17
8 7 5 8
14 14 8 5
1 1 3 3
4 11 10 5
3 3 3 3
11 8 20 20
6 14 13 11
2 5 2 5
5 6 5 8
10 18 22 10
10 10 11 8
6 8 17 11
10 13 7 6
10 18 18 14
12 19 15 8
7 10 4 7
14 11 19 17
19 9 12 11
11 11 7 5
14 17 12 11
12 12 14 7
1 1 1 2
3 3 2 1
3 2 5 5
10 13 5 11
3 5 4 5
10 18 15 20
6 7 8 4
14 6 9 7
4 2 3 5
6 7 3 8
14 20 18 17
8 7 7 8
16 12 10 8
8 11 14 5
12 9 17 14
11 9 17 14
6 13 12 5
6 6 3 9
10 9 4 6
1 3 2 2
12 9 9 14
9 14 5 10
15 10 21 20
4 4 5 2
20 8 16 17
6 8 5 8
4 7 7 6
11 20 13 11
18 21 22 22
8 12 12 5
3 3 1 1
1 2 2 2
10 4 6 4
5 3 4 5
7 6 6 3
1 1 1 2
8 17 9 7
4 5 2 2
1 2 1 1
7 6 10 7
2 2 2 2
10 10 7 10
9 18 16 15
2 2 1 1
2 2 1 2
12 12 13 6
7 6 14 8
17 14 16 19
12 6 12 12
2 2 1 2
1 1 2 2
3 3 2 3
21 9 8 9
12 14 19 7
23 8 8 9
6 5 9 6
10 10 11 8
14 15 23 23
13 14 13 11
12 11 8 18
9 7 11 7
8 11 14 10
8 13 13 12
5 3 7 4
4 5 11 7
17 10 8 17
16 11 15 19
9 6 6 6
17 14 14 8
12 15 13 16
6 9 5 12
9 13 14 10
11 7 9 14
5 14 10 5
8 10 5 5
5 8 10 12
11 15 10 8
20 13 7 8
2 2 2 1
8 3 4 6
3 4 5 4
21 16 22 23
11 9 14 14
2 1 2 1
7 10 7 12
17 8 10 13
4 6 6 6
15 12 12 15
20 16 14 21
4 6 7 11
6 6 3 7
22 23 13 15
7 13 15 7
6 6 8 3
15 15 9 5
14 6 15 5
9 20 20 17
2 3 3 4
7 9 15 12
11 7 12 6
18 9 7 14
6 7 5 7
4 4 3 6
12 9 4 5
12 7 9 7
19 7 13 16
4 4 5 11
5 6 3 4
6 3 6 6
10 9 13 16
2 3 1 1
6 8 8 10
1 2 1 2
14 15 18 18
11 6 13 12
6 4 2 3
6 7 7 5
17 8 10 19
10 14 9 17
20 14 11 20
6 8 5 7
