9  13  14  8  13  11  7  14  7  13  11  7
8  12  12  6  15  14  11  9  13  12  12  10
7  9  10  7  9  13  6  14  16  14  16  8
7  4  7  5  5  3  6  3  4  7  4  5
11  13  11  15  8  15  13  12  8  10  14  11
11  15  21  19  12  7  12  17  10  15  18  13
15  8  12  12  10  6  8  8  10  10  7  11
0  0  0  0  0  0  0  0  0  0  0  0
6  9  5  5  10  8  8  10  6  8  12  13
1  1  1  1  2  2  1  3  1  1  3  1
7  10  10  8  5  4  10  11  10  9  9  11
2  1  2  2  2  2  2  2  1  1  1  2
4  2  5  5  5  2  2  4  5  3  5  4
11  17  14  7  17  13  17  20  20  15  20  10
0  0  0  0  0  0  0  0  0  0  0  0
6  6  7  7  9  8  5  3  6  6  7  3
6  5  4  8  6  7  5  5  8  6  7  9
4  11  11  7  7  10  9  8  4  5  5  10
3  2  1  3  3  1  1  3  1  3  2  1
7  6  10  6  6  10  10  11  9  8  10  12
11  12  6  15  12  7  9  6  8  5  8  14
5  3  5  3  5  2  5  4  5  5  3  3
0  0  0  0  0  0  0  0  0  0  0  0
5  12  10  15  7  11  15  13  12  11  8  11
21  14  13  12  19  9  12  14  14  21  7  20
0  0  0  0  0  0  0  0  0  0  0  0
1  2  2  3  3  1  1  2  3  1  2  2
11  7  12  6  6  13  14  11  6  10  13  14
7  3  5  4  5  6  3  7  9  5  5  8
4  2  3  2  4  4  2  3  5  4  4  2
3  2  5  4  4  3  3  4  2  2  5  2
0  0  0  0  0  0  0  0  0  0  0  0
2  1  2  1  1  1  2  2  2  1  2  1
13  13  5  9  13  12  8  9  7  7  14  12
20  20  11  16  19  12  14  20  14  10  8  15
7  9  11  11  5  5  9  9  6  7  5  6
10  8  8  9  7  15  12  12  17  16  17  15
2  4  2  5  5  4  5  4  4  4  3  3
3  3  3  3  5  2  5  5  5  5  3  4
2  2  2  2  2  1  1  2  1  1  2  2
9  9  13  9  15  11  10  14  6  6  8  8
9  3  4  4  6  9  4  9  7  7  5  3
10  8  17  17  9  7  15  13  16  15  12  18
21  20  16  15  16  10  14  18  11  14  17  19
6  9  17  7  8  12  12  17  14  10  15  9
15  20  10  15  17  10  9  16  15  14  16  15
19  8  18  15  20  9  7  10  8  12  20  10
3  3  1  2  3  3  2  3  1  3  2  1
6  3  2  5  5  2  4  6  6  2  2  4
6  10  12  11  10  11  5  12  8  6  10  9
7  9  5  9  3  5  4  5  3  5  6  9
1  1  1  2  1  2  2  2  1  1  2  1
13  8  5  7  5  5  13  13  12  9  14  10
8  8  16  6  11  13  10  10  15  11  15  16
5  7  11  7  7  12  10  10  6  13  9  13
17  10  18  12  7  17  8  11  13  14  14  12
9  17  18  17  9  9  10  11  16  8  16  15
7  3  5  5  8  4  6  7  7  6  4  4
7  9  11  12  15  11  10  15  7  9  9  11
5  10  5  11  7  12  10  10  12  14  13  12
7  6  3  8  5  8  5  5  6  4  8  5
7  12  16  11  14  10  10  15  15  17  6  17
3  2  3  5  2  4  6  3  6  4  5  5
7  5  7  6  7  6  6  3  6  4  8  6
6  11  7  8  8  10  16  12  11  8  16  11
0  0  0  0  0  0  0  0  0  0  0  0
10  12  8  7  15  21  20  16  17  8  21  20
0  0  0  0  0  0  0  0  0  0  0  0
6  3  5  8  5  6  3  7  6  6  4  7
5  3  5  7  7  6  3  6  6  6  3  7
2  2  2  2  2  2  2  2  1  2  1  2
4  4  4  3  6  3  2  6  4  2  4  4
12  7  12  7  6  7  15  17  6  16  9  7
5  7  11  7  5  4  9  4  5  10  10  4
2  1  3  2  3  2  2  1  1  2  1  1
12  4  8  11  4  7  4  11  7  7  10  8
3  3  2  1  2  2  3  1  2  3  1  1
7  15  15  13  13  6  10  16  15  8  14  6
14  17  10  6  12  11  9  17  16  9  16  15
2  3  5  6  4  4  3  2  3  4  6  5
4  4  4  7  3  5  3  6  5  5  7  3
1  1  2  2  2  2  1  1  1  1  2  2
0  0  0  0  0  0  0  0  0  0  0  0
6  10  10  10  12  15  7  11  12  7  11  12
8  5  4  5  7  11  11  7  10  8  8  12
3  6  8  5  3  5  3  4  8  5  4  7
11  12  14  6  14  12  12  10  8  10  14  6
4  5  5  9  3  8  3  9  4  6  3  6
9  7  7  9  7  8  4  6  4  7  8  7
5  3  4  5  2  2  4  5  4  4  5  5
3  3  1  3  2  2  3  3  1  3  3  3
17  17  8  17  13  9  20  18  13  11  20  15
13  8  8  15  9  8  17  10  12  7  13  8
3  4  4  5  4  5  2  4  3  2  3  5
8  6  7  5  6  7  6  3  9  8  8  8
7  8  3  3  7  5  7  7  4  8  4  3
11  13  13  7  8  13  13  5  8  12  9  12
4  5  3  9  7  9  8  8  9  3  3  7
5  6  11  11  11  8  12  11  4  8  4  7
9  8  8  20  19  20  11  21  7  14  15  21
