1 2 4
1 3 10
2 4 6
2 5 7
2 6 2
3 7 10
3 8 6
3 9 9
4 10 1
5 11 2
6 12 3
7 13 10
8 14 9
8 15 8
9 16 4
9 17 4
9 18 3
10 19 6
11 20 2
12 20 13
13 21 12
14 21 2
15 22 4
16 23 10
17 23 13
18 24 13
19 25 3
19 26 9
20 27 1
20 28 4
20 29 7
21 30 9
22 31 3
22 32 10
23 33 2
24 34 4
25 35 2
26 35 8
27 36 4
28 37 13
29 37 13
30 38 6
31 39 4
32 40 10
33 40 7
34 40 3
35 41 8
35 42 7
35 43 12
36 44 9
37 45 5
38 46 8
38 47 8
38 48 12
39 49 13
39 50 3
40 51 11
41 52 13
42 53 5
43 54 11
44 54 2
45 55 3
46 55 5
47 56 1
48 56 1
49 57 3
50 57 1
51 58 6
52 59 7
53 60 12
54 61 5
55 62 2
55 63 13
56 64 6
57 65 8
58 66 1
58 67 4
59 68 12
60 69 2
61 70 10
62 70 7
63 70 8
64 70 7
65 71 10
66 72 1
67 73 10
68 74 11
69 75 11
70 76 13
70 77 6
70 78 6
71 79 13
72 80 12
72 81 4
73 82 7
74 83 4
75 84 12
76 85 11
77 86 4
78 87 10
79 88 9
80 89 4
81 90 6
82 90 2
83 91 9
83 92 2
84 93 2
85 94 7
86 95 13
87 96 6
88 97 1
89 98 13
90 99 6
91 100 3
92 100 7
93 100 13
94 100 10
95 100 8
96 100 10
97 100 7
98 100 8
99 100 6
