3  0  2  8  13  12  7  4
17  9  24  18  12  10  7  10
16  0  26  24  16  15  20  18
7  9  2  2  6  1  15  7
3  16  0  1  11  4  14  1
14  14  1  7  6  6  8  9
12  11  4  4  8  7  5  11
2  7  0  6  12  7  12  12
9  5  8  9  9  2  3  10
13  5  18  15  18  20  21  9
6  5  4  10  2  12  5  8
6  1  2  7  6  1  1  7
17  6  14  18  6  14  8  2
0  1  2  0  1  1  0  2
6  3  5  10  16  2  16  16
26  13  24  18  14  2  0  19
0  0  1  0  0  2  2  2
8  12  1  16  2  16  7  0
17  5  1  2  13  16  5  18
2  2  0  2  1  0  1  0
0  0  0  0  0  0  0  0
10  13  19  20  26  1  24  16
10  13  1  5  8  12  17  12
13  8  10  11  1  11  5  8
23  13  10  23  12  21  20  22
5  7  12  2  8  5  10  0
0  0  0  0  0  0  0  0
4  2  4  3  4  4  0  0
0  10  3  0  0  10  0  8
5  6  10  2  17  6  12  1
0  0  4  1  1  17  16  7
11  5  1  2  4  10  10  10
4  16  24  24  1  19  12  22
17  8  4  16  11  8  12  3
3  4  5  9  9  0  5  1
2  6  1  11  9  0  10  1
0  7  1  1  8  9  14  14
6  11  4  5  8  1  15  5
8  2  1  7  4  1  6  8
0  1  4  0  0  4  2  1
9  4  4  6  9  9  16  8
4  1  3  2  8  1  6  7
4  10  3  6  3  10  10  2
5  19  6  2  12  15  20  13
9  3  6  2  1  13  6  8
3  3  9  14  16  4  13  5
5  12  2  1  18  7  18  3
0  7  1  8  0  4  1  7
12  13  19  8  2  2  7  14
1  2  1  5  3  6  6  5
5  15  9  4  18  7  12  12
1  0  1  1  2  0  2  0
3  18  8  3  5  10  10  14
0  0  0  6  4  1  3  5
1  12  17  16  21  0  10  10
0  13  7  4  4  11  10  2
14  10  3  13  7  8  7  13
2  3  10  1  1  0  5  2
0  2  2  1  0  1  0  2
10  24  3  23  25  20  1  3
1  1  0  1  2  1  0  0
4  2  3  5  7  7  8  2
3  13  14  4  8  11  12  9
13  13  5  21  22  6  14  7
11  24  12  13  24  1  25  3
20  22  12  3  1  11  10  7
13  28  5  12  12  5  4  5
3  6  15  5  0  7  9  2
2  1  3  0  4  4  3  0
14  1  2  7  3  10  6  10
24  25  21  16  4  19  21  23
4  11  1  12  2  18  0  2
0  0  0  0  0  0  0  0
4  9  2  7  8  10  6  10
7  18  6  20  20  22  8  4
0  17  18  0  4  26  25  1
14  4  25  23  3  24  4  2
0  0  0  0  2  2  1  2
4  3  5  1  3  1  2  8
5  3  0  4  15  19  8  0
14  14  1  14  6  20  0  11
2  5  10  20  10  1  10  3
6  11  0  5  14  2  10  3
0  0  0  2  0  1  2  2
5  9  5  2  9  5  0  2
8  3  0  3  8  10  9  9
2  5  3  8  3  4  1  2
5  7  16  1  5  14  15  15
0  0  0  0  0  0  0  0
20  17  6  13  3  4  9  20
20  2  21  13  2  11  21  9
10  6  0  0  25  11  23  5
1  4  4  4  4  1  1  3
8  11  16  12  22  8  21  12
12  22  20  1  0  19  24  8
2  0  3  6  5  1  1  1
3  10  12  10  11  0  6  16
3  7  6  4  3  4  8  7
9  9  22  23  7  14  12  17
0  4  0  2  1  0  2  3
