0 4 1 2 6 6 5 6 1 6 1 1 6 5 4 2 3 5 5 2 1 1 5 1 3 1 2 0 0 4 3 4
1 2 1 5 6 1 1 7 4 9 3 6 5 0 8 4 8 10 10 5 6 9 2 2 3 9 9 1 3 4 7 4
0 3 4 1 1 1 1 3 2 3 4 1 2 0 1 2 3 3 4 2 1 1 3 2 2 0 0 2 3 4 2 3
2 4 12 11 4 8 1 10 12 9 5 11 12 10 0 2 3 3 8 3 3 1 3 11 0 7 2 4 12 12 5 6
3 4 5 4 3 7 5 4 5 1 7 3 5 7 2 4 2 4 3 1 5 2 2 5 8 1 3 4 2 5 4 4
17 4 6 16 16 11 0 4 3 17 0 12 14 2 16 14 4 16 8 13 12 18 0 14 16 6 4 14 8 18 0 9
8 9 5 0 4 10 9 11 5 3 7 7 10 12 7 2 1 7 7 8 8 10 2 0 9 4 7 6 3 7 3 12
9 12 24 4 6 19 10 22 13 17 21 0 4 20 2 6 22 19 15 0 5 0 9 12 24 7 15 13 15 19 22 21
11 4 1 3 4 0 14 10 11 17 3 3 6 17 9 15 16 8 12 8 6 8 0 13 6 1 16 4 9 14 18 10
1 2 6 0 0 2 4 0 0 3 2 0 1 5 2 4 0 6 2 0 2 2 4 3 2 0 5 2 4 6 5 4
4 12 7 3 5 3 13 1 8 12 5 12 12 5 11 8 8 2 3 1 0 0 11 0 13 13 9 13 14 14 12 8
4 0 5 1 1 2 7 7 6 0 7 1 2 4 3 2 5 5 5 0 5 8 6 6 3 0 8 7 5 0 1 1
0 1 2 1 3 0 2 0 2 3 4 2 1 3 1 2 1 4 3 3 4 2 4 3 4 0 1 3 0 1 4 3
1 1 1 4 2 0 2 1 1 4 1 0 2 1 0 2 2 4 3 2 2 4 4 1 4 3 0 2 0 4 3 3
2 0 2 2 2 0 0 0 1 1 0 2 2 2 0 1 0 1 1 2 0 1 2 1 1 2 1 0 0 1 2 2
1 0 1 4 9 3 9 1 7 3 5 7 3 2 9 4 1 8 7 5 2 12 11 1 0 6 12 12 10 12 6 3
2 11 2 10 12 8 14 3 6 2 5 9 7 11 13 8 3 12 13 3 12 8 14 5 4 11 13 5 6 4 6 7
2 2 0 2 0 2 0 0 1 1 0 0 2 2 0 0 2 2 1 0 2 1 1 2 1 0 2 1 1 2 1 0
2 1 2 1 0 2 0 1 0 2 0 1 0 2 0 1 2 0 2 2 2 2 2 0 0 0 2 0 0 0 0 0
1 1 0 3 6 6 1 4 8 4 6 8 6 4 0 5 6 6 7 8 5 6 4 4 6 8 8 2 2 4 8 5
3 7 0 0 4 8 8 0 8 5 6 2 5 3 5 4 5 0 6 2 5 8 8 5 8 8 6 0 1 8 6 0
0 1 1 1 1 2 1 1 2 1 1 2 0 1 0 0 0 1 1 0 0 0 2 1 2 0 1 0 0 2 0 2
4 5 15 8 12 16 14 8 5 16 4 8 1 14 1 1 13 0 9 8 10 1 15 7 15 10 16 7 2 9 11 4
17 8 1 13 14 1 6 19 15 7 15 9 14 1 21 8 16 14 21 18 19 4 1 13 17 0 18 14 3 11 11 3
0 14 14 12 0 8 7 7 9 9 5 5 3 9 7 6 2 12 9 1 11 3 13 5 3 14 14 5 3 11 11 11
2 0 1 1 2 2 0 2 0 1 2 2 1 1 1 0 1 2 0 1 2 0 0 1 2 1 0 1 1 1 0 2
3 15 24 20 7 13 10 17 20 10 12 14 22 22 17 17 0 6 10 24 0 1 19 0 17 2 17 6 17 13 19 6
0 2 0 3 1 1 1 2 0 2 1 1 2 1 0 1 3 3 4 1 4 3 4 1 4 4 0 1 4 0 3 3
4 6 7 0 2 1 8 5 0 0 7 2 4 7 2 0 0 2 4 6 4 5 1 3 2 1 4 8 7 1 5 5
3 0 0 0 0 4 1 4 0 1 2 3 1 2 0 3 1 3 3 4 0 2 3 1 3 0 4 0 3 2 1 4
0 2 3 3 6 5 6 1 6 2 5 4 0 0 6 3 3 0 4 2 6 2 3 6 6 0 5 4 4 4 4 2
2 0 5 5 3 6 6 4 1 6 1 4 3 0 2 4 1 2 1 5 6 4 6 0 4 2 2 2 4 3 0 0
14 24 20 15 18 25 9 20 20 8 22 25 7 7 9 15 9 5 1 1 5 13 26 6 14 25 20 1 14 18 19 23
10 2 5 9 0 3 0 10 7 3 8 8 2 7 4 9 3 2 7 5 8 6 2 2 8 7 3 9 6 5 10 8
6 3 4 11 10 10 4 5 17 16 1 22 2 10 8 6 5 22 7 16 13 13 1 13 11 14 0 18 10 12 6 21
1 0 1 1 2 2 0 2 1 2 2 2 1 1 2 2 1 0 1 0 0 0 0 1 2 0 0 2 1 0 0 2
6 7 19 13 0 6 9 14 2 14 9 2 6 1 7 8 5 14 12 9 10 3 19 10 15 0 14 3 11 7 9 6
11 2 1 9 19 7 4 17 18 17 15 2 6 2 18 2 12 18 15 3 20 18 13 2 20 6 11 14 14 7 10 15
19 10 1 14 9 10 4 19 16 16 6 19 9 15 16 3 19 18 7 17 10 3 7 8 6 17 18 7 15 1 19 17
1 1 2 1 3 3 1 3 3 2 4 0 3 0 2 3 0 0 3 3 2 3 0 4 0 4 4 0 3 2 4 3
5 9 10 8 10 18 7 14 7 17 18 8 16 12 8 16 6 0 8 13 13 9 20 12 8 20 16 10 14 8 17 1
8 11 9 4 8 12 6 5 0 3 7 0 3 6 9 12 12 11 2 14 8 13 2 9 5 14 2 0 14 13 14 3
3 1 2 3 2 2 0 0 3 3 1 0 2 3 4 4 4 4 3 0 4 1 4 0 0 3 4 3 4 3 1 0
4 0 0 1 5 10 2 6 0 5 3 2 10 7 10 1 1 1 10 3 3 3 0 8 10 7 10 7 10 9 4 0
7 22 21 20 7 15 15 5 12 23 1 3 0 23 12 10 1 0 10 19 0 18 12 0 5 8 1 0 5 22 7 23
1 0 13 10 4 7 2 14 10 2 0 2 6 12 8 13 9 9 8 16 3 15 15 8 10 3 5 3 13 16 6 9
2 1 4 4 0 4 3 0 4 3 0 1 4 0 1 4 4 0 4 3 4 3 1 1 3 0 1 0 1 0 0 2
3 16 5 16 23 9 5 4 9 22 15 19 24 23 4 16 12 9 12 5 20 18 7 6 24 15 8 15 11 9 19 15
3 3 4 1 0 0 2 1 0 2 2 1 0 1 1 3 0 1 2 4 3 0 2 3 1 0 0 1 0 2 4 4
5 5 7 5 7 8 7 5 2 5 6 5 5 3 4 8 7 4 3 2 5 0 7 2 6 7 3 4 8 6 6 7
12 4 4 4 15 12 5 16 16 11 5 5 15 13 2 1 3 4 11 13 14 6 5 5 3 12 11 8 11 1 16 6
9 5 3 4 6 2 6 14 1 1 12 6 14 14 16 14 4 5 13 8 2 11 8 2 15 0 10 8 14 0 7 3
4 5 0 0 3 7 6 2 4 10 9 9 0 8 9 5 3 7 3 9 4 4 8 2 0 0 0 5 8 8 2 9
4 6 10 13 20 14 10 23 13 10 24 17 7 21 21 21 0 9 14 23 21 6 22 9 14 15 21 24 17 7 23 1
15 11 4 11 12 9 14 3 16 10 1 8 6 16 8 15 1 15 2 6 16 16 13 12 7 12 12 3 16 8 10 6
6 20 10 28 26 9 1 23 26 24 2 17 20 13 23 9 26 22 28 28 10 27 0 11 21 26 19 26 4 11 18 19
4 6 5 3 3 3 5 1 12 0 6 2 11 4 15 14 13 17 15 18 9 6 1 6 10 3 18 10 7 11 17 6
7 3 7 2 1 5 3 3 8 2 2 1 4 7 0 1 2 3 5 5 8 4 7 4 0 7 3 3 2 6 5 2
12 15 14 5 12 16 1 10 9 2 9 16 0 13 16 14 16 5 0 5 4 5 7 0 3 3 15 1 9 10 1 9
2 10 11 6 14 5 16 7 7 6 10 16 9 6 8 11 10 16 16 13 16 14 0 4 14 13 2 9 10 5 7 4
3 0 2 6 1 3 0 2 0 1 1 3 0 4 0 5 0 5 3 6 0 0 6 2 3 3 5 2 4 2 2 1
0 1 0 1 2 0 1 2 1 2 1 1 0 0 0 1 0 2 0 0 2 1 2 1 2 2 1 0 0 1 1 2
0 1 6 2 4 3 4 2 3 2 2 0 0 2 6 1 1 0 6 1 1 3 1 2 2 3 6 6 5 5 1 2
14 1 17 8 20 10 3 8 9 2 16 7 24 9 23 0 9 14 15 22 3 4 16 6 2 19 2 19 19 6 17 2
11 0 9 7 0 4 4 8 4 12 11 5 0 2 9 5 8 10 11 12 9 9 3 1 10 1 9 2 9 10 3 12
18 15 3 20 25 12 21 22 21 9 25 10 17 21 9 0 15 9 18 12 21 19 15 3 25 25 6 1 12 14 18 13
8 5 0 4 7 0 6 9 9 4 5 5 6 8 3 8 8 7 9 4 3 3 10 6 6 6 5 10 10 1 4 7
1 2 2 2 2 2 4 1 1 3 4 2 2 1 1 1 2 4 1 4 0 0 3 3 0 4 3 1 1 2 4 0
9 12 15 17 0 9 7 6 13 8 20 12 14 3 3 18 7 5 2 18 8 12 17 11 17 20 3 7 2 14 9 14
2 4 2 2 1 6 1 4 3 3 0 5 5 3 3 0 4 0 6 2 6 3 4 6 4 5 6 6 3 1 6 6
3 1 0 1 0 4 3 6 3 4 6 2 4 2 2 4 0 5 3 0 5 0 4 2 5 6 5 3 4 4 4 4
4 18 2 3 8 28 10 19 7 26 10 2 28 9 5 27 27 9 22 6 6 9 19 0 19 1 3 28 7 28 0 9
3 7 7 4 1 2 3 3 5 3 10 6 6 3 10 10 4 8 2 7 1 10 2 4 1 1 3 0 4 8 1 8
12 1 12 8 15 22 19 10 7 17 7 19 11 4 1 10 7 12 20 1 2 18 10 1 17 5 19 4 21 10 13 19
0 4 0 0 4 0 1 0 4 4 1 2 4 2 0 3 3 1 0 1 4 1 2 1 0 4 4 0 4 1 1 4
7 1 2 2 3 4 11 6 2 3 8 11 11 6 14 1 1 5 6 3 10 4 7 3 6 4 3 12 6 4 2 5
2 12 8 8 6 7 5 10 11 10 10 7 0 3 3 8 1 12 4 3 9 12 5 11 11 6 9 2 6 12 2 3
17 7 13 3 9 5 5 20 14 6 2 4 20 3 4 16 2 16 10 18 10 14 1 19 9 1 8 15 21 10 6 3
10 15 15 24 1 21 21 4 24 13 22 17 4 18 1 20 9 9 11 15 13 2 4 8 1 0 5 21 5 14 15 2
3 2 1 8 1 7 7 5 4 6 2 2 6 1 5 2 8 1 4 6 2 7 8 1 8 4 6 1 0 6 1 3
2 2 6 3 4 4 1 4 1 6 8 1 0 6 5 7 1 3 2 4 7 4 1 1 2 1 5 0 6 3 4 0
15 26 13 5 20 9 9 8 1 14 7 16 17 12 18 16 4 10 16 21 7 27 24 16 21 6 18 19 6 22 22 13
9 1 4 13 6 13 6 1 10 12 4 3 6 7 11 6 6 11 12 2 6 9 6 10 2 8 1 10 10 11 4 0
0 18 6 17 18 8 3 19 20 5 15 1 0 2 6 19 8 16 7 0 6 0 14 13 18 5 15 5 7 19 0 3
11 3 1 22 12 20 4 11 15 13 18 0 22 16 6 7 3 7 23 24 11 21 22 2 22 7 5 11 2 12 6 6
19 1 0 1 17 13 5 11 15 9 2 10 6 12 1 7 18 8 15 7 17 16 6 8 17 15 0 8 1 8 0 8
6 5 3 15 3 3 5 14 3 8 5 1 12 0 7 6 11 14 5 6 11 13 3 11 5 10 0 3 5 10 7 12
20 11 5 9 10 6 6 11 0 4 8 12 16 1 17 12 12 7 20 11 2 5 14 14 5 7 11 8 1 7 2 13
1 2 2 3 2 1 2 4 3 1 4 0 4 1 3 2 3 1 3 3 4 3 0 2 2 0 1 3 1 1 4 1
14 19 6 17 17 17 10 5 25 19 18 8 4 12 0 3 17 21 17 22 0 2 2 2 21 23 25 9 15 26 23 10
4 0 6 5 2 0 1 4 5 0 4 3 5 3 5 0 6 6 6 5 4 4 5 2 6 5 0 1 6 6 1 3
18 0 17 8 13 7 1 9 15 6 16 13 2 12 3 13 16 3 13 12 10 18 7 11 13 15 15 3 10 12 14 13
2 2 9 12 5 1 1 2 12 7 1 7 0 0 6 10 4 12 8 6 4 8 7 11 0 8 12 6 11 3 12 2
4 9 6 8 6 4 7 3 9 4 10 5 6 5 6 6 10 1 7 10 1 4 6 10 2 7 0 3 10 2 1 6
14 15 12 0 12 6 5 9 7 9 11 14 8 1 9 0 0 16 13 7 8 6 1 12 1 5 1 9 12 11 13 12
7 10 12 1 5 7 3 0 13 2 0 4 0 12 7 11 14 13 7 1 5 7 14 7 14 3 12 11 12 2 12 5
14 2 17 18 17 16 22 0 24 21 3 9 21 14 11 3 2 18 11 3 11 3 23 13 3 14 6 15 24 4 10 10
17 17 0 5 21 26 24 16 13 12 15 16 19 18 24 21 18 16 0 16 5 17 12 10 2 3 16 27 21 7 1 5
0 3 3 4 0 4 4 3 3 0 3 2 3 4 0 0 3 0 3 2 4 2 0 4 3 0 2 1 3 4 2 2
3 1 4 8 0 2 4 0 7 3 7 2 4 2 4 4 0 5 6 4 6 8 2 2 8 0 8 4 6 1 8 2
