0 2 0 2 0 2 0 1 0 1 1 2 1 0 1 2 0 2 1 1 2 1 2 1 1 2 0 0 1 0 0 0
12 6 11 4 0 11 12 14 2 1 1 13 11 8 1 14 12 5 10 14 4 9 7 10 11 8 7 1 4 7 0 14
11 15 18 7 1 3 4 2 7 11 11 9 22 4 1 5 21 12 13 20 17 0 21 2 5 8 23 11 7 17 24 18
3 0 5 7 7 2 7 0 3 3 2 1 1 2 7 7 6 0 2 4 4 5 0 7 4 4 5 1 6 3 0 0
10 2 16 13 19 17 17 0 21 14 11 6 16 13 15 11 9 11 9 20 4 4 16 8 19 11 19 3 5 6 21 8
11 20 21 18 4 0 18 14 5 14 2 9 2 18 6 11 7 21 20 8 9 22 21 10 18 18 2 18 19 2 8 0
16 10 18 3 6 6 3 7 17 16 2 6 0 10 5 18 10 1 6 7 9 6 5 1 14 14 8 16 12 3 10 15
4 11 9 8 8 9 10 9 9 10 3 9 5 1 2 0 7 9 11 9 0 12 12 7 3 0 11 8 12 10 8 2
11 19 10 7 15 2 13 8 18 14 3 8 0 2 15 11 15 3 5 19 11 11 0 6 13 9 18 9 10 14 20 7
3 2 1 9 1 2 10 7 3 6 4 1 6 5 9 6 1 5 6 7 4 10 9 6 9 8 9 9 1 8 2 10
3 1 2 2 3 4 1 1 4 2 4 1 4 2 0 4 3 3 4 0 4 1 0 1 0 3 0 2 1 1 1 1
1 1 0 3 6 2 1 2 5 6 6 2 3 2 6 4 6 4 2 0 1 2 3 3 3 6 2 6 6 6 5 0
3 2 2 2 3 4 1 0 4 1 2 1 2 2 1 1 2 1 1 1 3 3 1 1 3 4 3 0 0 3 2 0
10 0 9 4 9 0 4 1 4 1 7 8 10 2 1 9 0 7 8 5 2 7 7 8 4 1 10 3 3 8 3 7
0 4 5 4 0 0 7 3 4 2 5 0 5 9 6 5 3 8 5 0 3 5 7 5 7 7 3 12 10 10 0 7
7 6 4 12 9 1 23 11 2 11 3 15 22 14 20 19 3 1 9 10 13 5 14 8 22 4 10 13 18 12 21 16
2 0 9 2 9 7 5 3 0 8 3 3 12 11 11 8 12 1 1 9 2 1 5 9 6 12 4 0 8 11 11 3
5 4 2 1 5 3 2 1 3 3 0 0 8 5 6 2 5 2 8 6 3 0 1 4 8 5 1 7 7 2 1 6
14 2 16 15 12 19 3 20 16 19 11 1 12 15 7 0 0 20 1 6 17 7 12 9 11 14 3 13 17 4 0 20
11 3 17 14 9 2 20 1 1 6 11 12 9 19 1 9 8 14 16 11 7 20 20 10 2 7 6 13 11 5 3 13
4 5 10 1 1 6 2 1 1 5 2 7 9 1 1 4 7 7 1 10 2 8 9 8 8 5 4 5 6 3 7 5
2 4 3 5 4 1 3 1 1 6 1 2 4 6 0 5 6 3 6 3 6 5 0 5 5 3 3 3 5 3 4 3
1 0 2 1 7 2 2 5 3 1 3 2 4 7 0 7 0 6 5 1 0 0 3 8 3 0 0 7 2 5 4 3
3 0 2 0 2 2 2 1 3 4 1 4 3 2 4 1 2 0 2 1 0 3 4 3 4 3 1 3 1 4 1 3
7 2 3 5 8 6 8 7 1 8 6 2 3 2 5 4 0 4 6 1 0 8 1 2 7 5 0 1 2 0 5 8
0 11 6 10 12 0 7 4 2 2 1 1 7 5 7 8 1 5 4 1 11 3 6 0 11 3 1 3 8 4 10 0
14 5 4 10 7 10 7 13 14 8 13 3 0 12 4 12 10 11 10 14 5 3 13 3 4 0 0 14 4 3 14 11
13 11 7 7 16 10 5 0 4 16 12 8 12 12 11 20 11 16 15 14 6 17 11 9 19 17 2 9 19 11 9 4
2 0 2 1 9 1 4 8 3 12 10 4 12 6 1 4 2 3 12 6 0 10 5 5 5 7 2 11 9 12 11 11
6 4 3 0 2 3 0 4 0 0 6 3 2 4 1 2 5 4 0 0 1 5 0 1 5 6 1 0 3 2 5 0
2 1 0 2 2 1 0 0 2 2 0 0 2 0 0 2 1 1 1 2 1 1 0 0 1 1 2 1 2 0 1 0
2 0 1 3 4 3 4 2 8 2 2 7 8 8 6 1 7 7 5 4 7 0 6 0 6 4 3 5 0 1 5 5
2 0 3 0 0 2 0 1 2 0 2 1 2 0 1 2 2 1 2 3 2 0 1 2 3 1 0 1 0 4 4 4
10 8 0 0 13 11 10 4 1 6 13 6 3 6 11 2 8 8 4 13 13 9 5 5 5 7 2 3 8 7 1 2
3 5 12 5 15 4 4 16 12 11 14 6 11 1 1 13 15 12 3 13 11 8 11 4 9 14 15 4 15 3 3 16
3 4 4 4 0 0 3 4 0 1 4 0 0 3 2 0 1 3 3 3 0 2 1 1 1 2 0 3 3 1 1 4
6 16 5 3 2 0 1 6 10 2 3 10 7 15 4 16 6 8 14 6 10 15 10 3 7 11 14 3 1 7 6 14
13 4 16 11 5 24 7 2 11 17 0 3 23 9 17 18 2 8 0 8 18 2 18 23 11 1 20 9 23 10 21 16
1 1 8 12 7 4 2 3 5 5 0 4 6 0 2 5 6 7 0 10 5 2 11 1 7 5 0 0 0 2 10 10
22 5 7 1 16 2 10 9 21 23 21 13 2 8 5 18 19 10 2 2 20 18 13 10 4 22 22 5 17 3 21 6
2 21 0 17 13 13 10 13 0 8 19 2 20 15 8 3 1 23 9 13 24 11 9 14 9 19 5 7 10 11 13 21
10 12 3 6 12 11 2 2 5 2 3 4 11 9 3 3 1 4 10 0 8 6 6 5 10 5 7 4 7 10 4 5
4 8 3 2 7 3 8 10 5 9 9 3 4 1 6 2 5 4 0 3 1 6 1 6 2 5 10 7 0 2 2 4
1 5 11 10 5 6 2 8 1 0 14 8 5 8 1 15 4 10 7 14 9 11 4 12 13 11 5 1 6 11 9 16
2 13 10 7 0 20 4 9 10 16 17 18 1 6 5 9 6 9 16 17 12 6 14 7 5 19 5 10 13 10 19 0
10 3 2 2 8 5 6 0 2 9 8 5 2 10 2 4 1 5 9 9 7 6 6 1 8 10 0 8 1 8 7 5
3 3 3 1 2 2 0 3 1 0 3 1 1 0 0 3 4 0 4 4 0 1 1 2 1 4 4 4 3 3 1 1
6 5 6 3 4 4 5 0 4 0 2 0 1 6 5 6 4 0 1 5 1 2 0 6 1 0 4 6 6 3 0 6
18 3 14 11 12 16 10 24 12 12 12 4 15 12 3 19 11 6 7 1 0 21 5 21 9 12 14 23 14 13 16 22
10 2 10 0 7 2 7 0 0 8 0 2 5 6 2 3 4 4 4 3 3 3 8 2 2 10 10 1 3 0 10 8
5 6 0 2 3 3 5 4 2 0 6 3 2 4 4 3 5 0 2 0 3 2 6 3 5 1 1 2 6 3 6 5
3 3 1 5 9 6 15 14 4 0 13 15 1 12 3 10 4 2 13 13 15 16 10 6 3 7 1 6 0 7 10 0
19 15 13 23 11 24 22 10 10 10 18 3 2 18 0 6 22 8 5 20 1 23 10 9 21 20 21 0 21 2 14 14
13 8 8 9 1 3 2 16 9 13 12 10 6 10 0 4 15 5 12 5 4 8 11 8 8 3 8 9 3 15 13 6
19 15 5 14 6 20 21 0 22 9 21 8 20 10 2 4 13 19 1 0 16 15 14 2 15 2 6 20 16 5 9 22
6 10 16 16 0 8 6 21 17 12 11 4 19 21 16 22 10 2 15 18 19 10 19 10 19 5 12 18 20 1 5 14
1 4 1 2 1 2 5 3 4 1 5 4 3 1 5 4 0 5 2 0 3 0 0 2 1 6 6 3 3 1 1 5
8 21 0 11 18 18 4 3 2 15 5 7 17 13 19 10 2 3 22 3 12 3 2 1 10 7 12 0 8 12 1 17
9 1 4 16 3 10 19 5 7 8 7 1 2 11 0 2 19 7 16 12 5 8 12 15 17 0 7 15 20 15 16 2
19 12 6 1 15 14 7 18 0 22 18 13 4 17 0 7 20 21 19 21 9 3 21 2 20 19 8 1 3 8 16 6
6 3 6 6 3 0 0 3 1 0 6 3 3 2 1 0 4 4 6 4 5 2 2 0 6 5 0 6 3 5 4 5
3 4 5 0 10 11 10 10 14 3 1 3 8 13 13 11 6 3 12 12 4 5 3 11 5 12 11 8 3 0 10 10
4 4 0 1 2 1 4 2 0 3 3 4 4 3 2 1 4 4 1 3 1 1 4 2 4 3 0 1 4 1 4 2
1 5 6 3 3 6 4 5 2 5 5 0 0 1 1 4 1 2 5 0 3 5 3 0 2 4 2 0 6 0 4 6
9 11 6 6 14 7 2 5 14 9 5 10 12 7 4 9 12 10 0 9 1 5 9 10 6 13 3 8 8 7 0 9
13 16 12 5 6 0 5 3 9 0 2 12 1 3 14 8 4 9 16 2 9 6 0 15 13 3 10 5 16 4 6 9
1 3 1 0 5 3 3 3 1 3 1 6 2 4 6 6 4 0 1 6 1 0 0 4 3 2 4 2 3 6 2 5
0 3 2 6 2 1 3 5 4 5 0 3 1 0 5 3 2 3 4 6 5 0 0 4 1 2 3 4 5 3 0 2
0 5 5 5 2 7 6 2 0 6 4 8 4 2 1 8 6 6 4 8 7 2 1 5 6 8 4 2 6 3 0 1
0 7 3 0 2 7 8 5 6 6 6 6 8 6 2 3 6 3 4 3 1 4 1 3 6 1 5 0 6 8 7 7
4 10 10 8 3 1 9 4 4 1 7 9 5 8 3 5 0 8 8 2 3 7 3 2 9 1 6 0 0 5 5 9
16 15 9 8 15 12 1 9 17 11 1 15 10 10 5 0 15 0 8 2 17 4 15 5 17 2 11 5 18 0 15 12
2 12 4 4 13 15 1 3 5 12 6 0 4 5 7 0 13 14 7 0 15 8 12 6 14 3 11 2 5 15 7 4
2 4 7 8 1 9 9 10 0 2 12 5 5 8 13 6 5 1 3 8 13 1 10 5 1 2 8 11 9 5 1 7
18 24 1 23 9 0 13 10 20 2 2 7 24 4 22 17 11 23 1 11 16 10 8 11 12 14 9 15 14 8 13 5
18 16 7 3 6 5 6 1 2 0 7 17 0 4 4 16 2 10 12 14 6 11 7 8 16 1 13 18 14 4 7 2
1 11 9 4 10 12 7 8 10 7 10 1 10 2 13 13 3 12 5 6 7 10 7 7 3 1 6 13 9 13 12 13
6 17 14 20 24 12 11 3 14 19 6 24 15 10 23 12 6 23 12 2 13 13 18 6 16 3 4 2 19 6 11 18
5 6 7 3 12 0 9 6 6 16 13 8 9 13 10 16 2 3 13 13 10 4 3 4 15 7 7 13 2 12 6 14
11 1 15 6 13 11 2 9 5 6 7 17 6 1 3 12 19 1 15 14 6 19 8 13 0 5 5 0 16 17 2 4
13 22 3 16 12 19 14 22 17 22 1 2 2 10 13 4 0 1 15 9 13 7 6 12 5 22 15 0 3 0 21 19
12 4 8 9 6 6 10 13 13 4 0 6 10 2 10 7 10 6 8 13 0 3 3 14 2 12 12 14 9 4 5 12
6 23 3 14 18 4 15 15 18 20 2 5 20 12 13 17 6 22 8 24 4 8 8 23 0 3 21 23 19 1 8 8
3 2 10 4 0 10 1 3 5 5 6 2 9 8 5 9 10 0 9 1 5 3 6 4 8 10 10 0 9 4 8 4
0 4 0 4 1 2 1 0 0 1 1 3 4 2 2 1 4 3 3 4 0 0 0 0 0 4 3 3 1 2 2 3
15 5 6 14 2 15 21 23 17 23 6 20 3 8 9 2 6 19 13 20 21 15 14 8 13 14 9 19 12 11 21 3
1 3 3 0 0 0 0 3 2 2 0 4 3 0 4 1 2 0 1 0 1 1 4 1 4 4 3 0 2 3 3 2
11 10 0 9 8 14 14 10 3 3 12 15 9 16 7 8 6 12 2 9 12 7 1 1 8 5 15 14 16 5 1 2
4 5 5 6 4 1 0 5 5 3 0 3 1 0 2 3 6 6 1 1 2 2 3 3 5 3 6 5 4 4 2 5
3 2 0 2 2 4 3 4 1 0 3 0 2 2 1 1 4 3 3 0 1 3 3 3 2 3 2 1 1 1 3 1
12 12 9 5 12 3 8 2 4 9 10 8 9 3 0 11 8 0 12 10 5 11 1 2 1 5 3 5 12 6 11 12
0 1 2 2 1 2 0 1 1 1 0 2 0 0 0 2 0 1 2 0 0 1 1 0 1 0 2 0 2 2 2 2
3 1 4 1 1 4 2 3 1 1 0 3 1 0 4 1 2 4 0 0 4 0 4 1 2 0 2 1 2 2 0 0
3 8 12 6 2 10 9 11 1 0 10 0 3 6 4 6 0 10 5 9 6 7 12 6 11 6 12 1 9 5 8 12
0 3 6 2 5 0 1 6 5 3 5 4 0 6 6 6 4 1 6 3 3 6 4 3 6 4 0 0 5 3 1 1
10 12 5 13 7 12 0 10 5 2 12 12 3 7 12 6 3 9 13 1 7 1 16 0 14 7 4 15 4 4 7 4
2 1 5 5 4 0 4 1 2 0 0 2 5 1 6 5 1 5 1 4 1 6 2 6 4 6 3 0 3 4 0 5
4 12 5 1 0 16 8 11 3 10 3 15 15 9 12 12 14 15 11 7 14 6 16 13 8 12 13 3 15 14 13 12
13 16 16 11 13 20 2 15 10 17 5 2 8 4 14 8 5 17 1 9 11 2 10 19 6 16 13 2 16 16 12 20
4 4 1 2 4 8 0 7 5 4 6 8 5 7 0 5 6 0 5 5 0 4 1 5 6 1 1 4 5 1 3 2
