1 19 5 24 18 0 3 14 12 1 3 20 9 14 13 9 10 1 19 7 19 7 0 17 19 15 4 6 20 6 24 25
14 38 30 8 20 14 16 29 23 16 31 17 26 15 0 16 27 23 33 33 20 26 19 11 32 6 37 4 34 2 37 38
10 19 17 23 13 18 25 2 8 7 3 14 14 8 0 9 20 23 16 13 18 20 10 2 10 11 6 1 11 13 20 9
0 5 5 0 16 0 20 6 4 0 8 14 7 9 6 11 9 8 5 22 6 8 4 16 3 3 8 19 0 1 8 4
1 19 18 22 1 35 25 5 4 30 4 6 29 14 35 15 1 5 3 11 9 33 12 32 14 10 24 19 8 28 32 23
0 3 0 4 12 1 12 8 8 10 10 2 4 3 8 12 10 2 9 2 5 2 4 10 3 10 6 6 12 4 0 3
13 7 30 14 6 2 12 4 38 20 2 2 10 14 15 29 8 1 8 8 26 38 5 27 16 9 34 10 36 36 16 32
14 20 26 33 10 9 6 12 19 20 32 8 6 19 34 32 4 3 9 19 8 10 0 30 20 15 31 15 25 7 12 3
8 5 23 23 9 12 12 20 1 18 17 8 14 1 3 3 8 14 12 8 0 6 24 20 20 12 18 22 14 8 4 4
2 0 0 1 2 2 1 1 2 1 1 1 0 0 2 0 1 2 1 1 1 0 0 1 1 2 2 0 1 1 0 0
5 19 28 15 0 1 7 24 9 4 1 20 12 6 28 23 6 16 12 17 7 13 21 8 15 25 12 11 10 0 10 25
11 14 10 2 11 1 11 5 8 11 7 11 5 3 10 9 2 14 1 7 2 13 1 12 2 11 14 2 3 0 11 4
2 3 1 14 9 13 19 9 14 18 8 5 5 16 10 16 18 7 8 15 24 10 12 6 16 0 7 23 13 12 12 11
9 2 4 0 10 2 3 6 1 2 3 2 8 4 2 8 5 6 2 7 3 8 3 3 10 4 6 7 10 10 9 6
15 7 8 14 18 7 5 17 18 0 10 5 8 17 5 11 4 0 1 18 3 16 15 12 14 18 14 12 15 12 5 15
10 1 1 4 3 16 7 1 18 15 19 15 12 5 15 22 5 5 18 8 21 12 10 9 4 13 10 7 19 9 13 17
1 11 3 13 16 19 6 7 19 11 0 14 4 15 17 15 2 13 17 19 16 0 19 0 11 17 2 1 18 4 3 8
3 8 8 3 2 5 5 9 6 0 9 4 3 2 6 2 3 6 10 0 10 6 1 5 10 0 5 4 6 1 8 8
1 0 1 1 0 1 1 1 1 2 1 0 0 0 1 0 2 2 1 1 0 0 2 2 0 2 1 1 1 0 0 2
14 3 1 6 0 5 12 6 6 1 12 0 4 0 8 6 12 11 10 14 6 4 1 5 7 0 13 14 5 13 5 13
1 16 10 1 19 14 14 11 30 12 18 2 7 27 15 13 6 25 27 9 11 12 15 29 8 1 20 10 11 20 6 26
5 2 4 1 6 7 4 2 6 4 4 5 4 5 7 3 5 7 6 7 2 6 5 1 7 6 2 4 3 4 5 1
1 2 2 2 2 4 0 4 2 4 0 1 2 2 2 4 0 2 0 1 0 3 4 0 4 2 3 3 1 1 0 4
0 5 8 0 17 9 11 21 8 20 5 19 15 12 19 14 18 3 9 15 17 10 9 12 17 3 16 18 13 11 13 8
0 12 27 22 27 22 8 19 4 21 25 9 25 19 6 11 24 15 28 18 23 12 19 13 24 16 19 23 9 8 15 3
19 20 1 16 26 28 32 37 34 1 6 14 29 2 6 6 33 0 6 2 11 32 37 9 14 25 35 37 20 34 29 16
1 1 2 0 0 1 0 1 1 2 0 1 0 1 2 1 0 2 2 0 0 2 0 2 0 0 0 0 2 1 2 1
15 30 2 10 10 10 14 34 27 1 31 1 30 22 10 10 5 17 5 12 18 23 36 32 19 19 7 23 27 16 34 28
3 5 4 5 2 4 4 5 6 0 2 4 0 5 5 0 6 3 3 4 5 5 0 1 4 2 1 6 2 2 2 6
0 2 1 4 4 3 1 1 1 2 3 2 4 3 4 4 2 4 3 1 0 3 0 3 4 0 1 1 1 3 4 1
17 2 10 10 2 0 28 2 13 5 23 6 24 22 9 1 38 12 18 0 29 25 37 27 22 38 28 0 23 19 10 3
10 10 6 5 1 26 10 6 23 19 9 16 12 8 22 25 3 8 10 21 24 3 3 0 24 3 17 10 16 0 22 23
14 0 1 12 1 8 12 14 3 9 3 2 1 0 5 13 9 7 5 15 0 3 13 3 13 15 9 9 10 3 14 3
5 3 1 14 5 12 13 11 2 2 12 7 5 12 4 6 16 1 1 13 3 14 14 9 8 2 10 10 8 5 1 7
1 7 11 15 1 9 4 15 10 10 3 3 11 8 6 9 1 2 2 16 12 8 11 13 12 9 9 1 10 6 14 2
15 14 9 7 2 1 11 0 6 1 12 5 17 13 15 1 6 7 2 10 15 1 3 0 2 12 6 3 9 8 0 14
5 10 8 1 10 6 8 6 6 8 5 1 4 6 4 1 8 1 9 4 1 7 6 0 1 8 4 2 0 2 2 6
21 10 30 9 5 0 25 0 31 5 11 19 26 29 16 33 29 30 31 22 16 29 9 17 5 23 13 34 27 30 11 13
30 10 12 2 10 4 3 19 31 26 12 14 26 27 7 27 12 21 1 4 21 31 16 5 30 0 13 29 25 25 29 22
9 12 14 0 1 16 16 12 2 5 3 17 0 5 4 14 16 11 3 5 6 5 15 17 1 12 13 18 6 8 6 10
2 0 3 2 1 3 1 2 2 1 0 4 1 3 0 1 2 0 3 0 0 0 4 2 4 4 3 1 4 2 4 4
19 4 18 8 5 5 5 8 12 14 5 5 17 12 0 12 7 3 20 4 15 7 11 6 14 9 3 4 10 18 5 10
21 3 0 0 11 6 6 14 12 21 18 2 2 19 20 5 7 5 22 1 19 14 8 23 18 20 14 19 18 1 22 11
2 2 18 14 8 16 8 16 3 4 3 3 0 2 17 12 1 9 18 1 18 2 17 11 18 15 6 1 7 5 10 13
5 4 6 6 6 0 0 3 3 6 4 4 4 0 0 6 2 4 0 5 1 5 6 3 2 1 6 5 0 4 0 4
1 0 0 0 0 2 1 0 2 1 2 2 2 2 0 0 0 0 2 1 1 1 2 0 2 1 0 1 1 1 0 0
1 1 7 20 17 21 1 23 8 18 9 22 26 26 23 10 6 0 8 3 5 23 8 19 5 1 17 26 22 1 20 18
4 7 20 1 2 7 7 5 1 13 17 2 26 8 18 23 6 14 19 27 10 21 20 20 14 1 0 26 30 26 16 23
11 12 12 7 10 6 14 4 9 2 8 3 13 1 9 12 1 10 1 6 4 5 11 11 14 4 5 6 2 4 1 4
5 5 5 6 0 2 6 0 3 4 6 2 4 4 5 2 2 6 5 0 5 6 4 0 2 5 2 5 1 4 2 1
3 3 1 4 0 3 4 3 1 4 2 3 2 2 0 4 0 4 0 3 0 0 4 2 0 2 4 0 1 1 0 3
40 6 16 13 13 34 7 28 38 5 18 18 39 0 30 39 19 5 20 14 0 4 10 32 27 4 33 19 19 39 29 34
4 5 4 1 1 6 0 4 5 1 5 8 2 0 7 6 2 0 7 2 7 2 8 8 5 0 1 2 7 5 8 4
13 26 0 20 1 26 3 2 23 6 14 11 14 22 12 3 7 23 20 10 1 25 25 24 3 8 10 7 20 11 16 5
34 11 1 25 16 34 12 14 20 22 5 33 19 15 13 1 21 17 22 19 14 10 17 7 14 1 15 33 10 21 28 5
19 14 24 11 9 13 4 19 19 10 24 24 20 8 16 14 18 18 8 19 7 3 15 21 2 24 17 1 12 4 18 15
12 3 22 24 8 15 2 2 17 5 26 10 24 5 15 21 26 3 14 19 20 3 23 1 7 10 12 22 11 3 7 17
5 13 10 24 8 10 12 4 23 23 12 15 18 3 11 22 2 1 19 16 23 15 8 8 23 6 21 18 14 1 0 10
8 2 8 11 10 7 9 3 14 12 5 4 6 0 11 3 7 8 1 5 7 7 0 7 5 7 1 0 2 8 10 1
6 5 18 17 1 6 2 1 9 14 11 18 0 7 9 15 11 9 2 7 19 0 14 2 1 19 22 8 1 5 10 2
5 12 22 40 28 34 19 13 5 36 6 33 24 27 25 21 21 23 19 21 10 32 13 36 11 2 16 34 6 19 22 30
19 28 34 31 10 19 11 20 20 30 7 20 33 0 24 33 9 9 14 21 30 25 24 30 7 7 18 19 21 17 4 23
1 5 7 2 6 14 0 8 13 3 7 3 4 13 9 13 9 3 9 14 14 8 2 4 3 3 14 0 11 3 12 7
4 11 1 13 4 11 11 13 7 9 10 11 5 10 8 5 9 10 10 5 8 14 9 3 4 9 2 4 4 5 14 9
3 7 10 0 6 10 0 3 12 3 6 7 7 12 4 11 8 6 10 9 1 2 2 6 3 11 4 2 4 11 8 9
5 1 1 1 4 5 6 5 6 5 4 2 3 2 1 1 3 5 2 0 6 2 0 1 5 6 3 1 1 6 0 4
1 2 3 0 4 4 2 4 1 2 2 0 4 0 3 0 0 0 0 3 1 1 3 0 1 1 3 4 3 4 1 3
8 2 7 34 18 26 2 36 8 6 20 0 10 29 15 0 0 5 17 7 11 13 17 19 24 35 28 35 36 15 31 33
5 6 4 0 13 14 6 10 0 10 2 6 12 4 6 3 10 6 4 9 9 8 1 3 1 11 11 2 7 9 3 8
18 3 5 8 20 10 13 12 6 16 19 18 17 9 16 14 12 13 9 18 8 22 17 15 11 21 6 18 0 19 5 8
17 18 14 10 32 0 13 35 21 27 14 21 24 22 26 32 15 25 34 2 16 2 9 28 26 10 13 15 10 22 18 8
21 33 28 5 30 18 28 15 12 5 22 0 18 33 15 2 28 9 4 29 14 13 7 26 3 33 2 3 3 28 9 19
3 2 6 3 0 8 6 1 1 0 5 7 1 3 1 8 3 6 3 7 4 7 8 5 8 1 1 4 1 6 8 2
29 31 32 9 38 28 23 16 7 0 21 37 19 23 26 37 37 36 12 2 13 7 16 4 21 30 20 37 0 15 34 1
18 30 30 33 34 11 13 29 34 21 32 10 3 30 2 16 25 25 5 7 13 26 31 11 30 11 21 28 5 14 12 23
2 0 0 2 6 3 2 6 4 5 3 6 4 0 5 6 6 1 5 0 0 3 3 0 1 6 5 2 5 6 1 3
6 0 4 2 6 5 8 8 4 1 7 7 1 3 7 3 3 1 7 3 3 4 6 4 1 5 7 0 4 6 1 4
4 7 1 0 5 2 6 8 7 5 0 4 6 0 8 4 7 0 8 1 1 4 4 8 3 1 0 1 7 7 1 5
0 6 15 16 21 7 13 21 9 10 22 15 2 13 16 25 5 9 17 19 2 19 6 5 12 5 13 1 26 11 8 15
3 4 8 8 6 4 8 4 8 0 3 4 1 0 6 8 3 8 5 1 1 3 2 0 3 2 8 2 3 1 8 7
2 1 4 8 2 2 2 6 0 7 6 9 10 1 8 8 7 9 4 6 0 3 8 5 5 8 1 2 8 9 1 9
3 6 1 5 4 5 5 3 1 2 1 5 5 5 2 3 1 4 0 6 3 4 2 0 4 0 2 5 5 6 2 0
26 21 6 20 9 14 24 7 16 9 4 13 1 18 18 5 16 10 15 25 26 7 22 13 21 6 3 20 21 4 3 17
18 2 11 4 0 6 8 5 11 16 6 16 17 14 3 6 17 8 17 4 6 13 12 0 12 15 18 10 0 7 9 0
2 0 0 2 3 2 3 1 4 1 0 0 3 3 1 3 1 4 2 0 1 3 2 3 2 2 3 0 2 0 3 2
7 22 14 18 0 8 3 8 9 11 8 18 11 15 8 2 10 7 18 1 7 8 11 6 15 10 20 20 14 0 14 19
19 25 9 14 14 7 25 32 14 24 4 11 18 25 13 2 14 2 12 14 12 20 27 29 17 22 29 11 27 23 14 25
38 33 34 17 14 12 7 7 18 36 13 24 33 25 4 8 18 27 30 37 28 1 32 22 24 31 27 1 14 7 35 12
1 6 0 5 1 8 1 0 1 8 0 6 4 3 0 8 4 8 5 8 8 1 8 0 1 8 6 1 3 4 8 7
11 9 18 22 0 24 9 0 8 24 13 9 19 21 21 2 23 7 5 22 21 19 15 3 11 17 13 24 13 22 19 21
1 4 5 4 7 4 6 8 0 5 0 1 0 4 1 1 1 0 5 8 6 5 8 1 8 0 3 3 8 2 3 6
1 0 0 0 2 1 1 1 1 2 2 2 0 2 1 0 1 1 2 1 2 0 0 0 1 2 0 0 2 0 1 1
22 1 14 16 19 10 17 2 1 20 25 24 26 23 0 23 15 3 3 24 1 5 26 9 17 25 3 21 18 19 25 5
25 2 10 12 2 36 2 35 28 25 33 13 29 32 5 0 28 5 32 18 3 26 18 34 2 19 19 9 20 21 16 11
11 5 13 0 10 1 12 7 4 5 4 9 2 3 5 14 2 12 7 15 10 4 9 7 4 14 8 0 4 11 7 3
14 7 25 26 32 32 3 26 3 17 12 5 7 13 15 31 4 0 20 6 1 13 17 16 15 6 2 17 20 11 9 14
4 13 18 9 14 19 8 17 13 19 2 11 10 19 8 18 16 17 7 6 15 8 12 13 15 1 4 4 11 2 16 13
26 22 28 30 13 7 24 16 13 12 32 11 4 27 12 33 27 19 14 34 21 12 34 23 24 17 27 3 3 27 8 19
6 5 4 5 0 4 1 6 5 4 1 2 4 5 2 0 4 3 1 6 0 3 5 1 0 1 4 3 6 5 6 1
9 4 19 8 9 3 11 0 20 2 8 2 9 19 7 9 7 10 2 4 19 7 22 8 13 11 18 9 20 15 3 7
