20 10 9 18 15 10 10 21 11 16 26 27 19 9 10 12
3 3 2 3 3 3 3 3 1 1 1 1 2 3 2 2
5 12 9 5 12 10 7 13 9 13 6 5 7 5 12 12
6 4 8 7 5 7 6 8 4 9 3 7 8 7 8 8
14 10 13 23 26 23 9 10 12 17 17 23 25 12 26 23
2 1 2 2 2 2 1 2 2 1 1 2 1 2 1 2
5 5 4 4 2 2 2 4 5 2 3 3 5 4 2 4
22 22 21 21 22 15 23 26 14 9 19 9 26 14 17 25
6 5 6 5 11 9 7 7 7 10 13 13 12 11 10 6
2 3 5 2 2 5 2 3 2 4 5 5 5 3 2 3
13 20 15 21 18 13 24 17 17 24 17 20 9 17 22 27
25 9 20 15 10 10 16 13 25 21 22 23 9 9 18 9
10 23 16 12 23 19 9 17 21 9 19 9 10 22 17 9
19 21 16 17 19 11 11 24 15 21 25 26 24 14 22 22
5 6 5 4 3 5 5 2 5 4 2 2 3 4 6 3
7 3 4 4 8 6 3 3 7 5 5 3 3 6 3 3
12 9 12 13 7 9 15 15 11 9 5 12 6 15 8 12
20 19 22 24 29 12 12 14 17 13 18 18 18 27 12 11
18 25 18 24 19 20 15 10 10 21 13 27 12 10 27 26
1 2 2 2 1 1 2 1 2 1 2 2 2 1 2 2
9 10 19 20 18 20 12 22 11 18 17 23 23 24 22 9
5 9 14 12 9 7 9 9 11 9 10 9 14 5 6 7
14 8 16 12 7 11 9 7 7 13 10 9 7 7 12 9
5 7 8 7 3 5 7 7 7 6 6 6 3 3 5 8
13 11 5 13 10 9 12 9 9 12 14 10 11 8 13 8
4 6 3 6 3 6 9 8 6 4 6 6 6 4 4 3
15 8 17 16 10 8 18 16 12 12 9 15 12 7 17 11
11 25 25 20 22 12 21 20 24 24 11 10 20 22 9 17
7 8 4 7 4 3 5 3 8 9 9 4 8 4 7 5
19 29 11 29 24 21 26 14 30 15 12 20 24 28 22 30
18 12 8 21 19 8 15 10 15 14 11 10 17 21 20 23
1 2 2 1 1 1 2 1 1 1 1 1 1 2 1 2
15 19 15 19 22 19 24 22 11 16 20 11 16 28 26 27
19 13 20 11 12 15 14 18 17 16 9 14 18 8 19 8
1 1 3 2 1 3 2 3 3 3 2 3 2 1 2 2
21 11 13 21 11 17 15 8 16 13 20 8 8 12 19 9
19 19 16 13 14 11 24 19 8 10 24 12 13 18 8 13
17 17 23 22 26 10 10 9 9 17 20 23 26 9 13 16
1 2 3 1 2 1 3 1 3 2 3 1 2 1 2 3
11 25 30 28 24 13 29 11 11 12 29 25 22 16 27 26
17 13 20 8 14 7 14 11 19 11 7 17 14 10 20 17
13 9 14 7 17 15 9 15 11 18 18 15 18 6 18 11
15 6 10 11 10 8 15 17 9 18 12 12 9 10 9 7
4 4 5 8 7 4 3 5 3 7 5 6 8 3 7 3
18 25 23 12 12 13 29 26 26 12 14 13 25 10 22 13
20 15 12 10 16 18 20 15 22 17 12 22 17 19 10 15
19 21 23 21 13 21 20 24 15 17 17 21 17 11 22 14
22 11 24 17 26 11 24 15 12 10 13 12 17 22 13 13
2 2 3 4 6 4 4 4 4 2 6 4 5 3 3 3
18 13 15 9 17 7 18 9 17 15 6 12 14 13 13 15
