1 2 63
1 3 9
1 4 25
1 5 46
2 6 7
2 7 45
2 8 24
3 9 54
3 10 33
3 11 43
4 12 67
4 13 34
4 14 48
5 15 24
5 16 17
5 17 12
5 18 12
6 19 36
7 19 58
8 19 8
9 20 17
10 21 63
11 22 21
12 23 23
13 24 48
14 24 31
15 25 30
16 26 22
17 27 27
18 28 40
19 29 55
19 30 13
19 31 41
20 32 53
20 33 3
21 34 64
22 35 23
23 36 14
23 37 16
23 38 14
24 39 55
25 40 46
26 41 28
27 42 1
28 43 59
29 44 55
30 45 66
31 46 53
32 47 30
33 48 17
34 49 7
35 50 55
36 51 27
37 52 60
38 53 47
39 53 29
40 54 23
41 55 69
42 55 23
43 56 20
44 57 61
45 58 69
46 59 11
47 60 31
48 61 20
49 62 63
50 63 69
51 64 21
52 65 40
53 66 6
54 67 32
55 68 32
56 69 14
57 70 20
58 71 16
59 71 24
60 72 26
61 72 8
62 73 34
63 74 50
64 75 46
65 76 13
66 76 65
67 77 30
68 78 36
69 79 2
70 80 21
71 81 64
72 81 37
73 82 21
74 83 55
75 84 35
76 85 41
77 86 50
78 87 5
79 88 5
80 89 16
81 90 44
82 91 37
83 92 25
83 93 39
84 94 32
85 95 4
86 96 24
87 97 57
88 98 50
89 99 5
90 100 48
91 101 4
92 102 28
93 103 43
94 104 4
95 105 55
96 106 61
97 107 24
98 107 40
99 108 23
100 109 40
101 110 48
102 111 56
103 112 42
103 113 35
104 114 24
104 115 59
104 116 28
105 117 2
106 118 33
107 119 29
107 120 15
108 121 34
109 121 11
110 122 41
111 122 47
112 123 38
113 124 20
114 124 27
115 125 13
116 126 65
117 127 25
118 128 37
119 129 36
120 129 21
121 130 48
122 131 32
122 132 30
122 133 10
123 134 24
124 135 5
124 136 39
125 137 4
126 138 1
127 139 29
128 140 57
129 141 50
130 142 62
131 143 61
132 143 37
133 144 52
134 145 28
135 145 31
136 146 48
137 147 19
138 147 5
139 147 34
140 148 40
141 148 64
142 149 35
143 150 11
144 151 41
144 152 52
145 153 68
146 154 47
147 155 48
148 156 38
149 157 6
149 158 15
150 159 25
151 160 2
152 161 18
152 162 68
153 163 10
154 164 51
154 165 69
155 166 1
155 167 67
156 168 36
156 169 64
156 170 64
157 171 14
158 172 11
159 173 20
160 174 31
161 175 23
162 176 27
163 177 25
164 177 63
165 178 32
166 179 65
167 180 21
168 181 50
169 181 8
170 181 61
171 182 27
172 183 9
173 184 51
174 185 27
175 186 17
176 187 49
177 188 49
178 189 25
179 190 49
180 191 36
180 192 63
181 193 49
182 194 39
182 195 4
182 196 36
182 197 18
183 198 65
183 199 16
183 200 27
184 201 58
184 202 27
184 203 26
184 204 60
185 205 11
185 206 27
186 207 44
186 208 43
187 209 39
187 210 10
188 211 60
188 212 61
188 213 62
188 214 24
189 215 6
189 216 38
189 217 27
189 218 19
190 219 49
190 220 22
191 221 60
191 222 39
192 223 60
192 224 29
192 225 8
192 226 14
193 227 22
193 228 42
194 229 20
195 229 11
196 230 27
197 230 8
198 230 67
199 230 25
200 230 26
201 231 68
202 231 31
203 231 62
204 231 34
205 231 59
206 232 64
207 233 56
208 233 11
209 233 29
210 233 35
211 233 54
212 233 41
213 234 9
214 234 26
215 234 27
216 234 11
217 234 45
218 234 65
219 235 10
220 235 4
221 235 47
222 235 37
223 235 24
224 236 28
225 236 48
226 236 31
227 236 32
228 236 46
229 237 24
230 238 13
230 239 69
230 240 30
231 241 60
232 242 62
233 243 60
233 244 8
234 245 67
235 246 43
235 247 5
236 248 39
237 249 16
238 250 32
239 251 48
240 252 42
241 253 14
242 254 25
243 255 49
244 256 35
245 256 31
246 257 13
247 258 8
248 259 36
249 260 60
250 261 65
251 261 64
252 262 3
253 262 40
254 263 46
255 264 31
256 264 52
257 265 50
258 266 62
259 267 49
260 268 55
261 269 58
261 270 69
262 271 35
263 272 14
264 273 18
265 274 66
266 275 65
267 276 31
267 277 11
268 278 54
269 279 17
270 280 19
271 281 58
272 282 60
273 282 38
274 283 19
275 284 4
276 285 49
277 286 19
278 287 38
279 288 43
280 289 2
281 289 65
282 290 15
283 291 52
284 292 36
285 293 67
286 294 35
287 295 26
288 296 30
289 297 11
290 298 56
291 299 66
291 300 41
292 301 59
293 302 48
293 303 5
294 304 64
295 305 43
296 305 49
297 306 59
298 307 49
299 308 20
300 309 31
301 310 17
302 310 47
303 311 40
304 311 55
305 312 20
305 313 38
305 314 64
306 315 65
307 316 21
308 317 49
308 318 48
309 319 31
310 320 32
311 321 13
312 322 64
313 323 23
314 324 41
314 325 38
315 326 31
316 327 30
316 328 63
317 329 42
317 330 65
318 331 66
318 332 38
318 333 60
319 334 10
320 335 3
321 336 30
321 337 25
322 338 12
323 339 53
324 340 37
325 341 31
326 342 38
327 343 14
328 343 23
329 344 24
330 345 5
331 345 21
332 346 3
333 347 3
334 348 14
335 349 37
336 350 13
337 351 34
338 352 16
339 352 48
340 352 58
341 353 58
342 354 1
343 355 17
344 356 12
345 357 56
346 357 56
347 358 17
348 359 24
349 360 61
350 360 14
351 360 25
352 361 67
353 362 25
354 363 30
355 364 65
356 365 22
357 366 38
358 367 39
359 368 23
360 369 7
361 370 33
362 371 31
363 372 3
364 373 68
365 374 54
366 375 69
367 376 2
368 377 53
369 378 52
369 379 7
370 380 12
371 380 27
372 381 58
373 382 16
374 382 51
375 383 40
376 384 30
377 384 3
378 385 24
379 386 59
380 387 68
381 388 56
382 389 56
383 390 21
384 391 22
385 392 67
386 393 67
387 394 17
388 395 29
389 396 53
390 397 35
391 398 37
392 399 31
393 399 35
394 400 17
395 400 25
396 400 13
397 400 48
398 400 18
399 400 54
