1 2 13
1 3 49
1 4 29
1 5 30
1 6 18
2 7 12
2 8 34
2 9 15
3 10 19
3 11 13
3 12 25
3 13 30
4 14 36
4 15 11
4 16 18
5 17 46
5 18 49
6 19 48
6 20 6
6 21 38
6 22 26
6 23 20
7 24 24
8 24 49
9 24 11
10 25 11
11 25 42
12 25 25
13 26 39
14 26 11
15 27 45
16 28 39
17 28 8
18 29 3
19 29 15
20 29 27
21 30 15
22 30 17
23 30 27
24 31 30
24 32 5
24 33 29
25 34 3
25 35 28
25 36 47
25 37 14
26 38 4
26 39 2
27 40 15
27 41 33
28 42 8
29 43 44
29 44 35
29 45 15
30 46 37
30 47 11
31 48 33
32 49 37
33 50 23
34 51 34
35 52 12
36 53 25
37 54 27
38 55 41
39 56 43
40 57 3
41 58 33
42 58 5
43 59 36
44 60 45
45 61 2
46 62 44
47 63 16
48 64 10
49 65 25
50 66 34
51 66 22
52 67 46
53 68 22
54 69 29
55 70 1
56 70 6
57 71 38
58 72 42
59 73 12
60 74 35
61 75 10
62 76 32
63 77 9
64 78 16
65 79 40
66 80 33
67 81 45
68 82 30
69 83 28
70 84 24
70 85 23
71 86 1
72 87 2
72 88 24
73 89 4
74 90 30
75 91 1
76 92 38
77 93 11
78 94 10
79 95 30
80 96 41
81 97 9
82 98 20
83 99 11
84 100 18
85 101 7
86 102 36
87 103 28
88 104 34
89 105 18
90 106 15
91 106 16
92 107 17
93 108 18
94 109 37
95 110 29
96 111 40
97 112 7
98 113 2
99 114 36
99 115 22
100 116 18
101 117 37
102 118 23
103 119 28
104 120 37
105 121 10
105 122 30
106 123 4
106 124 16
107 125 10
108 126 21
108 127 16
109 128 31
110 129 43
111 130 16
112 131 11
113 131 20
114 132 8
115 133 24
116 133 28
117 134 40
118 135 37
119 135 47
120 136 13
121 137 9
122 138 2
123 139 35
124 139 5
125 139 32
126 140 40
127 141 25
128 142 25
129 143 16
129 144 39
130 145 6
131 146 31
132 147 10
133 148 37
134 149 14
134 150 21
135 151 29
135 152 16
136 153 35
137 154 45
138 155 36
138 156 8
139 157 2
140 158 3
141 159 17
142 160 26
142 161 43
143 162 37
144 163 26
145 164 46
146 165 1
147 166 22
148 167 18
149 168 45
150 169 9
151 170 11
152 171 47
153 172 44
153 173 11
154 174 3
155 175 16
156 176 6
157 177 5
158 178 23
159 179 4
159 180 30
160 181 44
161 182 44
161 183 25
162 184 44
162 185 25
163 186 7
164 187 43
165 188 48
166 189 41
167 190 16
168 191 23
168 192 48
169 193 7
170 194 28
170 195 23
171 196 11
172 197 21
173 198 44
174 199 18
174 200 26
174 201 15
175 202 34
175 203 32
175 204 18
176 205 20
177 206 47
178 207 17
179 208 23
179 209 14
180 210 3
180 211 35
180 212 30
181 213 15
182 214 23
183 215 19
184 215 46
185 215 13
186 216 37
187 217 41
188 217 31
189 217 29
190 217 10
191 218 35
192 219 9
193 219 14
194 219 10
195 220 48
196 220 20
197 221 2
198 221 11
199 221 5
200 221 45
201 222 39
202 222 21
203 223 1
204 224 8
205 225 20
206 225 17
207 226 6
208 226 44
209 226 28
210 226 24
211 226 34
212 226 11
213 227 41
214 228 11
215 229 45
216 230 20
217 231 9
218 232 11
219 233 9
220 234 41
221 235 23
222 236 38
223 237 36
224 238 31
225 239 49
226 240 40
227 241 32
228 242 45
229 243 33
230 244 45
231 245 40
231 246 5
232 247 32
233 248 9
234 249 4
234 250 24
235 251 44
236 252 27
237 253 7
237 254 43
238 255 21
239 256 21
240 257 4
240 258 5
241 259 28
242 260 33
243 261 46
244 262 32
245 263 10
246 264 12
247 264 6
248 265 35
249 266 49
250 267 49
251 267 41
252 268 26
253 269 37
254 269 36
255 270 19
256 270 17
257 271 45
258 271 41
259 272 4
260 273 16
261 274 7
262 275 15
263 276 20
264 277 16
265 278 19
266 279 14
267 280 2
268 281 26
269 282 6
270 283 15
270 284 11
271 285 4
272 286 36
273 287 24
273 288 33
273 289 15
274 290 34
274 291 47
275 292 18
276 293 25
276 294 30
277 295 32
277 296 23
278 297 5
279 298 21
279 299 25
280 300 5
281 301 38
281 302 37
282 303 39
282 304 5
283 305 36
283 306 31
284 307 18
285 308 46
285 309 26
285 310 33
286 311 13
287 312 30
288 313 18
289 313 25
290 313 13
291 314 12
292 315 29
293 315 31
294 316 3
295 317 15
296 318 35
297 318 39
298 318 34
299 319 35
300 320 21
301 321 31
302 322 44
303 323 14
304 324 17
305 325 43
306 325 20
307 325 33
308 326 24
309 326 38
310 326 44
311 327 25
312 328 37
312 329 22
312 330 26
313 331 39
314 332 48
315 333 39
316 334 4
317 335 43
317 336 29
318 337 9
319 338 26
320 339 15
320 340 4
321 341 12
322 342 19
323 343 18
324 344 17
324 345 19
325 346 44
326 347 21
327 348 36
328 349 24
329 349 32
330 350 4
331 351 12
332 352 34
333 353 40
334 353 28
335 354 43
336 355 14
337 356 16
338 357 34
339 358 49
340 358 13
341 359 12
342 360 36
343 360 24
344 361 10
345 361 14
346 362 32
347 362 40
348 363 26
348 364 14
349 365 20
349 366 33
349 367 5
350 368 6
351 369 16
351 370 6
352 371 21
353 372 44
354 373 4
355 374 36
356 375 21
357 376 23
358 377 49
359 378 43
360 379 48
361 380 41
362 381 14
362 382 45
363 383 13
364 384 10
365 385 30
366 386 10
367 387 24
368 388 36
369 389 24
370 390 11
371 391 6
372 392 9
373 393 43
374 394 40
375 395 12
376 395 20
377 396 42
378 396 36
379 397 35
380 398 36
381 398 31
382 399 24
383 400 35
384 400 2
385 400 28
386 400 3
387 400 5
388 400 1
389 400 12
390 400 27
391 400 11
392 400 8
393 400 12
394 400 16
395 400 19
396 400 23
397 400 26
398 400 45
399 400 39
