1 2 12
1 3 11
1 4 9
2 5 13
2 6 1
2 7 6
3 8 9
3 9 9
4 10 4
4 11 12
4 12 9
5 13 12
5 14 4
6 15 2
6 16 9
7 17 8
7 18 7
8 19 1
8 20 2
9 21 10
10 22 3
10 23 4
10 24 5
11 25 7
12 26 1
12 27 12
12 28 3
13 29 9
14 29 10
15 30 4
16 31 11
17 32 5
18 33 10
19 34 5
20 35 11
21 36 2
22 37 9
23 37 12
24 38 10
25 38 7
26 39 11
27 40 2
28 41 2
29 42 6
30 42 9
31 43 1
32 43 8
33 44 3
34 45 7
35 46 2
36 46 3
37 47 11
38 48 10
39 49 13
40 49 4
41 50 10
42 51 12
43 52 12
44 53 4
45 54 6
46 55 10
47 56 13
48 57 6
49 58 11
49 59 10
50 60 3
51 61 8
52 62 12
53 63 8
54 64 9
55 65 10
56 66 5
57 67 5
58 68 3
59 69 7
60 69 13
61 70 7
62 71 12
63 72 10
64 73 13
64 74 8
65 75 8
66 76 9
67 77 7
68 78 1
68 79 1
69 80 3
70 81 2
71 82 13
72 83 4
73 84 2
74 84 1
75 85 6
76 86 9
77 87 6
78 88 8
79 89 12
80 90 12
81 91 1
81 92 4
82 93 5
83 94 5
84 95 1
85 96 8
85 97 5
85 98 1
86 99 2
87 100 12
88 101 2
89 102 2
89 103 7
90 104 8
91 105 6
92 106 9
93 107 12
94 108 2
95 109 6
96 110 12
97 111 3
98 111 5
99 112 3
100 113 10
101 113 8
102 114 5
103 115 3
104 116 1
105 117 3
106 118 13
107 119 6
107 120 4
108 121 7
109 122 11
110 123 4
111 124 5
112 125 3
113 126 1
114 127 6
115 128 8
116 129 11
117 130 2
118 131 8
119 132 8
120 133 8
121 134 1
122 135 10
122 136 12
123 137 4
123 138 6
124 139 11
125 140 2
126 141 9
127 142 10
127 143 7
127 144 3
128 145 13
128 146 12
128 147 11
129 148 2
129 149 5
129 150 4
130 151 3
131 152 3
132 153 7
133 154 3
134 155 9
135 156 1
136 157 6
137 158 1
138 159 9
139 160 7
140 161 6
141 162 11
142 163 12
143 163 4
144 164 2
145 165 5
146 165 5
147 166 7
148 167 3
149 167 11
150 168 13
151 169 1
151 170 4
152 171 11
152 172 6
153 173 10
153 174 5
153 175 4
154 176 5
154 177 12
155 178 4
155 179 9
156 180 12
156 181 9
156 182 1
157 183 10
157 184 1
158 185 6
158 186 13
159 187 12
159 188 13
160 189 7
160 190 7
161 191 2
161 192 1
161 193 9
162 194 9
162 195 8
163 196 8
163 197 1
164 198 12
164 199 2
164 200 1
165 201 7
165 202 4
166 203 5
167 204 1
167 205 7
167 206 9
168 207 1
168 208 9
169 209 9
170 209 13
171 209 2
172 209 13
173 209 8
174 210 8
175 211 7
176 211 5
177 211 12
178 211 5
179 211 3
180 212 9
181 212 13
182 212 7
183 213 8
184 213 9
185 213 5
186 213 2
187 213 6
188 214 5
189 214 10
190 214 12
191 214 7
192 215 3
193 215 8
194 216 5
195 216 8
196 216 13
197 217 10
198 217 11
199 218 4
200 218 13
201 218 6
202 218 6
203 219 5
204 219 11
205 219 9
206 220 6
207 220 13
208 220 1
209 221 13
210 222 1
211 223 9
212 224 12
213 225 8
214 226 4
215 227 10
216 228 9
217 229 3
218 230 7
219 231 9
220 232 8
221 233 5
222 234 8
223 234 12
224 235 11
225 235 1
226 236 6
227 236 4
228 237 7
229 238 4
230 239 2
231 240 10
232 241 8
233 242 2
234 243 5
235 244 2
236 245 11
237 246 8
238 247 2
239 248 1
240 249 13
241 250 1
241 251 4
242 252 7
243 253 13
244 254 5
245 254 8
246 255 1
247 255 4
248 256 6
249 256 8
250 257 9
251 257 12
252 258 10
252 259 2
253 260 3
253 261 7
254 262 10
254 263 1
254 264 4
255 265 5
256 266 4
256 267 3
257 268 8
258 269 2
259 270 10
260 271 13
261 272 8
262 273 6
263 274 5
264 275 1
265 275 12
266 276 3
267 277 8
268 278 1
269 279 7
270 280 3
271 281 3
272 282 10
273 283 3
273 284 9
274 285 3
275 286 1
276 287 4
277 288 13
278 289 4
279 290 10
280 291 8
281 292 12
281 293 4
282 294 6
283 295 4
284 296 10
285 297 7
286 298 4
287 299 2
287 300 9
288 301 8
289 302 12
290 303 11
291 304 8
292 305 1
293 305 10
294 306 13
295 306 7
296 307 8
297 308 6
298 309 7
299 309 9
300 310 8
301 311 2
302 312 5
303 313 3
304 314 11
305 315 2
306 316 9
307 317 5
308 318 10
309 318 13
310 319 6
311 319 4
312 320 10
313 321 4
313 322 11
314 323 2
314 324 6
314 325 6
315 326 5
315 327 5
316 328 7
317 329 6
318 330 12
319 331 8
320 332 7
320 333 9
321 334 2
322 334 11
323 334 7
324 335 10
325 336 4
326 336 10
327 337 6
328 338 9
329 338 2
330 338 11
331 339 6
332 340 7
333 341 7
334 342 6
335 342 6
336 343 11
337 343 5
338 344 10
339 344 12
340 345 13
341 346 7
342 347 3
342 348 11
342 349 12
343 350 2
344 351 1
344 352 4
344 353 13
345 354 6
345 355 8
346 356 6
346 357 4
347 358 4
348 359 13
349 360 5
350 361 1
351 362 9
352 363 4
353 364 13
354 365 4
355 366 12
356 367 12
357 368 4
358 369 1
359 370 13
360 371 8
361 372 8
362 373 4
363 374 13
364 375 3
364 376 4
365 377 7
365 378 9
366 379 6
367 380 8
368 381 3
369 382 8
370 383 10
371 384 1
372 385 6
373 386 6
374 387 1
375 387 5
376 388 6
377 389 12
378 390 12
379 391 10
380 392 2
381 393 13
382 394 4
383 395 6
384 396 10
385 397 12
386 398 9
387 399 13
388 400 13
388 401 10
388 402 10
389 403 13
390 404 3
391 405 3
392 406 12
393 407 12
394 408 2
395 408 7
396 409 8
397 409 1
398 410 7
399 411 9
400 412 5
401 413 10
402 414 5
403 415 1
404 415 6
405 416 5
406 417 4
407 418 10
408 419 6
409 420 13
409 421 11
410 422 8
411 423 6
412 424 13
413 425 13
414 426 4
415 427 13
416 428 7
417 429 7
418 430 7
419 431 12
420 431 3
421 432 9
422 432 3
423 433 10
424 433 2
425 433 6
426 434 11
427 434 4
428 435 9
429 435 2
430 436 2
431 437 8
432 438 13
433 439 8
433 440 1
433 441 1
434 442 5
434 443 2
435 444 11
435 445 9
435 446 10
436 447 4
437 448 1
438 449 6
439 450 11
440 451 10
441 452 11
442 453 12
443 454 1
444 455 11
445 456 2
446 457 6
447 458 13
448 459 13
449 460 7
450 461 1
451 462 9
452 463 10
453 464 9
454 465 7
455 466 5
456 467 4
457 468 3
458 469 4
459 470 4
460 471 8
461 472 3
461 473 3
462 474 3
463 475 4
464 476 8
465 477 12
466 478 2
467 479 10
468 480 6
469 481 7
470 482 7
471 482 2
472 483 9
473 484 11
474 485 3
475 485 2
476 485 10
477 486 13
478 487 12
479 487 9
480 487 7
481 487 4
482 488 3
482 489 8
482 490 6
483 491 1
484 492 5
484 493 11
485 494 9
486 495 7
486 496 7
486 497 7
487 498 11
487 499 9
488 500 4
489 500 9
490 500 8
491 500 1
492 500 12
493 500 13
494 500 10
495 500 9
496 500 6
497 500 7
498 500 9
499 500 3
