6 8 7 6
9 6 10 10
19 20 19 13
3 2 2 2
16 16 14 17
18 14 12 12
14 21 14 18
10 8 11 12
17 12 15 11
13 12 12 14
9 8 7 9
4 3 3 3
3 3 4 4
10 12 12 11
16 17 17 20
11 10 13 13
3 5 5 5
15 12 13 14
19 20 14 17
9 13 9 12
10 9 9 9
2 2 1 2
13 18 22 15
7 7 10 9
2 3 2 3
5 6 5 7
14 9 14 14
7 12 12 8
3 3 3 4
16 17 19 16
6 7 4 6
7 8 7 7
9 8 12 11
17 19 18 16
10 8 9 8
7 8 7 10
6 6 8 9
3 5 4 5
7 10 9 11
9 11 13 9
10 15 11 11
2 1 2 1
4 3 5 5
14 14 14 12
13 11 9 8
17 17 16 18
9 12 12 9
20 20 12 13
14 18 15 21
17 14 22 15
