1 2 4
1 3 15
1 4 3
2 5 7
2 6 4
2 7 1
3 8 15
3 9 9
3 10 9
4 11 14
4 12 11
4 13 15
5 14 15
6 15 9
7 16 9
7 17 8
7 18 1
8 19 14
9 20 14
10 21 12
10 22 12
11 23 1
12 24 15
12 25 2
13 26 12
13 27 6
14 28 10
14 29 8
15 30 4
16 31 3
17 32 6
18 33 1
19 34 1
19 35 14
20 36 12
21 37 12
22 38 15
23 39 15
24 40 10
25 41 6
26 42 4
27 43 13
28 44 1
29 44 3
30 45 9
31 45 12
32 45 6
33 46 10
34 47 15
35 48 5
36 49 6
37 49 11
38 50 15
39 50 5
40 51 9
41 51 10
42 51 2
43 51 1
44 52 11
44 53 14
44 54 13
45 55 11
45 56 15
46 57 9
47 58 7
48 59 9
48 60 2
49 61 1
50 62 7
50 63 5
51 64 15
51 65 1
51 66 3
52 67 1
53 68 12
54 69 8
55 70 1
56 71 12
57 72 11
58 73 12
59 74 14
60 75 12
61 76 11
62 77 7
63 78 8
64 79 11
65 80 9
66 80 15
67 81 1
68 82 11
69 83 13
70 84 14
71 85 13
72 86 15
73 87 7
74 88 13
75 89 1
76 90 14
77 91 3
78 92 9
79 93 6
80 94 15
81 95 6
81 96 1
82 97 11
82 98 9
83 99 8
83 100 4
83 101 15
84 102 4
85 103 5
85 104 13
85 105 3
86 106 13
86 107 8
87 108 6
87 109 13
88 110 10
88 111 10
88 112 14
89 113 14
90 114 6
90 115 10
91 116 10
92 117 1
93 118 12
94 119 11
94 120 13
95 121 5
96 122 1
97 123 15
98 124 13
99 125 7
100 125 9
101 126 12
102 126 12
103 127 4
104 127 6
105 128 10
106 129 12
107 130 10
108 130 7
109 131 13
110 131 2
111 132 5
112 132 14
113 133 2
114 134 8
115 134 10
116 135 15
117 136 13
118 137 4
119 137 2
120 138 13
121 139 14
122 140 12
123 141 5
124 142 1
125 143 11
126 144 15
127 145 4
128 146 9
129 147 12
130 148 5
131 149 9
132 150 2
133 151 8
134 152 15
135 153 12
136 153 3
137 153 7
138 154 7
139 155 6
140 156 6
140 157 15
141 158 10
141 159 6
142 160 1
143 161 7
144 162 4
145 163 11
145 164 4
146 165 6
147 166 11
148 167 5
149 168 10
150 169 7
150 170 12
151 171 10
152 172 10
152 173 2
153 174 14
154 175 4
155 176 9
156 176 12
157 177 7
158 178 15
159 179 8
160 180 1
161 181 8
162 181 14
163 182 9
164 183 11
165 184 12
166 185 14
167 185 2
168 185 5
169 186 15
170 187 12
171 188 11
172 189 4
173 190 13
174 190 5
175 191 15
176 192 11
177 193 15
178 194 4
178 195 6
179 196 6
180 197 13
181 198 3
182 199 13
183 200 5
184 201 12
185 202 1
186 203 11
187 204 7
188 205 4
189 206 8
190 207 14
191 208 2
191 209 9
192 210 14
193 210 3
194 211 12
195 212 6
196 212 3
197 213 12
198 214 4
199 215 13
200 215 4
201 216 15
202 216 11
203 217 5
204 218 1
205 218 12
206 218 4
207 218 2
208 219 7
209 219 1
210 220 7
211 221 9
212 222 2
213 223 10
214 224 8
215 225 9
215 226 7
216 227 3
217 228 13
217 229 6
218 230 2
219 231 15
220 232 10
221 233 5
222 234 7
223 234 4
224 235 4
225 236 8
226 237 14
227 238 11
228 239 14
229 240 3
230 241 3
231 242 3
232 243 6
233 244 1
234 245 7
235 246 14
236 247 13
237 248 14
238 249 11
239 250 6
240 251 10
241 252 15
242 253 12
243 254 8
244 255 6
244 256 12
244 257 8
245 258 12
245 259 10
245 260 9
246 261 6
247 262 11
248 263 2
249 264 7
249 265 14
250 266 1
250 267 1
251 268 9
251 269 13
251 270 13
252 271 11
253 272 12
254 273 12
255 274 2
256 275 13
257 276 10
258 277 3
259 278 2
260 279 14
261 280 4
262 281 8
263 282 7
264 283 14
265 284 3
266 285 12
267 286 13
268 287 7
269 288 10
270 289 8
270 290 9
271 291 12
272 292 14
273 293 3
274 294 11
275 295 8
276 296 7
277 297 5
278 298 2
279 299 13
279 300 12
280 301 10
281 302 2
282 303 13
282 304 3
283 305 11
283 306 2
283 307 14
284 308 6
285 309 13
286 310 4
287 311 10
288 312 3
288 313 8
289 314 1
290 315 8
290 316 10
291 317 2
292 318 9
293 319 6
294 319 1
295 320 11
296 320 11
297 320 6
298 320 4
299 321 14
300 321 8
301 321 10
302 322 3
303 322 9
304 322 2
305 322 7
306 322 5
307 323 15
308 323 9
309 323 6
310 323 5
311 324 1
312 324 4
313 324 8
314 325 4
315 325 7
316 326 14
317 326 14
318 326 3
319 327 5
319 328 4
320 329 14
320 330 3
321 331 5
322 332 4
323 333 7
323 334 2
324 335 8
324 336 7
325 337 1
326 338 1
326 339 1
327 340 12
328 341 8
329 342 14
330 343 13
331 344 10
332 345 8
333 346 13
334 347 12
335 348 11
335 349 1
336 350 6
337 351 4
338 352 13
338 353 4
338 354 10
339 355 11
340 356 5
341 356 3
342 357 10
343 357 9
344 358 10
345 359 3
346 360 13
347 360 7
348 361 9
349 362 1
350 362 1
351 363 11
352 363 14
353 364 5
354 365 13
355 365 3
356 366 9
356 367 8
357 368 6
357 369 3
358 370 13
359 371 7
360 372 6
361 373 4
362 374 8
363 375 2
363 376 15
364 377 11
364 378 5
365 379 14
365 380 12
366 381 6
367 382 6
368 383 3
369 384 1
370 385 2
371 385 2
372 385 1
373 386 11
374 386 11
375 387 8
376 388 7
377 388 10
378 388 9
379 389 15
380 390 2
381 391 1
382 392 10
383 393 15
383 394 15
384 395 13
384 396 14
385 397 1
386 398 10
387 399 11
388 400 5
388 401 9
388 402 8
389 403 2
390 404 9
390 405 12
391 406 1
392 407 3
392 408 3
393 409 2
393 410 7
394 411 14
395 412 10
396 413 8
397 414 13
398 415 12
399 416 9
399 417 11
400 418 6
400 419 12
401 420 10
402 421 10
403 422 3
404 423 7
405 424 13
405 425 2
406 426 3
407 427 14
408 428 8
409 428 10
410 429 1
411 430 14
412 431 2
413 432 8
414 433 15
415 434 1
416 434 14
417 434 12
418 435 13
419 436 3
420 437 13
421 438 3
422 439 2
423 440 12
424 441 7
425 441 13
426 442 6
427 443 6
428 444 12
429 445 10
429 446 3
430 447 8
431 448 1
431 449 12
432 450 15
432 451 11
433 452 5
433 453 6
434 454 2
435 455 14
436 456 3
437 457 7
437 458 8
438 459 13
439 460 2
439 461 10
440 462 10
441 463 5
441 464 5
442 465 3
443 466 8
444 466 7
445 467 13
446 468 13
447 469 8
448 470 8
449 471 15
450 472 5
451 472 11
452 473 11
453 473 8
454 474 14
455 475 14
456 476 7
457 477 9
458 478 8
459 479 1
460 480 12
461 480 13
462 481 6
463 482 9
464 482 12
465 483 6
466 484 4
467 485 8
468 486 6
469 487 9
470 488 8
471 489 14
472 490 5
473 491 8
474 492 13
474 493 13
475 494 1
476 495 12
476 496 9
477 497 6
478 498 6
479 499 6
480 500 8
481 501 6
482 502 6
483 503 7
484 504 10
485 505 12
486 506 11
487 507 4
488 508 4
489 509 13
490 510 15
491 511 5
492 512 2
493 513 12
494 514 7
495 515 11
496 516 11
497 517 14
498 518 15
499 519 10
500 520 4
501 521 9
502 522 11
503 523 15
504 524 2
505 525 11
506 526 8
507 527 13
508 528 9
509 529 4
510 530 7
511 531 5
512 531 9
513 531 13
514 532 6
515 533 8
516 533 10
517 534 5
518 535 7
519 535 3
520 535 2
521 536 5
522 537 13
523 538 11
524 539 7
525 540 15
526 541 3
527 541 6
528 542 3
529 543 13
530 544 4
531 545 6
532 546 5
533 547 4
534 548 15
535 549 13
536 550 6
537 551 7
538 552 5
539 553 11
540 554 15
541 555 15
542 556 4
543 557 12
544 558 4
545 559 12
546 560 2
547 561 10
548 562 10
549 563 8
550 564 3
551 565 2
552 566 7
553 567 9
554 568 1
555 568 14
556 569 15
557 570 13
558 571 5
559 572 6
560 573 14
561 574 1
562 575 7
563 575 13
564 576 6
565 577 11
566 578 1
566 579 14
567 580 15
568 581 13
569 582 11
570 583 12
571 584 7
572 585 14
573 586 8
574 587 12
575 588 3
576 589 11
577 590 13
578 591 13
579 591 15
580 592 12
581 593 4
582 593 5
583 594 2
584 595 3
585 595 9
586 596 2
587 597 5
588 598 9
589 599 10
590 599 8
591 600 7
592 600 2
593 600 12
594 600 3
595 600 7
596 600 15
597 600 12
598 600 1
599 600 12
