17  13  15  13
0  0  0  0
8  9  8  10
9  8  12  11
17  16  14  18
11  12  13  10
7  11  8  10
7  6  7  8
3  3  3  5
10  17  12  11
1  2  1  1
6  9  10  6
7  11  12  10
18  17  11  17
8  8  10  11
0  0  0  0
7  7  7  4
0  0  0  0
5  7  5  6
0  0  0  0
10  11  15  13
4  4  3  3
7  10  6  9
5  4  3  5
4  5  3  3
2  3  3  2
9  9  7  9
1  1  2  2
2  2  1  1
7  7  7  10
10  14  10  13
11  12  10  11
4  7  4  6
2  1  2  2
10  14  10  13
6  8  7  5
10  7  6  7
6  7  8  6
12  10  12  9
9  11  12  14
14  13  11  12
11  13  10  10
5  4  3  5
3  4  5  3
10  8  7  7
10  6  9  6
11  9  12  13
6  6  6  7
5  5  4  4
17  15  16  12
