1 2 41
1 3 102
1 4 4
1 5 124
1 6 107
2 7 51
2 8 26
3 9 8
3 10 116
3 11 139
3 12 76
4 13 17
4 14 103
4 15 111
4 16 27
4 17 28
5 18 132
5 19 111
5 20 112
5 21 121
5 22 70
6 23 72
6 24 105
6 25 134
6 26 127
7 27 30
8 27 132
9 27 126
10 28 72
11 28 47
12 28 135
13 29 46
14 30 138
15 31 92
16 32 37
17 33 10
18 34 71
19 34 26
20 35 17
21 36 100
22 37 4
23 38 44
24 38 72
25 38 17
26 39 137
27 40 104
28 40 52
29 41 15
30 42 30
31 43 136
32 44 48
33 45 132
34 46 48
35 47 101
36 48 86
37 49 131
38 49 48
39 50 93
40 51 100
41 52 50
42 53 63
43 54 88
43 55 95
44 56 91
44 57 130
44 58 28
45 59 98
46 60 6
47 61 77
47 62 41
48 63 118
49 64 100
50 65 4
51 66 89
51 67 137
51 68 46
52 69 87
53 70 37
54 71 1
55 72 91
56 73 113
56 74 50
57 75 117
57 76 39
58 77 35
59 78 29
59 79 44
60 80 51
61 81 93
62 82 102
62 83 72
63 84 86
63 85 15
64 86 90
65 87 71
66 88 11
67 89 115
68 90 139
69 91 108
70 92 25
71 93 94
72 94 124
73 95 126
74 96 138
75 97 139
76 98 42
77 99 30
78 100 9
79 101 63
80 102 100
81 103 26
82 104 102
83 105 138
84 106 8
85 107 61
86 108 93
87 109 35
88 110 98
88 111 32
89 112 50
90 113 71
91 114 91
92 115 50
93 116 6
94 117 44
95 118 80
96 119 98
97 120 73
98 121 115
99 122 15
100 123 85
101 124 83
102 125 45
103 126 69
104 127 73
105 128 118
106 129 64
107 130 6
108 131 67
109 132 47
110 133 17
111 134 71
112 134 68
113 134 10
114 135 99
115 136 63
116 137 129
117 138 56
118 139 61
119 139 55
120 140 107
121 141 98
122 141 22
123 142 137
124 143 120
125 143 82
126 144 136
127 144 115
128 144 3
129 145 114
130 145 59
131 146 42
132 147 22
133 148 25
134 149 99
135 150 104
136 151 25
137 152 3
138 153 13
139 154 84
140 155 62
141 156 4
142 157 46
142 158 49
143 159 91
144 160 91
144 161 13
145 162 123
146 163 3
147 164 123
148 165 112
149 166 97
150 167 1
151 168 9
152 169 137
153 170 67
154 171 46
155 172 44
156 172 40
157 173 9
158 174 38
159 175 110
160 176 6
161 177 127
162 178 4
163 178 133
164 179 7
165 180 80
166 181 58
167 182 86
168 182 72
169 183 32
170 184 106
171 185 78
172 186 20
173 187 47
174 188 70
175 188 99
176 188 32
177 189 39
178 189 78
179 189 77
180 190 37
181 191 40
181 192 119
181 193 36
182 194 56
183 195 87
183 196 9
184 197 104
184 198 122
185 199 51
185 200 26
186 201 129
187 202 75
188 203 120
189 204 117
190 205 104
191 206 1
192 207 135
193 208 74
194 209 29
195 210 126
196 211 46
197 212 17
198 213 106
199 214 38
200 215 91
201 216 69
202 217 127
203 218 38
204 219 19
205 220 97
206 221 90
207 222 57
208 223 57
209 224 43
210 225 126
211 226 98
212 227 45
213 228 1
214 228 50
215 229 55
216 230 37
217 231 114
218 232 86
219 233 64
220 234 104
221 235 61
222 236 51
223 237 108
223 238 65
224 239 109
225 240 19
226 241 45
226 242 86
227 243 100
227 244 104
228 245 42
228 246 100
229 247 76
230 248 61
231 249 53
232 250 76
233 251 18
233 252 134
234 253 87
235 254 1
236 255 35
237 255 101
238 255 122
239 256 36
240 256 56
241 257 51
242 258 1
243 259 52
244 259 97
245 259 126
246 260 100
247 261 34
248 262 72
249 263 98
250 264 107
251 264 51
252 264 48
253 265 46
253 266 61
254 267 123
254 268 45
254 269 21
255 270 66
256 271 133
257 272 85
258 273 47
259 274 55
260 275 41
261 276 63
262 277 22
263 278 84
263 279 9
263 280 131
264 281 111
265 282 77
266 282 103
267 283 10
268 284 43
269 285 15
270 285 70
271 285 31
272 286 52
273 287 80
274 288 107
275 289 30
276 289 114
277 290 133
278 291 137
279 292 76
280 293 12
281 294 135
282 295 62
283 295 102
284 296 84
285 297 14
286 298 122
287 298 57
288 299 17
289 300 27
290 300 38
291 300 110
292 301 37
293 301 98
294 302 54
295 303 64
295 304 23
295 305 83
296 306 86
296 307 70
297 308 96
297 309 127
298 310 9
298 311 49
299 312 21
299 313 107
299 314 123
299 315 137
300 316 51
301 317 5
302 318 75
302 319 125
302 320 111
303 321 52
304 322 53
305 323 104
306 323 13
307 323 15
308 324 87
309 324 103
310 324 139
311 324 117
312 325 22
313 325 18
314 326 4
315 327 65
316 328 8
317 329 127
318 329 105
319 329 62
320 330 59
321 331 88
322 332 112
322 333 132
323 334 127
324 335 76
324 336 111
324 337 79
325 338 29
325 339 70
326 340 55
327 341 108
328 342 64
329 343 28
329 344 134
330 345 89
331 346 98
332 347 3
333 348 71
334 349 139
335 350 78
336 351 56
337 352 91
338 353 118
339 354 123
340 355 122
341 356 104
342 357 138
343 358 104
344 359 133
345 360 138
346 361 88
347 362 34
348 363 49
349 364 8
350 365 64
351 366 55
352 367 124
353 368 28
354 369 93
355 370 54
355 371 77
356 372 83
357 373 93
358 374 54
359 375 14
360 376 10
361 377 67
362 377 104
363 378 69
364 379 40
365 380 65
366 381 51
367 381 117
368 382 114
369 383 121
370 384 9
371 385 32
372 386 116
373 387 106
374 388 108
375 388 128
376 389 117
377 390 85
377 391 68
377 392 96
378 393 29
379 394 116
380 395 83
381 396 75
382 397 31
383 398 82
384 399 90
384 400 82
385 401 43
385 402 95
386 403 138
387 404 97
387 405 116
388 406 126
389 407 95
390 408 73
391 409 113
392 409 51
393 410 102
394 411 4
395 411 39
396 412 48
397 412 131
398 412 100
399 412 35
400 413 33
401 413 51
402 413 24
403 414 51
404 415 37
405 416 100
406 416 120
407 417 138
408 418 33
408 419 91
408 420 58
408 421 7
408 422 31
409 423 70
409 424 21
409 425 84
409 426 92
409 427 103
410 428 139
410 429 55
410 430 1
410 431 18
410 432 77
411 433 29
411 434 101
411 435 91
411 436 129
411 437 72
412 438 79
412 439 41
412 440 53
412 441 110
413 442 78
413 443 45
413 444 39
413 445 101
413 446 15
414 447 113
414 448 109
414 449 74
414 450 17
414 451 57
415 452 71
415 453 23
415 454 104
415 455 53
415 456 40
416 457 79
416 458 11
416 459 36
416 460 31
416 461 46
417 462 119
417 463 30
417 464 118
417 465 2
418 466 135
419 466 26
420 466 47
421 467 35
422 467 19
423 468 46
424 468 92
425 468 44
426 469 69
427 469 17
428 469 57
429 469 89
430 470 105
431 470 28
432 470 111
433 470 65
434 471 52
435 471 135
436 471 51
437 471 37
438 471 126
439 471 63
440 472 118
441 472 88
442 472 124
443 472 62
444 473 130
445 473 33
446 474 92
447 474 96
448 475 96
449 475 38
450 475 128
451 475 49
452 475 122
453 476 2
454 476 138
455 477 102
456 477 61
457 477 70
458 477 67
459 477 68
460 477 101
461 478 8
462 478 48
463 478 109
464 479 52
465 479 95
466 480 106
467 481 94
468 482 63
468 483 38
468 484 84
469 485 119
470 486 26
471 487 120
472 488 39
473 489 127
474 490 32
475 491 120
475 492 45
476 493 88
477 494 116
478 495 3
478 496 114
479 497 52
479 498 57
480 499 82
481 500 117
482 501 117
483 502 115
484 502 74
485 503 112
486 504 132
487 505 120
488 505 75
489 505 14
490 506 47
491 506 112
492 506 43
493 507 54
494 508 36
495 508 35
496 509 85
497 510 120
498 511 74
499 512 54
500 513 40
501 514 44
502 515 85
503 516 81
504 517 4
504 518 112
505 519 86
506 520 8
506 521 53
507 522 107
508 523 94
509 524 103
510 525 56
511 526 28
512 527 54
513 528 103
514 529 130
515 530 81
516 530 36
517 531 107
518 532 69
519 532 28
520 533 64
521 534 85
522 535 113
523 536 71
524 537 52
525 538 102
526 539 24
527 540 70
528 541 6
528 542 12
529 543 124
529 544 21
530 545 76
530 546 55
531 547 28
532 548 64
533 549 106
534 550 21
534 551 97
535 552 51
535 553 3
536 554 61
537 555 18
537 556 63
538 557 116
538 558 15
539 559 129
540 560 66
541 561 23
542 561 23
543 562 36
544 563 61
545 564 108
546 565 65
547 566 69
548 566 12
549 567 73
550 567 135
551 567 79
552 568 101
553 568 33
554 568 109
555 569 75
556 569 137
557 569 28
558 570 132
559 570 18
560 571 71
561 572 73
562 573 6
563 574 42
564 575 95
565 576 71
566 577 106
567 578 8
568 579 101
569 580 74
570 581 20
571 582 11
571 583 101
572 584 38
573 585 136
574 586 100
574 587 122
575 588 79
575 589 102
576 590 108
577 591 60
577 592 31
578 593 22
578 594 90
579 595 74
579 596 102
579 597 97
580 598 124
580 599 3
581 600 106
581 601 54
582 602 48
583 603 82
584 604 74
585 604 45
586 604 27
587 605 81
588 606 8
589 606 92
590 607 65
591 608 90
592 609 36
593 610 85
594 611 7
595 612 82
596 612 124
597 613 31
598 613 128
599 614 71
600 614 128
601 615 93
602 616 66
603 617 104
604 618 65
605 619 138
606 620 65
607 621 55
608 621 80
609 622 113
610 623 107
611 624 18
612 625 133
613 626 122
614 627 1
615 628 12
616 629 118
617 630 16
618 631 111
618 632 83
619 633 55
620 634 97
620 635 40
621 636 33
622 637 30
623 638 138
624 639 61
624 640 11
625 641 29
626 642 74
627 643 83
628 644 136
629 645 29
629 646 98
630 647 126
631 648 74
632 649 59
633 650 97
633 651 131
634 652 132
635 653 43
636 654 44
637 655 4
638 656 19
639 657 81
640 658 115
640 659 9
641 660 83
642 661 31
643 662 94
644 663 27
645 664 116
646 665 61
647 666 133
648 666 64
649 667 33
650 668 25
651 669 106
652 670 29
653 671 104
654 672 136
655 673 54
656 674 128
657 675 78
658 676 75
659 677 97
660 678 13
661 679 129
662 680 3
663 681 114
664 682 121
665 683 76
666 684 98
667 685 131
668 686 130
669 686 86
670 687 63
671 687 38
672 688 64
673 689 62
674 690 80
675 691 77
676 692 14
677 693 86
678 694 108
679 695 11
680 696 68
681 696 124
682 697 58
682 698 121
683 699 99
684 700 3
685 701 20
686 702 88
687 703 59
688 704 7
689 705 51
690 706 98
691 707 47
692 708 110
692 709 105
693 710 41
694 711 11
695 712 74
696 713 81
697 714 9
698 715 116
699 716 128
700 717 111
701 718 36
702 719 117
703 720 118
704 721 115
705 722 136
706 723 69
706 724 66
707 725 9
707 726 89
708 727 97
709 728 123
710 729 28
711 730 29
712 731 121
712 732 40
713 733 30
714 734 78
715 734 69
716 735 69
717 736 23
718 737 136
719 738 102
720 739 57
721 739 18
722 740 113
723 740 119
724 741 1
725 742 129
726 742 58
727 743 21
728 744 130
729 744 34
730 745 73
731 746 52
732 747 137
733 748 89
734 749 75
735 750 28
736 751 127
737 752 80
738 752 81
739 753 33
740 754 1
741 755 75
742 756 125
743 757 50
744 758 101
745 758 112
746 759 58
747 760 133
748 761 129
749 762 76
750 763 40
751 764 8
752 765 128
753 766 7
753 767 14
754 768 14
755 769 33
756 770 92
757 771 84
758 772 134
759 773 49
760 774 27
761 775 13
762 776 52
762 777 93
763 778 47
764 779 79
765 780 37
765 781 139
765 782 105
766 783 96
767 784 81
767 785 9
768 786 121
769 787 106
770 788 21
771 789 98
772 790 100
773 791 49
774 792 62
775 793 72
775 794 120
775 795 17
776 796 136
777 797 119
778 798 47
779 799 92
780 800 89
781 801 135
782 801 119
783 802 42
784 803 53
785 804 73
786 805 135
787 805 67
788 805 23
789 806 44
790 807 62
791 808 1
792 808 22
793 809 24
794 810 31
795 810 82
796 811 131
797 812 95
798 813 105
799 814 98
800 815 54
801 816 35
802 817 59
803 818 18
804 819 43
805 820 6
806 821 117
807 822 36
808 822 36
809 823 5
810 824 21
811 825 59
812 825 97
813 825 36
814 826 137
815 826 113
816 826 85
817 826 53
818 827 108
819 827 27
820 828 69
821 829 22
822 829 77
823 830 96
824 831 57
825 832 85
825 833 124
825 834 34
825 835 93
826 836 73
827 837 34
827 838 51
827 839 35
827 840 135
828 841 37
828 842 108
829 843 3
829 844 10
829 845 25
830 846 1
830 847 28
831 848 25
831 849 87
831 850 58
832 851 76
833 852 134
834 853 77
835 854 5
836 854 58
837 855 107
838 856 109
839 857 35
840 857 63
841 858 136
842 859 58
843 859 134
844 860 7
845 861 104
846 862 107
847 863 88
848 864 55
849 865 45
850 866 131
851 867 15
852 868 26
853 869 34
854 870 57
855 871 8
856 872 95
857 873 63
858 874 110
859 875 64
860 876 96
861 877 116
862 878 61
863 879 53
864 880 120
865 881 24
866 882 42
867 883 1
868 884 55
869 885 81
870 886 66
871 887 108
872 888 9
873 889 58
874 890 116
875 891 112
876 892 136
877 893 36
877 894 117
878 895 87
879 896 22
880 897 52
881 898 63
882 899 73
883 900 77
884 900 126
885 900 91
886 900 71
887 900 46
888 900 18
889 900 94
890 900 14
891 900 26
892 900 50
893 900 8
894 900 100
895 900 88
896 900 3
897 900 81
898 900 48
899 900 17
