1 2 1
1 3 1
1 4 1
1 5 2
2 6 3
2 7 2
2 8 2
2 9 3
2 10 2
3 11 3
3 12 1
3 13 3
3 14 1
4 15 1
4 16 3
4 17 2
4 18 1
4 19 3
5 20 3
5 21 3
5 22 1
5 23 3
5 24 3
6 25 2
6 26 3
7 27 2
7 28 2
8 29 3
9 30 1
9 31 3
10 32 2
10 33 1
11 34 2
11 35 2
11 36 3
12 37 3
13 38 3
13 39 3
13 40 3
14 41 3
14 42 3
15 43 2
16 44 3
17 45 3
17 46 2
18 47 2
19 48 3
20 49 2
21 50 1
22 51 2
23 52 2
23 53 1
24 54 1
24 55 1
25 56 2
26 57 1
27 58 2
28 58 3
29 59 1
30 60 1
31 61 2
32 62 1
33 63 3
34 64 3
35 65 3
36 66 2
37 67 3
38 67 2
39 68 2
40 69 2
41 70 3
42 71 3
43 72 2
44 72 3
45 73 2
46 74 2
47 75 2
48 76 3
49 77 2
50 78 1
51 78 3
52 79 3
53 80 1
54 81 3
55 82 2
56 83 2
57 84 2
58 85 1
59 86 3
60 87 3
61 88 3
62 89 2
63 90 1
64 91 3
65 92 2
66 93 2
67 94 3
68 95 1
69 96 2
70 97 2
71 98 3
72 99 3
73 100 1
74 101 2
75 102 3
76 103 1
77 104 3
78 105 2
79 106 3
80 107 3
81 108 3
82 108 1
83 109 3
84 110 1
85 111 1
86 112 2
87 112 2
88 113 3
89 114 3
90 115 1
91 115 1
92 116 3
93 117 1
94 118 1
95 119 1
96 120 1
97 121 2
98 122 2
99 123 3
100 124 2
101 125 3
102 126 1
103 127 2
104 128 2
105 129 1
106 129 3
107 130 2
108 131 1
109 132 2
110 133 1
111 134 1
112 135 3
113 136 2
114 137 3
115 138 2
116 139 1
117 140 2
118 140 2
119 140 1
120 140 2
121 141 1
122 141 1
123 142 2
124 143 3
125 144 2
126 145 1
127 146 3
128 146 3
129 147 3
130 148 2
131 149 3
132 150 2
132 151 1
132 152 3
133 153 1
133 154 2
133 155 2
133 156 3
134 157 1
134 158 2
134 159 2
134 160 1
135 161 2
136 162 3
136 163 2
136 164 2
136 165 3
137 166 3
137 167 3
138 168 2
138 169 2
139 170 3
139 171 2
139 172 2
140 173 2
141 174 1
142 175 1
142 176 1
142 177 2
143 178 1
143 179 3
143 180 1
143 181 1
143 182 1
144 183 1
144 184 1
144 185 3
144 186 1
144 187 3
145 188 2
145 189 3
145 190 2
145 191 1
146 192 1
147 193 2
148 194 2
148 195 2
148 196 3
149 197 1
150 198 3
151 199 3
152 199 3
153 200 2
154 200 1
155 201 3
156 202 3
157 203 2
158 203 1
159 203 3
160 204 2
161 204 1
162 205 3
163 205 2
164 206 2
165 207 1
166 207 2
167 208 3
168 209 1
169 209 2
170 209 3
171 210 2
172 211 2
173 211 2
174 212 1
175 212 2
176 213 3
177 213 2
178 214 2
179 214 1
180 214 2
181 215 2
182 216 3
183 216 3
184 217 2
185 218 1
186 218 2
187 218 2
188 218 3
189 219 3
190 219 1
191 219 3
192 220 3
193 221 3
194 222 3
195 223 2
196 224 3
197 225 3
198 226 3
199 227 2
200 228 3
201 229 1
202 230 2
203 230 2
204 231 2
205 232 2
206 233 3
207 234 1
208 235 2
209 236 1
210 237 3
211 238 3
212 239 2
213 239 3
214 240 3
215 241 2
216 241 2
217 242 1
218 243 1
219 244 3
220 245 1
221 246 1
222 247 1
223 248 3
224 249 3
225 250 2
226 251 1
226 252 1
227 253 1
228 254 3
229 255 3
230 256 2
231 257 1
232 258 2
233 259 2
234 260 2
235 261 1
236 262 1
237 263 3
238 264 2
239 265 3
240 266 1
240 267 3
240 268 3
241 269 1
241 270 2
242 271 3
243 272 2
244 273 3
245 274 2
245 275 2
246 276 2
247 277 2
248 278 1
249 279 1
249 280 1
250 281 2
251 282 2
252 283 1
253 284 1
254 285 1
255 286 1
256 287 1
257 288 1
258 289 1
259 290 3
260 291 2
261 292 2
262 293 1
263 294 3
264 295 3
265 296 1
266 297 2
267 298 1
268 299 1
269 300 3
270 301 2
271 302 3
272 303 2
273 304 1
274 305 3
275 306 2
276 307 1
277 308 1
278 309 1
279 310 2
280 311 2
281 312 2
282 313 3
283 314 1
284 315 1
285 316 3
286 317 1
287 318 1
288 319 3
289 320 2
290 321 3
291 322 1
292 323 3
293 324 1
294 325 1
295 326 3
296 327 1
297 328 1
298 329 1
299 330 1
300 331 2
301 332 3
302 333 3
303 334 2
304 335 3
305 336 3
306 337 2
307 338 1
308 339 3
309 340 3
310 341 1
311 342 1
312 343 2
313 344 3
314 345 1
315 346 2
316 346 2
317 347 1
318 347 1
319 348 2
320 349 1
321 350 1
322 351 2
323 352 1
324 353 2
325 354 1
326 355 2
327 356 2
328 357 1
329 358 2
330 359 1
331 360 3
332 361 2
333 362 3
334 362 3
335 363 1
336 364 3
337 365 1
338 366 2
339 367 2
340 367 3
341 368 2
342 369 3
343 370 1
344 371 3
345 372 1
346 373 2
347 374 2
348 375 3
349 376 3
349 377 2
350 378 2
351 379 3
351 380 3
352 381 1
353 382 3
354 383 1
355 384 2
356 385 3
357 386 2
358 387 1
359 388 3
360 389 2
361 390 1
362 391 1
363 392 3
364 393 1
365 394 2
366 395 1
367 396 1
368 397 3
369 398 2
370 399 3
371 400 3
372 400 3
373 400 3
374 400 1
375 400 3
376 400 3
377 400 2
378 400 2
379 400 2
380 400 1
381 400 1
382 400 3
383 400 3
384 400 1
385 400 1
386 400 2
387 400 2
388 400 1
389 400 2
390 400 3
391 400 1
392 400 1
393 400 2
394 400 2
395 400 3
396 400 1
397 400 1
398 400 3
399 400 1
