1 2 112
1 3 107
2 4 80
2 5 68
2 6 78
2 7 88
2 8 97
3 9 72
3 10 89
4 11 20
4 12 77
5 13 37
5 14 14
6 15 95
6 16 116
6 17 35
7 18 69
7 19 96
7 20 2
7 21 107
8 22 102
8 23 71
8 24 4
8 25 81
9 26 113
9 27 85
9 28 93
10 29 17
10 30 27
10 31 37
10 32 86
11 33 38
12 34 92
13 35 78
14 35 103
15 36 38
16 37 107
17 38 24
18 39 17
19 39 100
20 40 116
21 41 93
22 42 100
23 42 38
24 43 26
25 43 25
26 44 84
27 45 83
28 46 58
29 47 112
30 48 15
31 48 65
32 49 48
33 50 35
34 50 88
35 50 79
36 50 3
37 50 102
38 50 48
39 50 116
40 50 6
41 50 27
42 50 74
43 50 113
44 50 38
45 50 40
46 50 95
47 50 74
48 50 105
49 50 40
