1 2 23
1 3 18
1 4 12
2 5 21
2 6 37
3 7 19
3 8 20
4 9 26
4 10 12
4 11 16
4 12 26
5 13 35
6 14 8
7 15 36
8 16 6
9 17 38
10 17 28
11 18 23
12 19 39
13 20 23
14 21 35
15 22 46
16 22 44
17 22 42
18 23 34
19 24 22
20 25 39
21 26 22
22 27 41
22 28 41
23 29 35
24 30 44
25 31 16
26 32 44
27 33 13
28 34 8
29 35 15
30 36 2
31 37 47
31 38 36
31 39 44
32 40 23
32 41 43
32 42 37
33 43 13
34 44 46
35 45 16
35 46 42
36 47 12
36 48 8
37 49 2
38 50 10
39 51 48
40 51 47
41 51 31
42 52 46
43 53 18
44 54 8
45 54 9
46 55 44
47 55 35
48 56 9
49 57 21
50 58 32
50 59 14
51 60 7
52 61 37
53 62 10
54 63 35
55 64 33
56 65 4
57 66 10
58 67 37
59 68 23
60 69 1
61 70 3
62 71 5
63 72 23
64 73 44
65 74 39
65 75 9
66 76 32
66 77 27
66 78 18
66 79 47
67 80 42
67 81 7
68 82 23
69 83 12
69 84 14
70 85 11
70 86 40
71 87 36
72 88 43
72 89 4
72 90 36
73 91 31
73 92 15
74 93 45
75 94 38
76 95 22
77 95 28
78 96 9
79 97 10
80 97 11
81 97 6
82 98 34
83 98 5
84 98 3
85 98 21
86 99 25
87 99 15
88 100 45
89 100 42
90 101 21
91 102 29
92 102 41
93 103 24
94 104 7
95 105 13
96 106 16
97 107 2
98 108 19
99 109 37
100 110 23
101 111 41
102 112 16
103 113 9
104 114 29
104 115 6
105 116 38
106 117 36
107 118 20
108 119 12
109 120 32
110 121 24
111 122 14
112 123 34
113 124 14
114 125 21
115 126 36
116 127 46
117 128 21
118 129 23
119 130 48
120 131 14
121 132 27
122 133 36
123 134 7
123 135 47
124 136 37
125 137 22
126 138 40
127 139 45
128 140 26
129 141 28
130 142 43
131 143 23
132 144 44
133 145 11
134 146 21
135 147 5
136 148 3
137 149 36
138 150 44
139 151 37
140 152 31
141 153 1
142 154 40
143 155 25
144 156 35
145 157 22
146 158 36
147 159 8
148 159 47
149 160 5
150 161 15
151 162 13
152 163 45
153 164 31
154 165 34
155 166 33
156 167 5
157 168 19
157 169 33
158 170 19
159 171 46
160 172 24
161 173 21
161 174 38
162 175 22
163 176 17
164 176 18
165 177 33
166 178 41
167 179 16
168 179 25
169 180 11
170 181 26
171 182 4
172 183 38
173 184 46
174 185 45
175 186 34
175 187 40
175 188 19
176 189 21
177 190 19
178 191 20
179 192 9
180 193 19
181 194 47
182 195 15
182 196 3
183 197 36
184 198 1
185 199 9
186 200 18
187 200 48
188 200 8
189 200 13
190 200 31
191 200 17
192 200 48
193 200 20
194 200 3
195 200 32
196 200 27
197 200 44
198 200 37
199 200 21
