2 8 0 4
6 2 8 4
4 0 5 5
2 1 6 3
2 8 3 0
14 14 1 11
3 1 10 10
10 8 8 0
3 6 5 4
11 2 3 14
2 3 3 1
8 2 0 7
0 0 10 5
2 4 7 3
9 1 10 6
3 7 3 13
1 0 0 2
0 1 2 1
5 2 1 4
14 4 11 1
1 0 8 7
1 0 5 5
0 7 0 8
2 0 1 1
4 0 11 12
1 9 10 2
0 7 4 11
9 8 0 0
8 1 5 7
0 0 4 1
3 2 4 3
2 0 1 3
3 2 3 6
7 6 2 0
4 1 4 0
1 3 4 8
9 0 9 1
2 0 2 2
2 0 0 4
14 2 10 14
4 0 0 4
0 14 10 1
7 3 11 11
3 10 5 0
4 3 2 4
1 6 11 9
1 0 2 7
7 3 10 7
1 3 3 3
0 4 0 3
6 9 7 0
0 4 4 4
2 0 1 0
1 3 4 0
6 6 2 2
4 1 5 5
1 4 1 0
0 1 3 4
0 0 0 0
2 3 3 4
0 7 9 12
5 7 0 1
8 9 5 2
0 4 4 6
4 2 0 1
7 6 3 5
8 6 1 8
3 4 1 1
2 2 0 0
5 6 7 5
5 0 1 8
1 0 0 1
0 2 0 1
2 4 10 10
4 2 11 5
2 1 4 2
5 16 2 3
3 9 0 4
6 2 3 4
3 3 4 1
1 0 1 1
7 0 1 8
2 3 1 4
10 6 7 9
1 5 1 4
3 3 7 0
6 2 2 0
1 8 8 0
16 7 4 16
0 1 4 3
1 3 4 6
2 3 0 2
14 4 6 0
4 5 2 4
5 4 5 8
0 0 4 1
5 2 15 0
0 6 5 2
9 1 3 8
0 4 3 3
13 3 9 12
2 7 14 9
14 7 12 0
0 3 2 0
8 4 1 2
5 6 10 11
1 2 0 3
12 2 3 8
0 8 1 0
4 4 1 0
7 8 0 9
2 15 9 6
8 10 10 1
0 4 0 4
8 6 7 5
5 0 14 14
1 2 1 3
10 3 8 4
2 2 1 2
8 0 0 9
3 5 4 5
6 6 11 4
11 12 7 8
2 2 0 2
0 4 5 4
4 2 2 4
2 2 0 1
1 14 8 14
2 0 2 2
0 2 1 3
8 2 8 6
2 5 5 0
1 3 4 1
2 3 1 3
3 14 4 13
6 10 2 1
0 7 8 4
3 0 0 1
1 0 0 1
2 1 0 1
1 0 7 2
8 9 8 2
2 3 8 2
4 9 13 13
7 4 8 7
13 7 4 1
2 1 1 1
6 9 2 3
1 11 1 16
9 11 8 12
2 2 3 3
6 5 1 5
12 10 1 11
1 6 5 5
12 4 2 0
2 6 0 11
9 7 0 0
3 1 5 9
9 0 2 12
1 0 2 1
2 9 14 8
3 10 8 7
9 10 3 4
2 1 1 2
9 9 14 7
10 1 0 0
4 2 4 4
10 8 0 6
2 2 4 0
3 4 4 5
0 1 2 0
2 1 0 5
1 1 0 3
2 0 2 1
2 4 0 5
12 10 16 12
5 6 6 11
4 1 9 9
3 1 0 0
0 7 2 6
3 4 12 16
7 16 6 15
16 5 3 11
1 1 1 2
5 2 6 6
8 3 0 8
1 0 0 0
6 4 5 7
6 0 1 0
6 4 8 10
2 2 1 5
3 12 10 8
0 0 3 2
11 7 6 8
12 12 14 11
2 3 2 11
10 7 3 1
10 2 5 8
3 0 3 2
9 8 0 2
