1 2 76
1 3 59
1 4 84
2 5 38
2 6 11
2 7 65
3 8 28
3 9 10
3 10 33
3 11 44
4 12 32
4 13 23
5 14 67
6 15 44
7 16 73
8 17 24
9 18 66
10 19 98
11 20 14
12 20 92
13 21 40
14 22 83
15 23 29
16 24 74
16 25 49
17 26 40
18 27 65
18 28 58
18 29 20
19 30 70
20 31 58
21 32 50
22 33 27
23 34 24
24 35 66
25 36 86
26 36 71
27 37 36
28 38 86
29 38 14
30 39 54
31 39 34
32 40 39
33 41 20
33 42 89
33 43 26
34 44 96
35 45 29
36 46 90
37 47 76
38 48 27
39 49 34
40 50 1
41 51 63
42 51 55
43 52 48
44 52 34
45 52 49
46 53 1
47 54 39
48 55 50
49 55 39
50 55 53
51 56 44
52 57 32
53 58 4
53 59 47
54 60 31
55 61 58
56 62 92
57 63 48
58 64 19
59 65 12
59 66 95
60 67 14
60 68 45
61 69 60
62 70 26
63 71 40
64 72 43
65 73 65
66 74 63
67 75 80
68 75 2
69 76 4
70 77 35
71 78 41
72 79 6
73 80 14
74 81 10
75 82 64
75 83 3
76 84 83
77 85 72
77 86 89
77 87 6
78 88 2
78 89 81
78 90 81
79 91 75
79 92 19
79 93 12
79 94 98
80 95 17
80 96 10
80 97 88
80 98 22
81 99 83
81 100 56
82 101 46
82 102 76
82 103 71
83 104 97
83 105 62
84 106 2
84 107 88
84 108 98
84 109 82
85 110 81
86 110 66
87 110 91
88 110 95
89 110 28
90 111 7
91 111 35
92 111 73
93 111 88
94 111 67
95 112 47
96 112 29
97 112 35
98 112 55
99 112 93
100 113 93
101 113 3
102 113 94
103 113 34
104 113 60
105 113 37
106 114 59
107 114 17
108 114 99
109 114 92
110 115 76
110 116 48
110 117 66
110 118 25
111 119 63
112 120 24
113 121 27
114 122 98
115 123 37
116 124 82
117 125 49
118 126 26
119 127 21
120 127 56
121 128 55
122 128 42
123 129 31
123 130 59
123 131 6
124 132 64
124 133 23
125 134 1
125 135 69
126 136 34
126 137 34
127 138 1
127 139 65
128 140 21
129 141 19
130 142 36
131 142 51
132 143 75
133 143 70
134 144 71
135 144 87
136 145 34
137 145 82
138 145 74
139 145 7
140 145 35
141 146 41
142 147 17
143 148 10
144 148 64
145 148 33
146 149 49
146 150 61
147 151 49
148 152 4
149 153 9
149 154 37
150 155 97
150 156 49
151 157 93
151 158 48
151 159 29
151 160 42
152 161 25
152 162 74
153 163 51
154 164 11
155 165 9
156 165 72
157 166 78
158 166 58
159 167 96
160 168 70
161 169 16
162 170 37
163 171 78
164 172 66
165 173 22
166 174 15
167 175 1
168 175 81
169 176 34
170 176 45
171 177 42
172 178 84
173 179 35
174 180 20
175 181 39
176 181 30
177 182 15
177 183 23
178 184 75
178 185 83
179 186 16
179 187 53
179 188 44
180 189 29
181 190 94
182 191 85
183 192 55
184 193 60
185 194 78
186 195 2
187 196 93
188 197 69
189 198 17
190 199 40
191 200 25
192 200 50
193 200 97
194 200 22
195 200 17
196 200 7
197 200 88
198 200 95
199 200 70
