1 2 35
1 3 49
1 4 37
2 5 7
2 6 74
2 7 74
2 8 2
3 9 30
3 10 66
3 11 22
3 12 46
4 13 52
4 14 68
4 15 15
4 16 38
5 17 70
6 17 16
7 18 68
8 18 39
9 19 30
10 20 46
11 21 21
12 21 33
13 22 15
14 23 62
15 24 57
16 25 30
17 26 66
18 27 65
18 28 31
19 29 6
20 30 3
20 31 29
21 32 4
22 33 69
23 34 36
24 35 8
25 36 14
25 37 48
26 38 22
27 39 51
28 40 37
29 41 22
30 42 26
31 43 16
32 44 41
33 45 61
34 46 79
35 47 12
36 48 17
37 49 8
38 50 59
39 51 54
40 52 45
40 53 79
41 54 62
41 55 77
41 56 72
42 57 15
43 58 57
44 59 67
44 60 52
45 61 63
45 62 74
46 63 68
46 64 62
47 65 14
48 66 64
48 67 11
49 68 37
50 69 12
51 70 47
52 71 62
53 72 74
54 73 7
55 73 58
56 74 46
57 75 46
58 76 13
59 77 7
60 77 69
61 78 68
62 79 15
63 79 63
64 80 4
65 81 42
66 82 4
67 82 54
68 83 37
69 84 31
70 85 63
71 86 20
72 87 62
73 88 55
74 89 8
74 90 66
75 91 72
76 92 5
77 93 76
78 94 39
79 95 64
80 96 74
80 97 61
81 98 63
81 99 68
82 100 14
83 101 11
84 102 67
85 103 25
86 104 20
87 105 12
88 106 50
89 107 29
90 108 39
90 109 32
91 110 59
92 111 40
93 112 35
93 113 7
94 114 72
95 115 63
96 116 16
97 117 54
98 118 31
99 119 31
100 120 51
100 121 40
101 122 52
102 123 69
103 124 57
104 125 23
105 125 36
106 126 32
107 127 63
108 127 6
109 128 37
110 129 2
111 130 68
112 131 20
113 132 21
114 133 43
115 134 75
116 134 62
117 135 77
118 136 64
119 137 38
120 137 57
121 138 49
122 139 70
123 140 19
124 141 29
125 141 41
126 142 22
127 142 23
128 143 64
129 143 73
130 144 7
131 144 64
132 145 43
133 146 75
134 147 14
135 147 46
136 148 62
137 149 36
138 150 26
139 150 43
140 151 71
141 152 14
142 153 14
142 154 69
143 155 20
144 156 39
145 157 32
146 158 46
147 159 37
147 160 49
147 161 10
148 162 72
149 163 73
149 164 34
150 165 52
150 166 76
151 167 76
152 168 27
153 169 29
154 170 45
155 171 24
156 172 49
157 173 39
157 174 77
158 175 65
159 176 1
160 177 5
161 178 33
162 179 41
163 180 36
164 181 31
165 182 5
165 183 2
166 184 58
166 185 50
166 186 11
167 187 43
168 188 24
169 189 8
170 190 16
171 191 24
172 192 25
173 193 54
174 194 12
175 195 60
176 196 60
177 197 33
178 198 48
179 199 10
180 200 29
181 201 64
182 202 37
183 203 9
184 204 43
184 205 49
185 206 26
186 207 29
187 208 7
188 208 78
189 209 35
190 209 13
191 210 51
192 211 63
193 212 34
194 212 71
195 212 12
196 213 13
197 213 37
198 214 60
199 214 32
200 215 21
201 215 70
202 216 41
203 216 53
204 216 42
205 217 56
206 217 79
207 217 60
208 218 40
209 219 31
209 220 3
210 221 2
211 222 10
211 223 5
212 224 39
213 225 5
214 226 76
215 227 62
216 228 76
217 229 20
217 230 47
218 231 72
219 232 44
220 233 28
221 234 26
222 235 13
222 236 53
223 237 49
223 238 8
224 239 71
225 240 42
226 241 4
227 242 23
228 243 3
229 244 63
230 245 32
230 246 24
231 247 50
232 248 57
233 249 57
234 250 17
235 251 18
236 252 63
237 253 29
238 254 33
239 254 65
240 255 57
241 256 58
242 257 76
243 258 61
244 259 12
245 260 56
246 261 12
247 262 45
248 263 76
249 264 47
249 265 71
250 266 27
250 267 24
251 268 74
251 269 31
252 270 53
253 271 53
254 272 32
254 273 16
255 274 46
256 275 15
256 276 51
256 277 55
257 278 27
258 279 69
259 280 53
259 281 69
260 282 3
261 283 61
261 284 28
262 285 65
263 286 13
263 287 66
264 288 43
265 289 45
266 290 57
267 291 37
268 292 3
269 293 42
270 294 28
271 295 27
272 296 32
273 297 13
274 298 58
275 299 75
276 300 13
277 301 48
278 302 31
279 303 23
280 304 64
281 305 15
282 306 62
283 307 65
284 308 7
285 309 33
286 309 24
287 310 63
288 310 47
289 311 55
290 311 66
291 312 59
292 312 5
293 313 53
294 314 62
295 314 35
296 315 37
297 315 55
298 316 59
299 316 38
300 316 29
301 317 66
302 318 22
303 319 72
304 320 64
305 320 78
306 321 63
307 321 33
308 322 45
309 323 19
310 324 20
311 325 31
311 326 34
312 327 21
313 328 76
314 329 3
315 330 26
316 331 15
317 332 51
318 333 54
319 334 43
320 335 32
321 336 32
322 337 61
322 338 49
323 339 34
323 340 28
324 341 3
324 342 69
324 343 72
324 344 70
325 345 75
325 346 8
325 347 30
326 348 79
326 349 48
327 350 60
328 351 29
329 352 57
329 353 71
329 354 52
330 355 48
331 356 18
331 357 78
331 358 23
332 359 43
332 360 12
332 361 26
333 362 20
334 363 59
334 364 35
335 365 30
336 366 53
337 367 12
337 368 36
337 369 32
338 370 6
338 371 19
339 372 2
340 372 71
341 373 20
342 374 42
343 375 72
344 376 15
345 377 19
346 378 50
347 378 57
348 379 62
349 380 30
350 380 48
351 381 68
352 382 32
353 383 1
354 384 49
355 384 54
356 385 2
357 386 46
358 386 16
359 387 62
360 387 79
361 388 12
362 388 71
363 388 60
364 389 63
365 389 60
366 390 55
367 390 23
368 391 28
369 391 68
370 392 79
371 392 71
372 393 75
373 394 48
374 395 26
375 396 54
376 397 1
377 397 49
378 398 46
379 399 61
380 399 37
381 400 7
382 401 57
383 402 25
384 403 31
385 404 19
386 404 40
387 404 3
388 405 49
389 406 40
390 406 38
391 407 31
392 408 70
393 409 14
394 410 50
395 411 65
396 412 10
397 413 72
398 414 17
399 415 30
400 416 2
401 417 48
402 418 26
403 419 18
404 420 57
405 421 31
406 422 24
407 423 57
408 424 50
409 425 23
410 426 38
411 427 9
412 427 49
413 428 12
414 429 50
415 429 19
416 430 60
417 430 59
418 431 26
419 432 6
420 433 1
421 434 23
422 435 2
423 436 63
424 437 43
425 438 55
425 439 58
426 440 3
427 441 5
427 442 23
428 443 28
429 444 3
429 445 27
429 446 18
429 447 35
430 448 2
431 449 73
432 450 67
432 451 61
433 452 6
433 453 6
434 454 42
435 455 46
436 456 46
436 457 48
436 458 18
437 459 44
437 460 30
438 461 64
439 462 51
440 462 15
441 462 37
442 463 66
443 463 76
444 463 53
445 463 35
446 463 65
447 463 38
448 464 43
449 465 2
450 465 30
451 465 75
452 466 65
453 466 46
454 466 13
455 467 1
456 467 56
457 468 77
458 469 13
459 470 28
460 470 32
461 471 36
462 472 17
463 473 2
464 474 74
465 475 71
466 475 42
467 476 26
468 477 79
469 478 40
470 479 43
471 480 20
472 481 32
472 482 25
473 483 56
473 484 5
473 485 56
473 486 5
474 487 33
474 488 5
475 489 65
475 490 11
476 491 52
477 492 36
477 493 33
478 494 44
479 495 49
479 496 44
479 497 17
480 498 64
481 499 45
482 500 30
483 501 3
484 501 35
485 501 29
486 502 74
487 503 40
488 504 5
489 505 8
490 505 36
491 505 23
492 506 56
493 507 1
494 508 13
495 508 66
496 509 68
497 510 38
498 511 37
499 512 2
500 513 41
501 514 6
502 515 50
503 516 38
504 517 69
505 518 52
506 519 46
507 520 12
508 521 73
509 522 59
510 523 35
511 524 64
512 525 29
513 526 10
513 527 14
514 528 45
515 529 58
516 530 20
517 531 71
518 532 72
519 533 6
519 534 54
519 535 12
520 536 49
521 537 40
522 538 23
522 539 50
522 540 5
523 541 57
524 542 20
525 543 23
526 544 27
527 545 34
528 546 17
529 546 59
530 547 66
531 547 65
532 548 23
533 549 73
534 550 79
535 551 3
536 552 72
537 553 22
538 554 15
539 555 4
540 556 67
541 557 16
542 558 57
543 559 48
544 560 67
545 561 20
546 562 63
547 563 26
548 564 60
549 565 58
550 566 29
551 567 50
552 568 42
552 569 52
553 570 5
554 571 53
554 572 5
555 573 43
556 574 44
557 575 9
558 576 79
559 577 37
560 578 72
561 579 25
562 579 56
563 580 47
564 581 16
565 581 21
566 582 67
567 583 16
568 584 41
569 585 4
570 585 54
571 585 42
572 585 57
573 585 52
574 586 46
575 586 3
576 587 18
576 588 32
577 589 70
578 590 58
579 591 17
580 592 5
581 593 6
581 594 36
581 595 36
581 596 68
582 597 78
582 598 14
582 599 24
583 600 48
583 601 67
584 602 31
585 603 45
585 604 77
586 605 43
586 606 67
587 607 55
588 608 60
589 609 4
590 610 23
591 611 77
592 612 16
593 613 6
594 614 29
595 615 75
596 616 36
597 617 61
598 618 50
599 619 36
600 620 2
601 621 2
602 622 23
603 623 74
604 624 52
605 625 62
606 626 5
607 627 28
608 627 64
609 628 33
610 629 51
611 629 44
612 629 19
613 630 53
614 630 29
615 631 9
616 632 65
617 633 56
618 634 62
619 635 41
620 635 64
621 636 51
622 636 24
623 637 41
624 638 78
625 638 77
626 638 70
627 639 13
627 640 29
628 641 18
628 642 9
629 643 67
630 644 43
630 645 35
631 646 48
632 647 70
632 648 21
633 649 58
634 650 32
635 651 57
635 652 67
636 653 56
636 654 54
637 655 61
638 656 68
638 657 21
639 658 30
640 658 58
641 659 11
642 660 1
643 660 72
644 660 65
645 661 11
646 662 68
647 663 31
648 663 39
649 664 26
650 664 69
651 665 71
652 665 6
653 666 42
654 667 46
655 667 2
656 667 48
657 667 33
658 668 47
658 669 79
659 670 32
659 671 9
660 672 22
661 673 3
661 674 7
662 675 70
663 676 52
664 677 11
665 678 46
666 679 71
667 680 27
668 681 68
668 682 8
668 683 37
669 684 62
670 685 50
671 686 32
672 687 23
673 688 12
674 689 30
675 690 63
676 691 44
677 692 52
677 693 4
678 694 59
678 695 40
679 696 37
680 697 72
680 698 72
680 699 57
681 700 66
682 700 43
683 700 26
684 700 11
685 700 50
686 700 63
687 700 16
688 700 48
689 700 30
690 700 51
691 700 8
692 700 43
693 700 50
694 700 59
695 700 11
696 700 48
697 700 70
698 700 36
699 700 24
