5 6 3 4 6 3 5 2 2 4 2 6 3 4 5 4
2 2 1 1 1 2 1 1 2 2 2 2 1 2 1 1
2 2 1 2 2 1 2 1 2 1 1 1 2 2 1 1
5 8 4 12 9 9 12 9 4 9 10 5 10 7 5 9
4 4 8 5 4 9 5 9 7 6 6 4 7 8 9 5
17 13 15 16 11 7 6 11 16 6 8 8 12 12 9 6
18 7 12 12 8 10 18 6 10 10 9 16 11 8 15 17
15 15 14 15 10 14 8 6 9 12 16 9 14 8 8 6
11 10 12 12 8 16 23 9 19 11 18 19 24 9 21 18
7 6 5 5 10 4 11 6 6 8 7 8 6 9 10 9
1 2 2 2 2 1 2 3 3 3 2 2 2 3 2 3
2 2 2 2 1 2 1 2 1 2 1 1 1 1 1 2
4 8 4 4 4 6 3 5 8 5 8 3 3 8 8 5
5 4 3 5 5 5 4 3 2 3 5 3 3 4 3 2
15 12 14 14 18 9 18 6 13 12 8 10 7 11 6 10
6 9 5 8 3 5 5 5 8 9 9 6 5 6 5 5
3 2 1 2 1 2 2 1 1 2 3 2 1 3 3 1
5 3 7 8 9 8 8 4 3 8 6 7 7 5 9 9
17 7 8 9 14 12 10 15 11 15 6 12 11 8 16 16
13 8 14 18 12 15 12 10 10 15 21 13 11 14 12 19
7 20 14 20 20 19 10 12 11 14 9 17 10 14 11 8
2 2 1 2 1 2 1 1 2 2 2 2 2 1 1 2
18 9 18 14 14 13 16 18 14 8 18 14 18 14 14 13
11 15 12 9 10 6 8 5 5 13 13 8 10 5 11 13
10 19 20 21 12 18 15 12 11 20 14 8 20 12 20 12
2 1 1 2 2 1 1 2 1 3 3 3 1 2 1 1
7 4 4 6 7 4 6 6 7 3 8 7 3 8 6 6
23 16 12 24 9 17 16 20 8 19 18 16 8 17 13 10
3 6 4 4 5 5 7 8 8 3 4 4 4 5 8 8
6 9 9 7 9 16 12 16 9 16 9 15 15 13 9 6
3 2 1 1 3 1 2 1 3 2 2 1 3 2 3 3
3 6 5 3 5 2 2 4 4 5 6 4 2 4 2 2
8 11 22 11 15 12 19 23 12 19 10 17 12 19 17 20
18 12 20 14 8 13 19 8 14 10 10 8 7 10 19 11
4 6 7 5 9 4 7 7 3 5 5 6 7 8 7 7
10 4 6 4 8 8 11 5 5 7 6 4 8 7 9 8
3 6 3 8 7 5 4 3 3 5 7 5 6 5 8 5
19 10 8 14 13 24 24 11 8 23 13 12 12 13 8 8
12 13 14 6 9 7 10 11 10 10 10 8 7 5 15 10
8 8 3 6 8 8 3 7 6 5 4 5 3 4 7 8
21 8 23 19 8 13 10 15 22 9 9 21 17 17 18 24
5 2 5 3 2 4 4 6 3 3 5 5 2 4 5 5
8 13 21 16 11 17 18 15 21 17 7 13 15 19 17 7
2 1 2 3 1 3 3 1 2 2 3 2 1 2 3 3
6 8 8 10 9 11 8 5 13 13 5 7 10 13 7 14
16 9 8 12 8 6 17 18 8 8 18 13 13 16 17 8
4 11 10 4 8 7 5 12 10 4 5 7 8 10 8 12
4 11 11 11 7 5 8 10 7 8 8 8 9 4 8 7
12 9 13 11 14 10 14 8 8 12 11 13 11 8 11 6
2 2 2 1 2 2 1 2 2 2 1 2 1 1 1 1
3 9 8 8 4 3 6 5 5 5 5 4 9 5 5 3
14 17 17 7 10 16 15 13 20 16 12 18 18 14 17 14
4 4 8 5 10 5 5 10 7 11 5 11 11 7 8 8
6 12 11 11 12 6 8 9 4 12 4 7 4 8 4 8
4 3 5 3 4 5 5 3 3 2 2 4 4 3 3 5
4 4 2 3 3 3 5 5 4 5 4 2 2 3 5 2
19 8 15 7 16 13 12 11 11 12 16 8 13 10 13 19
10 9 9 7 13 5 7 13 9 12 13 14 12 10 6 7
15 11 11 14 17 12 16 12 13 14 10 14 8 8 15 11
9 13 10 9 11 12 5 14 12 7 12 8 8 11 5 10
10 9 6 7 4 9 6 7 5 9 11 8 6 10 4 5
2 1 3 3 2 3 3 2 3 2 3 1 1 2 3 2
15 17 23 10 13 17 9 13 11 22 23 13 12 15 14 16
20 8 17 14 22 12 12 9 24 23 9 19 13 15 18 11
14 5 14 14 14 14 10 9 14 11 8 11 5 9 10 14
14 17 12 15 20 9 9 12 16 20 19 16 12 10 12 21
3 9 8 8 7 4 5 5 4 6 3 6 5 4 3 7
16 9 11 9 8 15 15 9 7 17 10 16 6 10 15 16
1 2 1 2 1 2 1 2 2 1 1 2 2 1 2 2
12 6 6 9 7 4 10 7 5 7 12 10 9 11 6 4
4 2 6 2 3 2 5 2 5 5 4 4 2 5 6 4
12 14 10 6 10 7 10 12 13 8 10 12 6 7 14 6
3 1 3 3 2 3 1 1 3 2 3 1 3 3 1 1
12 18 12 17 7 13 13 17 11 11 7 11 17 6 15 8
7 3 6 6 9 8 7 7 6 3 4 3 7 5 9 6
3 2 5 2 5 3 2 3 2 4 2 3 4 4 4 5
10 8 7 8 9 8 8 5 9 12 12 12 12 12 11 8
2 2 2 2 2 3 3 1 3 1 2 2 3 2 3 3
6 3 5 6 6 9 5 8 9 9 4 8 7 3 9 4
7 11 9 12 4 4 12 7 11 7 6 4 8 4 9 4
3 3 4 3 4 4 5 3 5 3 5 3 2 3 3 5
5 4 3 5 4 3 7 8 4 6 9 4 7 3 4 5
6 5 5 6 5 6 5 4 2 3 5 6 4 4 4 2
5 4 10 4 4 6 11 9 6 11 7 5 9 4 10 5
10 6 6 13 12 12 11 6 10 12 7 11 13 12 15 15
8 21 15 7 16 16 13 16 9 11 12 21 8 10 20 8
8 6 4 3 9 9 8 5 3 7 5 3 6 4 5 6
12 13 10 14 6 17 18 11 10 15 11 14 12 12 13 18
7 11 13 6 6 8 8 7 9 13 6 9 7 13 5 7
17 14 18 18 8 19 15 16 9 8 19 14 19 12 10 20
11 16 10 18 10 7 11 8 13 10 13 8 16 7 10 8
18 10 20 19 19 22 21 9 9 13 14 9 8 18 20 13
8 11 11 7 6 9 7 9 4 8 10 7 5 6 8 7
2 2 1 1 1 2 2 1 2 1 2 2 1 2 2 1
2 2 2 3 2 3 1 1 2 3 1 1 3 3 3 2
4 5 4 6 3 3 3 6 5 3 6 3 4 2 6 6
20 9 19 21 18 12 10 14 11 16 18 8 17 11 16 21
13 12 15 15 7 12 11 9 12 12 15 7 13 5 8 14
7 17 11 15 10 15 13 10 9 17 10 17 14 10 6 15
5 7 5 3 4 4 4 4 5 6 6 4 7 8 4 3
10 20 21 16 15 8 13 18 11 8 12 22 15 18 16 23
16 12 7 13 7 12 19 12 15 18 19 19 19 11 11 10
8 9 7 12 12 16 12 14 16 18 8 19 15 16 18 21
5 6 8 5 3 8 6 5 8 6 5 8 8 7 7 5
3 2 1 2 1 2 1 1 1 1 2 1 2 2 3 3
18 24 19 20 8 15 16 24 10 13 10 16 18 16 13 21
9 19 11 17 10 20 14 20 15 7 13 19 19 9 13 20
12 11 17 20 18 10 11 13 19 12 11 9 9 18 15 18
10 9 19 16 20 22 19 18 20 22 20 14 20 14 22 11
6 5 4 4 3 3 5 2 3 4 2 3 3 5 2 2
1 1 3 1 2 2 2 3 2 3 1 1 2 2 2 1
10 11 18 15 18 18 24 14 14 19 15 24 8 19 19 17
1 2 1 2 1 1 2 1 2 2 1 2 2 1 2 1
10 17 14 8 15 10 7 14 10 17 15 19 11 15 12 10
3 3 2 1 3 3 2 2 1 1 2 2 1 3 2 1
10 20 7 7 15 10 17 16 15 9 11 16 17 20 7 7
3 5 4 8 7 6 6 4 3 8 3 8 8 6 9 4
5 6 3 6 8 4 6 8 5 7 8 6 6 3 4 8
12 15 6 15 13 8 10 13 15 12 10 12 6 8 12 10
13 13 21 20 8 13 11 9 20 10 16 12 9 13 21 10
14 18 13 13 21 12 10 7 12 20 9 18 18 20 7 10
4 3 6 5 4 5 2 6 3 6 4 4 3 5 2 5
17 23 17 9 20 21 19 19 16 20 18 9 17 11 12 17
16 15 16 7 18 17 15 10 19 17 12 19 21 9 21 16
13 14 16 20 18 22 23 10 17 23 16 9 12 9 9 11
8 7 5 8 10 11 9 5 10 8 5 9 10 8 4 5
20 20 8 9 8 18 9 13 16 14 13 16 20 14 16 8
11 6 6 4 6 6 11 6 11 8 11 6 5 9 11 7
2 6 4 6 2 2 5 6 2 4 6 4 2 3 6 5
7 17 16 12 7 17 6 17 17 11 15 11 16 11 9 13
12 15 13 15 11 7 7 12 13 7 5 12 12 15 15 14
6 13 12 16 16 16 16 14 17 6 8 11 17 13 6 7
7 6 4 4 4 9 6 9 8 9 3 4 8 6 5 5
8 6 5 13 8 9 8 7 14 8 6 7 5 9 7 10
6 8 7 4 8 5 7 7 6 6 4 5 6 7 5 8
8 8 6 10 13 16 15 7 6 13 8 15 14 17 8 7
18 12 13 9 10 7 16 9 14 11 12 10 9 12 10 10
2 5 5 5 5 5 4 5 4 2 4 4 5 4 5 4
23 17 21 14 20 15 9 22 16 17 21 16 13 20 21 24
5 5 6 2 4 4 5 2 4 5 4 2 3 5 2 4
15 18 8 12 8 9 12 16 19 11 20 16 13 21 21 9
5 9 3 4 9 8 9 4 4 6 5 5 3 5 4 9
9 9 14 21 11 22 19 16 17 20 16 21 22 22 20 24
12 8 19 9 16 7 17 10 8 12 13 16 17 14 18 19
9 5 11 5 7 11 7 4 4 9 4 10 10 9 11 5
15 11 19 23 9 14 17 17 16 10 9 22 8 16 9 22
8 5 8 3 7 6 6 7 6 5 8 7 7 4 8 7
20 9 10 9 21 20 21 8 11 15 9 20 15 17 10 10
4 6 5 5 7 6 5 6 9 6 7 6 6 8 7 8
8 7 11 10 6 11 8 8 7 11 6 8 6 7 6 7
18 10 15 17 12 17 24 22 12 22 15 22 15 15 21 12
11 10 5 8 12 9 8 8 14 9 6 14 10 5 5 10
5 3 5 5 3 5 3 2 5 3 4 4 3 4 2 2
8 7 3 4 6 9 8 7 5 4 7 6 8 5 5 6
6 5 3 4 6 3 4 6 3 4 4 7 4 4 8 3
15 14 20 7 11 12 8 16 16 16 10 19 11 15 17 14
10 14 12 9 7 14 20 20 17 13 19 17 7 11 18 16
10 10 10 6 6 10 4 8 4 8 7 10 11 11 9 9
11 17 13 8 16 8 21 16 10 12 12 17 17 23 21 19
6 7 6 3 6 7 6 4 8 4 3 5 6 5 8 3
9 10 18 18 7 12 10 11 15 8 17 15 17 6 10 6
1 2 2 2 2 1 2 2 2 1 1 1 1 2 2 2
22 20 20 10 14 8 18 9 19 16 11 10 24 16 9 13
14 23 15 9 21 9 10 12 22 14 13 19 13 14 21 20
18 12 23 10 9 10 18 17 13 10 22 21 12 22 14 9
7 15 11 15 15 10 11 10 8 11 10 5 9 8 12 7
10 12 8 13 10 14 6 9 10 14 12 15 6 15 9 15
6 15 9 17 14 8 6 9 13 15 16 14 7 15 6 12
2 4 6 6 3 2 6 4 5 6 5 4 5 2 5 4
17 10 18 18 12 16 17 8 8 17 8 17 13 7 9 12
12 10 6 9 6 7 9 16 11 16 12 17 14 9 17 11
13 14 10 11 12 11 11 9 14 7 14 8 13 7 14 12
9 11 7 4 5 6 7 6 7 10 4 8 4 6 4 9
2 3 4 3 4 4 4 4 3 2 2 4 4 5 3 4
3 1 3 1 3 3 2 1 1 1 3 3 3 3 3 2
1 2 1 1 1 1 1 2 2 1 1 1 1 2 1 2
2 1 2 2 1 1 2 1 2 2 2 1 2 1 1 2
5 3 9 7 5 7 9 9 4 3 6 7 7 8 5 6
7 8 7 5 9 7 5 5 9 8 6 3 3 5 4 7
9 15 12 15 8 11 14 14 8 8 10 6 8 13 6 14
14 15 13 18 20 12 13 21 10 8 15 19 12 20 9 17
17 14 8 20 14 15 12 21 10 10 11 15 14 18 11 9
15 15 14 12 13 7 7 7 8 6 8 10 14 13 16 8
21 22 10 9 8 13 23 18 8 10 21 8 23 17 11 8
2 3 3 3 3 2 3 3 1 1 2 1 3 2 3 2
13 6 6 15 10 14 11 12 12 12 13 13 8 14 11 9
20 13 14 19 10 10 11 10 20 15 14 8 17 7 16 14
2 3 2 6 2 5 2 3 3 6 3 4 5 4 5 2
1 2 3 1 3 1 2 2 2 2 3 1 2 2 2 2
4 5 4 5 5 4 2 4 3 2 4 4 2 6 2 5
8 8 9 6 5 4 5 7 5 8 4 8 3 3 3 8
8 16 9 12 13 18 18 19 20 9 21 19 16 14 17 15
3 2 3 2 2 3 1 1 3 3 2 3 3 1 3 3
16 8 11 7 19 13 12 10 8 14 8 7 20 16 7 13
12 23 23 23 19 23 14 20 18 12 20 14 16 14 8 13
20 8 10 18 16 11 7 14 18 12 11 15 10 20 7 10
5 4 2 2 3 5 3 5 5 3 3 5 3 5 3 4
5 8 9 4 10 5 10 9 6 10 4 7 9 10 11 8
4 2 2 3 3 4 2 5 4 2 2 5 2 5 5 3
3 6 5 5 5 6 5 6 2 4 3 5 3 6 3 6
6 5 5 4 4 4 6 11 9 6 7 11 5 7 9 7
7 13 8 9 15 7 8 12 10 17 7 16 15 16 18 10
9 6 11 15 6 18 9 12 18 14 16 17 17 17 6 13
9 21 18 10 7 13 8 21 13 11 14 12 20 18 8 18
6 9 4 5 8 5 3 9 7 6 7 7 9 7 6 3
11 12 18 8 12 18 12 8 8 9 14 17 7 12 12 14
17 11 19 8 9 18 12 16 11 12 8 18 21 16 9 10
15 6 5 15 14 15 10 11 5 7 13 14 15 13 7 10
15 15 23 13 9 12 21 20 16 23 11 21 18 16 16 19
9 15 9 12 15 10 15 12 17 17 13 13 8 16 12 7
7 6 4 6 11 9 5 4 5 9 5 6 6 8 8 9
6 3 3 3 3 2 2 4 5 6 5 6 2 3 3 4
10 10 7 11 6 9 7 9 5 6 10 8 8 11 11 9
10 6 12 15 6 11 8 13 6 12 12 5 13 15 7 14
6 2 6 3 5 6 4 5 3 6 2 5 2 5 4 6
6 12 7 10 9 11 8 5 13 8 5 7 12 9 12 12
4 5 7 3 3 4 4 8 3 3 4 7 5 4 4 4
6 11 8 10 7 5 10 6 10 6 7 10 8 7 9 10
18 16 23 10 10 19 10 17 21 20 22 22 19 9 13 16
21 9 21 17 10 14 15 16 16 21 14 15 15 19 17 11
4 4 11 5 10 11 8 5 4 7 11 7 10 6 9 7
7 10 9 7 6 4 4 8 9 7 11 8 5 7 6 6
9 22 22 19 9 14 15 9 23 22 14 14 22 14 13 11
6 6 4 2 3 4 6 3 5 5 5 3 6 4 3 4
10 11 5 5 12 8 5 11 12 10 7 4 8 6 8 9
7 5 4 4 8 3 5 9 8 4 9 4 9 9 8 3
5 3 5 4 4 3 5 2 5 4 3 4 2 3 3 5
5 9 5 8 11 10 10 11 5 9 7 9 9 4 8 5
22 12 13 18 16 23 24 23 20 9 21 15 13 24 17 23
8 21 10 16 20 13 15 9 15 23 14 9 9 15 18 15
5 9 8 4 8 9 7 8 7 9 4 11 10 10 11 4
14 9 10 10 9 17 17 14 10 15 7 12 18 6 10 17
11 7 13 13 14 6 11 10 9 11 11 5 6 14 8 10
3 3 5 4 4 4 3 3 4 2 4 2 2 3 3 3
6 11 14 14 9 7 10 12 17 12 9 9 7 15 17 17
7 9 5 13 10 14 10 13 5 8 10 13 14 12 10 5
2 2 2 1 2 1 1 2 2 2 1 1 1 1 2 2
9 8 16 16 10 15 11 17 23 19 18 15 17 18 10 9
14 9 5 11 10 13 9 10 5 6 11 9 7 13 11 7
3 3 2 4 2 3 3 4 3 3 4 3 4 5 3 3
7 3 8 3 3 8 8 7 5 6 3 8 5 6 6 7
8 9 7 5 6 4 9 7 3 5 7 5 9 8 8 9
11 5 10 14 13 13 13 5 14 14 8 6 15 5 15 15
6 4 3 6 3 8 3 8 7 7 7 6 6 6 4 4
19 8 11 10 9 21 10 11 16 13 16 19 21 21 21 15
2 3 3 2 3 2 1 2 3 2 1 3 2 3 1 3
2 2 4 3 3 2 5 5 4 3 3 5 4 3 5 5
9 5 6 10 6 8 8 9 10 10 9 13 10 5 12 6
2 1 1 3 1 3 2 1 3 1 2 3 3 3 3 2
10 8 16 9 19 8 16 21 19 14 12 23 21 15 14 12
6 6 10 9 6 4 12 12 12 4 6 5 4 6 12 12
10 11 5 11 10 6 4 8 8 4 10 10 7 4 12 5
11 10 6 6 5 10 10 5 4 9 10 11 6 4 9 10
22 21 13 23 13 12 20 9 11 19 13 13 12 11 11 24
2 3 2 4 5 3 2 4 2 3 5 4 2 5 2 3
22 21 13 22 8 12 10 17 12 11 14 19 18 15 17 8
14 20 18 7 11 12 8 12 16 15 17 15 14 16 16 14
4 4 9 11 12 7 11 12 9 6 5 12 8 8 7 12
4 6 4 2 4 5 6 2 5 4 2 3 3 6 6 2
16 14 8 9 8 9 6 6 13 6 16 12 18 6 13 8
4 5 4 4 4 4 2 4 5 2 2 4 5 3 2 4
4 6 7 6 6 7 8 8 7 4 4 5 6 7 3 5
6 18 7 9 17 14 8 7 17 9 9 15 13 6 11 16
21 15 10 10 15 20 14 20 8 12 11 8 14 11 14 23
1 1 3 1 1 3 2 2 2 3 3 3 3 2 1 1
8 8 6 5 3 3 6 6 4 7 7 3 4 4 7 7
10 14 8 9 9 7 9 14 13 5 13 13 5 12 10 6
11 13 7 14 11 16 17 14 17 17 9 11 14 8 7 8
7 9 5 9 4 7 3 3 9 7 7 6 9 9 6 9
1 2 1 1 1 2 2 1 1 1 2 2 2 2 1 1
14 10 15 15 21 14 11 21 18 9 15 9 10 12 16 9
7 8 8 4 8 5 7 8 6 5 7 8 5 7 5 8
19 9 12 20 11 8 17 12 8 13 20 20 7 18 11 20
8 14 9 9 15 9 12 8 7 5 14 15 13 13 7 9
1 1 1 1 1 2 2 2 1 1 1 2 2 2 1 2
2 2 2 1 1 1 1 1 1 1 1 2 2 1 1 2
1 2 1 2 1 1 1 2 1 2 1 2 1 1 2 1
13 7 6 16 6 17 15 16 16 14 11 9 11 13 13 11
17 11 14 6 6 16 12 11 7 12 16 12 16 15 16 17
19 21 16 8 11 13 8 8 12 20 14 19 14 8 22 18
7 9 13 10 6 5 8 11 5 12 6 5 14 8 14 8
5 13 11 9 5 11 14 14 5 5 7 10 15 5 8 12
18 12 19 16 21 8 17 16 19 17 23 15 23 10 22 22
9 7 3 6 4 4 3 3 3 4 5 3 8 6 3 4
23 16 11 8 21 21 8 9 22 18 22 17 21 23 20 22
14 10 8 20 11 19 11 18 9 21 12 16 18 17 11 11
18 8 7 7 8 12 14 15 16 18 20 12 13 18 14 9
6 4 8 3 5 5 3 4 7 8 7 4 7 8 8 5
9 8 4 5 9 9 8 4 5 7 8 7 8 6 9 6
8 7 11 13 17 17 11 15 6 8 10 6 11 17 6 10
5 10 6 9 9 11 9 5 4 7 4 10 11 6 11 10
15 24 12 12 18 18 9 16 9 13 24 11 23 23 10 10
3 3 2 4 5 6 4 4 6 6 4 6 3 3 5 2
17 8 22 15 18 13 16 18 17 12 8 20 20 10 22 17
4 6 6 5 5 3 3 6 3 5 9 4 3 4 7 5
1 3 2 2 3 1 3 2 2 2 2 1 1 3 1 3
8 13 13 7 9 14 12 18 16 12 6 6 18 17 7 8
4 9 8 9 9 3 8 8 9 4 4 6 4 5 5 5
5 14 6 5 9 9 6 10 6 14 14 5 15 12 7 10
1 1 1 1 1 1 3 3 3 2 2 1 3 1 2 1
18 17 14 10 10 10 16 8 11 23 11 16 12 20 18 18
11 15 11 6 6 12 11 10 11 15 14 17 12 12 9 9
24 17 19 18 12 24 8 17 14 16 22 21 8 10 19 8
3 5 3 3 2 2 5 5 2 4 3 3 3 3 5 3
5 2 2 5 3 5 5 2 3 5 4 5 5 2 3 5
4 5 3 2 3 3 3 4 4 4 5 4 4 3 3 4
7 5 3 7 4 6 8 3 5 5 9 3 8 4 9 5
7 7 4 5 5 7 9 10 7 10 10 10 10 7 5 10
9 7 14 16 15 15 12 14 18 9 7 8 13 7 15 16
7 10 7 6 14 13 8 10 8 12 6 13 6 6 12 8
12 4 7 12 10 9 6 6 5 7 4 5 8 6 12 4
10 11 11 20 12 10 12 8 14 22 12 13 14 13 12 9
5 2 4 3 5 2 4 2 4 5 5 2 2 3 2 4
22 20 15 13 16 8 21 12 21 9 9 21 16 19 17 22
1 2 3 2 2 1 2 1 3 1 1 2 3 1 2 3
8 5 11 4 9 7 8 8 7 5 9 8 11 8 5 5
11 9 7 9 9 6 11 9 4 8 11 12 10 7 6 10
9 8 6 9 3 9 7 3 4 6 9 4 6 8 7 6
18 11 20 20 14 18 14 15 20 18 8 12 8 8 21 18
8 7 6 12 8 8 6 13 12 10 8 15 11 11 10 7
2 4 2 3 6 4 3 6 5 5 2 4 5 5 6 3
2 1 1 1 1 2 1 1 2 2 1 1 1 2 2 2
9 11 8 8 11 8 6 5 10 8 9 15 8 8 14 15
7 15 12 15 8 11 10 12 11 17 16 6 15 15 15 11
7 6 5 7 9 10 10 10 11 12 7 12 12 11 10 7
5 4 3 2 3 3 6 3 2 6 4 3 2 5 2 3
11 6 14 9 6 6 14 8 6 14 5 7 9 8 7 6
4 6 2 3 3 3 3 6 4 5 2 4 5 6 3 4
5 5 3 9 4 9 3 8 6 9 4 9 5 4 6 6
7 8 5 5 8 11 6 10 8 5 13 10 14 15 13 15
4 2 4 4 3 3 3 5 5 5 4 5 4 4 4 4
4 11 5 12 12 10 7 10 11 5 5 10 11 12 8 4
3 8 5 5 8 5 5 7 8 6 4 4 3 5 4 7
3 9 4 8 8 8 6 7 8 8 6 4 3 4 4 5
2 5 5 3 3 4 4 2 5 2 2 4 5 3 2 3
8 7 3 3 4 5 7 9 6 9 8 3 9 7 5 3
11 10 5 11 8 8 12 10 10 11 8 10 13 13 10 7
17 7 10 15 10 13 13 11 17 16 18 19 13 11 12 13
5 9 10 5 9 7 8 14 9 5 11 9 6 6 13 6
15 9 8 12 12 13 11 15 15 10 13 11 11 13 19 13
4 5 7 5 8 9 5 8 7 8 7 7 3 8 7 8
3 5 8 6 6 4 6 3 6 4 4 5 5 6 7 4
5 3 5 3 6 3 8 8 4 7 6 9 6 3 6 5
22 11 20 16 8 16 14 18 13 17 22 18 21 9 21 9
19 9 17 14 8 20 10 8 8 17 14 9 14 7 17 8
11 8 11 11 14 12 8 9 12 21 15 7 17 16 14 12
5 6 12 13 6 14 5 6 11 13 10 7 8 12 9 11
13 12 15 6 12 9 6 13 17 7 10 16 10 15 11 14
17 17 11 8 11 14 22 10 13 23 10 19 14 15 15 11
7 7 5 3 8 5 6 5 4 5 7 8 6 8 5 5
12 7 13 18 6 12 10 8 13 18 17 16 11 6 11 16
3 5 5 4 3 3 3 4 5 5 5 2 5 4 2 4
12 14 18 11 7 19 12 21 16 13 18 21 18 15 11 8
3 5 2 4 4 2 4 2 5 5 5 3 4 5 2 2
10 24 17 17 14 12 8 17 17 18 19 14 9 24 15 24
2 5 3 3 6 3 2 2 6 3 5 4 4 5 2 3
12 15 21 8 21 12 7 12 16 21 21 19 15 15 18 12
4 4 6 4 10 8 5 7 8 8 8 5 4 8 7 8
17 13 6 9 10 6 16 8 9 11 10 13 14 17 10 13
2 2 2 3 4 3 5 5 3 5 3 3 3 3 4 5
18 7 12 10 16 18 8 18 16 8 13 10 13 18 12 20
14 15 15 17 9 10 20 16 10 12 14 15 11 13 21 17
9 10 14 6 11 8 15 9 8 12 6 12 16 7 16 6
15 7 13 12 16 18 14 12 9 7 11 13 10 18 16 11
7 11 14 11 13 13 7 11 10 13 6 11 7 7 12 11
13 5 14 12 10 5 9 5 5 8 12 10 5 12 6 10
3 5 6 4 5 2 5 3 3 4 6 3 6 5 6 5
6 6 12 14 5 5 14 15 12 14 6 9 12 9 10 10
15 13 14 6 10 16 7 10 15 11 10 13 13 11 9 17
13 8 23 11 17 17 13 8 24 13 14 9 14 11 11 16
8 5 3 7 3 5 3 3 4 6 3 8 6 6 3 8
2 2 2 1 1 2 2 1 2 2 2 2 1 1 1 1
7 17 11 10 11 18 16 16 18 8 9 18 10 11 12 8
2 4 3 3 5 2 4 2 5 3 6 6 6 4 6 5
8 9 20 18 11 12 18 22 18 14 23 15 13 17 18 19
13 9 13 14 12 14 9 8 14 7 8 9 13 13 8 6
11 10 9 12 5 4 4 12 5 5 7 11 6 11 12 11
4 8 5 8 8 8 4 3 7 8 3 8 8 8 8 8
3 3 2 2 2 3 1 2 3 1 2 2 2 3 3 2
8 23 21 12 22 8 19 16 17 22 11 24 13 20 8 15
4 7 6 3 3 3 7 6 3 8 4 6 5 3 9 3
5 4 5 5 4 3 4 5 4 5 3 2 4 2 3 2
7 9 7 10 9 6 11 7 9 5 6 4 9 6 6 4
8 8 11 4 7 5 7 12 7 11 8 8 12 12 8 6
7 14 12 12 11 13 13 11 6 12 11 16 13 9 7 16
14 11 7 18 9 10 12 17 9 6 13 18 8 14 10 16
5 4 4 3 3 2 5 2 5 4 2 6 3 2 4 4
21 15 15 20 11 15 16 20 15 19 15 21 18 14 21 17
10 20 11 16 19 13 20 8 19 17 20 15 9 19 16 10
20 20 17 19 16 11 14 14 18 23 19 17 20 11 20 16
5 2 4 4 4 5 4 4 5 4 5 5 3 4 4 3
9 7 9 8 12 5 14 12 5 9 10 8 10 5 7 13
13 21 14 19 16 17 8 19 9 18 12 7 8 7 20 15
3 3 3 2 1 1 3 1 3 1 3 2 1 2 1 2
20 14 11 18 16 9 17 9 16 7 15 15 11 17 13 7
2 5 4 2 4 3 5 5 5 3 4 5 3 4 4 2
1 3 1 1 1 3 1 3 2 2 3 3 2 3 1 3
5 2 2 3 4 2 4 4 3 2 5 4 3 4 2 3
4 8 3 7 9 4 7 6 5 7 9 8 6 8 5 9
2 3 4 5 4 3 4 6 5 5 4 3 3 2 4 6
