1 2 1
1 3 5
2 4 5
3 5 4
3 6 2
4 7 2
4 8 5
4 9 1
5 10 5
5 11 1
5 12 1
6 13 4
7 14 5
8 14 1
9 15 5
10 15 2
11 16 2
12 16 2
13 17 5
14 18 3
14 19 2
14 20 3
15 21 1
15 22 4
15 23 3
16 24 2
16 25 3
16 26 3
17 27 2
17 28 5
17 29 5
18 30 4
19 30 2
20 30 2
21 31 5
22 31 5
23 32 1
24 33 3
25 33 3
26 34 1
27 34 4
28 35 4
29 36 1
30 37 5
30 38 3
31 39 4
32 40 4
32 41 2
32 42 4
32 43 3
33 44 5
33 45 4
34 46 5
35 47 3
36 48 4
36 49 1
36 50 4
36 51 2
37 52 2
38 52 4
39 53 5
40 54 3
41 54 2
42 55 2
43 56 5
44 57 3
45 58 5
46 59 3
47 60 2
48 61 5
49 62 1
50 62 1
51 63 3
52 64 3
53 65 3
54 65 4
55 66 4
56 66 5
57 67 2
58 68 5
59 69 3
60 69 5
61 70 4
62 70 1
63 70 3
64 71 2
65 72 2
66 73 3
67 74 1
68 75 2
69 76 4
70 77 4
71 78 5
72 79 2
73 80 1
73 81 5
74 82 2
74 83 2
74 84 1
75 85 4
76 86 1
76 87 1
77 88 3
78 89 2
79 90 5
80 90 5
81 90 2
82 91 4
83 91 1
84 92 3
85 92 4
86 93 4
87 93 5
88 93 2
89 94 1
90 95 5
90 96 3
91 97 2
92 98 5
93 99 4
94 100 1
95 100 5
96 100 5
97 100 4
98 100 4
99 100 1
