1 2 5
1 3 3
1 4 2
2 5 5
2 6 5
2 7 9
2 8 5
3 9 1
3 10 9
3 11 8
3 12 9
4 13 7
4 14 5
4 15 6
4 16 9
5 17 8
6 18 7
7 19 5
8 20 6
9 21 7
10 22 3
11 23 9
12 23 7
13 24 1
14 25 5
15 25 5
16 26 7
17 27 2
18 28 1
19 29 1
20 30 7
21 31 1
22 32 6
23 33 5
24 34 5
25 35 5
26 36 3
27 37 8
28 38 6
29 39 2
30 40 8
31 41 4
32 42 6
33 42 1
34 43 4
35 44 4
36 45 3
37 46 9
38 47 2
39 48 4
39 49 1
40 50 4
41 51 8
41 52 1
42 53 3
43 54 4
44 55 1
44 56 1
44 57 3
45 58 7
46 59 6
47 60 8
48 61 7
49 62 7
50 63 5
51 64 6
52 65 9
53 66 1
54 67 4
54 68 5
55 69 5
56 70 9
57 71 6
58 72 1
58 73 3
59 74 7
60 75 6
61 75 4
62 76 2
63 76 3
64 77 8
65 77 7
66 78 4
67 79 5
68 79 4
69 80 8
70 81 8
71 82 8
72 82 3
73 83 3
74 84 5
75 85 5
76 86 2
77 87 8
78 88 6
79 89 4
80 90 5
81 91 5
81 92 3
82 93 8
83 94 7
84 95 6
84 96 8
85 97 2
86 98 2
87 99 6
88 100 1
89 101 4
90 102 6
90 103 9
90 104 2
91 105 5
92 106 1
93 107 1
94 108 1
95 109 6
96 110 7
97 111 1
98 112 3
99 113 6
100 114 1
101 115 2
102 116 8
103 116 4
104 117 3
105 118 5
106 119 5
107 120 9
108 121 1
109 122 7
110 123 1
111 124 8
112 125 6
113 126 4
114 127 7
115 128 6
116 129 9
117 130 8
118 131 8
119 132 8
120 133 7
121 134 3
122 135 7
123 136 4
124 136 2
125 136 9
126 137 6
127 138 1
128 139 1
129 140 3
130 141 4
131 141 8
132 142 9
133 142 4
134 142 1
135 143 4
136 144 5
137 145 9
138 146 4
138 147 9
139 148 7
139 149 1
140 150 5
140 151 6
140 152 5
141 153 1
141 154 8
141 155 5
142 156 2
142 157 4
143 158 9
144 159 7
145 160 4
146 161 7
147 162 7
148 163 6
149 164 1
150 164 7
151 165 9
152 166 4
153 167 5
154 168 8
155 168 6
156 168 6
157 169 5
158 170 1
159 171 3
159 172 3
160 173 3
160 174 1
161 175 5
161 176 8
161 177 4
162 178 7
163 179 7
163 180 9
164 181 6
165 182 6
166 183 2
167 184 5
168 185 9
169 186 6
170 187 6
171 188 9
172 189 9
173 190 3
174 191 2
175 192 1
176 193 7
177 194 5
177 195 5
177 196 1
178 197 9
178 198 6
179 199 9
180 200 1
181 201 8
181 202 8
182 203 7
182 204 6
183 205 7
183 206 5
184 207 8
184 208 3
184 209 5
184 210 1
185 211 1
186 212 3
186 213 9
187 214 8
188 214 6
189 215 4
190 216 7
191 216 6
192 217 1
193 217 7
194 217 8
195 217 2
196 218 4
197 218 3
198 219 9
199 219 1
200 220 9
201 220 2
202 221 8
203 222 5
204 222 8
205 222 9
206 223 9
207 223 6
208 224 3
209 225 8
210 225 7
211 226 8
212 227 3
213 227 1
214 228 3
215 228 4
216 229 8
217 229 3
218 230 8
219 230 6
220 230 2
221 231 2
222 232 3
223 233 6
224 233 6
225 234 9
226 234 2
227 235 6
228 236 5
229 237 9
230 238 1
231 239 7
232 240 6
232 241 9
232 242 5
233 243 6
233 244 3
234 245 4
235 246 7
235 247 3
236 248 5
236 249 1
237 250 4
238 251 6
239 252 3
240 253 8
241 254 7
242 255 9
243 256 3
244 257 8
245 258 5
245 259 9
245 260 1
246 261 2
247 262 6
248 263 4
249 264 6
250 265 3
251 266 8
252 267 9
253 267 2
254 268 8
255 269 7
256 269 2
257 270 4
258 271 2
259 272 3
260 273 3
261 274 7
262 275 4
263 276 3
264 277 5
265 278 9
266 279 6
267 280 9
268 281 2
269 282 2
270 283 8
271 284 2
272 285 4
273 286 2
274 287 3
275 288 2
276 289 4
277 290 5
278 291 8
279 292 3
280 293 7
281 294 6
281 295 8
282 296 1
283 297 7
284 298 5
285 299 9
286 300 8
287 301 7
288 302 3
289 303 2
290 304 8
291 305 1
292 305 7
293 306 4
294 306 6
295 306 6
296 306 8
297 307 6
298 308 2
299 309 6
300 310 2
301 310 9
302 311 4
303 312 1
304 313 8
305 314 8
305 315 4
305 316 4
306 317 3
306 318 7
307 319 3
307 320 4
308 321 8
309 322 7
310 323 1
310 324 1
311 325 2
312 326 9
313 327 8
314 328 5
315 328 3
316 329 2
317 330 4
318 331 6
319 332 3
320 333 4
321 334 4
322 334 7
323 334 3
324 335 5
325 335 9
326 336 5
327 337 5
328 338 3
329 339 6
330 340 7
331 341 8
332 342 9
333 342 9
334 343 7
335 344 8
336 345 6
336 346 9
337 347 4
338 348 5
338 349 2
339 350 4
340 351 6
340 352 3
341 353 5
342 354 6
343 355 2
344 356 1
344 357 1
345 358 3
346 359 3
347 360 4
348 361 7
349 362 3
350 363 3
350 364 3
351 365 7
352 366 3
352 367 4
353 368 3
354 369 3
355 370 3
355 371 1
356 372 4
357 373 3
358 374 1
359 374 2
360 374 6
361 375 6
362 376 3
363 377 4
364 378 4
365 379 7
366 380 6
367 380 4
368 381 2
369 382 2
370 383 9
371 383 4
372 383 9
373 384 8
374 385 4
375 386 8
376 387 2
377 388 7
377 389 4
378 390 6
378 391 9
379 392 1
380 393 8
381 394 9
382 395 5
383 396 3
383 397 3
384 398 5
384 399 7
385 400 6
386 400 4
387 400 3
388 400 9
389 400 8
390 400 2
391 400 3
392 400 6
393 400 4
394 400 2
395 400 2
396 400 7
397 400 8
398 400 3
399 400 8
