1 2 47
1 3 33
1 4 4
2 5 44
2 6 8
3 7 13
4 8 36
5 9 46
6 10 44
7 11 1
8 11 3
9 12 3
10 13 2
11 13 26
12 14 5
12 15 37
13 16 20
14 17 44
14 18 3
15 19 49
15 20 14
16 21 2
17 22 27
18 23 9
19 24 4
19 25 18
19 26 6
20 27 19
20 28 10
21 29 10
21 30 46
21 31 42
21 32 48
22 33 4
23 33 43
24 33 36
25 34 47
26 35 15
27 35 5
28 35 29
29 35 21
30 35 43
31 36 44
32 36 27
33 37 22
34 38 26
35 38 7
36 39 44
37 40 29
38 41 23
39 41 2
40 42 43
41 43 44
41 44 44
41 45 40
42 46 5
43 47 1
44 48 22
45 49 38
46 50 13
47 50 32
48 50 24
49 50 31
