1 2 5
1 3 2
1 4 2
1 5 3
1 6 5
2 7 2
2 8 2
2 9 1
2 10 3
2 11 1
3 12 1
3 13 2
3 14 2
3 15 1
3 16 1
4 17 5
4 18 5
4 19 5
4 20 2
5 21 2
5 22 3
5 23 5
6 24 5
6 25 5
6 26 3
6 27 1
7 28 4
8 28 2
9 29 4
10 30 1
11 30 2
12 31 2
13 32 1
14 33 4
15 34 5
16 35 5
17 35 4
18 36 3
19 37 3
20 37 4
21 38 3
22 39 2
23 40 4
24 41 4
25 41 2
26 41 4
27 42 1
28 43 3
29 44 3
30 44 5
31 45 3
32 46 3
33 47 5
34 48 2
35 48 3
36 49 5
37 50 3
38 51 4
39 52 3
40 53 5
41 54 3
42 55 1
43 56 1
44 57 3
45 58 2
46 59 5
47 60 5
48 61 2
49 62 1
50 63 1
51 64 1
52 65 2
53 66 2
54 67 1
55 68 3
55 69 3
56 70 1
57 71 4
57 72 1
58 73 2
59 74 2
60 75 4
61 76 5
62 77 1
63 78 4
63 79 1
64 80 4
64 81 1
65 82 5
65 83 4
66 84 5
67 85 3
67 86 4
67 87 1
68 88 5
69 89 5
70 90 2
71 91 5
72 92 2
73 93 2
74 94 5
75 95 3
76 96 3
77 97 3
78 98 1
79 99 5
80 100 5
81 101 3
82 101 1
83 102 2
84 103 5
85 104 5
86 105 5
87 106 3
88 107 1
89 108 2
90 109 5
91 110 5
92 111 4
93 112 2
94 113 1
94 114 5
95 115 1
95 116 4
96 117 5
97 118 1
98 119 3
99 120 3
100 121 1
101 122 1
102 123 2
103 124 3
103 125 3
104 126 3
105 127 4
106 128 4
107 129 3
108 130 1
108 131 3
109 132 3
110 133 2
111 133 4
112 134 5
113 135 4
114 136 3
115 137 3
116 138 5
117 139 3
118 140 2
119 141 2
120 142 5
121 143 1
122 144 1
123 145 2
124 146 3
125 147 5
126 148 3
127 149 2
128 150 2
129 151 1
130 152 4
131 153 2
132 154 3
133 155 4
134 156 3
135 157 2
136 158 4
137 159 4
138 160 4
139 161 2
139 162 3
140 163 5
141 164 2
141 165 3
142 166 1
143 167 5
144 168 1
145 169 4
146 170 2
147 171 5
148 172 5
149 173 2
150 174 3
151 175 2
151 176 4
152 177 1
153 178 5
154 179 1
155 180 5
156 181 5
157 182 2
158 183 2
159 184 5
160 185 1
161 186 5
162 187 4
163 188 5
164 189 1
165 190 3
166 191 3
167 192 4
168 193 4
169 194 1
170 195 4
171 196 2
172 197 2
173 198 3
174 198 2
175 199 2
176 200 2
177 201 4
178 202 2
179 203 4
180 204 2
181 204 4
182 205 1
183 206 1
184 207 4
185 207 4
186 207 2
187 208 4
188 209 1
189 209 4
190 210 4
191 211 1
192 212 3
193 213 1
194 213 4
195 214 2
196 214 2
197 215 3
198 216 4
199 216 2
200 216 4
201 216 1
202 216 2
203 217 1
204 218 4
205 219 5
206 220 2
207 221 3
208 222 2
209 223 5
210 224 1
211 225 4
211 226 2
212 227 4
213 228 4
214 229 1
215 230 3
216 231 3
217 232 2
218 233 4
218 234 4
219 235 4
220 236 3
221 237 4
222 238 1
223 239 3
224 240 2
225 241 5
226 242 2
227 243 2
228 244 3
229 245 2
230 246 1
231 247 5
232 248 5
233 249 1
234 250 2
235 251 4
236 252 2
237 253 3
238 254 2
239 255 3
240 256 1
241 257 2
242 258 4
242 259 4
242 260 3
243 261 2
244 262 1
245 263 4
246 264 1
247 265 2
248 266 2
249 267 1
250 268 1
251 269 5
252 270 2
253 271 1
254 271 5
255 272 5
256 273 3
257 274 5
258 275 5
259 276 2
260 277 5
261 278 5
262 279 4
263 280 5
264 280 5
265 281 5
266 282 2
267 282 1
268 283 2
269 284 4
270 285 5
271 286 3
272 287 3
273 287 2
274 287 4
275 288 5
276 288 2
277 289 5
278 289 1
279 289 1
280 290 5
281 290 3
282 291 5
283 292 5
284 293 4
285 294 1
286 295 5
287 296 5
288 297 1
289 298 1
290 299 2
291 300 4
292 300 2
293 300 1
294 300 2
295 300 4
296 300 4
297 300 5
298 300 5
299 300 3
