1 2 5
1 3 5
1 4 2
2 5 2
2 6 1
2 7 1
3 8 1
3 9 2
3 10 4
3 11 3
4 12 5
4 13 7
4 14 7
5 15 7
6 16 3
7 16 5
8 17 7
9 18 6
10 18 6
11 19 2
12 19 2
13 20 4
14 20 1
15 21 5
15 22 6
16 23 1
17 24 5
18 25 2
19 26 7
19 27 3
19 28 7
20 29 6
21 30 1
22 31 6
23 31 2
24 32 4
25 33 2
26 34 4
27 35 7
28 36 2
29 37 3
30 38 4
31 39 5
32 40 6
33 41 3
34 42 2
35 43 5
36 44 3
36 45 1
37 46 3
38 47 2
38 48 2
38 49 7
38 50 6
39 51 4
40 52 4
41 53 1
42 54 5
43 55 2
44 56 6
45 57 5
46 58 6
47 59 7
48 59 1
49 60 7
50 61 6
51 62 5
52 63 4
53 63 6
54 64 5
55 64 1
56 65 7
57 65 6
58 65 5
59 66 3
60 67 1
61 68 6
62 68 7
63 69 2
64 70 3
65 70 6
66 71 7
66 72 2
67 73 1
68 74 7
68 75 4
69 76 5
69 77 4
70 78 2
70 79 7
71 80 1
72 81 3
73 81 6
74 82 4
75 82 4
76 83 4
77 84 1
78 85 7
79 85 4
80 86 6
81 87 5
81 88 4
82 89 1
82 90 4
83 91 2
84 92 3
85 93 2
85 94 1
86 95 2
87 96 5
87 97 7
88 98 5
89 99 7
90 100 6
91 101 1
92 102 5
93 103 6
93 104 4
93 105 2
94 106 3
95 107 5
96 107 3
97 108 7
98 109 3
99 109 6
100 109 1
101 110 5
102 110 4
103 111 4
104 111 7
105 111 5
106 111 1
107 112 5
108 113 3
109 114 2
110 115 4
111 116 3
112 117 6
112 118 2
112 119 3
112 120 6
113 121 1
113 122 4
113 123 7
113 124 5
114 125 2
114 126 2
114 127 6
114 128 3
115 129 6
115 130 1
115 131 7
116 132 7
116 133 4
116 134 4
116 135 5
117 136 2
118 137 1
119 138 3
120 139 1
121 140 1
122 141 7
123 141 3
124 141 5
125 142 1
126 142 6
127 142 6
128 143 3
129 143 1
130 144 5
131 144 2
132 144 3
133 145 6
134 145 7
135 146 3
136 147 6
137 147 1
138 147 7
139 147 2
140 148 5
141 148 4
142 149 7
143 150 7
144 151 2
145 151 3
146 152 7
147 153 5
148 154 2
149 155 7
149 156 5
149 157 5
150 158 2
151 159 3
152 160 3
153 161 2
154 162 3
155 163 5
156 164 3
157 165 4
158 166 1
159 166 1
160 166 4
161 167 3
162 168 2
162 169 3
163 170 1
163 171 1
164 172 7
165 173 3
165 174 6
166 175 2
167 176 1
168 177 2
169 178 5
170 179 6
171 180 1
172 181 1
172 182 7
173 183 4
174 184 4
175 185 4
176 186 3
177 187 1
177 188 2
178 189 7
179 190 5
180 191 6
181 192 5
181 193 4
182 194 7
183 195 7
184 196 3
184 197 7
185 198 1
185 199 1
186 200 5
186 201 1
187 202 6
187 203 1
188 204 4
188 205 5
189 206 4
190 207 4
191 208 5
192 209 7
193 210 4
194 211 2
195 212 7
196 213 6
197 214 6
198 215 1
199 216 7
200 217 5
201 218 3
202 218 7
203 219 1
204 220 6
205 221 7
206 222 3
207 223 7
208 224 3
209 225 7
210 226 4
211 227 6
212 228 5
213 229 3
214 229 3
215 230 4
216 230 6
217 231 3
218 232 1
219 233 3
220 233 3
221 234 4
222 234 6
223 234 5
224 234 4
225 235 5
226 235 2
227 236 4
228 237 6
229 237 3
230 237 4
231 238 6
232 239 5
232 240 2
233 241 5
234 242 4
234 243 5
234 244 1
235 245 1
236 246 1
237 247 7
238 248 4
238 249 5
239 250 6
240 251 5
240 252 2
240 253 2
241 254 4
242 255 5
243 256 4
244 257 1
244 258 6
244 259 4
245 260 5
245 261 3
246 262 2
246 263 2
247 264 4
247 265 7
247 266 4
248 267 1
249 268 3
250 269 7
251 270 5
252 270 5
253 271 1
254 272 3
255 272 2
256 273 4
257 273 1
258 274 2
259 275 1
260 276 3
261 277 5
262 278 7
263 279 3
264 280 1
265 281 6
266 282 7
267 283 3
268 283 7
269 283 6
270 283 4
271 283 3
272 284 7
273 284 4
274 285 2
275 285 3
276 285 1
277 286 3
278 286 7
279 286 4
280 286 7
281 286 5
282 287 3
283 288 4
284 289 1
284 290 3
285 291 3
285 292 4
285 293 7
285 294 5
286 295 7
286 296 2
286 297 1
286 298 4
287 299 6
288 300 5
289 300 1
290 300 5
291 300 7
292 300 2
293 300 7
294 300 6
295 300 2
296 300 6
297 300 4
298 300 7
299 300 5
