1 2 5
1 3 4
1 4 6
1 5 3
2 6 7
2 7 9
3 8 7
3 9 7
4 10 4
4 11 2
4 12 1
4 13 1
5 14 8
5 15 4
6 16 8
7 17 3
8 18 5
9 19 7
10 20 4
11 21 8
12 22 7
13 23 5
14 24 2
15 24 2
16 25 5
17 26 3
17 27 1
18 28 1
19 29 6
19 30 4
20 31 3
21 32 4
21 33 9
22 34 2
23 35 3
23 36 8
23 37 4
24 38 5
25 39 1
26 40 3
27 41 4
28 42 5
29 43 1
30 44 3
31 45 4
32 46 8
33 47 2
34 48 9
35 49 8
36 50 2
37 51 3
38 52 3
39 53 8
40 53 8
41 54 7
42 54 2
43 55 4
44 56 6
45 56 8
46 56 3
47 56 7
48 57 5
49 58 1
50 58 6
51 58 9
52 58 9
53 59 5
53 60 1
53 61 1
53 62 1
53 63 9
54 64 3
54 65 3
55 66 1
55 67 9
56 68 9
56 69 9
57 70 9
58 71 2
58 72 2
58 73 8
59 74 6
60 75 7
61 76 3
62 77 7
63 78 6
64 79 3
65 80 5
66 81 4
67 82 7
68 83 6
69 84 9
70 85 3
71 86 9
72 87 3
72 88 4
73 89 3
74 90 5
75 90 6
76 91 3
77 92 8
78 93 9
79 94 2
80 95 3
81 96 2
82 96 5
83 97 9
84 98 5
85 98 4
86 99 2
87 99 6
88 100 3
89 101 1
90 102 4
91 103 1
92 104 1
93 105 3
94 106 6
95 107 9
96 108 7
97 109 3
98 110 7
99 111 5
100 112 5
101 113 3
102 114 5
103 115 1
104 116 7
105 117 4
106 118 1
107 118 7
108 118 2
109 119 9
110 119 8
111 119 1
112 120 3
113 120 8
114 121 1
115 122 7
115 123 3
116 124 6
117 125 8
117 126 2
118 127 3
118 128 1
118 129 3
119 130 4
120 131 1
121 132 8
122 133 9
123 134 8
124 135 4
125 135 6
126 136 7
127 137 8
128 138 3
129 139 5
130 140 8
131 141 7
132 142 5
133 143 4
134 144 2
134 145 3
134 146 2
135 147 7
136 148 1
136 149 1
136 150 2
137 151 9
138 152 4
138 153 5
139 154 5
140 155 2
141 156 2
141 157 3
142 158 9
143 158 3
144 159 5
145 160 3
146 161 1
147 161 1
148 161 8
149 161 8
150 162 4
151 162 2
152 162 1
153 163 3
154 163 6
155 164 9
156 164 2
157 165 4
158 166 5
159 167 9
159 168 5
160 169 7
160 170 9
160 171 2
161 172 9
161 173 8
162 174 8
163 175 8
163 176 7
164 177 9
165 178 3
166 179 1
167 179 4
168 180 3
169 181 6
170 181 8
171 182 2
172 183 7
173 184 5
174 185 2
175 186 7
176 186 7
177 186 5
178 187 5
179 188 3
180 189 4
181 190 3
182 191 7
183 192 8
184 193 1
185 194 4
186 195 1
187 196 5
188 197 5
188 198 2
189 199 2
190 200 3
190 201 3
191 202 7
192 203 1
193 204 3
194 205 1
194 206 7
194 207 2
194 208 9
195 209 9
195 210 5
196 211 1
197 212 8
198 213 7
199 214 5
200 215 2
201 216 4
202 217 8
203 218 5
204 219 4
205 219 9
206 220 2
207 221 4
208 222 5
209 223 7
210 224 4
211 225 1
212 226 4
213 227 1
214 228 3
215 229 2
216 230 2
217 231 1
218 232 6
219 233 4
219 234 2
220 235 3
221 236 1
222 237 6
223 238 1
223 239 4
223 240 3
224 241 6
224 242 2
225 243 3
226 244 5
227 245 2
228 246 7
228 247 5
229 248 7
230 249 5
231 250 5
232 251 6
232 252 6
233 253 4
234 254 9
235 255 6
236 256 1
236 257 9
237 258 2
238 259 2
239 260 9
240 261 9
240 262 1
240 263 3
241 264 4
242 265 8
243 266 6
244 267 6
245 267 3
246 267 1
247 268 3
248 269 6
249 270 6
250 270 7
251 271 2
252 271 1
253 272 7
254 272 1
255 272 1
256 272 6
257 273 6
258 273 2
259 273 4
260 273 3
261 274 8
262 274 3
263 274 7
264 274 7
265 274 7
266 274 2
267 275 2
268 276 9
269 277 4
269 278 3
269 279 2
269 280 4
270 281 6
271 282 4
272 283 5
272 284 1
273 285 7
273 286 9
274 287 5
275 288 3
276 289 2
277 290 4
278 291 9
279 292 2
280 293 8
281 294 7
282 295 3
283 296 2
284 297 3
285 298 2
286 299 3
287 300 3
288 301 5
289 302 7
290 303 7
290 304 3
291 305 3
292 306 9
293 307 8
294 308 6
294 309 1
295 310 3
296 311 2
296 312 7
297 313 7
298 314 4
299 315 7
300 316 6
300 317 3
301 318 1
302 318 9
303 318 5
304 319 5
305 319 9
306 319 6
307 320 9
308 320 9
309 320 9
310 321 3
311 322 6
312 322 2
313 322 4
314 322 1
315 323 2
316 323 7
317 324 8
318 325 9
318 326 2
318 327 5
319 328 7
320 329 1
320 330 7
321 331 6
322 332 1
322 333 2
323 334 7
324 335 3
325 336 7
326 337 7
327 338 8
328 339 9
329 340 8
330 340 5
331 340 4
332 341 5
333 342 2
334 343 4
335 344 6
336 345 7
337 346 7
337 347 7
338 348 9
339 349 6
340 350 8
341 351 5
342 352 8
343 353 8
343 354 1
344 355 7
345 356 1
346 357 6
347 358 3
347 359 7
348 360 5
349 361 2
350 362 3
351 363 6
352 364 7
353 365 9
354 366 8
355 367 4
355 368 5
356 369 6
357 370 6
358 371 4
359 372 2
360 373 3
361 374 6
361 375 2
362 376 3
362 377 3
363 378 8
363 379 5
364 380 1
364 381 7
365 382 6
365 383 8
366 384 1
367 385 5
368 386 2
369 387 7
370 387 2
371 387 8
372 388 1
373 388 7
374 389 9
375 390 8
376 390 5
377 390 5
378 391 9
379 392 4
380 393 2
381 393 3
382 394 3
383 394 3
384 394 8
385 395 7
386 396 9
387 397 1
388 398 7
389 399 3
390 400 5
391 401 6
392 402 4
393 403 5
394 403 6
395 404 9
396 405 2
397 406 6
398 407 8
399 408 6
400 409 5
401 410 7
402 411 5
403 412 7
404 412 5
405 413 5
406 414 6
406 415 1
406 416 6
407 417 3
408 418 7
409 419 1
409 420 1
410 421 4
410 422 4
411 423 4
412 424 7
413 425 1
414 426 1
415 426 9
416 426 2
417 427 4
418 428 2
419 429 1
420 429 9
421 430 9
422 431 5
423 431 5
424 432 8
425 433 1
426 434 6
426 435 4
426 436 7
427 437 1
428 438 4
428 439 3
429 440 9
429 441 2
430 442 5
430 443 7
431 444 7
432 445 4
432 446 9
433 447 7
434 448 6
435 449 8
436 450 4
437 451 3
438 452 2
439 452 4
440 452 7
441 453 3
442 454 3
443 455 3
444 456 7
445 457 9
446 457 7
447 458 3
448 459 2
449 460 1
449 461 9
450 462 7
450 463 1
451 464 5
452 465 1
453 466 6
454 467 8
455 468 1
456 469 3
457 470 1
458 471 3
459 472 6
460 473 3
461 474 5
461 475 7
462 476 9
463 477 8
464 478 8
465 479 1
465 480 7
466 481 2
467 482 9
467 483 6
468 484 7
468 485 4
469 486 1
469 487 4
469 488 1
470 489 3
471 490 4
472 491 9
473 491 8
474 492 7
475 492 8
476 492 3
477 493 9
478 493 4
479 494 7
480 495 9
481 495 4
482 496 7
483 497 8
484 497 9
485 498 5
486 498 9
487 498 8
488 499 7
489 499 1
490 499 6
491 500 4
492 500 2
493 500 3
494 500 5
495 500 1
496 500 8
497 500 3
498 500 8
499 500 1
