1 2 30
1 3 6
1 4 75
2 5 66
2 6 41
2 7 62
2 8 76
2 9 65
3 10 34
3 11 44
3 12 79
3 13 12
3 14 25
4 15 74
4 16 4
4 17 28
4 18 41
4 19 56
5 20 58
6 21 8
7 22 14
8 23 37
9 24 66
9 25 22
10 26 53
11 27 44
12 28 52
13 29 22
14 30 69
15 31 71
16 32 11
17 33 13
18 34 46
19 35 66
20 36 61
21 37 50
22 38 36
23 39 77
24 40 56
25 41 69
26 42 6
27 43 20
27 44 38
28 45 51
29 46 53
30 47 54
31 48 43
32 49 79
33 50 64
34 51 69
35 52 23
36 53 73
37 54 67
38 55 2
39 56 64
40 57 16
41 58 30
42 59 52
43 60 47
44 61 71
44 62 54
45 63 15
46 64 47
47 65 2
48 66 21
48 67 19
49 68 54
50 69 9
50 70 63
51 71 48
52 72 60
53 73 50
54 73 36
55 74 61
56 75 60
57 75 41
58 75 27
59 76 9
60 77 29
61 78 28
62 78 14
63 79 56
64 80 42
65 81 61
66 82 75
67 82 57
68 83 32
69 83 54
70 84 6
71 85 55
72 85 22
73 86 10
74 87 43
75 87 25
76 87 70
77 88 8
78 89 50
79 90 2
80 91 32
81 92 27
82 93 46
83 94 46
84 94 49
85 95 5
86 96 73
87 97 26
88 98 14
88 99 59
89 100 38
90 101 22
90 102 34
91 103 46
91 104 48
92 105 71
92 106 55
93 107 42
93 108 28
93 109 40
94 110 41
94 111 63
94 112 47
95 113 18
96 114 35
97 115 55
98 116 52
99 117 41
100 118 75
101 119 16
101 120 41
102 121 51
103 122 3
104 123 23
105 124 30
106 125 29
107 126 31
108 127 50
108 128 3
109 129 4
110 130 24
111 131 68
112 132 22
113 133 55
114 134 16
115 135 49
116 136 3
117 137 20
118 137 15
119 137 77
120 137 10
121 138 17
122 138 33
123 138 27
124 139 12
125 139 58
126 140 6
127 140 51
128 141 71
129 141 48
130 142 13
131 142 71
132 142 47
133 142 79
134 143 57
135 144 8
135 145 12
136 146 26
136 147 30
137 148 58
138 149 52
138 150 22
139 151 55
139 152 32
139 153 26
140 154 65
140 155 44
141 156 54
141 157 72
142 158 19
142 159 65
143 160 56
144 161 46
145 162 26
146 163 7
147 164 37
148 165 52
149 166 53
150 167 68
151 168 75
152 169 40
153 170 17
154 171 79
155 172 40
156 173 61
157 174 55
158 175 44
159 176 45
160 177 43
161 177 54
162 177 66
163 177 65
164 178 29
165 178 17
166 179 19
167 179 31
168 179 55
169 179 21
170 179 63
171 180 75
172 181 64
173 181 1
174 181 58
175 182 22
176 182 31
177 183 11
177 184 34
177 185 48
178 186 54
178 187 28
178 188 13
179 189 35
179 190 65
179 191 27
180 192 22
180 193 58
181 194 38
182 195 14
182 196 53
182 197 16
183 198 3
184 199 77
184 200 65
185 201 9
186 202 78
187 203 53
187 204 12
188 205 43
189 206 7
190 207 36
191 208 65
192 209 12
192 210 29
193 211 76
194 212 13
195 213 65
195 214 51
196 215 72
196 216 38
196 217 31
197 218 27
198 219 69
199 220 57
200 220 52
201 221 53
202 221 72
203 222 70
204 222 8
205 222 13
206 223 67
207 224 40
208 225 61
209 225 17
210 226 33
211 226 16
212 227 38
213 228 17
214 229 69
215 229 44
216 229 3
217 230 33
218 231 79
219 232 72
220 233 62
221 234 43
222 235 60
223 236 37
224 237 58
225 238 54
226 239 16
227 240 24
228 241 10
228 242 15
229 243 72
229 244 19
230 245 19
231 246 11
232 247 1
233 248 29
234 249 6
235 250 64
236 251 8
237 252 20
237 253 72
238 254 27
239 255 22
240 256 33
241 257 48
242 258 47
243 259 30
244 260 14
245 261 5
246 262 16
247 263 18
248 264 41
248 265 18
249 266 75
249 267 66
250 268 51
251 269 51
251 270 39
251 271 59
252 272 32
252 273 54
253 274 72
253 275 11
253 276 73
254 277 79
254 278 78
254 279 34
255 280 45
255 281 11
255 282 54
256 283 35
256 284 20
256 285 63
257 286 21
257 287 17
258 288 25
258 289 54
258 290 5
258 291 64
259 292 53
259 293 38
259 294 53
260 295 21
261 296 38
262 297 56
262 298 72
262 299 67
263 300 75
264 300 26
265 300 73
266 301 50
267 301 79
268 302 29
269 302 56
270 302 25
271 303 47
272 303 14
273 303 21
274 303 76
275 304 63
276 304 12
277 304 43
278 304 25
279 304 7
280 304 62
281 304 9
282 305 7
283 305 27
284 305 39
285 306 27
286 306 71
287 306 72
288 307 46
289 308 54
290 308 47
291 308 50
292 309 78
293 309 1
294 309 16
295 309 66
296 310 27
297 311 57
298 311 48
299 311 12
300 312 5
301 313 63
301 314 40
302 315 12
302 316 18
303 317 38
304 318 42
304 319 31
305 320 62
305 321 2
305 322 40
305 323 47
305 324 20
306 325 18
307 326 9
307 327 68
308 328 65
309 329 37
310 330 30
310 331 7
311 332 9
312 333 68
313 334 21
314 335 15
315 336 23
316 336 55
317 337 45
318 338 60
319 339 11
320 340 59
321 341 13
322 342 32
323 342 12
324 343 24
325 344 64
326 345 11
327 346 26
328 347 41
329 347 23
330 348 41
331 349 40
332 349 13
333 350 39
334 351 26
335 352 54
336 353 66
337 354 5
338 355 54
339 355 16
340 356 72
341 356 10
342 357 68
343 357 67
344 358 43
345 359 40
346 360 77
347 361 52
348 362 17
349 363 45
350 364 26
351 365 58
352 365 52
353 366 36
354 367 58
355 368 66
356 369 1
357 370 75
358 371 22
359 372 49
360 373 48
361 374 42
362 375 34
363 376 3
364 377 53
365 378 31
365 379 59
365 380 34
366 381 27
367 382 6
368 383 71
369 384 30
370 385 14
371 386 51
372 387 44
372 388 24
373 389 31
374 390 51
375 391 35
375 392 7
376 393 31
377 394 36
378 395 44
378 396 4
379 397 63
380 398 50
380 399 19
381 400 7
382 401 9
383 402 47
384 403 62
384 404 22
384 405 40
385 406 43
386 407 17
387 408 37
388 409 37
388 410 3
388 411 13
389 412 55
390 413 27
391 414 34
392 415 46
393 416 59
394 417 39
395 418 52
396 419 46
397 420 29
398 421 29
399 422 47
400 423 16
401 423 29
402 424 39
403 425 42
404 426 27
405 426 57
406 427 12
407 428 67
408 429 53
409 430 28
410 431 39
411 432 79
412 433 44
413 433 8
414 434 4
415 435 45
416 436 43
417 437 60
418 438 29
419 438 4
420 438 77
421 439 14
422 440 46
423 441 45
424 442 68
425 442 52
426 443 20
427 444 35
428 445 16
429 445 75
430 446 44
431 447 52
432 448 26
433 449 15
434 449 30
435 450 14
436 450 19
437 451 31
438 452 28
439 453 69
440 454 12
441 455 71
441 456 18
442 457 19
443 458 40
444 459 74
445 460 21
446 461 1
447 462 64
448 463 2
449 464 49
450 465 48
451 466 57
452 467 12
453 468 11
453 469 63
454 470 57
455 471 3
456 472 38
457 473 42
457 474 46
458 475 1
459 476 43
459 477 14
460 478 13
460 479 47
460 480 21
461 481 68
461 482 29
462 483 8
463 484 33
464 485 34
465 486 71
466 487 53
467 488 32
468 488 78
469 489 43
470 490 61
471 491 63
472 492 56
473 493 4
474 494 29
475 495 49
476 496 8
477 497 69
478 498 49
479 499 79
480 499 51
481 500 42
482 501 78
483 502 19
484 503 77
485 504 14
486 505 20
487 506 69
488 507 66
489 508 2
490 509 23
491 509 51
492 510 11
493 511 60
494 512 25
495 513 32
496 514 44
497 514 40
498 515 69
499 516 26
500 517 70
501 517 57
502 518 12
503 519 72
504 520 40
505 520 42
506 521 48
507 521 33
508 522 75
509 523 55
510 524 39
511 525 36
512 526 9
513 527 27
514 528 32
515 529 53
516 530 19
517 530 72
518 531 62
519 532 44
520 533 36
521 534 37
521 535 21
522 536 32
522 537 59
523 538 30
524 539 77
525 540 4
526 541 29
526 542 69
527 543 9
527 544 72
528 545 29
529 546 57
530 547 76
530 548 6
530 549 18
531 550 61
532 551 57
533 552 58
533 553 58
534 554 62
535 555 34
536 556 32
537 556 59
538 557 73
539 558 37
540 559 49
541 560 4
542 561 21
543 562 12
544 563 38
545 563 1
546 564 70
547 565 11
548 566 36
549 567 9
550 568 12
551 569 72
552 570 52
553 571 9
554 572 79
555 573 34
556 573 78
557 573 66
558 574 12
559 575 45
560 576 55
561 576 47
562 577 55
563 577 51
564 578 3
565 579 1
566 580 38
567 581 75
568 581 50
569 582 51
570 583 45
571 584 66
572 585 50
573 586 69
573 587 54
574 588 62
575 589 32
576 590 73
577 591 44
578 592 44
579 593 29
580 594 40
581 595 17
582 596 23
582 597 14
583 598 49
584 599 56
585 600 23
586 600 77
587 600 75
588 600 20
589 600 25
590 600 65
591 600 37
592 600 45
593 600 54
594 600 52
595 600 66
596 600 31
597 600 10
598 600 66
599 600 28
