1 2 66
1 3 67
1 4 51
2 5 49
2 6 74
2 7 50
2 8 72
3 9 11
3 10 86
4 11 62
4 12 52
4 13 21
5 14 20
6 14 58
7 15 52
8 16 69
9 17 1
10 17 43
11 18 48
12 19 76
13 20 52
14 21 12
15 22 25
15 23 51
16 24 21
16 25 19
17 26 66
17 27 57
18 28 51
19 29 76
19 30 11
19 31 35
20 32 15
21 33 74
21 34 37
22 35 6
23 36 89
24 37 25
25 38 35
25 39 68
26 40 6
27 41 66
28 42 18
29 43 44
30 44 23
31 45 53
32 46 49
32 47 37
33 48 44
34 49 58
35 50 69
36 51 24
37 52 44
38 53 41
39 54 67
40 55 72
41 56 32
42 57 13
43 58 83
44 59 73
45 60 68
46 61 45
47 62 60
48 63 44
49 64 21
50 64 87
51 65 15
52 66 1
53 67 16
54 68 52
55 69 18
56 70 82
57 71 63
58 72 77
59 73 13
60 74 46
61 75 61
62 76 16
63 77 30
64 78 79
65 78 55
66 79 79
67 80 89
68 81 35
69 82 79
70 83 67
71 83 84
72 84 72
73 85 35
74 86 41
75 87 51
76 88 71
77 89 45
78 90 73
79 91 81
80 92 20
81 93 37
82 94 51
83 95 47
84 96 1
85 97 84
86 98 14
87 99 41
88 100 17
89 101 41
90 102 11
90 103 24
91 104 81
92 105 5
93 106 19
94 107 7
95 108 78
96 109 37
97 110 32
98 111 68
98 112 78
99 113 42
100 114 45
101 115 49
102 116 61
103 117 68
104 118 55
105 119 69
106 120 6
107 121 36
107 122 72
108 123 52
109 124 64
110 125 78
111 126 57
112 127 74
113 128 1
114 129 37
115 130 58
116 130 82
117 131 41
118 132 22
119 133 43
120 134 15
121 134 31
122 135 37
123 136 29
124 137 38
125 138 39
126 138 78
127 139 74
128 139 45
129 140 6
130 141 60
131 142 55
131 143 78
132 144 73
133 145 85
134 146 15
135 147 61
136 148 13
136 149 65
136 150 12
136 151 62
137 152 82
137 153 38
138 154 12
139 155 55
140 156 64
140 157 47
141 158 74
142 159 88
143 160 20
144 161 25
145 162 15
146 163 50
147 164 88
148 165 25
149 166 47
149 167 73
150 168 89
151 169 12
151 170 1
152 171 63
153 172 12
154 173 8
155 174 30
156 175 7
157 176 87
158 177 27
159 178 63
160 178 20
161 179 52
162 179 18
163 180 47
164 180 31
165 180 60
166 181 59
167 182 78
168 183 15
169 183 13
170 184 33
171 184 82
172 185 81
173 185 23
174 185 58
175 186 63
176 186 32
177 187 64
178 188 6
179 189 54
180 190 83
181 191 31
182 192 67
183 193 51
184 194 39
185 195 62
186 196 42
186 197 61
187 198 79
188 199 24
189 200 82
190 200 12
191 201 54
192 201 29
193 202 80
194 203 80
195 204 9
196 205 17
197 206 79
198 207 36
199 208 43
200 209 82
201 210 69
202 211 66
203 212 79
204 213 58
205 214 61
206 215 35
207 216 28
208 217 88
208 218 86
209 219 33
209 220 88
210 221 70
211 222 8
212 223 57
213 224 45
214 225 81
214 226 73
215 227 48
216 228 64
217 229 1
218 230 51
219 231 12
220 232 73
221 233 62
222 234 29
223 235 83
224 236 64
225 237 40
226 238 11
227 239 6
228 240 27
229 241 58
230 242 34
231 243 1
232 244 5
233 245 78
234 246 83
235 247 27
236 248 52
237 249 80
238 250 20
239 251 31
240 252 1
241 253 48
242 254 33
243 255 80
244 255 41
245 256 72
246 256 11
247 256 1
248 257 87
249 258 7
250 259 55
251 260 53
252 261 46
253 262 74
254 263 70
254 264 83
255 265 54
255 266 69
256 267 33
257 268 62
258 269 15
259 270 83
259 271 62
260 272 65
261 273 76
261 274 5
262 275 19
262 276 7
263 277 34
263 278 89
263 279 81
264 280 17
264 281 23
264 282 16
265 283 59
265 284 19
265 285 38
265 286 1
265 287 52
266 288 15
266 289 32
267 290 44
267 291 22
268 292 86
268 293 61
269 294 39
269 295 58
270 296 7
270 297 86
271 298 72
272 299 80
272 300 65
272 301 9
272 302 25
273 303 84
274 303 26
275 303 19
276 303 68
277 303 45
278 304 41
279 304 43
280 304 49
281 305 59
282 305 88
283 305 81
284 306 35
285 307 75
286 307 88
287 307 24
288 308 38
289 308 49
290 308 1
291 308 71
292 308 79
293 308 10
294 308 66
295 309 46
296 309 17
297 310 88
298 310 48
299 310 20
300 311 83
301 311 52
302 311 1
303 312 71
303 313 20
303 314 21
303 315 50
303 316 77
304 317 6
305 318 68
306 319 52
306 320 43
306 321 28
307 322 16
307 323 57
308 324 76
308 325 62
308 326 66
309 327 2
309 328 61
309 329 41
310 330 76
310 331 56
311 332 22
311 333 20
311 334 19
312 335 15
313 335 71
314 335 73
315 336 45
316 336 86
317 337 67
318 337 63
319 338 41
320 338 63
321 339 3
322 340 30
323 340 25
324 341 2
325 342 59
326 342 64
327 342 16
328 343 19
329 343 61
330 344 89
331 345 59
332 346 85
333 346 47
334 347 24
335 348 63
336 349 22
337 350 15
338 351 74
339 352 20
340 353 52
341 354 51
342 355 31
342 356 75
343 357 69
344 358 28
345 359 75
346 360 39
347 361 9
348 362 12
349 363 70
350 364 85
350 365 60
351 366 41
351 367 33
352 368 75
353 369 58
354 370 1
355 371 36
356 372 78
357 373 80
357 374 88
358 375 51
359 376 36
360 377 70
361 378 68
362 379 13
363 380 59
364 381 6
365 382 32
366 383 13
367 384 80
368 385 27
369 386 88
370 386 58
371 387 62
372 388 49
373 389 57
374 390 83
375 391 32
376 392 15
377 392 86
378 393 52
379 394 34
380 395 56
381 396 65
382 397 85
382 398 85
383 399 45
384 400 34
385 401 52
386 402 66
387 403 39
388 404 53
389 405 50
390 406 15
391 407 44
392 408 55
393 409 41
394 410 33
395 410 18
396 410 85
397 411 57
398 412 58
399 412 39
400 412 34
401 413 51
402 414 20
403 414 16
404 415 86
405 416 60
406 416 31
407 417 11
408 417 10
409 418 69
410 419 79
411 420 50
411 421 76
412 422 44
413 423 70
413 424 48
413 425 35
414 426 70
414 427 4
414 428 18
414 429 9
415 430 73
415 431 10
415 432 42
416 433 3
416 434 52
416 435 71
417 436 67
417 437 24
418 438 53
419 439 55
420 440 74
421 441 25
422 441 18
423 442 1
424 442 71
425 442 44
426 443 48
427 443 11
428 443 47
429 444 67
430 445 65
431 445 25
432 446 19
433 446 25
434 447 65
435 448 18
436 448 37
437 448 58
438 448 88
439 449 32
440 450 89
441 451 55
441 452 81
442 453 65
443 454 16
443 455 19
444 456 24
445 457 42
446 458 40
447 459 23
447 460 61
447 461 52
448 462 79
448 463 71
449 464 55
450 465 64
451 466 69
452 467 59
453 467 48
454 468 68
455 469 81
456 470 69
457 470 47
458 471 17
459 472 86
460 473 45
461 473 75
462 474 46
463 474 63
464 475 5
465 476 76
466 477 65
467 478 7
468 479 40
468 480 63
469 481 43
470 482 64
471 483 6
472 484 23
473 485 63
474 486 20
475 487 60
476 488 77
477 489 36
477 490 11
478 491 48
478 492 41
479 493 58
480 494 14
481 495 45
482 496 33
482 497 84
482 498 21
483 499 56
483 500 53
484 501 56
484 502 86
485 503 47
485 504 2
485 505 53
486 506 53
487 507 1
488 507 80
489 508 78
490 508 67
491 509 29
492 509 17
493 509 79
494 509 14
495 509 72
496 510 26
497 510 83
498 510 46
499 510 69
500 511 2
501 511 33
502 511 73
503 511 71
504 511 46
505 511 68
506 511 8
507 512 75
508 513 3
509 514 73
509 515 60
509 516 22
510 517 67
510 518 3
510 519 69
511 520 76
512 521 12
512 522 77
512 523 37
513 524 60
514 525 40
515 526 28
516 527 68
517 528 52
517 529 55
518 530 28
519 531 16
519 532 53
520 533 22
521 534 14
521 535 83
522 536 41
523 537 75
524 538 50
525 539 5
526 540 2
527 541 12
528 542 82
529 543 17
530 544 87
531 545 44
532 546 78
533 547 37
534 548 56
535 549 80
536 549 79
537 550 28
538 551 3
539 551 34
540 551 39
541 552 86
542 553 56
543 553 33
544 553 88
545 553 52
546 554 53
547 554 63
548 555 17
549 556 45
550 557 47
550 558 27
551 559 37
552 560 88
552 561 33
553 562 33
554 563 68
555 564 5
556 565 38
557 566 2
557 567 20
558 568 53
558 569 89
559 570 6
559 571 61
560 572 86
561 573 86
562 574 64
562 575 52
563 576 10
564 577 65
565 578 70
566 579 13
567 580 40
568 581 57
569 582 5
570 583 21
571 584 25
572 585 62
573 586 81
574 587 35
575 588 82
576 589 78
577 590 84
578 591 8
579 591 24
580 592 53
581 592 82
582 593 77
583 594 64
584 595 1
585 596 49
586 597 31
587 598 8
588 598 1
589 599 19
590 600 5
591 600 48
592 600 30
593 600 87
594 600 1
595 600 66
596 600 31
597 600 30
598 600 73
599 600 46
