5 13 10 3 14 12 13 8 1 4 12 6 12 16 16 7
7 12 0 8 4 6 13 19 1 6 3 10 19 17 0 2
3 5 0 4 6 10 7 0 6 8 5 0 4 1 6 0
3 3 1 0 3 1 2 4 2 2 4 4 2 0 4 0
7 0 2 7 10 5 0 7 6 5 6 0 2 4 6 7
6 7 10 8 1 10 2 6 2 2 10 2 10 6 10 6
11 12 3 11 8 8 4 1 8 10 1 3 6 9 7 7
16 17 16 7 0 17 17 9 5 20 9 11 3 17 14 12
2 0 2 1 2 2 0 1 1 2 0 1 1 2 1 0
4 3 1 0 1 4 0 3 0 0 2 0 0 1 0 3
9 2 0 8 9 4 1 1 1 0 0 11 6 16 0 7
8 9 3 4 10 2 2 6 1 1 8 5 0 10 4 8
8 3 10 9 1 4 9 8 5 11 2 1 0 4 3 8
21 14 11 8 22 13 12 6 12 10 23 11 9 0 23 15
11 11 8 3 11 11 9 1 11 7 10 2 2 1 6 0
1 1 2 2 0 0 0 0 0 1 2 1 1 2 2 2
8 21 8 22 11 17 15 24 2 12 8 23 11 13 4 16
0 0 9 6 8 7 10 6 9 2 10 8 8 0 7 10
1 3 1 1 2 4 0 0 2 0 4 0 3 3 1 1
3 1 3 6 9 10 9 3 9 2 4 5 8 0 5 0
19 15 6 12 10 2 2 10 20 3 7 14 9 15 0 5
3 12 12 8 4 9 11 9 7 1 9 2 9 5 14 2
5 5 4 0 8 3 7 1 4 2 4 2 6 4 8 6
4 1 4 1 1 0 4 1 3 0 0 4 3 0 3 2
8 7 16 14 22 3 14 18 8 18 22 12 12 18 22 14
4 6 4 6 3 5 3 6 0 1 0 5 5 5 6 1
11 17 14 2 11 10 14 13 12 10 6 14 6 11 7 4
2 3 6 3 3 8 5 1 1 0 8 0 2 6 5 2
12 9 6 16 13 21 20 4 6 0 12 15 19 4 21 9
2 2 4 3 2 1 4 2 3 1 2 4 2 1 0 4
3 2 3 4 3 0 3 1 4 3 1 3 3 2 4 3
10 3 9 2 9 0 7 7 10 8 7 1 1 3 10 3
5 1 8 8 5 7 5 2 4 8 4 1 5 5 1 3
0 7 15 16 9 12 7 15 10 4 15 14 2 13 4 11
4 2 1 3 2 8 0 11 7 4 3 10 0 2 0 6
3 3 16 6 18 15 9 2 17 24 23 11 2 24 17 15
6 1 14 3 9 12 6 11 7 5 13 2 5 1 4 4
10 6 11 11 5 14 5 8 14 7 6 6 12 9 4 2
3 9 3 9 1 13 16 12 14 3 8 5 14 12 0 17
2 1 2 1 1 2 1 1 2 2 1 2 0 1 1 2
3 3 2 0 2 0 0 3 3 4 0 4 1 1 2 1
0 8 9 12 2 3 0 20 2 13 6 13 16 12 14 0
13 4 7 11 12 11 3 2 21 14 15 22 16 17 8 7
15 11 12 1 3 5 17 20 12 14 18 4 6 5 20 2
14 15 15 13 5 12 16 7 9 7 16 9 14 0 10 5
1 2 3 4 0 0 0 4 2 1 0 0 4 1 4 1
0 16 1 1 9 5 5 6 0 9 0 13 4 8 7 9
3 5 6 4 7 3 0 5 3 1 8 3 0 7 2 3
8 2 4 1 9 0 3 6 3 1 12 3 11 12 3 11
1 0 4 12 8 12 11 7 13 6 8 10 3 10 12 2
4 1 1 4 2 4 4 2 2 4 4 3 2 4 2 3
8 21 15 21 11 5 0 17 13 1 7 18 0 19 6 11
9 1 7 9 3 7 0 3 3 6 3 2 6 0 3 4
0 1 2 0 0 1 0 2 2 0 1 1 2 2 2 2
7 14 6 3 2 4 6 8 1 6 8 7 8 1 9 2
2 10 2 11 11 8 4 15 1 12 8 0 9 3 16 16
8 11 1 13 12 2 4 9 3 15 2 16 0 0 9 7
9 9 10 3 5 5 12 2 5 10 12 7 9 3 4 3
13 16 0 10 7 3 10 1 1 8 5 18 20 17 14 7
8 11 4 13 9 8 4 5 10 8 6 12 16 2 5 1
1 15 11 16 3 16 6 16 3 5 10 15 6 5 12 2
0 1 3 0 4 0 0 2 4 1 4 0 4 2 1 1
1 2 4 3 0 4 3 2 1 4 1 3 4 3 3 3
4 5 4 8 8 2 4 10 10 5 4 3 0 7 12 3
0 2 3 4 1 4 6 3 1 1 3 6 4 2 0 4
19 10 9 19 8 18 18 11 18 12 0 5 10 16 1 2
0 3 0 1 1 1 4 0 2 4 4 0 2 4 1 2
16 0 16 14 10 8 10 6 0 1 16 4 8 2 8 4
3 0 1 4 3 3 3 2 3 3 0 2 2 3 1 0
4 4 2 1 1 1 3 4 6 6 4 2 6 3 5 1
20 20 17 6 16 18 5 0 20 3 3 3 15 20 7 17
0 2 0 2 1 1 1 2 0 1 0 1 1 0 0 0
3 2 6 6 3 2 0 0 3 6 1 2 3 3 2 0
7 6 4 5 0 12 12 10 11 0 4 10 10 11 6 2
12 2 11 1 5 3 0 10 8 1 9 8 3 5 5 2
4 4 2 1 4 1 1 3 3 0 2 0 2 0 3 4
8 7 1 1 1 1 2 8 4 8 6 0 2 3 1 5
6 6 0 6 0 2 7 1 1 0 1 2 7 8 7 6
3 0 0 10 8 5 1 5 5 7 10 1 2 1 9 2
10 11 13 7 11 14 9 12 10 6 8 17 13 12 2 2
11 12 5 11 7 12 10 4 6 12 7 8 10 4 4 11
16 13 3 12 4 7 11 20 4 17 8 0 8 2 7 13
5 2 0 0 0 3 5 1 2 6 4 1 0 6 0 5
7 3 18 0 7 17 0 9 14 0 2 12 0 17 9 5
3 8 2 7 6 3 3 4 8 8 6 6 7 0 3 5
2 11 9 14 11 8 4 16 10 0 6 1 8 15 14 5
0 13 2 4 17 7 12 11 3 15 2 2 7 0 16 13
1 12 11 6 1 11 14 1 6 0 2 11 6 2 8 1
1 3 0 3 2 2 4 4 1 4 1 4 4 1 2 0
16 21 9 10 16 9 5 14 16 23 23 17 21 18 15 9
0 8 7 7 4 5 8 1 8 9 9 2 9 13 0 4
15 16 16 10 4 9 8 9 5 15 3 16 0 6 1 13
15 5 3 9 12 1 0 8 5 17 17 2 10 17 15 2
3 4 4 2 2 3 0 3 1 3 4 5 5 2 1 0
5 7 0 7 1 0 6 7 2 3 1 11 4 6 1 11
12 8 11 10 4 11 11 9 5 0 5 7 8 9 6 8
18 3 4 18 14 7 9 2 7 13 2 5 21 14 3 13
21 3 6 20 5 16 11 2 1 10 16 11 17 12 2 15
8 2 5 2 0 3 12 5 9 3 9 6 12 6 8 0
7 8 0 0 7 0 4 6 5 5 0 3 8 5 2 6
9 8 3 5 6 10 1 9 6 1 8 5 1 3 2 8
8 5 1 2 4 6 11 10 14 12 13 1 2 14 11 8
10 4 10 7 9 1 5 1 3 2 6 3 8 8 8 5
4 0 3 1 2 3 4 2 1 3 1 1 4 3 0 3
2 1 4 2 1 1 2 3 1 3 2 0 3 0 2 4
1 3 6 0 1 10 10 7 5 8 1 8 6 7 2 10
0 8 1 3 6 12 1 14 14 2 13 0 5 1 4 12
0 0 1 2 1 1 1 0 0 2 1 1 0 2 0 2
11 3 7 11 8 0 9 12 1 1 10 3 6 5 7 9
1 0 1 1 1 2 0 1 1 1 0 1 2 1 1 2
12 2 3 11 4 6 8 2 11 14 3 1 2 9 2 0
2 10 8 13 8 11 2 14 7 4 4 8 14 10 0 1
1 1 0 1 0 1 1 1 2 1 1 0 1 2 1 2
6 11 0 12 8 11 3 1 11 11 9 3 11 4 10 3
6 0 1 2 3 6 8 6 0 5 0 2 3 4 0 3
7 3 8 2 0 2 1 6 0 8 8 0 1 4 10 3
0 18 10 9 1 7 7 16 18 9 18 18 17 14 18 1
2 4 6 0 3 6 0 2 3 2 0 0 0 6 5 3
4 13 5 8 5 9 11 10 11 7 6 3 0 13 14 0
10 15 8 9 11 15 9 2 5 11 0 10 0 8 13 9
3 1 1 3 4 3 1 3 1 2 3 1 4 2 4 2
11 10 10 2 7 13 4 1 13 16 17 11 5 9 0 2
3 1 0 1 2 0 0 4 1 3 0 2 3 4 3 4
5 4 2 2 6 6 6 6 0 0 3 3 5 2 1 0
9 9 9 7 12 4 1 4 1 0 8 7 1 13 4 7
1 8 3 3 4 8 8 5 8 12 10 3 4 11 12 13
20 23 10 10 10 7 13 19 2 14 18 18 1 14 8 20
5 5 4 2 4 2 6 5 6 6 6 4 3 1 6 4
9 5 4 9 5 5 1 9 1 7 6 8 4 1 4 7
5 12 8 7 0 4 7 10 10 1 7 7 14 16 2 2
4 5 1 7 7 7 6 6 2 8 4 4 4 5 3 5
1 3 8 14 6 4 2 1 9 10 11 7 9 13 14 14
0 6 2 0 7 2 1 8 6 1 4 3 8 6 3 0
8 15 18 3 8 12 5 2 17 5 9 13 16 11 13 12
15 10 3 0 7 11 13 14 19 0 3 18 11 19 13 7
7 5 1 8 8 8 5 7 9 5 1 0 9 0 2 0
0 0 2 1 2 0 0 0 2 2 1 0 0 0 1 1
6 0 8 13 12 11 17 5 14 20 0 16 0 3 14 17
8 1 14 16 13 10 2 3 14 2 7 13 4 6 4 3
1 1 1 0 2 0 0 2 2 0 2 2 1 0 1 1
4 5 3 6 2 4 10 6 9 5 5 3 6 2 2 10
4 4 4 1 2 1 3 1 2 2 1 4 3 4 4 1
2 18 15 12 5 15 0 7 14 3 6 4 11 15 19 16
4 7 5 0 6 3 10 2 3 4 5 9 0 3 0 9
5 9 9 10 9 5 10 3 6 0 4 6 9 5 6 3
9 0 3 5 18 8 5 5 11 14 14 5 4 9 15 4
15 10 8 6 0 2 5 6 12 3 6 1 1 10 6 12
6 6 3 12 14 5 12 4 0 2 17 15 2 18 5 10
0 4 11 0 9 6 1 8 14 5 1 14 11 8 11 0
5 11 5 13 8 8 9 13 10 14 8 15 11 3 15 2
19 5 0 9 17 12 12 12 6 23 8 8 17 11 10 14
0 10 11 18 1 18 15 12 1 9 14 0 0 5 11 12
0 1 1 2 1 1 1 0 2 1 2 0 0 1 2 1
12 22 9 20 8 12 6 20 14 20 20 15 7 20 10 8
8 0 6 0 2 5 0 4 6 0 6 4 7 0 4 3
24 21 23 7 10 19 24 18 6 12 22 5 15 24 4 23
3 0 7 2 1 5 7 3 2 1 8 2 6 2 2 5
4 7 3 4 10 9 10 4 6 4 2 9 1 6 3 9
2 3 4 3 5 3 0 3 7 3 7 1 7 2 3 6
2 14 18 1 7 1 24 6 13 3 12 23 10 4 13 13
0 4 0 0 4 1 1 2 3 3 0 3 0 2 4 1
21 16 22 10 2 18 8 22 21 16 19 11 8 7 2 1
6 13 14 13 9 9 2 10 0 6 11 6 10 11 6 2
7 22 23 7 16 5 8 14 14 3 23 8 20 6 9 22
12 20 13 20 6 14 8 16 14 7 14 16 17 3 2 10
3 2 6 10 3 16 3 12 18 8 2 12 1 6 17 4
3 5 2 8 3 2 2 8 7 6 6 5 0 3 8 0
6 6 0 1 7 2 14 5 4 12 9 9 14 2 10 5
4 4 10 11 4 19 17 4 13 0 7 6 9 5 9 6
17 2 22 16 18 12 1 5 4 15 10 4 16 8 13 1
1 6 6 2 14 10 0 8 2 15 12 9 3 6 11 4
1 1 0 2 1 0 1 1 2 0 2 0 1 1 2 2
0 1 2 1 1 1 1 2 0 0 2 0 2 0 2 0
6 8 20 7 19 8 20 16 12 8 1 5 15 6 0 18
4 5 8 1 1 4 5 7 0 10 6 4 1 1 3 10
7 9 7 19 10 3 23 8 8 16 4 4 1 16 8 15
3 3 2 1 2 4 3 0 2 3 4 1 3 4 1 4
6 3 6 5 2 2 3 5 3 0 2 5 4 0 0 6
8 18 10 7 14 11 6 8 19 20 8 21 9 3 14 19
2 2 1 0 1 2 2 1 0 0 0 2 0 1 1 1
17 0 2 12 2 4 17 4 0 2 24 7 7 22 14 16
11 2 10 12 7 10 14 2 15 12 17 19 3 17 20 7
11 2 16 19 16 6 0 11 6 14 12 6 15 17 12 9
0 1 1 1 1 0 0 2 2 2 0 1 0 0 1 1
5 7 3 7 7 8 4 5 8 1 5 5 7 5 2 3
1 0 1 3 2 1 4 0 4 3 2 3 0 1 3 0
0 1 0 1 4 4 2 2 0 3 2 4 2 1 0 2
3 4 4 1 3 6 1 2 5 2 2 2 0 6 1 4
20 12 12 7 19 9 15 3 19 0 0 9 4 18 1 19
4 15 13 9 12 17 14 15 13 16 0 18 3 2 10 16
1 2 1 1 6 8 5 3 2 4 1 5 5 4 5 0
8 6 1 7 1 16 0 3 11 3 15 16 3 15 3 7
2 1 2 2 0 2 1 1 2 1 2 2 1 0 1 0
13 21 3 6 18 19 3 11 13 19 17 13 19 23 1 12
2 0 1 1 0 0 2 2 2 0 2 1 2 0 0 2
15 17 6 18 10 18 7 0 5 0 5 1 0 6 5 11
12 7 11 4 0 10 14 15 18 16 1 16 7 7 17 17
22 7 7 2 7 12 14 15 15 19 9 2 4 17 7 3
5 13 7 1 16 11 11 8 15 5 15 2 8 3 1 13
12 9 5 10 0 13 15 11 14 2 7 0 6 0 5 9
6 8 0 7 6 0 0 0 1 5 5 4 7 3 8 6
2 1 0 2 4 3 4 2 0 0 0 2 4 1 2 2
0 6 16 8 17 9 15 14 4 6 14 4 7 15 17 12
0 2 2 0 0 2 2 2 0 1 0 1 0 2 0 1
24 11 2 7 23 6 2 1 17 11 18 17 8 7 15 1
9 10 2 4 1 5 1 5 6 10 3 8 0 6 4 0
10 13 4 5 11 0 0 8 2 6 6 11 2 12 6 2
1 7 5 5 7 15 7 2 5 14 0 4 15 8 3 1
16 2 17 21 11 15 21 22 14 13 13 10 14 14 16 16
2 2 1 2 1 0 0 2 1 0 0 0 0 1 2 1
11 3 12 1 5 5 9 9 12 3 1 2 6 8 8 7
14 14 10 12 14 3 0 10 16 14 6 9 0 4 9 1
5 3 6 14 22 8 16 14 15 4 17 5 7 20 20 18
11 10 17 2 22 13 1 11 4 7 13 11 20 4 14 11
8 9 7 0 6 10 5 1 2 2 2 8 9 2 0 10
0 13 0 8 14 17 13 14 5 8 7 18 2 1 11 16
16 19 3 6 15 22 19 5 9 20 13 17 21 10 22 20
9 1 8 1 7 5 5 3 6 4 3 3 8 8 1 3
7 16 13 9 14 16 5 8 10 12 10 15 7 8 15 3
12 4 0 22 13 3 11 6 19 10 18 3 19 13 19 19
3 4 1 4 21 16 14 1 4 6 4 1 10 5 2 7
4 7 6 5 1 3 7 7 1 0 7 9 0 1 1 10
5 2 14 2 8 13 1 11 13 0 2 1 11 14 8 0
17 17 13 12 13 3 2 4 17 9 15 7 4 11 7 6
9 7 12 4 10 12 14 6 14 1 5 4 6 10 12 6
11 8 2 9 8 8 9 11 10 0 4 2 6 10 5 8
2 1 2 2 1 0 2 1 1 1 0 1 1 2 0 2
13 11 18 14 7 11 14 17 9 8 12 9 16 6 18 2
16 3 2 13 6 4 11 7 1 0 6 14 13 7 7 16
13 1 16 22 21 0 23 20 11 11 4 0 1 7 12 17
0 16 0 17 5 2 11 17 16 4 17 1 14 7 6 3
9 14 5 0 10 7 16 7 14 5 3 8 3 3 3 11
1 1 2 1 2 0 0 0 1 0 0 2 2 2 1 2
4 7 4 7 6 7 2 6 6 0 4 3 4 0 0 8
3 10 8 0 4 3 10 7 9 12 8 11 2 2 7 6
18 10 21 9 17 5 6 11 0 1 21 21 22 8 6 1
4 14 10 5 8 7 12 7 0 6 11 6 13 12 9 10
11 19 15 9 13 13 2 4 18 19 15 12 13 4 1 19
1 1 3 0 13 5 9 4 8 8 2 1 2 13 12 0
1 3 11 8 11 12 7 0 7 3 12 10 12 6 5 0
15 18 16 7 18 20 2 2 15 0 13 20 12 3 1 12
3 5 3 2 2 5 6 0 5 5 3 6 0 6 5 2
4 11 24 14 17 1 16 18 1 0 19 5 18 10 24 23
6 2 2 0 4 2 0 0 4 6 5 2 3 0 4 0
7 2 6 10 6 3 11 7 8 1 5 3 10 9 12 2
1 0 4 0 4 4 1 1 2 3 1 3 0 4 2 4
7 10 11 11 14 6 21 4 12 0 0 0 18 11 20 18
4 3 0 0 2 4 1 2 4 3 2 4 2 4 3 3
1 4 4 0 1 4 2 1 3 0 4 0 1 4 4 0
10 11 1 2 1 12 9 12 3 5 3 5 2 9 9 5
4 9 0 6 5 6 5 0 1 2 2 2 6 3 7 10
11 6 2 12 15 17 13 3 17 1 5 15 3 9 19 6
2 2 2 2 0 2 0 2 2 2 1 0 1 1 2 2
0 10 8 14 15 14 4 23 6 1 11 15 20 17 18 20
3 16 1 15 11 17 0 18 8 5 2 14 5 6 7 15
1 3 2 2 0 4 2 0 1 0 2 1 1 1 2 3
3 13 3 9 10 14 3 14 16 9 16 4 9 9 4 4
12 11 4 8 6 4 9 3 12 10 7 5 5 2 6 8
3 6 0 0 6 5 8 1 7 2 4 4 5 2 0 8
2 4 5 3 7 10 4 9 2 7 9 5 0 0 5 8
7 23 21 0 7 0 5 10 7 16 6 7 24 17 24 4
0 1 2 4 1 0 0 4 4 2 1 3 4 2 1 4
7 5 15 19 14 6 15 19 4 3 18 5 0 7 1 2
9 4 8 3 7 8 2 6 2 5 4 3 3 2 7 2
2 1 1 1 1 0 2 2 0 0 0 0 2 2 0 0
8 4 5 4 2 6 6 7 0 3 8 2 5 7 1 0
4 0 3 4 1 3 1 1 0 4 4 3 1 0 1 3
17 12 5 12 5 16 5 2 5 4 4 15 1 15 13 5
2 15 10 16 16 9 14 2 4 15 11 12 14 6 6 5
14 11 1 5 22 6 22 0 8 14 0 6 6 4 19 20
3 0 2 1 4 2 3 6 7 2 0 8 1 0 2 6
2 0 1 0 0 0 1 2 1 0 0 0 1 0 0 1
7 5 3 11 11 3 8 2 7 4 8 6 6 5 12 1
22 22 24 2 16 15 16 21 14 10 23 2 12 23 24 14
5 4 5 19 0 10 17 7 15 16 18 14 20 19 19 20
0 1 4 2 3 1 2 3 4 3 0 3 0 4 0 3
8 2 1 0 20 20 9 9 23 20 20 3 17 3 9 19
3 0 4 2 1 0 3 4 0 4 3 4 3 1 2 1
4 2 7 1 12 8 13 18 9 15 12 16 15 1 14 10
3 0 7 3 7 8 8 2 8 6 4 2 7 5 0 6
0 0 5 0 6 3 3 5 4 4 2 1 4 2 4 1
12 7 9 4 4 4 3 5 0 8 9 1 4 2 12 10
3 9 4 5 10 4 2 5 0 10 0 4 5 1 8 7
0 9 1 6 10 1 7 3 1 2 3 10 5 9 9 5
0 4 1 0 3 2 2 0 0 1 1 3 1 1 2 4
4 23 9 1 11 20 13 9 0 22 6 23 10 22 15 19
23 2 17 10 17 3 21 2 21 20 15 18 7 0 22 4
7 8 0 0 6 2 5 0 5 3 7 0 1 1 2 9
14 18 10 13 20 2 1 9 13 13 16 20 9 16 12 5
5 1 8 8 1 0 1 7 6 2 4 5 7 3 1 3
0 4 2 2 2 3 3 0 0 4 4 0 3 2 3 0
12 11 19 17 4 0 5 14 10 7 0 4 15 18 20 14
8 0 7 2 6 0 2 7 4 1 2 3 2 6 8 3
7 15 11 6 8 3 15 3 13 11 13 16 2 9 6 2
1 13 13 15 9 0 6 15 16 16 0 6 14 2 8 1
3 13 5 0 11 7 12 3 10 5 8 8 12 5 3 14
4 14 4 7 7 11 0 15 14 13 13 3 2 4 0 12
2 4 2 5 3 3 5 5 5 2 4 6 4 1 5 2
6 1 0 4 3 4 1 0 5 4 1 4 1 0 3 2
1 0 6 2 0 4 2 3 4 3 3 4 1 4 4 6
2 8 14 4 4 19 5 8 7 9 14 9 5 1 11 14
7 3 14 9 0 0 6 0 11 7 14 6 11 5 1 12
8 8 13 8 14 5 9 0 2 5 0 14 14 9 12 9
20 9 7 0 15 11 4 16 17 6 3 9 19 9 6 17
1 1 2 2 1 0 1 1 0 2 2 0 1 1 1 2
3 10 6 14 9 9 17 0 1 12 17 18 4 1 13 18
8 4 11 4 23 19 1 1 21 16 21 5 24 23 9 18
18 12 6 8 18 8 10 12 13 4 17 13 15 2 11 19
1 6 2 5 5 1 4 5 1 3 3 6 6 4 4 6
2 5 1 2 1 7 1 4 0 3 5 1 6 8 4 4
15 7 11 17 1 20 14 9 1 2 12 1 2 17 16 0
12 11 8 9 8 12 3 1 8 12 8 1 2 10 10 2
8 7 4 0 7 8 6 8 4 2 5 2 2 4 3 4
10 4 3 0 8 1 5 11 13 1 1 1 2 3 1 16
2 6 6 0 3 0 3 5 5 2 4 2 5 3 5 2
8 6 4 1 8 6 9 9 1 4 0 10 10 0 7 4
4 12 4 12 18 14 13 2 17 6 0 6 15 16 15 0
3 1 2 3 2 2 1 4 2 4 4 4 2 2 0 0
3 8 8 1 0 8 6 4 5 3 8 0 7 2 5 5
19 18 4 9 19 13 13 19 1 13 1 19 0 6 1 3
7 5 4 8 1 3 8 9 5 10 8 5 8 5 8 2
2 2 0 2 2 0 2 1 2 0 0 2 0 2 1 1
0 0 3 3 3 2 2 3 2 1 1 1 1 1 1 1
0 0 2 6 9 3 0 8 1 3 0 10 4 0 7 3
5 5 9 11 6 5 10 10 0 0 0 11 11 1 11 7
20 12 21 4 0 14 19 18 10 12 19 10 14 6 13 13
0 3 1 5 4 2 5 8 8 7 3 7 2 8 7 3
3 4 1 2 3 2 1 1 4 0 0 1 2 1 2 1
1 3 6 5 5 0 0 1 3 3 2 1 3 0 4 2
14 2 4 10 6 11 9 7 0 3 16 14 14 5 10 6
3 2 0 10 5 1 4 1 5 8 10 7 6 0 0 10
4 8 4 6 7 3 0 0 5 5 7 5 3 3 4 2
1 13 10 0 0 11 11 3 14 5 3 12 5 8 14 2
1 1 1 2 2 1 1 1 2 1 1 1 2 2 0 0
0 5 4 1 6 4 3 1 5 5 4 0 3 5 4 1
10 8 1 3 9 4 10 4 1 11 5 9 9 9 11 3
7 12 7 1 4 16 19 12 22 9 18 17 11 20 16 20
10 12 14 6 4 7 14 16 7 10 20 18 16 16 9 11
10 0 0 8 12 0 2 6 4 9 0 11 9 9 10 12
14 4 6 10 10 5 10 2 7 3 6 8 13 5 12 11
4 2 3 2 2 3 0 1 0 2 4 4 6 2 6 4
0 16 7 19 5 10 15 21 17 16 6 9 13 5 0 18
3 8 22 8 15 5 15 20 22 23 17 14 13 18 16 5
0 0 1 2 2 0 0 1 0 0 1 0 1 1 0 1
7 2 7 0 7 3 0 9 8 0 10 6 7 9 9 7
8 8 10 18 8 18 3 22 22 15 5 17 3 21 5 12
8 8 7 7 0 5 8 12 4 5 8 14 5 3 4 2
20 13 15 5 19 11 19 20 21 20 8 12 20 23 4 23
0 0 2 6 4 1 2 2 3 0 4 2 4 3 0 0
6 3 1 6 7 4 11 0 4 12 12 4 8 10 5 11
15 9 15 4 5 1 8 1 4 14 11 7 3 6 7 7
18 0 14 14 13 4 19 12 11 1 2 13 12 9 6 3
18 4 2 18 16 9 6 13 13 9 13 17 17 6 0 14
1 2 1 1 1 0 1 0 1 1 1 1 0 0 1 0
7 9 10 19 11 20 16 0 11 14 0 10 12 3 14 20
8 8 5 8 10 7 10 3 3 5 5 10 0 9 0 1
16 15 13 0 16 8 12 7 14 16 3 6 17 10 10 0
2 4 1 0 2 2 3 3 4 3 4 4 1 2 1 0
9 13 7 8 8 11 13 14 3 11 4 13 12 9 8 1
2 8 4 1 7 7 4 10 3 9 6 6 11 10 9 7
5 7 8 4 14 13 2 6 12 17 9 13 4 2 0 18
2 0 2 0 1 0 2 1 2 1 0 2 2 1 0 0
10 2 7 6 3 7 4 10 3 8 4 10 0 7 2 8
8 1 22 14 4 6 17 0 21 7 11 0 21 22 5 10
7 10 13 7 6 12 9 5 10 0 7 9 2 7 9 6
9 9 16 17 14 17 2 6 6 16 17 6 12 17 15 9
1 2 6 0 6 4 3 5 1 6 0 3 6 4 3 4
10 1 14 17 14 8 12 3 21 5 13 17 5 9 24 5
10 4 11 4 6 12 10 1 1 6 17 11 18 7 9 6
21 22 8 3 2 22 17 3 3 1 15 12 21 3 20 1
11 0 1 5 7 6 15 5 7 17 0 5 1 14 13 5
2 4 2 1 1 2 3 2 4 2 4 3 4 4 2 2
3 15 9 3 15 1 18 8 0 2 16 13 17 11 1 4
10 16 6 1 10 8 15 2 2 14 9 14 3 6 9 1
0 6 0 0 4 3 4 3 1 0 1 7 3 4 4 2
8 9 9 10 1 6 7 14 13 1 13 1 15 14 5 3
9 16 11 15 11 1 16 9 3 8 14 3 14 6 2 5
11 1 13 1 8 13 15 16 13 18 1 11 17 6 13 12
3 9 6 7 8 4 6 9 7 10 5 4 4 5 7 3
8 11 10 11 9 7 2 6 6 4 11 7 7 5 1 5
23 14 14 21 9 21 12 16 2 13 5 18 3 4 17 1
2 8 3 4 8 2 7 3 4 0 3 7 7 1 8 6
11 18 13 2 13 2 4 16 13 18 8 2 14 2 1 10
0 3 3 2 1 6 3 0 3 0 1 2 0 1 5 1
6 6 5 2 2 8 6 5 0 4 3 7 2 7 4 6
8 0 9 4 4 10 6 9 3 14 3 10 11 11 9 2
13 6 7 4 19 9 15 12 20 0 5 19 8 15 4 10
1 0 1 0 0 0 0 2 2 0 0 0 1 0 0 2
3 14 5 12 4 19 8 17 11 11 0 19 16 17 19 9
9 6 6 6 14 12 0 4 10 12 14 1 6 10 8 14
5 0 8 1 8 5 3 4 7 0 0 4 3 1 1 2
5 2 4 10 9 2 9 3 9 8 3 10 4 4 6 7
8 4 4 0 20 4 9 13 2 15 8 15 20 2 6 20
10 12 9 1 12 12 9 8 4 6 12 10 0 8 6 9
4 5 5 6 3 3 4 8 4 8 4 6 5 3 3 7
1 10 3 12 9 10 9 18 17 12 7 18 2 20 20 17
4 5 6 2 10 10 6 6 7 4 3 6 1 10 6 1
3 0 3 3 1 4 4 4 0 0 1 3 4 1 3 0
17 20 18 6 13 16 21 8 19 17 9 0 17 15 4 4
7 19 2 11 15 1 3 13 13 17 12 13 7 3 9 15
18 11 2 1 9 7 9 10 11 3 17 4 5 18 12 3
6 0 21 18 13 2 1 19 10 24 6 6 16 1 8 21
1 2 6 0 6 1 0 3 6 2 2 1 5 2 1 5
20 16 18 19 6 22 21 14 12 12 11 4 3 8 10 22
4 9 7 5 9 2 12 0 5 7 15 4 19 2 14 18
16 6 11 6 2 14 16 5 4 6 10 5 7 15 10 16
14 11 2 12 13 21 14 23 15 24 23 14 14 24 0 19
4 2 4 0 1 4 1 4 1 0 0 4 4 3 1 1
5 1 0 2 2 5 3 1 4 6 6 5 2 5 3 2
0 4 0 3 0 2 2 4 4 2 0 3 0 0 0 1
2 5 0 3 1 2 5 6 5 1 1 6 5 5 5 2
3 9 11 5 7 8 5 9 12 10 4 10 13 7 6 0
15 3 5 24 6 5 12 22 7 4 15 6 5 0 20 4
6 10 5 14 9 3 14 16 6 5 6 17 2 13 18 17
17 5 6 1 11 10 11 10 10 14 15 15 16 4 16 13
4 3 4 2 0 9 3 6 10 9 3 13 13 5 4 7
4 2 0 1 1 2 3 0 3 4 1 4 3 1 0 4
7 9 7 12 11 0 12 5 4 1 12 3 10 10 3 10
5 4 6 8 0 3 1 6 1 0 5 5 7 5 8 3
4 3 2 1 2 1 0 3 2 4 0 3 2 0 1 2
1 10 0 5 10 9 0 4 10 8 1 8 3 6 5 3
1 2 1 0 1 0 2 2 2 2 2 0 2 0 0 1
4 4 8 0 7 4 14 3 8 1 13 13 3 8 8 1
1 9 5 1 0 2 1 0 6 3 2 5 2 3 9 6
15 2 3 8 6 14 9 11 7 1 4 10 8 4 5 8
6 7 5 8 7 7 4 6 1 3 4 8 3 4 8 3
17 1 20 18 3 14 12 19 4 21 9 14 11 13 4 6
18 0 4 4 21 1 19 11 17 7 9 1 22 1 11 15
17 8 2 13 13 17 3 7 2 17 18 9 9 5 17 11
12 7 2 6 10 7 0 17 3 17 19 14 14 0 16 15
8 5 10 3 3 5 1 6 9 4 2 10 5 6 2 5
4 4 2 2 6 3 5 0 8 6 0 2 3 1 1 6
2 4 4 4 0 3 1 4 0 2 0 3 0 0 4 0
4 15 13 11 10 1 15 9 0 6 9 2 3 7 7 16
8 10 3 10 2 5 8 3 5 2 4 1 7 3 7 3
0 1 0 0 2 2 2 2 0 0 2 0 0 1 0 1
4 5 8 2 2 1 3 2 7 1 2 6 7 6 0 6
14 13 1 19 5 11 6 8 5 20 19 6 5 1 20 10
2 4 4 2 7 3 1 4 6 8 7 3 2 0 2 5
4 0 6 2 1 4 1 3 2 5 0 6 4 8 1 7
10 10 15 7 10 7 12 8 11 4 11 7 8 10 2 2
2 1 2 0 1 1 2 0 0 1 0 0 0 2 1 1
8 1 1 4 3 7 3 7 2 8 3 5 1 6 4 5
6 6 14 3 18 2 17 4 4 5 18 11 4 15 6 15
9 24 11 23 15 23 13 0 12 16 1 17 22 22 24 11
4 0 0 0 4 0 3 1 0 1 3 0 2 3 2 0
7 1 7 7 7 4 7 2 4 9 8 2 10 2 4 0
21 0 12 1 11 11 8 6 17 9 3 3 22 9 24 9
11 1 10 14 2 12 0 2 6 10 4 1 14 13 11 14
6 9 8 4 10 2 0 7 0 8 0 13 6 3 1 15
0 0 2 1 0 2 0 0 0 0 0 0 0 0 2 0
8 5 6 3 4 1 8 3 4 3 7 2 4 4 0 8
7 8 21 0 19 22 14 3 11 2 8 10 11 18 24 16
6 3 0 6 0 5 1 6 4 5 3 1 1 1 5 5
7 7 4 14 5 10 14 5 6 2 12 4 5 7 11 10
6 2 6 10 4 5 3 1 6 11 2 5 10 10 5 10
0 2 2 4 3 4 2 2 2 3 0 11 7 2 9 2
8 2 5 5 8 7 2 14 7 8 10 13 12 6 3 7
2 2 4 3 2 0 2 2 4 0 0 4 4 0 3 3
4 9 13 5 13 13 4 6 5 4 2 5 7 1 5 11
3 6 12 12 8 3 10 10 11 0 12 10 5 10 3 10
1 18 5 14 14 19 6 8 14 20 19 3 17 18 6 12
6 4 3 4 3 3 6 3 0 0 0 0 3 2 4 4
2 0 0 2 1 2 4 4 3 0 0 1 0 0 4 4
0 1 4 4 0 4 3 3 1 0 0 0 3 1 0 0
3 2 6 7 3 12 13 5 6 3 0 8 4 6 7 7
6 6 6 2 7 1 5 5 1 8 9 8 5 7 5 9
1 1 0 1 1 2 1 7 1 15 16 3 14 16 15 8
1 1 3 4 3 0 2 4 1 1 0 2 4 3 4 1
10 3 22 1 21 10 8 2 20 0 16 6 18 22 4 6
0 6 2 4 2 0 5 5 2 4 0 4 0 1 6 2
1 0 1 4 3 0 8 8 8 3 0 0 8 7 5 4
7 7 12 1 0 11 1 4 5 3 5 6 11 12 12 11
1 12 11 7 12 12 10 0 6 1 11 2 1 8 4 0
5 3 3 1 0 0 4 5 1 2 0 2 0 3 6 4
3 11 0 10 11 10 6 10 6 14 7 13 7 5 13 13
1 10 10 4 3 11 14 4 9 16 18 6 0 5 11 13
3 0 9 8 6 1 6 0 6 8 0 2 1 11 7 8
3 7 0 7 8 2 0 4 3 7 3 1 2 2 5 2
16 1 6 6 24 0 14 2 1 13 6 15 23 17 24 10
0 1 0 4 6 1 8 2 4 4 5 3 6 7 5 0
0 24 22 24 6 1 0 24 3 17 24 17 13 11 24 13
3 2 0 1 0 1 0 2 3 4 0 1 1 1 2 1
0 5 20 5 23 22 16 23 10 24 7 10 6 21 7 20
1 0 1 2 1 1 0 1 0 1 1 1 0 1 0 2
5 0 2 2 1 1 1 0 6 1 6 4 5 1 4 6
0 1 1 1 2 2 2 2 0 0 1 2 0 1 0 2
8 8 7 8 12 11 0 2 12 8 9 8 7 5 7 7
22 12 15 7 17 1 17 21 1 13 16 15 12 12 9 2
1 0 2 2 1 0 2 0 4 3 4 0 0 0 3 3
0 3 4 2 0 3 2 3 2 2 3 1 4 2 0 4
8 15 2 2 8 12 16 4 10 6 11 4 1 8 10 10
0 4 4 4 1 0 4 4 4 0 2 3 2 3 3 2
9 10 22 14 10 2 12 1 8 6 17 0 20 18 20 11
5 4 7 2 3 1 5 5 1 6 1 5 0 1 2 5
1 4 2 3 2 2 4 1 4 4 0 0 3 3 4 0
3 2 0 1 0 0 6 5 2 5 5 1 5 0 4 3
9 21 2 10 12 17 20 13 12 23 22 10 0 6 3 15
1 10 2 6 2 9 4 7 6 3 7 9 5 4 10 7
4 0 0 1 2 3 4 3 1 0 1 3 3 0 1 3
2 5 1 6 6 1 0 4 5 4 5 3 3 1 0 6
2 3 14 8 4 1 12 12 11 6 18 10 11 4 7 11
3 3 3 1 3 3 4 4 4 3 1 1 4 0 0 3
3 2 8 7 7 5 4 2 8 3 8 4 6 3 4 0
2 9 16 0 11 10 16 11 14 9 7 6 10 0 3 7
16 16 5 19 18 17 18 15 11 5 20 10 18 9 6 13
7 4 0 1 5 5 2 4 4 1 6 3 3 5 0 4
5 5 1 3 6 0 6 3 5 3 3 3 5 3 6 5
17 14 8 18 12 19 1 17 10 17 9 12 17 15 18 7
2 6 7 1 8 8 8 4 3 7 0 0 3 7 1 0
15 7 9 0 20 2 8 11 1 8 8 4 0 9 15 17
3 0 5 4 0 1 2 2 4 2 7 10 8 8 6 7
1 5 4 6 0 7 4 8 6 3 4 1 7 1 8 3
0 3 0 5 6 4 3 5 3 6 0 1 3 3 3 1
5 6 20 19 15 15 12 19 12 18 3 12 7 7 10 9
17 16 1 3 16 6 7 13 1 5 9 14 3 11 3 14
8 5 21 11 16 15 18 12 6 15 13 16 13 16 5 1
2 0 4 0 2 0 0 1 2 4 4 3 2 3 0 1
2 4 0 3 0 0 2 3 2 4 0 4 1 3 4 3
0 3 2 2 3 1 5 11 9 8 3 3 11 11 8 10
12 18 7 22 22 16 21 11 14 1 22 2 7 21 7 16
17 2 15 11 14 2 3 19 18 1 11 14 13 14 13 10
2 4 1 4 2 0 3 0 4 2 2 1 1 4 4 3
4 5 9 16 0 14 11 5 6 16 16 7 8 11 9 2
3 1 5 6 4 7 3 0 0 2 7 1 0 6 6 5
7 1 12 1 2 3 11 11 5 12 10 14 15 18 0 19
6 13 16 9 16 0 3 7 3 7 10 3 3 4 16 14
6 0 8 8 1 6 2 3 6 1 3 10 0 1 3 6
16 12 4 4 1 9 2 4 5 12 1 7 7 3 9 8
10 7 2 9 4 10 2 10 5 7 9 6 2 10 0 2
2 3 5 2 1 6 0 0 5 2 0 6 4 5 3 1
11 9 1 12 7 7 6 0 6 6 14 5 10 6 4 11
1 6 2 3 1 0 6 0 3 3 1 1 2 6 3 2
2 4 0 11 0 13 3 7 5 10 11 0 11 11 9 8
0 0 2 1 2 0 0 2 0 0 2 2 2 0 2 0
2 19 5 8 10 9 24 23 22 5 13 7 11 3 5 22
0 24 2 1 19 8 7 13 9 6 7 4 14 10 12 6
23 11 20 19 16 4 15 2 8 9 22 18 20 21 14 13
1 1 1 0 2 2 1 1 2 1 0 0 0 2 2 2
2 6 4 10 5 3 3 3 8 9 0 0 0 3 5 1
22 0 18 2 22 19 14 2 18 20 20 2 10 3 13 1
8 8 11 0 0 3 5 5 2 0 11 9 1 8 9 9
1 3 8 7 7 18 7 16 18 11 3 0 6 14 7 12
9 1 5 4 6 2 8 1 1 8 9 0 8 7 7 8
16 11 10 4 15 12 2 15 4 13 10 10 1 2 0 13
1 2 1 2 2 0 1 0 1 2 1 0 1 1 2 0
2 0 1 0 2 1 0 1 1 2 2 0 2 2 0 2
4 2 2 5 12 8 7 9 2 5 7 11 16 3 10 11
2 1 5 2 1 3 7 0 0 2 7 6 7 1 3 2
2 1 2 1 4 3 4 5 0 5 3 3 0 1 5 0
3 3 2 0 1 0 3 4 1 1 2 1 4 3 2 1
0 2 0 4 4 5 7 1 4 7 4 3 7 4 8 8
17 20 19 2 16 18 16 8 0 19 18 1 11 20 0 1
1 1 2 2 1 1 0 0 1 0 0 2 1 0 0 0
1 2 0 0 2 1 1 1 0 2 1 1 1 2 1 2
14 16 0 22 16 11 21 2 0 13 2 0 12 7 7 13
15 7 5 1 1 11 15 2 6 2 18 2 10 4 4 9
15 3 9 0 1 19 17 19 14 21 17 9 10 8 21 19
2 2 2 0 1 1 2 0 1 0 0 2 0 2 1 1
3 3 4 2 0 6 0 1 5 7 3 3 7 1 2 1
1 0 4 0 3 2 4 4 2 0 4 2 1 4 0 2
20 18 6 14 11 12 2 20 19 17 20 15 19 4 17 16
10 3 6 6 5 5 1 5 9 10 6 3 5 6 6 3
1 3 2 0 1 2 4 2 4 2 4 3 4 3 3 3
0 1 6 7 10 16 10 16 4 5 0 16 13 6 5 15
3 4 3 1 3 4 4 1 2 1 1 4 4 4 4 3
13 13 11 9 16 6 17 2 2 20 0 20 21 15 17 18
4 9 14 3 1 19 4 12 8 0 16 3 4 16 20 13
0 3 1 13 10 2 17 3 1 12 5 17 7 4 13 0
3 1 14 3 7 4 6 7 11 2 6 1 12 6 4 3
8 6 5 9 4 7 5 2 7 9 7 8 10 1 7 2
7 5 12 6 6 12 1 1 11 7 1 9 11 8 0 3
7 1 0 2 1 7 7 5 7 0 5 7 8 1 2 6
3 3 2 4 12 15 1 1 11 1 2 8 10 8 9 15
2 1 1 1 0 1 2 2 1 0 2 1 0 2 2 0
3 4 0 2 4 0 4 0 3 3 2 3 0 4 3 0
8 3 10 10 1 17 5 18 4 0 20 9 18 9 8 15
9 2 23 6 7 10 16 6 21 5 13 14 9 10 20 7
2 2 6 0 0 6 5 6 4 3 3 4 4 3 0 1
16 13 13 8 4 17 4 8 2 19 18 12 6 6 11 4
0 0 1 2 0 0 2 1 2 1 1 1 2 2 2 1
2 1 1 2 0 2 0 1 1 0 0 2 2 1 2 2
5 0 18 9 1 12 5 12 7 0 11 15 12 15 1 0
9 7 1 5 9 0 0 2 1 6 3 8 8 1 10 0
2 1 1 2 1 2 0 0 0 1 2 2 0 1 2 2
14 16 14 22 24 4 4 7 9 1 0 14 7 16 19 13
2 1 2 2 2 1 2 1 2 1 1 1 2 1 1 2
7 18 16 9 16 17 13 15 3 3 5 11 8 4 1 7
1 4 6 6 2 7 7 9 9 2 4 9 3 10 6 8
6 2 2 4 5 4 6 8 0 5 3 0 3 2 1 7
2 8 0 7 0 4 6 3 5 0 5 6 0 6 4 1
10 9 4 13 9 7 13 15 16 14 15 0 4 16 5 16
2 1 2 2 2 1 0 2 0 1 1 2 0 0 1 2
7 7 3 8 0 8 8 7 2 1 2 5 2 3 1 7
3 13 2 12 9 4 6 12 11 12 1 11 13 1 14 8
7 17 0 9 14 2 18 13 5 11 6 15 9 3 2 2
2 6 4 5 4 0 5 0 4 4 4 3 5 6 2 6
2 3 7 1 0 7 2 1 2 8 1 2 0 7 7 0
4 7 13 6 0 10 12 1 8 13 16 9 5 11 2 7
15 9 3 16 10 14 19 12 20 13 3 13 0 20 5 20
