1 2 9
1 3 6
2 4 18
2 5 23
2 6 36
2 7 7
2 8 14
3 9 36
3 10 5
3 11 20
4 12 49
5 13 3
6 14 28
6 15 1
7 16 45
7 17 3
8 18 27
8 19 16
9 20 47
9 21 6
10 22 43
11 23 44
11 24 6
12 25 15
13 26 34
14 27 37
15 28 14
16 29 28
17 30 44
18 31 32
19 32 38
20 33 18
21 34 22
22 35 14
23 36 10
24 37 45
24 38 27
25 39 20
26 39 41
27 40 26
28 40 10
29 41 45
30 41 33
31 42 40
32 42 38
33 43 18
34 43 4
35 43 45
36 43 18
37 43 42
38 44 4
39 45 27
39 46 33
39 47 47
39 48 1
39 49 42
40 50 11
40 51 18
41 52 2
41 53 36
42 54 27
42 55 38
42 56 31
42 57 27
43 58 42
43 59 47
43 60 24
43 61 27
44 62 9
44 63 29
45 64 34
46 64 2
47 65 21
48 65 18
49 65 44
50 66 33
51 66 3
52 67 20
53 68 39
54 69 45
55 69 12
56 70 7
57 70 8
58 71 49
59 72 24
60 72 48
61 73 49
62 73 14
63 73 14
64 74 6
65 75 19
66 76 26
67 77 29
68 78 6
69 79 26
70 80 2
71 81 46
72 82 13
72 83 28
72 84 4
73 85 14
73 86 40
74 87 38
75 88 31
76 89 27
77 90 1
78 91 18
79 91 7
80 92 13
81 92 14
82 93 20
83 94 5
84 95 13
85 96 31
86 97 48
87 98 38
88 99 9
89 100 8
90 101 15
91 102 18
92 103 13
93 104 3
94 105 41
95 106 45
96 107 32
97 108 25
98 109 45
99 110 10
100 111 7
101 112 30
102 113 34
103 114 36
104 115 45
105 116 46
106 117 23
107 118 37
108 119 38
109 120 3
109 121 28
109 122 15
110 123 28
111 124 15
112 125 9
113 126 8
114 127 46
115 128 19
116 129 25
117 130 16
118 131 5
119 132 40
120 133 10
121 133 23
122 134 17
123 134 45
124 134 34
125 135 35
126 136 25
127 136 14
128 137 26
129 137 13
130 138 41
131 138 15
132 138 44
133 139 3
134 140 19
134 141 33
135 142 37
135 143 25
136 144 44
137 145 47
138 146 8
139 147 3
140 148 18
141 149 28
142 150 3
142 151 29
143 152 31
144 153 40
144 154 17
144 155 17
145 156 46
145 157 38
146 158 38
147 159 8
148 160 46
149 161 18
150 162 2
151 163 14
152 164 1
153 165 29
154 166 11
155 167 41
156 168 11
157 169 32
158 170 46
159 171 9
160 172 9
161 173 35
162 174 18
162 175 22
163 176 33
164 177 19
165 178 36
166 179 31
167 180 34
168 181 22
169 182 12
170 183 3
171 184 4
172 185 47
173 186 39
174 186 27
175 187 49
176 188 36
177 189 17
178 190 4
179 191 39
180 192 31
181 193 31
182 194 40
183 195 24
184 196 9
185 196 46
186 196 33
187 197 12
188 198 7
189 199 22
190 200 35
191 201 17
192 201 25
193 202 35
194 203 22
195 204 47
196 205 44
197 206 48
198 207 26
199 208 39
200 209 37
201 210 15
202 211 26
203 212 19
204 213 21
204 214 30
204 215 14
205 216 37
206 217 43
207 218 2
208 219 7
208 220 40
209 221 49
210 222 12
211 223 34
212 224 2
212 225 38
213 226 23
214 227 19
215 228 43
216 229 14
216 230 45
216 231 17
217 232 6
217 233 17
217 234 43
218 235 11
218 236 16
219 237 9
219 238 3
220 239 19
221 240 41
221 241 1
222 242 9
222 243 24
222 244 35
222 245 14
222 246 37
223 247 4
223 248 3
224 249 40
224 250 30
225 251 17
225 252 22
225 253 11
225 254 29
226 255 17
226 256 27
227 257 40
227 258 25
228 259 28
228 260 4
228 261 19
228 262 22
229 263 11
230 263 43
231 263 28
232 264 1
233 264 44
234 264 18
235 264 46
236 264 30
237 264 8
238 264 25
239 265 28
240 265 24
241 265 30
242 266 41
243 266 25
244 266 30
245 266 17
246 266 8
247 266 27
248 267 23
249 267 48
250 267 30
251 267 49
252 268 40
253 268 37
254 268 24
255 268 42
256 268 37
257 269 29
258 269 29
259 270 42
260 270 28
261 271 35
262 271 36
263 272 6
264 272 23
265 273 33
266 274 14
267 275 5
268 275 24
269 276 3
270 277 23
271 278 44
272 279 12
272 280 44
272 281 4
273 282 39
274 283 23
275 284 24
276 285 32
277 286 46
278 287 19
279 288 33
280 289 9
281 290 9
282 291 43
283 292 38
284 293 47
285 294 7
286 294 7
287 295 2
288 296 6
289 297 44
290 298 29
291 299 2
292 300 32
292 301 29
293 302 25
294 303 49
294 304 1
295 305 6
295 306 46
296 307 35
297 308 18
298 309 16
298 310 31
299 311 11
300 312 42
300 313 45
301 314 30
302 315 28
302 316 23
303 317 36
304 318 44
304 319 22
304 320 19
305 321 26
306 322 31
306 323 24
307 324 43
308 324 37
309 325 36
310 326 35
311 327 38
312 328 14
313 329 5
314 330 26
315 331 37
316 332 39
317 333 35
318 333 46
319 334 2
320 335 18
321 336 28
322 337 49
323 338 38
324 339 17
325 340 39
326 340 9
327 341 17
328 342 16
329 343 32
330 343 2
331 344 44
332 345 43
333 346 8
334 347 48
335 348 2
336 349 27
337 350 22
338 351 25
339 352 39
340 353 46
341 353 24
342 354 14
343 354 8
344 355 24
345 356 15
346 357 40
347 358 10
348 359 30
349 360 30
350 361 44
351 362 14
352 363 6
353 364 20
354 365 31
355 366 13
356 367 21
357 368 24
358 369 41
359 370 40
360 371 41
361 372 9
362 373 39
363 374 43
364 375 9
365 375 1
366 376 16
367 377 49
368 378 47
369 379 16
370 380 16
371 381 20
372 381 38
373 382 34
374 383 49
375 384 27
376 385 16
376 386 47
376 387 27
377 388 38
377 389 8
378 390 33
379 391 28
379 392 9
380 393 45
380 394 26
381 395 6
382 396 10
382 397 39
382 398 11
383 399 22
384 400 39
385 400 16
386 401 44
387 402 34
388 403 14
389 404 45
390 405 40
391 406 5
392 406 1
393 407 35
394 407 11
395 408 2
396 409 3
397 410 41
398 411 17
399 412 33
399 413 41
400 414 39
401 415 46
402 416 24
403 417 13
403 418 42
404 419 16
405 420 3
406 421 20
407 422 4
408 423 46
409 424 17
410 425 13
411 426 47
412 427 44
413 428 30
414 429 45
415 430 17
416 431 38
417 432 2
418 433 4
419 434 13
420 434 42
421 435 47
422 435 9
423 436 39
424 437 36
425 437 29
426 438 32
427 439 30
428 440 44
429 441 3
430 442 11
431 443 21
432 444 41
433 445 9
434 446 45
435 447 43
436 448 47
437 449 28
438 450 30
439 451 30
440 452 42
441 453 4
442 454 19
443 455 7
444 456 30
445 457 3
446 458 2
447 459 7
448 460 44
449 461 17
450 462 16
451 463 17
451 464 19
452 465 9
453 466 18
453 467 30
453 468 8
454 469 35
455 470 26
455 471 2
456 472 14
457 473 7
457 474 5
458 475 20
459 476 34
459 477 34
460 478 23
460 479 9
461 480 10
462 481 6
463 482 3
464 482 39
465 483 29
466 483 38
467 483 26
468 483 40
469 483 21
470 484 20
471 484 49
472 485 28
473 485 22
474 485 30
475 486 8
476 486 36
477 487 9
478 487 12
479 487 47
480 487 33
481 488 48
482 489 26
482 490 30
483 491 37
484 492 26
485 493 7
485 494 40
486 495 34
487 496 23
487 497 2
487 498 14
488 499 18
489 500 23
490 500 2
491 500 35
492 500 21
493 500 22
494 500 44
495 500 42
496 500 11
497 500 12
498 500 3
499 500 32
