1 2 1
1 3 1
1 4 1
2 5 1
2 6 1
2 7 1
2 8 1
3 9 1
3 10 1
3 11 1
4 12 1
4 13 1
4 14 1
5 15 1
6 16 1
7 17 1
8 18 1
9 18 1
10 19 1
11 20 1
12 20 1
13 21 1
14 22 1
15 23 1
16 24 1
16 25 1
17 26 1
17 27 1
18 28 1
19 29 1
20 30 1
21 31 1
21 32 1
22 33 1
23 34 1
24 35 1
25 36 1
26 37 1
27 38 1
28 39 1
29 40 1
30 40 1
31 40 1
32 41 1
33 42 1
34 43 1
35 44 1
35 45 1
36 46 1
36 47 1
37 48 1
38 49 1
39 50 1
40 51 1
41 52 1
42 53 1
43 54 1
44 54 1
45 55 1
46 56 1
47 57 1
48 58 1
49 58 1
50 59 1
51 60 1
52 61 1
53 62 1
54 63 1
55 64 1
56 65 1
57 66 1
58 67 1
59 68 1
60 69 1
61 70 1
62 71 1
63 72 1
63 73 1
64 74 1
65 75 1
66 76 1
67 77 1
67 78 1
68 79 1
69 80 1
70 81 1
71 82 1
72 83 1
73 84 1
74 85 1
75 85 1
76 86 1
77 86 1
78 87 1
79 88 1
80 88 1
81 89 1
82 90 1
83 91 1
83 92 1
84 93 1
84 94 1
85 95 1
86 96 1
87 97 1
88 98 1
89 99 1
90 100 1
91 101 1
92 102 1
92 103 1
93 104 1
94 105 1
95 106 1
96 107 1
97 108 1
98 109 1
99 110 1
100 111 1
101 112 1
102 113 1
103 114 1
104 115 1
105 116 1
106 117 1
107 118 1
108 118 1
109 119 1
110 119 1
111 120 1
112 121 1
113 122 1
114 123 1
115 124 1
116 125 1
117 126 1
118 127 1
119 128 1
120 128 1
121 129 1
122 130 1
123 131 1
123 132 1
124 133 1
125 134 1
126 135 1
127 136 1
128 137 1
129 138 1
130 139 1
131 140 1
132 141 1
133 142 1
134 143 1
135 144 1
136 145 1
137 146 1
138 147 1
139 148 1
140 149 1
140 150 1
141 151 1
142 152 1
143 153 1
143 154 1
144 155 1
145 156 1
146 157 1
147 158 1
148 159 1
149 160 1
150 161 1
151 162 1
152 163 1
153 164 1
154 165 1
155 166 1
156 167 1
157 168 1
158 169 1
159 170 1
160 171 1
161 172 1
162 173 1
163 173 1
164 173 1
165 174 1
166 175 1
167 175 1
168 176 1
169 177 1
170 178 1
171 179 1
172 180 1
173 181 1
174 182 1
175 183 1
176 183 1
177 184 1
178 185 1
179 186 1
180 187 1
181 188 1
182 189 1
183 190 1
184 191 1
185 192 1
186 193 1
186 194 1
187 195 1
187 196 1
188 197 1
189 198 1
190 199 1
191 200 1
192 200 1
193 200 1
194 200 1
195 200 1
196 200 1
197 200 1
198 200 1
199 200 1
