1 2 83
1 3 75
1 4 82
1 5 96
2 6 66
2 7 28
2 8 75
3 9 82
3 10 32
3 11 68
3 12 77
3 13 66
4 14 14
4 15 8
4 16 86
4 17 71
5 18 92
5 19 78
5 20 11
6 21 70
7 22 22
8 22 43
9 23 89
10 24 82
11 25 88
12 26 62
13 27 37
14 28 48
15 29 45
16 30 93
17 30 85
18 31 74
19 31 27
20 32 17
21 33 54
22 34 38
23 35 11
24 36 73
25 37 76
26 38 46
27 39 44
28 40 23
29 41 84
30 42 14
31 42 6
32 43 5
33 44 72
33 45 60
34 46 90
35 47 52
35 48 13
36 49 95
36 50 57
37 51 14
37 52 32
38 53 95
38 54 63
38 55 70
38 56 85
39 57 26
39 58 35
39 59 17
40 60 44
40 61 45
41 62 57
41 63 49
41 64 45
42 65 97
42 66 88
43 67 40
43 68 58
43 69 77
44 70 65
45 70 98
46 70 32
47 70 1
48 70 88
49 71 78
50 71 56
51 71 46
52 71 77
53 71 24
54 72 9
55 73 56
56 73 5
57 73 5
58 73 68
59 73 90
60 74 98
61 74 98
62 74 58
63 75 44
64 75 47
65 76 50
66 77 64
67 77 63
68 77 51
69 77 10
70 78 18
70 79 94
71 80 4
72 81 58
73 82 42
74 83 30
75 84 47
76 85 2
76 86 82
77 87 79
78 88 80
79 88 78
80 89 83
81 90 80
82 91 89
83 91 41
84 92 29
85 92 94
86 93 48
87 94 85
88 95 46
88 96 87
88 97 56
88 98 23
89 99 18
89 100 49
90 101 2
90 102 91
91 103 39
91 104 40
92 105 38
93 106 23
93 107 6
94 108 42
94 109 50
95 110 29
96 111 37
97 112 51
98 113 1
99 114 32
100 115 41
101 116 12
102 117 35
103 118 12
104 119 70
105 120 45
106 121 57
107 122 22
108 123 32
109 123 83
110 124 63
111 125 44
112 126 47
113 127 88
114 128 9
115 129 60
116 130 49
117 131 60
118 132 48
119 133 47
120 133 76
121 134 11
122 134 7
123 135 55
124 136 35
125 137 63
126 138 63
127 139 58
128 140 73
129 141 81
130 142 41
131 143 88
132 144 89
133 145 74
134 146 46
135 146 18
136 147 41
137 148 78
138 149 40
139 150 48
140 151 47
141 152 37
142 153 19
142 154 61
143 155 87
143 156 33
144 157 30
144 158 5
145 159 12
146 160 74
147 161 49
148 162 82
149 163 69
150 164 7
151 165 14
152 166 70
153 167 43
154 168 60
155 169 78
156 170 9
157 170 78
158 171 60
159 172 81
160 173 91
161 174 32
162 175 76
163 176 40
164 177 75
165 178 20
166 179 87
167 180 31
168 181 64
169 182 99
170 183 70
170 184 55
171 185 30
172 186 55
173 187 17
173 188 13
173 189 59
174 190 98
175 190 85
176 191 80
177 192 26
178 192 34
179 192 39
180 192 2
181 192 13
182 193 23
183 194 48
184 195 41
185 195 25
186 196 29
187 196 80
188 197 23
189 198 39
190 199 99
190 200 37
191 201 68
192 202 29
192 203 36
193 204 90
194 205 6
195 206 43
195 207 54
195 208 8
196 209 52
196 210 21
196 211 78
197 212 24
197 213 31
198 214 2
199 215 17
200 216 85
201 217 22
202 218 76
203 219 21
204 219 61
205 220 52
206 221 41
207 221 36
208 222 13
209 223 7
210 224 58
211 225 24
212 225 23
213 226 19
214 227 24
215 228 69
215 229 81
215 230 85
215 231 45
215 232 4
216 233 30
216 234 11
216 235 81
217 236 40
217 237 12
217 238 82
217 239 73
218 240 86
218 241 45
218 242 3
218 243 8
219 244 74
219 245 15
219 246 11
219 247 14
219 248 35
220 249 31
220 250 30
221 251 59
221 252 49
222 253 63
222 254 9
222 255 89
222 256 98
223 257 69
223 258 16
223 259 43
224 260 75
224 261 40
224 262 62
224 263 61
225 264 58
225 265 60
226 266 33
226 267 52
226 268 28
226 269 55
227 270 92
227 271 12
228 272 55
229 272 27
230 272 64
231 272 32
232 273 77
233 273 95
234 273 34
235 274 39
236 275 61
237 276 57
238 276 40
239 276 59
240 277 40
241 278 31
242 278 19
243 278 5
244 279 57
245 279 69
246 280 29
247 281 31
248 281 63
249 281 87
250 281 39
251 282 99
252 282 21
253 282 24
254 282 96
255 283 37
256 283 90
257 283 58
258 283 10
259 284 29
260 284 87
261 285 84
262 285 67
263 285 18
264 286 88
265 286 77
266 286 39
267 286 66
268 286 66
269 287 85
270 288 25
271 288 19
272 289 89
273 290 41
274 291 19
275 292 57
276 293 70
277 294 20
278 295 20
279 295 1
280 296 93
281 297 48
282 297 10
283 298 70
284 298 33
285 299 76
286 300 34
287 301 51
288 302 43
289 303 34
290 304 87
291 305 34
292 305 66
293 305 63
294 306 21
295 306 68
296 307 68
297 308 55
298 308 71
299 309 85
300 310 71
301 311 15
302 312 86
303 313 56
304 314 33
305 315 32
306 316 58
306 317 58
307 318 43
308 319 55
309 320 13
310 321 54
311 322 73
312 323 21
313 324 89
313 325 93
314 326 63
315 327 78
315 328 46
316 329 29
317 330 80
318 331 97
319 332 83
320 333 87
321 334 69
322 335 4
323 336 23
324 337 88
325 338 62
325 339 61
326 340 22
327 341 28
327 342 30
328 343 37
329 344 39
330 345 39
331 346 2
332 347 39
333 348 94
334 349 68
335 350 54
336 351 14
337 352 36
338 353 38
339 354 42
340 355 10
341 356 63
342 357 74
343 358 77
344 359 94
345 360 96
346 360 26
347 361 20
348 362 82
349 363 47
350 364 82
351 364 5
352 365 97
353 365 4
354 365 36
355 366 26
356 366 99
357 367 45
358 368 91
359 368 65
360 369 28
361 369 86
362 370 28
363 370 82
364 370 25
365 371 27
365 372 89
365 373 88
366 374 24
366 375 46
367 376 83
367 377 65
367 378 7
367 379 38
368 380 46
369 381 64
369 382 98
370 383 19
370 384 46
370 385 41
371 386 12
372 387 42
373 388 76
374 389 77
375 390 2
376 391 18
377 392 42
378 392 46
379 393 12
380 394 5
381 395 87
382 395 12
383 396 37
384 396 71
385 397 52
386 398 12
387 399 77
388 400 96
388 401 77
389 402 83
390 403 27
391 404 41
392 405 47
393 406 6
393 407 32
394 408 98
395 409 14
396 410 65
397 411 78
398 412 88
399 413 78
400 414 82
401 415 60
402 416 59
403 417 89
404 418 62
405 419 85
406 420 56
407 421 56
408 422 94
409 423 52
410 424 47
411 425 51
412 426 64
413 427 34
414 427 7
415 428 11
416 429 41
417 429 11
418 430 70
419 431 85
420 432 18
421 433 76
422 434 96
423 435 84
424 436 42
425 437 54
426 438 27
427 439 58
428 440 73
429 441 88
430 442 36
431 443 95
431 444 8
432 445 32
433 446 26
434 447 62
435 448 82
436 449 90
437 450 28
438 451 87
439 452 65
440 453 77
441 454 79
442 455 25
443 456 55
444 457 27
445 458 33
446 459 81
447 460 63
448 461 57
449 461 64
450 462 42
451 463 39
452 464 16
453 465 60
454 466 18
455 467 6
456 468 39
457 469 44
457 470 14
458 471 89
459 472 66
460 473 52
461 474 26
462 475 33
463 476 91
464 477 9
465 478 87
466 479 75
467 480 57
468 481 1
469 481 18
470 482 73
471 482 15
472 483 83
473 484 17
474 484 61
475 485 93
476 486 66
477 487 43
478 488 84
479 489 19
479 490 71
479 491 67
480 492 3
481 493 93
481 494 27
482 495 97
483 496 23
484 497 48
485 498 93
485 499 34
486 500 94
487 500 96
488 500 64
489 500 2
490 500 51
491 500 84
492 500 23
493 500 99
494 500 62
495 500 81
496 500 36
497 500 56
498 500 16
499 500 89
