18 19 18 18 19 18 18 19 19 19 18 18 18 18 18 18 18 19 19 18 18 19 18 18 18 19 18 19 19 19 19 18
17 18 18 17 18 18 18 18 18 18 18 18 18 17 17 17 17 18 17 17 18 17 17 17 18 18 17 18 17 18 18 17
6 6 7 7 7 6 7 6 7 6 7 6 6 7 7 6 6 6 6 7 7 6 6 7 7 7 6 6 6 7 7 7
3 2 3 3 3 3 3 3 2 3 3 3 2 2 2 3 3 2 2 2 2 2 2 2 2 3 3 2 3 2 3 2
10 10 10 10 10 9 10 10 10 10 10 9 10 9 10 9 9 10 10 9 9 10 10 9 9 9 9 9 10 9 9 9
8 8 8 8 7 7 7 7 8 8 7 7 7 8 8 7 8 7 8 8 8 7 7 8 8 7 8 8 7 7 7 8
21 21 19 19 20 20 20 20 21 21 19 19 21 20 21 21 21 21 20 19 20 19 19 19 21 21 21 21 21 20 20 19
5 6 5 6 6 6 6 6 6 6 5 6 5 5 6 6 5 6 5 5 6 5 5 6 5 5 6 6 6 5 5 5
5 5 5 5 6 5 6 5 5 5 5 5 5 6 6 6 6 5 6 5 6 6 5 6 5 6 5 5 5 5 6 6
6 5 6 5 6 5 6 5 5 6 6 5 5 5 5 5 5 6 5 5 5 5 5 6 5 6 6 6 5 6 6 6
7 6 7 7 6 7 7 7 6 7 6 6 7 6 6 7 7 6 7 6 6 6 7 7 6 6 6 7 6 7 7 6
9 9 10 10 9 9 9 9 9 9 10 10 9 10 10 10 10 9 9 10 9 9 9 9 9 10 9 9 9 10 10 9
8 7 7 8 8 7 8 8 7 8 7 7 7 7 8 8 7 8 7 8 8 7 8 7 7 8 7 7 7 7 8 8
2 2 2 3 2 3 2 2 3 3 2 2 2 2 3 3 2 3 3 3 3 3 2 2 2 2 3 2 2 3 2 3
12 11 11 12 11 11 12 11 11 12 11 12 12 11 12 12 12 12 12 11 11 11 12 12 12 12 12 11 11 11 11 11
14 14 14 14 15 15 14 14 15 15 14 15 14 15 15 15 14 15 14 14 15 14 14 15 15 14 15 14 14 15 15 15
1 2 2 2 1 2 1 1 2 1 1 2 2 1 2 1 1 2 1 2 1 2 1 1 2 2 1 1 2 1 1 2
16 16 16 16 15 15 15 16 15 16 15 16 16 16 15 15 16 16 16 16 15 15 15 15 16 16 16 15 15 16 15 15
16 16 16 15 15 15 15 15 15 16 16 15 15 15 16 16 16 16 15 16 15 16 15 16 15 16 15 16 15 15 16 15
18 19 18 18 18 18 19 19 18 19 18 19 19 19 19 18 19 18 19 19 19 18 19 19 19 19 19 19 19 18 19 18
4 4 5 4 4 5 4 4 4 5 5 5 4 4 4 4 5 4 4 5 4 4 5 5 5 4 4 5 5 4 5 5
11 10 10 11 10 11 11 11 11 11 11 11 11 10 11 10 10 11 10 10 10 10 11 11 10 11 11 11 11 10 11 10
16 16 17 16 17 17 16 17 16 17 17 16 16 16 16 16 17 17 16 16 17 17 16 16 17 17 16 16 16 17 16 17
15 16 15 16 15 15 15 16 16 16 15 15 16 15 16 16 16 15 15 16 16 16 16 16 16 16 15 16 16 16 15 15
17 17 17 17 17 16 16 17 17 16 17 16 16 17 16 16 16 16 16 17 16 16 16 16 17 16 16 16 17 17 17 17
20 19 19 20 20 19 19 20 20 20 19 19 19 19 20 19 19 19 20 19 19 19 19 20 19 20 20 20 19 20 20 20
3 4 3 3 3 3 4 4 3 3 4 3 3 4 4 3 4 3 4 3 4 4 4 3 3 3 4 3 4 3 4 4
14 15 15 15 14 15 15 14 15 15 15 15 14 15 14 14 14 15 15 15 14 15 15 15 14 15 15 15 15 14 14 15
18 19 19 18 19 19 19 18 19 18 19 18 19 19 18 18 19 19 18 19 19 19 18 19 19 19 19 18 19 19 18 19
5 5 6 5 5 6 6 5 6 6 6 6 6 5 5 6 6 6 6 5 6 5 5 6 5 6 5 5 6 6 5 5
5 4 4 4 4 4 5 4 5 4 5 4 4 4 4 5 4 4 4 5 4 5 4 5 4 5 5 4 4 4 4 5
19 20 19 19 19 20 20 19 19 19 19 20 19 20 20 20 19 20 20 20 19 20 19 20 19 19 19 19 20 20 20 20
11 12 12 11 12 12 11 12 12 12 12 12 12 11 11 11 11 11 12 11 11 11 11 11 11 12 11 12 11 12 11 12
4 4 3 4 3 4 3 3 4 3 4 3 3 4 4 4 4 3 4 3 4 3 3 4 4 4 4 4 3 4 3 3
14 14 14 13 14 13 13 14 14 14 13 14 13 13 14 14 14 14 13 14 14 13 14 14 14 13 14 13 14 13 14 13
7 7 7 7 7 6 7 6 6 6 7 6 7 7 6 6 6 6 7 6 6 7 7 7 6 6 7 7 7 6 6 6
13 13 13 13 14 14 13 14 13 14 13 13 13 13 13 14 14 13 14 13 14 13 14 13 14 14 14 13 14 13 14 14
6 6 7 6 6 7 7 7 7 7 6 7 7 6 6 7 7 7 6 7 7 7 7 6 7 6 6 6 7 6 6 6
9 9 8 8 9 8 9 8 9 8 8 8 9 9 9 9 8 8 9 9 9 8 8 9 9 9 8 9 8 9 9 8
3 3 4 4 4 4 4 4 4 4 4 3 3 4 3 4 3 4 4 4 4 3 3 4 4 3 4 4 3 3 3 4
10 10 9 10 9 9 10 9 9 9 10 9 10 9 10 10 9 10 9 9 10 10 10 10 10 10 10 10 10 9 10 9
15 16 15 15 15 16 16 15 16 16 16 16 16 16 15 15 15 15 16 16 15 16 15 16 15 16 16 15 15 15 16 15
15 16 16 16 16 15 16 15 15 15 16 15 15 15 15 15 15 16 16 15 15 16 15 15 16 16 16 15 16 15 15 16
14 15 14 14 14 14 15 15 14 14 14 15 15 15 14 15 14 14 15 15 15 15 14 15 14 14 15 15 15 14 15 15
4 3 4 3 3 3 4 4 3 4 4 4 3 3 4 3 4 4 3 3 3 3 4 4 3 4 3 4 3 3 3 3
7 7 7 8 8 8 7 7 7 8 8 8 8 7 7 7 7 7 7 8 8 7 8 8 7 7 8 8 8 8 8 7
4 5 4 4 5 5 5 5 5 5 5 5 4 5 4 4 5 4 4 5 5 4 5 5 4 4 4 5 5 5 5 4
19 20 19 20 19 20 19 20 19 19 19 19 20 19 19 19 20 19 20 20 19 19 20 19 19 19 19 19 19 19 20 20
5 5 4 5 5 5 5 5 5 4 5 5 4 5 4 4 4 4 4 4 5 4 4 4 5 5 4 4 4 5 5 5
2 2 2 2 2 2 2 3 2 3 2 3 3 2 3 2 3 2 3 3 3 2 3 2 2 2 2 3 3 2 2 3
15 16 15 16 15 15 16 16 15 15 16 15 16 15 16 16 16 16 16 16 16 15 16 16 15 15 16 15 15 15 15 15
17 16 17 16 16 17 16 16 17 16 17 17 16 17 17 16 16 16 17 16 17 17 16 17 17 16 17 17 17 16 16 16
3 3 2 2 3 2 2 3 2 2 3 3 3 2 3 3 2 2 2 3 3 3 2 3 3 2 2 3 3 3 2 2
5 5 5 4 5 4 5 5 5 4 4 5 5 4 4 4 4 4 5 4 5 4 5 4 5 4 5 5 4 4 4 4
14 13 13 14 13 14 13 13 14 13 14 14 14 13 13 13 14 14 13 13 13 14 13 13 14 13 14 13 13 14 14 13
14 15 15 15 15 15 15 15 14 15 15 15 15 14 14 15 14 15 15 14 15 14 15 15 14 14 14 15 15 15 15 14
5 5 6 6 6 5 6 5 6 5 5 6 6 6 5 6 6 6 5 6 6 6 5 6 5 6 6 5 6 5 5 5
3 3 3 3 3 3 2 2 2 2 2 3 3 2 3 3 3 3 2 3 3 2 3 3 2 2 3 3 2 2 3 2
15 15 15 16 15 16 16 15 15 16 15 16 16 15 15 15 16 15 15 16 16 15 16 15 16 16 16 15 15 16 16 16
5 4 5 4 4 5 5 5 5 5 5 5 4 5 4 4 5 5 5 4 4 4 5 5 4 4 4 5 5 4 4 5
2 1 1 2 2 1 1 2 2 2 2 2 1 1 1 2 1 2 2 2 2 2 2 2 2 2 2 2 1 1 1 2
12 13 13 13 13 13 12 12 13 13 12 12 12 13 13 13 12 13 12 12 12 13 13 12 13 13 12 13 13 12 12 13
14 14 15 15 14 15 15 14 15 15 14 15 15 15 14 15 15 15 14 14 15 14 14 15 14 14 15 15 14 14 14 15
7 6 7 6 7 7 7 6 6 6 6 7 6 6 7 7 7 7 7 6 7 6 7 6 7 7 6 6 7 6 6 6
11 11 11 10 11 11 11 10 11 11 11 10 11 11 11 10 11 11 10 11 10 10 11 10 11 10 11 10 10 11 10 10
18 18 17 17 17 18 17 17 17 18 18 17 17 18 18 18 17 17 18 17 17 18 17 18 18 18 18 18 18 17 17 17
1 1 1 1 1 2 2 2 1 2 2 2 2 1 1 1 1 1 1 1 2 2 2 2 1 1 1 2 1 2 2 1
20 20 19 19 20 20 19 19 19 20 19 20 19 20 19 19 19 19 19 19 20 19 19 20 20 19 19 20 20 19 19 20
13 13 14 14 13 14 13 14 14 13 14 13 14 13 13 13 13 13 14 13 13 14 14 13 14 14 13 14 14 14 13 14
1 1 2 2 1 2 1 2 2 1 1 1 1 2 2 1 1 2 1 2 2 2 2 1 1 1 1 1 2 1 2 1
4 3 4 4 3 3 4 3 4 3 3 4 3 4 3 4 3 3 3 4 4 4 3 4 4 4 4 3 3 3 4 3
17 17 18 17 17 17 17 17 17 18 18 18 18 18 17 17 17 18 18 17 17 17 17 17 18 18 18 17 18 18 18 18
17 17 17 17 17 17 18 17 17 18 18 18 18 17 18 17 17 17 18 18 18 17 18 18 18 18 17 18 18 17 18 18
21 21 20 20 21 20 20 21 21 20 19 19 20 21 21 21 21 19 21 21 21 21 20 20 21 20 20 20 19 21 21 21
6 7 7 6 7 6 6 7 7 7 6 7 7 6 6 7 7 6 7 7 6 7 7 7 7 6 7 7 7 6 7 6
8 8 9 8 9 9 9 8 9 8 9 9 9 8 8 8 9 8 8 8 8 8 9 9 9 8 9 9 8 8 9 8
12 12 11 11 11 12 12 12 11 12 12 11 12 12 12 11 11 11 11 12 11 11 12 12 12 11 12 12 11 11 12 11
16 16 16 16 17 16 16 17 17 16 16 17 16 17 16 17 17 17 17 16 17 17 16 17 16 17 17 16 17 16 17 16
8 7 7 8 7 7 7 8 8 8 8 7 7 7 7 7 8 8 8 7 7 8 8 7 8 7 8 7 8 8 8 8
15 14 14 15 14 14 15 14 14 15 15 14 14 15 14 15 14 15 14 14 14 14 14 14 14 14 15 14 14 14 15 15
3 2 2 3 2 3 2 3 2 2 2 3 2 2 2 2 2 2 2 3 2 2 2 2 3 3 3 2 3 3 3 3
2 1 2 1 1 2 2 1 1 1 2 2 2 2 2 1 2 2 1 1 1 2 2 1 2 1 2 1 1 1 2 1
3 4 3 4 3 3 3 3 4 4 3 3 4 4 3 3 4 4 3 3 4 3 4 4 4 4 3 3 4 3 3 3
14 14 15 14 15 15 15 15 14 14 15 14 14 14 15 14 14 15 14 14 15 15 15 15 14 15 15 15 15 15 14 14
6 5 6 5 5 6 5 6 6 6 5 6 5 5 5 5 5 5 5 6 6 6 6 5 5 5 6 6 5 6 6 6
14 14 14 14 13 14 14 14 13 13 13 14 14 13 14 13 13 13 13 14 14 13 14 14 14 14 14 14 13 13 13 13
11 12 11 11 11 12 12 11 12 12 12 11 12 11 12 12 12 11 12 11 12 11 12 11 11 12 11 12 12 11 12 12
12 11 11 12 12 12 12 12 12 11 12 12 12 12 12 12 11 11 12 11 12 11 11 12 12 12 11 12 12 12 12 12
20 20 19 19 21 20 19 20 19 20 20 19 20 21 20 19 21 21 20 21 20 20 19 21 21 19 19 20 21 21 21 19
15 15 15 15 15 15 15 15 15 15 15 16 15 15 15 16 15 15 16 16 16 16 16 15 16 16 16 16 16 15 16 15
10 11 11 10 11 11 10 10 10 10 11 10 10 11 10 10 10 11 10 11 11 10 10 10 11 11 11 11 11 10 10 10
17 17 17 16 17 16 17 17 17 17 17 17 17 16 16 16 17 16 16 16 17 17 16 17 16 17 16 17 17 16 16 17
3 2 2 2 2 3 3 2 3 3 3 2 3 3 3 2 3 3 2 2 3 3 3 3 2 2 3 2 3 3 2 2
7 7 6 6 7 7 6 7 6 6 7 7 7 7 7 6 6 6 7 7 7 6 6 7 6 6 7 7 7 6 7 6
19 20 20 19 20 20 19 20 20 19 20 20 20 19 20 19 19 19 19 19 19 19 20 19 20 20 20 20 20 19 19 20
9 10 10 10 9 9 10 10 10 9 10 9 10 9 10 9 10 9 10 10 10 9 10 9 9 9 9 9 9 9 9 10
19 19 18 18 19 19 19 18 18 19 18 18 19 19 19 19 19 19 18 18 19 19 19 18 19 18 19 18 18 19 19 18
13 13 14 13 13 13 14 13 14 13 13 14 13 14 13 14 13 14 14 14 13 14 14 13 14 14 14 13 13 13 14 14
9 8 9 8 9 9 8 8 8 8 9 9 8 8 8 8 8 8 8 8 8 9 8 8 9 8 8 9 9 9 9 9
20 19 20 19 20 20 20 19 19 19 20 19 19 19 20 20 20 19 20 20 20 20 19 20 20 20 19 20 20 19 20 20
14 13 14 13 13 13 13 13 13 13 14 14 14 14 13 13 14 13 13 14 14 14 13 14 14 14 13 14 14 13 13 13
8 7 8 8 8 7 7 7 8 7 7 7 8 8 8 7 8 7 7 8 7 8 7 7 8 7 8 7 7 7 8 8
6 5 6 6 5 5 6 6 5 5 5 5 5 5 6 6 5 5 5 6 6 6 5 6 6 6 5 5 6 6 6 5
18 18 18 18 18 18 17 18 18 17 18 18 18 18 17 17 18 18 17 18 18 17 18 17 17 17 17 18 18 17 18 17
15 15 16 16 16 16 16 16 16 15 15 15 16 16 15 15 16 16 15 16 15 15 15 15 16 15 16 15 15 16 15 15
5 4 5 4 4 5 5 4 5 5 4 4 4 4 5 4 4 4 5 4 4 4 4 5 5 5 5 4 5 5 4 5
12 12 11 12 12 12 11 11 11 12 11 12 12 11 12 11 12 11 12 12 11 11 11 11 12 11 12 12 11 11 12 12
16 16 17 17 17 17 17 16 17 17 17 16 16 17 17 17 16 16 16 16 17 16 16 17 16 16 16 17 16 17 16 16
13 13 13 13 13 14 14 14 14 13 13 14 13 13 13 13 14 14 13 14 14 13 14 13 14 13 13 13 14 13 13 13
10 9 9 9 9 9 9 9 10 10 9 9 10 9 9 10 10 10 9 9 9 10 9 10 9 10 9 10 10 9 10 10
13 14 13 14 14 14 14 14 13 14 13 14 14 13 14 13 14 14 14 13 14 13 13 14 14 14 14 13 14 13 13 14
11 12 12 11 12 12 11 11 11 11 11 12 11 11 11 11 11 11 11 11 11 12 12 12 11 12 11 12 11 12 11 12
14 15 14 15 14 15 15 15 14 15 14 14 15 14 15 15 14 14 15 15 14 14 14 15 14 14 14 14 14 14 15 14
13 13 12 12 13 13 13 12 13 12 13 13 12 13 13 12 13 12 13 12 12 13 12 12 12 12 12 12 12 12 13 13
7 6 7 6 6 7 7 7 6 6 7 7 7 6 6 7 7 7 7 7 7 6 6 6 6 6 6 6 7 6 6 7
4 3 3 3 4 3 4 4 3 3 4 4 4 4 3 3 4 3 4 4 3 3 4 3 4 4 3 4 3 4 4 4
6 6 6 7 7 6 7 7 7 6 7 7 7 6 6 7 6 7 7 7 6 7 7 6 7 6 6 6 7 6 6 6
17 16 16 16 16 17 17 17 17 16 17 17 17 17 16 16 17 16 17 17 16 17 17 16 16 16 17 16 17 16 17 17
18 17 17 18 17 18 17 18 18 17 17 18 17 17 17 18 17 18 17 17 18 17 18 18 18 17 17 18 17 18 18 18
19 19 19 19 19 19 19 19 20 20 20 20 20 19 19 19 19 20 19 20 20 20 19 20 19 19 19 19 20 19 20 20
16 16 15 15 16 16 16 16 15 15 15 15 15 15 15 16 16 15 15 16 16 15 15 15 16 16 16 15 15 15 16 15
18 18 19 18 19 18 19 19 18 18 18 18 18 18 19 19 19 19 19 18 19 18 19 19 19 19 18 18 19 19 19 18
14 14 14 14 15 14 14 14 14 14 15 14 14 15 15 15 15 14 14 14 14 14 15 15 14 15 14 14 15 15 15 14
8 8 8 8 9 8 8 8 8 8 9 8 9 8 8 9 9 8 9 8 8 9 9 9 9 8 8 8 9 8 9 9
6 5 6 5 6 5 5 6 6 6 5 5 5 5 5 5 6 5 5 6 6 6 6 6 6 5 5 6 6 6 6 5
19 19 19 20 19 19 19 20 19 19 20 20 19 19 20 20 19 20 20 20 20 20 20 19 20 20 19 19 20 20 19 20
17 16 16 17 16 16 17 17 17 17 16 16 16 17 17 16 17 17 17 16 17 17 17 16 16 16 16 16 16 17 16 16
12 13 12 13 13 12 13 12 13 12 13 12 12 13 12 12 12 12 13 13 13 12 12 13 12 13 13 13 12 13 12 12
20 19 20 20 19 19 20 20 20 19 20 19 20 20 19 20 19 20 20 20 20 20 19 19 20 20 20 19 19 19 19 20
10 11 11 11 10 10 11 10 10 10 11 11 10 10 10 10 10 10 10 11 10 10 11 10 11 11 11 10 11 11 11 10
7 7 7 6 6 7 7 7 7 6 6 6 6 6 6 7 7 7 6 6 7 6 7 6 7 6 6 7 6 7 7 6
4 5 4 4 4 4 5 5 4 4 5 5 4 5 5 5 5 4 5 5 4 5 5 4 5 4 4 4 5 5 4 5
11 10 11 11 11 10 11 11 11 11 10 10 11 10 11 11 11 11 10 11 11 11 10 10 10 10 11 10 10 10 10 10
6 6 6 6 5 5 5 6 5 6 5 6 5 6 6 5 5 5 6 5 5 6 5 5 5 6 5 6 5 6 5 5
14 14 14 13 13 14 14 13 14 13 14 14 14 13 13 14 14 13 13 14 14 13 13 13 13 13 13 13 13 13 14 13
2 2 2 2 1 2 2 2 1 1 2 1 1 1 2 1 1 1 1 1 1 2 2 2 1 2 2 2 2 2 2 1
10 11 10 11 11 11 11 11 10 11 10 10 11 10 10 10 11 10 10 11 11 11 10 11 11 10 11 11 10 11 11 11
4 4 4 4 4 4 5 4 5 5 4 4 4 4 4 4 4 5 5 4 4 4 5 4 5 5 4 5 4 4 5 5
4 5 5 5 5 4 5 5 5 4 4 5 5 4 4 5 4 4 4 5 5 5 4 4 4 5 4 5 5 4 4 4
6 7 6 6 6 7 6 7 6 6 6 6 7 6 6 6 6 7 7 7 7 6 6 6 6 6 6 7 6 6 6 6
15 15 16 15 15 16 15 15 15 15 16 15 15 16 16 15 15 15 16 16 15 15 16 16 16 15 16 15 16 16 16 16
2 3 3 3 3 2 3 2 2 3 3 3 2 3 3 3 3 2 2 2 3 3 2 2 2 3 3 2 3 2 3 3
5 5 4 5 5 5 5 5 4 4 4 5 5 5 4 4 4 5 5 5 4 4 4 4 4 4 4 5 4 5 5 5
9 8 9 8 8 8 9 8 9 9 8 9 8 9 9 8 9 8 9 8 9 8 8 9 9 8 9 9 9 8 9 9
9 8 8 9 9 9 8 9 8 8 9 8 8 8 8 9 9 9 8 9 9 9 8 8 9 8 9 8 9 9 8 8
13 12 12 13 13 13 13 12 13 12 13 13 12 13 12 13 13 13 13 12 12 12 12 13 12 13 13 12 12 12 12 13
12 12 12 12 13 12 13 13 13 13 12 13 13 12 12 12 13 12 12 13 13 12 13 12 12 12 13 12 12 12 12 13
5 5 5 5 5 5 4 4 4 4 4 5 5 4 5 5 5 4 4 4 4 4 5 5 4 5 5 4 5 4 5 5
18 19 18 18 19 19 19 18 19 19 18 18 19 19 18 18 18 18 18 19 18 18 18 18 19 18 18 18 19 18 18 18
20 19 19 20 20 21 20 19 20 21 19 21 19 19 21 21 21 19 21 19 20 20 19 19 19 19 21 20 21 21 19 20
7 6 7 7 6 7 6 6 6 7 6 7 6 7 7 7 6 7 6 7 6 7 6 6 6 6 7 6 6 6 7 6
11 10 10 10 10 10 11 11 11 10 10 10 11 11 10 10 10 10 11 11 11 10 11 11 10 11 11 11 10 11 11 10
19 19 19 19 19 20 20 20 19 20 19 19 19 19 19 20 19 20 19 19 20 19 19 19 19 20 20 19 19 19 19 20
16 16 15 15 16 15 15 16 15 16 15 16 16 15 16 15 15 16 15 16 16 15 15 15 15 16 15 15 15 15 15 15
11 10 11 10 10 11 10 10 10 10 10 11 11 10 11 10 10 11 10 10 11 11 10 10 10 10 11 11 11 11 11 10
9 10 9 9 9 10 9 9 10 10 9 10 10 10 9 10 10 10 9 10 9 9 10 10 9 10 9 9 9 10 10 9
11 11 11 11 10 11 10 11 11 10 11 11 10 10 10 11 11 11 11 11 10 10 11 11 11 11 10 11 10 11 11 11
21 20 20 19 21 19 19 20 19 19 21 21 20 19 21 19 19 21 20 21 19 21 19 21 20 19 20 21 21 21 19 19
6 6 6 6 5 6 6 5 5 6 6 6 6 6 5 6 6 5 6 6 6 6 6 5 5 5 6 6 6 5 5 5
14 13 13 13 13 13 13 14 13 14 13 14 14 14 13 14 13 14 13 13 14 13 14 14 14 14 13 14 13 14 14 13
16 17 17 16 17 16 17 16 16 17 17 17 16 17 17 17 16 16 16 16 16 17 17 17 16 16 17 16 16 17 17 16
7 6 7 7 6 6 6 7 6 6 7 7 6 6 6 7 6 7 6 7 6 6 7 6 6 7 7 6 7 6 6 7
18 18 18 17 17 18 17 17 18 18 18 18 18 17 18 17 17 18 17 17 18 17 17 17 17 18 17 17 18 18 17 18
19 20 19 19 20 19 19 20 20 19 19 19 19 19 20 19 20 19 19 20 19 19 19 20 19 20 19 19 20 20 20 19
7 6 7 6 7 7 6 6 6 7 6 7 7 6 7 7 7 6 7 6 6 7 7 7 7 6 6 6 7 7 6 7
2 3 2 2 2 3 2 3 3 3 3 3 3 3 3 3 2 3 3 2 3 3 2 3 3 2 2 3 3 2 2 3
9 9 8 9 8 9 8 8 8 8 9 8 8 9 9 8 9 9 8 8 9 8 9 9 9 8 8 8 8 9 9 9
10 11 10 10 10 11 11 11 11 10 10 11 11 11 11 11 10 10 11 11 10 11 10 11 10 11 10 10 11 10 10 11
14 15 14 14 15 15 14 14 15 15 15 15 15 15 14 14 14 15 14 14 14 14 15 14 14 15 15 15 14 15 14 14
11 12 11 11 11 12 11 12 12 11 11 12 11 11 11 12 12 11 12 12 11 12 11 12 12 12 12 12 11 11 11 12
13 12 12 12 13 13 12 13 12 12 12 12 12 12 13 13 12 12 13 12 12 13 13 12 12 12 12 12 13 12 12 13
9 10 9 10 9 10 10 9 10 10 9 10 9 9 10 10 9 9 10 10 9 9 9 9 9 10 10 9 10 10 9 10
5 6 5 5 6 6 6 6 5 5 5 6 6 5 6 5 5 5 6 5 5 6 6 6 5 5 6 5 5 5 5 6
17 17 17 17 17 17 18 17 18 18 18 17 17 18 18 17 17 17 17 17 18 18 18 17 18 17 18 18 17 18 18 18
16 16 15 16 15 15 16 16 15 15 15 16 16 16 16 15 16 16 16 15 15 15 16 16 15 16 15 16 16 16 15 15
17 17 16 16 16 17 16 17 17 17 17 16 17 17 17 16 16 16 16 16 17 17 17 16 16 16 16 16 17 17 17 16
2 2 3 2 2 3 2 3 2 2 3 3 3 3 2 2 2 2 2 2 3 3 3 3 2 2 3 2 2 2 2 3
9 9 9 9 9 8 9 8 9 9 9 9 8 9 8 8 8 9 9 9 8 8 8 9 9 9 8 9 8 8 8 9
5 5 5 5 5 5 5 5 6 5 5 5 5 6 6 5 6 6 5 6 5 6 6 5 5 5 5 6 5 6 5 6
4 4 5 5 4 4 5 5 5 5 5 5 4 5 4 5 5 5 4 4 4 5 5 5 4 5 4 5 5 4 5 5
5 5 4 5 4 5 4 4 5 5 5 5 4 5 4 4 5 4 4 4 4 5 5 4 5 4 4 4 5 4 5 4
13 14 14 14 14 13 13 13 14 13 13 14 14 13 13 13 14 13 14 13 14 13 14 13 14 14 13 14 14 14 14 13
13 14 13 13 13 14 13 13 14 14 13 14 14 14 13 14 13 14 14 13 14 14 13 14 14 13 14 13 14 13 14 14
8 8 9 8 8 8 9 9 8 8 8 8 8 8 9 9 9 9 8 8 8 9 8 8 8 8 9 8 8 8 9 9
13 12 12 12 13 13 13 12 12 12 12 12 12 12 13 12 13 13 12 13 12 13 12 12 12 12 12 13 12 13 12 12
13 12 12 12 12 12 13 13 12 13 13 13 12 13 13 13 12 13 13 12 12 12 12 13 12 12 13 13 13 12 12 13
4 5 5 5 5 4 4 5 5 4 5 5 4 5 4 5 4 5 4 4 5 5 5 4 5 4 5 5 4 4 4 4
17 17 17 17 17 18 17 17 17 18 17 17 18 18 17 17 17 17 17 17 17 18 17 18 18 17 17 18 17 17 17 17
14 14 14 14 13 13 13 13 14 14 14 13 13 13 14 13 13 13 13 14 13 14 14 14 14 13 14 14 13 14 14 13
12 13 13 12 12 13 13 13 12 13 13 13 13 12 12 13 13 12 13 13 12 13 12 12 13 13 13 12 13 12 12 13
17 16 17 17 17 16 17 17 16 16 16 17 17 17 17 17 17 16 17 17 16 16 17 17 17 16 17 17 17 16 16 17
3 3 3 3 2 3 2 3 3 2 2 2 3 3 2 2 2 3 2 2 3 2 2 3 3 3 3 3 3 3 2 2
20 19 19 19 19 19 19 20 20 20 20 20 20 20 20 19 20 20 19 19 20 19 20 19 20 19 20 19 19 20 20 20
9 8 8 8 8 9 9 8 8 8 9 9 8 9 9 9 8 9 8 9 8 8 8 9 8 8 9 9 9 8 9 8
3 4 3 4 3 4 3 4 3 3 4 4 3 4 3 4 4 3 3 4 3 4 4 4 3 3 4 4 3 4 4 3
13 12 13 13 13 12 12 12 12 12 13 13 13 12 12 12 12 13 13 12 13 13 12 13 12 13 13 13 13 12 13 12
9 9 9 8 8 9 8 9 8 9 9 8 8 8 8 8 9 8 8 9 8 8 9 9 9 8 9 8 8 8 9 8
15 15 16 16 16 15 16 15 16 15 15 16 15 16 16 16 16 16 15 15 16 15 15 15 15 16 16 16 15 15 15 16
7 8 7 8 8 8 8 8 8 7 8 7 8 8 7 8 7 7 8 7 8 8 7 7 7 8 8 8 7 8 8 7
10 9 10 10 9 10 10 9 9 10 10 9 9 9 10 10 9 10 9 10 10 10 10 10 10 10 9 10 10 9 9 9
7 7 7 7 7 7 6 6 6 6 7 7 6 7 7 7 6 6 6 7 6 6 7 6 7 6 6 6 7 7 6 7
14 14 15 15 14 14 14 15 15 15 14 14 15 14 14 15 15 14 15 15 14 15 15 14 14 15 14 14 14 15 15 15
9 10 10 10 10 10 10 9 9 10 9 9 9 9 10 10 10 10 10 9 9 9 10 9 10 10 9 9 10 10 10 10
18 18 17 17 18 18 18 18 17 17 17 18 17 18 17 17 17 17 17 18 18 17 17 18 18 17 17 17 18 18 18 18
19 20 20 19 19 19 20 20 20 19 20 19 20 20 20 20 19 19 20 19 20 20 19 20 19 20 19 19 20 19 20 19
11 11 11 12 11 12 12 12 11 12 11 11 12 11 11 11 12 11 11 12 12 12 12 11 12 12 11 12 12 11 11 12
15 14 14 14 15 15 15 15 15 14 14 14 15 15 14 15 14 14 15 14 15 14 14 15 15 15 14 14 14 15 15 15
19 21 19 20 20 21 20 20 20 19 21 19 21 19 19 19 20 21 19 21 21 20 21 19 19 20 19 19 20 19 20 20
11 12 11 12 12 12 12 11 12 12 11 11 11 11 12 12 12 12 12 11 12 12 12 12 11 12 11 12 12 12 12 11
7 8 7 8 8 7 7 7 8 7 7 7 7 7 8 7 8 8 8 8 7 7 7 8 7 8 7 7 7 8 8 8
11 11 10 11 10 11 11 10 11 11 11 10 10 11 10 10 11 11 11 10 10 10 10 11 11 11 11 10 11 10 11 11
6 7 6 7 6 7 7 7 7 7 7 6 6 7 7 6 7 7 7 6 6 6 6 6 7 6 7 7 7 7 7 7
6 5 6 6 5 6 5 6 6 6 6 5 6 6 5 6 5 5 6 6 6 5 5 5 5 6 5 6 5 6 6 6
21 21 20 20 20 21 20 19 19 20 20 19 19 19 21 21 21 21 20 19 21 20 19 21 21 19 21 21 19 21 20 19
8 8 8 9 9 9 8 8 8 8 9 9 8 8 8 8 8 8 9 9 8 8 9 9 9 8 8 8 8 9 9 8
11 12 11 11 12 11 11 12 12 12 11 12 11 12 12 12 11 11 11 12 12 12 12 12 12 12 12 11 12 12 11 12
18 19 18 19 19 19 19 18 18 19 19 19 19 18 19 19 18 19 18 18 19 18 19 19 18 18 18 18 18 18 18 19
6 6 7 7 7 6 6 6 6 6 6 7 6 6 7 7 6 6 7 6 6 6 6 6 6 6 7 7 6 6 7 6
20 19 21 21 21 20 21 21 19 19 19 20 19 20 20 19 21 20 21 21 19 21 19 19 21 19 21 19 19 20 19 19
14 15 14 15 14 14 15 15 15 15 14 14 14 14 14 15 15 15 14 15 14 14 15 15 15 14 14 15 14 14 15 14
8 8 8 9 8 9 9 9 9 9 8 8 9 9 9 9 8 8 8 8 8 8 9 8 8 8 8 8 9 8 8 9
17 17 18 17 18 17 17 18 18 17 18 17 18 18 18 17 18 17 18 18 18 17 17 17 18 18 18 17 18 17 18 18
17 18 18 18 18 18 17 18 17 17 17 18 17 18 17 17 17 17 18 17 18 18 17 17 17 17 17 17 17 17 17 17
21 20 21 21 20 19 19 19 21 19 21 20 21 21 20 21 19 20 21 20 19 19 19 20 21 20 20 19 21 20 19 20
3 3 4 4 4 3 3 4 3 3 3 4 4 3 3 4 4 4 4 3 4 4 4 4 4 4 3 4 4 3 4 3
18 18 19 18 19 18 18 18 19 19 18 18 19 18 18 18 18 19 19 18 18 18 18 18 18 19 19 18 19 18 18 19
5 5 6 6 5 5 5 6 5 6 6 6 5 6 5 5 6 6 5 6 6 6 6 5 6 6 5 5 5 5 5 5
4 4 4 3 3 3 3 3 4 3 4 3 4 3 3 4 4 4 3 4 3 3 3 4 4 4 3 4 4 4 3 4
2 1 2 1 1 2 2 2 1 2 1 2 1 2 1 1 1 2 1 1 1 1 1 1 1 2 2 1 2 2 1 2
14 14 14 14 14 14 15 14 15 14 15 14 14 15 15 15 15 14 14 15 14 15 14 14 14 14 14 15 15 14 15 14
19 18 18 18 19 18 19 19 18 18 18 19 18 19 19 18 18 18 18 18 19 19 18 19 18 19 19 18 18 19 19 19
3 4 3 4 4 4 3 4 3 3 4 3 4 4 3 3 3 4 3 4 3 4 3 3 3 3 4 4 4 3 3 4
10 9 10 10 10 10 10 9 10 10 9 9 10 9 10 9 10 10 10 10 9 10 9 10 9 10 9 10 9 9 10 10
3 3 3 2 2 2 3 2 3 2 3 3 3 3 3 3 2 2 2 3 2 3 3 2 3 2 2 2 2 3 3 3
16 16 17 17 17 17 17 16 16 17 16 16 16 17 16 17 16 16 17 16 17 16 17 17 16 16 16 16 17 16 16 17
14 14 14 14 14 15 15 14 15 14 15 15 15 14 14 14 14 14 14 15 15 14 15 15 14 15 14 14 14 15 14 15
6 6 5 5 5 6 5 5 6 5 6 5 5 5 5 5 5 6 6 6 5 5 5 5 5 6 6 6 6 6 6 6
5 6 5 5 5 6 5 5 6 5 6 5 6 6 5 5 6 6 6 5 6 5 5 6 6 5 6 5 5 6 6 5
14 15 14 14 14 15 14 15 15 14 15 15 14 15 15 14 15 15 14 15 15 15 15 15 15 15 15 14 15 15 14 14
6 6 5 5 6 5 5 5 6 5 6 5 5 6 6 5 6 6 6 6 6 6 6 6 5 6 6 6 6 5 5 6
4 5 4 5 4 5 5 5 5 4 5 5 5 4 5 4 5 5 4 4 5 4 5 5 5 4 5 5 4 4 5 4
21 19 20 21 19 21 19 19 21 20 21 20 19 19 21 19 19 20 21 20 21 21 19 21 21 20 19 19 20 19 20 20
2 3 2 3 2 2 3 3 3 3 2 2 2 2 2 3 3 3 2 3 2 2 2 3 2 3 2 2 2 2 2 3
5 4 5 5 5 5 5 4 5 5 5 5 4 4 4 4 5 4 5 5 4 5 4 4 4 4 5 4 4 4 4 4
9 9 10 9 10 9 9 9 10 10 9 10 9 9 10 10 9 10 9 9 9 9 10 9 10 9 10 10 9 9 10 10
15 14 14 15 15 15 15 15 15 14 15 15 15 14 14 14 15 15 14 15 15 14 15 15 14 15 14 15 15 14 14 14
12 12 11 11 12 11 11 11 11 11 11 12 11 12 12 11 12 12 12 12 12 12 12 11 11 11 12 11 11 12 11 12
4 5 5 5 4 4 4 4 4 5 4 4 4 4 5 4 4 4 5 5 5 5 5 4 4 4 5 4 4 4 4 4
2 1 2 1 2 2 2 1 1 2 1 1 1 1 2 1 1 1 1 2 2 2 1 1 1 1 1 2 2 1 1 2
4 5 4 5 5 4 5 5 5 4 4 4 5 5 5 5 4 5 4 5 4 5 4 4 4 5 5 5 5 4 4 4
19 19 20 19 20 19 20 19 20 20 20 19 19 19 19 19 20 20 20 20 20 19 20 20 19 19 20 20 19 19 19 19
19 19 18 19 19 19 18 19 19 19 18 18 19 19 18 18 18 18 18 19 19 18 19 19 18 19 19 19 19 18 19 18
16 15 15 15 16 16 15 16 15 16 15 15 16 16 15 16 15 15 15 15 16 15 15 16 15 16 15 16 16 16 16 16
19 20 20 19 19 19 20 20 20 20 19 19 20 19 19 20 20 20 20 20 20 20 19 20 19 19 20 19 20 20 20 19
18 18 18 19 18 18 19 18 18 18 19 18 19 18 18 19 19 18 18 18 18 18 18 19 18 18 19 19 19 18 18 18
20 19 21 20 20 19 20 19 19 21 19 19 19 19 21 20 19 21 19 21 21 21 20 21 19 20 20 20 21 19 20 19
15 14 14 14 14 14 15 14 14 15 15 14 14 14 14 15 15 14 14 15 15 14 15 14 15 15 15 14 14 15 14 14
2 2 2 2 1 1 1 2 1 2 1 1 2 1 2 2 2 2 2 1 2 2 1 2 1 1 2 1 2 1 1 2
9 8 9 9 8 8 8 8 8 8 8 9 8 9 8 8 8 9 9 9 9 9 8 9 9 8 8 8 9 9 9 9
15 14 14 14 15 14 14 14 14 15 14 14 14 14 14 14 14 15 14 15 15 15 15 15 15 15 15 15 14 15 15 14
5 5 5 4 5 4 5 4 4 4 5 4 4 5 4 5 5 5 4 5 5 4 5 4 5 4 5 4 4 4 5 5
15 15 15 14 15 15 14 14 15 15 15 15 14 15 15 15 15 15 14 15 15 14 14 14 14 15 15 14 15 14 14 14
18 18 18 19 19 19 19 19 18 19 18 18 18 18 19 18 18 19 18 19 19 18 18 19 18 18 19 18 18 19 18 19
9 9 10 10 9 10 10 9 9 9 10 10 10 9 9 10 9 9 9 10 10 10 10 10 10 9 9 10 10 10 9 10
20 19 21 19 19 19 20 21 19 19 21 19 21 19 19 19 19 20 19 20 21 20 19 20 21 21 20 20 21 21 21 19
18 18 19 18 19 19 19 18 19 19 19 18 19 19 18 19 18 18 18 19 19 18 18 18 18 19 18 18 19 19 19 18
2 2 2 1 2 1 2 1 1 1 1 2 2 1 2 1 1 2 2 2 2 2 1 1 1 1 1 1 2 2 1 1
14 13 13 13 14 13 14 13 13 14 13 13 14 14 14 14 13 14 13 13 13 14 13 14 13 14 14 13 13 14 13 14
4 4 3 4 4 3 4 3 4 4 4 4 4 4 4 4 3 4 3 4 4 3 3 3 4 4 3 3 4 3 3 4
14 13 14 14 14 14 13 13 14 13 13 14 13 14 13 13 13 14 14 14 13 14 14 13 14 14 14 13 13 14 13 14
7 7 7 7 7 8 7 7 7 7 7 8 7 7 7 8 8 8 8 7 8 7 7 8 8 7 8 7 7 7 8 7
18 18 18 18 19 19 19 19 18 19 18 18 18 19 19 19 19 19 19 19 19 19 19 18 19 18 19 19 19 19 18 19
5 4 4 5 5 4 5 4 5 4 4 5 5 5 5 5 4 4 5 4 5 4 4 4 4 5 5 4 5 5 4 5
11 11 11 11 11 12 12 12 12 12 12 12 12 11 12 12 12 11 12 12 11 11 12 11 11 12 12 12 11 11 11 11
12 12 13 12 12 12 12 12 13 12 12 12 13 12 12 12 13 12 12 12 12 13 12 12 13 12 12 12 12 13 13 13
6 5 5 5 5 5 5 5 5 5 6 5 5 6 5 6 5 6 6 5 6 5 5 6 6 6 5 6 6 6 6 5
4 3 4 4 3 3 3 4 4 3 4 3 3 3 3 3 3 4 3 4 4 3 4 3 4 3 4 4 4 4 4 3
1 2 1 2 2 2 1 2 1 1 2 2 2 1 2 2 2 1 2 2 1 2 1 1 1 2 1 1 2 2 2 1
10 11 11 10 10 10 11 11 10 10 10 10 10 10 10 11 11 11 10 10 11 10 11 11 10 11 11 10 10 11 11 11
19 21 21 21 21 21 19 19 19 19 19 20 20 19 20 20 19 21 19 21 19 21 19 19 19 19 21 21 21 19 21 19
15 15 14 15 14 14 15 15 14 14 14 15 14 15 15 15 14 15 14 14 14 15 15 14 15 15 14 14 15 14 14 14
15 15 15 16 15 15 15 15 16 15 16 15 15 15 15 16 16 15 16 15 15 16 16 15 15 15 16 15 16 15 16 15
7 6 6 7 7 6 7 7 7 6 7 6 6 6 6 6 7 6 6 7 7 7 7 7 6 6 7 7 7 7 6 7
6 6 6 7 7 6 7 6 6 6 7 7 7 6 7 6 7 6 7 7 7 6 7 7 7 6 7 6 6 6 6 6
17 17 17 18 18 17 17 18 17 17 17 18 18 17 18 17 17 18 18 17 17 17 17 18 18 18 18 18 18 17 17 17
15 15 15 14 15 14 14 14 15 14 14 15 14 15 15 14 15 14 14 15 14 15 14 14 15 14 14 14 15 14 15 14
20 21 21 20 21 21 20 20 20 21 21 19 19 19 19 20 20 19 20 19 21 20 19 21 20 19 21 19 21 20 19 19
15 15 15 15 14 14 14 14 15 15 15 15 15 15 14 15 15 14 14 14 15 14 15 15 15 14 15 14 15 15 15 15
16 15 15 15 15 15 15 16 15 16 16 15 15 15 15 15 16 16 16 15 16 15 16 16 15 15 16 15 15 15 15 15
11 10 10 10 10 11 10 11 11 11 11 10 11 11 10 11 10 10 11 11 10 10 11 10 11 11 11 11 11 11 11 11
19 19 19 18 19 18 18 18 18 19 18 19 19 18 18 18 19 18 18 19 19 18 19 19 18 19 19 19 19 19 18 18
18 18 17 18 18 17 17 18 18 18 18 18 18 18 17 17 18 17 18 17 17 18 17 18 17 17 18 18 18 18 18 17
7 8 8 7 8 7 7 8 8 7 7 8 8 8 8 8 7 7 7 7 7 8 7 8 8 8 7 7 7 7 7 8
16 16 16 15 16 15 15 15 16 16 15 16 15 16 15 15 15 16 16 16 16 15 15 16 16 16 16 15 15 16 16 16
17 17 18 17 18 17 18 18 17 18 18 18 18 18 18 17 17 17 18 17 17 17 18 17 17 18 18 18 18 17 17 17
15 14 14 15 14 15 14 14 15 14 14 14 14 14 15 15 15 14 14 15 15 15 15 15 15 15 14 15 15 14 15 15
16 17 17 17 17 16 16 17 16 16 17 17 17 17 16 17 16 16 16 16 16 17 16 16 17 17 17 17 17 17 17 17
14 14 13 14 14 14 14 14 13 13 13 14 14 14 14 14 13 14 14 14 13 13 13 13 13 14 13 13 13 13 13 14
18 18 18 18 19 19 19 18 19 19 18 19 19 19 18 18 18 19 19 18 18 18 18 18 19 18 19 18 18 18 18 19
5 4 5 5 5 5 5 5 4 5 5 4 4 5 4 4 5 4 5 5 4 4 4 4 5 5 5 4 4 5 4 5
2 3 3 2 3 3 2 3 2 3 3 3 2 3 2 2 2 2 3 3 2 2 2 2 2 3 3 2 2 3 2 3
3 2 2 3 2 2 3 3 3 2 2 2 3 3 3 3 3 2 2 2 2 2 2 3 3 2 3 2 2 2 3 3
20 19 21 21 21 20 21 21 19 20 21 21 20 20 20 21 21 19 21 21 19 20 19 21 21 20 21 21 19 21 21 21
16 15 16 16 16 16 16 16 15 15 15 16 16 15 16 15 15 16 15 15 15 15 15 15 16 16 16 15 15 15 15 16
18 18 19 19 18 18 19 18 19 19 19 19 18 19 18 18 18 18 19 18 19 18 19 18 19 18 18 18 19 18 19 19
7 6 7 7 7 7 7 7 6 7 6 6 7 6 6 7 7 6 7 6 7 7 7 6 7 6 6 6 6 6 7 6
8 9 8 8 9 8 8 8 8 8 8 9 8 8 8 9 9 8 8 9 8 8 8 9 9 8 8 9 8 8 9 9
19 20 20 19 19 19 19 19 19 20 20 20 19 20 20 20 19 20 20 20 20 20 19 20 19 19 19 20 20 19 20 19
21 19 21 20 20 19 20 19 19 19 20 21 21 20 21 21 19 20 20 21 19 21 20 19 19 19 19 21 20 19 20 20
15 14 15 14 15 15 14 15 15 14 15 14 14 15 15 14 15 14 14 15 14 15 15 15 14 15 15 14 15 15 14 15
2 2 3 3 2 2 3 2 3 2 3 3 2 3 2 3 2 2 3 2 2 3 2 2 3 3 2 2 2 2 2 2
9 8 8 8 8 9 8 9 8 8 8 8 8 9 8 8 8 9 9 9 9 8 8 9 9 8 9 9 9 8 8 8
9 9 8 9 9 8 9 8 8 8 9 8 9 9 9 8 9 8 9 8 8 9 9 9 9 9 8 9 9 9 8 8
12 12 12 13 13 12 12 12 13 13 13 12 13 12 12 12 13 12 12 13 13 12 13 12 13 13 12 12 12 12 12 12
18 17 17 18 17 17 18 18 17 18 17 18 17 18 17 17 18 18 18 18 17 18 17 18 17 18 17 17 17 17 17 18
4 4 5 5 4 4 5 4 4 4 5 5 5 5 5 4 5 4 5 5 5 5 5 5 5 4 4 4 5 5 5 4
12 12 12 12 12 12 11 12 12 12 12 11 11 11 12 11 12 11 11 12 12 12 11 11 12 12 12 11 11 12 11 11
14 15 14 15 14 14 15 15 14 15 15 14 14 15 14 15 14 15 15 15 15 15 14 14 15 15 14 14 14 14 15 15
7 8 7 8 8 8 8 7 7 8 8 7 8 8 8 7 7 7 7 7 8 7 7 7 8 8 8 8 7 8 8 7
18 17 17 17 17 18 18 18 17 17 18 18 18 17 17 17 18 18 18 18 18 18 18 18 17 17 18 17 18 18 18 18
8 9 9 8 9 9 9 8 8 9 9 8 9 8 8 8 8 8 9 8 8 8 8 9 9 9 9 8 9 8 9 9
15 14 14 15 15 14 14 14 15 14 14 15 14 14 14 15 15 15 15 15 14 15 14 14 14 15 15 14 15 14 15 15
4 3 3 3 3 4 3 4 3 4 3 4 3 4 4 3 4 3 3 4 4 4 3 3 4 3 4 3 3 4 3 4
21 20 21 20 19 20 20 19 21 21 19 20 19 21 20 19 21 19 21 19 21 21 20 19 19 20 19 19 20 20 19 19
8 9 8 8 8 8 9 9 8 8 9 8 8 8 8 8 8 8 9 9 9 9 8 8 9 9 9 8 8 9 8 9
12 12 12 12 12 11 11 11 11 12 12 12 12 11 12 11 12 11 12 12 11 12 12 11 11 12 12 11 11 12 12 12
2 2 3 3 2 3 2 3 2 2 3 2 3 2 3 2 2 2 2 3 3 3 3 3 2 3 3 2 2 2 2 2
14 15 14 15 15 15 14 14 14 14 14 15 15 15 14 14 14 14 14 14 15 14 15 14 15 15 15 14 15 14 15 14
5 6 6 5 5 6 6 6 6 5 6 6 5 5 5 5 6 6 6 5 6 5 5 6 5 5 5 5 6 6 6 5
6 5 5 6 6 5 5 5 6 5 6 6 6 5 6 6 5 6 5 6 6 6 5 5 5 5 6 5 5 6 5 6
20 19 19 19 19 21 19 19 19 21 20 20 21 20 20 19 19 21 21 19 21 20 20 21 20 19 19 19 20 21 19 19
18 18 19 18 19 19 18 18 18 18 18 19 19 18 19 19 18 19 18 19 19 18 18 18 18 18 19 18 19 18 19 18
9 9 8 9 9 9 9 8 8 9 9 8 9 9 9 9 9 8 8 8 9 8 9 8 9 8 9 9 8 9 8 8
4 4 4 5 4 4 4 5 4 5 5 4 4 5 5 4 5 4 5 4 4 4 4 5 4 4 5 5 5 4 5 5
9 9 10 10 9 10 10 9 9 9 9 9 10 10 9 9 9 9 10 10 9 10 9 10 10 9 10 10 10 9 9 10
14 13 13 13 14 13 13 14 13 13 13 14 14 14 13 14 13 14 13 14 14 14 13 14 14 13 14 14 14 13 14 13
6 5 6 5 5 5 6 5 6 6 6 6 5 5 6 5 5 5 6 5 6 6 5 6 6 5 6 6 6 6 5 6
21 21 19 21 20 21 21 19 19 20 21 20 21 19 20 21 21 19 19 21 21 21 20 20 19 19 20 21 20 21 20 20
15 15 15 15 14 14 15 14 14 14 15 15 14 14 15 15 14 14 15 14 15 14 14 14 14 14 14 14 15 15 14 15
8 7 8 7 8 8 8 7 8 7 8 7 7 7 7 8 8 8 8 8 7 8 7 7 7 7 8 7 7 7 7 8
18 18 18 19 19 19 18 19 18 18 18 19 19 18 18 18 19 19 19 19 19 18 19 18 19 19 19 19 19 19 18 19
3 3 3 3 4 4 3 4 3 4 4 4 4 4 4 3 4 4 4 4 4 3 4 3 4 4 3 3 4 3 4 4
10 11 10 11 11 11 10 10 11 11 10 10 11 10 11 11 10 11 11 11 10 11 10 10 10 10 11 10 10 11 11 10
20 19 20 19 19 19 20 20 20 19 19 19 19 20 20 20 20 20 19 19 19 19 20 19 19 19 19 19 19 19 20 19
5 5 5 5 4 5 5 5 4 5 4 5 4 5 4 5 5 4 5 5 4 4 4 5 4 4 5 5 4 4 5 5
8 8 9 8 8 8 8 9 9 9 9 9 8 8 9 8 9 9 9 9 9 9 9 9 8 9 8 9 8 9 8 8
4 3 3 3 3 3 3 4 4 3 3 4 3 3 4 3 4 3 3 3 3 4 4 4 4 3 3 4 4 4 4 4
14 14 15 14 15 15 14 15 15 14 15 15 15 15 14 15 15 14 14 14 14 14 15 15 15 14 14 15 15 15 14 14
4 4 3 3 3 3 4 4 3 4 3 4 3 4 4 4 3 3 3 4 3 3 3 3 3 3 4 4 4 3 3 4
6 6 7 6 6 7 7 6 6 7 7 6 6 6 7 6 6 6 7 7 6 7 6 6 7 6 6 6 6 7 6 6
19 19 20 19 19 19 20 19 20 20 19 19 19 20 19 19 19 20 20 19 20 20 19 19 19 20 19 20 20 20 20 19
9 10 10 10 9 9 10 10 9 10 9 9 10 9 9 10 9 9 10 10 9 10 9 9 9 9 9 9 9 9 10 10
3 2 3 2 2 3 2 2 2 2 3 2 3 2 2 2 2 3 2 3 3 2 3 3 2 3 2 3 2 3 3 3
17 17 17 16 16 17 16 17 16 16 17 16 16 17 17 17 16 17 17 17 16 16 16 17 16 17 16 16 16 16 16 16
16 15 16 16 15 15 16 16 15 16 16 15 15 16 15 15 16 15 15 16 16 16 16 16 16 16 15 15 16 15 15 15
4 5 5 5 4 4 4 5 5 5 4 4 5 4 5 4 5 5 5 5 4 5 4 5 4 5 4 5 4 5 5 4
6 6 5 5 6 5 5 6 5 5 6 6 6 6 6 5 5 6 5 5 5 5 6 6 6 6 5 5 5 5 6 5
20 21 21 20 19 21 20 19 19 20 21 21 20 21 19 20 20 19 19 19 19 19 20 20 19 19 21 21 20 19 21 21
9 8 8 9 8 8 9 9 9 8 8 8 9 8 8 8 9 8 9 9 8 8 9 8 9 9 9 9 8 8 8 8
11 10 10 11 11 11 10 11 11 11 10 10 11 10 11 11 11 11 11 10 11 11 11 10 10 11 10 11 11 11 11 11
12 11 12 11 11 11 12 11 11 11 11 11 12 11 12 12 11 11 11 12 11 12 11 12 11 12 12 11 11 11 12 11
20 21 21 19 21 20 20 20 21 21 19 21 19 19 21 20 19 19 21 21 21 21 20 20 19 21 21 21 20 19 19 20
9 9 9 9 9 9 8 8 8 9 8 8 9 9 9 9 9 8 8 8 9 9 9 8 9 8 9 8 8 8 8 8
18 19 18 18 18 19 18 19 19 18 18 18 18 18 18 18 18 18 18 19 18 18 19 19 18 18 18 18 18 18 19 18
17 17 17 16 17 16 17 16 16 17 16 17 16 16 17 16 16 17 16 17 16 16 17 16 16 16 16 16 17 17 17 16
9 9 9 9 9 10 10 9 9 9 9 9 10 10 10 10 9 9 10 10 10 10 9 9 9 9 10 9 10 9 9 10
6 6 5 5 5 5 5 6 6 6 5 6 6 5 5 6 6 5 5 6 6 6 5 5 5 6 6 6 6 6 5 5
17 16 16 17 17 16 16 17 17 17 16 17 16 16 16 16 17 17 16 17 16 16 17 16 16 17 17 17 16 16 17 16
19 20 19 20 21 21 19 21 20 19 21 20 20 19 21 21 19 20 21 19 21 21 19 19 19 20 20 19 21 21 20 20
20 20 20 20 20 20 20 20 19 19 19 19 19 20 20 19 20 20 19 20 19 20 19 19 20 19 20 19 20 20 20 19
20 19 20 20 20 20 20 19 19 20 19 20 20 20 19 20 19 19 20 19 19 20 19 20 20 19 19 19 19 19 19 19
9 9 9 8 8 9 9 9 9 9 9 8 9 9 8 8 9 8 9 9 8 8 9 8 8 9 8 9 8 8 8 8
13 14 13 14 13 13 13 14 13 14 13 14 14 13 13 13 14 14 14 13 14 14 13 13 13 14 14 14 13 13 13 14
5 5 4 5 5 5 5 4 4 4 5 4 5 5 4 4 5 5 4 5 5 4 5 4 4 4 5 5 5 5 5 5
7 6 7 7 6 6 7 7 7 6 7 6 7 6 6 7 6 7 7 7 7 7 6 7 7 6 7 6 7 6 6 7
19 19 18 18 19 18 19 18 19 19 19 18 18 18 19 18 18 18 18 18 19 19 19 19 19 18 19 18 18 19 18 18
10 10 11 11 11 11 11 11 11 10 11 11 10 11 10 11 10 10 11 10 10 11 10 10 10 10 11 11 10 11 10 10
5 6 6 6 5 5 5 6 5 6 5 6 6 5 5 5 6 6 5 5 5 6 6 6 5 5 6 6 5 5 5 5
14 13 14 14 14 13 13 13 14 13 13 14 14 13 13 14 13 14 13 13 14 14 14 14 14 14 13 13 14 13 13 13
16 16 17 16 16 16 16 17 16 16 16 17 16 17 16 17 16 17 16 17 17 16 17 17 17 16 16 17 17 17 17 17
7 8 7 7 8 7 8 7 8 8 8 8 7 8 7 7 8 7 7 7 7 7 7 8 8 7 8 7 8 8 8 7
3 3 4 3 3 4 4 4 4 3 3 3 4 4 3 3 4 3 4 4 4 4 4 4 4 3 4 4 4 4 3 3
15 15 14 14 15 15 15 14 15 14 15 14 14 14 15 15 14 14 14 14 15 14 14 14 14 14 15 14 14 15 14 15
7 6 7 6 6 6 7 7 6 7 6 7 6 7 7 6 6 7 6 7 6 6 7 7 6 7 7 6 6 6 7 6
14 14 13 13 14 14 14 13 14 14 14 14 14 14 14 13 13 13 14 14 14 14 13 14 13 14 14 13 13 13 13 13
6 7 6 6 7 7 6 6 6 7 7 7 7 6 7 6 7 6 7 6 6 7 6 7 7 7 7 6 7 6 7 7
3 3 4 3 3 4 3 3 4 4 3 3 4 3 4 3 4 3 4 3 4 4 3 4 3 3 3 3 3 4 3 3
16 16 16 16 16 16 17 17 17 17 17 16 17 16 17 17 17 16 17 16 16 16 16 16 17 17 17 16 17 16 16 17
19 19 18 18 18 18 18 18 18 19 19 19 19 19 18 18 18 19 18 18 19 19 18 18 18 19 18 18 18 18 18 18
7 7 7 6 6 6 7 7 6 7 7 7 7 7 6 6 7 6 6 6 7 7 6 6 6 6 6 7 6 6 6 7
15 15 15 14 14 15 14 15 15 15 15 14 14 15 14 15 15 15 14 14 14 15 15 15 14 15 15 14 15 15 14 14
9 8 8 9 9 8 9 9 9 9 9 9 8 9 8 9 8 8 9 9 8 8 8 9 8 9 8 8 9 9 9 9
19 20 19 20 19 19 20 19 19 19 20 20 20 19 20 19 19 20 19 20 20 19 20 19 19 20 19 19 20 19 19 19
8 8 8 9 8 8 9 9 9 9 9 9 8 9 8 9 9 9 8 9 9 8 8 8 8 9 9 9 8 8 9 9
9 9 8 8 8 8 8 8 8 9 9 8 9 8 8 8 9 9 8 9 8 8 8 8 8 8 8 8 8 8 8 9
19 18 18 19 19 19 19 18 19 19 18 19 18 19 19 19 19 19 19 18 19 19 18 18 18 18 19 18 18 19 19 19
5 4 4 5 5 5 5 5 5 4 5 4 4 5 5 4 5 5 5 4 4 5 5 5 4 4 5 5 4 4 4 4
13 14 13 13 14 14 13 14 13 14 13 13 14 13 14 13 14 14 13 14 14 14 13 13 14 13 14 14 13 13 14 14
10 10 10 10 11 10 10 10 10 11 11 11 10 10 10 10 10 11 10 10 11 11 10 11 10 10 11 10 11 10 10 11
19 19 20 20 19 20 20 20 19 20 19 19 19 20 20 20 20 20 19 20 19 20 19 19 20 19 19 19 19 20 19 19
