1 2 1
1 3 1
1 4 1
2 5 1
2 6 1
2 7 1
2 8 1
3 9 1
3 10 1
3 11 1
3 12 1
4 13 1
4 14 1
4 15 1
4 16 1
5 17 1
6 18 1
7 19 1
8 20 1
9 21 1
10 22 1
11 23 1
12 24 1
13 25 1
14 26 1
15 27 1
16 28 1
17 29 1
18 30 1
18 31 1
19 32 1
20 33 1
21 34 1
22 35 1
22 36 1
23 37 1
24 38 1
25 39 1
26 40 1
27 41 1
28 42 1
29 43 1
30 44 1
31 44 1
32 45 1
33 46 1
34 47 1
35 48 1
36 49 1
37 50 1
38 51 1
39 52 1
40 53 1
41 54 1
42 55 1
43 56 1
44 57 1
45 57 1
46 58 1
47 59 1
48 60 1
49 61 1
50 62 1
51 63 1
52 64 1
53 65 1
54 66 1
55 66 1
56 67 1
57 68 1
58 69 1
58 70 1
59 71 1
60 72 1
61 73 1
62 74 1
62 75 1
63 76 1
64 77 1
65 78 1
65 79 1
66 80 1
67 81 1
68 82 1
69 83 1
69 84 1
70 85 1
70 86 1
71 87 1
72 88 1
73 89 1
73 90 1
74 91 1
74 92 1
75 93 1
76 94 1
77 95 1
78 96 1
79 97 1
80 98 1
80 99 1
81 100 1
82 101 1
83 102 1
84 103 1
84 104 1
85 105 1
86 106 1
87 107 1
88 108 1
89 109 1
90 110 1
91 111 1
92 112 1
93 113 1
94 114 1
94 115 1
95 116 1
96 117 1
97 118 1
98 119 1
99 120 1
99 121 1
100 122 1
101 122 1
102 123 1
103 124 1
104 125 1
105 126 1
106 126 1
107 127 1
108 128 1
109 129 1
110 130 1
111 131 1
112 132 1
113 133 1
114 134 1
115 135 1
116 136 1
117 137 1
118 138 1
119 139 1
120 140 1
121 141 1
122 142 1
123 143 1
124 144 1
125 145 1
126 145 1
127 146 1
128 147 1
129 148 1
130 148 1
131 149 1
132 150 1
133 151 1
134 152 1
135 152 1
136 153 1
137 153 1
138 154 1
139 154 1
140 155 1
141 156 1
142 157 1
143 158 1
144 159 1
145 160 1
146 161 1
147 162 1
148 163 1
149 164 1
150 165 1
151 166 1
152 166 1
153 167 1
154 168 1
155 169 1
156 170 1
157 171 1
158 172 1
159 173 1
160 174 1
161 175 1
162 176 1
163 177 1
164 178 1
165 179 1
166 180 1
167 181 1
168 182 1
169 183 1
170 184 1
171 185 1
172 186 1
173 187 1
174 188 1
174 189 1
174 190 1
175 191 1
175 192 1
176 193 1
176 194 1
176 195 1
177 196 1
177 197 1
178 198 1
179 199 1
179 200 1
179 201 1
180 202 1
180 203 1
181 204 1
182 205 1
182 206 1
183 207 1
183 208 1
184 209 1
185 210 1
186 211 1
187 212 1
188 212 1
189 212 1
190 213 1
191 213 1
192 214 1
193 214 1
194 214 1
195 214 1
196 215 1
197 216 1
198 217 1
199 217 1
200 217 1
201 218 1
202 219 1
203 220 1
204 220 1
205 220 1
206 220 1
207 221 1
208 222 1
209 222 1
210 223 1
210 224 1
211 225 1
212 226 1
213 227 1
213 228 1
214 229 1
215 230 1
216 231 1
217 232 1
218 233 1
219 234 1
219 235 1
220 236 1
221 237 1
222 238 1
223 239 1
224 240 1
225 241 1
226 242 1
227 243 1
228 244 1
229 245 1
230 246 1
231 247 1
232 248 1
233 249 1
234 250 1
235 251 1
236 251 1
237 252 1
238 253 1
239 254 1
240 255 1
241 256 1
242 257 1
243 258 1
243 259 1
243 260 1
244 261 1
245 262 1
246 263 1
246 264 1
247 265 1
248 266 1
248 267 1
249 268 1
249 269 1
250 270 1
250 271 1
251 272 1
252 273 1
253 274 1
254 275 1
255 276 1
256 276 1
257 276 1
258 276 1
259 277 1
260 278 1
261 279 1
262 280 1
263 280 1
264 280 1
265 281 1
266 282 1
267 282 1
268 282 1
269 283 1
270 284 1
271 284 1
272 284 1
273 285 1
274 285 1
275 286 1
275 287 1
275 288 1
275 289 1
276 290 1
277 291 1
278 292 1
278 293 1
278 294 1
279 295 1
279 296 1
280 297 1
281 298 1
281 299 1
281 300 1
282 301 1
282 302 1
282 303 1
283 304 1
283 305 1
283 306 1
284 307 1
284 308 1
284 309 1
285 310 1
286 311 1
287 311 1
288 312 1
289 313 1
290 314 1
291 315 1
292 316 1
293 317 1
294 318 1
295 319 1
296 320 1
297 321 1
298 322 1
299 323 1
300 324 1
301 325 1
302 325 1
303 326 1
304 326 1
305 327 1
306 328 1
307 329 1
308 330 1
309 330 1
310 331 1
311 332 1
312 332 1
313 333 1
314 333 1
315 333 1
316 334 1
317 335 1
318 336 1
319 337 1
320 337 1
321 338 1
322 339 1
323 340 1
324 340 1
325 340 1
326 341 1
327 342 1
328 342 1
329 342 1
330 343 1
331 344 1
332 345 1
333 345 1
334 346 1
335 347 1
336 348 1
337 349 1
338 350 1
339 350 1
340 351 1
341 352 1
342 353 1
343 354 1
344 355 1
345 356 1
346 357 1
347 358 1
348 359 1
349 360 1
350 361 1
351 362 1
352 363 1
352 364 1
353 365 1
354 366 1
355 367 1
356 368 1
357 369 1
358 370 1
359 371 1
360 372 1
361 373 1
362 374 1
363 375 1
364 376 1
365 377 1
366 378 1
367 379 1
368 380 1
369 381 1
369 382 1
369 383 1
370 384 1
370 385 1
371 386 1
372 387 1
373 388 1
374 389 1
374 390 1
375 391 1
375 392 1
375 393 1
376 394 1
377 395 1
377 396 1
377 397 1
378 398 1
379 399 1
380 400 1
381 400 1
382 400 1
383 400 1
384 400 1
385 400 1
386 400 1
387 400 1
388 400 1
389 400 1
390 400 1
391 400 1
392 400 1
393 400 1
394 400 1
395 400 1
396 400 1
397 400 1
398 400 1
399 400 1
