1 2 4
1 3 19
1 4 14
2 5 1
3 6 10
4 7 17
5 8 3
5 9 17
5 10 8
6 11 9
6 12 13
6 13 10
7 14 12
7 15 16
7 16 11
8 17 19
9 17 11
10 18 13
11 18 7
12 19 6
13 19 16
14 20 1
15 20 18
16 20 13
17 21 5
18 22 15
19 23 18
20 24 4
21 25 12
21 26 5
21 27 11
22 28 8
22 29 2
23 30 3
24 31 16
24 32 13
25 33 13
26 34 10
27 35 2
28 36 4
29 36 2
30 37 6
31 38 11
32 38 14
33 39 9
34 40 7
35 41 9
36 42 1
37 43 8
38 44 13
39 45 13
40 46 11
40 47 11
40 48 19
41 49 19
42 50 8
42 51 1
43 52 6
43 53 14
44 54 18
45 55 7
46 56 18
47 57 7
48 58 2
49 59 17
50 60 10
51 61 16
52 62 12
53 63 11
54 64 11
55 65 16
55 66 16
55 67 5
56 68 14
56 69 11
56 70 4
57 71 10
57 72 2
58 73 12
58 74 2
58 75 2
59 76 14
59 77 4
59 78 6
60 79 12
60 80 2
61 81 19
61 82 14
61 83 18
62 84 1
63 85 19
63 86 14
63 87 5
64 88 16
64 89 9
64 90 17
65 91 7
66 91 17
67 91 4
68 92 1
69 92 4
70 93 4
71 93 19
72 93 7
73 93 9
74 94 4
75 94 18
76 95 3
77 95 8
78 95 10
79 95 16
80 96 5
81 96 11
82 96 4
83 96 18
84 97 11
85 97 15
86 98 10
87 98 8
88 98 11
89 98 11
90 98 2
91 99 16
92 99 16
93 99 4
94 100 11
95 101 4
96 101 1
97 101 14
98 101 12
99 102 13
99 103 16
100 104 5
101 105 15
101 106 11
102 107 15
102 108 6
103 109 16
104 110 1
105 111 1
105 112 11
106 113 11
107 114 8
108 115 1
108 116 8
109 117 18
110 118 3
111 119 2
112 120 18
113 121 7
114 122 12
115 123 1
116 124 2
117 124 15
118 125 14
119 126 6
120 127 16
121 128 13
122 129 2
123 130 16
124 131 18
125 131 18
126 132 13
127 132 9
128 133 3
129 134 16
130 135 18
130 136 9
130 137 15
131 138 2
132 139 4
133 140 18
133 141 5
134 142 14
135 143 3
136 144 12
137 145 6
138 146 13
139 147 14
140 148 6
141 149 11
141 150 14
142 151 1
143 152 13
144 153 18
145 154 1
146 155 2
147 156 2
148 157 10
149 158 5
150 159 17
151 160 12
152 160 14
153 161 10
154 162 12
155 162 12
156 163 5
157 163 9
158 164 19
159 165 4
160 166 14
160 167 3
161 168 11
162 169 14
163 170 2
164 171 17
165 172 10
165 173 9
165 174 14
166 175 13
167 176 11
168 177 15
169 177 18
170 178 14
171 179 13
172 180 3
173 180 16
174 181 16
175 182 12
176 183 3
176 184 10
177 185 10
177 186 11
178 187 18
178 188 18
179 189 8
180 190 17
180 191 8
181 192 17
182 193 14
183 194 9
184 194 2
185 195 3
186 195 15
187 196 6
188 197 7
189 198 3
190 198 9
191 199 19
192 199 19
193 200 19
194 200 19
195 200 5
196 200 17
197 200 6
198 200 1
199 200 14
