1 2 1
1 3 1
1 4 1
2 5 1
2 6 1
3 7 1
4 8 1
4 9 1
4 10 1
5 11 1
6 12 1
7 13 1
8 14 1
8 15 1
9 16 1
9 17 1
10 18 1
11 19 1
12 20 1
13 20 1
14 21 1
15 21 1
16 22 1
17 23 1
18 24 1
19 25 1
20 26 1
21 27 1
22 28 1
23 29 1
24 30 1
25 31 1
25 32 1
26 33 1
27 34 1
27 35 1
27 36 1
28 37 1
29 38 1
29 39 1
30 40 1
31 41 1
32 42 1
33 43 1
34 44 1
35 45 1
36 46 1
37 47 1
38 48 1
39 49 1
40 50 1
41 51 1
42 51 1
43 52 1
44 53 1
45 54 1
46 55 1
47 56 1
48 57 1
49 58 1
50 59 1
51 60 1
52 60 1
53 61 1
54 62 1
55 63 1
56 63 1
57 64 1
58 64 1
59 65 1
60 66 1
61 67 1
62 68 1
63 69 1
64 70 1
64 71 1
64 72 1
65 73 1
65 74 1
66 75 1
67 76 1
68 77 1
69 78 1
70 79 1
71 80 1
71 81 1
72 82 1
73 83 1
74 84 1
75 85 1
76 85 1
77 86 1
78 86 1
79 86 1
80 86 1
81 87 1
82 88 1
83 89 1
84 89 1
85 90 1
85 91 1
85 92 1
86 93 1
86 94 1
87 95 1
87 96 1
88 97 1
88 98 1
89 99 1
90 100 1
91 100 1
92 100 1
93 100 1
94 100 1
95 100 1
96 100 1
97 100 1
98 100 1
99 100 1
