12 13 0 19 10 14 16 12
8 6 18 12 7 1 4 12
2 7 10 0 4 0 9 3
12 11 17 0 4 5 16 12
3 0 2 0 1 0 1 0
11 13 6 9 8 9 2 12
8 3 6 13 0 5 14 2
13 11 9 9 1 0 2 1
0 2 1 2 0 1 0 1
7 17 0 15 19 6 14 20
14 18 6 8 2 1 10 14
2 2 2 4 0 1 1 4
2 2 1 1 2 1 1 0
6 5 14 18 15 11 14 14
4 2 1 1 4 17 17 9
2 11 2 9 3 1 7 0
2 4 3 3 5 4 5 5
3 17 18 12 8 1 17 19
14 18 16 16 4 13 2 12
1 0 1 1 0 1 2 2
0 1 3 3 3 4 4 3
5 24 20 19 18 23 20 5
4 4 1 3 4 0 4 0
0 10 8 7 4 7 4 6
18 16 13 9 9 3 4 7
4 12 0 13 8 6 12 6
14 17 11 23 5 7 3 10
7 11 10 1 3 1 15 5
7 6 6 9 6 2 10 10
7 7 9 1 7 9 5 10
2 4 5 0 14 5 1 4
4 4 1 1 2 4 1 3
4 14 5 0 12 0 10 3
7 11 18 17 19 16 13 14
17 18 18 3 13 17 14 15
2 0 2 2 0 2 0 1
5 3 8 7 4 5 8 4
11 5 3 7 5 2 23 2
1 2 5 3 6 6 6 2
16 10 5 7 8 2 3 4
8 8 4 6 3 6 9 7
1 14 15 2 5 5 13 8
0 0 5 6 6 7 6 8
0 2 4 0 1 3 2 4
20 24 8 0 24 18 20 18
8 7 3 2 10 15 7 4
1 5 6 1 5 0 0 5
0 2 0 0 2 2 1 2
17 1 16 1 17 6 3 2
4 14 4 5 7 1 9 4
