1 2 1
1 3 1
1 4 1
1 5 1
2 6 1
2 7 1
2 8 1
2 9 1
2 10 1
3 11 1
3 12 1
3 13 1
4 14 1
5 15 1
5 16 1
5 17 1
5 18 1
6 19 1
7 20 1
8 21 1
8 22 1
9 23 1
10 24 1
11 25 1
12 26 1
13 27 1
14 28 1
15 29 1
16 30 1
17 31 1
18 32 1
19 33 1
20 34 1
21 35 1
22 36 1
22 37 1
23 38 1
23 39 1
24 40 1
25 41 1
25 42 1
26 43 1
27 44 1
28 45 1
28 46 1
29 47 1
30 48 1
30 49 1
31 50 1
32 51 1
33 52 1
34 52 1
35 53 1
36 54 1
37 55 1
38 56 1
39 56 1
40 57 1
41 57 1
42 58 1
43 58 1
44 59 1
45 60 1
46 61 1
47 61 1
48 61 1
49 62 1
50 62 1
51 63 1
52 64 1
53 65 1
54 66 1
55 67 1
56 68 1
57 69 1
58 70 1
59 71 1
60 72 1
61 73 1
62 74 1
62 75 1
63 76 1
64 77 1
65 78 1
65 79 1
66 80 1
67 81 1
68 82 1
69 83 1
70 84 1
71 85 1
72 86 1
73 87 1
74 88 1
75 89 1
76 90 1
77 91 1
78 92 1
78 93 1
79 94 1
79 95 1
80 96 1
81 97 1
82 98 1
83 99 1
84 100 1
84 101 1
85 102 1
85 103 1
86 104 1
87 105 1
87 106 1
88 107 1
89 108 1
90 109 1
91 110 1
92 111 1
93 112 1
94 113 1
95 114 1
96 115 1
97 116 1
98 117 1
99 118 1
100 119 1
101 120 1
102 121 1
103 122 1
104 123 1
105 124 1
106 125 1
107 126 1
108 127 1
109 128 1
110 129 1
111 130 1
112 131 1
113 131 1
114 132 1
115 133 1
116 134 1
117 135 1
118 136 1
119 136 1
120 137 1
121 138 1
122 139 1
123 140 1
124 141 1
125 141 1
126 142 1
127 143 1
128 143 1
129 144 1
130 145 1
130 146 1
131 147 1
132 148 1
133 149 1
134 150 1
134 151 1
135 152 1
136 153 1
136 154 1
137 155 1
137 156 1
138 157 1
139 158 1
140 159 1
141 160 1
142 161 1
143 162 1
144 163 1
145 163 1
146 164 1
147 164 1
148 165 1
149 166 1
150 166 1
151 167 1
152 168 1
153 169 1
154 170 1
155 171 1
156 171 1
157 172 1
158 172 1
159 173 1
160 174 1
161 175 1
162 175 1
163 176 1
164 177 1
165 178 1
166 179 1
166 180 1
167 181 1
168 182 1
169 183 1
170 184 1
170 185 1
171 186 1
172 187 1
173 188 1
174 189 1
175 190 1
176 191 1
177 192 1
178 193 1
179 193 1
180 194 1
181 195 1
182 196 1
183 197 1
184 198 1
185 199 1
186 200 1
187 201 1
188 202 1
189 203 1
190 203 1
191 204 1
192 205 1
193 206 1
194 207 1
195 208 1
196 209 1
197 210 1
198 211 1
199 212 1
199 213 1
200 214 1
200 215 1
201 216 1
202 217 1
203 218 1
204 219 1
205 220 1
206 221 1
207 222 1
208 223 1
209 224 1
210 225 1
211 226 1
212 227 1
213 228 1
214 229 1
215 230 1
216 231 1
217 232 1
218 233 1
219 234 1
220 235 1
221 236 1
221 237 1
222 238 1
223 239 1
224 240 1
225 241 1
226 242 1
227 243 1
228 244 1
229 245 1
230 246 1
230 247 1
231 248 1
232 249 1
233 250 1
234 251 1
235 252 1
236 253 1
237 254 1
238 255 1
239 256 1
240 257 1
241 258 1
242 259 1
243 260 1
244 260 1
245 261 1
246 262 1
247 263 1
248 264 1
249 265 1
250 266 1
251 267 1
252 268 1
253 269 1
254 270 1
255 271 1
256 272 1
257 273 1
258 274 1
259 275 1
260 276 1
261 277 1
262 277 1
263 278 1
264 279 1
265 279 1
266 280 1
267 281 1
268 282 1
269 283 1
270 284 1
271 285 1
272 286 1
272 287 1
273 288 1
274 289 1
275 290 1
276 291 1
277 292 1
277 293 1
278 294 1
278 295 1
279 296 1
279 297 1
279 298 1
280 299 1
281 300 1
282 300 1
283 301 1
284 301 1
285 302 1
286 302 1
287 303 1
288 303 1
289 304 1
290 304 1
291 304 1
292 305 1
293 306 1
294 306 1
295 307 1
296 308 1
297 309 1
298 310 1
299 311 1
300 312 1
301 313 1
302 314 1
302 315 1
303 316 1
303 317 1
304 318 1
305 319 1
306 320 1
307 321 1
307 322 1
308 323 1
309 324 1
310 325 1
310 326 1
311 327 1
311 328 1
312 329 1
313 330 1
314 331 1
315 332 1
316 333 1
317 333 1
318 334 1
319 334 1
320 335 1
321 336 1
322 337 1
323 338 1
324 338 1
325 339 1
326 339 1
327 340 1
328 341 1
329 342 1
330 343 1
331 344 1
332 345 1
333 346 1
334 347 1
335 348 1
336 349 1
337 349 1
338 350 1
339 351 1
340 352 1
341 353 1
342 354 1
343 355 1
344 356 1
345 357 1
346 358 1
347 359 1
348 360 1
349 361 1
350 362 1
351 363 1
352 364 1
353 365 1
354 366 1
355 367 1
355 368 1
356 369 1
356 370 1
357 371 1
357 372 1
358 373 1
359 374 1
359 375 1
360 376 1
361 377 1
362 378 1
363 379 1
364 380 1
364 381 1
365 382 1
365 383 1
365 384 1
366 385 1
367 385 1
368 385 1
369 386 1
370 387 1
371 388 1
372 388 1
373 389 1
374 390 1
375 391 1
376 391 1
377 392 1
378 392 1
379 393 1
380 393 1
381 394 1
382 394 1
383 395 1
384 396 1
385 397 1
386 398 1
386 399 1
386 400 1
387 401 1
388 402 1
388 403 1
388 404 1
389 405 1
389 406 1
390 407 1
391 408 1
392 409 1
392 410 1
393 411 1
394 412 1
395 413 1
395 414 1
396 415 1
397 416 1
398 417 1
399 418 1
400 418 1
401 419 1
402 420 1
403 421 1
404 422 1
405 423 1
406 423 1
407 424 1
408 425 1
409 425 1
410 425 1
411 426 1
412 426 1
413 426 1
414 427 1
415 427 1
416 428 1
417 429 1
418 430 1
419 431 1
420 432 1
421 433 1
421 434 1
422 435 1
423 436 1
424 437 1
425 438 1
426 439 1
427 440 1
428 441 1
429 442 1
430 443 1
431 444 1
432 445 1
432 446 1
433 447 1
434 448 1
435 449 1
435 450 1
436 451 1
437 452 1
438 453 1
439 454 1
440 455 1
440 456 1
441 457 1
442 458 1
443 459 1
444 460 1
445 461 1
446 462 1
447 463 1
448 464 1
449 464 1
450 465 1
451 466 1
452 467 1
453 468 1
454 469 1
455 470 1
456 471 1
457 472 1
458 473 1
459 474 1
460 475 1
461 476 1
462 477 1
463 478 1
464 479 1
465 480 1
466 481 1
467 482 1
468 483 1
469 484 1
469 485 1
470 486 1
471 487 1
472 488 1
473 489 1
474 490 1
475 491 1
476 492 1
477 493 1
478 494 1
479 495 1
480 496 1
481 497 1
482 498 1
483 499 1
484 500 1
485 501 1
486 502 1
487 503 1
488 504 1
489 505 1
490 506 1
491 507 1
492 508 1
493 509 1
494 510 1
495 511 1
496 512 1
496 513 1
497 514 1
498 515 1
499 516 1
500 517 1
501 518 1
502 519 1
503 520 1
504 521 1
505 522 1
506 523 1
507 524 1
508 525 1
509 525 1
510 526 1
511 527 1
512 528 1
513 529 1
514 530 1
515 531 1
516 532 1
517 532 1
518 533 1
519 534 1
520 534 1
521 535 1
522 536 1
523 536 1
524 537 1
525 538 1
526 539 1
527 540 1
528 541 1
529 542 1
530 543 1
531 544 1
532 545 1
533 546 1
534 546 1
535 547 1
536 548 1
537 549 1
538 550 1
539 551 1
540 552 1
541 553 1
542 554 1
543 555 1
544 556 1
545 557 1
546 558 1
547 559 1
548 560 1
549 561 1
550 562 1
551 563 1
552 564 1
553 565 1
554 566 1
555 567 1
556 568 1
557 569 1
558 570 1
559 571 1
560 572 1
561 573 1
562 574 1
563 575 1
563 576 1
564 577 1
564 578 1
564 579 1
565 580 1
566 581 1
567 582 1
567 583 1
568 584 1
569 585 1
569 586 1
569 587 1
570 588 1
570 589 1
571 590 1
572 590 1
573 590 1
574 591 1
575 591 1
576 592 1
577 593 1
578 593 1
579 594 1
580 595 1
581 595 1
582 596 1
583 597 1
584 598 1
585 599 1
586 599 1
587 600 1
588 601 1
589 601 1
590 602 1
591 603 1
592 604 1
593 605 1
594 606 1
595 607 1
596 608 1
597 609 1
597 610 1
598 611 1
598 612 1
599 613 1
599 614 1
600 615 1
601 616 1
602 617 1
603 618 1
604 619 1
605 620 1
606 621 1
607 622 1
608 623 1
609 624 1
610 625 1
611 626 1
612 627 1
613 628 1
614 629 1
615 630 1
616 631 1
616 632 1
617 633 1
618 634 1
619 635 1
620 636 1
621 637 1
622 638 1
623 639 1
624 640 1
624 641 1
625 642 1
626 643 1
627 644 1
628 645 1
629 646 1
630 647 1
631 648 1
632 649 1
633 650 1
634 651 1
635 652 1
636 653 1
637 654 1
638 655 1
639 656 1
640 657 1
641 658 1
642 659 1
643 660 1
644 661 1
645 662 1
646 663 1
647 664 1
648 665 1
649 666 1
650 667 1
651 668 1
652 669 1
653 669 1
654 670 1
655 671 1
656 672 1
657 673 1
658 674 1
659 674 1
660 675 1
661 676 1
662 677 1
663 678 1
664 679 1
665 680 1
666 680 1
667 681 1
667 682 1
668 683 1
669 684 1
670 685 1
671 686 1
671 687 1
672 688 1
672 689 1
673 690 1
674 691 1
675 692 1
676 693 1
676 694 1
677 695 1
677 696 1
678 697 1
679 698 1
680 699 1
681 700 1
682 701 1
683 701 1
684 702 1
685 703 1
686 704 1
687 705 1
688 705 1
689 706 1
690 707 1
691 708 1
692 708 1
693 709 1
694 710 1
695 711 1
696 712 1
697 712 1
698 713 1
699 714 1
700 715 1
701 716 1
702 717 1
703 718 1
703 719 1
704 720 1
705 721 1
706 722 1
707 723 1
708 724 1
708 725 1
709 726 1
710 727 1
711 728 1
712 729 1
713 730 1
714 731 1
715 732 1
716 733 1
717 734 1
718 734 1
719 735 1
720 735 1
721 736 1
722 737 1
723 738 1
724 739 1
725 740 1
726 741 1
727 742 1
728 742 1
729 743 1
730 744 1
731 745 1
732 746 1
733 747 1
734 748 1
735 748 1
736 749 1
737 749 1
738 750 1
739 751 1
740 752 1
741 753 1
742 754 1
743 755 1
744 756 1
745 757 1
746 758 1
746 759 1
747 760 1
748 761 1
749 762 1
750 763 1
751 764 1
751 765 1
752 766 1
753 767 1
754 768 1
755 769 1
756 770 1
757 771 1
758 772 1
759 773 1
760 774 1
761 775 1
762 776 1
763 777 1
764 778 1
765 779 1
766 780 1
767 781 1
768 782 1
769 783 1
770 784 1
771 785 1
772 786 1
773 787 1
774 788 1
775 789 1
776 790 1
777 791 1
778 792 1
779 793 1
780 794 1
781 795 1
782 796 1
783 797 1
784 798 1
785 799 1
786 800 1
787 800 1
788 800 1
789 800 1
790 800 1
791 800 1
792 800 1
793 800 1
794 800 1
795 800 1
796 800 1
797 800 1
798 800 1
799 800 1
