1 2 1
1 3 2
1 4 17
1 5 9
2 6 3
2 7 17
2 8 14
3 9 14
3 10 6
3 11 13
4 12 10
5 13 13
5 14 1
5 15 15
6 16 14
7 17 12
8 18 3
9 19 13
10 19 8
11 20 12
12 20 17
13 21 13
14 22 13
15 23 14
16 24 14
16 25 2
16 26 9
17 27 11
17 28 5
17 29 10
17 30 9
18 31 14
19 32 5
20 33 8
21 34 7
22 35 5
23 36 16
24 37 10
25 38 17
26 39 1
27 40 13
28 41 13
29 42 7
30 43 16
31 44 14
32 45 6
33 46 5
34 47 6
35 48 1
36 49 1
37 50 11
38 51 13
39 52 7
40 53 14
41 54 2
42 55 2
43 56 15
44 57 4
45 58 14
46 59 15
47 60 11
48 61 14
49 62 7
50 63 9
51 64 3
52 65 14
53 66 4
54 66 5
55 67 7
56 67 14
57 68 14
58 69 10
59 69 5
60 70 9
61 71 10
62 72 5
63 73 13
64 74 2
64 75 15
64 76 1
65 77 12
66 78 1
67 79 15
67 80 9
68 81 16
69 82 10
69 83 8
70 84 13
70 85 13
71 86 5
72 87 5
73 88 5
74 89 12
75 89 10
76 89 14
77 90 13
78 90 5
79 91 3
80 92 15
81 93 14
82 93 4
83 93 11
84 94 16
85 95 3
86 96 8
87 96 16
88 97 2
89 98 16
90 99 17
91 100 13
92 101 8
92 102 1
93 103 14
94 104 14
95 105 15
96 106 2
97 107 12
98 108 3
99 109 7
100 110 7
101 111 7
102 112 3
103 113 14
104 114 5
104 115 7
104 116 12
104 117 9
105 118 4
105 119 7
106 120 13
107 121 8
108 122 15
109 123 16
110 124 3
111 125 5
112 126 14
113 127 5
114 128 7
115 129 1
116 129 10
117 130 17
118 131 4
119 132 2
120 132 14
121 133 6
122 133 13
123 134 8
124 134 12
125 135 5
126 136 5
127 136 2
128 137 8
129 138 5
130 139 7
131 139 13
132 140 5
133 141 15
133 142 13
133 143 3
134 144 6
134 145 15
135 146 1
135 147 8
136 148 14
136 149 7
136 150 11
137 151 8
137 152 15
137 153 16
138 154 9
138 155 3
139 156 16
139 157 13
140 158 10
140 159 5
141 160 9
142 160 7
143 161 1
144 162 15
145 162 9
146 163 12
147 163 10
148 163 14
149 164 8
150 165 12
151 166 6
152 166 14
153 167 2
154 168 14
155 169 1
156 170 4
157 170 6
158 171 10
159 171 4
160 172 5
161 173 12
162 174 8
163 175 17
164 176 1
165 177 1
166 178 16
167 179 3
168 180 10
169 181 13
170 182 8
171 183 5
172 184 6
173 184 17
174 185 12
175 185 5
176 186 8
177 187 8
178 188 6
179 188 2
180 189 14
181 190 10
182 190 16
183 191 16
184 192 16
185 193 2
186 194 13
187 195 6
187 196 16
188 197 6
188 198 6
189 199 14
189 200 4
189 201 14
189 202 12
190 203 1
190 204 1
190 205 14
191 206 8
191 207 13
192 208 17
193 209 5
194 210 5
195 211 10
196 212 17
197 213 11
198 214 11
199 214 7
200 215 12
201 215 9
202 216 16
203 216 9
204 216 1
205 216 9
206 217 16
207 217 15
208 218 5
209 219 2
210 220 8
211 221 12
212 222 5
213 223 8
213 224 17
214 225 3
214 226 15
215 227 7
216 228 13
216 229 2
217 230 17
218 231 6
218 232 2
218 233 11
218 234 13
219 235 1
219 236 4
220 237 4
220 238 4
221 239 9
222 240 14
222 241 15
222 242 9
222 243 5
223 244 9
223 245 7
224 246 9
225 247 9
225 248 16
225 249 3
226 250 15
226 251 14
227 252 12
228 253 5
228 254 1
228 255 3
228 256 14
229 257 11
229 258 4
229 259 16
229 260 6
230 261 14
230 262 10
230 263 9
231 264 11
232 264 1
233 264 16
234 264 9
235 264 5
236 264 17
237 264 4
238 264 13
239 264 10
240 264 2
241 265 17
242 265 9
243 265 1
244 266 7
245 266 6
246 266 10
247 266 7
248 266 9
249 267 16
250 267 10
251 267 14
252 267 7
253 268 10
254 268 8
255 268 10
256 269 9
257 269 10
258 269 1
259 269 11
260 270 11
261 270 7
262 270 5
263 270 16
264 271 13
265 272 14
265 273 4
265 274 1
266 275 13
266 276 15
266 277 9
267 278 17
267 279 11
267 280 14
268 281 1
269 282 10
269 283 16
270 284 14
270 285 2
271 286 4
272 287 9
273 288 4
274 289 1
275 290 15
276 291 7
277 292 15
278 293 7
278 294 12
279 295 16
280 296 15
281 297 2
282 298 10
283 299 8
284 300 15
285 301 17
286 302 15
287 303 4
288 304 14
289 304 4
290 305 17
291 306 10
292 306 13
293 306 1
294 307 8
295 307 4
296 308 8
297 308 16
298 309 2
299 309 6
300 309 8
301 309 9
302 310 16
302 311 10
302 312 10
303 313 8
304 314 2
304 315 17
305 316 17
305 317 8
306 318 16
307 319 7
308 320 8
309 321 2
309 322 2
310 323 1
311 324 13
312 324 2
313 325 8
314 325 1
315 326 1
316 327 14
317 328 4
318 329 1
319 330 10
320 331 12
321 331 15
322 332 16
323 333 6
324 334 6
324 335 9
325 336 9
326 337 14
327 338 4
328 339 1
329 340 8
330 341 7
330 342 15
331 343 11
332 344 11
333 345 11
334 346 15
335 347 7
336 348 3
337 349 4
337 350 1
338 351 8
339 352 11
340 353 3
341 354 12
342 355 6
343 356 1
344 357 5
345 358 10
346 359 7
347 360 17
348 361 3
349 362 5
350 363 2
351 364 15
352 365 5
353 366 2
354 366 4
355 367 12
356 368 6
357 369 15
358 370 17
359 371 5
360 371 8
361 371 15
362 372 6
363 373 1
364 373 3
365 374 10
366 375 7
367 375 1
368 376 12
369 376 6
370 377 17
371 378 17
372 379 3
373 380 4
374 381 4
375 382 17
375 383 12
376 384 17
377 385 5
377 386 9
378 387 5
379 388 11
380 389 7
381 390 9
381 391 16
382 392 10
382 393 10
383 394 3
384 395 7
385 396 4
385 397 5
386 398 5
387 399 3
388 400 2
388 401 11
389 402 15
390 403 2
390 404 6
390 405 13
391 406 13
392 407 9
393 408 13
394 409 16
395 410 3
396 411 3
397 412 12
398 413 2
399 414 11
400 414 9
401 415 9
402 416 11
403 417 3
404 418 11
405 419 17
406 420 13
407 421 5
408 422 15
409 423 9
410 423 9
411 424 12
412 425 11
413 425 1
414 425 17
415 425 5
416 426 9
417 426 4
418 427 17
419 427 7
420 427 17
421 427 3
422 428 1
423 428 4
424 429 6
425 430 3
425 431 11
425 432 1
425 433 10
426 434 9
426 435 7
427 436 9
428 437 5
428 438 8
429 439 13
430 440 13
431 441 14
432 442 3
433 443 13
434 443 3
435 444 17
436 445 9
437 446 14
438 447 5
439 448 7
440 449 4
441 450 9
442 451 16
443 452 4
443 453 10
444 454 10
445 455 12
445 456 6
446 457 12
447 458 14
448 459 12
449 460 8
450 461 4
451 462 7
452 463 7
453 464 3
454 465 4
455 466 12
456 467 10
457 468 12
458 469 5
459 470 9
459 471 1
460 472 17
461 473 1
461 474 1
462 475 3
463 476 8
464 477 15
465 478 13
466 479 4
467 480 4
468 481 9
469 482 2
469 483 5
470 484 5
471 485 16
472 486 5
473 487 2
474 487 11
475 488 13
476 489 5
477 490 16
478 491 1
479 492 13
480 493 1
481 494 17
482 495 8
483 496 13
484 497 5
485 497 3
486 497 12
487 497 12
488 498 15
489 498 10
490 498 17
491 498 6
492 498 4
493 499 2
494 499 11
495 499 11
496 499 12
497 500 1
498 500 3
499 500 16
