1 2 12
1 3 10
1 4 6
1 5 4
2 6 10
2 7 14
3 8 7
3 9 10
3 10 15
4 11 2
5 12 6
6 13 14
6 14 14
6 15 14
6 16 3
7 17 12
7 18 3
7 19 7
8 20 3
8 21 11
9 22 9
9 23 5
10 24 4
11 25 2
11 26 1
11 27 4
11 28 8
12 29 12
13 30 9
14 31 10
15 32 9
16 33 15
17 34 6
18 35 7
19 35 8
20 36 4
21 36 6
22 37 2
23 37 12
24 37 15
25 38 9
26 38 10
27 39 8
28 40 7
29 40 6
30 41 1
31 42 14
32 43 2
33 44 2
34 45 12
35 46 12
36 47 4
37 48 14
38 49 5
39 50 4
40 51 6
41 52 2
42 52 14
43 53 14
44 54 11
45 55 7
46 55 5
47 56 4
48 56 3
49 57 4
50 58 15
51 59 11
52 60 14
52 61 9
52 62 15
52 63 12
53 64 5
54 65 6
55 66 11
56 67 6
57 68 2
57 69 15
58 70 7
59 71 9
59 72 7
60 73 1
61 74 6
62 75 8
63 76 13
64 77 9
65 78 1
66 79 3
67 80 5
68 81 4
69 82 10
70 83 6
71 84 9
72 85 4
73 86 1
74 87 1
75 87 6
76 88 6
77 88 5
78 89 2
79 89 1
80 90 8
81 90 6
82 91 2
83 92 4
84 92 12
85 93 2
86 94 10
87 95 4
88 96 2
88 97 11
89 98 14
90 99 5
91 100 13
92 101 1
93 102 9
93 103 14
94 104 11
95 105 12
96 106 8
97 107 5
98 107 11
99 108 11
100 109 14
101 109 10
102 109 1
103 109 2
104 110 11
104 111 12
105 112 14
106 113 11
106 114 2
107 115 10
108 116 6
108 117 12
108 118 12
109 119 2
109 120 7
110 121 10
111 122 4
112 123 4
113 124 12
114 125 2
115 126 6
116 127 1
117 128 13
118 128 2
119 129 9
120 129 6
121 130 9
122 131 7
123 132 14
123 133 15
123 134 2
123 135 4
123 136 13
124 137 13
124 138 7
125 139 8
125 140 13
126 141 13
126 142 15
127 143 4
128 144 14
129 145 3
130 146 13
131 147 2
132 148 11
133 148 7
134 149 5
135 150 7
136 151 3
137 152 2
138 153 15
139 154 14
140 155 2
141 156 12
142 157 6
143 158 9
144 159 1
145 159 2
146 160 7
147 160 7
148 161 3
149 161 4
150 162 5
151 163 2
152 164 6
153 165 3
154 166 1
155 166 13
156 166 14
157 167 8
158 168 1
159 168 6
160 169 7
161 170 3
162 171 8
162 172 1
163 173 10
164 174 11
165 175 4
165 176 15
166 177 14
167 178 1
168 179 3
169 180 12
170 181 1
171 181 8
172 182 6
173 183 1
174 184 13
175 184 1
176 185 4
177 186 10
178 187 4
179 187 8
180 188 4
180 189 9
181 190 7
181 191 15
182 192 14
182 193 7
183 194 12
183 195 14
184 196 9
185 197 15
186 198 6
187 199 6
188 200 7
189 201 10
190 202 11
191 202 8
192 203 3
193 204 13
194 204 15
195 205 2
196 205 11
197 205 13
198 206 9
199 207 3
200 208 8
201 209 9
202 210 10
202 211 9
202 212 7
203 213 9
203 214 4
203 215 7
204 216 1
205 217 14
206 218 7
207 219 12
207 220 2
208 221 8
208 222 3
209 223 12
209 224 4
209 225 3
210 226 3
210 227 10
210 228 4
211 229 10
211 230 4
211 231 1
212 232 4
213 233 6
213 234 11
213 235 9
214 236 12
214 237 12
214 238 11
214 239 5
215 240 9
215 241 1
215 242 10
216 243 13
216 244 1
216 245 3
216 246 5
217 247 12
217 248 5
217 249 5
218 250 8
218 251 1
218 252 4
219 253 4
219 254 14
219 255 6
220 256 6
220 257 6
221 258 11
222 258 10
223 258 7
224 258 11
225 258 15
226 258 3
227 259 10
228 259 13
229 259 4
230 260 5
231 260 9
232 260 2
233 260 5
234 260 1
235 260 1
236 260 9
237 260 14
238 261 10
239 261 5
240 261 4
241 261 3
242 261 13
243 262 8
244 262 9
245 262 8
246 262 6
247 262 10
248 263 13
249 263 13
250 263 11
251 263 7
252 263 6
253 264 15
254 264 2
255 264 12
256 264 9
257 264 10
258 265 3
259 266 9
259 267 11
260 268 13
260 269 12
261 270 10
262 271 8
262 272 3
263 273 8
263 274 5
263 275 2
263 276 3
264 277 12
264 278 1
265 279 14
266 280 9
267 280 3
268 281 4
269 282 14
270 282 14
271 283 8
272 284 1
273 285 11
274 286 7
275 287 6
276 287 5
277 288 6
278 289 3
279 290 13
280 291 11
281 292 4
281 293 10
282 294 8
282 295 6
282 296 4
283 297 5
284 298 1
284 299 12
285 300 1
285 301 13
285 302 7
286 303 5
287 304 15
288 305 6
289 306 7
290 307 3
291 307 6
292 307 9
293 308 11
294 308 9
295 308 2
296 309 15
297 310 4
298 310 5
299 310 14
300 311 2
301 311 6
302 311 2
303 312 9
304 312 10
305 312 11
306 313 7
307 314 1
307 315 10
308 316 5
309 317 15
309 318 4
310 319 10
311 320 10
311 321 7
311 322 12
312 323 8
313 324 8
313 325 2
313 326 14
314 327 3
315 328 3
316 328 8
317 329 6
318 329 3
319 329 7
320 330 4
321 331 9
322 331 3
323 332 9
324 332 6
325 333 5
326 333 11
327 334 11
328 335 12
329 336 4
330 337 13
331 338 13
331 339 1
332 340 10
333 341 12
334 342 12
335 343 8
335 344 13
335 345 12
335 346 9
336 347 14
337 348 12
337 349 3
338 350 11
338 351 13
338 352 7
339 353 1
340 354 1
340 355 7
341 356 6
342 357 13
343 358 3
344 359 14
345 360 9
346 360 10
347 361 4
348 361 4
349 362 3
350 363 9
351 364 4
352 365 7
353 366 4
354 367 11
355 368 6
356 369 9
357 370 1
358 370 15
359 371 14
360 372 4
361 373 1
362 374 6
363 375 14
364 376 10
365 376 1
366 377 12
367 378 14
368 379 9
369 380 10
370 381 5
371 382 12
372 383 15
373 384 13
373 385 13
374 386 10
375 387 15
375 388 3
376 389 10
377 390 5
378 391 2
379 392 9
380 393 1
381 394 6
381 395 6
382 396 1
383 397 9
384 398 3
385 399 15
386 400 4
387 401 10
388 402 11
389 403 2
390 404 9
391 405 1
392 406 2
393 407 3
394 408 9
395 409 7
396 409 3
397 409 6
398 410 14
399 410 3
400 411 3
401 411 5
402 412 14
403 413 5
404 414 8
405 415 14
406 416 12
407 417 4
408 418 15
409 419 9
410 420 4
411 421 14
412 422 13
412 423 13
413 424 14
414 425 9
415 426 6
416 427 2
417 428 15
417 429 13
418 430 9
419 431 14
420 431 7
421 432 11
422 433 2
423 434 6
424 435 5
425 436 8
426 437 14
427 438 3
428 438 9
429 439 6
430 440 6
430 441 8
431 442 10
431 443 10
432 444 6
433 445 9
434 446 2
435 447 11
436 448 8
437 449 13
438 450 10
439 451 11
439 452 13
440 453 1
441 454 10
442 455 3
443 455 12
444 456 11
445 456 3
446 456 14
447 457 5
448 458 1
449 459 7
450 460 9
451 461 3
452 462 3
453 463 1
454 464 11
455 465 15
455 466 11
455 467 1
456 468 5
457 469 11
458 470 14
459 471 14
459 472 5
460 473 12
460 474 8
460 475 11
460 476 7
461 477 1
462 478 14
462 479 15
463 480 13
464 481 3
465 481 13
466 482 4
467 483 13
468 484 7
469 484 13
470 484 8
471 485 1
472 486 13
473 487 11
474 487 4
475 487 15
476 487 11
477 488 14
478 488 5
479 489 9
480 490 5
481 491 5
482 492 4
483 493 7
484 494 12
485 495 5
486 496 11
487 497 5
488 498 10
489 499 9
490 500 5
491 500 3
492 500 7
493 500 11
494 500 14
495 500 15
496 500 2
497 500 2
498 500 6
499 500 15
