1 2 1
1 3 1
1 4 1
2 5 1
2 6 1
2 7 1
3 8 1
3 9 1
3 10 1
3 11 1
4 12 1
4 13 1
5 14 1
5 15 1
5 16 1
6 17 1
7 18 1
8 19 1
8 20 1
9 21 1
10 22 1
11 23 1
12 24 1
13 25 1
14 26 1
14 27 1
14 28 1
15 29 1
16 30 1
16 31 1
17 32 1
18 33 1
19 34 1
19 35 1
20 36 1
20 37 1
21 38 1
22 39 1
22 40 1
23 41 1
24 42 1
25 43 1
26 44 1
27 45 1
28 45 1
29 46 1
30 47 1
31 48 1
32 49 1
33 50 1
34 51 1
35 52 1
36 52 1
37 53 1
38 54 1
39 54 1
40 55 1
41 55 1
42 56 1
43 57 1
44 58 1
45 59 1
46 60 1
47 60 1
48 61 1
49 62 1
50 62 1
51 63 1
52 64 1
53 65 1
54 66 1
55 67 1
56 68 1
57 69 1
58 70 1
58 71 1
59 72 1
60 73 1
61 74 1
61 75 1
61 76 1
62 77 1
62 78 1
63 79 1
64 80 1
64 81 1
65 82 1
65 83 1
66 84 1
66 85 1
67 86 1
68 87 1
69 88 1
70 89 1
71 90 1
72 90 1
73 91 1
74 92 1
75 93 1
76 94 1
77 95 1
78 96 1
79 97 1
80 98 1
81 99 1
82 100 1
83 101 1
84 102 1
85 103 1
86 104 1
87 105 1
88 106 1
89 107 1
90 108 1
91 109 1
92 110 1
93 111 1
94 111 1
95 112 1
96 112 1
97 112 1
98 113 1
99 114 1
100 115 1
101 116 1
102 117 1
103 118 1
104 119 1
105 120 1
106 121 1
107 122 1
108 123 1
109 124 1
110 125 1
111 126 1
112 127 1
113 128 1
114 129 1
115 130 1
116 131 1
117 132 1
118 133 1
119 134 1
120 135 1
121 136 1
122 137 1
123 138 1
124 138 1
125 139 1
126 140 1
127 141 1
128 142 1
129 143 1
130 143 1
131 144 1
132 145 1
133 146 1
134 146 1
135 146 1
136 147 1
137 148 1
138 149 1
139 150 1
140 151 1
141 152 1
142 153 1
143 154 1
144 155 1
145 156 1
146 157 1
147 158 1
148 159 1
149 160 1
149 161 1
149 162 1
150 163 1
150 164 1
151 165 1
152 166 1
153 167 1
153 168 1
153 169 1
154 170 1
155 171 1
156 172 1
157 173 1
158 174 1
159 175 1
160 175 1
161 175 1
162 176 1
163 176 1
164 177 1
165 177 1
166 178 1
167 178 1
168 178 1
169 179 1
170 179 1
171 179 1
172 180 1
173 180 1
174 181 1
175 182 1
176 183 1
176 184 1
177 185 1
177 186 1
178 187 1
179 188 1
179 189 1
180 190 1
181 191 1
181 192 1
182 193 1
183 194 1
184 195 1
185 196 1
186 197 1
187 198 1
187 199 1
188 200 1
189 201 1
189 202 1
189 203 1
190 204 1
191 205 1
192 206 1
193 207 1
193 208 1
194 209 1
195 210 1
195 211 1
195 212 1
196 213 1
197 214 1
198 215 1
199 216 1
200 217 1
201 218 1
202 219 1
203 220 1
204 221 1
204 222 1
205 223 1
206 224 1
207 225 1
208 226 1
209 227 1
210 228 1
211 229 1
212 230 1
213 231 1
214 232 1
215 233 1
216 234 1
217 235 1
218 236 1
219 237 1
220 238 1
221 239 1
222 240 1
223 241 1
224 242 1
224 243 1
225 244 1
226 245 1
227 246 1
228 247 1
229 248 1
230 249 1
231 250 1
232 251 1
233 251 1
234 252 1
235 253 1
236 254 1
237 255 1
238 256 1
239 257 1
240 258 1
241 259 1
242 259 1
243 260 1
244 261 1
245 262 1
246 263 1
247 263 1
248 264 1
249 265 1
250 266 1
251 267 1
252 268 1
253 269 1
254 270 1
255 271 1
256 272 1
257 273 1
258 274 1
259 275 1
260 275 1
261 276 1
262 277 1
263 278 1
264 279 1
265 280 1
266 281 1
267 281 1
268 281 1
269 282 1
270 282 1
271 283 1
272 284 1
273 285 1
274 286 1
275 286 1
276 287 1
277 288 1
278 289 1
279 290 1
280 291 1
281 292 1
282 293 1
283 294 1
283 295 1
284 296 1
285 297 1
286 298 1
287 299 1
288 300 1
288 301 1
289 302 1
290 303 1
290 304 1
291 305 1
292 306 1
293 307 1
294 308 1
295 309 1
296 310 1
297 311 1
298 312 1
299 313 1
299 314 1
300 315 1
301 316 1
302 317 1
303 318 1
304 319 1
304 320 1
305 321 1
306 322 1
307 323 1
308 324 1
309 325 1
310 326 1
311 327 1
311 328 1
312 329 1
312 330 1
313 331 1
313 332 1
314 333 1
314 334 1
315 335 1
316 336 1
316 337 1
317 338 1
318 339 1
319 340 1
320 341 1
320 342 1
321 343 1
322 344 1
323 345 1
324 346 1
325 347 1
326 348 1
326 349 1
327 350 1
327 351 1
328 352 1
329 353 1
330 354 1
331 355 1
332 356 1
333 356 1
334 357 1
335 358 1
336 358 1
337 359 1
338 360 1
339 361 1
340 362 1
341 363 1
342 364 1
343 365 1
344 366 1
345 367 1
346 368 1
347 369 1
348 370 1
349 370 1
350 370 1
351 371 1
352 372 1
353 372 1
354 373 1
355 374 1
356 374 1
357 374 1
358 375 1
359 376 1
360 377 1
361 378 1
362 379 1
363 380 1
364 381 1
365 382 1
366 383 1
367 383 1
368 384 1
369 385 1
370 385 1
371 386 1
372 387 1
373 388 1
374 389 1
375 390 1
376 391 1
377 391 1
378 392 1
379 393 1
380 393 1
381 394 1
382 394 1
383 395 1
384 396 1
385 396 1
386 397 1
387 398 1
388 399 1
389 400 1
390 401 1
391 402 1
392 403 1
393 404 1
394 405 1
395 406 1
396 407 1
397 408 1
398 409 1
399 410 1
400 411 1
401 412 1
402 413 1
403 414 1
404 415 1
405 416 1
406 417 1
407 418 1
408 419 1
409 420 1
410 421 1
411 422 1
412 423 1
413 424 1
414 425 1
414 426 1
415 427 1
416 428 1
417 429 1
417 430 1
418 431 1
419 432 1
420 433 1
421 434 1
422 435 1
423 436 1
424 437 1
425 437 1
426 438 1
427 439 1
428 440 1
429 440 1
430 441 1
431 442 1
432 442 1
433 443 1
434 444 1
435 445 1
436 446 1
437 447 1
437 448 1
438 449 1
439 450 1
440 451 1
441 452 1
442 453 1
442 454 1
442 455 1
443 456 1
443 457 1
444 458 1
445 459 1
446 460 1
447 461 1
448 462 1
449 463 1
449 464 1
450 465 1
450 466 1
450 467 1
451 468 1
452 469 1
452 470 1
453 471 1
454 472 1
454 473 1
455 474 1
455 475 1
456 476 1
457 477 1
458 478 1
458 479 1
459 480 1
460 480 1
461 481 1
462 482 1
463 483 1
464 483 1
465 484 1
466 484 1
467 485 1
468 485 1
469 486 1
470 487 1
471 487 1
472 488 1
473 489 1
474 489 1
475 490 1
476 491 1
477 492 1
478 493 1
479 494 1
480 495 1
481 496 1
482 497 1
483 498 1
484 499 1
485 500 1
486 501 1
487 502 1
487 503 1
488 504 1
489 505 1
490 506 1
490 507 1
491 508 1
491 509 1
492 510 1
492 511 1
493 512 1
494 513 1
495 514 1
496 515 1
497 516 1
498 517 1
499 518 1
500 518 1
501 519 1
502 520 1
503 521 1
504 522 1
505 523 1
506 524 1
507 525 1
508 526 1
509 527 1
510 528 1
511 529 1
512 530 1
513 531 1
514 532 1
515 532 1
516 532 1
517 533 1
518 534 1
519 535 1
520 536 1
521 537 1
522 538 1
523 539 1
524 540 1
525 541 1
526 542 1
527 543 1
528 543 1
529 543 1
530 544 1
531 545 1
532 546 1
533 547 1
534 548 1
535 548 1
536 548 1
537 549 1
538 549 1
539 550 1
540 551 1
541 552 1
542 553 1
543 554 1
544 555 1
545 555 1
546 556 1
547 557 1
548 558 1
548 559 1
549 560 1
549 561 1
550 562 1
550 563 1
551 564 1
551 565 1
552 566 1
552 567 1
552 568 1
553 569 1
553 570 1
554 571 1
554 572 1
554 573 1
555 574 1
555 575 1
556 576 1
557 576 1
558 577 1
559 578 1
560 579 1
561 579 1
562 580 1
563 581 1
564 581 1
565 582 1
566 583 1
567 584 1
568 585 1
569 585 1
570 586 1
571 587 1
572 587 1
573 588 1
574 589 1
575 589 1
576 590 1
577 591 1
578 592 1
579 593 1
580 594 1
581 595 1
582 596 1
583 597 1
584 598 1
585 599 1
586 600 1
587 601 1
588 602 1
589 603 1
590 604 1
591 605 1
592 605 1
593 606 1
594 607 1
595 608 1
596 609 1
597 610 1
598 610 1
599 611 1
600 612 1
601 612 1
602 613 1
603 614 1
604 615 1
605 616 1
606 617 1
607 618 1
608 619 1
609 620 1
610 621 1
611 622 1
611 623 1
612 624 1
613 625 1
613 626 1
614 627 1
615 628 1
616 629 1
617 630 1
618 631 1
619 632 1
620 633 1
621 634 1
621 635 1
621 636 1
622 637 1
623 638 1
624 639 1
625 640 1
626 641 1
627 642 1
628 643 1
628 644 1
629 645 1
630 646 1
631 647 1
631 648 1
631 649 1
632 650 1
633 651 1
634 652 1
634 653 1
635 654 1
636 655 1
637 656 1
638 657 1
638 658 1
639 659 1
640 660 1
641 661 1
641 662 1
642 663 1
643 664 1
644 665 1
645 665 1
646 666 1
647 666 1
648 667 1
649 668 1
650 669 1
651 669 1
652 670 1
653 671 1
654 671 1
655 672 1
656 672 1
657 673 1
658 674 1
659 675 1
660 675 1
661 676 1
662 676 1
663 677 1
664 678 1
665 679 1
666 680 1
667 681 1
668 682 1
669 683 1
670 684 1
671 684 1
672 685 1
673 686 1
674 686 1
675 687 1
676 688 1
677 689 1
678 690 1
679 691 1
680 692 1
681 693 1
682 694 1
683 695 1
684 696 1
685 697 1
686 697 1
687 698 1
688 699 1
689 699 1
690 700 1
691 700 1
692 700 1
693 700 1
694 700 1
695 700 1
696 700 1
697 700 1
698 700 1
699 700 1
