1 2 67
1 3 98
1 4 19
1 5 89
2 6 15
2 7 47
2 8 39
2 9 86
3 10 57
3 11 59
3 12 53
3 13 52
3 14 35
4 15 68
4 16 35
5 17 83
5 18 62
5 19 65
6 20 78
7 21 8
8 22 10
9 23 62
10 24 99
11 25 48
12 26 98
13 27 93
14 28 58
15 29 58
16 30 15
17 31 48
18 32 21
19 33 46
20 34 57
21 35 47
22 36 70
23 37 10
24 38 57
25 39 1
26 40 78
27 41 23
28 42 57
29 43 36
30 44 43
31 45 48
32 46 86
33 47 79
34 48 29
35 49 38
36 50 86
37 51 21
38 52 68
39 53 45
40 54 80
41 55 86
42 56 74
43 57 56
44 58 21
45 59 95
46 60 35
47 61 34
47 62 42
48 63 33
49 64 28
50 65 25
51 66 32
51 67 59
52 68 97
53 69 63
54 70 51
55 71 4
56 72 84
57 73 5
58 74 68
59 75 97
60 76 60
61 77 63
62 78 87
63 79 67
64 80 63
65 81 8
66 82 6
67 83 1
68 84 76
69 85 65
70 86 97
71 87 22
72 88 42
73 89 39
74 90 90
75 91 56
76 92 51
77 93 38
78 94 10
79 95 78
80 96 33
81 97 2
82 98 53
83 99 73
84 100 36
85 101 35
86 102 92
87 103 56
88 104 1
89 105 48
90 106 53
91 107 56
92 108 15
93 109 21
94 110 61
95 111 65
96 112 79
97 113 48
98 114 64
99 115 78
100 116 32
101 117 52
102 118 62
103 119 3
104 120 26
105 121 21
106 122 27
107 123 25
108 124 12
109 124 99
110 125 23
111 126 77
112 127 86
113 128 77
114 129 90
115 130 77
116 131 33
117 132 72
118 133 53
119 134 75
120 134 61
121 135 40
122 135 2
123 136 6
124 137 45
125 138 53
126 139 73
127 140 32
127 141 74
128 142 11
128 143 61
129 144 58
130 145 66
131 146 50
132 147 19
133 148 53
134 149 32
134 150 21
135 151 7
136 152 8
137 153 35
138 154 21
139 155 20
140 156 59
141 157 45
142 157 12
143 158 72
144 159 26
145 159 91
146 160 49
147 161 42
148 162 89
149 162 45
150 163 80
151 164 58
152 165 99
153 166 51
154 167 31
155 168 54
156 169 97
156 170 38
157 171 77
157 172 20
158 173 45
159 174 98
160 175 35
161 176 28
161 177 50
162 178 19
163 179 90
164 180 94
165 181 19
166 182 71
167 183 56
168 184 61
169 184 88
170 185 12
171 186 53
172 187 72
173 188 41
174 189 59
175 190 17
176 191 49
177 192 82
178 193 24
179 194 15
180 195 23
181 196 76
182 197 52
183 198 18
184 199 83
185 200 20
186 201 79
187 202 49
188 203 94
189 203 93
190 204 10
191 205 2
192 206 53
193 207 29
194 208 59
195 209 10
196 210 52
197 211 51
198 212 30
199 213 70
200 214 91
200 215 29
201 216 16
202 217 72
203 218 31
204 219 24
205 220 25
206 221 25
207 222 72
208 223 65
209 224 60
209 225 18
210 226 45
211 227 16
212 228 72
213 229 78
214 230 22
215 231 99
216 232 50
217 232 57
218 232 69
219 233 28
220 233 1
221 234 9
222 235 46
223 236 7
224 237 57
225 238 44
226 239 43
227 240 35
228 241 72
229 242 13
229 243 48
230 244 9
231 245 43
232 246 30
233 247 68
234 248 95
235 249 69
236 250 71
237 251 44
237 252 27
238 253 17
238 254 53
239 255 24
240 256 86
241 257 15
242 258 18
243 259 29
244 260 76
245 261 85
246 262 16
247 263 68
248 264 1
249 264 17
250 265 3
251 265 41
252 266 71
253 267 51
254 268 56
255 269 36
256 270 53
257 271 26
258 272 70
259 273 39
260 274 41
261 275 62
262 276 51
263 277 51
264 278 27
265 279 69
266 280 27
267 281 25
268 282 19
269 283 98
270 284 61
271 285 73
272 286 80
273 287 25
274 288 90
275 289 56
276 290 25
277 291 73
278 292 88
279 293 88
280 294 58
281 295 88
282 296 21
283 297 84
284 298 13
285 299 19
286 300 57
287 301 55
288 302 12
289 303 9
290 304 61
291 305 11
292 306 64
293 307 34
294 308 66
295 309 67
296 310 50
297 311 93
298 311 46
299 312 55
300 313 19
301 314 90
302 315 14
303 316 1
304 317 26
305 318 19
306 319 78
307 320 54
308 321 69
309 322 59
310 323 38
311 324 28
312 325 21
313 326 62
314 327 94
315 328 33
316 329 64
316 330 41
317 331 64
318 332 54
318 333 81
319 334 26
320 335 17
321 336 92
322 337 7
323 338 56
324 339 12
324 340 65
325 341 93
326 342 22
327 343 54
328 344 68
329 345 70
330 346 22
331 347 54
332 348 63
333 349 37
334 350 27
335 351 14
336 352 98
337 353 35
338 354 8
339 355 93
340 356 93
341 357 8
342 358 83
343 359 53
344 360 46
345 361 71
346 361 66
347 362 54
348 363 50
349 364 26
350 365 7
351 366 98
352 367 66
353 368 68
354 369 73
355 369 42
356 370 57
357 371 33
358 372 43
359 373 63
360 374 4
360 375 53
361 376 32
362 377 76
363 378 7
364 379 91
365 380 96
366 381 26
367 382 18
367 383 40
368 384 25
369 385 33
370 386 18
371 387 9
372 388 58
373 389 96
374 390 59
375 391 97
376 392 99
377 393 57
378 394 95
379 395 15
380 396 2
381 397 17
382 398 76
383 399 50
384 399 42
385 400 46
386 401 65
387 402 95
388 403 54
389 404 23
390 405 34
391 406 23
392 407 28
393 408 46
394 409 20
395 410 46
396 411 66
397 411 5
398 411 78
399 412 88
400 413 27
401 414 41
402 415 85
403 416 89
403 417 43
404 418 93
405 419 93
406 420 88
407 421 63
408 422 94
409 423 40
410 424 58
411 425 30
411 426 41
412 427 5
412 428 73
413 429 66
414 430 66
415 431 29
416 432 44
417 433 32
418 433 61
419 434 85
420 435 42
421 436 19
422 436 69
423 437 89
424 438 75
425 439 67
426 440 13
427 440 80
428 441 54
429 442 69
430 443 68
431 444 83
432 445 71
433 446 35
434 447 92
435 448 8
436 449 55
436 450 17
437 451 81
438 452 51
439 453 47
440 454 84
441 455 37
441 456 25
442 457 58
442 458 87
443 459 46
444 460 2
445 461 24
446 462 36
447 463 43
448 464 82
449 465 91
450 466 83
451 467 57
452 468 68
453 469 56
454 470 65
455 470 24
456 471 88
457 472 30
458 472 71
459 473 88
460 473 65
461 474 29
462 475 93
463 476 74
464 477 79
465 478 57
466 479 32
467 480 1
468 481 75
469 482 26
470 483 97
471 484 80
472 485 51
473 486 19
474 487 56
475 488 61
476 489 55
477 490 18
478 491 46
479 492 43
480 493 17
481 494 48
482 495 80
483 496 28
484 497 28
485 498 77
486 499 89
487 500 12
488 501 38
489 502 70
490 503 62
491 504 70
492 505 40
493 506 44
494 507 61
495 508 93
495 509 25
496 510 60
497 511 85
497 512 65
497 513 51
498 514 28
499 515 40
500 516 16
501 517 51
502 518 56
503 519 98
504 520 97
505 521 69
506 522 18
507 523 69
508 524 92
509 525 31
510 526 27
511 527 14
512 528 59
513 529 77
514 530 20
515 531 94
516 532 42
517 533 23
518 534 32
519 534 33
520 535 39
521 536 32
522 537 24
523 538 70
524 539 39
525 540 12
526 541 37
527 542 94
528 542 62
529 543 93
530 544 54
531 545 14
532 546 52
533 547 20
534 548 40
535 549 34
536 550 89
537 551 68
538 552 99
539 553 38
540 554 82
541 555 55
542 556 73
543 557 14
544 558 4
545 559 96
546 560 93
547 561 97
548 562 20
549 563 85
550 564 71
551 565 25
552 566 3
553 567 24
554 568 99
555 569 72
556 569 34
557 570 57
558 570 80
559 571 96
560 572 36
560 573 38
561 574 94
562 575 37
562 576 92
563 577 47
564 578 49
564 579 39
565 580 66
566 581 47
567 582 35
568 583 48
569 584 70
569 585 74
570 586 65
571 587 27
572 588 80
573 589 31
574 590 60
575 591 25
576 591 74
577 592 31
578 593 61
579 594 53
580 595 64
581 596 45
582 596 3
583 597 36
584 598 29
585 599 55
586 600 52
587 601 61
588 602 77
589 603 78
590 604 7
591 605 55
592 606 31
593 607 30
594 608 31
594 609 60
595 610 14
596 611 41
596 612 27
597 613 54
598 614 20
599 615 65
600 616 85
601 617 67
602 618 86
603 619 10
604 620 26
605 620 84
606 621 98
607 621 13
608 621 10
609 622 63
610 623 32
611 624 42
612 625 47
613 626 48
614 627 90
615 627 70
616 628 15
617 629 75
618 630 85
619 631 43
620 632 65
621 633 43
621 634 8
622 635 35
623 636 26
623 637 71
623 638 45
624 639 70
625 640 24
626 641 4
626 642 49
627 643 55
628 644 75
629 645 40
630 646 6
631 647 52
632 648 47
633 648 14
634 648 5
635 649 75
636 649 37
637 650 99
638 651 81
639 652 70
640 653 39
641 653 57
642 654 54
643 655 98
644 656 55
645 657 26
646 658 2
647 659 73
647 660 80
648 661 87
649 662 92
650 663 48
650 664 33
651 665 99
652 666 23
653 667 91
653 668 53
654 669 52
655 670 23
656 671 20
657 672 29
658 673 1
659 674 78
660 675 21
661 675 12
662 676 16
663 677 55
664 678 90
665 678 56
666 678 76
667 679 83
668 680 52
669 681 80
670 682 27
671 683 45
672 684 64
673 685 12
674 686 69
675 687 37
676 688 30
677 689 85
678 690 57
678 691 21
679 692 61
680 693 3
680 694 47
681 695 33
682 696 77
683 697 19
684 698 96
684 699 10
685 700 44
686 700 33
687 700 47
688 700 29
689 700 99
690 700 59
691 700 28
692 700 28
693 700 93
694 700 80
695 700 27
696 700 44
697 700 89
698 700 19
699 700 40
