1 2 1
1 3 1
1 4 1
1 5 1
1 6 1
2 7 1
2 8 1
2 9 1
2 10 1
2 11 1
3 12 1
3 13 1
3 14 1
3 15 1
3 16 1
4 17 1
4 18 1
4 19 1
5 20 1
5 21 1
5 22 1
6 23 1
6 24 1
6 25 1
7 26 1
8 27 1
9 28 1
10 29 1
11 30 1
12 31 1
13 32 1
14 33 1
15 34 1
16 35 1
17 36 1
18 37 1
19 38 1
20 39 1
21 40 1
22 41 1
23 42 1
24 43 1
25 44 1
26 45 1
27 46 1
28 47 1
28 48 1
29 49 1
30 50 1
31 51 1
32 52 1
33 53 1
34 54 1
35 55 1
36 56 1
37 57 1
38 58 1
39 59 1
40 60 1
41 61 1
42 62 1
43 63 1
44 64 1
45 65 1
46 66 1
47 67 1
48 68 1
49 69 1
50 70 1
50 71 1
51 72 1
52 73 1
53 74 1
54 75 1
54 76 1
55 77 1
56 78 1
57 79 1
58 80 1
59 81 1
60 82 1
61 83 1
62 84 1
63 85 1
64 86 1
65 87 1
66 87 1
67 88 1
68 89 1
69 90 1
70 91 1
71 92 1
72 93 1
73 94 1
74 94 1
75 95 1
76 95 1
77 96 1
78 97 1
79 98 1
80 99 1
81 99 1
82 100 1
83 100 1
84 101 1
85 102 1
86 103 1
87 104 1
87 105 1
88 106 1
88 107 1
89 108 1
89 109 1
90 110 1
91 111 1
92 112 1
93 113 1
94 114 1
94 115 1
94 116 1
95 117 1
96 118 1
97 119 1
98 120 1
99 121 1
99 122 1
99 123 1
100 124 1
101 125 1
102 126 1
103 127 1
104 128 1
105 129 1
106 130 1
107 130 1
108 131 1
109 132 1
110 133 1
111 134 1
112 135 1
113 136 1
114 136 1
115 136 1
116 137 1
117 137 1
118 138 1
119 138 1
120 139 1
121 140 1
122 141 1
123 141 1
124 142 1
125 142 1
126 142 1
127 143 1
128 144 1
129 145 1
130 146 1
131 147 1
132 148 1
132 149 1
133 150 1
134 151 1
135 152 1
135 153 1
136 154 1
137 155 1
138 156 1
139 157 1
140 158 1
140 159 1
141 160 1
142 161 1
143 162 1
144 163 1
145 164 1
146 165 1
146 166 1
147 167 1
147 168 1
148 169 1
149 170 1
150 171 1
151 172 1
152 173 1
153 174 1
154 175 1
155 176 1
156 177 1
157 178 1
158 179 1
159 180 1
160 181 1
160 182 1
161 183 1
162 184 1
163 185 1
164 186 1
165 187 1
166 188 1
167 189 1
168 190 1
169 190 1
170 191 1
171 192 1
172 193 1
173 194 1
174 195 1
175 196 1
176 197 1
177 198 1
178 199 1
179 200 1
180 201 1
181 202 1
182 203 1
183 204 1
184 205 1
185 206 1
186 207 1
187 208 1
188 208 1
189 209 1
190 209 1
191 210 1
192 210 1
193 211 1
194 212 1
195 213 1
196 214 1
197 215 1
198 216 1
199 217 1
200 218 1
201 219 1
202 220 1
203 221 1
204 222 1
205 223 1
206 224 1
207 225 1
208 226 1
209 227 1
210 228 1
211 229 1
212 230 1
213 231 1
214 232 1
215 233 1
216 234 1
217 235 1
218 236 1
219 237 1
220 238 1
221 238 1
222 239 1
223 240 1
224 241 1
225 242 1
226 243 1
227 244 1
228 245 1
228 246 1
229 247 1
230 248 1
231 249 1
232 250 1
233 251 1
234 252 1
234 253 1
235 254 1
236 255 1
236 256 1
237 257 1
238 258 1
239 259 1
240 260 1
241 261 1
242 262 1
243 263 1
244 264 1
245 265 1
246 266 1
247 266 1
248 267 1
249 267 1
250 268 1
251 269 1
252 270 1
253 271 1
254 272 1
255 273 1
256 274 1
257 275 1
258 275 1
259 276 1
260 277 1
261 278 1
261 279 1
262 280 1
262 281 1
263 282 1
264 283 1
264 284 1
265 285 1
265 286 1
266 287 1
267 288 1
268 289 1
268 290 1
269 291 1
270 292 1
271 293 1
272 294 1
273 295 1
274 296 1
275 297 1
276 298 1
277 299 1
278 300 1
279 301 1
280 302 1
281 303 1
282 304 1
283 305 1
284 305 1
285 306 1
286 307 1
287 308 1
288 308 1
289 309 1
290 310 1
291 311 1
292 311 1
293 311 1
294 312 1
295 313 1
296 314 1
297 315 1
298 316 1
299 317 1
300 318 1
301 319 1
302 320 1
303 321 1
304 322 1
305 323 1
306 324 1
307 325 1
308 325 1
309 326 1
310 326 1
311 327 1
312 327 1
313 328 1
314 328 1
315 329 1
316 329 1
317 330 1
318 331 1
318 332 1
318 333 1
318 334 1
319 335 1
320 336 1
321 337 1
321 338 1
322 339 1
323 340 1
323 341 1
324 342 1
324 343 1
324 344 1
325 345 1
326 346 1
326 347 1
327 348 1
328 349 1
329 350 1
330 351 1
331 352 1
332 353 1
333 354 1
334 355 1
335 356 1
336 357 1
337 358 1
338 359 1
339 360 1
340 361 1
341 362 1
342 363 1
343 364 1
344 365 1
345 366 1
346 367 1
347 367 1
348 368 1
349 369 1
350 370 1
351 371 1
352 372 1
353 373 1
354 374 1
355 375 1
356 376 1
357 377 1
358 378 1
359 379 1
360 380 1
361 381 1
362 382 1
363 383 1
364 384 1
365 385 1
366 386 1
367 387 1
368 388 1
369 389 1
370 390 1
371 391 1
372 392 1
373 393 1
374 394 1
375 395 1
375 396 1
376 397 1
377 398 1
378 399 1
379 400 1
380 401 1
381 402 1
382 403 1
383 404 1
384 405 1
385 406 1
386 407 1
387 408 1
388 409 1
389 410 1
390 411 1
391 412 1
391 413 1
392 414 1
392 415 1
392 416 1
393 417 1
393 418 1
393 419 1
394 420 1
395 421 1
395 422 1
395 423 1
396 424 1
397 425 1
397 426 1
397 427 1
397 428 1
398 429 1
398 430 1
399 431 1
399 432 1
400 433 1
400 434 1
400 435 1
401 436 1
401 437 1
402 438 1
402 439 1
402 440 1
403 441 1
403 442 1
404 443 1
404 444 1
405 445 1
405 446 1
406 447 1
406 448 1
407 449 1
407 450 1
407 451 1
408 452 1
409 453 1
409 454 1
409 455 1
409 456 1
410 457 1
410 458 1
410 459 1
411 460 1
411 461 1
411 462 1
412 463 1
412 464 1
412 465 1
413 466 1
413 467 1
414 468 1
415 468 1
416 469 1
417 469 1
418 469 1
419 469 1
420 469 1
421 470 1
422 470 1
423 470 1
424 471 1
425 472 1
426 472 1
427 472 1
428 473 1
429 473 1
430 474 1
431 474 1
432 474 1
433 475 1
434 476 1
435 476 1
436 476 1
437 476 1
438 477 1
439 477 1
440 478 1
441 478 1
442 478 1
443 479 1
444 479 1
445 480 1
446 481 1
447 481 1
448 482 1
449 482 1
450 483 1
451 483 1
452 484 1
453 484 1
454 484 1
455 485 1
456 485 1
457 485 1
458 485 1
459 486 1
460 486 1
461 486 1
462 487 1
463 487 1
464 488 1
465 489 1
466 490 1
467 490 1
468 491 1
469 492 1
469 493 1
470 494 1
471 495 1
471 496 1
472 497 1
472 498 1
473 499 1
474 500 1
475 501 1
476 502 1
477 503 1
478 504 1
478 505 1
479 506 1
480 507 1
481 508 1
482 509 1
483 510 1
484 511 1
484 512 1
485 513 1
486 514 1
487 515 1
488 516 1
489 517 1
490 518 1
491 519 1
492 520 1
493 520 1
494 521 1
495 522 1
496 523 1
497 524 1
498 525 1
499 525 1
500 526 1
501 527 1
502 528 1
503 529 1
504 530 1
505 531 1
506 532 1
507 533 1
508 534 1
509 534 1
510 535 1
511 536 1
512 537 1
513 538 1
514 538 1
515 539 1
516 540 1
517 540 1
518 540 1
519 541 1
520 542 1
521 543 1
522 544 1
523 545 1
524 545 1
525 546 1
526 547 1
527 548 1
528 549 1
529 550 1
530 551 1
531 552 1
532 553 1
533 554 1
534 555 1
535 556 1
536 557 1
537 558 1
538 559 1
539 560 1
540 561 1
541 562 1
542 563 1
543 564 1
544 565 1
545 566 1
546 567 1
547 568 1
548 569 1
549 570 1
550 571 1
551 572 1
552 573 1
553 574 1
554 575 1
555 576 1
556 577 1
557 578 1
558 579 1
558 580 1
559 581 1
560 582 1
561 583 1
562 584 1
563 585 1
564 586 1
565 587 1
566 588 1
567 589 1
568 590 1
569 591 1
570 592 1
571 593 1
572 593 1
573 594 1
574 595 1
575 596 1
576 597 1
577 598 1
578 599 1
579 600 1
580 600 1
581 601 1
582 601 1
583 602 1
584 603 1
585 604 1
586 605 1
587 606 1
588 607 1
589 608 1
590 609 1
591 610 1
591 611 1
592 612 1
593 613 1
594 614 1
594 615 1
594 616 1
595 617 1
596 618 1
596 619 1
597 620 1
598 621 1
599 622 1
600 623 1
601 624 1
602 625 1
603 626 1
604 626 1
605 626 1
606 626 1
607 627 1
608 627 1
609 628 1
610 629 1
611 630 1
612 631 1
613 632 1
614 632 1
615 633 1
616 633 1
617 634 1
618 635 1
619 635 1
620 635 1
621 636 1
622 637 1
623 637 1
624 637 1
625 637 1
626 638 1
626 639 1
626 640 1
626 641 1
627 642 1
627 643 1
628 644 1
628 645 1
628 646 1
629 647 1
630 648 1
631 649 1
632 650 1
632 651 1
633 652 1
633 653 1
634 654 1
635 655 1
636 656 1
636 657 1
637 658 1
637 659 1
638 660 1
639 661 1
640 662 1
641 663 1
642 664 1
643 665 1
644 665 1
645 666 1
646 666 1
647 667 1
648 667 1
649 668 1
650 669 1
651 670 1
652 670 1
653 671 1
654 672 1
655 673 1
656 674 1
657 675 1
658 676 1
659 676 1
660 677 1
661 678 1
662 679 1
663 680 1
664 681 1
665 682 1
665 683 1
666 684 1
667 685 1
668 686 1
669 687 1
670 688 1
671 689 1
672 690 1
673 691 1
674 692 1
675 693 1
676 694 1
677 695 1
678 696 1
679 697 1
680 698 1
681 699 1
682 700 1
683 701 1
684 702 1
685 703 1
686 704 1
687 705 1
688 706 1
689 707 1
690 708 1
691 709 1
692 710 1
693 711 1
694 712 1
695 713 1
696 714 1
697 715 1
698 716 1
699 717 1
700 718 1
701 719 1
702 720 1
703 721 1
704 722 1
705 723 1
706 724 1
707 725 1
708 726 1
709 727 1
710 728 1
711 729 1
712 730 1
713 731 1
714 732 1
715 733 1
716 734 1
717 734 1
718 735 1
719 736 1
720 737 1
721 738 1
722 739 1
723 740 1
724 741 1
725 741 1
726 742 1
727 743 1
728 744 1
729 745 1
730 746 1
731 747 1
732 748 1
732 749 1
733 750 1
733 751 1
734 752 1
735 753 1
735 754 1
736 755 1
737 756 1
737 757 1
738 758 1
739 759 1
740 760 1
740 761 1
741 762 1
742 763 1
743 764 1
744 765 1
745 766 1
746 767 1
746 768 1
747 769 1
748 770 1
749 770 1
750 771 1
751 772 1
752 773 1
753 774 1
754 775 1
755 775 1
756 776 1
757 777 1
758 777 1
759 777 1
760 778 1
761 778 1
762 779 1
763 780 1
764 781 1
765 782 1
766 783 1
767 784 1
768 785 1
769 786 1
770 787 1
771 788 1
771 789 1
772 790 1
773 791 1
774 792 1
775 793 1
776 794 1
777 795 1
778 796 1
779 797 1
780 798 1
781 799 1
782 800 1
782 801 1
782 802 1
783 803 1
784 804 1
785 805 1
786 806 1
787 807 1
788 808 1
789 808 1
790 808 1
791 809 1
792 810 1
793 811 1
794 812 1
795 812 1
796 813 1
797 814 1
798 814 1
799 815 1
800 816 1
801 817 1
802 817 1
803 818 1
804 819 1
805 820 1
806 821 1
807 822 1
807 823 1
808 824 1
809 825 1
809 826 1
809 827 1
810 828 1
810 829 1
810 830 1
810 831 1
811 832 1
811 833 1
811 834 1
812 835 1
813 836 1
814 837 1
814 838 1
815 839 1
815 840 1
815 841 1
815 842 1
816 843 1
816 844 1
817 845 1
817 846 1
818 847 1
819 848 1
819 849 1
819 850 1
820 851 1
820 852 1
821 853 1
822 854 1
823 855 1
824 855 1
825 856 1
826 856 1
827 857 1
828 858 1
829 859 1
830 860 1
831 861 1
832 862 1
833 863 1
834 863 1
835 864 1
836 865 1
837 865 1
838 866 1
839 866 1
840 867 1
841 868 1
842 869 1
843 869 1
844 870 1
845 871 1
846 872 1
847 873 1
848 874 1
849 875 1
850 876 1
851 876 1
852 877 1
853 878 1
854 878 1
855 879 1
856 880 1
857 881 1
858 882 1
859 883 1
860 884 1
861 885 1
862 885 1
863 886 1
864 887 1
865 888 1
866 889 1
867 890 1
868 891 1
869 892 1
870 893 1
871 894 1
872 895 1
873 896 1
874 897 1
875 898 1
876 898 1
877 899 1
878 900 1
879 900 1
880 900 1
881 900 1
882 900 1
883 900 1
884 900 1
885 900 1
886 900 1
887 900 1
888 900 1
889 900 1
890 900 1
891 900 1
892 900 1
893 900 1
894 900 1
895 900 1
896 900 1
897 900 1
898 900 1
899 900 1
