1 2 6
1 3 1
1 4 13
1 5 1
2 6 7
2 7 13
2 8 13
3 9 11
3 10 1
3 11 2
4 12 10
4 13 13
4 14 5
5 15 5
5 16 13
5 17 1
6 18 13
7 19 10
8 20 4
9 21 7
10 22 12
11 23 5
12 24 13
13 25 13
14 26 3
15 27 13
16 28 3
17 29 7
18 30 9
18 31 10
19 32 6
20 33 5
21 34 5
22 35 9
23 36 5
23 37 6
24 38 3
25 39 5
25 40 12
26 41 8
27 42 3
27 43 13
28 44 6
28 45 8
29 46 6
30 47 11
31 48 8
32 49 13
33 50 4
34 51 11
35 52 9
36 52 3
37 53 3
38 54 5
39 55 7
40 56 12
41 56 8
42 57 13
43 58 7
44 59 11
45 60 4
46 61 2
47 62 1
48 63 4
49 64 9
50 65 4
51 66 11
52 67 8
52 68 9
53 69 10
54 70 5
55 71 1
56 72 4
57 73 12
58 74 12
59 75 8
60 76 1
61 77 1
62 78 2
62 79 9
63 80 7
63 81 5
64 82 4
65 83 1
66 84 5
67 85 3
68 86 7
69 87 1
70 88 9
71 89 7
72 90 3
73 91 4
74 92 4
75 93 4
76 94 8
77 95 5
77 96 7
78 97 2
79 98 3
80 99 6
81 99 5
82 100 11
83 101 13
84 102 10
85 103 3
86 104 1
87 105 12
88 106 2
89 107 9
90 108 2
91 109 12
92 110 10
93 111 5
94 112 2
95 113 8
96 114 3
97 115 12
98 116 13
99 117 7
100 118 3
101 119 6
102 120 7
103 121 9
104 122 3
105 123 13
106 124 1
107 125 1
108 126 5
109 126 5
110 127 8
111 128 3
112 129 9
113 129 5
114 130 10
115 131 9
116 132 12
116 133 13
116 134 11
117 135 2
118 136 4
118 137 8
119 138 10
120 139 2
121 140 11
122 141 12
122 142 12
123 143 13
124 144 5
124 145 5
125 146 3
126 147 2
127 148 5
127 149 7
128 150 2
129 151 7
130 152 10
131 153 8
132 154 10
133 155 2
134 156 2
135 157 2
135 158 12
136 159 1
137 160 7
138 161 7
138 162 3
139 163 13
140 164 2
141 165 6
142 166 10
143 167 8
144 168 4
145 169 4
146 170 13
146 171 8
147 172 13
148 173 3
149 174 6
150 175 1
151 176 9
152 177 11
153 178 7
154 179 9
155 179 11
156 179 10
157 180 10
158 181 13
159 182 11
160 182 6
161 182 1
162 183 1
163 184 12
164 185 4
165 186 11
166 187 1
167 188 10
168 188 3
169 189 10
170 190 10
171 190 1
172 190 11
173 191 1
174 192 12
175 193 13
176 193 9
177 193 9
178 194 12
179 195 5
180 196 12
180 197 4
181 198 6
182 199 2
183 200 5
184 201 1
184 202 13
185 203 8
186 204 8
187 205 11
188 206 8
189 207 3
190 208 4
191 209 7
191 210 4
192 211 1
193 212 5
193 213 9
194 214 13
195 215 1
196 216 10
197 216 5
198 216 1
199 217 6
200 218 6
201 219 1
202 219 13
203 219 3
204 220 7
205 220 3
206 221 11
207 222 2
208 222 7
209 222 7
210 223 10
211 223 12
212 224 3
213 224 13
214 225 9
214 226 9
215 227 7
215 228 3
216 229 9
217 230 6
218 231 12
218 232 13
219 233 6
219 234 9
220 235 11
220 236 12
221 237 8
221 238 9
222 239 2
222 240 3
223 241 6
224 242 13
224 243 11
225 244 2
226 245 3
227 246 7
227 247 10
228 248 12
229 249 7
230 250 12
231 251 5
232 252 12
233 253 7
234 254 1
235 255 10
236 256 11
237 257 3
238 258 1
238 259 9
239 260 5
240 261 9
241 262 12
242 263 5
243 264 11
244 265 11
245 266 9
246 267 5
247 268 10
248 268 2
249 269 1
250 270 10
251 271 8
252 272 12
253 273 9
254 274 10
255 274 1
256 275 7
257 276 2
258 277 4
259 278 1
260 279 6
261 280 12
262 281 7
263 281 4
264 282 6
265 283 1
266 284 2
267 285 4
268 286 8
269 287 10
270 288 3
271 289 6
272 289 11
273 290 2
274 290 13
275 291 4
276 292 7
277 293 7
278 293 1
279 294 4
280 295 3
281 296 8
282 297 3
283 298 7
283 299 10
283 300 6
284 301 8
284 302 1
284 303 5
284 304 6
284 305 10
285 306 6
285 307 6
285 308 8
285 309 1
286 310 12
286 311 5
286 312 8
287 313 9
287 314 4
287 315 5
287 316 13
287 317 11
288 318 9
288 319 5
289 320 4
289 321 10
290 322 1
290 323 6
290 324 8
291 325 4
291 326 11
291 327 6
292 328 12
292 329 6
292 330 9
293 331 7
293 332 1
293 333 12
294 334 13
294 335 12
294 336 11
294 337 10
294 338 4
295 339 7
295 340 4
295 341 9
296 342 4
296 343 11
296 344 11
296 345 4
297 346 6
298 347 12
299 347 10
300 348 2
301 348 8
302 349 8
303 349 6
304 350 7
305 351 2
306 351 3
307 352 13
308 352 10
309 353 3
310 353 4
311 354 6
312 355 7
313 355 10
314 355 3
315 356 12
316 356 3
317 357 9
318 357 13
319 357 11
320 358 2
321 358 11
322 358 11
323 358 8
324 359 1
325 359 9
326 360 6
327 360 3
328 360 5
329 360 3
330 361 3
331 361 2
332 361 10
333 362 9
334 363 1
335 364 9
336 365 1
337 365 4
338 365 3
339 366 13
340 366 10
341 367 6
342 367 9
343 367 5
344 368 8
345 368 6
346 369 10
347 370 1
348 371 5
349 372 12
350 373 1
351 374 2
352 375 3
353 376 5
354 377 13
355 378 5
356 379 11
357 380 1
358 381 5
359 382 10
360 383 12
361 384 13
362 385 9
363 385 4
364 386 11
365 387 3
366 388 9
367 389 7
368 390 12
369 390 1
370 391 6
371 391 2
372 392 3
373 393 2
374 394 9
375 395 7
376 396 2
377 397 3
378 398 5
379 399 4
380 400 1
381 401 13
382 402 2
383 403 11
384 404 5
385 404 7
386 405 10
387 406 3
388 407 12
389 408 10
390 409 7
391 410 9
392 411 11
393 412 7
394 413 9
395 414 1
396 415 3
397 416 10
398 417 4
399 418 5
400 419 7
401 420 10
402 421 8
403 422 11
404 423 7
405 424 9
406 425 4
407 426 12
408 427 12
409 428 12
410 429 12
411 430 12
412 431 8
413 432 5
413 433 1
414 434 11
415 435 9
416 436 2
417 437 1
418 438 2
419 439 3
420 440 1
421 441 4
422 442 8
422 443 13
423 444 4
424 445 11
425 446 4
426 447 3
427 448 12
427 449 5
428 450 13
428 451 7
429 452 1
430 453 6
431 454 11
432 455 9
433 456 12
434 456 11
435 457 1
436 458 4
437 459 8
438 460 5
439 460 8
440 461 2
441 462 9
442 462 12
443 462 5
444 463 2
445 464 4
446 465 1
447 466 12
448 467 11
449 468 2
450 469 12
451 470 8
452 471 2
453 471 1
454 472 8
455 473 3
456 474 1
457 475 2
458 476 3
459 477 5
460 478 8
461 479 7
462 480 5
463 481 1
464 482 13
465 483 6
466 484 12
467 485 8
468 486 13
469 487 11
470 488 10
471 489 12
472 490 11
473 490 6
474 491 13
475 491 3
476 492 13
477 492 1
478 493 12
479 494 3
480 495 10
481 496 7
482 497 7
483 498 8
484 499 2
485 499 10
486 500 13
487 501 2
488 502 6
489 503 8
490 504 13
491 505 2
492 506 13
493 507 3
493 508 2
494 509 2
495 510 8
495 511 1
496 512 8
497 513 6
497 514 10
497 515 12
497 516 5
498 517 12
499 518 7
500 519 2
500 520 3
501 521 10
502 522 3
502 523 6
502 524 3
503 525 12
504 526 8
505 527 11
506 527 1
507 528 7
508 529 13
509 530 2
510 531 2
511 532 6
512 533 13
513 534 1
514 535 4
515 536 3
516 537 5
517 537 2
518 538 3
519 539 7
520 539 5
521 540 12
522 541 6
523 542 6
524 543 1
525 544 13
525 545 7
526 546 6
527 547 5
528 548 5
529 549 8
530 550 10
531 551 7
532 552 2
533 553 13
534 554 11
535 555 7
536 556 9
537 557 6
537 558 9
538 559 5
539 560 1
540 561 7
540 562 10
541 563 13
541 564 7
542 565 11
543 566 8
544 567 13
545 568 6
546 569 13
547 570 9
548 571 2
549 572 6
550 572 7
551 572 9
552 573 2
553 574 8
554 575 4
555 576 11
556 577 3
557 578 5
558 579 8
559 580 6
560 581 8
561 582 9
562 583 4
563 584 12
564 585 4
565 586 8
566 587 3
567 588 9
568 589 4
569 590 13
570 591 9
570 592 5
571 593 1
572 594 2
573 595 5
574 596 8
575 597 12
576 598 13
577 599 1
578 600 13
579 601 1
580 602 11
581 603 2
582 604 7
583 605 10
584 606 3
585 607 1
586 608 4
587 609 13
588 610 12
589 611 9
590 612 10
591 613 12
592 613 7
593 614 1
594 615 1
595 616 10
596 617 4
597 618 2
598 619 2
599 620 1
600 621 12
601 622 6
602 622 13
603 623 6
604 624 12
605 625 3
606 626 12
607 627 13
608 627 3
609 627 11
610 628 7
611 629 8
612 630 13
613 631 10
614 632 6
615 633 7
616 634 13
617 635 5
618 636 9
619 637 8
620 638 5
621 639 2
622 640 8
623 641 6
623 642 10
624 643 4
625 644 7
626 645 9
627 646 9
628 647 4
629 648 13
630 649 1
631 650 6
632 651 8
633 651 4
634 652 11
635 653 4
636 654 10
637 655 8
638 656 2
639 657 10
640 658 7
641 658 5
642 659 12
643 660 2
644 661 12
645 661 11
646 662 5
647 663 4
648 664 4
649 665 8
650 666 3
650 667 4
651 668 6
651 669 1
652 670 13
653 671 3
654 672 8
654 673 4
655 674 7
656 675 9
656 676 5
657 677 6
658 678 4
659 679 6
660 680 13
661 681 2
662 682 9
662 683 5
663 684 1
664 685 9
665 685 4
666 686 5
667 687 8
668 688 9
669 689 11
670 689 6
671 690 3
672 691 8
673 692 7
674 692 12
675 693 8
676 693 8
677 694 13
678 695 10
679 696 11
680 697 3
681 698 4
682 698 6
683 699 3
684 700 1
685 700 12
686 700 9
687 700 9
688 700 6
689 700 13
690 700 11
691 700 5
692 700 3
693 700 11
694 700 6
695 700 9
696 700 7
697 700 8
698 700 5
699 700 2
