1 2 12
1 3 8
1 4 4
1 5 5
2 6 11
3 7 6
4 8 3
5 9 8
6 10 3
7 11 3
8 12 7
8 13 6
9 14 10
9 15 2
10 16 8
11 17 9
12 18 5
13 18 5
14 19 11
15 20 12
16 21 2
17 22 2
18 23 3
19 24 1
20 25 8
21 26 12
22 27 3
23 27 10
24 28 2
25 29 5
26 30 9
27 30 13
28 31 3
29 32 11
30 33 13
30 34 7
30 35 1
31 36 13
31 37 7
32 38 2
33 39 5
33 40 12
33 41 7
34 42 4
34 43 8
35 44 1
36 45 2
37 46 8
38 47 3
39 48 10
40 48 2
41 49 13
42 50 2
43 51 11
44 52 3
45 53 13
46 54 7
47 55 1
48 56 11
49 57 9
50 58 9
51 58 2
52 59 10
53 59 8
54 60 13
55 60 2
56 61 9
57 62 4
58 63 7
58 64 13
59 65 8
59 66 13
60 67 6
61 68 1
62 69 7
63 70 7
64 71 8
64 72 3
65 73 1
66 74 12
67 75 6
68 76 11
69 77 12
70 78 11
71 79 11
72 80 4
73 80 1
74 81 4
75 81 12
76 82 11
77 83 12
78 84 10
79 85 9
80 86 11
81 86 13
82 87 1
82 88 11
83 89 3
84 90 13
85 91 13
86 92 10
87 93 7
88 94 8
89 95 9
90 96 6
91 97 11
91 98 5
92 99 11
93 100 2
94 100 10
95 100 13
96 100 13
97 100 10
98 100 6
99 100 11
