1 2 1
1 3 1
1 4 1
1 5 1
1 6 1
2 7 1
2 8 1
2 9 1
2 10 1
2 11 1
3 12 1
3 13 1
3 14 1
3 15 1
3 16 1
4 17 1
4 18 1
4 19 1
4 20 1
4 21 1
5 22 1
5 23 1
5 24 1
5 25 1
6 26 1
6 27 1
6 28 1
6 29 1
6 30 1
7 31 1
8 32 1
9 33 1
10 34 1
11 35 1
12 36 1
13 37 1
14 38 1
15 39 1
15 40 1
16 41 1
17 42 1
18 43 1
19 44 1
19 45 1
20 46 1
20 47 1
21 48 1
22 49 1
23 50 1
24 51 1
25 52 1
25 53 1
26 54 1
27 55 1
28 56 1
29 57 1
30 58 1
31 59 1
32 60 1
33 61 1
34 61 1
35 62 1
36 63 1
37 63 1
38 64 1
39 65 1
40 66 1
41 67 1
42 68 1
43 68 1
44 69 1
45 70 1
46 71 1
47 72 1
48 73 1
49 73 1
50 74 1
51 75 1
52 76 1
53 77 1
54 78 1
55 79 1
56 80 1
57 81 1
58 81 1
59 82 1
60 83 1
61 84 1
62 85 1
63 86 1
64 87 1
65 88 1
66 89 1
67 90 1
67 91 1
68 92 1
69 93 1
70 94 1
70 95 1
71 96 1
72 97 1
73 98 1
74 99 1
75 100 1
76 101 1
77 102 1
78 103 1
78 104 1
79 105 1
80 106 1
81 107 1
82 108 1
82 109 1
82 110 1
83 111 1
84 112 1
85 113 1
86 114 1
87 115 1
87 116 1
88 117 1
89 118 1
90 119 1
91 120 1
92 121 1
93 122 1
94 123 1
95 124 1
96 125 1
97 126 1
98 127 1
99 128 1
100 129 1
101 130 1
102 131 1
103 132 1
104 133 1
105 134 1
106 135 1
107 136 1
108 137 1
109 138 1
110 139 1
111 140 1
112 141 1
113 142 1
114 143 1
115 143 1
116 144 1
117 144 1
118 145 1
119 146 1
120 147 1
121 147 1
122 148 1
123 149 1
124 150 1
125 151 1
126 152 1
127 153 1
128 153 1
129 154 1
130 155 1
131 156 1
132 157 1
133 158 1
134 158 1
135 159 1
136 160 1
137 161 1
138 162 1
139 163 1
140 164 1
141 165 1
142 166 1
143 167 1
144 168 1
145 169 1
146 170 1
147 171 1
148 172 1
149 173 1
150 174 1
151 175 1
152 176 1
153 177 1
154 178 1
155 179 1
156 180 1
157 181 1
158 182 1
159 183 1
160 184 1
161 185 1
162 186 1
163 187 1
164 188 1
165 189 1
166 190 1
167 191 1
168 192 1
169 193 1
170 194 1
170 195 1
171 196 1
172 197 1
173 198 1
174 199 1
175 200 1
176 201 1
177 202 1
178 203 1
179 204 1
180 205 1
181 206 1
182 207 1
183 208 1
184 209 1
185 210 1
185 211 1
186 212 1
187 213 1
188 214 1
189 215 1
190 216 1
191 217 1
192 218 1
193 219 1
194 220 1
195 221 1
195 222 1
196 223 1
197 224 1
198 225 1
199 226 1
200 227 1
201 228 1
202 229 1
203 230 1
204 231 1
205 232 1
206 233 1
207 234 1
207 235 1
208 236 1
208 237 1
209 238 1
210 239 1
211 240 1
212 241 1
213 242 1
214 243 1
215 244 1
216 245 1
217 246 1
218 247 1
219 248 1
220 249 1
221 250 1
222 251 1
223 252 1
224 253 1
225 254 1
226 255 1
227 256 1
228 257 1
229 258 1
230 259 1
231 260 1
232 261 1
233 262 1
234 263 1
235 264 1
236 265 1
237 266 1
238 267 1
239 268 1
240 269 1
241 270 1
242 271 1
243 272 1
244 273 1
245 273 1
246 274 1
247 275 1
248 276 1
249 277 1
250 278 1
251 279 1
252 280 1
253 281 1
254 282 1
255 283 1
256 284 1
257 285 1
258 286 1
259 287 1
260 288 1
261 289 1
262 290 1
263 291 1
264 292 1
265 292 1
266 293 1
267 294 1
268 295 1
269 296 1
270 297 1
271 298 1
272 299 1
273 300 1
274 301 1
275 302 1
276 303 1
277 304 1
278 305 1
279 306 1
280 307 1
281 308 1
282 309 1
283 310 1
284 311 1
285 312 1
286 313 1
287 314 1
288 315 1
289 315 1
290 316 1
291 317 1
292 318 1
293 319 1
294 320 1
295 321 1
296 322 1
297 323 1
298 324 1
299 325 1
300 326 1
301 327 1
302 328 1
303 329 1
304 330 1
305 330 1
306 331 1
307 332 1
308 333 1
309 334 1
310 335 1
311 336 1
312 337 1
313 338 1
314 339 1
315 340 1
316 341 1
317 342 1
318 343 1
319 344 1
320 345 1
321 346 1
322 347 1
323 348 1
324 349 1
325 350 1
326 351 1
327 352 1
328 353 1
329 354 1
330 355 1
331 356 1
332 357 1
333 358 1
334 359 1
335 360 1
336 361 1
337 361 1
338 362 1
339 363 1
340 364 1
341 365 1
342 366 1
343 367 1
344 368 1
345 368 1
346 369 1
347 370 1
348 371 1
349 372 1
350 373 1
351 374 1
352 375 1
353 376 1
354 377 1
354 378 1
354 379 1
355 380 1
356 381 1
356 382 1
357 383 1
357 384 1
357 385 1
358 386 1
359 387 1
360 388 1
361 389 1
362 390 1
363 391 1
363 392 1
364 393 1
365 394 1
366 395 1
367 396 1
368 397 1
369 398 1
370 399 1
371 400 1
372 401 1
373 402 1
374 403 1
375 404 1
376 405 1
377 406 1
378 407 1
379 408 1
380 409 1
381 410 1
382 411 1
383 412 1
384 413 1
385 414 1
386 415 1
387 416 1
388 417 1
389 418 1
390 419 1
391 420 1
392 421 1
393 422 1
394 423 1
395 424 1
396 425 1
397 426 1
398 427 1
399 428 1
400 429 1
401 430 1
402 431 1
403 432 1
404 433 1
405 434 1
406 435 1
407 436 1
408 437 1
409 438 1
410 439 1
411 440 1
412 441 1
413 442 1
414 443 1
415 444 1
416 445 1
417 446 1
418 447 1
419 448 1
420 449 1
421 450 1
422 451 1
423 452 1
424 453 1
425 454 1
426 455 1
427 456 1
428 457 1
429 458 1
430 459 1
431 460 1
432 461 1
433 462 1
434 463 1
435 464 1
436 465 1
437 466 1
438 467 1
439 468 1
440 469 1
441 470 1
442 471 1
443 472 1
444 473 1
445 474 1
446 475 1
447 476 1
448 477 1
449 478 1
450 479 1
451 480 1
452 481 1
453 482 1
454 483 1
455 484 1
456 485 1
457 486 1
458 487 1
459 488 1
460 488 1
461 489 1
462 490 1
463 491 1
464 492 1
465 492 1
466 493 1
467 494 1
468 495 1
469 496 1
470 497 1
471 498 1
472 499 1
473 500 1
474 501 1
475 502 1
476 503 1
477 504 1
478 505 1
479 505 1
480 506 1
481 507 1
482 508 1
483 508 1
484 509 1
485 510 1
486 511 1
487 512 1
488 513 1
489 514 1
490 515 1
490 516 1
491 517 1
492 518 1
493 519 1
494 520 1
495 521 1
496 522 1
497 523 1
498 524 1
499 525 1
500 526 1
501 527 1
502 528 1
503 529 1
504 530 1
505 531 1
506 532 1
507 533 1
508 534 1
509 535 1
510 536 1
511 537 1
512 538 1
513 538 1
514 539 1
515 540 1
516 541 1
517 542 1
518 543 1
519 543 1
520 544 1
521 545 1
522 546 1
523 547 1
524 548 1
525 549 1
526 550 1
527 551 1
528 552 1
529 553 1
530 554 1
531 555 1
532 556 1
533 557 1
534 558 1
535 559 1
536 560 1
537 561 1
538 562 1
539 563 1
540 564 1
541 565 1
542 566 1
543 567 1
544 568 1
545 569 1
546 570 1
547 571 1
548 572 1
549 573 1
550 574 1
551 575 1
552 576 1
553 577 1
554 578 1
555 579 1
556 580 1
557 581 1
558 582 1
559 583 1
560 584 1
561 585 1
562 586 1
563 587 1
564 588 1
565 589 1
566 590 1
567 591 1
567 592 1
568 593 1
569 594 1
570 595 1
571 596 1
572 597 1
573 598 1
574 599 1
575 600 1
576 601 1
577 602 1
578 603 1
579 604 1
580 605 1
581 606 1
582 607 1
583 608 1
584 609 1
585 610 1
585 611 1
586 612 1
587 613 1
588 614 1
589 615 1
590 616 1
591 617 1
592 618 1
593 619 1
594 620 1
595 621 1
596 622 1
597 623 1
598 624 1
599 625 1
600 626 1
601 627 1
602 628 1
603 629 1
604 630 1
605 631 1
606 632 1
607 633 1
608 634 1
609 635 1
610 636 1
611 637 1
612 638 1
613 639 1
614 640 1
615 641 1
616 642 1
617 643 1
618 644 1
619 645 1
620 646 1
621 647 1
622 648 1
623 649 1
624 650 1
625 651 1
626 652 1
627 653 1
628 654 1
629 655 1
630 656 1
631 657 1
632 658 1
633 659 1
634 660 1
635 661 1
636 662 1
637 663 1
638 664 1
639 665 1
639 666 1
640 667 1
641 668 1
642 669 1
643 670 1
644 671 1
645 672 1
646 673 1
647 674 1
648 675 1
649 676 1
650 677 1
651 678 1
652 679 1
653 680 1
654 681 1
655 682 1
656 683 1
657 684 1
658 685 1
659 686 1
660 687 1
661 688 1
662 689 1
663 690 1
663 691 1
664 692 1
665 693 1
666 694 1
667 695 1
668 696 1
669 697 1
670 698 1
671 699 1
672 700 1
673 701 1
674 702 1
675 703 1
676 704 1
677 705 1
678 706 1
679 707 1
680 708 1
680 709 1
681 710 1
682 711 1
683 712 1
684 713 1
685 714 1
686 715 1
687 716 1
688 717 1
689 718 1
690 718 1
691 719 1
692 719 1
693 720 1
694 721 1
695 722 1
696 723 1
697 724 1
698 725 1
699 726 1
700 727 1
701 728 1
702 728 1
703 728 1
704 729 1
705 729 1
706 730 1
707 731 1
708 731 1
709 732 1
710 733 1
711 734 1
712 735 1
713 736 1
714 737 1
715 738 1
716 739 1
717 740 1
717 741 1
718 742 1
719 743 1
720 744 1
721 745 1
722 746 1
723 747 1
724 748 1
724 749 1
725 750 1
726 751 1
727 752 1
727 753 1
728 754 1
729 755 1
730 756 1
731 757 1
732 758 1
733 759 1
733 760 1
734 761 1
735 762 1
736 763 1
737 764 1
738 765 1
738 766 1
739 767 1
739 768 1
740 769 1
741 770 1
742 771 1
743 772 1
744 773 1
745 773 1
746 774 1
747 775 1
748 776 1
749 777 1
750 778 1
751 779 1
752 779 1
753 780 1
754 781 1
755 781 1
756 782 1
757 783 1
758 784 1
759 785 1
760 786 1
761 787 1
762 787 1
763 788 1
764 789 1
765 789 1
766 790 1
767 790 1
768 791 1
769 792 1
769 793 1
770 794 1
771 795 1
771 796 1
772 797 1
773 798 1
774 799 1
775 800 1
775 801 1
776 802 1
777 803 1
777 804 1
778 805 1
779 806 1
779 807 1
780 808 1
781 809 1
782 810 1
783 811 1
784 812 1
785 813 1
785 814 1
786 815 1
787 816 1
788 817 1
789 818 1
790 819 1
791 820 1
792 821 1
793 822 1
794 823 1
795 824 1
796 824 1
797 825 1
798 825 1
799 826 1
800 827 1
801 828 1
802 829 1
803 830 1
804 831 1
805 832 1
806 833 1
807 834 1
808 835 1
809 836 1
810 836 1
811 836 1
812 837 1
813 838 1
814 839 1
815 840 1
816 841 1
817 842 1
818 843 1
819 843 1
820 843 1
821 844 1
821 845 1
821 846 1
822 847 1
822 848 1
823 849 1
824 850 1
825 851 1
825 852 1
825 853 1
826 854 1
827 855 1
828 856 1
829 857 1
830 858 1
831 859 1
832 860 1
833 861 1
834 862 1
835 863 1
836 864 1
837 865 1
837 866 1
838 867 1
839 868 1
840 869 1
841 870 1
842 871 1
843 872 1
844 873 1
845 874 1
846 875 1
847 876 1
848 877 1
849 878 1
850 879 1
851 880 1
852 881 1
853 882 1
854 883 1
855 884 1
856 885 1
857 886 1
858 887 1
859 888 1
860 888 1
861 889 1
862 890 1
863 891 1
864 892 1
865 893 1
866 894 1
867 895 1
868 896 1
869 896 1
870 897 1
871 898 1
872 899 1
873 900 1
874 900 1
875 900 1
876 900 1
877 900 1
878 900 1
879 900 1
880 900 1
881 900 1
882 900 1
883 900 1
884 900 1
885 900 1
886 900 1
887 900 1
888 900 1
889 900 1
890 900 1
891 900 1
892 900 1
893 900 1
894 900 1
895 900 1
896 900 1
897 900 1
898 900 1
899 900 1
