1 2 1
1 3 1
1 4 1
1 5 1
2 6 1
2 7 1
2 8 1
2 9 1
3 10 1
3 11 1
3 12 1
3 13 1
3 14 1
4 15 1
4 16 1
4 17 1
5 18 1
5 19 1
6 20 1
7 21 1
7 22 1
8 23 1
9 24 1
10 25 1
10 26 1
10 27 1
11 28 1
12 29 1
12 30 1
12 31 1
13 32 1
13 33 1
14 34 1
15 35 1
16 36 1
16 37 1
17 38 1
17 39 1
18 40 1
18 41 1
19 42 1
20 43 1
21 44 1
22 45 1
23 46 1
24 47 1
25 48 1
26 49 1
27 50 1
28 50 1
29 50 1
30 50 1
31 51 1
32 52 1
33 53 1
34 54 1
35 54 1
36 55 1
37 56 1
38 56 1
39 57 1
40 58 1
41 59 1
42 59 1
43 60 1
44 61 1
45 62 1
45 63 1
46 64 1
47 65 1
48 66 1
48 67 1
49 68 1
50 69 1
50 70 1
51 71 1
52 72 1
53 73 1
53 74 1
54 75 1
55 76 1
55 77 1
56 78 1
57 79 1
58 80 1
59 81 1
59 82 1
60 83 1
61 84 1
62 85 1
63 85 1
64 85 1
65 85 1
66 86 1
67 86 1
68 87 1
69 88 1
70 89 1
71 90 1
72 91 1
73 92 1
74 93 1
75 94 1
76 95 1
77 95 1
78 96 1
79 96 1
80 97 1
81 97 1
82 98 1
83 99 1
83 100 1
83 101 1
84 102 1
84 103 1
85 104 1
86 105 1
87 106 1
88 107 1
89 108 1
90 109 1
90 110 1
91 111 1
91 112 1
92 113 1
92 114 1
93 115 1
94 116 1
95 117 1
96 118 1
97 119 1
97 120 1
98 121 1
98 122 1
98 123 1
99 124 1
100 125 1
101 126 1
102 127 1
103 128 1
104 129 1
105 130 1
106 131 1
107 131 1
108 132 1
109 133 1
110 134 1
111 134 1
112 135 1
113 136 1
114 137 1
115 138 1
116 139 1
117 140 1
118 141 1
119 142 1
120 143 1
121 144 1
122 145 1
123 146 1
124 147 1
125 148 1
126 149 1
127 150 1
128 150 1
129 151 1
130 152 1
131 153 1
132 154 1
133 155 1
134 156 1
135 157 1
136 158 1
137 159 1
138 160 1
139 161 1
140 162 1
141 163 1
142 163 1
143 164 1
144 165 1
145 166 1
146 167 1
147 168 1
148 169 1
149 170 1
150 171 1
151 171 1
152 172 1
153 173 1
154 174 1
155 175 1
156 176 1
157 177 1
158 178 1
159 179 1
160 179 1
161 180 1
162 181 1
163 182 1
164 183 1
165 184 1
166 185 1
167 186 1
168 187 1
169 188 1
170 188 1
171 189 1
172 190 1
173 191 1
174 192 1
175 193 1
176 194 1
177 195 1
178 195 1
179 196 1
180 197 1
181 198 1
182 199 1
183 200 1
184 200 1
185 201 1
186 201 1
187 202 1
188 203 1
189 204 1
190 205 1
191 205 1
192 206 1
193 207 1
194 208 1
195 209 1
196 210 1
197 210 1
198 211 1
199 212 1
200 213 1
201 214 1
202 215 1
202 216 1
203 217 1
203 218 1
204 219 1
204 220 1
205 221 1
205 222 1
206 223 1
206 224 1
207 225 1
208 226 1
208 227 1
208 228 1
209 229 1
210 230 1
211 231 1
212 232 1
212 233 1
212 234 1
213 235 1
214 236 1
214 237 1
215 238 1
216 239 1
217 239 1
218 240 1
219 241 1
220 242 1
221 242 1
222 243 1
223 244 1
224 245 1
225 246 1
226 247 1
227 247 1
228 248 1
229 249 1
230 249 1
231 250 1
232 251 1
233 251 1
234 252 1
235 253 1
236 253 1
237 254 1
238 255 1
239 256 1
239 257 1
240 258 1
241 259 1
242 260 1
243 261 1
244 262 1
245 263 1
246 264 1
247 265 1
248 266 1
249 267 1
250 268 1
251 269 1
252 270 1
253 271 1
254 272 1
255 273 1
256 274 1
257 275 1
258 276 1
259 277 1
260 278 1
261 279 1
262 280 1
263 281 1
264 282 1
264 283 1
265 284 1
266 285 1
266 286 1
267 287 1
267 288 1
268 289 1
269 290 1
269 291 1
270 292 1
271 293 1
271 294 1
272 295 1
273 296 1
274 297 1
275 297 1
276 298 1
277 299 1
278 300 1
279 300 1
280 301 1
281 301 1
282 302 1
283 303 1
284 304 1
285 305 1
286 306 1
287 307 1
288 308 1
289 308 1
290 309 1
291 310 1
292 310 1
293 310 1
294 311 1
295 312 1
296 313 1
296 314 1
297 315 1
298 316 1
298 317 1
298 318 1
298 319 1
298 320 1
299 321 1
299 322 1
300 323 1
300 324 1
300 325 1
301 326 1
302 327 1
303 328 1
304 329 1
305 330 1
306 331 1
306 332 1
307 333 1
308 334 1
309 335 1
309 336 1
310 337 1
310 338 1
310 339 1
311 340 1
311 341 1
312 342 1
312 343 1
313 344 1
314 345 1
315 345 1
316 346 1
317 347 1
318 348 1
319 349 1
320 349 1
321 350 1
322 351 1
323 351 1
324 351 1
325 352 1
326 353 1
327 354 1
328 355 1
329 356 1
330 357 1
331 358 1
332 359 1
333 359 1
334 360 1
335 361 1
336 362 1
337 362 1
338 363 1
339 363 1
340 363 1
341 364 1
342 365 1
343 366 1
344 367 1
345 367 1
346 368 1
347 369 1
348 370 1
349 371 1
350 372 1
351 372 1
352 373 1
353 373 1
354 374 1
355 374 1
356 375 1
357 376 1
358 377 1
359 377 1
360 378 1
361 379 1
362 379 1
363 379 1
364 380 1
365 380 1
366 381 1
367 382 1
368 383 1
368 384 1
368 385 1
368 386 1
369 387 1
369 388 1
370 389 1
371 390 1
372 391 1
373 392 1
373 393 1
374 394 1
375 395 1
376 396 1
377 397 1
377 398 1
378 399 1
378 400 1
379 401 1
380 402 1
380 403 1
381 404 1
382 405 1
383 406 1
384 407 1
385 408 1
386 409 1
387 410 1
388 410 1
389 411 1
390 412 1
391 413 1
392 414 1
393 414 1
394 415 1
395 416 1
396 417 1
397 418 1
398 418 1
399 419 1
400 420 1
401 420 1
402 421 1
403 422 1
404 422 1
405 423 1
406 424 1
407 425 1
408 426 1
409 427 1
410 428 1
411 429 1
412 430 1
413 431 1
414 432 1
415 433 1
416 434 1
417 435 1
418 436 1
419 437 1
420 438 1
421 439 1
422 440 1
423 441 1
423 442 1
423 443 1
424 444 1
425 445 1
425 446 1
425 447 1
425 448 1
425 449 1
426 450 1
426 451 1
427 452 1
427 453 1
427 454 1
428 455 1
428 456 1
428 457 1
428 458 1
428 459 1
429 460 1
429 461 1
429 462 1
429 463 1
430 464 1
430 465 1
431 466 1
431 467 1
431 468 1
432 469 1
432 470 1
433 471 1
433 472 1
433 473 1
434 474 1
435 475 1
435 476 1
436 477 1
437 478 1
438 479 1
439 480 1
439 481 1
440 482 1
441 483 1
442 483 1
443 483 1
444 483 1
445 484 1
446 484 1
447 484 1
448 485 1
449 485 1
450 485 1
451 485 1
452 486 1
453 486 1
454 486 1
455 486 1
456 487 1
457 487 1
458 488 1
459 488 1
460 488 1
461 488 1
462 489 1
463 489 1
464 489 1
465 489 1
466 490 1
467 490 1
468 491 1
469 491 1
470 491 1
471 491 1
472 492 1
473 492 1
474 492 1
475 492 1
476 492 1
477 493 1
478 493 1
479 493 1
480 494 1
481 494 1
482 494 1
483 495 1
483 496 1
484 497 1
485 498 1
486 499 1
486 500 1
487 501 1
487 502 1
487 503 1
488 504 1
489 505 1
490 506 1
491 507 1
492 508 1
492 509 1
492 510 1
493 511 1
493 512 1
494 513 1
494 514 1
495 515 1
496 516 1
497 517 1
498 518 1
499 519 1
500 520 1
501 521 1
502 522 1
503 523 1
504 523 1
505 523 1
506 524 1
507 525 1
508 526 1
509 527 1
510 528 1
511 529 1
512 530 1
513 531 1
514 532 1
515 533 1
516 534 1
517 535 1
518 536 1
519 537 1
520 538 1
521 538 1
522 539 1
523 540 1
524 541 1
525 542 1
526 543 1
527 544 1
528 545 1
529 546 1
530 547 1
531 547 1
532 548 1
533 549 1
534 550 1
535 551 1
536 552 1
537 553 1
538 554 1
539 555 1
540 556 1
541 557 1
542 558 1
543 559 1
543 560 1
544 561 1
545 562 1
545 563 1
546 564 1
547 565 1
547 566 1
548 567 1
548 568 1
549 569 1
550 570 1
551 571 1
552 572 1
553 573 1
554 574 1
555 575 1
556 576 1
557 577 1
558 578 1
559 578 1
560 579 1
561 580 1
562 581 1
563 582 1
564 583 1
565 584 1
566 585 1
567 586 1
568 587 1
569 588 1
570 589 1
571 590 1
572 591 1
573 592 1
574 593 1
575 594 1
576 595 1
577 596 1
578 597 1
579 598 1
580 599 1
581 600 1
582 601 1
583 602 1
584 603 1
585 604 1
586 605 1
587 606 1
588 607 1
589 608 1
590 609 1
591 610 1
592 611 1
593 612 1
594 613 1
595 614 1
596 615 1
597 616 1
598 617 1
599 618 1
600 619 1
601 620 1
602 620 1
603 620 1
604 621 1
605 622 1
606 623 1
607 624 1
608 625 1
609 626 1
610 627 1
611 628 1
612 629 1
613 630 1
614 631 1
615 632 1
616 633 1
616 634 1
617 635 1
618 636 1
619 637 1
620 638 1
621 639 1
622 640 1
623 641 1
624 642 1
624 643 1
625 644 1
626 645 1
627 646 1
628 647 1
629 648 1
629 649 1
630 650 1
631 651 1
632 652 1
633 653 1
634 654 1
635 655 1
636 656 1
637 657 1
638 658 1
639 659 1
640 660 1
641 661 1
641 662 1
641 663 1
642 664 1
643 665 1
644 665 1
645 666 1
646 666 1
647 667 1
648 668 1
649 669 1
650 670 1
651 671 1
652 672 1
653 673 1
654 673 1
655 674 1
656 675 1
657 676 1
658 677 1
659 677 1
660 678 1
661 679 1
662 680 1
663 681 1
664 682 1
665 683 1
666 684 1
667 685 1
668 685 1
669 686 1
670 687 1
671 688 1
672 689 1
673 690 1
674 691 1
675 692 1
676 693 1
677 694 1
678 695 1
679 696 1
680 697 1
681 698 1
682 699 1
682 700 1
683 701 1
684 702 1
685 703 1
686 704 1
686 705 1
687 706 1
688 707 1
689 708 1
689 709 1
690 710 1
691 711 1
692 712 1
693 713 1
694 714 1
695 715 1
695 716 1
696 717 1
697 718 1
698 719 1
698 720 1
699 721 1
700 721 1
701 722 1
702 723 1
703 724 1
704 724 1
705 724 1
706 725 1
707 725 1
708 726 1
709 727 1
710 728 1
711 729 1
712 729 1
713 730 1
714 731 1
715 732 1
716 733 1
717 734 1
718 735 1
719 735 1
720 736 1
721 737 1
722 738 1
722 739 1
722 740 1
723 741 1
724 742 1
725 743 1
725 744 1
725 745 1
726 746 1
726 747 1
727 748 1
727 749 1
728 750 1
728 751 1
729 752 1
730 753 1
730 754 1
731 755 1
731 756 1
732 757 1
733 758 1
733 759 1
734 760 1
735 761 1
736 762 1
736 763 1
737 764 1
738 765 1
739 765 1
740 766 1
741 767 1
742 767 1
743 768 1
744 769 1
745 770 1
746 770 1
747 771 1
748 772 1
749 772 1
750 773 1
751 774 1
752 775 1
753 776 1
754 777 1
755 778 1
756 779 1
757 779 1
758 780 1
759 781 1
760 781 1
761 781 1
762 782 1
763 782 1
764 783 1
764 784 1
764 785 1
764 786 1
764 787 1
765 788 1
765 789 1
766 790 1
767 791 1
768 792 1
769 793 1
770 794 1
771 795 1
772 796 1
773 797 1
774 798 1
774 799 1
775 800 1
776 801 1
777 802 1
778 803 1
778 804 1
779 805 1
780 806 1
781 807 1
782 808 1
783 809 1
784 809 1
785 810 1
786 811 1
787 812 1
788 813 1
789 814 1
790 815 1
791 816 1
792 817 1
793 817 1
794 818 1
795 818 1
796 818 1
797 819 1
798 820 1
799 820 1
800 821 1
801 822 1
802 823 1
803 823 1
804 824 1
805 825 1
806 825 1
807 826 1
808 826 1
809 827 1
810 828 1
811 829 1
812 830 1
813 831 1
814 832 1
815 833 1
816 834 1
817 835 1
818 836 1
819 837 1
820 838 1
821 839 1
822 840 1
823 841 1
824 842 1
825 843 1
826 844 1
827 845 1
828 846 1
829 847 1
830 848 1
831 849 1
832 850 1
833 851 1
834 852 1
835 853 1
836 854 1
837 855 1
838 856 1
839 857 1
840 858 1
841 859 1
842 860 1
843 861 1
844 862 1
845 863 1
846 864 1
847 865 1
848 865 1
849 865 1
850 866 1
851 867 1
852 868 1
853 869 1
854 869 1
855 870 1
856 871 1
857 872 1
858 873 1
859 874 1
860 875 1
861 876 1
862 877 1
863 878 1
863 879 1
863 880 1
864 881 1
864 882 1
865 883 1
865 884 1
866 885 1
867 886 1
868 887 1
869 888 1
870 889 1
871 890 1
872 891 1
873 892 1
873 893 1
874 894 1
875 895 1
876 896 1
876 897 1
876 898 1
877 899 1
878 900 1
879 900 1
880 900 1
881 900 1
882 900 1
883 900 1
884 900 1
885 900 1
886 900 1
887 900 1
888 900 1
889 900 1
890 900 1
891 900 1
892 900 1
893 900 1
894 900 1
895 900 1
896 900 1
897 900 1
898 900 1
899 900 1
