1 2 5
1 3 5
1 4 7
1 5 2
2 6 5
2 7 7
2 8 5
3 9 3
3 10 5
3 11 3
3 12 7
3 13 4
4 14 3
4 15 7
4 16 1
4 17 6
4 18 2
5 19 2
5 20 5
5 21 3
5 22 1
6 23 2
7 24 1
8 25 3
9 26 7
10 27 5
11 28 3
12 29 5
13 30 4
14 31 2
15 32 2
15 33 6
16 34 5
17 35 2
18 36 7
19 37 7
20 38 1
20 39 1
21 40 7
22 41 4
23 42 3
24 43 4
25 44 5
26 45 4
27 46 2
28 47 6
29 48 7
30 49 7
31 50 7
32 51 7
33 52 6
34 53 6
35 54 2
36 55 1
37 56 4
38 57 3
39 58 6
40 59 4
41 60 2
42 61 4
43 62 1
44 62 6
45 63 7
46 64 3
47 65 3
48 66 5
49 67 2
50 68 4
51 69 7
52 70 5
53 71 4
54 71 7
55 72 1
56 73 1
57 73 4
58 74 5
59 75 4
60 76 2
61 77 6
62 77 7
63 78 6
64 78 6
65 79 5
66 80 1
67 81 7
68 82 2
69 83 3
70 84 5
71 85 6
72 86 7
73 86 3
74 87 4
75 87 6
76 88 2
77 89 7
77 90 5
78 91 5
79 92 5
80 93 7
81 94 5
82 95 6
83 96 5
84 97 1
84 98 7
84 99 6
85 100 1
86 101 3
87 102 5
88 103 2
88 104 5
89 105 1
90 105 3
91 106 1
92 107 6
93 108 6
94 109 1
95 110 1
96 111 2
97 112 3
98 112 4
99 113 6
100 114 7
101 115 7
102 116 2
103 117 5
104 117 6
105 118 5
106 119 5
107 120 5
108 121 6
109 122 7
110 123 6
110 124 2
111 125 2
112 126 4
112 127 5
113 128 6
114 129 6
115 130 4
116 131 7
117 132 2
118 133 1
119 134 3
120 135 3
121 135 7
122 136 4
123 136 5
124 137 2
125 138 7
126 139 1
127 140 2
128 141 4
129 142 5
130 143 6
131 144 3
132 144 6
133 145 6
134 146 4
134 147 2
135 148 6
136 149 1
137 150 2
138 151 5
139 152 1
140 153 7
141 154 6
142 155 7
143 156 6
144 157 1
145 158 1
145 159 3
146 160 4
147 161 2
148 162 1
149 163 2
150 164 5
150 165 2
151 166 3
151 167 4
152 168 2
153 169 2
154 170 3
155 171 7
155 172 7
156 173 6
156 174 3
157 175 5
157 176 5
157 177 6
158 178 2
159 179 4
160 180 4
161 180 5
162 181 5
163 182 3
164 183 4
165 183 1
166 184 6
167 185 2
168 185 4
169 185 1
170 185 7
171 186 4
172 187 4
173 188 6
174 189 3
175 189 3
176 190 6
177 190 1
178 191 2
179 192 1
179 193 2
179 194 5
179 195 2
179 196 4
180 197 2
181 198 4
181 199 1
182 200 1
182 201 4
183 202 5
184 203 1
185 204 3
186 205 4
186 206 3
187 207 4
187 208 4
188 209 6
188 210 5
189 211 4
189 212 5
190 213 1
190 214 1
191 215 1
192 216 2
193 216 2
194 217 5
195 217 4
196 218 4
197 219 7
198 219 3
199 219 5
200 220 7
201 220 3
202 221 2
203 222 1
204 223 6
205 223 5
206 224 2
207 224 4
208 225 5
209 225 7
210 226 4
211 226 4
212 226 4
213 227 3
214 228 3
215 229 6
216 230 7
217 230 1
218 231 1
219 232 5
220 232 6
221 232 4
222 233 3
223 234 4
224 234 2
225 234 5
226 235 1
227 236 3
228 237 7
229 238 7
229 239 3
230 240 5
230 241 7
231 242 4
231 243 5
232 244 5
232 245 4
233 246 3
234 247 3
234 248 2
234 249 4
235 250 6
236 251 1
236 252 6
237 253 1
237 254 5
238 255 1
239 256 1
240 257 7
241 258 1
242 259 2
243 260 7
244 261 4
245 262 6
245 263 2
246 264 5
247 265 3
248 266 2
248 267 6
249 268 6
250 269 7
251 270 6
252 271 7
252 272 3
253 273 7
254 274 7
255 275 6
256 276 1
257 277 5
258 278 6
259 279 2
260 280 3
261 281 7
262 282 5
263 283 7
264 284 2
265 285 5
266 286 4
267 287 6
268 288 2
269 289 3
270 290 6
271 291 2
272 292 6
273 293 3
274 294 5
275 295 4
276 296 3
277 297 3
278 298 4
279 299 6
280 300 3
281 301 2
281 302 4
282 303 2
283 304 6
284 305 5
285 306 5
286 307 4
287 308 1
288 309 3
289 310 3
290 311 2
291 312 6
292 313 7
293 314 7
294 315 2
295 316 7
296 316 4
297 317 3
298 317 6
299 318 2
300 319 2
301 320 7
302 321 2
303 322 2
304 323 2
305 324 3
306 324 1
307 324 7
308 325 3
309 326 4
310 327 3
311 328 5
312 328 4
313 329 6
314 329 2
315 330 4
316 331 7
316 332 4
317 333 2
318 334 4
319 335 7
320 336 3
321 337 7
322 338 2
323 339 1
324 340 4
324 341 6
325 342 2
326 343 7
326 344 2
327 345 7
328 346 4
329 347 1
330 348 4
331 349 1
332 350 7
333 351 6
334 352 3
335 353 7
336 354 7
337 355 2
338 356 1
339 357 7
340 358 7
341 359 1
342 360 7
343 361 7
344 362 3
345 363 6
346 364 7
347 365 1
348 366 1
349 367 7
350 368 6
351 369 3
352 370 1
353 370 4
354 370 6
355 371 3
356 372 2
357 373 4
358 374 3
359 375 4
360 376 5
361 377 6
362 377 3
363 378 2
364 379 1
365 379 3
366 380 7
367 381 2
367 382 6
367 383 3
368 384 6
369 385 6
370 386 5
371 387 5
372 388 4
373 389 4
374 390 3
374 391 1
374 392 1
375 393 2
375 394 2
376 395 2
376 396 4
377 397 3
377 398 6
378 399 1
378 400 1
379 401 6
379 402 6
380 403 5
381 404 4
382 405 4
383 406 4
384 406 3
385 407 6
386 407 2
387 408 7
388 408 7
389 409 1
390 410 2
391 410 7
392 411 5
393 411 6
394 412 7
395 413 5
396 414 7
397 415 6
398 416 5
399 416 1
400 417 6
401 418 6
402 418 5
403 418 5
404 419 6
404 420 2
405 421 1
406 422 6
407 423 1
408 424 4
408 425 3
409 426 4
410 427 7
410 428 1
411 429 6
412 430 6
413 431 1
414 432 2
415 433 4
416 434 2
416 435 7
417 436 1
418 437 6
418 438 6
419 439 4
419 440 7
420 441 2
421 442 7
421 443 3
421 444 4
422 445 2
422 446 4
423 447 2
423 448 4
424 449 3
425 450 6
425 451 7
426 452 5
427 453 2
427 454 3
427 455 6
428 456 5
429 457 4
430 458 1
431 459 7
432 460 3
433 461 4
433 462 1
434 463 1
434 464 4
435 465 4
435 466 6
435 467 2
435 468 6
436 469 5
436 470 1
437 471 2
437 472 1
438 473 6
438 474 5
438 475 4
439 476 5
440 476 6
441 477 6
442 477 5
443 477 1
444 478 4
445 478 6
446 478 6
447 478 5
448 479 6
449 480 7
450 480 4
451 480 1
452 481 6
453 482 3
454 483 5
455 483 2
456 484 4
457 485 4
458 485 4
459 485 6
460 486 2
461 486 1
462 487 2
463 487 3
464 488 4
465 489 5
466 490 5
467 490 7
468 491 6
469 491 2
470 492 4
471 493 1
472 493 7
473 494 6
474 494 7
475 494 3
476 495 1
477 496 7
478 497 4
479 498 5
480 499 7
481 500 4
482 501 6
483 501 1
484 502 1
485 503 3
486 504 2
487 505 6
488 506 3
489 507 6
490 508 2
491 509 3
492 510 2
493 510 1
494 510 2
495 511 6
495 512 3
495 513 7
496 514 3
497 515 4
498 516 4
499 517 5
499 518 5
499 519 1
500 520 7
501 521 7
502 522 7
502 523 3
503 524 3
504 525 7
505 526 5
505 527 6
505 528 5
506 529 7
507 530 5
507 531 2
508 532 7
509 533 7
510 534 6
511 535 1
512 536 4
513 537 2
514 537 4
515 538 2
516 538 2
517 539 6
518 539 6
519 540 2
520 541 5
521 541 3
522 542 1
523 542 1
524 543 5
525 543 2
526 544 4
527 545 7
528 546 5
529 547 2
530 548 3
531 549 3
532 549 1
533 549 4
534 549 6
535 550 2
536 551 5
537 552 5
538 553 1
539 554 5
540 555 6
541 556 2
542 556 3
543 557 6
544 558 2
545 559 5
546 560 3
547 561 5
548 562 2
549 563 6
550 564 4
551 565 5
552 566 3
552 567 7
553 568 1
553 569 2
554 570 4
555 571 2
555 572 1
556 573 4
556 574 5
557 575 3
557 576 4
558 577 6
558 578 5
559 579 6
560 580 4
560 581 6
561 582 2
561 583 4
562 584 5
562 585 2
563 586 4
564 587 6
565 588 3
566 589 3
567 589 6
568 589 1
569 589 2
570 590 4
571 591 4
572 592 4
573 592 4
574 592 3
575 593 6
576 593 1
577 593 3
578 594 5
579 594 5
580 595 7
581 595 5
582 596 3
583 597 3
584 598 7
585 598 6
586 599 1
587 600 6
587 601 3
587 602 1
588 603 3
588 604 6
588 605 2
588 606 1
589 607 5
590 608 3
590 609 2
591 610 2
592 611 2
593 612 7
594 613 3
595 614 6
595 615 7
596 616 6
597 617 3
598 618 1
599 619 5
599 620 2
599 621 4
600 622 3
601 623 7
602 624 4
603 625 1
604 626 7
605 626 4
606 627 2
607 627 6
608 628 2
609 629 3
610 630 5
611 630 2
612 630 2
613 631 3
614 631 5
615 631 2
616 632 6
617 633 4
618 634 3
619 635 7
620 636 6
621 636 5
622 637 1
623 638 1
624 638 3
625 638 3
626 639 5
627 639 6
628 640 1
629 640 7
630 641 2
631 642 6
632 643 2
633 644 3
634 645 4
635 645 2
636 645 2
637 646 7
637 647 7
638 648 1
639 649 6
640 650 7
640 651 6
641 652 1
641 653 1
642 654 2
642 655 6
643 656 3
644 657 1
644 658 2
645 659 3
645 660 1
646 661 1
647 662 7
648 663 6
649 664 5
650 664 2
651 665 4
652 666 5
653 667 6
654 668 7
655 669 1
656 670 5
657 671 4
658 672 1
659 673 2
660 674 2
661 675 7
662 676 3
663 677 1
664 678 4
664 679 6
664 680 3
665 681 1
665 682 7
666 683 1
667 684 6
667 685 6
667 686 5
667 687 2
668 688 3
668 689 3
669 690 2
669 691 1
670 692 6
670 693 4
671 694 5
672 695 4
673 696 5
674 697 5
674 698 1
675 699 4
676 700 4
677 701 5
678 701 6
679 701 3
680 702 6
681 703 7
682 704 3
683 704 7
684 705 1
685 706 5
686 707 7
687 707 2
688 708 4
689 708 1
690 709 6
691 710 6
692 711 6
693 711 2
694 712 3
695 712 1
696 713 1
697 714 3
698 714 6
699 715 3
700 716 2
701 717 1
702 718 2
703 719 3
704 719 4
705 719 5
706 719 5
707 720 4
708 721 3
709 722 1
710 723 4
711 724 5
712 724 1
713 725 5
714 726 7
715 727 6
716 728 7
717 729 4
717 730 5
717 731 4
718 732 2
718 733 4
719 734 4
720 735 1
720 736 6
721 737 1
722 738 4
723 739 1
723 740 5
723 741 6
724 742 7
725 743 4
726 744 6
727 745 3
728 746 6
729 747 4
730 748 4
731 748 5
732 749 7
733 749 4
734 750 5
735 751 2
736 752 3
737 753 5
738 753 3
739 754 6
740 754 5
741 754 4
742 755 7
743 756 4
744 757 1
745 758 6
746 759 1
747 760 6
747 761 6
747 762 1
748 763 5
749 764 2
750 765 7
751 766 6
751 767 2
752 768 5
753 769 3
754 770 5
754 771 3
755 772 4
756 773 1
756 774 4
757 775 2
758 776 2
759 777 3
760 778 6
761 779 2
762 780 1
763 781 7
764 782 4
765 782 3
766 783 3
767 784 3
768 785 1
769 786 7
770 786 2
771 787 6
772 788 3
773 789 4
774 790 7
775 791 3
776 792 1
777 793 1
778 794 6
779 795 2
780 796 1
781 797 5
782 798 3
783 799 4
784 800 5
785 801 2
786 802 2
787 802 7
788 803 1
789 804 2
790 804 6
791 805 2
792 806 1
793 807 3
794 808 5
794 809 5
794 810 7
795 811 3
796 812 7
796 813 4
797 814 2
798 815 1
799 816 6
800 817 2
801 818 4
801 819 7
802 820 7
803 821 5
803 822 7
804 823 6
805 824 3
806 825 3
807 826 5
808 826 2
809 826 2
810 827 6
811 828 2
812 829 3
813 830 4
814 831 6
815 831 2
816 832 4
817 833 5
818 833 7
819 834 7
820 835 5
821 835 7
822 836 3
823 837 2
824 837 3
825 838 6
826 839 6
827 840 2
828 841 1
829 842 5
830 843 7
831 844 5
832 845 1
833 846 5
833 847 3
834 848 2
835 849 4
836 850 2
837 851 3
838 852 1
839 853 5
840 854 1
841 855 2
841 856 6
842 857 5
842 858 6
843 859 2
843 860 3
843 861 6
844 862 6
844 863 5
845 864 2
846 865 6
847 866 4
848 867 4
849 868 5
849 869 6
850 870 3
850 871 3
851 872 2
852 873 6
853 873 3
854 874 7
855 874 2
856 875 5
857 876 4
858 876 3
859 877 6
860 877 6
861 878 7
862 879 2
863 879 7
864 880 4
865 881 6
866 882 3
867 883 2
868 884 5
869 885 4
870 886 5
871 887 1
872 887 4
873 888 5
874 888 4
875 889 7
876 890 7
877 891 3
878 892 6
879 893 6
880 894 6
881 895 1
882 896 6
883 896 1
884 897 7
885 898 6
886 898 6
887 899 1
888 900 2
889 900 3
890 900 7
891 900 6
892 900 5
893 900 1
894 900 5
895 900 3
896 900 4
897 900 5
898 900 7
899 900 7
