1 2 14
1 3 55
1 4 52
2 5 5
2 6 24
2 7 49
2 8 67
3 9 58
3 10 67
3 11 72
3 12 22
3 13 17
4 14 19
4 15 15
4 16 43
5 17 42
6 18 58
7 19 78
8 20 14
9 21 52
10 22 55
11 23 41
12 24 65
13 25 45
14 26 4
15 26 53
16 27 50
17 28 57
17 29 10
18 30 35
19 31 79
19 32 16
20 33 39
20 34 22
21 35 45
22 36 48
23 37 7
24 38 51
25 39 6
26 40 46
27 41 72
28 42 64
29 43 68
29 44 73
30 45 69
31 46 73
32 47 26
33 48 4
34 49 36
35 50 63
36 51 26
37 52 50
38 53 42
39 54 11
40 55 6
41 56 35
42 57 4
42 58 15
43 59 25
44 60 54
45 61 19
45 62 69
46 63 27
47 64 59
48 65 50
49 66 4
50 67 7
51 68 54
52 69 23
53 70 25
54 71 62
55 72 9
56 73 24
57 74 36
58 75 46
59 75 62
60 76 79
61 77 54
62 78 34
63 79 29
64 80 8
65 81 61
66 81 46
67 82 8
68 83 9
69 84 39
70 85 66
71 86 75
72 87 14
73 88 44
74 89 31
75 90 5
76 91 20
77 92 39
78 93 22
79 94 4
80 95 52
81 96 49
82 97 76
82 98 2
83 99 55
83 100 9
84 101 38
85 102 2
86 103 59
87 104 16
88 105 40
89 106 55
90 107 54
91 107 69
92 108 29
93 109 26
94 110 63
95 111 55
96 111 27
97 112 17
98 112 10
99 113 37
100 114 9
101 115 31
102 115 51
103 116 31
104 117 64
105 118 59
106 119 8
107 119 33
108 120 41
109 120 54
110 121 50
111 121 72
112 122 72
113 123 67
114 124 55
115 125 28
116 126 3
117 127 56
118 128 34
119 129 24
120 130 66
121 131 60
122 132 38
123 133 11
124 134 14
125 135 23
126 136 36
127 137 51
128 138 12
129 139 49
130 140 10
131 141 77
132 142 62
133 143 59
134 144 20
135 145 2
136 146 26
137 147 23
138 148 6
139 149 62
140 150 11
141 151 26
142 152 25
142 153 38
142 154 22
143 155 44
143 156 78
144 157 24
145 158 45
145 159 29
145 160 1
146 161 30
146 162 54
147 163 56
148 164 64
148 165 57
149 166 29
150 167 15
151 168 55
152 168 24
153 169 11
154 169 54
155 170 27
156 171 21
157 171 13
158 172 11
159 172 27
160 173 62
161 173 53
162 174 41
163 174 42
164 175 53
165 176 35
166 177 3
167 178 1
168 179 67
169 180 18
170 181 16
171 181 52
172 182 78
173 183 36
174 184 60
175 185 20
176 186 58
177 187 57
178 188 62
179 189 11
180 190 50
181 191 65
181 192 60
182 193 54
183 194 50
184 195 14
184 196 39
184 197 76
185 198 5
186 199 48
187 200 77
188 201 77
189 202 44
190 203 31
191 204 77
192 205 31
193 206 78
194 207 13
195 208 60
196 209 64
197 210 14
198 211 57
199 212 22
200 213 28
201 214 54
202 215 44
203 216 9
204 217 11
205 217 68
206 218 23
207 219 79
208 220 62
209 220 55
210 221 58
211 222 20
212 222 35
213 223 15
213 224 4
214 225 15
214 226 74
215 227 32
216 228 30
216 229 9
217 230 22
218 231 12
219 232 28
219 233 34
219 234 12
220 235 6
221 236 26
222 237 77
223 238 15
224 239 44
225 240 21
226 240 7
227 240 60
228 241 29
229 242 9
230 242 17
231 243 45
232 244 15
233 245 2
234 245 4
235 245 50
236 245 65
237 246 77
238 247 4
238 248 34
239 249 18
239 250 24
240 251 6
240 252 38
241 253 42
241 254 49
242 255 48
242 256 37
242 257 10
242 258 18
243 259 35
244 260 13
245 261 65
246 262 46
246 263 63
247 264 57
248 264 28
249 264 11
250 265 33
251 265 52
252 266 73
253 266 11
254 266 33
255 267 67
256 267 19
257 267 76
258 268 29
259 269 8
260 270 60
261 271 35
262 272 38
263 272 50
264 273 41
265 274 70
265 275 44
265 276 12
266 277 32
267 278 33
268 279 11
269 280 10
270 281 38
271 282 28
272 283 44
273 284 24
273 285 64
273 286 23
274 287 52
274 288 15
275 289 63
276 290 66
277 291 55
278 292 68
278 293 18
279 294 20
280 295 73
281 296 3
282 297 20
282 298 42
282 299 35
283 300 31
284 301 47
285 302 49
286 303 22
287 303 70
288 304 66
289 305 5
290 305 7
291 306 20
292 307 20
293 307 59
294 307 65
295 308 53
296 308 32
297 309 50
298 309 18
299 310 78
300 311 66
301 312 24
302 313 22
303 314 68
304 315 30
305 316 38
306 317 20
307 318 51
308 319 3
309 320 3
310 321 21
311 322 74
311 323 76
312 324 14
313 325 12
313 326 47
314 327 26
314 328 25
315 329 49
316 330 70
316 331 9
317 332 36
318 333 77
319 334 32
320 335 43
320 336 54
321 337 14
322 338 57
322 339 20
323 340 39
324 341 42
325 342 14
326 343 61
327 344 23
328 345 71
329 346 69
330 347 70
331 348 75
332 349 20
333 350 35
334 351 2
335 352 75
336 353 17
337 354 10
338 355 67
339 356 44
340 357 18
341 358 17
342 359 73
343 359 52
344 360 64
345 360 77
346 360 78
347 360 4
348 361 64
349 362 32
350 363 63
351 363 78
352 363 33
353 364 62
354 365 23
355 366 55
356 367 44
357 367 10
358 368 59
359 369 38
360 370 14
361 371 36
362 372 12
363 373 65
364 374 40
365 374 7
366 375 12
367 376 77
368 377 51
369 378 26
369 379 56
370 380 16
371 381 43
372 382 10
373 383 5
374 384 68
375 385 23
375 386 73
376 387 44
377 388 53
378 389 47
379 390 9
380 391 73
381 392 55
381 393 63
382 394 6
383 395 7
384 396 8
385 397 56
386 398 54
387 399 58
388 400 26
389 401 12
390 402 57
390 403 16
391 404 27
392 405 38
392 406 40
393 407 72
394 408 56
395 409 57
396 410 68
397 411 74
398 412 34
399 413 16
400 414 79
401 414 6
402 415 46
403 416 51
404 417 40
405 418 36
406 418 30
407 419 49
408 419 2
409 420 47
410 420 56
411 421 31
412 422 63
413 422 4
414 423 52
414 424 25
415 425 30
416 426 32
416 427 19
417 428 46
418 429 56
418 430 39
419 431 70
419 432 48
419 433 14
420 434 29
421 435 11
421 436 8
421 437 3
422 438 27
422 439 57
423 440 7
424 441 9
425 441 71
426 442 49
427 443 54
428 444 62
429 445 12
430 445 37
431 445 7
432 446 60
433 447 45
434 448 24
435 448 48
436 449 26
437 449 11
438 450 18
439 451 59
440 452 70
441 452 66
442 453 64
443 454 12
444 455 38
445 456 75
446 457 4
447 458 11
448 459 8
449 460 17
450 461 23
451 462 50
452 463 78
453 464 25
454 465 71
455 466 22
456 467 2
457 468 75
458 469 69
459 470 7
460 471 33
461 472 73
462 472 22
463 473 60
464 474 18
465 475 58
465 476 62
465 477 13
465 478 72
466 479 46
466 480 39
467 481 33
467 482 14
468 483 61
469 484 58
470 485 22
471 486 40
471 487 46
472 488 50
473 489 66
474 490 6
475 490 60
476 490 70
477 490 25
478 491 23
479 492 69
480 493 17
481 494 42
482 494 10
483 495 65
484 496 49
485 497 56
486 497 36
487 498 45
488 499 17
489 500 16
490 500 7
491 500 78
492 500 22
493 500 16
494 500 36
495 500 50
496 500 17
497 500 72
498 500 31
499 500 76
