1 2 1
1 3 1
1 4 1
1 5 1
2 6 1
2 7 1
2 8 1
2 9 1
2 10 1
3 11 1
3 12 1
3 13 1
3 14 1
4 15 1
4 16 1
4 17 1
4 18 1
4 19 1
5 20 1
5 21 1
5 22 1
5 23 1
5 24 1
6 25 1
7 26 1
8 27 1
9 27 1
10 28 1
11 29 1
12 30 1
13 31 1
14 32 1
15 33 1
16 34 1
17 35 1
18 36 1
19 37 1
20 37 1
21 37 1
22 38 1
23 39 1
24 39 1
25 40 1
26 40 1
27 41 1
28 42 1
29 42 1
30 43 1
31 44 1
32 45 1
33 45 1
34 46 1
35 47 1
36 47 1
37 48 1
38 49 1
39 50 1
40 51 1
41 52 1
42 53 1
42 54 1
42 55 1
43 56 1
44 57 1
45 58 1
46 59 1
47 60 1
48 61 1
49 62 1
50 63 1
51 64 1
52 65 1
53 66 1
53 67 1
54 68 1
55 69 1
55 70 1
56 71 1
57 72 1
57 73 1
58 74 1
58 75 1
59 76 1
59 77 1
60 78 1
61 79 1
62 80 1
62 81 1
62 82 1
63 83 1
64 84 1
65 85 1
66 86 1
67 87 1
68 87 1
69 88 1
70 89 1
71 90 1
72 91 1
73 91 1
74 92 1
75 93 1
76 94 1
77 95 1
78 96 1
79 97 1
80 97 1
81 98 1
82 99 1
83 99 1
84 100 1
85 101 1
86 102 1
87 102 1
88 103 1
89 104 1
90 105 1
91 106 1
92 107 1
93 108 1
94 109 1
95 110 1
96 111 1
97 112 1
98 112 1
99 113 1
100 114 1
101 115 1
102 116 1
103 117 1
104 118 1
105 119 1
106 120 1
107 120 1
108 121 1
109 122 1
110 123 1
111 124 1
112 125 1
113 125 1
114 126 1
115 127 1
116 128 1
116 129 1
117 130 1
118 131 1
118 132 1
119 133 1
120 134 1
120 135 1
121 136 1
121 137 1
122 138 1
122 139 1
123 140 1
123 141 1
123 142 1
124 143 1
125 144 1
126 145 1
127 146 1
128 147 1
129 147 1
130 148 1
131 148 1
132 149 1
133 150 1
134 151 1
135 152 1
136 153 1
137 153 1
138 153 1
139 154 1
140 154 1
141 155 1
142 156 1
143 156 1
144 157 1
145 158 1
146 159 1
147 160 1
148 161 1
149 161 1
150 162 1
151 163 1
152 164 1
153 165 1
154 166 1
155 167 1
156 167 1
157 168 1
158 169 1
159 170 1
160 171 1
161 172 1
161 173 1
162 174 1
162 175 1
163 176 1
163 177 1
164 178 1
164 179 1
165 180 1
166 181 1
166 182 1
167 183 1
167 184 1
168 185 1
168 186 1
168 187 1
169 188 1
170 189 1
171 190 1
172 191 1
173 192 1
174 193 1
175 194 1
176 195 1
177 196 1
178 197 1
179 197 1
180 198 1
181 199 1
182 200 1
183 201 1
184 202 1
185 203 1
186 204 1
187 204 1
188 205 1
189 205 1
190 206 1
191 207 1
192 208 1
193 209 1
194 210 1
195 211 1
196 212 1
197 212 1
198 213 1
199 214 1
200 214 1
201 215 1
202 215 1
203 216 1
204 217 1
205 218 1
206 219 1
206 220 1
206 221 1
207 222 1
207 223 1
208 224 1
208 225 1
209 226 1
209 227 1
210 228 1
210 229 1
210 230 1
211 231 1
212 232 1
213 233 1
214 234 1
214 235 1
215 236 1
215 237 1
216 238 1
217 239 1
218 240 1
219 241 1
220 241 1
221 242 1
222 243 1
223 243 1
224 244 1
225 245 1
226 246 1
227 246 1
228 247 1
229 248 1
230 249 1
231 250 1
232 251 1
233 252 1
234 253 1
235 254 1
236 255 1
237 256 1
238 257 1
239 258 1
240 259 1
241 260 1
242 261 1
243 262 1
244 263 1
245 264 1
246 265 1
247 266 1
248 266 1
249 267 1
250 268 1
251 269 1
252 270 1
253 271 1
254 272 1
255 273 1
256 274 1
257 275 1
258 276 1
259 277 1
260 278 1
261 279 1
262 280 1
263 281 1
264 282 1
265 283 1
266 284 1
267 285 1
268 286 1
269 286 1
270 287 1
271 288 1
272 289 1
273 290 1
274 290 1
275 291 1
276 292 1
277 293 1
278 293 1
279 294 1
280 295 1
281 296 1
282 296 1
283 297 1
284 298 1
285 298 1
286 298 1
287 299 1
288 300 1
289 300 1
290 301 1
291 302 1
292 302 1
293 303 1
293 304 1
293 305 1
293 306 1
294 307 1
294 308 1
295 309 1
295 310 1
296 311 1
296 312 1
296 313 1
297 314 1
297 315 1
297 316 1
298 317 1
298 318 1
299 319 1
299 320 1
299 321 1
300 322 1
300 323 1
300 324 1
300 325 1
301 326 1
301 327 1
301 328 1
301 329 1
301 330 1
302 331 1
302 332 1
302 333 1
302 334 1
303 335 1
304 335 1
305 335 1
306 335 1
307 335 1
308 335 1
309 335 1
310 335 1
311 336 1
312 336 1
313 336 1
314 336 1
315 336 1
316 336 1
317 337 1
318 337 1
319 337 1
320 337 1
321 337 1
322 337 1
323 337 1
324 338 1
325 338 1
326 338 1
327 338 1
328 338 1
329 339 1
330 339 1
331 339 1
332 339 1
333 339 1
334 340 1
335 341 1
335 342 1
335 343 1
335 344 1
336 345 1
336 346 1
336 347 1
336 348 1
336 349 1
337 350 1
337 351 1
337 352 1
338 353 1
338 354 1
338 355 1
338 356 1
339 357 1
339 358 1
339 359 1
340 360 1
340 361 1
341 362 1
342 363 1
343 364 1
344 364 1
345 365 1
346 365 1
347 366 1
348 367 1
349 368 1
350 369 1
351 370 1
352 371 1
353 371 1
354 372 1
355 373 1
356 374 1
357 374 1
358 375 1
359 376 1
360 376 1
361 377 1
362 378 1
363 379 1
363 380 1
363 381 1
364 382 1
365 383 1
366 384 1
366 385 1
367 386 1
368 387 1
369 388 1
370 389 1
371 390 1
372 391 1
372 392 1
372 393 1
373 394 1
374 395 1
374 396 1
375 397 1
376 398 1
377 399 1
378 400 1
379 401 1
380 402 1
381 403 1
382 404 1
383 405 1
384 406 1
385 407 1
386 408 1
387 409 1
388 410 1
389 411 1
390 412 1
391 413 1
392 414 1
393 415 1
394 416 1
395 417 1
396 418 1
397 419 1
398 420 1
399 420 1
400 421 1
401 421 1
402 421 1
403 421 1
404 422 1
405 422 1
406 422 1
407 423 1
408 424 1
409 424 1
410 425 1
411 426 1
412 426 1
413 427 1
414 428 1
415 429 1
416 429 1
417 430 1
418 431 1
419 432 1
420 432 1
421 433 1
422 434 1
423 435 1
424 436 1
425 437 1
426 438 1
427 439 1
428 440 1
429 441 1
429 442 1
430 443 1
430 444 1
431 445 1
432 446 1
432 447 1
432 448 1
433 449 1
433 450 1
434 451 1
435 452 1
435 453 1
436 454 1
436 455 1
437 456 1
438 457 1
439 458 1
440 459 1
440 460 1
440 461 1
441 462 1
442 463 1
443 464 1
444 465 1
445 466 1
445 467 1
446 468 1
447 469 1
447 470 1
448 471 1
449 472 1
450 473 1
451 473 1
452 473 1
453 474 1
454 475 1
455 475 1
456 476 1
457 477 1
458 477 1
459 478 1
460 479 1
461 480 1
462 481 1
463 481 1
464 482 1
465 482 1
466 483 1
467 484 1
468 485 1
469 486 1
470 487 1
471 487 1
472 488 1
473 489 1
474 490 1
475 491 1
476 492 1
477 493 1
478 494 1
478 495 1
479 496 1
480 497 1
481 498 1
482 499 1
483 500 1
484 501 1
485 502 1
485 503 1
486 504 1
486 505 1
487 506 1
488 507 1
489 507 1
490 508 1
491 509 1
492 510 1
493 511 1
494 512 1
495 512 1
496 513 1
497 513 1
498 513 1
499 514 1
500 515 1
501 516 1
502 516 1
503 517 1
504 518 1
505 519 1
506 519 1
507 520 1
507 521 1
508 522 1
509 523 1
509 524 1
510 525 1
510 526 1
511 527 1
512 528 1
512 529 1
513 530 1
513 531 1
514 532 1
514 533 1
515 534 1
515 535 1
515 536 1
516 537 1
516 538 1
516 539 1
516 540 1
517 541 1
518 542 1
519 543 1
520 544 1
521 545 1
522 546 1
523 546 1
524 547 1
525 547 1
526 547 1
527 548 1
528 549 1
529 550 1
530 550 1
531 551 1
532 551 1
533 552 1
534 553 1
535 553 1
536 553 1
537 554 1
538 555 1
539 556 1
540 557 1
541 557 1
542 557 1
543 557 1
544 558 1
545 559 1
545 560 1
546 561 1
547 562 1
547 563 1
548 564 1
548 565 1
549 566 1
550 567 1
551 568 1
552 569 1
553 570 1
553 571 1
553 572 1
554 573 1
555 574 1
555 575 1
555 576 1
556 577 1
556 578 1
557 579 1
558 580 1
559 580 1
560 581 1
561 582 1
562 583 1
563 584 1
564 584 1
565 585 1
566 585 1
567 586 1
568 586 1
569 587 1
570 588 1
571 589 1
572 590 1
573 591 1
574 592 1
575 593 1
576 594 1
577 594 1
578 595 1
579 596 1
580 597 1
581 598 1
582 599 1
583 600 1
584 601 1
585 602 1
586 603 1
587 604 1
588 605 1
589 606 1
590 607 1
591 608 1
592 609 1
593 610 1
594 611 1
595 612 1
596 613 1
597 614 1
598 615 1
599 616 1
600 617 1
601 618 1
602 619 1
603 619 1
604 620 1
605 621 1
606 622 1
607 623 1
608 624 1
609 624 1
610 624 1
611 625 1
612 626 1
613 627 1
614 628 1
615 629 1
615 630 1
616 631 1
617 632 1
618 633 1
618 634 1
619 635 1
620 636 1
620 637 1
621 638 1
622 639 1
623 640 1
624 641 1
625 642 1
626 643 1
627 644 1
628 645 1
629 646 1
630 647 1
630 648 1
631 649 1
631 650 1
632 651 1
633 652 1
634 653 1
635 654 1
636 655 1
637 656 1
638 657 1
639 658 1
639 659 1
640 660 1
641 661 1
641 662 1
642 663 1
643 664 1
644 665 1
645 666 1
646 667 1
647 668 1
648 668 1
649 669 1
650 670 1
651 671 1
652 672 1
653 673 1
654 674 1
655 675 1
656 676 1
657 677 1
658 678 1
659 679 1
660 680 1
661 681 1
662 682 1
663 683 1
664 684 1
665 685 1
666 686 1
667 686 1
668 686 1
669 687 1
670 688 1
671 689 1
672 689 1
673 690 1
674 690 1
675 691 1
676 692 1
677 693 1
678 693 1
679 694 1
680 694 1
681 695 1
682 696 1
683 697 1
684 698 1
685 699 1
686 700 1
687 700 1
688 700 1
689 700 1
690 700 1
691 700 1
692 700 1
693 700 1
694 700 1
695 700 1
696 700 1
697 700 1
698 700 1
699 700 1
