6 4 6 4
2 1 3 2
2 1 2 1
12 17 26 16
9 8 7 4
14 8 10 8
23 26 12 21
11 13 12 8
21 17 16 12
10 12 6 14
15 16 17 12
16 18 19 10
13 12 12 9
1 2 1 2
14 7 9 13
5 5 5 5
9 15 5 7
7 7 4 4
14 13 9 9
16 18 14 17
16 7 7 14
14 18 8 11
19 10 15 13
8 9 6 6
14 18 14 11
9 15 9 8
5 5 11 7
22 22 25 17
9 5 4 6
12 26 23 18
14 11 21 18
1 2 1 2
4 6 4 4
5 7 12 7
4 3 3 3
13 10 24 10
3 4 5 5
8 22 16 15
5 4 5 4
3 3 3 5
18 24 14 23
1 1 2 1
3 3 6 3
20 13 15 15
22 17 16 15
10 8 16 17
3 2 4 6
5 11 8 8
13 20 23 9
3 2 1 3
7 5 8 4
16 19 14 15
4 6 8 11
2 1 1 1
25 25 21 25
7 5 4 5
23 12 13 13
17 14 14 13
3 1 1 3
6 14 8 8
11 8 10 17
5 2 4 2
11 20 12 20
18 9 6 11
5 4 4 2
18 22 25 19
16 12 13 20
14 9 15 15
4 9 5 9
23 18 12 18
2 1 3 2
7 5 6 5
10 7 7 8
13 13 5 13
7 4 6 3
19 9 11 7
5 3 5 2
9 19 16 9
18 20 18 12
11 20 18 19
2 4 2 5
6 6 3 3
5 5 7 9
3 4 5 4
17 19 17 21
6 7 10 9
6 8 9 5
12 10 16 9
22 10 20 20
20 8 18 7
22 19 17 23
15 13 9 9
14 17 16 17
2 2 3 3
10 7 10 9
17 12 14 19
6 6 3 7
25 10 16 18
1 1 3 3
11 12 13 14
16 10 25 19
10 19 13 8
5 5 3 6
6 5 6 10
12 10 6 5
4 5 2 3
14 12 16 11
5 7 3 8
12 27 18 19
8 9 8 8
5 4 5 5
11 25 21 21
9 8 14 14
8 6 5 12
13 6 8 5
7 17 15 14
19 20 26 19
14 13 6 9
20 12 17 9
17 24 25 12
8 18 9 9
10 14 7 10
5 15 9 12
10 13 10 8
18 15 10 10
10 8 5 10
18 23 18 20
6 9 5 10
8 15 21 18
3 5 7 7
2 6 4 2
8 7 8 10
14 10 8 17
16 9 13 20
5 6 14 8
12 14 10 9
3 2 2 5
23 19 19 13
2 1 2 1
4 5 4 7
2 1 2 2
16 11 15 13
6 6 7 5
8 4 8 7
17 6 7 8
20 15 15 16
8 10 24 13
7 3 4 6
17 10 18 9
5 4 5 5
7 17 17 14
18 6 10 14
2 2 1 1
3 4 4 2
1 2 1 2
8 12 9 8
6 7 5 8
23 18 14 17
22 20 26 19
17 26 24 20
7 3 7 5
10 6 6 9
3 9 5 7
3 4 3 3
16 9 8 14
3 5 5 4
5 3 5 3
6 9 8 6
5 8 5 6
14 14 6 7
19 22 19 18
5 2 4 4
5 3 5 3
19 23 18 14
5 2 6 2
19 10 16 13
7 7 5 4
20 19 24 21
8 7 7 20
17 13 6 16
7 5 12 9
17 10 17 6
9 22 12 8
3 2 4 5
14 15 11 11
8 11 21 19
9 14 11 14
11 18 15 15
12 17 8 15
19 14 19 9
6 5 8 12
9 15 14 18
5 12 8 12
5 9 10 14
18 24 15 26
2 1 2 2
2 1 3 1
8 8 22 8
11 21 20 16
2 6 2 5
17 12 15 18
4 11 7 6
3 7 5 8
1 1 2 2
2 2 2 2
7 3 3 6
11 9 11 7
18 19 7 13
3 8 5 6
11 10 26 20
5 2 4 3
7 8 4 11
9 11 6 13
17 26 9 13
6 17 14 14
5 4 9 6
14 10 8 12
10 10 6 7
16 16 7 11
19 19 16 7
14 7 13 9
20 16 19 19
16 14 9 7
5 11 8 12
23 24 24 24
4 6 11 6
6 6 3 6
1 1 2 2
2 2 1 2
18 12 13 14
1 1 3 1
15 10 19 7
5 6 2 5
3 1 3 3
3 2 4 3
4 7 5 8
9 7 9 14
24 11 22 26
24 18 13 15
4 6 6 4
7 8 8 6
6 14 6 7
9 6 5 10
10 27 20 9
12 10 10 11
11 9 16 20
12 10 10 9
1 1 3 3
5 3 6 3
19 16 18 19
5 6 2 5
19 21 19 23
5 5 2 6
3 2 1 1
9 23 19 20
5 2 5 4
8 6 5 6
12 8 11 4
15 8 18 21
2 3 5 3
20 18 19 22
15 7 13 17
5 3 4 7
8 8 5 8
16 18 18 14
12 14 18 20
2 2 4 3
10 22 22 24
9 6 10 4
20 8 21 14
6 10 7 7
17 15 15 20
3 3 3 3
2 1 1 2
3 2 3 1
9 13 8 14
10 19 18 18
21 13 18 14
5 9 4 4
3 3 3 1
8 9 9 10
7 16 10 6
20 13 11 21
8 3 5 8
9 14 6 13
2 2 1 2
10 19 11 17
1 2 1 1
11 15 15 11
3 2 3 4
5 6 6 4
9 11 12 12
13 15 15 11
6 4 4 5
14 15 25 9
20 24 18 15
18 15 15 23
13 12 15 7
10 19 16 19
14 20 26 18
5 6 4 4
23 22 17 26
3 8 9 8
3 2 2 1
10 21 23 11
5 3 3 3
11 19 11 11
13 10 14 13
5 5 5 7
5 4 3 5
2 2 1 1
23 23 20 12
3 3 6 2
7 7 3 7
11 7 12 8
3 5 3 3
14 7 11 7
2 5 2 3
16 9 21 20
18 13 9 27
17 14 15 16
23 23 11 13
4 6 5 6
2 2 2 3
12 8 13 16
12 20 22 19
9 3 6 8
2 3 2 1
6 10 12 10
1 1 2 1
19 19 18 12
2 2 2 2
8 7 8 10
4 2 4 2
7 12 7 10
10 11 16 16
9 16 12 9
10 9 18 10
7 5 4 4
4 4 3 3
23 21 23 16
17 19 18 20
15 26 11 25
10 16 9 16
2 3 3 1
20 8 9 15
6 10 8 11
7 14 15 12
18 9 16 11
3 3 3 2
19 19 23 15
14 15 20 17
9 12 9 7
7 6 8 8
9 16 23 21
11 12 8 10
4 4 2 4
13 12 6 7
17 9 13 11
15 7 16 15
11 17 9 12
20 17 12 10
7 5 9 6
5 7 6 11
16 16 13 11
6 10 6 11
10 19 10 25
16 7 13 9
1 2 2 2
9 9 5 4
14 14 10 9
17 8 10 13
9 6 5 6
9 16 8 17
12 15 11 5
2 3 4 5
19 14 7 16
5 11 10 7
23 13 18 24
22 16 15 23
3 3 9 9
7 6 3 7
12 16 14 16
6 16 16 14
12 7 9 12
8 4 9 9
1 3 2 1
10 10 14 13
12 5 12 10
9 21 16 8
1 1 3 2
18 13 13 13
8 11 7 9
17 9 18 19
19 17 22 8
2 2 3 3
15 26 13 26
10 10 8 10
19 12 16 14
6 3 9 4
2 1 1 2
14 26 20 22
16 16 10 11
17 9 15 13
4 5 3 4
3 2 3 3
7 6 9 7
18 15 14 20
3 5 5 4
5 4 3 4
5 12 10 10
8 6 13 11
11 18 16 7
6 6 4 7
1 1 2 1
23 22 13 14
6 4 3 6
12 19 21 10
24 19 17 27
14 16 7 12
8 6 7 5
17 11 21 12
4 3 5 5
8 9 11 6
6 5 2 2
9 8 20 24
8 6 5 4
8 3 8 7
8 10 12 14
2 3 3 4
1 2 2 1
16 19 13 18
2 4 6 4
16 14 17 14
9 8 7 6
23 24 8 12
18 15 16 7
2 4 5 2
12 17 8 10
17 18 10 18
2 3 2 2
6 11 7 9
6 2 5 6
5 7 11 10
13 8 12 6
4 8 9 8
5 2 2 5
3 3 3 4
2 4 6 5
20 15 16 9
10 20 23 23
1 3 1 3
10 14 16 9
6 9 15 7
8 13 8 10
11 4 6 6
6 15 14 14
6 5 8 11
26 17 9 19
4 5 2 4
3 3 1 3
8 15 21 18
15 19 10 23
2 3 5 4
26 14 23 13
3 1 3 1
9 10 18 15
6 2 3 3
13 21 21 24
22 18 19 14
3 2 3 4
8 14 15 11
19 16 23 11
3 2 4 5
12 15 14 5
11 13 16 9
13 16 12 10
19 15 13 16
2 5 3 6
3 3 2 5
5 5 6 3
13 10 15 7
10 6 9 9
4 4 7 4
11 9 7 15
14 9 15 12
24 23 17 20
6 5 5 2
2 3 3 1
5 8 5 5
4 6 7 3
13 17 14 8
6 3 8 5
8 10 8 14
8 12 6 8
12 13 14 18
2 2 2 3
7 4 9 6
7 7 4 7
11 8 6 6
6 6 11 8
14 12 11 14
6 8 9 8
5 2 3 5
3 5 7 5
14 21 15 12
13 9 24 19
22 13 19 8
14 8 10 7
10 14 10 13
14 10 18 13
7 10 10 14
19 20 9 19
9 7 4 6
5 6 5 14
15 18 16 20
3 2 3 2
27 24 12 18
1 1 2 1
1 2 2 3
12 13 9 21
13 15 19 10
18 8 14 11
8 12 11 5
9 15 8 13
2 1 2 2
16 12 14 21
10 15 20 9
7 6 4 3
9 16 11 13
16 18 10 10
3 3 6 5
8 10 4 8
10 14 5 7
4 5 6 6
1 2 1 2
6 17 8 9
12 17 19 9
9 14 11 6
3 2 4 6
4 4 7 7
11 20 20 14
10 13 15 15
15 16 8 13
18 9 23 20
6 9 6 4
3 2 2 1
21 14 10 11
8 12 8 17
13 23 15 23
4 3 6 2
7 6 6 10
4 7 4 5
22 9 13 14
24 17 20 20
5 5 2 3
4 3 6 5
5 2 2 3
2 2 2 1
16 18 18 16
12 21 15 22
3 4 7 4
11 13 8 9
2 1 2 1
23 15 24 12
14 13 8 11
11 16 11 11
6 8 12 4
8 19 8 10
8 6 4 4
18 19 12 11
21 13 16 14
5 10 8 9
7 18 12 15
10 6 10 7
10 11 7 6
2 3 1 2
14 12 8 9
20 21 13 16
1 1 2 2
14 10 6 13
16 11 14 12
10 7 5 5
9 6 6 15
6 4 4 9
20 10 15 23
11 14 9 6
6 5 2 2
5 6 6 14
6 3 4 8
6 9 4 10
4 4 2 4
2 2 2 1
25 24 17 25
11 9 12 11
4 2 6 4
11 8 10 8
11 17 8 7
6 4 3 5
16 25 27 21
1 3 2 3
7 8 4 4
7 12 7 11
5 4 8 9
12 14 5 13
15 18 9 21
18 16 27 12
16 20 16 14
7 8 5 8
21 19 11 18
1 2 1 2
7 8 8 12
3 5 9 8
13 20 18 8
7 11 17 9
7 14 16 8
21 23 10 16
2 2 1 2
14 15 10 13
7 5 3 6
14 11 20 21
19 10 13 12
12 10 12 9
3 4 3 5
8 4 9 6
5 5 5 3
18 15 10 17
8 8 4 4
10 10 14 6
14 12 22 19
13 8 9 10
17 15 10 13
7 6 10 11
5 13 14 8
5 2 5 2
3 5 4 5
1 2 3 1
9 13 15 17
6 15 12 5
6 6 6 7
13 8 11 9
4 4 6 10
6 6 10 16
11 9 5 4
10 23 11 12
15 8 15 9
21 10 18 22
4 5 2 4
11 9 7 8
19 13 19 21
24 14 25 25
8 14 13 10
3 2 3 2
7 3 7 8
2 1 1 2
6 3 6 4
13 23 17 19
2 5 3 3
5 4 7 7
6 9 10 9
4 3 3 3
5 7 12 10
7 8 14 6
15 9 8 14
9 5 12 12
20 23 23 12
5 6 5 6
8 6 7 4
23 23 9 17
21 18 12 18
4 9 11 4
12 9 5 7
9 8 11 4
16 19 17 11
2 1 1 2
3 4 3 4
13 10 26 19
23 8 10 23
5 7 5 5
15 17 13 17
22 19 22 17
8 5 8 9
17 23 14 10
18 11 23 19
4 9 11 10
10 11 14 8
3 3 3 5
5 10 6 4
12 9 6 10
19 9 9 7
1 1 3 3
1 1 1 2
27 11 15 12
11 7 8 13
8 10 13 9
8 19 11 15
5 3 6 8
4 3 2 5
6 7 4 4
8 15 11 20
