1 2 27
1 3 119
1 4 150
1 5 73
1 6 84
2 7 109
2 8 40
3 9 143
3 10 171
3 11 29
4 12 10
5 13 83
5 14 54
5 15 93
6 16 36
6 17 175
6 18 80
7 19 165
8 20 78
9 21 83
10 22 1
11 23 96
11 24 41
12 25 91
12 26 43
13 27 148
14 28 100
15 29 41
16 30 178
17 31 114
18 32 122
18 33 14
19 34 158
20 35 86
21 36 43
21 37 134
22 38 82
23 39 114
23 40 37
24 41 75
25 42 97
25 43 109
26 44 149
27 45 1
27 46 131
28 47 127
28 48 119
29 49 45
30 50 111
31 51 38
32 52 118
33 53 48
34 54 41
35 55 173
36 56 29
37 56 115
38 56 94
39 57 135
40 58 161
41 59 43
42 60 32
43 61 98
44 62 53
45 63 109
46 64 144
47 65 121
48 66 118
49 67 52
50 67 120
51 68 43
52 69 80
53 70 164
54 71 93
54 72 165
55 73 1
56 74 99
57 75 171
57 76 161
58 77 134
59 78 105
60 79 104
61 80 76
62 81 110
63 82 73
64 83 123
65 84 126
65 85 128
66 86 37
67 87 97
68 88 55
68 89 42
69 90 139
70 91 88
71 92 4
71 93 83
71 94 70
72 95 157
73 96 71
73 97 18
74 98 86
75 99 78
75 100 174
75 101 93
76 102 174
76 103 146
76 104 27
77 105 158
77 106 71
77 107 46
78 108 11
78 109 113
78 110 176
78 111 171
79 112 109
80 113 107
80 114 115
80 115 47
81 116 26
81 117 16
81 118 26
81 119 165
81 120 163
82 121 60
83 122 123
83 123 15
83 124 76
84 125 160
84 126 32
85 127 103
85 128 1
85 129 132
86 130 16
86 131 146
86 132 5
87 133 158
88 134 116
88 135 104
89 136 79
89 137 37
89 138 39
90 139 41
90 140 167
91 141 72
91 142 109
91 143 15
92 144 77
93 144 147
94 144 48
95 144 106
96 144 148
97 144 47
98 145 53
99 145 102
100 145 151
101 145 95
102 145 90
103 146 97
104 146 139
105 146 132
106 147 33
107 147 103
108 148 147
109 148 151
110 148 178
111 148 114
112 148 101
113 149 38
114 149 7
115 149 63
116 149 72
117 149 17
118 150 107
119 150 44
120 150 158
121 150 56
122 150 144
123 151 143
124 152 3
125 152 103
126 152 17
127 152 141
128 153 107
129 153 82
130 153 38
131 153 175
132 154 31
133 154 32
134 154 17
135 154 140
136 154 149
137 155 112
138 155 14
139 155 109
140 155 179
141 155 41
142 156 100
143 156 31
144 157 140
145 158 105
146 159 74
147 160 153
148 161 155
149 162 157
150 163 93
151 164 101
151 165 153
152 166 137
152 167 133
153 168 26
154 169 155
155 170 122
156 171 86
157 172 177
158 172 41
159 172 146
160 173 176
161 173 25
162 174 91
163 175 47
164 176 90
165 176 49
166 177 172
167 177 133
168 177 161
169 178 4
170 179 179
171 180 125
172 181 85
173 182 105
174 183 81
175 184 66
176 184 84
177 185 25
178 186 147
179 187 27
180 188 119
181 189 143
182 190 148
183 191 166
184 192 46
185 193 94
185 194 68
186 195 21
186 196 132
187 197 77
188 198 74
188 199 70
189 200 97
190 200 35
191 200 122
192 200 7
193 200 91
194 200 47
195 200 107
196 200 20
197 200 70
198 200 62
199 200 132
