1 2 1
1 3 1
1 4 1
1 5 1
2 6 1
2 7 1
2 8 1
2 9 1
2 10 1
3 11 1
3 12 1
3 13 1
3 14 1
3 15 1
4 16 1
4 17 1
5 18 1
5 19 1
6 20 1
7 21 1
8 21 1
9 22 1
10 23 1
11 24 1
12 24 1
13 25 1
14 26 1
15 27 1
16 28 1
17 28 1
18 28 1
19 29 1
20 30 1
20 31 1
21 32 1
22 33 1
23 34 1
24 35 1
25 36 1
26 37 1
27 38 1
28 39 1
29 40 1
30 41 1
31 41 1
32 41 1
33 42 1
34 42 1
35 43 1
36 44 1
37 44 1
38 45 1
39 46 1
40 46 1
41 47 1
42 48 1
42 49 1
43 50 1
43 51 1
44 52 1
44 53 1
45 54 1
45 55 1
46 56 1
47 57 1
48 58 1
49 59 1
50 59 1
51 60 1
52 61 1
53 62 1
54 63 1
55 64 1
56 65 1
57 66 1
58 67 1
59 68 1
60 69 1
61 70 1
62 71 1
63 72 1
63 73 1
64 74 1
64 75 1
65 76 1
66 77 1
67 78 1
68 79 1
69 79 1
70 80 1
71 81 1
72 82 1
73 83 1
74 83 1
75 83 1
76 84 1
77 85 1
77 86 1
78 87 1
79 88 1
80 89 1
81 90 1
82 91 1
82 92 1
83 93 1
84 94 1
85 95 1
85 96 1
86 97 1
87 98 1
87 99 1
88 100 1
89 101 1
90 102 1
91 103 1
92 104 1
93 105 1
94 106 1
94 107 1
95 108 1
96 109 1
97 109 1
98 110 1
99 110 1
100 111 1
101 111 1
102 112 1
103 112 1
104 113 1
105 114 1
106 114 1
107 114 1
108 115 1
109 116 1
109 117 1
110 118 1
111 119 1
112 120 1
113 121 1
114 122 1
115 123 1
116 124 1
116 125 1
117 126 1
118 127 1
118 128 1
119 129 1
120 130 1
120 131 1
121 132 1
122 133 1
122 134 1
123 135 1
124 136 1
125 137 1
126 138 1
127 139 1
128 140 1
129 141 1
130 142 1
131 143 1
132 144 1
133 145 1
134 146 1
135 147 1
136 148 1
137 149 1
138 150 1
139 151 1
139 152 1
140 153 1
141 154 1
142 155 1
143 156 1
143 157 1
144 158 1
144 159 1
145 160 1
146 161 1
147 162 1
148 162 1
149 163 1
150 164 1
151 165 1
152 166 1
153 167 1
154 167 1
155 168 1
156 168 1
157 169 1
158 169 1
159 169 1
160 170 1
161 170 1
162 171 1
162 172 1
163 173 1
164 174 1
165 175 1
166 176 1
166 177 1
167 178 1
168 179 1
169 180 1
170 181 1
170 182 1
171 183 1
172 183 1
173 184 1
174 185 1
175 185 1
176 186 1
177 186 1
178 187 1
179 187 1
180 188 1
181 189 1
182 190 1
183 191 1
184 192 1
185 193 1
186 194 1
187 195 1
188 196 1
189 196 1
190 197 1
191 198 1
192 199 1
192 200 1
193 201 1
194 202 1
195 203 1
196 204 1
196 205 1
196 206 1
196 207 1
197 208 1
198 209 1
199 210 1
200 210 1
201 211 1
202 212 1
203 213 1
204 214 1
205 214 1
206 215 1
207 216 1
208 217 1
209 218 1
210 219 1
211 220 1
212 221 1
213 222 1
214 222 1
215 223 1
216 224 1
217 225 1
218 226 1
219 227 1
219 228 1
220 229 1
221 230 1
222 231 1
223 232 1
224 233 1
225 234 1
226 235 1
227 236 1
228 237 1
229 238 1
229 239 1
230 240 1
231 241 1
232 242 1
232 243 1
233 244 1
234 245 1
235 246 1
236 247 1
237 247 1
238 248 1
239 248 1
240 249 1
241 250 1
242 251 1
243 251 1
244 252 1
245 253 1
246 254 1
246 255 1
246 256 1
247 257 1
248 258 1
248 259 1
249 260 1
249 261 1
250 262 1
251 263 1
252 264 1
252 265 1
253 266 1
254 267 1
255 267 1
256 268 1
257 268 1
258 269 1
259 270 1
260 270 1
261 271 1
262 272 1
263 273 1
264 274 1
265 275 1
266 276 1
267 277 1
268 278 1
269 279 1
269 280 1
270 281 1
271 282 1
272 283 1
272 284 1
273 285 1
274 286 1
274 287 1
275 288 1
276 289 1
277 290 1
278 291 1
279 292 1
280 292 1
281 292 1
282 293 1
283 294 1
284 295 1
285 295 1
286 296 1
287 297 1
288 298 1
289 299 1
290 300 1
291 300 1
292 300 1
293 300 1
294 300 1
295 300 1
296 300 1
297 300 1
298 300 1
299 300 1
