1 2 2
1 3 6
1 4 2
1 5 4
2 6 6
2 7 2
2 8 2
2 9 6
2 10 4
3 11 6
3 12 7
3 13 5
3 14 6
4 15 7
4 16 6
4 17 4
4 18 4
5 19 4
5 20 1
5 21 3
5 22 4
6 23 1
7 24 7
8 25 5
9 26 6
10 26 2
11 27 2
12 28 7
13 28 1
14 29 4
15 30 5
16 31 5
17 32 7
18 33 1
19 34 5
20 34 6
21 35 3
22 36 2
23 37 1
24 37 6
25 38 2
26 38 3
27 39 3
28 39 5
29 39 2
30 40 5
31 40 1
32 41 3
33 42 7
34 43 3
35 43 1
36 44 6
37 45 7
38 46 6
38 47 1
39 48 3
39 49 7
40 50 4
41 51 1
41 52 5
42 53 6
42 54 1
43 55 4
43 56 6
43 57 4
44 58 1
45 59 1
45 60 4
46 61 5
47 62 5
48 63 6
49 64 5
50 65 3
51 66 3
52 67 6
52 68 2
53 69 6
54 70 3
54 71 6
55 72 6
56 73 5
56 74 4
57 75 7
58 76 6
59 77 3
60 78 1
61 79 2
62 80 5
63 81 6
64 82 4
65 82 6
66 83 2
67 84 3
68 84 7
69 84 1
70 85 5
71 86 5
72 86 1
73 87 2
74 87 6
75 87 5
76 88 3
77 89 6
78 90 6
79 91 4
79 92 4
80 93 5
81 94 3
81 95 5
82 96 7
83 97 4
83 98 4
84 99 4
85 100 3
86 101 7
87 102 4
88 103 4
89 104 7
90 105 2
91 106 4
92 107 3
93 108 7
93 109 5
94 110 2
95 111 7
96 112 5
97 113 7
98 114 5
99 115 2
100 116 4
101 117 6
102 118 2
103 119 7
104 120 5
105 121 2
106 121 1
107 122 5
108 123 1
109 123 5
110 124 3
111 125 4
112 125 5
113 125 3
114 125 3
115 126 7
116 126 6
117 126 4
118 126 4
119 126 4
120 127 5
120 128 2
121 129 3
121 130 4
122 131 6
122 132 2
122 133 7
122 134 5
122 135 7
123 136 2
124 137 1
124 138 3
125 139 6
125 140 2
125 141 3
126 142 3
126 143 3
127 144 3
128 145 4
129 145 1
130 145 3
131 146 4
132 147 5
133 148 7
134 148 4
135 148 4
136 148 6
137 149 3
138 149 4
139 150 2
140 150 5
141 151 5
142 151 3
143 152 7
144 153 3
145 154 3
145 155 5
145 156 5
146 157 5
147 158 4
148 159 5
149 160 7
149 161 7
150 162 5
150 163 4
150 164 7
151 165 6
152 166 7
152 167 1
153 168 6
154 169 7
155 170 1
156 171 5
157 172 2
158 173 4
159 174 4
160 175 2
160 176 7
161 177 7
162 178 2
163 179 7
163 180 5
164 181 3
164 182 6
165 183 4
166 184 7
167 185 2
168 186 5
169 187 4
170 187 3
171 188 4
172 189 1
173 190 4
174 190 6
175 191 1
176 191 1
177 192 7
178 193 5
179 193 1
180 194 5
181 195 4
182 195 7
183 195 5
184 196 2
185 196 2
186 197 2
187 198 2
188 199 2
189 200 1
189 201 2
190 202 1
191 203 2
192 204 6
193 205 5
194 206 3
195 207 1
196 208 1
197 209 6
197 210 1
197 211 2
198 212 7
198 213 4
198 214 4
199 215 5
200 216 2
200 217 7
200 218 5
201 219 5
201 220 3
201 221 2
202 222 6
203 223 4
203 224 2
203 225 3
204 226 4
205 227 1
205 228 3
206 229 2
206 230 7
206 231 2
207 232 6
207 233 7
207 234 5
208 235 2
208 236 5
208 237 5
208 238 6
209 239 7
210 240 6
211 241 6
212 241 5
213 241 1
214 241 1
215 242 2
216 242 3
217 242 3
218 242 7
219 243 2
220 243 4
221 243 1
222 243 5
223 243 2
224 244 3
225 244 1
226 244 7
227 245 6
228 245 5
229 245 7
230 245 2
231 245 1
232 246 2
233 246 2
234 246 2
235 247 3
236 247 3
237 247 7
238 248 3
239 249 1
240 250 3
241 251 1
242 252 2
243 253 2
244 254 1
245 255 6
246 256 2
247 257 4
248 258 6
249 259 6
250 260 2
251 261 1
252 262 1
252 263 5
253 264 5
254 265 7
255 266 4
256 267 4
257 268 1
258 269 1
259 270 2
260 271 1
261 272 7
262 273 6
263 274 1
264 275 3
265 276 2
265 277 3
266 278 3
267 279 7
268 280 2
269 281 7
270 282 6
271 283 1
272 284 5
273 284 6
274 284 4
275 285 7
276 285 5
277 285 3
278 286 5
279 286 5
280 287 1
281 288 7
282 289 1
283 290 5
284 291 2
285 291 6
286 292 7
287 293 1
288 294 4
289 295 3
289 296 5
290 297 7
290 298 7
291 299 7
291 300 6
292 301 6
292 302 4
293 303 2
293 304 2
294 305 5
294 306 4
294 307 4
294 308 4
295 309 1
296 310 1
297 311 1
298 312 1
299 313 7
300 314 6
301 315 2
302 316 3
303 317 4
304 317 1
305 318 1
306 319 5
307 320 3
308 321 1
309 322 1
310 322 4
311 323 6
312 323 6
313 324 4
314 325 7
315 325 1
316 326 3
317 326 2
318 326 6
319 327 7
320 328 1
321 329 1
322 330 1
323 331 3
324 332 7
324 333 2
324 334 4
325 335 5
326 336 5
326 337 4
326 338 2
327 339 5
327 340 5
328 341 2
328 342 7
329 343 1
330 344 1
331 344 2
332 345 2
333 345 4
334 346 7
335 347 7
336 347 5
337 348 6
338 348 5
339 349 2
340 350 1
341 350 2
342 350 5
343 350 3
344 351 3
345 352 3
345 353 2
346 354 1
347 355 4
348 356 5
348 357 5
349 358 7
350 359 1
351 360 6
352 361 7
352 362 4
353 363 1
354 364 7
354 365 5
355 366 3
356 367 1
357 368 4
358 369 7
359 370 7
360 371 2
361 372 1
362 373 7
363 374 4
363 375 5
364 376 1
365 377 6
366 378 2
367 379 7
368 380 5
369 381 7
370 382 3
371 383 5
372 384 1
372 385 6
373 386 1
373 387 3
373 388 7
374 389 6
375 390 7
376 391 3
376 392 6
377 393 3
378 394 2
379 395 4
380 396 3
381 397 4
381 398 7
382 399 7
383 400 3
384 400 5
385 400 3
386 400 1
387 400 3
388 400 2
389 400 6
390 400 7
391 400 7
392 400 2
393 400 4
394 400 7
395 400 3
396 400 6
397 400 5
398 400 1
399 400 1
