1 2 83
1 3 60
1 4 103
1 5 35
1 6 148
2 7 89
2 8 21
2 9 41
3 10 56
3 11 188
3 12 96
4 13 179
4 14 2
4 15 183
5 16 13
5 17 90
6 18 105
6 19 184
6 20 194
7 21 166
8 22 49
9 23 114
10 24 83
10 25 81
11 26 67
12 27 122
12 28 26
13 29 129
14 30 27
15 31 188
16 32 10
17 33 174
18 34 39
19 35 140
20 36 96
20 37 121
21 38 106
22 39 103
22 40 91
23 41 63
24 42 26
24 43 6
25 44 69
25 45 54
26 46 133
27 47 63
28 48 164
28 49 156
29 50 30
30 51 33
30 52 151
31 53 45
31 54 72
32 55 99
32 56 139
32 57 153
32 58 90
33 59 146
34 60 160
35 61 170
36 62 159
36 63 173
36 64 126
37 65 190
37 66 8
38 67 79
39 68 173
40 68 127
41 69 120
42 69 124
43 69 62
44 69 100
45 69 199
46 69 167
47 70 77
48 70 167
49 70 46
50 70 142
51 70 174
52 70 91
53 71 65
54 72 32
55 72 85
56 73 181
57 73 106
58 73 47
59 74 14
60 75 158
61 76 112
62 76 56
63 77 79
64 77 56
65 77 54
66 78 14
67 79 61
67 80 56
68 81 149
68 82 37
68 83 168
69 84 44
70 85 141
70 86 137
71 87 151
71 88 2
72 89 12
72 90 12
73 91 33
73 92 116
74 93 141
75 94 84
75 95 159
76 96 27
77 97 96
77 98 164
78 99 5
79 100 124
80 100 22
81 100 76
82 100 15
83 100 134
84 100 27
85 100 187
86 100 43
87 100 32
88 100 120
89 100 145
90 100 67
91 100 87
92 100 126
93 100 14
94 100 70
95 100 68
96 100 43
97 100 60
98 100 158
99 100 158
