1 2 12
1 3 19
1 4 6
1 5 20
2 6 26
2 7 7
2 8 7
2 9 24
3 10 18
3 11 23
3 12 24
3 13 11
4 14 5
4 15 18
4 16 27
5 17 8
5 18 14
5 19 3
6 20 27
6 21 17
7 22 23
8 23 9
9 24 25
9 25 6
10 26 27
11 27 9
12 28 28
12 29 11
13 30 8
14 31 16
15 32 3
15 33 8
15 34 2
16 35 17
17 36 15
17 37 22
17 38 8
18 39 16
18 40 12
18 41 7
19 42 27
19 43 29
20 44 23
21 44 26
22 44 17
23 45 7
24 45 28
25 46 27
26 47 14
27 48 11
28 48 20
29 49 3
30 50 11
31 51 26
32 52 11
33 53 18
34 54 25
35 55 6
36 56 8
37 57 7
38 58 22
39 58 27
40 59 5
41 59 3
42 60 18
43 61 14
44 62 20
45 63 5
46 64 18
47 65 24
48 66 29
49 67 1
50 68 3
51 69 17
52 70 29
53 71 7
54 72 29
55 73 1
56 74 16
57 75 9
58 76 26
59 77 26
60 78 18
61 79 16
62 80 11
63 81 27
64 82 6
65 83 4
66 84 5
67 85 16
67 86 8
68 87 8
69 88 9
69 89 17
70 90 8
71 91 10
72 92 16
72 93 27
72 94 21
73 95 15
73 96 22
74 97 19
74 98 22
75 99 21
75 100 5
76 101 17
77 102 1
78 103 3
79 104 2
80 105 4
81 105 17
82 106 28
83 107 19
84 108 15
85 109 28
86 109 16
87 109 18
88 110 20
89 111 21
90 112 13
91 113 22
92 114 4
93 115 24
94 116 12
95 117 17
96 117 13
97 117 11
98 118 29
99 119 3
100 120 11
101 120 13
102 120 21
103 121 29
104 122 18
105 123 29
105 124 6
106 125 18
106 126 15
107 127 28
107 128 28
107 129 18
108 130 28
109 131 2
110 132 3
111 133 28
111 134 7
111 135 12
112 136 5
113 137 7
114 138 13
114 139 19
115 140 26
116 141 21
116 142 27
116 143 14
117 144 11
117 145 4
117 146 13
118 147 7
118 148 19
119 149 26
120 150 8
121 151 19
121 152 11
121 153 26
122 154 25
123 155 18
124 156 12
125 157 26
126 158 3
127 159 4
128 160 22
129 161 9
130 162 7
131 163 27
132 163 24
133 164 16
134 165 6
135 165 26
136 166 23
137 167 27
138 168 20
139 169 26
140 170 13
141 171 19
142 172 26
143 173 13
144 174 11
145 175 5
146 176 12
147 177 22
148 178 26
149 179 18
150 180 26
151 181 24
152 182 9
153 183 16
154 183 17
155 184 18
156 185 22
157 185 24
158 186 15
159 187 29
160 188 9
161 188 12
162 189 19
163 190 20
164 190 21
165 191 27
166 191 7
167 192 26
168 192 29
169 193 20
170 194 3
171 194 23
172 195 17
173 196 5
174 197 17
175 197 25
176 198 12
177 198 10
178 199 2
179 200 27
180 200 14
181 201 10
182 202 17
183 203 1
184 204 8
185 205 18
186 206 21
187 207 10
188 208 28
189 209 6
190 210 17
191 211 21
192 212 6
193 212 17
194 213 21
195 214 22
196 215 27
197 216 7
198 217 15
199 218 1
200 219 16
201 220 26
202 220 9
203 221 26
204 222 22
205 223 22
205 224 15
206 225 7
206 226 3
207 227 8
207 228 2
208 229 1
209 230 10
210 231 29
211 232 12
212 233 2
213 234 15
214 235 4
214 236 24
215 237 28
216 238 28
216 239 5
217 240 24
218 241 23
218 242 19
219 243 21
220 244 1
220 245 29
221 246 7
222 247 5
223 248 3
224 249 23
225 250 4
226 251 11
227 252 6
228 253 4
229 254 19
230 255 23
231 256 9
232 257 22
233 258 22
234 259 14
235 260 10
236 261 15
237 262 10
238 263 21
239 264 1
240 265 10
241 266 26
242 267 4
243 268 4
244 269 22
245 270 29
246 271 25
247 272 6
248 273 10
249 274 15
250 275 14
251 276 14
252 277 13
253 278 22
254 279 25
254 280 25
255 281 15
256 282 23
256 283 2
257 284 3
258 285 21
259 286 15
260 287 14
261 288 16
262 289 15
263 290 10
263 291 15
264 292 18
265 293 6
266 294 26
267 295 4
268 296 18
269 297 22
270 298 17
271 299 26
272 300 10
273 300 5
274 300 17
275 300 9
276 300 1
277 300 25
278 300 2
279 300 3
280 300 22
281 300 2
282 300 25
283 300 6
284 300 9
285 300 22
286 300 17
287 300 17
288 300 12
289 300 19
290 300 29
291 300 2
292 300 12
293 300 11
294 300 13
295 300 26
296 300 14
297 300 7
298 300 5
299 300 20
