1 2 40
1 3 20
1 4 51
1 5 28
2 6 44
3 7 50
3 8 28
4 9 45
5 10 45
5 11 57
5 12 10
6 13 52
7 14 26
8 15 31
8 16 27
8 17 13
9 18 58
9 19 27
10 20 64
11 21 34
12 22 20
12 23 56
12 24 33
13 25 64
14 26 67
15 27 67
16 28 3
17 28 61
18 29 43
19 30 16
20 31 50
21 32 23
22 32 55
23 33 20
24 34 50
25 35 66
26 35 28
27 36 5
28 37 8
29 37 43
30 38 32
31 39 64
32 39 18
33 40 47
34 41 64
35 42 66
36 43 53
37 44 55
37 45 64
38 46 8
39 47 47
39 48 38
39 49 12
39 50 16
40 51 23
41 52 67
42 53 28
43 54 65
44 55 45
45 56 52
46 57 40
47 58 7
48 58 15
49 59 37
50 59 57
51 60 40
52 61 15
53 62 29
54 63 30
55 64 8
55 65 63
56 66 8
57 67 45
58 68 43
58 69 37
59 70 44
60 71 19
61 72 25
61 73 4
62 74 28
63 75 24
64 76 13
65 77 39
66 78 46
67 79 38
68 80 50
69 81 20
70 82 26
71 83 33
72 84 47
73 85 34
74 86 45
75 87 59
76 88 62
77 89 25
78 90 14
79 91 54
80 92 8
81 93 38
82 94 22
83 95 30
84 95 12
85 96 17
86 97 48
87 98 40
88 99 38
89 99 6
90 100 21
91 101 31
92 102 23
93 103 9
94 104 55
95 105 6
96 105 66
97 106 11
98 107 39
99 108 52
100 109 1
101 110 27
102 111 49
103 112 3
104 113 20
105 114 47
106 115 45
106 116 29
107 117 44
108 118 40
109 119 54
109 120 55
110 121 32
110 122 28
111 123 26
112 124 44
113 125 10
114 126 31
114 127 48
115 128 18
116 129 48
117 130 9
118 130 15
119 130 64
120 131 31
121 132 25
122 133 6
123 134 12
124 135 42
125 135 39
126 136 34
127 136 52
128 137 7
128 138 6
128 139 10
128 140 45
129 141 16
129 142 41
129 143 68
130 144 11
130 145 30
130 146 24
131 147 56
131 148 10
131 149 61
132 150 63
132 151 15
132 152 10
132 153 53
133 154 54
133 155 24
133 156 36
134 157 65
134 158 16
134 159 5
134 160 23
135 161 69
135 162 4
135 163 57
135 164 56
136 165 59
136 166 55
136 167 41
137 168 2
138 168 69
139 169 14
140 169 37
141 169 19
142 169 67
143 170 44
144 171 60
145 171 66
146 171 42
147 171 44
148 171 49
149 171 33
150 172 14
151 172 10
152 172 13
153 172 27
154 173 26
155 173 9
156 173 31
157 173 48
158 173 56
159 174 33
160 174 59
161 174 61
162 174 65
163 174 9
164 175 50
165 175 53
166 175 8
167 175 51
168 176 65
168 177 40
168 178 5
169 179 4
170 180 52
171 181 63
172 182 69
172 183 35
173 184 45
174 185 19
174 186 5
175 187 10
176 188 26
176 189 29
177 190 16
178 191 59
178 192 45
179 193 39
180 194 60
180 195 28
181 196 66
182 197 68
183 198 1
184 199 23
185 200 63
186 201 37
187 202 28
188 203 12
189 204 64
190 204 48
191 204 57
192 204 9
193 205 49
194 205 31
195 205 16
196 205 35
197 206 33
198 206 36
199 207 35
200 208 5
201 209 25
202 209 21
203 210 34
203 211 30
204 212 14
205 213 47
205 214 39
206 215 61
206 216 25
207 217 22
208 218 2
208 219 61
208 220 8
209 221 2
209 222 21
210 223 42
211 224 10
212 225 41
213 226 63
214 226 54
215 226 1
216 227 40
217 228 68
218 228 39
219 229 69
220 230 37
221 231 66
222 232 66
223 233 34
224 234 7
225 235 40
226 236 10
227 237 14
228 238 42
229 239 10
230 240 2
231 241 2
231 242 2
232 243 11
233 244 37
234 245 51
235 246 66
236 247 60
237 248 47
238 249 12
239 250 13
239 251 48
240 252 5
241 253 40
241 254 19
242 255 9
243 256 40
244 257 43
245 258 23
246 258 58
247 259 49
248 259 18
249 260 43
250 261 28
251 261 36
252 262 47
253 263 60
254 263 62
255 264 3
256 265 54
257 266 27
258 267 51
258 268 49
259 269 29
260 270 18
261 271 56
262 272 43
263 273 66
264 274 25
264 275 69
264 276 18
265 277 30
266 278 24
267 278 6
268 278 54
269 279 29
270 279 57
271 280 4
272 281 42
273 282 2
274 283 65
275 284 69
276 284 55
277 284 53
278 285 63
279 286 43
280 287 48
281 288 56
282 289 67
283 290 13
283 291 44
284 292 44
285 293 8
286 294 38
287 294 9
288 295 27
289 296 62
290 297 5
291 298 21
292 299 9
293 300 59
294 300 17
295 300 62
296 300 47
297 300 66
298 300 64
299 300 12
