1 2 40
1 3 161
1 4 100
1 5 133
1 6 39
2 7 74
2 8 141
2 9 65
3 10 9
3 11 91
3 12 10
3 13 178
3 14 116
4 15 113
4 16 26
4 17 6
4 18 104
4 19 149
5 20 112
5 21 3
5 22 117
6 23 88
6 24 139
6 25 11
6 26 168
7 27 39
8 28 5
9 29 141
10 30 90
11 31 24
12 32 87
13 33 83
14 34 156
15 35 92
16 36 42
17 37 72
18 38 50
19 39 115
20 39 172
21 40 29
22 41 9
23 42 72
24 43 76
25 43 139
26 44 93
27 45 59
28 45 168
29 46 19
30 47 88
31 48 106
32 49 136
33 50 113
34 51 30
35 52 143
36 52 75
37 53 68
38 54 40
39 55 31
40 56 159
41 57 118
42 58 54
43 59 115
44 59 16
45 60 123
45 61 144
46 62 176
47 63 13
48 64 6
48 65 93
49 66 75
49 67 117
50 68 113
50 69 36
51 70 26
52 71 120
52 72 139
53 73 104
54 74 118
55 75 93
56 76 153
56 77 85
56 78 78
57 79 12
58 80 7
59 81 31
59 82 39
60 83 126
61 84 46
62 85 110
62 86 155
63 87 76
64 88 51
65 89 103
66 90 47
67 91 100
68 92 87
69 93 158
70 94 127
71 95 133
72 96 42
73 97 161
74 98 69
75 99 86
76 100 55
77 101 174
78 102 76
79 103 111
80 104 158
81 105 54
82 106 50
83 107 17
84 108 119
85 108 53
86 109 105
87 110 175
88 111 85
89 112 124
90 113 11
91 114 72
92 114 139
93 114 5
94 115 104
95 116 71
96 117 68
97 118 2
98 119 160
99 120 56
100 121 136
101 121 36
102 122 156
103 122 122
104 123 137
105 124 8
106 125 76
107 126 15
108 127 140
109 128 142
110 128 54
111 129 41
112 130 139
113 131 115
114 132 154
115 133 15
116 134 92
117 135 26
118 136 86
119 137 45
120 138 18
121 138 103
122 139 126
123 139 86
124 140 163
125 141 153
126 142 80
127 143 120
128 144 60
129 145 120
130 145 170
131 146 104
132 147 87
133 148 73
134 149 93
135 150 117
136 151 113
137 152 5
138 153 123
139 154 175
140 155 85
141 156 59
142 157 54
143 158 74
144 159 65
145 160 109
146 161 35
147 162 33
148 163 40
149 164 163
150 165 100
151 166 172
152 167 30
153 168 173
154 169 48
155 169 162
156 170 143
157 171 138
157 172 90
157 173 18
158 174 46
159 175 100
160 176 99
161 177 138
162 178 178
163 179 167
164 180 58
164 181 46
165 182 108
166 183 166
167 184 157
168 185 12
168 186 144
169 187 9
170 188 129
171 189 162
172 189 125
173 189 163
174 189 159
175 190 159
176 190 130
177 191 44
178 192 8
179 192 123
180 193 116
181 194 172
182 194 51
183 194 93
184 195 164
185 195 172
186 196 145
187 196 133
188 196 87
189 197 10
189 198 2
190 199 150
190 200 1
191 201 122
191 202 155
192 203 53
192 204 19
193 205 94
193 206 40
193 207 160
193 208 16
194 209 120
194 210 14
194 211 99
195 212 170
195 213 1
196 214 159
196 215 41
196 216 139
197 217 121
198 218 156
199 219 110
200 220 115
201 221 165
202 222 167
203 223 169
204 224 78
205 225 125
206 226 137
207 227 77
208 228 153
209 229 46
210 230 3
211 231 151
212 232 125
213 233 48
214 234 7
215 235 40
216 236 8
217 237 179
218 238 60
219 239 46
220 240 167
221 241 56
222 242 108
223 243 37
224 244 7
224 245 55
225 246 168
225 247 83
225 248 87
226 249 92
226 250 111
227 251 138
228 252 155
229 253 23
229 254 14
230 255 13
231 256 86
232 257 35
233 258 134
233 259 148
234 260 142
234 261 161
235 262 146
235 263 134
236 264 4
237 265 69
238 265 60
239 266 28
240 267 118
241 268 111
242 268 11
243 269 13
244 269 121
245 270 48
246 271 69
247 271 67
248 272 118
249 272 117
250 273 3
251 274 22
252 274 34
253 275 67
254 275 74
255 276 90
256 277 170
257 278 94
258 278 175
259 279 113
260 279 9
261 280 119
262 281 172
263 281 83
264 281 147
265 282 41
266 283 67
267 284 124
268 285 53
269 286 59
270 287 63
271 288 117
272 289 133
273 290 146
274 291 10
275 292 155
276 293 22
277 294 131
278 295 140
279 296 100
279 297 7
280 298 112
281 299 114
281 300 173
282 301 10
283 302 7
284 303 171
285 304 97
286 305 104
287 306 69
288 307 13
289 308 97
290 308 107
291 309 50
292 310 80
293 311 136
294 312 139
295 313 150
296 314 156
297 315 80
298 315 17
299 316 2
300 317 70
301 318 105
301 319 170
302 320 112
303 321 18
304 322 75
305 323 103
306 324 47
307 325 165
308 326 63
309 327 86
310 328 39
311 329 103
312 330 96
312 331 96
313 332 158
313 333 168
314 334 135
315 335 91
315 336 45
316 337 53
317 338 121
318 339 67
319 339 19
320 340 7
321 340 89
322 341 90
323 341 137
324 342 108
325 342 173
326 343 25
327 343 4
328 343 174
329 343 38
330 344 179
331 344 151
332 344 63
333 344 52
334 345 137
335 345 17
336 345 57
337 346 41
338 346 175
339 347 150
339 348 59
339 349 31
340 350 127
340 351 82
340 352 77
341 353 171
341 354 37
341 355 26
341 356 139
342 357 158
342 358 167
342 359 38
343 360 131
343 361 119
343 362 31
344 363 174
345 364 6
345 365 127
346 366 12
347 367 146
348 368 122
349 369 33
350 370 108
351 371 58
352 372 109
353 373 169
354 374 176
355 375 160
356 376 94
357 377 29
358 378 148
359 379 31
360 380 159
361 381 103
362 382 92
363 382 122
364 383 35
365 384 41
366 385 91
367 386 94
368 387 82
369 388 104
370 389 42
370 390 58
371 391 4
371 392 41
372 393 15
373 394 59
373 395 178
374 396 161
374 397 117
375 398 139
376 399 90
377 400 147
377 401 129
378 402 50
378 403 38
379 404 20
380 405 119
380 406 22
381 407 139
381 408 36
382 409 145
383 410 86
384 411 134
385 412 93
385 413 76
385 414 131
386 415 48
387 416 74
388 417 113
389 418 57
390 419 171
391 420 155
392 420 60
393 421 144
394 422 141
395 423 106
396 423 164
397 424 162
398 424 121
399 425 151
400 425 91
401 426 96
402 427 105
403 428 73
404 429 29
405 430 63
406 431 13
407 432 167
408 433 125
409 434 97
410 434 63
411 435 139
412 436 31
413 437 119
414 437 70
415 438 24
416 439 124
417 440 155
418 440 173
419 440 108
420 440 121
421 441 170
422 442 58
423 442 26
424 443 67
425 444 151
426 444 57
427 445 35
428 446 136
429 447 110
430 448 169
431 448 164
432 449 9
433 450 6
434 451 98
435 452 72
436 453 38
437 453 99
438 454 38
439 455 52
440 456 45
441 457 176
442 458 113
443 459 82
444 460 134
445 460 166
446 461 106
447 462 17
448 463 64
449 464 126
450 465 153
451 466 5
452 467 124
453 468 79
454 469 101
455 470 141
456 471 64
457 472 32
458 473 161
459 474 97
460 475 115
461 476 117
462 477 176
463 478 34
464 479 100
465 480 150
466 481 144
467 482 30
467 483 89
468 484 168
469 485 176
470 486 15
471 487 92
472 488 86
473 488 31
474 489 63
475 490 143
476 491 17
477 491 47
478 492 163
479 493 120
480 494 70
481 495 105
482 495 151
483 496 145
484 497 112
485 498 115
486 499 85
487 500 141
487 501 121
488 502 154
489 503 81
490 504 21
491 505 43
491 506 147
492 507 139
493 508 79
493 509 22
494 510 16
495 511 84
495 512 116
496 513 120
497 514 101
498 515 5
499 516 10
500 517 113
501 518 166
502 519 142
503 520 33
504 521 67
505 522 56
506 523 142
507 524 28
508 525 155
509 526 119
510 527 81
511 528 144
512 528 46
513 529 37
514 530 14
515 531 110
516 532 176
517 533 61
518 534 178
519 535 140
520 536 31
521 537 136
522 538 35
523 539 167
524 540 99
525 541 154
526 542 163
527 543 67
528 544 96
529 545 54
530 546 148
531 547 174
532 548 171
533 549 159
534 550 54
535 551 135
536 552 79
537 553 149
538 554 115
539 555 93
540 556 97
541 557 56
542 558 150
543 559 67
544 560 31
545 561 69
546 562 10
547 563 71
548 564 144
549 565 166
550 566 11
551 567 135
552 568 86
552 569 128
553 570 156
554 571 134
555 572 29
556 573 18
556 574 116
557 575 108
557 576 98
558 577 157
559 578 20
559 579 129
560 580 94
560 581 55
560 582 179
560 583 143
561 584 144
561 585 10
561 586 1
562 587 129
563 588 130
564 589 148
565 590 9
566 590 128
567 590 139
568 590 86
569 591 92
570 592 144
571 593 63
572 594 154
573 594 172
574 595 77
575 596 53
576 596 99
577 597 13
578 598 79
579 598 154
580 599 81
581 600 26
582 601 59
583 602 64
584 603 13
585 603 50
586 604 53
587 605 4
588 606 172
589 607 156
590 608 172
591 609 124
592 610 78
593 611 109
594 612 164
595 613 35
596 614 125
597 615 113
598 616 33
599 617 128
600 618 150
601 619 16
602 620 139
603 621 14
604 622 36
605 623 26
606 624 41
607 625 84
608 625 8
609 626 135
610 627 83
611 628 118
612 628 133
613 629 141
614 630 2
615 631 7
616 632 10
617 633 99
618 634 4
619 635 150
620 636 127
621 637 158
622 638 174
623 638 147
624 639 71
625 640 119
626 641 5
626 642 124
627 643 87
628 644 115
628 645 58
629 646 110
629 647 128
630 648 140
630 649 118
631 650 2
632 651 18
633 652 24
634 653 147
635 654 45
635 655 27
636 656 3
636 657 93
637 658 173
638 659 148
639 660 92
640 661 54
641 662 177
642 662 155
643 663 16
644 663 114
645 664 60
646 664 75
647 665 134
648 666 167
649 667 108
650 667 18
651 667 100
652 667 129
653 668 137
654 669 73
655 670 115
656 671 10
657 671 158
658 672 75
659 672 146
660 673 127
661 674 125
662 675 76
663 676 46
664 677 105
665 678 60
666 679 175
667 680 52
668 681 46
669 682 24
670 683 168
671 684 70
672 685 113
673 686 52
674 687 96
675 688 165
675 689 177
675 690 52
676 691 26
677 692 75
677 693 60
677 694 72
678 695 108
678 696 40
678 697 29
679 698 174
680 699 133
681 700 59
682 701 89
683 702 154
683 703 41
684 704 114
684 705 11
684 706 74
685 707 90
685 708 23
686 709 126
687 710 158
688 711 112
689 712 52
690 713 176
691 713 159
692 714 53
693 715 153
694 716 160
695 717 162
696 718 160
697 719 79
698 720 24
699 721 31
700 722 160
701 723 70
702 723 40
703 724 86
704 724 130
705 725 51
706 726 142
707 727 8
708 728 117
709 729 160
710 730 1
711 731 62
712 732 59
713 733 130
714 733 165
715 734 125
716 735 131
717 735 134
718 735 101
719 736 137
720 737 23
721 737 104
722 738 4
723 739 149
724 739 178
725 740 74
726 741 44
727 741 67
728 742 2
729 743 79
729 744 172
730 745 29
731 746 4
732 747 115
732 748 119
732 749 10
733 750 153
734 751 101
735 752 92
736 753 46
736 754 90
737 755 103
738 756 122
739 757 117
740 758 167
740 759 176
741 760 135
742 761 136
742 762 4
743 763 148
744 763 44
745 764 3
746 765 99
747 766 35
748 767 41
749 768 173
750 769 95
751 770 25
752 771 87
753 771 99
754 772 18
755 773 29
756 774 34
757 775 117
758 776 88
759 777 77
760 778 139
761 779 69
762 780 57
763 781 116
764 782 123
765 783 139
766 784 120
767 785 73
767 786 39
768 787 133
769 788 47
770 789 60
771 790 67
772 791 142
773 792 125
774 793 25
775 794 53
776 795 32
777 796 43
778 797 65
779 798 147
780 799 22
781 800 159
782 800 3
783 800 99
784 800 8
785 800 24
786 800 119
787 800 70
788 800 51
789 800 14
790 800 96
791 800 78
792 800 78
793 800 84
794 800 171
795 800 75
796 800 143
797 800 26
798 800 8
799 800 151
