1 2 1
1 3 1
1 4 1
2 5 1
2 6 1
2 7 1
3 8 1
3 9 1
3 10 1
4 11 1
4 12 1
4 13 1
4 14 1
4 15 1
5 16 1
6 17 1
7 18 1
7 19 1
8 20 1
9 21 1
10 22 1
10 23 1
11 24 1
12 25 1
13 26 1
13 27 1
14 28 1
15 29 1
15 30 1
16 31 1
17 32 1
18 33 1
19 34 1
20 35 1
21 36 1
22 37 1
22 38 1
23 39 1
24 40 1
24 41 1
25 42 1
26 43 1
27 44 1
28 45 1
29 46 1
30 47 1
31 48 1
32 49 1
33 50 1
34 51 1
35 52 1
36 53 1
37 54 1
38 55 1
39 56 1
40 57 1
41 58 1
42 58 1
43 59 1
44 60 1
45 61 1
46 62 1
47 63 1
48 64 1
49 64 1
50 65 1
51 65 1
52 65 1
53 66 1
54 66 1
55 67 1
56 68 1
57 69 1
58 69 1
59 69 1
60 70 1
61 71 1
62 72 1
63 73 1
64 74 1
64 75 1
65 76 1
65 77 1
66 78 1
66 79 1
67 80 1
67 81 1
67 82 1
68 83 1
69 84 1
69 85 1
70 86 1
71 87 1
71 88 1
72 89 1
72 90 1
73 91 1
74 92 1
75 92 1
76 93 1
77 94 1
78 94 1
79 94 1
80 95 1
81 96 1
82 97 1
83 97 1
84 98 1
85 98 1
86 99 1
87 100 1
88 101 1
89 101 1
90 102 1
91 103 1
92 104 1
93 105 1
94 106 1
94 107 1
95 108 1
95 109 1
96 110 1
96 111 1
97 112 1
98 113 1
99 114 1
100 115 1
101 116 1
102 117 1
103 118 1
104 119 1
105 120 1
106 120 1
107 121 1
108 122 1
109 123 1
110 124 1
111 125 1
112 126 1
113 127 1
114 128 1
115 129 1
116 130 1
117 131 1
118 132 1
119 133 1
120 134 1
120 135 1
120 136 1
120 137 1
121 138 1
122 139 1
123 140 1
124 141 1
125 142 1
126 143 1
127 144 1
128 145 1
129 146 1
130 147 1
131 148 1
132 149 1
133 150 1
134 151 1
135 152 1
136 152 1
137 153 1
138 154 1
139 155 1
140 156 1
141 157 1
142 158 1
143 159 1
144 160 1
145 161 1
146 162 1
147 163 1
148 164 1
149 165 1
150 166 1
151 167 1
152 168 1
153 169 1
154 170 1
155 171 1
156 171 1
157 172 1
158 172 1
159 173 1
160 174 1
161 175 1
162 176 1
163 177 1
164 178 1
165 179 1
166 180 1
167 181 1
168 181 1
169 182 1
170 182 1
171 183 1
172 184 1
173 185 1
174 186 1
175 186 1
176 187 1
177 188 1
178 189 1
179 190 1
180 191 1
181 192 1
182 193 1
183 194 1
184 195 1
185 196 1
185 197 1
185 198 1
185 199 1
186 200 1
187 201 1
188 202 1
189 203 1
189 204 1
190 205 1
191 206 1
192 207 1
193 208 1
194 209 1
194 210 1
195 211 1
196 212 1
197 213 1
198 214 1
199 215 1
200 216 1
201 217 1
201 218 1
201 219 1
202 220 1
203 221 1
204 222 1
205 223 1
206 224 1
207 225 1
208 226 1
209 227 1
210 228 1
211 229 1
212 230 1
213 231 1
214 232 1
215 233 1
216 234 1
217 235 1
218 236 1
218 237 1
219 238 1
219 239 1
220 240 1
220 241 1
221 242 1
222 243 1
223 244 1
224 245 1
225 246 1
226 247 1
227 248 1
228 249 1
229 250 1
230 251 1
231 252 1
232 253 1
233 254 1
234 255 1
235 256 1
236 257 1
237 258 1
238 259 1
239 260 1
240 261 1
241 262 1
242 263 1
243 264 1
244 265 1
245 266 1
246 266 1
247 267 1
248 268 1
249 269 1
250 270 1
251 270 1
252 271 1
253 272 1
254 273 1
255 274 1
256 275 1
257 275 1
258 276 1
259 277 1
260 278 1
261 279 1
262 280 1
263 281 1
264 281 1
265 282 1
266 283 1
267 284 1
268 285 1
269 286 1
270 287 1
271 288 1
272 289 1
273 290 1
274 291 1
275 292 1
276 293 1
277 294 1
278 295 1
279 296 1
279 297 1
280 298 1
281 299 1
282 300 1
283 301 1
284 302 1
285 303 1
286 304 1
287 305 1
288 305 1
289 306 1
290 307 1
291 308 1
292 308 1
293 309 1
294 310 1
295 310 1
296 311 1
297 312 1
298 313 1
299 314 1
300 315 1
301 316 1
302 317 1
303 318 1
304 319 1
305 320 1
306 321 1
307 322 1
308 323 1
309 324 1
310 325 1
311 326 1
312 327 1
312 328 1
313 329 1
314 330 1
315 331 1
316 332 1
317 333 1
318 334 1
319 335 1
320 336 1
321 337 1
321 338 1
322 339 1
322 340 1
323 341 1
323 342 1
324 343 1
325 344 1
326 345 1
327 346 1
328 347 1
329 348 1
330 349 1
330 350 1
331 351 1
332 352 1
333 353 1
334 354 1
335 355 1
336 356 1
337 357 1
338 358 1
339 359 1
340 360 1
341 361 1
342 362 1
343 363 1
344 364 1
345 365 1
346 366 1
347 367 1
348 368 1
349 369 1
350 369 1
351 370 1
352 371 1
352 372 1
353 373 1
354 374 1
355 375 1
356 376 1
357 377 1
358 378 1
359 379 1
360 380 1
361 381 1
361 382 1
362 383 1
363 384 1
364 385 1
365 386 1
366 387 1
367 388 1
368 389 1
369 390 1
370 391 1
371 392 1
372 393 1
373 393 1
374 394 1
375 394 1
376 395 1
377 395 1
378 395 1
379 396 1
380 397 1
381 398 1
382 399 1
383 400 1
384 400 1
385 401 1
386 402 1
387 403 1
388 403 1
389 404 1
390 404 1
391 405 1
392 406 1
392 407 1
393 408 1
394 409 1
394 410 1
395 411 1
396 412 1
397 413 1
398 414 1
399 415 1
400 416 1
400 417 1
401 418 1
401 419 1
402 420 1
403 421 1
404 422 1
405 423 1
406 424 1
407 425 1
408 426 1
408 427 1
408 428 1
408 429 1
409 430 1
409 431 1
409 432 1
409 433 1
409 434 1
410 435 1
410 436 1
410 437 1
411 438 1
411 439 1
412 440 1
413 441 1
413 442 1
414 443 1
414 444 1
414 445 1
415 446 1
416 447 1
417 448 1
417 449 1
417 450 1
418 451 1
418 452 1
419 453 1
420 454 1
420 455 1
420 456 1
421 457 1
421 458 1
421 459 1
422 460 1
423 461 1
423 462 1
424 463 1
425 463 1
426 463 1
427 464 1
428 464 1
429 464 1
430 464 1
431 464 1
432 465 1
433 466 1
434 466 1
435 466 1
436 466 1
437 467 1
438 468 1
439 468 1
440 468 1
441 469 1
442 469 1
443 470 1
444 470 1
445 470 1
446 470 1
447 471 1
448 471 1
449 471 1
450 471 1
451 472 1
452 472 1
453 472 1
454 472 1
455 473 1
456 473 1
457 473 1
458 474 1
459 474 1
460 475 1
461 475 1
462 475 1
463 476 1
464 477 1
465 478 1
466 479 1
467 480 1
468 481 1
469 482 1
470 483 1
471 484 1
472 485 1
473 486 1
474 487 1
474 488 1
475 489 1
476 490 1
477 491 1
478 492 1
479 493 1
480 494 1
481 495 1
482 496 1
483 497 1
484 498 1
485 499 1
485 500 1
486 501 1
486 502 1
487 503 1
488 504 1
489 505 1
490 506 1
491 507 1
492 508 1
493 509 1
494 510 1
495 511 1
496 512 1
497 513 1
498 514 1
499 515 1
500 516 1
501 517 1
501 518 1
502 519 1
503 520 1
504 521 1
505 522 1
506 523 1
507 524 1
508 524 1
509 524 1
510 525 1
511 526 1
512 527 1
513 528 1
514 528 1
515 528 1
516 529 1
517 529 1
518 530 1
519 531 1
520 532 1
521 533 1
522 533 1
523 534 1
524 535 1
525 536 1
525 537 1
526 538 1
527 539 1
528 540 1
529 541 1
530 542 1
530 543 1
531 544 1
532 545 1
532 546 1
532 547 1
532 548 1
533 549 1
533 550 1
533 551 1
534 552 1
535 553 1
536 554 1
537 555 1
538 556 1
539 557 1
540 557 1
541 558 1
542 558 1
543 559 1
544 559 1
545 560 1
546 560 1
547 561 1
548 562 1
549 563 1
550 564 1
551 564 1
552 565 1
553 566 1
554 567 1
555 568 1
556 569 1
557 570 1
558 571 1
559 572 1
560 573 1
561 574 1
562 575 1
563 576 1
564 577 1
565 578 1
566 579 1
567 580 1
568 581 1
569 582 1
570 583 1
571 584 1
572 585 1
573 586 1
574 587 1
574 588 1
575 589 1
576 590 1
577 591 1
578 592 1
579 593 1
580 594 1
581 595 1
581 596 1
582 597 1
583 598 1
583 599 1
584 600 1
585 601 1
586 602 1
587 603 1
588 604 1
589 605 1
589 606 1
590 607 1
591 608 1
592 609 1
593 610 1
594 611 1
595 612 1
596 613 1
596 614 1
597 615 1
597 616 1
598 617 1
599 618 1
600 619 1
601 620 1
601 621 1
601 622 1
602 623 1
602 624 1
603 625 1
604 626 1
605 627 1
606 628 1
607 629 1
608 630 1
609 631 1
610 632 1
611 633 1
612 634 1
613 635 1
614 636 1
615 636 1
616 637 1
617 638 1
618 638 1
619 639 1
620 640 1
621 640 1
622 641 1
623 641 1
624 642 1
625 643 1
626 644 1
627 645 1
628 646 1
629 647 1
630 647 1
631 648 1
632 648 1
633 649 1
634 649 1
635 649 1
636 650 1
637 650 1
638 651 1
639 652 1
640 653 1
641 654 1
642 655 1
643 656 1
644 657 1
645 658 1
646 659 1
647 660 1
648 661 1
648 662 1
648 663 1
649 664 1
650 665 1
650 666 1
651 667 1
651 668 1
652 669 1
653 670 1
653 671 1
654 672 1
655 673 1
655 674 1
656 675 1
657 676 1
657 677 1
658 678 1
658 679 1
659 680 1
659 681 1
659 682 1
660 683 1
660 684 1
661 685 1
662 686 1
663 687 1
664 688 1
665 688 1
666 689 1
667 690 1
668 690 1
669 690 1
670 691 1
671 692 1
672 692 1
673 692 1
674 692 1
675 692 1
676 692 1
677 693 1
678 694 1
679 694 1
680 695 1
681 696 1
682 696 1
683 697 1
684 698 1
685 699 1
686 700 1
687 701 1
688 702 1
689 703 1
690 704 1
691 705 1
692 705 1
693 706 1
694 707 1
695 708 1
696 709 1
697 710 1
698 711 1
699 712 1
699 713 1
700 714 1
701 715 1
702 716 1
703 717 1
704 718 1
704 719 1
705 720 1
706 721 1
706 722 1
707 723 1
707 724 1
708 725 1
709 726 1
710 727 1
710 728 1
710 729 1
711 730 1
712 731 1
713 732 1
714 732 1
715 733 1
716 734 1
717 735 1
718 735 1
719 736 1
720 737 1
721 738 1
722 739 1
723 740 1
724 741 1
725 741 1
726 742 1
727 743 1
728 744 1
729 744 1
730 745 1
731 746 1
732 747 1
732 748 1
733 749 1
734 750 1
735 751 1
736 752 1
737 753 1
738 754 1
739 755 1
739 756 1
739 757 1
740 758 1
740 759 1
741 760 1
742 761 1
743 762 1
744 763 1
745 764 1
746 765 1
747 765 1
748 766 1
749 767 1
750 768 1
751 768 1
752 769 1
753 770 1
754 770 1
755 771 1
756 771 1
757 771 1
758 772 1
759 773 1
760 773 1
761 774 1
762 774 1
763 775 1
764 776 1
765 777 1
766 778 1
767 778 1
768 779 1
769 780 1
770 780 1
771 781 1
772 782 1
773 782 1
774 783 1
775 783 1
776 784 1
777 785 1
777 786 1
777 787 1
777 788 1
778 789 1
778 790 1
778 791 1
778 792 1
779 793 1
779 794 1
779 795 1
780 796 1
781 797 1
782 798 1
782 799 1
783 800 1
783 801 1
783 802 1
784 803 1
784 804 1
785 805 1
786 806 1
787 806 1
788 806 1
789 807 1
790 808 1
791 809 1
792 810 1
793 811 1
794 811 1
795 812 1
796 812 1
797 813 1
798 813 1
799 814 1
800 815 1
801 815 1
802 816 1
803 817 1
804 818 1
805 819 1
806 820 1
807 821 1
808 822 1
809 823 1
810 824 1
810 825 1
810 826 1
810 827 1
811 828 1
812 829 1
813 830 1
813 831 1
814 832 1
815 833 1
816 834 1
817 835 1
818 836 1
819 837 1
819 838 1
820 839 1
821 840 1
822 841 1
822 842 1
823 843 1
824 844 1
824 845 1
825 846 1
826 847 1
827 848 1
828 849 1
829 850 1
829 851 1
829 852 1
829 853 1
830 854 1
831 855 1
832 856 1
833 857 1
833 858 1
834 859 1
834 860 1
835 861 1
836 862 1
837 863 1
838 863 1
839 864 1
840 864 1
841 865 1
842 866 1
843 866 1
844 867 1
845 868 1
846 869 1
847 870 1
848 871 1
849 872 1
850 873 1
851 874 1
852 875 1
853 876 1
854 877 1
855 878 1
856 879 1
857 879 1
858 880 1
859 881 1
860 882 1
861 882 1
862 883 1
863 884 1
864 885 1
865 885 1
866 885 1
867 886 1
868 886 1
869 887 1
870 888 1
871 889 1
872 890 1
873 890 1
874 891 1
875 892 1
876 892 1
877 893 1
878 894 1
879 895 1
880 896 1
881 897 1
882 898 1
883 899 1
884 900 1
885 900 1
886 900 1
887 900 1
888 900 1
889 900 1
890 900 1
891 900 1
892 900 1
893 900 1
894 900 1
895 900 1
896 900 1
897 900 1
898 900 1
899 900 1
