1 2 8
1 3 4
1 4 9
1 5 6
2 6 5
2 7 9
2 8 2
2 9 8
3 10 7
3 11 4
3 12 5
3 13 4
4 14 8
4 15 1
4 16 5
4 17 5
5 18 6
5 19 9
5 20 7
5 21 1
6 22 5
6 23 8
7 24 4
7 25 3
8 26 3
9 27 7
10 28 7
10 29 5
10 30 5
11 31 6
12 32 5
13 33 2
14 34 7
14 35 3
15 36 3
16 37 5
16 38 1
17 39 9
18 40 2
19 41 8
20 42 2
20 43 1
21 44 8
22 45 6
23 45 5
24 46 2
25 46 2
26 47 2
27 48 8
28 48 4
29 49 6
30 49 4
31 50 4
32 51 7
33 52 8
34 52 2
35 53 5
36 54 3
37 54 2
38 55 3
39 55 6
40 56 4
41 56 2
42 57 8
43 58 4
44 59 4
45 60 4
46 61 3
47 61 5
48 61 3
49 61 9
50 62 6
51 62 8
52 63 4
53 63 7
54 63 7
55 64 8
56 65 8
57 66 4
58 67 7
59 68 5
60 69 1
60 70 2
60 71 8
61 72 7
61 73 7
61 74 9
62 75 3
62 76 1
62 77 6
62 78 4
63 79 2
63 80 8
64 81 1
64 82 2
65 83 6
65 84 8
66 85 1
66 86 7
66 87 2
67 88 9
68 89 5
68 90 1
69 91 5
70 92 1
71 93 7
72 93 5
73 94 6
74 94 3
75 95 4
76 96 6
77 97 4
78 97 4
79 98 1
80 99 9
81 100 7
82 101 7
83 102 2
84 103 9
85 104 1
86 104 4
87 105 1
88 106 9
89 106 3
90 106 8
91 107 8
92 108 8
93 109 9
94 110 4
95 111 4
96 112 7
97 113 8
98 114 6
99 114 3
100 115 6
101 116 6
102 117 1
103 118 1
104 119 5
105 120 1
106 121 1
107 122 6
108 123 4
109 124 7
110 125 1
111 126 6
112 127 2
112 128 2
113 129 3
113 130 5
114 131 6
115 132 6
116 133 3
117 134 1
118 135 7
119 136 5
120 137 2
120 138 7
121 139 7
122 140 2
123 141 8
124 142 3
125 143 2
126 144 4
127 145 4
128 146 6
129 147 1
130 148 7
131 149 6
132 150 6
133 151 9
134 152 2
135 153 4
136 154 6
137 155 7
138 156 3
139 157 8
140 158 8
141 159 5
142 160 8
143 161 6
144 162 9
145 163 5
146 164 1
147 165 1
148 166 9
149 166 3
150 167 9
151 168 2
152 169 4
153 170 7
154 171 8
155 172 5
156 173 5
157 174 5
158 175 6
159 176 3
160 177 3
161 178 3
162 179 9
163 180 4
164 181 4
165 182 7
166 183 9
167 184 3
168 185 4
169 185 4
170 186 2
171 187 4
172 188 8
173 189 5
174 190 2
175 191 3
176 192 5
177 193 1
178 194 3
179 195 4
180 196 2
181 197 3
182 198 9
183 199 1
184 200 4
185 200 8
186 201 5
187 202 7
188 203 4
189 204 2
190 205 2
191 206 6
191 207 3
191 208 6
191 209 7
192 210 8
192 211 8
193 212 7
193 213 3
194 214 4
195 215 5
195 216 7
196 217 5
197 218 2
197 219 6
198 220 7
199 221 6
199 222 2
200 223 3
200 224 1
200 225 1
201 226 2
202 227 6
203 228 6
203 229 4
204 230 9
205 231 8
205 232 4
206 233 6
207 233 5
208 234 3
209 234 4
210 235 4
211 236 7
212 237 8
213 238 9
214 239 2
215 240 5
216 241 2
217 241 1
218 241 2
219 242 5
220 243 5
221 244 6
222 245 4
223 245 6
224 246 3
225 246 3
226 247 6
227 247 7
228 248 4
229 248 1
230 249 9
231 250 1
232 251 7
233 252 9
234 253 7
235 254 5
236 255 4
237 256 6
238 257 8
239 258 2
240 258 7
241 259 4
242 260 4
243 260 3
244 261 7
245 261 6
246 262 4
247 263 9
248 264 6
249 265 8
250 266 9
251 267 7
252 268 3
253 269 7
254 270 3
255 271 8
256 271 3
257 272 9
258 273 3
259 274 9
260 275 1
261 276 7
262 277 6
263 277 1
264 278 3
265 279 3
266 280 5
267 281 1
268 282 2
269 282 8
270 283 5
271 283 8
272 284 1
273 285 7
274 286 1
275 287 3
276 288 6
277 289 4
278 290 1
279 291 1
280 292 1
281 293 3
282 294 4
283 295 2
284 296 3
285 297 5
286 298 2
287 299 1
288 300 6
289 301 2
290 302 7
290 303 6
291 304 6
292 305 1
293 306 5
294 307 1
295 307 3
296 308 7
297 309 1
298 309 4
299 310 4
300 311 1
301 312 4
302 313 6
303 314 9
304 314 8
305 315 6
306 315 6
307 316 7
308 317 5
309 318 7
309 319 8
309 320 2
310 321 4
311 322 8
311 323 7
311 324 8
312 325 5
312 326 2
313 327 6
313 328 4
314 329 6
314 330 6
315 331 8
316 332 4
317 333 7
318 334 8
319 335 6
320 336 7
321 336 2
322 336 1
323 337 9
324 338 4
325 339 7
326 339 4
327 340 9
328 341 3
329 342 1
330 342 2
331 343 6
332 344 8
332 345 9
333 346 6
333 347 1
334 348 7
335 349 9
335 350 3
336 351 4
337 352 9
337 353 7
338 354 3
339 355 6
340 356 2
340 357 6
341 358 8
341 359 6
342 360 8
342 361 7
342 362 2
343 363 7
343 364 4
344 365 4
344 366 5
344 367 6
345 368 5
345 369 5
345 370 5
346 371 3
346 372 5
346 373 3
347 374 6
347 375 3
347 376 5
347 377 4
348 378 4
349 379 9
349 380 6
349 381 3
350 382 9
350 383 7
351 384 2
351 385 9
352 386 8
353 387 2
353 388 1
353 389 9
353 390 4
354 391 4
354 392 5
355 393 7
355 394 6
356 395 7
357 396 5
357 397 1
358 398 6
358 399 3
359 400 5
360 401 2
360 402 5
361 403 5
361 404 4
361 405 7
362 406 6
363 407 2
364 408 3
364 409 9
364 410 6
364 411 4
365 412 2
366 412 6
367 413 6
368 413 6
369 413 2
370 414 4
371 414 2
372 414 6
373 414 7
374 415 7
375 415 7
376 416 9
377 416 5
378 416 2
379 416 5
380 416 4
381 417 4
382 417 9
383 417 1
384 417 9
385 417 3
386 418 5
387 418 6
388 418 7
389 419 4
390 419 1
391 419 2
392 420 4
393 420 8
394 420 9
395 421 1
396 421 1
397 421 2
398 422 4
399 422 1
400 422 6
401 422 9
402 422 6
403 422 1
404 423 8
405 423 9
406 423 5
407 423 3
408 424 8
409 424 8
410 424 6
411 424 7
412 425 7
413 426 7
414 427 4
415 428 4
416 429 9
417 430 7
418 431 5
418 432 7
419 433 6
420 434 6
421 435 4
421 436 1
422 437 4
422 438 6
423 439 2
424 440 1
425 441 1
426 442 9
427 443 8
428 444 5
428 445 9
429 446 2
430 447 9
431 448 4
432 449 6
432 450 1
433 451 2
434 452 5
434 453 6
435 454 8
436 455 5
437 456 3
438 457 3
439 458 3
440 459 7
441 460 5
442 461 9
443 462 7
443 463 6
444 464 3
445 465 8
446 466 8
447 467 7
448 468 9
449 469 6
450 470 5
450 471 4
451 472 1
452 473 1
453 474 3
454 475 3
455 476 7
456 477 1
457 478 2
458 479 4
459 480 1
460 481 2
461 482 2
462 483 9
463 484 7
464 485 5
465 486 5
465 487 8
466 488 5
467 489 8
468 490 7
468 491 3
469 492 5
470 493 1
471 494 7
472 495 5
473 496 3
474 497 1
474 498 7
475 499 3
476 500 8
477 501 1
478 502 1
479 503 6
479 504 3
480 505 2
481 506 7
482 506 5
483 507 9
484 508 1
485 509 7
486 510 9
487 511 7
488 512 2
489 512 9
490 513 7
491 513 1
492 514 5
493 515 1
494 516 9
495 516 5
496 517 8
497 518 2
498 519 8
499 520 6
500 521 3
501 522 6
502 523 1
503 524 3
504 525 8
505 525 3
506 526 8
507 527 5
508 528 8
509 529 6
510 530 5
511 531 6
512 532 8
513 533 4
513 534 2
514 535 8
515 536 3
516 537 1
517 538 8
518 539 3
518 540 2
519 541 2
520 542 6
521 543 2
522 544 4
522 545 4
523 546 8
524 547 8
525 548 6
526 549 4
527 550 5
528 551 2
529 552 6
530 552 6
531 553 8
532 553 4
533 554 5
534 555 1
535 556 2
536 557 1
537 557 7
538 557 8
539 557 5
540 558 3
541 559 7
542 560 1
543 560 7
544 561 2
545 561 1
546 561 3
547 562 7
548 562 5
549 563 2
550 564 1
551 565 1
552 566 4
553 567 1
554 568 3
555 568 3
556 569 7
557 570 9
558 571 3
559 572 2
560 573 1
561 574 4
562 575 5
563 576 5
563 577 6
564 578 1
565 579 7
565 580 5
566 581 2
566 582 2
567 583 8
567 584 6
567 585 4
567 586 7
568 587 5
569 588 9
569 589 4
569 590 6
570 591 3
570 592 5
571 593 2
571 594 2
572 595 8
572 596 3
573 597 7
573 598 8
573 599 3
573 600 8
574 601 1
575 602 5
575 603 7
575 604 7
576 605 2
577 605 1
578 606 2
579 607 1
580 607 9
581 608 1
582 609 7
583 610 2
584 610 3
585 610 8
586 611 2
587 612 7
588 613 4
589 614 8
590 615 5
591 615 8
592 616 9
593 616 9
594 617 2
595 618 8
596 618 3
597 619 3
598 620 6
599 621 9
600 622 8
601 622 4
602 622 6
603 622 8
604 623 2
605 624 1
606 625 3
607 626 1
608 627 1
609 628 8
610 629 4
611 630 4
612 631 2
613 632 8
614 633 2
615 634 6
616 635 1
617 636 9
618 637 5
619 638 8
620 639 9
621 640 8
622 641 6
623 642 6
624 643 9
625 644 9
626 645 3
627 646 4
628 647 3
629 648 1
630 649 6
631 650 3
632 651 2
633 652 1
634 653 8
635 654 9
636 655 5
637 656 3
638 657 5
639 658 6
640 659 1
641 660 4
642 661 7
643 662 6
644 663 1
645 663 1
646 664 2
647 664 8
648 665 4
649 666 5
650 666 6
651 667 8
652 668 5
653 668 6
654 669 7
655 669 3
656 669 1
657 670 9
658 671 3
659 672 9
660 672 6
661 673 2
662 674 3
663 675 8
663 676 6
663 677 1
664 678 3
665 679 9
666 680 5
667 681 1
667 682 9
668 683 2
669 684 7
670 685 9
671 686 5
671 687 6
672 688 8
672 689 4
673 690 3
674 691 9
675 692 4
676 693 8
677 694 8
678 695 9
679 696 8
679 697 6
680 698 7
681 699 5
682 700 7
683 701 5
684 702 9
684 703 5
685 704 4
686 705 2
687 706 7
688 707 5
689 708 2
690 709 8
691 710 3
691 711 6
692 712 3
693 713 6
694 714 8
695 715 7
696 716 2
697 717 6
698 718 9
698 719 7
699 720 1
699 721 4
700 722 8
701 723 1
702 724 7
702 725 9
703 726 7
704 727 3
705 728 5
706 729 7
707 730 8
708 731 3
709 732 2
710 733 9
711 733 4
712 734 1
713 734 8
714 735 9
715 735 9
716 736 7
717 737 9
718 737 4
719 737 5
720 738 1
721 739 8
722 739 5
723 740 7
724 740 5
725 741 9
726 742 3
727 742 7
728 743 1
729 743 6
730 744 4
731 744 1
732 745 4
733 746 3
734 747 5
735 748 2
736 749 8
737 750 3
738 750 7
739 751 6
740 752 7
741 753 2
742 754 3
743 755 6
744 756 8
745 757 9
746 758 8
747 759 9
747 760 9
748 761 3
749 762 7
750 763 4
751 764 6
752 765 5
753 766 8
754 767 7
755 768 8
756 769 3
756 770 2
757 771 9
757 772 4
758 773 4
759 774 5
760 775 9
761 776 7
762 777 9
763 778 5
764 779 9
765 780 4
766 781 4
767 782 7
768 783 8
769 783 7
770 784 3
771 785 1
772 786 9
773 787 5
774 788 5
775 789 2
776 790 8
777 791 3
778 792 4
779 793 5
780 794 6
781 794 1
782 795 5
783 796 4
784 797 7
785 798 8
786 799 3
787 800 7
788 800 8
789 800 1
790 800 9
791 800 4
792 800 6
793 800 7
794 800 4
795 800 8
796 800 9
797 800 8
798 800 8
799 800 5
