1 2 5
1 3 2
2 4 5
2 5 5
2 6 2
3 7 5
3 8 1
3 9 4
3 10 3
4 11 1
5 12 4
5 13 4
5 14 2
6 15 3
6 16 1
6 17 4
6 18 3
7 19 4
8 20 5
8 21 5
9 22 4
10 23 3
11 24 1
12 25 1
12 26 3
13 27 3
14 28 2
14 29 1
15 30 5
16 31 2
17 32 4
17 33 4
18 34 2
18 35 3
19 36 5
20 37 1
20 38 1
20 39 4
21 40 4
21 41 5
22 42 2
23 43 3
24 44 1
25 45 3
26 46 5
27 47 5
28 47 1
29 48 5
30 49 5
31 50 5
32 51 1
33 52 4
34 53 5
35 53 1
36 54 1
37 55 5
38 55 1
39 56 2
40 57 1
41 58 2
42 59 5
43 60 5
44 61 3
45 62 4
46 63 4
47 64 1
47 65 4
48 66 4
48 67 5
49 68 1
50 69 3
50 70 2
51 71 3
52 72 1
53 73 1
53 74 3
54 75 3
55 76 3
56 77 1
56 78 5
57 79 2
58 80 1
59 81 1
60 82 5
61 83 5
62 83 4
63 83 4
64 84 2
65 85 3
66 86 1
67 87 2
68 87 4
69 88 2
70 89 5
71 90 5
72 91 1
73 92 3
74 92 4
75 93 5
76 94 2
77 94 3
78 95 5
79 95 2
80 96 3
81 97 3
82 97 4
83 98 5
83 99 5
84 100 1
85 101 5
86 102 4
87 103 5
87 104 1
88 105 4
89 106 1
89 107 3
89 108 2
90 109 2
91 110 3
92 111 4
93 112 3
94 113 5
95 114 1
96 115 3
97 116 4
98 117 3
99 118 4
100 119 1
101 120 1
102 121 3
103 121 2
104 122 5
105 123 2
106 124 1
107 125 4
108 126 2
109 127 3
110 128 5
111 129 1
112 130 1
113 130 4
114 130 2
115 131 3
116 132 4
117 133 2
118 134 4
119 135 5
120 136 5
121 137 5
122 138 2
123 139 2
124 140 1
125 141 4
126 142 5
127 143 1
128 144 2
129 145 5
130 146 4
131 146 3
132 147 3
133 148 1
134 149 3
135 150 1
135 151 4
136 152 3
137 153 5
138 154 1
139 155 4
139 156 4
140 157 3
140 158 3
141 159 5
141 160 1
142 161 5
143 162 1
144 163 1
145 164 2
146 165 3
147 166 3
147 167 3
148 168 3
149 169 3
150 170 1
151 171 4
152 172 2
153 172 4
154 172 5
155 173 4
156 173 5
157 173 2
158 174 4
159 175 1
160 176 5
161 176 2
162 177 5
163 178 5
164 179 5
165 180 5
166 181 1
167 182 3
168 183 5
169 184 5
170 185 3
171 186 4
172 187 2
173 187 4
174 188 3
175 189 2
176 190 5
177 191 5
178 192 4
179 193 2
180 194 1
181 195 3
182 196 2
183 197 4
184 198 3
185 199 5
186 200 5
187 201 1
187 202 3
188 203 2
188 204 5
189 205 2
190 206 2
191 207 1
192 208 4
193 209 1
194 210 1
195 211 1
196 212 5
197 213 4
198 214 5
199 215 3
200 216 2
201 217 5
202 218 4
203 219 2
204 220 5
205 221 4
206 222 1
207 223 5
208 224 1
209 225 4
210 226 3
211 227 1
212 228 4
213 229 2
214 229 5
215 230 3
216 231 2
217 232 4
218 233 1
219 234 3
220 234 1
221 235 2
222 236 1
223 237 3
224 238 4
225 239 1
226 240 1
227 241 5
228 241 1
229 242 5
229 243 4
229 244 3
230 245 4
230 246 4
231 247 1
231 248 2
232 249 3
233 250 4
234 251 5
235 252 1
235 253 4
235 254 4
236 255 1
236 256 5
237 257 1
237 258 5
238 259 2
239 260 1
240 261 2
241 262 3
241 263 4
242 264 3
243 265 1
244 266 4
245 267 4
246 268 3
247 268 5
248 269 1
249 269 5
250 270 1
251 271 5
252 272 5
253 272 1
254 272 1
255 272 5
256 273 1
257 273 5
258 274 4
259 275 5
260 276 5
261 276 2
262 277 3
263 277 1
264 278 4
265 279 3
266 280 5
266 281 3
266 282 3
267 283 5
267 284 2
268 285 5
269 286 3
269 287 5
270 288 4
270 289 4
271 290 5
272 291 4
273 292 5
274 293 2
274 294 1
274 295 5
275 296 3
275 297 4
276 298 1
277 299 5
277 300 1
278 301 1
279 301 3
280 302 1
281 303 5
282 303 3
283 303 2
284 304 1
285 304 1
286 305 2
287 305 2
288 306 3
289 306 2
290 307 3
291 307 4
292 307 5
293 308 5
294 309 5
295 310 4
296 311 4
297 311 5
298 311 2
299 312 4
300 312 1
301 313 3
301 314 1
302 315 4
303 316 1
304 317 5
305 318 3
306 319 5
307 320 2
308 321 1
309 322 3
310 323 5
311 324 5
312 325 2
313 326 5
313 327 4
313 328 4
314 329 2
314 330 4
315 331 2
316 332 4
317 333 1
317 334 3
318 335 1
318 336 5
319 337 2
320 338 5
321 339 3
322 340 1
322 341 1
323 342 1
324 343 5
324 344 3
325 345 1
326 346 2
327 347 5
328 348 3
329 349 3
330 350 1
331 351 2
332 352 1
333 353 4
334 354 3
335 355 3
336 356 3
337 357 2
338 358 3
339 358 2
340 359 1
341 360 5
342 361 2
343 362 5
344 363 2
345 363 4
346 364 2
347 365 1
348 366 1
349 367 4
350 368 1
351 369 2
352 370 5
352 371 4
353 372 2
354 373 4
355 374 3
356 375 5
357 376 3
358 377 4
358 378 1
359 379 1
360 380 3
361 381 2
362 382 2
363 383 4
364 384 3
364 385 5
365 386 3
366 387 5
366 388 4
367 389 4
368 390 4
368 391 5
368 392 5
369 393 3
369 394 3
369 395 5
370 396 1
370 397 4
370 398 1
371 399 4
371 400 4
371 401 4
371 402 1
372 403 3
372 404 3
372 405 2
373 406 1
373 407 3
374 408 1
375 409 5
375 410 5
375 411 2
375 412 5
376 413 2
376 414 3
377 415 5
377 416 5
378 417 4
378 418 1
378 419 2
379 420 3
379 421 4
379 422 1
380 423 4
380 424 4
380 425 3
381 426 3
382 427 2
383 428 2
384 429 2
385 429 2
386 429 2
387 429 1
388 429 3
389 430 5
390 430 1
391 430 5
392 431 5
393 431 1
394 431 3
395 432 1
396 432 5
397 432 1
398 433 4
399 433 1
400 434 2
401 434 5
402 435 3
403 435 3
404 435 4
405 435 5
406 435 2
407 436 2
408 436 1
409 436 2
410 436 5
411 437 5
412 437 5
413 437 4
414 438 2
415 438 2
416 439 1
417 439 5
418 439 2
419 440 4
420 440 1
421 441 1
422 441 2
423 441 1
424 442 3
425 442 4
426 442 3
427 443 3
428 443 3
429 444 3
429 445 1
430 446 3
431 447 2
432 448 5
433 449 4
434 450 3
435 451 4
435 452 5
436 453 5
436 454 5
437 455 2
438 456 1
439 457 3
440 458 4
441 459 3
442 460 2
442 461 4
443 462 2
443 463 1
444 464 1
445 464 3
446 464 5
447 465 4
448 466 5
449 467 3
450 467 2
451 468 5
452 469 3
453 469 1
454 470 3
455 471 4
456 472 4
457 473 3
458 474 5
459 474 4
460 475 5
461 476 4
462 477 3
463 478 2
464 479 3
464 480 1
465 481 5
465 482 5
466 483 3
467 484 4
468 485 5
468 486 3
469 487 4
470 488 2
471 489 1
472 490 1
472 491 4
473 492 5
474 493 4
475 494 1
476 495 1
476 496 1
477 497 4
478 498 1
478 499 3
479 500 5
480 501 3
481 502 1
482 502 2
483 503 1
484 504 2
485 505 4
486 506 2
487 507 4
488 508 5
489 509 5
490 510 1
491 511 1
492 512 5
493 513 4
494 514 1
495 515 5
496 516 2
497 517 3
498 518 5
499 519 4
500 520 4
501 521 1
502 521 2
503 521 5
504 522 5
505 523 5
506 524 3
507 525 5
508 526 2
509 527 2
510 528 1
511 529 3
512 530 3
513 531 2
514 532 2
515 533 3
516 534 5
517 534 2
518 535 4
519 536 2
520 537 4
521 538 3
522 538 5
523 539 5
524 540 4
525 541 4
526 541 4
527 542 4
528 543 2
529 544 3
530 545 3
531 545 4
532 546 3
533 547 1
534 548 4
535 549 3
536 549 4
537 550 2
538 550 4
539 551 3
540 551 1
541 551 3
542 552 2
543 552 3
544 552 3
545 553 2
546 553 4
547 554 3
548 554 5
549 555 3
550 556 5
550 557 3
550 558 1
550 559 1
551 560 1
551 561 5
552 562 2
553 563 1
553 564 4
554 565 4
555 566 1
555 567 1
555 568 2
556 569 1
556 570 4
557 571 3
557 572 2
558 573 4
558 574 3
559 575 5
560 576 4
561 577 5
561 578 5
561 579 4
562 580 2
563 581 4
564 582 1
565 583 1
566 584 5
567 585 4
567 586 1
567 587 4
568 588 1
568 589 4
569 590 3
570 590 2
571 590 1
572 590 1
573 591 2
574 592 3
575 592 3
576 593 1
577 594 1
578 594 3
579 595 1
580 595 1
581 595 5
582 596 2
583 596 5
584 597 4
585 598 2
586 599 2
587 600 3
588 600 5
589 601 4
590 602 4
591 603 1
592 604 2
593 605 5
594 606 2
595 607 2
596 608 3
596 609 5
597 610 1
598 611 4
599 612 4
600 613 4
601 614 2
602 615 4
603 616 5
604 617 4
605 618 4
606 619 1
607 620 5
608 621 2
609 622 5
610 623 5
611 624 2
612 625 4
613 626 5
614 627 1
615 628 1
616 629 2
616 630 4
617 631 3
618 632 2
618 633 3
619 634 4
619 635 4
620 636 3
621 637 2
622 638 5
623 639 4
624 640 2
625 641 5
625 642 3
626 643 3
627 644 5
628 645 5
628 646 2
629 647 1
630 648 4
631 649 1
632 650 4
633 651 5
633 652 1
634 653 1
635 654 5
636 655 1
637 656 4
638 657 4
639 658 5
640 659 5
641 660 1
642 661 4
643 662 2
644 663 5
645 664 1
646 664 5
647 664 5
648 664 5
649 665 5
650 665 3
651 665 1
652 665 3
653 666 2
654 667 2
655 667 1
656 668 2
657 668 4
658 668 1
659 669 2
660 669 4
661 670 5
662 671 1
663 671 5
664 672 1
664 673 1
665 674 1
665 675 2
666 676 3
666 677 1
666 678 3
666 679 4
667 680 3
667 681 3
668 682 4
668 683 3
668 684 3
669 685 2
669 686 2
670 687 5
671 688 5
671 689 4
671 690 2
672 691 2
673 692 5
674 693 2
675 694 1
675 695 2
676 696 5
676 697 2
677 698 5
678 699 4
678 700 3
679 701 4
680 702 1
680 703 4
681 704 5
682 705 1
683 706 3
684 707 2
685 708 2
686 709 2
687 710 3
688 711 2
689 712 4
690 713 4
690 714 1
691 715 2
692 716 3
693 717 4
694 717 4
695 717 3
696 718 3
697 718 5
698 719 4
699 719 4
700 720 4
701 721 1
702 721 4
703 722 1
704 722 3
705 723 1
706 724 3
707 724 5
708 724 4
709 725 3
710 725 4
711 726 1
712 726 2
713 727 1
714 728 3
715 729 2
716 729 2
717 730 2
718 731 5
719 731 1
720 732 3
721 733 2
722 734 5
723 735 1
724 736 4
725 736 3
726 737 5
727 738 4
728 739 5
729 740 5
729 741 5
730 742 5
731 743 1
732 744 3
732 745 4
733 746 4
733 747 3
734 748 2
735 749 2
736 750 1
737 751 2
737 752 1
738 753 4
738 754 5
739 755 2
740 756 3
741 757 5
742 757 3
743 758 3
744 759 2
745 760 3
746 761 3
747 762 4
748 762 2
749 763 4
750 764 5
751 765 3
752 766 4
753 766 2
754 767 4
755 768 1
756 769 1
757 770 3
757 771 2
758 772 3
759 773 4
759 774 2
760 775 4
761 776 3
762 777 1
762 778 3
762 779 2
763 780 4
764 781 5
764 782 1
765 783 5
766 784 3
767 785 2
768 786 4
769 787 3
770 787 4
771 788 5
772 788 5
773 789 5
774 790 2
775 791 5
776 792 5
777 793 1
778 794 3
779 794 2
780 795 1
781 795 5
782 796 4
783 796 3
784 797 2
785 798 2
786 799 1
787 800 2
788 800 1
789 800 5
790 800 5
791 800 4
792 800 2
793 800 5
794 800 3
795 800 1
796 800 3
797 800 4
798 800 5
799 800 2
