1 2 3
1 3 1
1 4 7
1 5 5
1 6 4
2 7 7
2 8 7
2 9 6
3 10 3
3 11 3
3 12 6
3 13 1
3 14 5
4 15 6
4 16 5
4 17 1
4 18 2
4 19 5
5 20 3
5 21 4
5 22 1
5 23 6
5 24 6
6 25 5
6 26 6
6 27 6
6 28 2
7 29 6
8 30 3
9 31 6
10 32 7
11 33 6
12 34 7
13 35 5
14 36 2
15 37 7
16 38 6
17 39 4
18 40 4
19 41 3
20 42 1
21 43 6
22 44 2
23 45 4
24 46 4
25 47 3
26 48 3
27 49 6
28 50 6
29 51 1
30 51 4
31 52 6
32 53 2
33 54 3
34 54 2
35 55 7
36 56 4
37 56 1
38 56 2
39 57 3
40 58 5
41 59 1
42 60 1
43 61 6
44 62 3
45 62 2
46 62 7
47 63 4
48 63 6
49 64 1
50 64 7
51 65 6
51 66 5
52 67 6
53 68 2
53 69 7
53 70 4
54 71 7
55 72 1
56 73 2
57 74 4
58 75 6
59 76 1
60 77 7
60 78 7
61 79 2
62 80 1
62 81 6
63 82 1
64 83 2
65 84 6
66 85 3
67 86 5
68 87 1
69 88 3
70 89 7
71 90 1
72 91 6
73 92 4
74 92 6
75 93 7
76 93 1
77 94 5
78 95 6
79 96 1
80 96 1
81 97 4
82 98 3
83 99 1
84 100 4
85 101 7
86 102 1
87 103 5
88 104 5
89 105 1
90 106 4
91 107 6
92 108 2
93 108 3
94 109 7
95 110 1
96 111 4
97 112 1
98 113 6
99 114 6
100 115 6
101 116 5
102 117 3
103 118 6
104 119 5
105 120 5
105 121 1
106 122 5
107 123 7
107 124 5
108 125 3
109 126 1
109 127 6
110 128 2
110 129 2
111 130 2
111 131 6
112 132 2
113 133 4
114 134 7
115 135 1
116 135 7
117 136 7
118 137 2
119 137 1
120 138 2
121 139 5
122 140 6
123 141 4
124 142 2
125 142 6
126 143 5
127 144 2
128 144 3
129 145 1
130 146 6
131 146 5
132 147 6
133 148 5
134 148 7
135 149 4
136 150 6
137 151 4
137 152 7
138 153 6
138 154 1
139 155 3
139 156 4
140 157 7
141 158 5
142 159 3
143 160 5
144 161 2
145 162 3
145 163 5
145 164 7
146 165 7
146 166 4
146 167 5
147 168 7
148 169 1
149 170 2
150 171 2
151 172 2
152 173 1
152 174 4
153 175 6
154 176 1
155 177 3
156 178 7
157 179 1
158 180 4
159 181 1
160 182 6
161 183 5
162 184 7
163 185 4
164 186 6
165 187 7
166 188 5
167 189 1
168 190 1
169 191 2
170 192 4
171 193 7
172 193 1
173 194 3
174 194 2
175 195 4
176 196 3
177 197 2
178 198 6
179 199 5
180 200 2
181 201 1
182 202 1
183 203 7
184 204 7
185 205 4
186 206 1
187 207 4
188 208 4
189 209 4
190 210 6
191 211 7
192 212 4
193 213 5
194 214 3
195 215 7
196 215 2
197 216 3
198 217 7
199 217 2
200 218 1
201 218 1
202 219 4
203 220 3
204 221 7
205 222 7
206 223 7
207 224 1
208 225 2
209 226 5
210 227 3
211 228 5
212 229 3
213 230 6
214 231 4
215 232 4
216 233 1
217 234 3
218 235 7
219 236 6
220 236 5
221 237 2
222 238 3
223 238 5
224 239 1
225 240 3
226 241 2
227 242 2
228 243 2
229 244 7
229 245 6
230 246 6
231 247 5
232 248 1
233 249 6
234 250 6
234 251 1
235 252 7
235 253 5
236 254 3
236 255 6
237 256 7
238 257 4
239 258 3
240 259 4
240 260 2
241 261 7
241 262 5
242 263 3
243 264 1
244 265 3
245 265 3
246 266 1
247 267 4
248 268 1
249 269 7
250 270 5
251 271 3
252 271 4
253 272 4
254 273 2
255 273 1
256 273 6
257 274 6
258 274 4
259 275 6
260 276 1
261 276 1
262 276 1
263 277 5
264 278 2
265 279 3
266 280 1
267 281 7
268 282 5
268 283 3
268 284 3
268 285 7
269 286 4
270 287 1
271 288 3
272 289 4
273 290 2
274 291 7
275 292 6
276 293 6
277 294 6
278 295 1
279 296 7
280 297 7
281 298 6
282 299 7
283 300 5
284 301 7
284 302 1
285 303 4
286 304 5
287 305 1
288 306 1
289 307 7
290 308 2
291 309 7
292 310 4
293 311 3
294 312 4
295 313 6
296 314 1
297 315 2
298 316 6
299 317 6
300 318 2
301 319 4
302 320 4
303 321 7
304 322 2
305 322 2
306 323 1
307 324 6
308 325 1
309 326 3
310 327 5
311 327 7
312 327 5
313 328 3
314 329 1
314 330 3
315 331 4
316 332 2
316 333 5
317 334 2
318 335 5
318 336 2
319 337 1
320 338 7
321 339 5
321 340 2
322 341 1
323 342 4
324 343 2
325 344 5
325 345 4
326 346 4
327 347 2
328 348 2
328 349 5
328 350 3
329 351 6
330 352 5
331 352 3
332 353 2
333 353 1
334 353 2
335 354 3
336 355 3
337 356 5
338 356 3
339 357 1
340 358 3
341 359 7
342 360 6
343 361 2
344 361 3
345 361 7
346 362 4
347 362 1
348 363 2
349 364 3
350 365 4
351 366 6
352 367 1
353 368 3
354 369 6
355 370 3
356 371 3
356 372 7
357 373 4
357 374 6
358 375 1
359 376 2
360 377 5
360 378 3
361 379 1
362 380 1
363 381 4
364 382 6
365 383 2
366 384 7
367 385 4
368 386 5
369 387 7
370 388 2
371 389 4
372 390 4
373 390 3
374 391 7
375 392 5
376 393 3
377 393 1
378 394 2
379 395 7
380 395 6
381 396 5
382 397 4
383 397 3
384 398 1
384 399 4
384 400 2
385 401 6
386 402 5
386 403 5
386 404 5
387 405 7
388 406 2
389 407 6
389 408 1
390 409 3
390 410 2
390 411 5
391 412 2
392 413 3
393 414 5
394 415 6
395 416 4
395 417 2
396 418 1
397 419 7
398 420 6
399 421 3
400 421 4
401 422 2
402 423 1
403 424 7
404 424 7
405 425 1
406 426 7
407 427 3
408 428 1
409 429 4
410 430 1
411 431 6
412 432 1
413 433 2
414 433 5
415 434 5
416 434 2
417 435 5
418 435 7
419 436 2
420 437 3
421 438 7
422 439 2
422 440 5
423 441 6
424 442 1
425 443 6
426 444 6
426 445 4
426 446 6
427 447 7
428 448 2
429 449 3
430 450 5
431 451 7
431 452 5
432 453 6
433 454 1
434 455 5
435 456 5
436 457 3
436 458 3
437 459 7
438 459 3
439 459 2
440 460 4
441 460 5
442 461 6
443 461 3
444 462 2
445 463 1
446 463 3
447 463 5
448 464 1
449 464 7
450 465 3
451 466 6
452 467 5
453 468 7
454 468 6
455 469 1
456 470 1
457 471 5
458 472 1
459 473 7
460 474 6
461 475 2
462 476 1
462 477 4
463 478 2
464 479 7
465 480 4
466 481 1
467 482 4
468 483 1
469 484 3
470 485 7
471 486 5
472 487 2
473 488 6
474 489 4
475 490 2
476 491 3
477 492 7
478 493 4
479 494 2
480 495 5
481 496 4
482 497 3
483 498 4
484 499 3
485 500 2
486 501 2
487 502 3
488 503 7
489 504 2
490 504 1
491 505 7
492 506 3
493 507 7
494 508 4
495 509 4
496 510 2
497 511 2
498 512 2
499 513 3
500 514 7
501 515 4
502 516 3
503 517 7
504 518 6
505 519 6
506 520 7
507 521 4
508 522 1
508 523 3
509 524 5
510 525 5
511 526 5
512 527 3
513 528 4
513 529 4
514 530 6
515 531 1
515 532 4
515 533 2
516 534 2
516 535 6
516 536 5
517 537 2
518 538 2
519 538 2
520 538 6
521 539 5
522 540 1
523 541 4
524 542 7
525 543 2
526 544 2
527 545 6
528 546 6
529 546 6
530 546 4
531 547 1
532 547 6
533 548 3
534 549 5
535 549 4
536 550 7
537 551 6
538 552 5
538 553 1
539 554 2
539 555 2
539 556 2
540 557 5
541 558 3
541 559 5
541 560 4
542 561 5
543 562 3
543 563 7
544 564 5
545 565 6
546 566 5
547 567 5
548 568 3
548 569 5
549 570 3
550 571 3
551 572 2
552 572 4
553 573 7
554 573 2
555 574 7
556 574 5
557 575 1
558 576 1
559 576 6
560 577 4
561 578 4
562 578 5
563 578 5
564 579 2
565 580 3
566 581 6
567 581 4
568 582 4
569 582 7
570 583 2
571 584 7
572 585 4
573 586 7
574 587 6
574 588 5
575 589 1
576 590 3
576 591 1
577 592 6
578 593 3
579 594 6
579 595 1
580 596 2
580 597 2
581 598 4
581 599 1
582 600 4
582 601 1
583 602 3
584 603 2
584 604 7
585 605 4
586 606 1
586 607 6
587 608 7
588 609 1
589 610 1
590 611 6
591 612 5
592 613 1
593 614 7
594 615 1
595 616 6
595 617 4
596 618 6
597 619 1
598 620 5
599 621 1
600 622 5
601 623 2
602 624 2
603 625 1
604 626 4
605 627 2
606 627 5
607 628 1
608 629 5
609 630 7
610 630 3
611 631 4
612 632 6
613 633 3
614 633 4
615 634 7
616 635 3
617 636 5
618 637 7
619 638 5
620 638 7
621 639 4
622 639 5
623 639 3
624 640 1
625 640 7
626 641 3
627 642 2
628 643 5
629 644 5
630 645 2
631 646 2
632 647 6
633 648 7
634 649 1
635 650 1
636 651 3
637 652 2
638 653 6
639 654 2
640 655 4
641 656 4
642 657 5
643 658 5
644 659 2
645 660 2
646 661 4
647 662 5
648 662 7
649 663 2
650 664 1
651 665 3
652 666 2
653 666 2
654 667 5
655 668 2
656 669 7
657 670 6
658 671 2
659 672 7
660 673 2
661 674 4
661 675 4
662 676 2
662 677 5
663 678 5
663 679 3
664 680 6
665 681 2
666 682 6
666 683 7
666 684 3
666 685 3
666 686 5
667 687 5
668 688 3
668 689 7
669 690 3
669 691 2
670 692 5
671 692 7
672 693 1
673 694 3
674 694 6
675 695 3
676 695 5
677 695 5
678 696 3
679 697 1
680 697 6
681 698 4
682 699 2
683 700 4
684 701 2
685 701 5
686 702 7
687 702 6
688 703 5
689 704 1
690 705 4
691 705 1
692 706 5
693 707 4
694 708 7
695 709 5
696 710 2
697 710 7
698 711 4
699 712 1
700 713 3
701 714 4
702 715 1
703 716 1
704 717 6
705 718 2
706 719 2
707 720 6
708 721 2
709 722 5
710 723 6
711 724 6
712 725 6
712 726 5
713 727 6
714 728 7
715 729 3
716 730 3
717 731 1
717 732 7
718 733 3
719 734 5
719 735 5
720 736 7
721 737 4
722 738 6
723 739 1
724 740 6
724 741 4
725 742 7
726 743 1
727 744 2
728 745 2
729 746 4
730 747 1
730 748 4
731 749 3
732 750 1
733 751 1
734 752 6
735 753 6
736 754 5
737 755 2
738 756 5
739 757 5
740 758 7
741 759 3
742 760 6
743 761 7
744 762 7
745 763 1
746 763 6
747 764 7
748 765 4
749 766 4
750 767 6
751 768 2
752 769 4
753 770 1
754 770 3
755 771 2
756 772 2
757 773 3
758 774 4
759 775 7
760 776 7
761 777 5
762 778 1
763 779 6
764 780 3
765 781 2
766 782 2
767 783 6
768 784 7
769 785 5
770 786 3
771 787 3
772 788 4
773 789 6
774 790 3
775 790 1
776 791 5
777 792 2
778 793 4
779 794 7
780 795 7
781 796 3
782 797 4
783 798 5
784 799 7
785 800 3
786 800 5
787 800 6
788 800 2
789 800 7
790 800 1
791 800 1
792 800 7
793 800 7
794 800 4
795 800 3
796 800 5
797 800 1
798 800 4
799 800 7
