1 2 1
1 3 1
1 4 1
1 5 1
2 6 1
2 7 1
3 8 1
3 9 1
4 10 1
4 11 1
4 12 1
5 13 1
6 14 1
7 15 1
8 16 1
9 17 1
10 18 1
10 19 1
11 20 1
12 21 1
12 22 1
12 23 1
13 24 1
14 25 1
15 26 1
16 27 1
17 28 1
18 28 1
19 29 1
20 29 1
21 30 1
22 30 1
23 31 1
24 32 1
25 33 1
25 34 1
25 35 1
26 36 1
26 37 1
27 38 1
28 39 1
28 40 1
29 41 1
30 42 1
31 43 1
32 44 1
32 45 1
33 46 1
34 47 1
35 48 1
36 49 1
37 50 1
38 51 1
39 51 1
40 52 1
41 53 1
42 54 1
43 55 1
44 56 1
45 57 1
46 58 1
47 59 1
48 60 1
49 61 1
50 62 1
51 63 1
52 64 1
53 65 1
54 66 1
55 67 1
56 68 1
57 69 1
58 70 1
59 71 1
60 72 1
61 73 1
61 74 1
62 75 1
63 76 1
64 77 1
64 78 1
65 79 1
65 80 1
66 81 1
67 82 1
68 83 1
69 84 1
70 85 1
71 86 1
72 86 1
73 87 1
74 88 1
75 88 1
76 89 1
77 90 1
78 91 1
79 92 1
80 92 1
81 93 1
82 94 1
83 94 1
84 95 1
85 96 1
86 97 1
87 98 1
87 99 1
88 100 1
88 101 1
88 102 1
89 103 1
90 104 1
91 105 1
92 106 1
93 107 1
93 108 1
94 109 1
94 110 1
95 111 1
95 112 1
95 113 1
96 114 1
97 115 1
98 116 1
99 117 1
100 118 1
101 119 1
102 120 1
103 121 1
104 122 1
105 122 1
106 122 1
107 122 1
108 123 1
109 124 1
110 125 1
111 126 1
112 127 1
113 127 1
114 128 1
115 128 1
116 129 1
117 129 1
118 130 1
119 130 1
120 131 1
121 131 1
122 132 1
123 133 1
124 134 1
125 135 1
126 136 1
127 137 1
128 138 1
128 139 1
129 140 1
129 141 1
129 142 1
130 143 1
130 144 1
131 145 1
132 146 1
133 147 1
133 148 1
134 149 1
135 150 1
136 151 1
136 152 1
137 153 1
138 154 1
139 155 1
140 156 1
141 156 1
142 157 1
143 157 1
144 158 1
145 159 1
146 159 1
147 160 1
148 160 1
149 160 1
150 161 1
151 162 1
152 163 1
153 164 1
154 165 1
154 166 1
155 167 1
156 168 1
157 169 1
158 170 1
158 171 1
159 172 1
160 173 1
161 174 1
162 175 1
163 176 1
163 177 1
164 178 1
165 179 1
166 180 1
167 181 1
168 182 1
169 183 1
170 184 1
171 185 1
172 186 1
173 187 1
174 188 1
175 189 1
175 190 1
176 191 1
177 192 1
178 193 1
179 194 1
180 195 1
181 196 1
181 197 1
182 198 1
183 199 1
184 200 1
185 201 1
186 202 1
187 203 1
188 204 1
189 205 1
190 206 1
191 207 1
191 208 1
192 209 1
193 210 1
193 211 1
194 212 1
195 213 1
196 214 1
197 215 1
198 216 1
199 217 1
200 218 1
201 219 1
202 220 1
203 220 1
204 221 1
205 222 1
206 223 1
207 224 1
208 225 1
209 226 1
210 226 1
211 227 1
212 228 1
213 229 1
214 230 1
215 231 1
216 232 1
217 233 1
218 233 1
219 233 1
220 234 1
221 235 1
222 235 1
223 235 1
224 236 1
225 237 1
226 237 1
227 237 1
228 238 1
229 238 1
230 239 1
231 240 1
232 241 1
233 242 1
234 243 1
235 243 1
236 244 1
237 245 1
238 246 1
238 247 1
239 248 1
240 249 1
241 250 1
242 251 1
243 252 1
243 253 1
244 254 1
245 255 1
245 256 1
246 257 1
247 258 1
248 259 1
248 260 1
249 261 1
250 262 1
251 263 1
252 264 1
252 265 1
253 266 1
253 267 1
254 268 1
255 269 1
255 270 1
255 271 1
256 272 1
257 273 1
258 274 1
259 274 1
260 274 1
261 275 1
262 276 1
263 276 1
264 276 1
265 277 1
266 278 1
267 279 1
268 279 1
269 280 1
270 281 1
271 282 1
272 282 1
273 283 1
274 284 1
274 285 1
274 286 1
275 287 1
275 288 1
276 289 1
277 290 1
277 291 1
277 292 1
278 293 1
278 294 1
279 295 1
279 296 1
280 297 1
281 298 1
281 299 1
282 300 1
283 301 1
284 302 1
285 302 1
286 303 1
287 303 1
288 304 1
289 305 1
290 306 1
291 306 1
292 307 1
293 308 1
294 309 1
295 310 1
296 311 1
297 312 1
298 313 1
299 314 1
300 315 1
301 316 1
302 317 1
303 318 1
304 319 1
305 320 1
306 321 1
307 322 1
308 323 1
309 324 1
310 325 1
311 326 1
312 327 1
313 328 1
314 329 1
315 330 1
316 331 1
317 332 1
318 333 1
319 334 1
320 335 1
321 336 1
321 337 1
321 338 1
322 339 1
323 340 1
324 341 1
325 342 1
326 343 1
327 344 1
328 345 1
328 346 1
329 347 1
330 348 1
331 349 1
332 350 1
333 351 1
334 352 1
335 353 1
336 354 1
337 355 1
338 356 1
339 357 1
340 358 1
341 358 1
342 358 1
343 359 1
344 359 1
345 360 1
346 361 1
347 362 1
348 363 1
349 364 1
350 365 1
351 366 1
352 366 1
353 367 1
354 368 1
355 369 1
356 370 1
357 371 1
358 372 1
359 372 1
360 373 1
361 374 1
362 375 1
363 375 1
364 376 1
365 377 1
366 378 1
366 379 1
367 380 1
367 381 1
368 382 1
369 383 1
370 384 1
371 385 1
372 386 1
373 387 1
374 388 1
375 389 1
376 390 1
377 391 1
378 392 1
379 393 1
380 394 1
381 395 1
382 396 1
383 397 1
384 398 1
385 399 1
386 400 1
387 401 1
388 402 1
389 403 1
390 404 1
391 405 1
392 406 1
393 407 1
394 408 1
395 409 1
396 410 1
397 411 1
398 412 1
399 413 1
400 414 1
400 415 1
401 416 1
402 417 1
402 418 1
403 419 1
404 420 1
405 421 1
406 422 1
407 423 1
408 424 1
409 425 1
410 426 1
411 427 1
412 427 1
413 428 1
414 429 1
415 430 1
416 431 1
417 431 1
418 432 1
419 433 1
420 434 1
421 435 1
422 436 1
423 437 1
424 438 1
425 439 1
426 440 1
427 441 1
428 442 1
429 443 1
430 444 1
431 445 1
432 446 1
433 447 1
433 448 1
434 449 1
435 450 1
436 451 1
437 452 1
438 453 1
439 454 1
440 455 1
440 456 1
440 457 1
441 458 1
442 459 1
443 460 1
443 461 1
444 462 1
445 463 1
446 464 1
447 465 1
448 466 1
449 467 1
450 468 1
451 469 1
452 469 1
453 470 1
454 470 1
455 471 1
456 471 1
457 472 1
458 473 1
459 474 1
460 474 1
461 474 1
462 475 1
463 475 1
464 476 1
465 477 1
466 477 1
467 478 1
468 479 1
469 480 1
470 481 1
471 482 1
472 483 1
473 484 1
474 485 1
475 486 1
476 487 1
477 488 1
478 489 1
479 490 1
480 491 1
481 492 1
482 493 1
483 494 1
484 495 1
485 495 1
486 496 1
487 497 1
488 498 1
489 499 1
490 500 1
491 501 1
492 502 1
493 503 1
494 504 1
495 505 1
496 506 1
497 506 1
498 507 1
499 508 1
500 508 1
501 509 1
502 510 1
503 511 1
504 512 1
505 513 1
506 514 1
507 515 1
508 516 1
508 517 1
508 518 1
509 519 1
510 520 1
511 521 1
511 522 1
511 523 1
512 524 1
512 525 1
512 526 1
513 527 1
514 528 1
514 529 1
515 530 1
515 531 1
516 532 1
517 533 1
518 534 1
519 535 1
520 536 1
521 537 1
522 538 1
523 538 1
524 539 1
525 540 1
526 541 1
527 542 1
528 543 1
529 544 1
530 545 1
531 546 1
532 547 1
533 548 1
534 549 1
535 550 1
536 551 1
537 551 1
538 552 1
539 553 1
540 554 1
541 554 1
542 554 1
543 555 1
544 556 1
545 557 1
546 558 1
547 559 1
548 560 1
549 561 1
550 562 1
551 562 1
552 562 1
553 563 1
554 564 1
555 564 1
556 565 1
557 565 1
558 565 1
559 566 1
559 567 1
560 568 1
561 569 1
561 570 1
562 571 1
563 572 1
564 573 1
564 574 1
565 575 1
566 576 1
567 577 1
568 578 1
569 579 1
570 580 1
571 581 1
571 582 1
572 583 1
573 584 1
573 585 1
574 586 1
575 587 1
576 588 1
577 589 1
578 590 1
579 591 1
580 592 1
581 593 1
582 594 1
583 595 1
584 596 1
585 597 1
586 598 1
587 599 1
588 600 1
589 600 1
590 600 1
591 600 1
592 600 1
593 600 1
594 600 1
595 600 1
596 600 1
597 600 1
598 600 1
599 600 1
