1 2 10
1 3 4
1 4 4
2 5 1
2 6 8
3 7 2
3 8 11
3 9 2
3 10 2
3 11 4
4 12 9
4 13 5
4 14 4
4 15 10
4 16 5
5 17 7
6 18 11
7 19 9
7 20 8
7 21 11
7 22 8
8 23 1
9 24 5
10 25 11
11 26 7
12 27 7
12 28 2
13 29 9
14 30 3
15 31 8
16 32 7
17 33 1
18 34 7
19 35 9
20 36 8
21 37 11
22 38 3
23 39 4
24 40 5
25 41 7
26 42 7
27 43 7
28 44 1
29 45 4
30 46 1
31 47 7
32 48 7
33 49 11
34 50 7
35 51 7
36 52 1
37 53 2
38 54 10
39 55 2
40 56 9
41 57 8
42 58 9
43 59 1
44 60 8
45 61 6
46 62 5
47 63 6
48 63 7
49 64 2
50 65 10
51 66 7
52 67 11
53 68 10
54 69 6
55 70 6
56 71 1
57 72 4
58 73 4
59 74 5
60 75 3
61 76 4
62 77 11
63 78 4
64 79 9
65 80 7
66 81 10
67 82 1
68 83 7
69 84 2
70 85 8
71 86 6
72 87 10
73 88 2
74 89 2
75 90 3
76 91 9
77 92 7
77 93 4
78 94 1
79 95 8
80 96 3
80 97 10
81 98 7
82 99 6
83 100 10
84 101 4
85 102 2
85 103 6
86 104 3
86 105 2
86 106 4
87 107 6
88 108 2
88 109 5
89 110 2
90 111 9
91 112 4
91 113 10
91 114 7
92 115 11
92 116 11
93 117 5
93 118 2
94 119 5
94 120 11
95 121 2
96 121 4
97 121 8
98 122 1
99 122 4
100 123 9
101 123 7
102 123 4
103 124 4
104 124 11
105 124 5
106 125 11
107 125 6
108 125 1
109 125 11
110 126 4
111 126 11
112 126 5
113 126 10
114 126 11
115 127 10
116 127 8
117 127 2
118 128 10
119 128 1
120 128 7
121 129 4
122 130 11
123 131 9
123 132 2
123 133 5
124 134 1
124 135 2
125 136 5
126 137 6
127 138 2
127 139 7
128 140 3
128 141 10
129 142 4
130 143 11
131 144 9
132 145 1
132 146 8
132 147 1
133 148 11
134 149 11
135 150 6
136 151 7
137 152 10
138 153 3
138 154 8
139 155 4
139 156 6
140 157 6
140 158 5
141 159 3
142 160 2
143 161 7
144 162 7
145 163 3
146 164 7
147 165 11
148 166 9
149 166 1
150 167 10
151 168 7
152 169 6
153 170 3
154 170 10
155 171 1
156 171 3
157 172 8
158 173 4
159 174 9
160 175 1
161 176 2
162 177 5
163 178 4
164 179 8
165 180 10
166 181 9
167 182 11
168 183 4
168 184 7
169 185 9
169 186 5
170 187 8
171 188 1
172 189 3
172 190 2
173 191 11
174 192 4
175 193 3
176 193 1
177 194 5
178 195 6
179 196 8
180 196 8
181 197 8
182 198 4
183 199 1
184 200 8
185 201 8
186 202 3
187 203 4
188 204 1
189 205 3
190 206 5
191 207 4
192 208 8
193 209 1
194 210 11
195 211 10
196 212 8
197 213 5
198 214 10
199 215 9
200 216 2
201 217 6
202 218 3
203 219 11
204 220 9
205 221 9
206 222 11
207 223 2
208 224 3
209 225 4
210 226 5
211 227 8
212 228 6
213 229 6
213 230 6
214 231 9
215 232 8
216 233 3
217 234 9
218 235 9
219 236 1
220 237 6
221 238 10
222 239 11
223 240 6
224 241 9
225 242 7
225 243 10
226 244 2
227 245 4
228 246 5
228 247 4
228 248 7
229 249 1
229 250 3
229 251 1
230 252 7
231 253 5
231 254 2
231 255 5
231 256 11
232 257 8
232 258 2
232 259 2
233 260 6
233 261 11
233 262 11
234 263 8
235 264 3
236 265 8
237 266 9
238 267 6
239 268 2
240 269 8
240 270 3
240 271 8
241 272 10
241 273 4
242 274 8
243 275 11
244 276 7
245 276 5
246 276 6
247 277 4
248 277 1
249 277 5
250 278 5
251 279 8
252 279 9
253 279 6
254 280 10
255 280 8
256 281 9
257 281 7
258 282 10
259 282 8
260 283 9
261 284 2
262 285 5
263 285 5
264 286 4
265 287 11
266 287 9
267 287 6
268 287 7
269 287 10
270 288 9
271 288 7
272 288 9
273 289 5
274 290 5
275 291 8
276 291 2
277 291 6
278 291 1
279 292 6
280 293 9
281 294 1
282 294 9
283 294 2
284 295 10
285 296 10
286 297 3
287 297 1
288 297 4
289 297 3
290 298 5
290 299 7
290 300 5
290 301 9
291 302 3
291 303 9
291 304 2
292 305 8
292 306 11
292 307 4
293 308 7
293 309 2
294 310 7
295 311 9
295 312 7
296 313 1
297 314 7
297 315 6
298 316 9
299 317 11
300 318 10
301 318 9
302 319 10
303 320 7
304 321 5
305 322 8
306 322 2
307 323 7
308 323 7
309 323 11
310 324 4
311 324 2
312 325 6
313 326 2
314 327 6
315 328 5
316 329 10
317 330 1
318 331 1
318 332 7
319 333 7
320 334 9
320 335 10
321 336 9
321 337 9
322 338 5
323 339 3
324 340 10
325 341 1
326 342 1
326 343 5
327 344 8
327 345 4
328 346 11
328 347 3
329 348 7
330 349 1
331 349 3
332 350 2
333 351 2
334 351 4
335 352 4
336 352 6
337 352 6
338 353 8
339 353 6
340 354 4
341 355 9
342 355 8
343 356 9
344 356 5
345 357 1
346 358 2
347 358 6
348 359 9
349 360 8
350 361 3
350 362 4
351 363 2
352 364 10
352 365 3
353 366 11
354 367 3
354 368 7
355 369 1
356 370 3
357 371 1
358 372 6
359 373 1
360 374 7
361 375 6
362 375 4
363 376 11
364 377 10
365 378 11
366 379 2
367 380 6
368 381 2
369 382 11
370 382 8
371 383 7
372 383 2
373 384 6
374 385 1
375 386 7
376 387 9
376 388 11
377 389 11
377 390 10
377 391 8
377 392 11
378 393 6
379 394 9
379 395 4
379 396 7
380 397 5
380 398 7
381 399 9
381 400 10
382 401 2
383 402 8
383 403 11
384 404 2
385 405 10
386 406 5
387 407 2
388 408 3
389 409 3
390 410 1
391 411 2
392 412 8
393 413 7
394 414 5
395 415 9
396 416 1
396 417 2
397 418 6
398 419 8
399 420 3
400 421 5
400 422 4
401 423 10
401 424 4
402 425 6
402 426 1
403 427 2
404 428 4
405 428 5
406 429 4
407 429 2
408 430 11
409 431 11
410 431 2
411 432 2
412 432 3
413 433 4
414 433 5
415 434 2
416 434 5
417 435 8
418 436 10
419 437 11
420 438 11
421 439 7
422 440 11
423 440 3
424 441 1
425 441 5
426 442 11
427 442 10
428 443 1
429 444 10
430 445 11
431 446 5
432 447 5
433 448 9
434 449 5
435 450 11
436 451 2
437 452 11
438 453 3
439 453 10
440 454 10
441 455 3
442 456 2
443 457 3
443 458 9
444 459 5
445 460 1
446 461 1
447 462 5
448 463 6
449 464 7
450 465 5
451 466 1
452 467 8
453 468 6
454 469 5
455 470 10
456 471 11
457 472 10
458 473 9
459 474 4
460 475 9
461 476 7
462 477 6
463 478 6
464 479 11
465 480 4
466 481 10
467 482 11
468 483 10
469 484 8
470 485 5
471 486 4
472 487 11
473 488 2
474 489 9
475 490 6
476 490 5
477 491 4
478 492 9
479 493 7
480 494 9
481 495 4
482 496 5
483 496 9
484 497 9
485 498 1
486 499 3
487 500 6
488 500 7
489 500 11
490 500 7
491 500 6
492 500 7
493 500 6
494 500 8
495 500 2
496 500 2
497 500 10
498 500 8
499 500 11
