1 2 1
1 3 1
1 4 1
1 5 1
2 6 1
2 7 1
2 8 1
2 9 1
3 10 1
3 11 1
3 12 1
4 13 1
4 14 1
5 15 1
5 16 1
5 17 1
6 18 1
7 19 1
8 20 1
8 21 1
9 22 1
10 23 1
10 24 1
11 25 1
12 26 1
13 27 1
14 28 1
15 29 1
16 30 1
16 31 1
17 32 1
18 33 1
19 34 1
20 35 1
21 36 1
22 37 1
23 38 1
24 39 1
25 40 1
26 41 1
27 42 1
28 43 1
29 44 1
30 45 1
31 46 1
32 47 1
33 48 1
34 49 1
35 50 1
36 51 1
37 52 1
38 53 1
39 54 1
39 55 1
40 56 1
41 57 1
42 58 1
43 59 1
44 60 1
45 61 1
46 62 1
47 63 1
48 64 1
49 65 1
50 65 1
51 66 1
52 67 1
53 68 1
54 69 1
55 70 1
56 71 1
57 72 1
58 73 1
59 73 1
60 73 1
61 74 1
62 75 1
63 76 1
64 77 1
65 78 1
66 79 1
67 80 1
68 81 1
69 82 1
70 83 1
71 83 1
72 84 1
73 84 1
74 85 1
75 86 1
76 87 1
77 88 1
78 89 1
78 90 1
79 91 1
79 92 1
80 93 1
81 94 1
82 95 1
83 96 1
84 97 1
84 98 1
85 99 1
86 100 1
87 101 1
88 102 1
89 103 1
90 104 1
91 105 1
92 106 1
93 107 1
94 107 1
95 108 1
96 108 1
97 109 1
98 110 1
99 110 1
100 111 1
101 111 1
102 112 1
103 113 1
104 114 1
104 115 1
105 116 1
105 117 1
106 118 1
106 119 1
107 120 1
108 121 1
108 122 1
109 123 1
109 124 1
110 125 1
111 126 1
111 127 1
112 128 1
113 128 1
114 128 1
115 129 1
116 130 1
117 131 1
118 131 1
119 132 1
120 133 1
121 134 1
122 135 1
123 136 1
124 137 1
125 138 1
126 139 1
127 140 1
128 141 1
128 142 1
129 143 1
130 144 1
131 145 1
132 146 1
133 147 1
134 148 1
135 149 1
136 150 1
136 151 1
137 152 1
138 153 1
139 154 1
140 155 1
141 156 1
142 157 1
143 158 1
144 159 1
145 160 1
146 161 1
147 162 1
148 163 1
149 164 1
150 165 1
151 166 1
152 167 1
153 168 1
154 169 1
155 170 1
156 171 1
157 172 1
158 173 1
159 174 1
160 175 1
160 176 1
161 177 1
161 178 1
162 179 1
163 180 1
164 181 1
165 182 1
166 183 1
167 184 1
168 185 1
169 186 1
170 187 1
171 188 1
172 189 1
173 190 1
174 191 1
175 192 1
176 193 1
177 194 1
178 195 1
178 196 1
179 197 1
180 198 1
181 199 1
182 200 1
183 201 1
184 202 1
185 203 1
186 204 1
187 205 1
187 206 1
188 207 1
189 208 1
190 208 1
191 209 1
192 209 1
193 209 1
194 209 1
195 210 1
196 210 1
197 211 1
198 211 1
199 212 1
200 212 1
201 212 1
202 213 1
203 214 1
204 214 1
205 215 1
206 215 1
207 216 1
208 217 1
208 218 1
209 219 1
210 220 1
210 221 1
210 222 1
211 223 1
211 224 1
212 225 1
212 226 1
213 227 1
214 228 1
214 229 1
215 230 1
216 231 1
217 232 1
218 233 1
219 234 1
220 235 1
221 236 1
222 237 1
223 238 1
224 239 1
225 240 1
226 241 1
226 242 1
227 243 1
228 244 1
229 245 1
229 246 1
230 247 1
231 248 1
232 249 1
233 250 1
234 251 1
235 251 1
236 252 1
237 253 1
238 254 1
239 255 1
240 256 1
241 257 1
242 258 1
243 259 1
244 260 1
245 261 1
246 262 1
247 263 1
248 264 1
249 264 1
250 264 1
251 265 1
252 265 1
253 265 1
254 265 1
255 266 1
256 266 1
257 267 1
258 267 1
259 268 1
260 268 1
261 269 1
262 270 1
263 270 1
264 271 1
265 272 1
266 273 1
267 274 1
267 275 1
268 276 1
269 277 1
270 278 1
270 279 1
271 280 1
272 281 1
273 282 1
273 283 1
274 284 1
275 285 1
275 286 1
276 287 1
276 288 1
277 289 1
278 290 1
278 291 1
279 292 1
279 293 1
280 294 1
281 295 1
281 296 1
282 297 1
283 298 1
284 299 1
285 300 1
286 301 1
287 302 1
287 303 1
288 304 1
289 305 1
290 306 1
290 307 1
291 308 1
292 309 1
292 310 1
293 311 1
294 312 1
295 313 1
296 314 1
297 315 1
298 316 1
299 317 1
300 318 1
301 319 1
302 320 1
303 321 1
304 322 1
305 322 1
306 323 1
307 324 1
308 325 1
309 326 1
310 327 1
311 328 1
312 329 1
313 330 1
314 331 1
315 332 1
316 332 1
317 333 1
318 334 1
319 335 1
320 336 1
321 337 1
322 338 1
323 339 1
324 340 1
325 341 1
326 342 1
327 343 1
328 343 1
329 344 1
329 345 1
329 346 1
330 347 1
330 348 1
330 349 1
330 350 1
331 351 1
331 352 1
332 353 1
332 354 1
333 355 1
333 356 1
333 357 1
334 358 1
334 359 1
334 360 1
334 361 1
335 362 1
335 363 1
335 364 1
336 365 1
336 366 1
337 367 1
337 368 1
337 369 1
338 370 1
338 371 1
338 372 1
339 373 1
339 374 1
339 375 1
339 376 1
340 377 1
340 378 1
340 379 1
341 380 1
341 381 1
342 382 1
342 383 1
343 384 1
343 385 1
343 386 1
344 387 1
345 387 1
346 388 1
347 388 1
348 389 1
349 389 1
350 389 1
351 390 1
352 390 1
353 391 1
354 391 1
355 392 1
356 392 1
357 393 1
358 393 1
359 393 1
360 394 1
361 395 1
362 396 1
363 397 1
364 397 1
365 398 1
366 399 1
367 399 1
368 400 1
369 400 1
370 401 1
371 402 1
372 403 1
373 403 1
374 404 1
375 404 1
376 405 1
377 406 1
378 407 1
379 408 1
380 409 1
381 409 1
382 410 1
383 411 1
384 411 1
385 411 1
386 411 1
387 412 1
388 412 1
389 413 1
390 413 1
391 413 1
392 414 1
393 415 1
394 415 1
395 415 1
396 416 1
397 416 1
398 416 1
399 416 1
400 417 1
401 418 1
402 418 1
403 418 1
404 419 1
405 420 1
406 420 1
407 421 1
408 422 1
409 422 1
410 422 1
411 423 1
412 424 1
413 425 1
413 426 1
413 427 1
414 428 1
415 429 1
416 430 1
416 431 1
417 432 1
418 433 1
419 434 1
420 435 1
421 436 1
422 437 1
423 438 1
424 439 1
425 440 1
426 441 1
427 442 1
428 443 1
429 444 1
430 445 1
431 446 1
432 447 1
433 448 1
434 449 1
435 450 1
436 451 1
437 452 1
438 453 1
439 454 1
440 455 1
441 456 1
442 457 1
443 458 1
444 459 1
445 460 1
446 461 1
447 462 1
448 463 1
449 464 1
450 465 1
451 466 1
452 467 1
453 468 1
454 469 1
455 469 1
456 470 1
457 470 1
458 470 1
459 471 1
460 472 1
461 473 1
462 474 1
463 475 1
464 475 1
465 476 1
466 476 1
467 477 1
468 477 1
469 478 1
470 479 1
470 480 1
471 481 1
472 482 1
473 483 1
474 484 1
475 485 1
476 486 1
477 487 1
478 488 1
479 489 1
480 490 1
481 491 1
481 492 1
482 493 1
483 494 1
484 495 1
484 496 1
485 497 1
486 498 1
487 499 1
488 500 1
489 501 1
490 502 1
491 503 1
492 504 1
493 504 1
494 504 1
495 505 1
496 506 1
497 507 1
498 508 1
499 508 1
500 509 1
501 510 1
502 511 1
503 512 1
504 513 1
505 514 1
506 515 1
506 516 1
507 517 1
508 518 1
509 519 1
510 520 1
511 521 1
512 522 1
513 523 1
514 524 1
515 525 1
516 526 1
517 527 1
518 528 1
519 529 1
520 530 1
521 531 1
522 532 1
523 533 1
524 534 1
525 535 1
526 536 1
527 537 1
528 538 1
528 539 1
529 540 1
530 541 1
531 541 1
532 542 1
533 543 1
534 544 1
535 545 1
536 546 1
537 547 1
538 548 1
539 549 1
540 550 1
541 551 1
542 552 1
543 553 1
544 553 1
545 554 1
546 555 1
547 556 1
548 557 1
549 558 1
550 559 1
551 560 1
552 561 1
553 562 1
553 563 1
554 564 1
555 565 1
556 566 1
557 567 1
558 568 1
558 569 1
559 570 1
560 571 1
561 572 1
561 573 1
562 574 1
562 575 1
563 576 1
563 577 1
563 578 1
563 579 1
564 580 1
565 581 1
565 582 1
566 583 1
566 584 1
567 585 1
568 586 1
568 587 1
569 588 1
569 589 1
570 590 1
571 591 1
572 592 1
573 593 1
574 594 1
575 595 1
576 596 1
577 597 1
577 598 1
578 599 1
579 600 1
580 601 1
581 602 1
582 603 1
583 604 1
584 605 1
585 606 1
586 607 1
587 608 1
588 609 1
589 610 1
590 611 1
591 612 1
592 612 1
593 612 1
594 613 1
595 613 1
596 614 1
597 614 1
598 615 1
599 616 1
600 616 1
601 617 1
602 618 1
603 619 1
604 620 1
605 620 1
606 620 1
607 621 1
608 621 1
609 621 1
610 622 1
611 623 1
612 624 1
613 625 1
614 626 1
615 627 1
616 628 1
617 629 1
618 630 1
619 631 1
620 632 1
621 633 1
622 634 1
623 635 1
624 636 1
625 637 1
626 638 1
627 639 1
628 640 1
629 641 1
630 642 1
631 643 1
632 644 1
633 645 1
634 646 1
635 647 1
636 648 1
637 649 1
638 650 1
639 651 1
640 652 1
641 653 1
642 654 1
643 655 1
644 656 1
644 657 1
644 658 1
645 659 1
646 660 1
647 661 1
648 662 1
649 663 1
650 664 1
651 665 1
652 666 1
653 667 1
654 668 1
655 669 1
656 669 1
657 670 1
658 671 1
659 672 1
660 673 1
661 674 1
662 675 1
663 676 1
664 677 1
665 678 1
666 679 1
667 680 1
668 681 1
669 682 1
670 683 1
671 684 1
672 685 1
672 686 1
673 687 1
674 688 1
675 689 1
676 690 1
677 691 1
678 691 1
679 692 1
680 693 1
681 694 1
682 694 1
683 695 1
684 696 1
685 697 1
686 698 1
687 699 1
688 700 1
689 700 1
690 700 1
691 700 1
692 700 1
693 700 1
694 700 1
695 700 1
696 700 1
697 700 1
698 700 1
699 700 1
