1 2 1
1 3 1
1 4 1
2 5 1
2 6 1
2 7 1
2 8 1
2 9 1
3 10 1
3 11 1
3 12 1
3 13 1
3 14 1
4 15 1
4 16 1
4 17 1
4 18 1
4 19 1
5 20 1
6 21 1
6 22 1
7 23 1
7 24 1
8 25 1
9 26 1
10 27 1
11 28 1
12 29 1
12 30 1
13 31 1
14 32 1
14 33 1
15 34 1
15 35 1
16 36 1
16 37 1
17 38 1
18 39 1
19 40 1
20 41 1
21 42 1
22 43 1
23 44 1
24 45 1
25 46 1
26 47 1
27 48 1
28 49 1
29 50 1
30 51 1
31 52 1
32 53 1
33 54 1
34 55 1
35 56 1
36 57 1
37 58 1
38 59 1
39 60 1
40 61 1
41 62 1
42 63 1
43 64 1
44 65 1
45 66 1
46 66 1
47 67 1
48 68 1
49 69 1
50 70 1
51 71 1
52 72 1
53 73 1
54 74 1
55 75 1
56 76 1
57 77 1
58 78 1
59 79 1
60 80 1
61 81 1
62 82 1
63 83 1
64 84 1
65 85 1
66 86 1
67 87 1
68 88 1
68 89 1
69 90 1
70 91 1
71 92 1
72 93 1
73 94 1
73 95 1
74 96 1
75 97 1
76 98 1
77 99 1
78 100 1
79 101 1
80 102 1
80 103 1
81 104 1
82 105 1
83 105 1
84 106 1
85 107 1
86 108 1
87 109 1
88 109 1
89 110 1
90 111 1
91 112 1
92 113 1
93 114 1
94 115 1
95 116 1
96 117 1
97 118 1
98 119 1
99 119 1
100 120 1
101 121 1
102 122 1
103 123 1
104 124 1
105 125 1
106 126 1
107 127 1
108 128 1
109 129 1
110 130 1
111 131 1
112 132 1
113 133 1
114 134 1
115 135 1
116 136 1
117 137 1
118 138 1
119 139 1
120 140 1
121 141 1
122 142 1
123 143 1
124 144 1
125 145 1
126 146 1
127 147 1
128 148 1
128 149 1
129 150 1
130 151 1
131 152 1
132 153 1
133 154 1
134 155 1
135 156 1
136 157 1
137 158 1
138 159 1
139 160 1
140 161 1
141 162 1
142 163 1
143 164 1
144 165 1
145 166 1
146 166 1
147 166 1
148 167 1
149 168 1
150 169 1
151 169 1
152 169 1
153 170 1
154 171 1
155 172 1
156 172 1
157 172 1
158 173 1
159 174 1
160 174 1
161 175 1
162 175 1
163 176 1
164 177 1
165 178 1
166 179 1
166 180 1
167 181 1
167 182 1
167 183 1
168 184 1
168 185 1
168 186 1
169 187 1
170 188 1
171 189 1
172 190 1
172 191 1
173 192 1
173 193 1
174 194 1
174 195 1
175 196 1
175 197 1
175 198 1
176 199 1
176 200 1
177 201 1
177 202 1
178 203 1
179 204 1
180 205 1
181 206 1
182 207 1
183 208 1
184 209 1
185 210 1
186 211 1
187 212 1
188 213 1
189 214 1
190 215 1
191 216 1
192 217 1
192 218 1
193 219 1
194 220 1
195 221 1
196 222 1
197 223 1
198 224 1
199 225 1
200 226 1
201 227 1
202 228 1
203 229 1
204 230 1
205 231 1
206 231 1
207 231 1
208 232 1
209 232 1
210 233 1
211 234 1
212 234 1
213 235 1
214 236 1
215 236 1
216 237 1
217 237 1
218 237 1
219 237 1
220 238 1
221 239 1
222 240 1
223 241 1
224 241 1
225 242 1
226 243 1
227 244 1
228 245 1
229 246 1
230 247 1
231 248 1
232 249 1
233 250 1
234 251 1
235 252 1
236 253 1
237 254 1
238 255 1
239 256 1
240 257 1
241 258 1
241 259 1
242 260 1
242 261 1
243 262 1
243 263 1
244 264 1
245 265 1
246 266 1
246 267 1
246 268 1
247 269 1
248 270 1
249 271 1
250 271 1
251 272 1
252 273 1
253 274 1
254 275 1
255 276 1
256 276 1
257 277 1
258 278 1
259 279 1
260 279 1
261 279 1
262 280 1
263 280 1
264 281 1
265 281 1
266 282 1
267 283 1
268 283 1
269 284 1
270 285 1
270 286 1
271 287 1
272 288 1
272 289 1
273 290 1
274 291 1
275 292 1
276 293 1
277 294 1
278 295 1
279 296 1
280 297 1
281 298 1
282 299 1
283 300 1
284 301 1
285 302 1
286 302 1
287 303 1
288 304 1
289 305 1
290 306 1
291 307 1
292 308 1
293 309 1
294 310 1
295 311 1
296 311 1
297 312 1
298 312 1
299 313 1
300 314 1
301 315 1
301 316 1
302 317 1
303 318 1
303 319 1
304 320 1
304 321 1
305 322 1
306 323 1
307 324 1
308 325 1
309 326 1
310 327 1
311 328 1
311 329 1
312 330 1
313 331 1
314 332 1
315 333 1
315 334 1
316 335 1
316 336 1
317 337 1
317 338 1
318 339 1
318 340 1
319 341 1
319 342 1
319 343 1
320 344 1
320 345 1
320 346 1
320 347 1
321 348 1
322 349 1
322 350 1
323 351 1
324 352 1
324 353 1
325 354 1
325 355 1
326 356 1
326 357 1
326 358 1
327 359 1
327 360 1
328 361 1
328 362 1
328 363 1
328 364 1
329 365 1
330 366 1
330 367 1
331 368 1
331 369 1
331 370 1
332 371 1
333 372 1
334 372 1
335 372 1
336 373 1
337 374 1
338 374 1
339 374 1
340 375 1
341 375 1
342 376 1
343 377 1
344 377 1
345 378 1
346 378 1
347 378 1
348 379 1
349 379 1
350 380 1
351 380 1
352 380 1
353 381 1
354 381 1
355 382 1
356 382 1
357 382 1
358 383 1
359 384 1
360 385 1
361 386 1
362 387 1
363 388 1
364 389 1
365 389 1
366 389 1
367 390 1
368 391 1
369 391 1
370 391 1
371 392 1
372 393 1
373 394 1
374 395 1
375 396 1
376 397 1
377 398 1
378 399 1
379 399 1
380 400 1
381 401 1
382 402 1
383 403 1
384 404 1
385 405 1
386 406 1
387 407 1
388 407 1
389 408 1
390 408 1
391 409 1
392 409 1
393 410 1
394 411 1
395 412 1
396 412 1
397 413 1
398 414 1
399 414 1
400 415 1
401 416 1
402 417 1
403 417 1
404 418 1
405 419 1
406 420 1
407 421 1
408 422 1
409 423 1
410 424 1
411 425 1
411 426 1
412 427 1
413 428 1
414 429 1
415 430 1
416 431 1
416 432 1
417 433 1
417 434 1
418 435 1
419 436 1
420 437 1
420 438 1
421 439 1
421 440 1
422 441 1
423 442 1
424 443 1
425 444 1
426 445 1
427 446 1
428 447 1
429 448 1
430 449 1
431 450 1
432 450 1
433 451 1
434 451 1
435 451 1
436 452 1
437 453 1
438 454 1
439 455 1
440 456 1
441 457 1
442 458 1
443 459 1
444 460 1
444 461 1
445 462 1
446 463 1
447 464 1
448 465 1
449 466 1
450 467 1
450 468 1
451 469 1
452 470 1
452 471 1
452 472 1
453 473 1
453 474 1
454 475 1
455 476 1
456 477 1
457 478 1
457 479 1
458 480 1
459 481 1
460 482 1
461 483 1
462 484 1
462 485 1
463 486 1
464 487 1
465 488 1
466 489 1
467 490 1
468 491 1
468 492 1
469 493 1
470 494 1
471 495 1
472 496 1
473 497 1
474 498 1
475 499 1
476 500 1
477 501 1
478 502 1
478 503 1
479 504 1
480 505 1
481 506 1
482 506 1
483 507 1
484 507 1
485 508 1
486 509 1
487 510 1
488 511 1
489 511 1
490 512 1
491 512 1
492 513 1
493 513 1
494 513 1
495 514 1
496 515 1
497 516 1
498 517 1
499 518 1
500 519 1
501 520 1
502 520 1
503 521 1
504 522 1
505 523 1
506 524 1
507 524 1
508 525 1
509 526 1
510 527 1
511 527 1
512 528 1
513 529 1
514 529 1
515 530 1
516 531 1
517 532 1
518 533 1
519 534 1
520 535 1
521 536 1
522 536 1
523 537 1
524 538 1
525 539 1
526 540 1
526 541 1
527 542 1
528 543 1
529 544 1
530 545 1
531 546 1
531 547 1
532 548 1
532 549 1
533 550 1
534 551 1
534 552 1
534 553 1
535 554 1
535 555 1
536 556 1
537 557 1
538 558 1
539 559 1
540 560 1
541 561 1
542 562 1
543 563 1
544 564 1
545 565 1
546 566 1
547 567 1
548 568 1
549 569 1
550 570 1
551 571 1
552 572 1
553 573 1
554 574 1
555 575 1
556 576 1
557 577 1
558 578 1
558 579 1
559 580 1
560 581 1
561 582 1
562 583 1
563 584 1
564 585 1
565 586 1
566 587 1
567 588 1
568 589 1
569 590 1
570 591 1
571 592 1
572 593 1
573 594 1
574 595 1
575 596 1
576 597 1
577 598 1
578 599 1
579 600 1
580 601 1
581 602 1
582 603 1
583 604 1
584 605 1
585 606 1
586 607 1
587 608 1
588 609 1
589 610 1
589 611 1
590 612 1
590 613 1
591 614 1
592 615 1
592 616 1
593 617 1
593 618 1
594 619 1
595 620 1
595 621 1
596 622 1
597 623 1
598 624 1
598 625 1
599 626 1
600 626 1
601 627 1
602 628 1
603 629 1
604 630 1
605 631 1
606 632 1
607 632 1
608 633 1
609 633 1
610 634 1
611 634 1
612 635 1
613 636 1
614 637 1
615 638 1
616 639 1
617 640 1
618 641 1
619 641 1
620 642 1
621 643 1
622 644 1
623 645 1
624 646 1
625 647 1
626 648 1
627 649 1
628 650 1
629 650 1
630 651 1
631 652 1
632 653 1
633 653 1
634 654 1
635 654 1
636 655 1
637 656 1
638 657 1
639 658 1
640 659 1
641 660 1
642 661 1
643 662 1
644 663 1
645 664 1
646 665 1
647 665 1
648 666 1
649 667 1
650 668 1
651 669 1
652 670 1
653 671 1
654 672 1
655 673 1
656 674 1
657 675 1
658 676 1
659 677 1
660 678 1
661 679 1
662 679 1
663 680 1
664 680 1
665 681 1
666 682 1
667 683 1
668 684 1
669 685 1
669 686 1
670 687 1
671 688 1
672 689 1
673 690 1
674 691 1
675 692 1
676 693 1
677 694 1
678 695 1
679 696 1
679 697 1
680 698 1
681 699 1
682 700 1
683 700 1
684 700 1
685 700 1
686 700 1
687 700 1
688 700 1
689 700 1
690 700 1
691 700 1
692 700 1
693 700 1
694 700 1
695 700 1
696 700 1
697 700 1
698 700 1
699 700 1
