1 2 1
1 3 1
1 4 1
2 5 1
2 6 1
2 7 1
3 8 1
3 9 1
3 10 1
4 11 1
5 12 1
6 13 1
7 14 1
8 15 1
9 16 1
10 17 1
11 18 1
12 19 1
13 20 1
14 20 1
15 21 1
16 22 1
17 22 1
18 22 1
19 23 1
19 24 1
20 25 1
21 26 1
21 27 1
22 28 1
22 29 1
23 30 1
24 31 1
25 32 1
25 33 1
26 34 1
26 35 1
27 36 1
28 37 1
29 38 1
30 39 1
31 40 1
32 41 1
33 42 1
34 42 1
35 43 1
36 44 1
37 44 1
38 44 1
39 45 1
40 46 1
41 47 1
42 48 1
43 49 1
44 49 1
45 50 1
45 51 1
46 52 1
46 53 1
47 54 1
47 55 1
47 56 1
48 57 1
48 58 1
49 59 1
50 60 1
51 60 1
52 60 1
53 61 1
54 61 1
55 62 1
56 63 1
57 64 1
58 65 1
59 65 1
60 66 1
60 67 1
61 68 1
62 69 1
62 70 1
62 71 1
63 72 1
63 73 1
63 74 1
64 75 1
65 76 1
66 77 1
66 78 1
67 79 1
67 80 1
67 81 1
68 82 1
68 83 1
69 84 1
69 85 1
70 86 1
70 87 1
71 88 1
71 89 1
72 90 1
72 91 1
72 92 1
73 93 1
74 94 1
74 95 1
74 96 1
75 97 1
75 98 1
75 99 1
76 100 1
76 101 1
77 102 1
78 102 1
79 102 1
80 102 1
81 102 1
82 102 1
83 103 1
84 103 1
85 103 1
86 103 1
87 104 1
88 104 1
89 104 1
90 104 1
91 105 1
92 105 1
93 105 1
94 105 1
95 106 1
96 106 1
97 106 1
98 106 1
99 107 1
100 107 1
101 107 1
102 108 1
102 109 1
103 110 1
104 111 1
105 112 1
105 113 1
106 114 1
107 115 1
108 116 1
109 117 1
110 118 1
111 119 1
112 120 1
113 120 1
114 121 1
115 122 1
116 123 1
116 124 1
116 125 1
117 126 1
117 127 1
118 128 1
119 129 1
119 130 1
119 131 1
120 132 1
121 133 1
121 134 1
122 135 1
122 136 1
123 137 1
124 137 1
125 138 1
126 138 1
127 139 1
128 139 1
129 140 1
130 140 1
131 140 1
132 141 1
133 141 1
134 141 1
135 142 1
136 142 1
137 143 1
137 144 1
138 145 1
139 146 1
139 147 1
140 148 1
140 149 1
140 150 1
141 151 1
141 152 1
142 153 1
142 154 1
143 155 1
144 155 1
145 156 1
146 157 1
147 158 1
148 158 1
149 159 1
150 159 1
151 160 1
152 161 1
153 162 1
154 162 1
155 163 1
155 164 1
156 165 1
157 166 1
158 167 1
159 168 1
160 169 1
161 170 1
162 171 1
163 172 1
164 173 1
165 173 1
166 174 1
167 175 1
168 176 1
169 177 1
170 178 1
171 179 1
172 180 1
173 181 1
174 182 1
175 183 1
176 184 1
177 185 1
178 185 1
179 186 1
180 187 1
181 188 1
182 189 1
182 190 1
183 191 1
184 192 1
185 193 1
186 194 1
187 195 1
188 196 1
189 197 1
190 197 1
191 198 1
192 198 1
193 198 1
194 199 1
195 200 1
196 200 1
197 200 1
198 200 1
199 200 1
