1 2 2
1 3 3
1 4 2
1 5 2
1 6 2
2 7 2
2 8 5
2 9 5
2 10 3
3 11 3
3 12 1
3 13 5
3 14 5
3 15 4
4 16 1
4 17 2
4 18 5
4 19 2
5 20 3
5 21 1
5 22 3
6 23 2
6 24 2
6 25 4
6 26 4
6 27 4
7 28 2
8 29 3
9 30 5
10 30 4
11 31 2
12 32 3
13 32 5
14 33 3
15 33 4
16 34 4
17 35 2
18 36 3
19 37 5
20 38 4
21 39 1
22 39 5
23 40 5
24 41 3
25 42 1
26 42 5
27 43 1
28 44 1
28 45 4
29 46 1
30 47 1
31 48 5
32 49 1
33 50 4
34 51 4
35 52 2
36 53 2
37 54 3
38 55 3
39 56 5
40 57 2
41 58 1
42 59 5
43 60 5
44 61 1
45 62 2
46 63 2
47 63 1
48 64 1
49 65 2
50 66 3
51 67 2
52 68 4
53 69 3
54 70 4
55 71 3
56 72 3
57 73 1
58 74 4
59 75 2
60 76 1
61 77 2
62 78 2
63 79 1
64 80 5
65 81 4
66 82 4
67 83 4
68 84 3
69 85 1
70 86 5
71 86 5
72 87 2
73 88 3
74 89 1
75 90 1
76 90 3
77 91 4
77 92 2
77 93 2
77 94 4
78 95 4
78 96 1
78 97 1
79 98 4
79 99 1
79 100 4
79 101 2
80 102 2
80 103 2
81 104 2
81 105 2
81 106 1
81 107 2
82 108 1
82 109 2
82 110 2
82 111 5
83 112 2
84 113 1
85 114 4
85 115 5
85 116 5
85 117 3
86 118 3
86 119 4
87 120 4
87 121 1
87 122 2
88 123 2
89 124 2
89 125 3
90 126 1
90 127 4
90 128 2
91 129 2
92 129 4
93 129 5
94 129 2
95 130 3
96 130 2
97 130 5
98 130 3
99 130 3
100 131 3
101 132 3
102 132 4
103 132 2
104 132 3
105 133 2
106 133 4
107 133 2
108 133 1
109 133 2
110 134 4
111 134 2
112 134 3
113 134 3
114 134 3
115 135 2
116 135 4
117 135 3
118 135 1
119 136 2
120 136 4
121 137 3
122 138 3
123 138 3
124 138 5
125 139 3
126 139 5
127 139 4
128 139 4
129 140 5
130 141 2
131 142 4
132 143 4
133 144 2
134 145 3
135 146 5
136 147 2
137 148 1
138 149 3
139 150 4
140 151 2
140 152 2
141 153 4
141 154 1
142 155 5
143 156 2
143 157 3
144 158 1
145 159 2
146 160 5
147 161 4
148 162 5
149 163 3
150 164 1
151 165 4
152 166 4
152 167 2
153 168 4
154 169 3
155 170 1
156 171 4
157 172 4
158 173 2
159 174 5
160 175 3
160 176 1
161 177 3
161 178 4
162 179 3
162 180 5
163 181 4
164 182 5
165 183 3
166 184 3
167 185 5
168 185 2
169 186 4
170 187 4
171 188 3
172 189 4
173 190 4
174 191 4
175 192 2
176 193 4
177 194 5
178 195 2
179 196 1
180 197 2
181 198 1
182 199 3
183 200 1
184 200 3
185 200 5
186 200 2
187 200 2
188 200 5
189 200 1
190 200 2
191 200 3
192 200 1
193 200 2
194 200 5
195 200 4
196 200 4
197 200 2
198 200 5
199 200 2
