1 2 8
1 3 2
1 4 8
2 5 12
3 6 5
4 7 9
4 8 10
5 9 3
6 10 1
7 11 2
7 12 11
8 13 9
8 14 6
9 15 1
10 16 1
10 17 5
11 18 11
12 19 7
13 20 1
14 21 8
15 22 8
16 22 7
17 23 11
18 24 10
19 24 10
20 25 10
21 25 9
22 26 12
22 27 12
23 28 5
23 29 8
23 30 11
23 31 1
24 32 6
24 33 6
24 34 7
25 35 1
25 36 7
25 37 10
26 38 13
27 39 3
28 40 4
29 40 13
30 41 4
31 42 9
32 43 7
33 44 7
34 45 11
35 46 13
36 47 1
37 48 1
38 49 4
39 50 4
40 51 8
41 52 9
41 53 13
42 54 4
43 55 8
44 56 3
45 57 4
46 58 5
47 59 13
48 60 9
49 61 5
50 62 13
51 62 7
52 63 6
53 64 3
54 64 7
55 65 7
56 66 3
57 66 12
58 67 12
59 68 7
60 69 4
61 70 5
62 71 11
63 72 13
64 72 7
65 73 9
66 73 9
67 74 9
68 75 8
69 75 10
70 76 1
70 77 7
70 78 8
71 79 1
71 80 6
71 81 7
72 82 1
73 83 2
74 84 12
74 85 10
75 86 4
76 87 5
77 88 11
78 88 13
79 89 11
80 90 4
81 90 2
82 91 1
83 91 5
84 92 5
85 92 6
86 92 12
87 93 11
87 94 13
87 95 13
87 96 13
88 97 5
88 98 9
88 99 6
88 100 11
89 101 4
89 102 3
89 103 8
90 104 3
90 105 5
90 106 6
91 107 6
91 108 4
91 109 3
92 110 11
92 111 8
93 112 5
94 112 1
95 113 1
96 114 8
97 115 8
98 115 1
99 115 11
100 116 10
101 116 6
102 116 10
103 117 11
104 118 10
105 118 6
106 118 4
107 119 7
108 120 1
109 120 10
110 120 6
111 121 6
112 122 11
113 123 8
114 124 2
115 125 12
116 126 5
117 127 3
117 128 2
118 129 9
118 130 9
119 131 13
120 132 1
121 133 12
122 134 9
123 135 8
124 136 11
125 137 1
126 138 12
127 139 10
128 140 9
129 141 2
130 142 9
131 143 1
132 144 8
133 145 1
134 146 11
135 146 13
136 147 10
137 147 2
138 148 7
139 149 5
140 150 3
141 151 8
142 151 6
143 152 4
144 152 5
145 153 1
146 154 4
147 155 10
148 156 11
149 157 10
150 158 1
151 159 3
152 159 10
153 160 4
154 161 3
155 162 3
155 163 4
156 164 2
157 165 13
157 166 2
158 167 10
159 168 8
160 169 5
161 170 13
162 170 11
163 171 5
164 171 7
165 172 7
166 172 8
167 173 3
168 173 3
169 173 9
170 174 8
170 175 9
171 176 8
171 177 9
171 178 10
172 179 1
173 180 8
174 181 1
175 182 13
176 182 12
177 182 1
178 183 4
179 183 4
180 184 9
181 185 5
182 186 3
182 187 6
183 188 1
183 189 3
184 190 11
184 191 4
184 192 10
184 193 12
185 194 11
186 195 10
187 196 11
188 197 3
189 198 2
190 198 1
191 198 2
192 198 5
193 199 7
194 200 1
195 200 3
196 200 11
197 200 10
198 200 13
199 200 5
