1 2 30
1 3 62
1 4 56
1 5 31
2 6 79
2 7 67
3 8 61
3 9 19
3 10 63
3 11 79
4 12 55
4 13 14
5 14 22
5 15 69
5 16 53
5 17 15
6 18 73
7 19 34
8 20 16
9 21 14
10 22 85
10 23 48
10 24 33
10 25 23
11 26 76
12 27 69
12 28 62
13 29 25
14 30 9
15 31 23
16 32 67
16 33 32
17 34 50
17 35 67
18 36 18
19 36 77
20 36 83
21 36 51
22 37 15
23 37 34
24 38 66
25 38 58
26 39 60
27 39 32
28 39 22
29 40 3
30 40 15
31 41 24
32 41 19
33 42 81
34 43 71
35 43 8
36 44 97
36 45 57
37 46 63
38 47 9
39 48 64
39 49 19
39 50 15
40 51 71
41 52 16
41 53 79
41 54 7
42 55 48
43 56 53
43 57 90
44 58 61
45 59 10
46 60 88
47 61 93
48 62 21
49 63 62
49 64 79
50 65 43
51 66 20
52 67 9
53 68 53
54 69 43
55 70 42
56 71 77
57 72 21
58 73 5
59 74 13
60 75 84
61 76 67
62 76 30
63 77 14
64 78 34
65 79 76
66 80 38
67 80 82
68 81 79
69 82 93
70 83 55
71 84 83
72 85 42
73 86 69
74 87 45
75 88 3
76 89 86
77 90 22
78 91 54
79 92 9
80 93 42
81 94 56
82 94 60
83 95 98
84 96 90
85 97 39
86 98 48
87 99 76
88 100 17
89 101 27
89 102 28
89 103 51
90 104 81
91 105 53
92 106 14
93 107 55
93 108 63
94 109 65
95 110 12
96 111 55
97 112 87
98 113 71
99 114 87
100 115 36
101 116 42
102 117 7
103 118 35
103 119 28
104 120 12
104 121 35
105 122 74
106 123 9
106 124 15
106 125 85
107 126 74
108 127 82
108 128 16
109 129 26
109 130 47
110 131 82
111 132 4
111 133 11
111 134 17
112 135 34
113 136 40
114 136 44
115 137 99
116 138 64
117 138 31
118 139 80
119 140 13
120 140 16
121 140 16
122 141 54
123 142 27
124 142 62
125 143 39
126 143 94
127 143 24
128 144 27
129 145 77
130 146 45
131 147 42
132 147 85
133 147 51
134 147 21
135 148 88
136 149 12
137 150 34
138 151 35
139 152 77
140 153 25
141 154 36
142 155 91
143 156 31
144 157 17
145 158 45
145 159 36
146 160 61
147 161 83
148 162 39
149 163 9
150 164 8
151 165 15
151 166 5
152 167 98
153 168 29
154 169 54
155 170 81
156 171 7
157 172 75
158 173 24
159 174 26
159 175 70
159 176 75
160 177 16
161 178 6
162 179 53
163 180 71
164 181 14
165 182 57
166 183 60
167 183 21
168 184 88
169 185 7
170 185 96
171 186 34
172 187 45
173 188 77
174 189 42
175 190 54
176 191 75
177 192 93
178 193 44
179 194 85
180 195 48
181 196 46
182 197 22
183 198 45
184 199 81
185 200 27
186 201 49
187 202 9
188 203 67
189 204 1
189 205 50
190 206 89
191 207 61
192 208 79
193 209 51
194 210 72
195 211 8
196 212 23
197 213 54
198 214 53
199 215 49
200 216 5
201 217 93
202 218 94
203 219 31
204 220 45
205 221 25
206 222 18
207 223 40
208 224 18
209 225 85
210 226 62
211 227 98
212 228 87
213 229 96
214 229 72
215 230 71
216 230 81
217 231 20
218 231 38
219 232 46
220 233 52
221 234 41
222 235 92
223 235 68
224 236 16
225 237 46
226 238 12
227 239 1
228 240 81
229 241 17
230 242 92
231 243 47
232 244 77
233 245 67
234 246 1
235 247 42
236 248 94
237 249 57
238 249 51
239 250 44
240 251 65
241 252 31
241 253 66
242 254 44
242 255 48
243 256 38
243 257 98
244 258 65
245 259 78
246 260 65
247 261 69
248 262 19
249 263 93
250 264 48
250 265 84
250 266 67
250 267 82
251 268 94
252 269 60
253 270 98
253 271 88
254 272 27
255 273 28
255 274 52
256 275 20
256 276 37
257 277 89
258 278 68
259 279 5
260 280 20
260 281 13
261 282 77
262 283 33
263 284 30
263 285 11
264 286 43
265 287 9
266 288 96
267 289 58
268 290 52
269 291 85
270 292 78
271 293 12
272 294 24
273 295 79
274 296 75
275 296 11
276 297 21
277 298 93
278 299 47
279 300 26
280 301 30
281 302 11
282 303 28
283 303 20
284 304 12
285 304 67
286 305 33
287 306 23
288 306 67
289 307 83
290 308 2
291 309 90
292 310 96
293 311 35
294 312 36
295 313 18
296 314 45
297 315 24
298 316 80
299 316 79
300 316 70
301 317 35
302 318 64
303 319 33
304 320 38
305 321 46
306 322 36
307 323 1
308 324 53
309 325 31
310 326 96
311 327 94
312 327 68
313 328 48
314 329 74
315 330 41
316 330 18
317 331 81
318 332 69
319 333 86
320 334 58
321 335 81
322 336 37
323 337 19
323 338 83
324 339 52
325 340 26
326 341 86
327 342 93
328 343 1
329 344 54
330 345 64
331 346 52
332 347 72
333 348 15
334 349 76
335 350 54
335 351 21
335 352 85
336 353 72
336 354 23
336 355 69
337 356 56
338 357 24
338 358 53
338 359 55
338 360 40
338 361 38
339 362 44
339 363 14
339 364 19
339 365 98
340 366 31
340 367 66
340 368 34
340 369 19
340 370 63
341 371 97
341 372 81
341 373 67
342 374 67
342 375 52
342 376 24
342 377 99
342 378 53
343 379 18
343 380 97
343 381 31
344 382 8
344 383 86
344 384 86
345 385 1
345 386 84
345 387 42
346 388 40
346 389 58
347 390 4
347 391 17
348 392 94
348 393 80
349 394 7
349 395 54
350 396 97
351 396 71
352 396 63
353 397 16
354 397 36
355 397 12
356 397 15
357 397 73
358 397 63
359 397 71
360 398 1
361 398 52
362 398 54
363 398 79
364 398 31
365 398 13
366 399 7
367 399 95
368 399 22
369 399 46
370 400 22
371 400 48
372 400 99
373 400 55
374 400 79
375 400 88
376 400 58
377 400 16
378 401 10
379 401 44
380 401 72
381 401 76
382 401 13
383 401 50
384 401 74
385 401 5
386 402 52
387 402 67
388 402 61
389 402 86
390 402 24
391 402 99
392 402 10
393 402 76
394 402 63
395 402 60
396 403 73
397 404 22
397 405 73
397 406 85
397 407 77
398 408 28
398 409 79
398 410 89
399 411 71
400 412 35
400 413 5
401 414 81
402 415 16
402 416 81
403 417 97
403 418 24
404 419 81
405 420 60
406 421 64
406 422 45
407 423 42
408 424 69
409 425 61
410 426 8
410 427 50
410 428 86
411 429 38
412 430 41
413 431 45
414 432 54
415 433 67
416 434 30
417 435 25
418 436 12
419 436 87
420 436 59
421 437 85
422 438 1
423 439 67
424 440 70
425 441 76
426 442 66
427 443 12
428 444 97
429 444 36
430 444 25
431 445 78
432 446 10
433 447 26
434 448 30
435 449 85
436 450 91
437 451 20
438 452 78
439 453 46
440 454 41
441 455 74
442 456 80
443 456 21
444 456 2
445 457 49
446 458 41
447 459 98
448 460 19
449 461 51
450 462 9
451 463 71
452 464 49
453 465 65
454 466 60
455 467 60
456 468 30
457 469 44
458 470 10
459 471 91
460 472 90
461 473 98
462 474 22
463 475 57
463 476 27
464 477 97
465 478 94
465 479 17
466 480 42
467 481 54
468 482 85
468 483 83
469 484 63
469 485 15
470 486 36
471 487 44
472 488 38
473 489 37
474 490 4
475 490 28
476 491 53
477 492 27
478 492 88
479 493 80
480 494 51
481 495 67
482 495 7
483 496 31
484 497 92
485 498 21
486 499 87
487 500 17
488 501 67
489 502 76
490 503 33
491 503 83
492 504 26
493 504 22
494 505 26
495 506 55
496 507 1
497 508 64
498 509 86
499 510 77
500 510 61
501 511 18
502 512 17
503 513 7
504 514 21
504 515 30
504 516 89
505 517 83
505 518 11
506 519 88
507 520 27
507 521 37
508 522 36
509 523 19
510 524 16
511 525 69
511 526 34
512 527 77
513 527 90
514 528 5
515 528 32
516 528 48
517 529 80
518 530 28
519 530 80
520 531 63
521 532 92
522 533 96
523 534 64
524 534 30
525 535 72
526 536 9
527 537 92
528 538 44
529 539 28
530 540 57
531 541 92
532 542 39
533 543 13
533 544 29
534 545 78
534 546 99
535 547 92
536 548 26
536 549 23
537 550 4
538 551 67
539 552 73
540 553 98
541 554 91
542 555 56
543 555 18
544 556 42
545 557 12
546 558 91
547 559 5
548 560 50
549 561 51
550 562 59
551 562 12
552 563 98
553 564 16
554 564 33
555 565 87
556 566 28
557 567 67
558 568 4
559 569 48
560 570 90
561 571 25
562 572 49
563 573 60
564 574 24
565 575 81
566 576 31
567 577 62
568 578 75
569 579 5
570 580 51
571 581 39
571 582 26
572 583 22
572 584 57
573 585 23
574 586 30
575 587 23
576 588 18
577 589 77
577 590 65
578 591 73
578 592 61
579 593 56
580 594 60
580 595 64
580 596 82
581 597 22
582 598 18
582 599 35
583 600 56
584 601 45
585 602 15
586 603 83
587 604 17
588 605 4
589 606 91
590 607 8
591 608 15
592 609 15
593 610 20
594 611 2
595 612 83
596 613 79
597 614 16
598 615 31
599 616 63
600 617 58
601 617 4
602 618 20
603 619 43
604 620 48
605 620 40
606 620 49
607 620 40
608 621 40
609 621 14
610 622 31
611 623 83
612 624 48
613 624 69
614 625 54
615 626 59
616 627 28
617 628 62
617 629 52
618 630 96
619 631 51
619 632 38
620 633 95
621 634 93
622 635 5
623 636 37
624 637 27
624 638 8
625 639 7
626 640 97
626 641 39
627 642 2
628 643 11
629 644 66
630 645 28
631 645 33
632 646 25
633 647 44
634 648 43
635 649 45
636 650 73
637 650 95
638 651 43
639 652 52
640 653 16
641 653 9
642 653 40
643 654 48
644 655 95
645 656 61
645 657 27
646 658 11
647 659 31
648 660 32
649 661 11
650 662 61
651 663 93
652 664 75
653 665 78
654 666 85
655 667 73
656 668 23
656 669 6
657 670 73
657 671 29
657 672 99
658 673 89
658 674 52
659 675 83
659 676 76
660 677 33
661 678 20
661 679 3
662 680 47
663 681 89
663 682 97
663 683 15
664 684 84
665 685 2
666 686 45
667 686 16
668 686 26
669 686 13
670 686 78
671 687 73
672 687 52
673 687 71
674 687 83
675 687 27
676 687 50
677 688 69
678 688 94
679 688 50
680 688 51
681 689 32
682 689 35
683 689 96
684 689 25
685 689 40
686 690 68
686 691 91
687 692 52
687 693 60
687 694 53
688 695 27
689 696 83
689 697 51
689 698 57
689 699 20
690 700 81
691 700 46
692 700 11
693 700 90
694 700 49
695 700 4
696 700 91
697 700 88
698 700 26
699 700 66
