1 2 147
1 3 188
2 4 113
2 5 182
2 6 55
2 7 59
2 8 9
3 9 49
3 10 83
3 11 145
3 12 133
4 13 125
5 14 89
5 15 34
6 16 188
7 17 9
7 18 197
8 19 143
8 20 185
9 21 79
10 22 39
11 23 96
11 24 50
12 25 140
13 26 43
14 27 55
14 28 40
15 29 187
16 30 18
17 31 44
18 32 26
19 33 92
19 34 9
20 35 170
21 36 112
22 37 91
23 38 145
24 39 167
25 40 144
26 41 148
27 41 3
28 42 168
29 43 85
30 44 17
31 45 109
32 46 96
33 47 144
34 47 164
35 47 87
36 48 101
37 48 117
38 49 121
39 50 199
40 50 118
41 51 152
41 52 34
41 53 79
42 54 144
42 55 128
43 56 188
43 57 175
44 58 9
44 59 172
45 60 15
46 61 67
47 62 198
47 63 24
47 64 80
48 65 99
49 66 92
50 67 51
51 68 70
52 68 87
53 69 1
54 70 117
55 71 158
56 72 36
57 72 20
58 73 129
59 73 152
60 74 95
61 75 88
62 75 173
63 76 18
64 77 23
65 78 96
66 79 191
67 79 89
68 80 121
68 81 197
69 82 74
69 83 156
70 84 48
71 85 120
71 86 50
72 87 135
73 88 37
73 89 146
73 90 48
74 91 18
74 92 49
75 93 114
75 94 102
76 95 3
76 96 26
77 97 94
77 98 146
78 99 158
78 100 158
79 101 127
79 102 172
80 103 121
81 103 12
82 103 140
83 104 121
84 105 44
85 106 86
86 107 170
87 108 187
88 108 65
89 109 2
90 110 44
91 110 69
92 111 99
93 111 91
94 112 185
95 113 199
96 114 93
97 115 56
98 115 63
99 115 174
100 116 17
101 116 129
102 117 117
103 118 94
104 119 117
105 120 152
106 121 157
107 122 60
108 123 34
109 124 50
110 125 35
111 126 186
112 127 125
113 128 194
113 129 46
114 130 1
115 131 179
116 132 122
117 133 2
118 134 37
119 135 71
120 136 183
121 137 113
122 138 154
123 139 127
124 140 74
125 141 193
126 142 60
127 143 31
128 144 179
129 145 64
130 146 191
131 147 165
132 148 81
133 148 20
134 149 195
135 149 132
136 150 109
137 151 149
138 152 15
139 152 170
140 153 150
141 153 94
142 153 127
143 154 117
144 155 102
145 155 34
146 155 10
147 156 44
148 157 194
149 158 10
150 159 100
150 160 199
151 161 19
152 162 101
152 163 159
153 164 55
153 165 28
153 166 140
154 167 60
155 168 196
155 169 142
155 170 103
156 171 77
157 172 57
158 173 112
159 174 179
160 175 93
161 176 28
162 177 33
163 178 11
164 179 75
164 180 94
165 181 145
166 182 183
167 183 97
168 184 42
169 185 5
170 186 193
171 187 80
172 188 101
173 189 100
174 190 163
175 191 167
176 192 131
177 193 23
178 194 99
179 195 128
180 196 142
181 197 12
182 198 23
183 199 147
184 200 128
185 201 14
186 202 168
187 203 36
188 203 90
189 204 82
190 205 89
191 206 194
192 206 158
193 207 4
194 207 122
195 207 57
196 208 106
197 209 105
198 210 13
199 210 57
200 211 168
201 212 68
202 212 112
203 213 156
204 214 150
205 215 21
206 216 29
207 217 55
207 218 8
207 219 88
207 220 20
208 221 127
209 222 49
209 223 103
210 224 63
211 225 59
211 226 175
211 227 12
212 228 180
212 229 113
212 230 57
213 231 79
213 232 111
214 233 78
215 234 36
216 235 103
217 236 7
218 237 25
219 238 37
220 239 8
221 240 82
222 241 47
223 242 85
224 243 63
225 244 59
226 245 14
227 246 150
228 247 65
229 248 188
230 249 17
231 250 27
232 251 26
233 252 73
234 253 27
235 253 171
236 254 130
237 255 105
238 256 177
239 257 12
240 258 171
241 259 179
242 259 89
243 260 159
244 261 34
245 262 59
246 263 38
247 264 59
248 265 53
249 266 144
250 266 139
251 266 58
252 267 140
253 268 102
254 269 148
255 270 64
256 271 117
257 272 1
258 273 4
259 273 198
260 274 25
261 275 140
262 276 3
263 277 65
264 278 153
265 279 21
266 279 84
267 280 171
268 281 163
269 282 64
270 283 138
271 284 72
272 285 88
273 286 53
274 287 135
275 288 182
275 289 198
276 290 145
276 291 23
277 292 155
278 293 144
278 294 168
279 295 11
280 296 183
281 297 67
282 298 30
282 299 20
283 300 177
284 301 85
285 302 110
286 303 148
287 304 11
288 305 185
289 306 61
290 307 50
291 308 166
292 309 113
292 310 133
293 311 132
294 312 30
295 313 180
296 314 1
297 315 171
298 316 140
299 317 113
300 318 108
301 319 94
302 320 195
303 321 18
303 322 126
304 323 123
305 324 95
306 325 35
307 326 96
308 327 164
309 328 13
310 329 55
311 330 7
312 331 36
313 332 125
314 333 154
315 334 23
315 335 133
316 336 25
316 337 123
317 338 12
317 339 187
318 340 109
318 341 87
318 342 12
319 343 149
319 344 37
319 345 164
319 346 119
320 347 167
320 348 126
320 349 175
321 350 28
321 351 86
321 352 34
322 353 32
323 354 113
324 355 167
324 356 45
324 357 28
325 358 126
326 359 13
326 360 167
327 361 49
327 362 27
328 363 168
328 364 40
328 365 49
328 366 37
329 367 74
329 368 107
330 369 163
331 370 70
332 371 66
332 372 190
333 373 23
334 373 143
335 373 157
336 373 50
337 373 198
338 374 122
339 374 140
340 375 107
341 375 87
342 376 10
343 376 172
344 376 35
345 376 139
346 377 109
347 378 153
348 378 162
349 378 26
350 379 183
351 379 64
352 379 4
353 379 117
354 380 162
355 380 196
356 380 191
357 381 75
358 381 186
359 382 117
360 382 49
361 383 100
362 383 13
363 384 96
364 384 34
365 385 154
366 385 154
367 385 178
368 385 121
369 386 196
370 386 121
371 386 82
372 386 126
373 387 34
374 388 30
375 389 16
376 390 19
377 391 79
378 392 194
379 393 130
380 394 188
381 395 28
382 396 51
383 397 22
384 398 18
385 399 128
386 400 52
387 401 14
388 402 101
389 403 197
390 404 106
391 405 60
392 406 4
393 406 132
394 407 82
395 408 135
396 409 180
397 409 17
398 410 41
399 410 138
400 411 64
401 412 68
402 413 15
403 414 130
403 415 82
404 416 36
405 417 158
406 418 148
406 419 186
407 420 137
408 421 7
408 422 120
409 423 179
410 424 120
411 425 71
411 426 9
411 427 156
412 428 28
413 429 119
414 430 41
415 431 49
416 432 181
417 433 60
418 434 138
419 434 135
420 435 198
421 436 126
422 437 83
423 438 105
424 439 76
425 439 57
426 440 186
427 441 17
428 442 180
429 442 88
430 443 154
431 443 194
432 444 184
433 445 127
434 446 23
435 447 192
436 447 98
437 448 13
438 449 88
439 449 182
440 450 2
441 450 81
442 451 126
443 452 136
444 453 98
444 454 42
444 455 178
445 456 172
445 457 178
445 458 48
446 459 147
446 460 197
447 461 145
447 462 86
448 463 97
448 464 101
449 465 133
450 466 86
451 467 180
452 467 16
453 467 34
454 467 25
455 468 102
456 469 24
457 470 179
458 471 28
459 472 25
460 472 26
461 473 188
462 473 123
463 473 47
464 473 188
465 473 194
466 474 175
467 475 199
468 476 63
469 477 85
470 478 18
471 479 179
472 480 192
473 481 169
473 482 98
474 483 66
475 484 142
475 485 159
476 486 176
476 487 88
476 488 51
477 489 125
478 490 127
478 491 87
479 492 155
480 493 179
480 494 180
481 495 140
482 496 29
483 497 107
483 498 129
483 499 170
483 500 83
484 501 163
485 502 43
486 503 54
487 503 164
488 504 96
489 504 66
490 505 87
491 506 166
492 507 152
493 507 14
494 507 137
495 508 175
496 508 39
497 509 52
498 509 146
499 509 47
500 510 97
501 511 78
501 512 76
502 513 109
503 514 124
504 515 195
505 516 149
505 517 131
506 518 195
507 519 122
507 520 146
508 521 57
509 522 133
510 523 107
510 524 9
510 525 163
510 526 71
511 527 87
512 528 58
513 529 5
514 530 100
515 531 156
516 532 97
517 533 98
518 534 73
518 535 134
519 536 91
520 537 75
521 538 4
522 539 149
523 540 42
524 541 155
525 542 107
526 543 53
527 544 1
528 545 17
529 546 130
530 547 112
531 548 156
532 549 167
533 550 22
534 551 37
535 552 120
536 553 127
537 554 189
538 555 64
539 556 84
540 557 108
541 558 87
542 559 131
543 560 72
544 561 92
545 561 159
546 562 178
547 563 134
548 564 134
549 565 59
550 566 162
551 567 59
552 568 47
553 569 97
554 570 104
555 571 81
556 572 157
557 573 142
558 574 72
559 575 25
560 576 119
561 577 89
562 578 156
563 579 88
564 580 178
565 581 11
566 582 70
567 583 160
568 584 132
569 585 107
570 586 110
571 587 62
572 588 184
573 589 5
574 590 35
575 590 34
576 591 59
577 592 156
577 593 91
578 594 102
579 595 32
580 596 49
581 597 105
582 598 90
583 599 51
584 600 169
584 601 162
585 602 93
586 603 162
586 604 56
587 605 20
588 606 52
589 607 96
590 608 79
591 609 72
592 610 128
593 611 161
594 612 190
595 613 59
596 614 142
597 615 35
598 616 72
599 617 24
600 618 178
601 619 7
602 620 29
603 621 190
604 622 153
605 623 45
606 624 106
607 625 138
608 625 42
609 626 82
610 627 46
611 628 132
612 629 146
613 630 18
614 631 31
615 632 15
616 633 135
617 634 193
618 635 39
619 636 169
619 637 102
620 638 73
621 639 67
622 640 12
623 641 144
624 642 103
625 643 179
626 644 110
627 645 32
628 646 2
629 647 48
630 648 90
631 648 168
632 649 94
633 650 22
634 651 111
635 652 193
636 653 64
637 654 58
638 655 52
639 656 72
640 656 34
641 657 101
642 658 94
643 659 8
644 660 51
645 661 141
646 662 198
647 663 163
648 664 17
649 665 47
650 666 162
651 667 160
652 668 190
653 669 22
653 670 168
654 671 163
654 672 50
655 673 78
655 674 155
656 675 117
657 676 47
658 677 134
659 678 13
660 679 173
660 680 91
661 681 83
662 682 72
663 683 57
664 684 131
665 685 38
666 685 14
667 686 126
668 687 79
669 688 111
670 689 84
671 690 80
672 691 192
673 692 173
674 693 28
675 694 126
676 695 4
677 696 5
678 697 154
679 698 136
680 699 145
681 700 125
682 700 181
683 700 1
684 700 191
685 700 63
686 700 152
687 700 161
688 700 63
689 700 162
690 700 62
691 700 71
692 700 2
693 700 118
694 700 29
695 700 155
696 700 172
697 700 66
698 700 109
699 700 37
