1 2 5
1 3 1
1 4 4
1 5 4
1 6 2
2 7 3
2 8 2
2 9 1
3 10 3
3 11 5
3 12 2
4 13 4
4 14 2
4 15 2
4 16 1
5 17 1
5 18 1
5 19 4
5 20 1
6 21 1
6 22 1
6 23 5
6 24 1
7 25 1
8 26 2
9 26 1
10 27 3
11 28 2
12 29 2
13 30 1
14 31 2
15 32 1
16 32 2
17 33 1
18 34 1
19 35 3
20 36 1
21 37 4
22 38 1
23 39 4
24 40 2
25 41 1
26 42 2
27 43 2
28 44 3
29 45 1
30 46 5
31 47 5
32 48 3
33 49 5
34 50 1
35 51 2
36 51 4
37 52 2
38 53 5
39 54 4
40 55 5
41 56 3
42 57 4
42 58 3
43 59 2
44 60 3
45 61 5
45 62 1
46 63 3
46 64 1
47 65 1
48 66 1
49 67 1
49 68 4
50 69 5
50 70 4
51 71 2
52 72 2
53 73 5
54 74 2
55 75 1
56 76 4
57 77 2
58 78 3
59 79 5
60 80 5
61 81 4
62 82 1
63 83 4
64 84 3
65 85 2
66 86 5
67 87 5
68 87 3
69 88 2
70 89 2
71 90 3
72 91 1
73 92 1
74 93 5
75 94 1
76 95 5
77 96 3
78 96 1
79 97 5
80 98 1
81 99 1
82 100 4
83 101 4
84 102 3
85 103 4
86 103 1
87 104 3
88 105 5
89 106 4
90 107 1
91 108 3
92 109 5
93 110 4
94 111 1
95 112 4
96 113 2
97 114 5
98 115 1
99 116 5
99 117 4
100 118 1
101 119 5
102 120 4
103 121 2
103 122 5
104 123 3
105 124 2
106 125 1
107 126 2
108 127 2
109 128 3
110 129 1
111 130 4
112 131 4
113 131 1
114 131 5
115 132 5
116 132 3
117 133 4
118 134 2
119 135 5
120 136 4
121 137 5
122 138 1
123 139 5
124 140 4
125 140 4
126 140 1
127 141 5
128 142 3
129 143 3
130 144 4
131 145 4
132 146 1
133 147 2
134 148 3
135 149 4
136 150 4
137 151 3
137 152 3
138 153 5
139 154 5
139 155 3
140 156 4
141 157 3
142 158 1
143 159 2
144 160 2
145 161 2
146 162 5
147 163 4
148 164 5
149 165 1
150 166 5
151 167 5
152 167 4
153 168 5
154 169 5
155 170 1
156 171 5
157 172 1
158 172 4
159 172 2
160 173 3
161 174 5
161 175 1
162 176 2
163 177 2
163 178 2
164 179 3
165 180 2
166 181 1
167 182 3
168 183 1
169 184 5
170 185 2
171 186 5
171 187 2
172 188 4
173 189 4
173 190 3
174 191 5
175 192 1
176 193 5
177 194 4
178 195 4
179 196 2
180 197 4
181 198 4
182 199 5
183 200 1
183 201 1
184 202 5
185 203 5
185 204 4
186 205 3
187 206 3
188 207 5
189 208 4
190 209 3
191 210 5
192 210 5
193 211 5
194 212 1
195 212 5
196 213 2
197 213 2
198 214 5
199 215 1
200 216 4
201 217 5
202 217 5
203 218 4
204 219 4
205 220 1
206 221 4
207 221 2
208 222 3
209 222 5
210 223 3
211 224 3
212 225 2
213 226 4
214 227 4
215 228 4
215 229 5
216 230 4
217 231 1
218 232 2
219 233 3
219 234 1
220 235 5
221 236 1
222 237 2
222 238 1
222 239 2
223 240 2
224 241 4
225 241 1
226 242 4
227 243 3
228 244 1
229 245 1
230 246 4
231 247 1
232 248 1
233 249 1
234 249 1
235 250 5
236 251 4
237 252 4
238 252 1
239 253 1
240 254 1
241 255 3
241 256 2
242 257 3
243 258 3
244 259 5
245 260 2
245 261 1
246 262 5
246 263 3
247 264 1
247 265 3
247 266 4
248 267 4
249 268 1
249 269 5
250 270 1
251 271 4
252 272 3
252 273 1
253 274 2
254 275 4
255 275 2
256 275 5
257 276 3
258 277 2
259 278 4
260 279 3
261 279 5
262 280 2
263 281 2
264 281 4
265 282 5
266 283 4
267 284 4
268 285 5
269 285 5
270 286 4
271 287 1
272 287 1
273 288 2
274 289 5
275 290 3
276 291 2
277 292 4
278 293 1
279 294 3
280 295 5
281 296 4
282 297 3
283 298 4
284 299 5
285 300 1
286 300 1
287 301 3
288 302 2
289 303 5
290 304 4
291 305 2
292 306 3
293 307 2
294 308 1
295 309 3
295 310 5
296 311 5
297 312 3
298 313 5
299 314 2
299 315 5
300 316 2
301 317 3
302 318 2
303 319 3
304 320 4
305 321 5
306 322 5
307 323 3
308 324 1
309 325 1
310 326 3
311 327 3
312 328 4
313 329 5
314 330 4
314 331 5
315 332 1
315 333 2
316 334 4
317 335 2
318 336 3
319 337 3
320 338 5
321 339 1
322 340 3
323 341 2
323 342 1
324 343 4
325 344 2
326 345 5
327 346 5
328 347 1
329 348 1
330 349 5
331 350 2
332 351 5
333 352 3
334 353 4
335 354 5
336 355 3
337 356 3
338 357 3
339 358 3
340 358 1
341 359 3
342 359 4
343 360 5
344 361 5
345 361 4
346 362 3
347 363 5
348 364 4
349 365 5
350 366 4
351 367 1
352 368 1
353 368 4
354 369 1
355 370 1
356 371 2
357 372 5
358 373 5
359 374 5
360 374 2
361 375 2
362 375 2
363 376 5
364 377 1
365 378 4
366 378 4
367 379 4
368 380 3
369 381 3
370 381 1
371 382 5
372 383 2
373 384 5
373 385 4
374 386 2
375 387 3
376 388 1
376 389 3
377 390 5
378 391 2
379 392 1
379 393 1
380 394 1
381 395 5
382 396 2
383 397 5
384 398 1
385 399 2
386 400 3
387 401 5
388 402 3
389 403 3
390 404 2
391 405 3
392 406 4
393 407 1
394 408 2
395 409 2
396 410 2
397 411 1
398 412 5
399 413 3
400 414 3
401 415 2
402 416 4
403 417 4
404 418 2
405 419 2
406 420 5
407 421 2
408 422 4
409 423 1
410 424 3
411 425 4
411 426 3
412 427 5
412 428 4
413 429 1
413 430 1
413 431 4
413 432 2
414 433 5
415 434 1
415 435 3
416 436 3
416 437 2
417 438 3
417 439 4
417 440 2
418 441 5
418 442 4
418 443 4
419 444 1
419 445 2
419 446 1
419 447 3
419 448 5
420 449 2
420 450 1
420 451 2
420 452 2
421 453 5
422 454 5
422 455 3
422 456 1
423 457 2
423 458 4
424 459 4
424 460 5
424 461 3
425 462 3
426 463 5
427 463 1
428 464 1
429 464 3
430 465 4
431 466 1
432 466 3
433 466 3
434 467 5
435 467 1
436 468 1
437 468 2
438 468 4
439 468 4
440 469 2
441 469 5
442 470 5
443 470 4
444 471 1
445 471 1
446 471 1
447 471 1
448 472 1
449 472 1
450 473 5
451 473 1
452 473 3
453 474 4
454 475 4
455 476 2
456 476 4
457 477 4
458 478 4
459 478 2
460 478 2
461 478 5
462 479 1
463 480 1
464 481 1
465 482 5
466 483 2
467 484 1
468 484 4
469 485 4
470 486 4
471 486 4
472 487 2
473 487 4
474 488 5
475 489 1
476 490 1
477 491 3
478 492 4
479 493 4
480 494 2
481 495 1
482 495 5
483 496 4
484 497 2
485 497 5
486 498 5
487 499 5
488 499 1
489 500 2
490 501 3
491 502 3
492 503 4
493 504 3
494 505 3
495 506 4
496 507 4
497 508 1
497 509 1
497 510 5
498 511 2
498 512 1
499 513 1
499 514 5
500 515 2
501 516 4
502 517 4
502 518 5
503 519 3
504 520 1
504 521 2
505 522 2
505 523 1
506 524 5
506 525 2
506 526 4
507 527 2
507 528 2
507 529 4
508 530 2
509 531 1
510 532 4
510 533 5
510 534 1
511 535 5
512 536 5
513 537 1
514 538 1
515 539 2
516 540 4
516 541 1
517 542 2
518 543 1
518 544 5
519 545 3
520 546 1
521 547 4
522 547 5
523 548 2
524 549 5
525 550 5
526 550 5
527 551 3
528 552 5
529 553 2
530 554 4
531 554 5
532 555 4
533 556 1
534 557 1
535 558 3
536 559 2
537 560 1
538 561 2
539 562 2
540 563 4
541 564 3
542 565 5
543 565 3
544 565 5
545 566 3
546 567 5
547 567 3
548 568 5
549 568 4
550 569 3
551 570 1
552 571 3
553 571 2
554 572 4
555 573 3
556 573 2
557 573 4
558 574 1
559 574 5
560 575 4
561 576 4
562 577 1
563 577 1
564 578 4
565 579 3
566 580 1
567 581 1
568 582 4
568 583 5
569 584 3
570 585 5
571 586 4
571 587 4
572 588 2
573 589 1
574 590 2
575 591 4
575 592 5
576 593 2
577 594 4
577 595 4
578 596 4
579 597 1
580 598 1
580 599 2
581 600 2
582 600 4
583 601 3
584 601 4
585 602 2
586 603 4
587 604 5
588 604 5
589 605 4
590 605 2
591 606 2
592 606 1
593 607 4
594 608 1
595 609 2
596 610 5
597 610 3
598 611 2
599 612 4
600 613 3
601 613 3
602 614 1
603 615 1
604 616 1
605 616 5
606 617 2
607 618 2
608 619 5
609 620 2
610 620 4
611 621 3
612 622 1
613 623 4
614 624 3
615 625 5
616 626 3
617 627 2
617 628 5
618 629 1
619 630 4
620 631 2
620 632 1
621 633 4
621 634 4
622 635 3
623 636 2
624 637 2
625 638 1
626 639 1
627 640 1
628 641 5
629 641 1
630 641 3
631 642 1
632 643 4
633 644 3
634 645 2
635 646 4
636 647 1
636 648 4
637 649 4
637 650 5
638 651 3
638 652 1
639 653 1
640 654 2
640 655 2
641 656 5
642 657 1
642 658 2
642 659 1
643 660 3
644 661 3
644 662 1
644 663 5
644 664 3
644 665 5
645 666 5
646 667 2
647 668 5
648 669 1
649 670 2
650 671 5
651 672 5
652 673 3
653 674 4
654 675 3
655 676 4
655 677 4
656 678 5
657 679 3
658 680 4
659 681 4
660 682 3
661 683 5
662 684 4
663 685 1
664 686 4
665 687 2
666 688 1
667 689 1
667 690 1
668 691 2
669 691 4
670 692 4
671 693 2
672 693 2
673 694 2
674 694 5
675 695 5
676 696 1
677 697 2
678 698 3
679 698 3
680 698 4
681 698 2
682 698 4
683 699 3
684 699 3
685 700 1
686 701 5
687 701 4
688 702 3
689 702 1
690 703 3
691 704 3
692 705 2
693 706 5
694 707 4
695 708 3
696 709 1
697 710 5
698 711 5
699 712 3
700 713 2
700 714 4
701 715 4
702 716 1
703 717 1
704 718 2
705 719 4
706 720 5
707 721 2
708 722 1
709 723 1
710 724 1
711 725 5
712 726 1
713 727 2
714 728 4
715 728 3
716 729 5
717 730 1
718 731 3
718 732 2
719 733 3
720 734 4
721 735 3
721 736 2
721 737 4
722 738 3
723 739 3
723 740 1
724 741 5
724 742 2
725 743 2
725 744 2
726 745 1
726 746 5
727 747 5
727 748 5
728 749 3
729 750 5
730 751 3
731 752 5
732 752 2
733 753 2
734 753 5
735 754 4
736 755 5
737 755 5
738 755 3
739 755 4
740 756 3
741 757 3
742 758 2
743 758 2
744 758 3
745 759 2
746 760 3
747 760 3
748 760 4
749 761 3
750 762 2
751 762 1
752 763 4
752 764 1
753 765 2
754 766 4
754 767 1
755 768 1
756 769 3
756 770 3
757 771 2
758 772 3
759 773 2
760 774 2
760 775 1
761 776 1
762 777 4
763 778 3
764 779 4
764 780 3
765 781 3
766 782 1
767 783 2
768 784 1
768 785 4
769 786 1
770 787 2
770 788 5
771 789 5
772 790 5
773 791 3
774 792 2
775 793 3
775 794 2
775 795 2
776 796 2
776 797 5
777 798 5
778 799 4
779 800 4
780 801 5
781 802 5
782 803 3
783 804 5
784 805 5
785 806 1
786 807 2
787 808 4
788 809 4
789 810 5
790 811 4
790 812 3
791 813 5
792 814 5
793 815 5
794 816 4
795 817 2
795 818 4
796 819 2
797 820 5
798 821 2
799 822 5
800 823 4
801 824 5
802 824 5
803 825 2
804 826 4
805 827 5
806 828 3
807 828 3
808 829 1
809 830 5
810 830 1
811 831 5
812 831 1
813 832 4
814 832 1
815 833 4
816 833 1
817 833 3
818 834 5
819 835 3
820 836 4
821 837 4
822 838 4
823 839 2
824 840 4
825 840 2
826 841 3
827 842 1
828 842 1
829 843 4
830 844 1
831 845 5
832 846 4
833 847 5
834 848 3
835 849 4
836 850 5
837 851 5
838 852 4
839 853 1
840 854 3
841 855 4
842 856 4
843 857 1
844 858 1
844 859 1
845 860 5
846 861 5
847 862 4
848 863 2
848 864 3
849 865 1
850 866 1
851 867 3
852 868 5
853 869 5
854 870 3
855 871 5
856 872 1
857 873 2
858 873 1
859 874 2
860 875 4
861 876 4
862 877 2
863 878 2
864 879 5
865 880 1
866 881 1
867 882 2
868 883 5
869 884 1
870 885 2
871 886 5
872 887 4
873 888 1
874 889 4
874 890 3
875 891 2
876 892 2
877 893 1
878 894 4
879 895 5
880 896 3
881 897 2
882 898 4
882 899 1
883 900 2
884 900 4
885 900 2
886 900 1
887 900 3
888 900 2
889 900 2
890 900 4
891 900 3
892 900 5
893 900 2
894 900 1
895 900 5
896 900 1
897 900 5
898 900 2
899 900 3
