1 2 5
1 3 3
1 4 12
1 5 9
1 6 12
2 7 7
2 8 7
3 9 9
3 10 11
4 11 1
4 12 5
5 13 8
5 14 4
5 15 9
5 16 4
6 17 10
6 18 3
6 19 11
6 20 5
7 21 13
8 22 1
9 22 10
10 23 3
11 24 11
12 25 3
13 26 4
14 27 3
15 28 11
16 29 7
17 29 8
18 29 3
19 30 13
20 31 1
21 32 5
22 33 12
23 34 13
24 35 9
25 36 13
25 37 10
26 38 13
27 39 5
28 40 3
29 41 5
29 42 1
30 43 6
31 44 10
32 45 11
33 46 4
34 47 9
35 48 12
36 49 13
37 50 10
38 51 2
39 52 7
40 53 7
41 54 10
42 55 12
43 56 13
44 57 1
45 58 2
46 59 1
47 60 4
48 61 1
49 62 12
50 63 5
51 64 3
52 65 12
52 66 2
53 67 12
54 68 8
55 69 4
56 70 6
56 71 7
57 72 10
58 73 3
59 74 12
60 74 1
61 75 11
62 76 2
63 77 7
64 78 5
65 79 2
66 80 6
67 81 8
68 82 13
69 83 7
70 84 1
71 85 3
72 85 5
73 86 8
74 87 12
75 88 10
76 89 3
76 90 8
77 91 11
77 92 12
78 93 10
79 94 7
80 95 13
80 96 11
81 97 1
82 98 6
83 99 9
83 100 5
83 101 8
84 102 6
85 103 6
86 104 3
87 105 6
88 106 5
89 107 4
90 108 9
91 109 4
92 110 9
93 111 7
94 112 1
95 113 1
96 114 5
97 115 4
98 116 9
99 117 9
100 118 13
101 119 10
102 120 10
103 121 12
104 122 8
105 123 4
106 124 2
107 125 6
108 126 10
109 127 5
110 128 5
111 129 3
112 130 5
113 131 1
114 132 3
115 133 5
116 134 13
117 135 13
118 136 7
119 137 7
120 138 10
121 139 10
122 140 8
123 140 10
124 140 5
125 141 6
126 142 11
127 142 6
128 143 12
129 144 6
130 144 11
131 145 9
132 146 9
133 146 13
134 147 3
135 148 2
136 149 12
137 150 11
138 151 5
139 152 12
140 153 1
141 154 10
141 155 1
142 156 12
143 157 1
144 158 13
145 159 1
146 160 10
147 161 12
148 162 8
149 163 1
150 164 1
151 165 6
152 166 4
153 167 6
154 168 2
155 169 6
156 169 13
157 170 2
158 171 8
159 172 3
160 173 6
161 173 6
162 173 10
163 174 13
164 174 6
165 174 5
166 175 13
167 176 6
168 177 2
169 178 13
170 179 12
171 180 2
172 181 1
173 182 11
174 183 8
175 184 7
176 185 9
177 186 5
178 187 7
179 188 1
180 189 4
181 189 5
182 190 10
183 191 8
184 192 13
185 193 1
185 194 4
186 195 7
187 196 6
187 197 5
188 198 9
189 199 13
189 200 2
189 201 13
190 202 11
190 203 9
191 204 5
191 205 5
192 206 12
192 207 8
193 208 7
194 209 6
195 210 2
196 211 4
197 212 8
198 213 3
199 214 12
200 215 1
201 216 9
202 217 13
203 217 11
204 218 1
205 219 13
206 220 6
207 221 3
208 222 3
209 222 10
210 222 12
211 222 1
212 223 4
213 223 9
214 224 8
215 224 3
216 225 7
217 225 10
218 226 4
219 226 8
220 226 8
221 227 8
222 228 12
222 229 9
222 230 4
223 231 7
223 232 10
224 233 2
225 234 1
226 235 3
227 236 6
227 237 4
227 238 4
228 239 9
229 240 11
230 241 3
231 242 5
231 243 5
232 244 12
232 245 10
233 246 8
233 247 5
234 248 4
234 249 11
235 250 10
236 251 3
237 252 13
237 253 1
238 254 7
238 255 5
239 256 2
240 257 2
241 258 10
242 259 11
243 260 5
244 261 12
245 262 7
246 263 9
247 264 9
248 265 12
249 266 12
250 267 9
251 268 6
252 269 7
253 270 10
254 271 2
255 272 2
256 273 13
257 274 2
258 275 4
259 276 12
260 277 3
261 278 13
262 279 13
263 280 2
264 281 3
265 282 1
266 283 2
267 284 10
268 285 13
269 286 7
270 287 4
271 288 4
272 289 6
273 290 5
274 291 9
275 291 10
276 291 3
277 292 8
278 292 1
279 292 7
280 293 1
281 293 9
282 294 13
283 294 3
284 295 11
285 296 13
286 297 11
287 298 9
288 299 6
289 299 2
290 300 6
290 301 3
290 302 13
291 303 6
291 304 12
292 305 4
292 306 1
292 307 4
293 308 11
294 309 10
295 310 10
296 311 12
296 312 10
297 313 1
297 314 9
298 315 6
298 316 1
299 317 5
300 318 13
301 319 12
302 320 13
303 321 12
304 322 5
305 323 3
306 324 5
307 325 4
308 326 8
309 327 3
310 328 7
311 329 5
312 330 4
313 331 3
314 332 8
315 333 10
316 334 11
317 335 6
318 336 10
319 337 13
320 337 5
321 338 6
322 338 6
323 339 9
324 340 2
325 341 2
326 342 8
327 342 3
328 343 5
329 344 2
330 345 6
331 345 9
332 345 1
333 346 12
334 346 12
335 347 5
336 348 13
337 349 2
338 350 12
339 350 4
340 351 3
341 352 10
342 353 3
343 354 12
344 355 10
345 356 10
346 357 13
347 358 3
348 359 2
348 360 2
348 361 2
348 362 6
348 363 7
349 364 6
349 365 2
349 366 9
350 367 4
350 368 12
350 369 9
351 370 3
351 371 6
352 372 12
352 373 1
352 374 1
353 375 9
353 376 10
354 377 9
354 378 1
355 379 8
355 380 3
355 381 1
355 382 12
356 383 1
356 384 2
356 385 13
357 386 1
357 387 13
357 388 10
357 389 7
358 390 5
358 391 1
358 392 4
359 393 6
360 393 11
361 393 4
362 394 5
363 395 7
364 395 9
365 396 9
366 396 3
367 396 7
368 397 2
369 397 1
370 397 5
371 397 6
372 397 10
373 398 13
374 398 1
375 398 13
376 399 3
377 400 10
378 400 4
379 400 3
380 401 13
381 401 5
382 401 2
383 402 9
384 402 6
385 403 9
386 403 3
387 404 3
388 404 7
389 404 5
390 404 7
391 405 12
392 406 12
393 407 12
394 408 10
395 409 11
396 410 6
397 411 4
398 412 12
399 413 12
400 414 5
401 415 2
402 416 11
403 417 4
404 418 12
405 419 1
406 420 11
407 421 3
408 421 10
409 422 3
410 422 8
411 423 13
412 424 10
413 425 2
414 426 6
415 427 2
416 428 2
417 428 2
418 429 12
419 430 11
420 431 12
421 432 11
421 433 4
422 434 9
423 435 2
423 436 10
424 437 2
425 438 11
425 439 5
426 440 4
427 441 6
427 442 5
428 443 12
428 444 12
429 445 10
430 446 10
430 447 9
431 448 12
432 449 5
433 450 13
434 450 3
435 450 5
436 451 4
437 452 3
438 452 2
439 452 7
440 452 5
441 453 6
442 453 8
443 454 7
444 454 10
445 455 13
446 455 5
447 456 9
448 456 3
449 457 13
450 458 1
450 459 12
450 460 10
451 461 9
452 462 4
452 463 12
452 464 2
453 465 7
454 466 10
454 467 11
455 468 7
456 469 2
456 470 10
457 471 3
458 472 10
459 473 2
460 474 3
461 475 5
462 476 7
463 477 3
464 478 6
465 479 4
466 480 9
467 481 13
468 482 6
469 483 9
470 484 9
470 485 2
470 486 2
471 487 6
472 488 6
473 489 1
474 490 7
475 491 8
476 492 4
477 493 12
477 494 9
478 495 7
479 496 2
480 497 10
480 498 5
481 499 6
482 500 6
483 501 4
483 502 9
484 503 13
484 504 12
485 505 1
486 506 10
487 507 8
488 508 2
489 509 3
490 510 8
491 511 6
492 512 4
493 513 11
494 514 5
495 515 4
496 516 11
497 517 5
498 518 3
499 518 7
500 518 9
501 519 2
502 520 9
503 521 10
504 521 1
505 522 6
506 523 2
507 524 11
508 525 1
509 526 7
510 527 2
511 528 13
512 529 12
513 530 9
514 531 7
515 532 6
516 533 2
517 534 11
518 535 8
519 536 4
520 537 11
521 538 2
522 539 4
523 540 8
524 541 1
525 542 4
526 543 7
527 544 10
528 545 7
529 546 12
530 547 13
531 548 8
532 549 8
533 550 8
534 551 3
535 552 13
536 553 2
537 554 6
538 555 1
539 556 9
539 557 3
539 558 11
540 559 2
541 560 9
542 561 1
543 562 9
544 563 11
545 564 11
546 565 13
547 566 12
548 567 2
549 567 5
550 568 3
551 569 7
552 570 9
553 570 4
554 571 10
555 572 11
556 573 5
557 574 8
558 575 4
559 576 8
560 577 1
561 578 5
562 579 10
562 580 6
563 581 4
564 582 10
565 583 8
566 584 9
567 585 3
568 586 11
569 587 13
569 588 7
570 589 8
571 590 1
571 591 4
572 592 1
573 593 4
574 594 12
574 595 2
574 596 5
575 597 7
576 598 6
577 599 8
578 600 8
579 601 1
580 602 10
581 603 13
582 604 4
583 605 3
584 606 1
585 607 4
586 608 4
587 609 1
588 610 9
589 611 3
590 612 13
591 613 8
592 614 12
593 615 6
594 616 8
595 617 10
596 617 2
597 618 11
598 619 1
599 620 1
600 620 3
601 621 12
602 621 9
603 621 6
604 622 13
605 622 3
606 622 11
607 623 7
608 624 9
609 625 5
610 625 1
611 626 5
612 626 10
613 627 11
614 628 7
615 629 3
616 629 11
617 629 11
618 629 10
619 629 1
620 630 7
621 631 5
622 632 6
623 633 7
624 634 12
624 635 13
624 636 5
625 637 11
626 638 5
626 639 1
627 640 3
627 641 9
628 642 13
629 643 4
629 644 2
630 645 12
631 646 2
632 647 3
633 648 5
634 649 11
635 650 8
636 650 11
637 651 10
638 652 6
639 653 6
640 654 12
641 654 5
642 655 1
643 655 5
644 656 9
645 657 12
646 658 9
646 659 1
646 660 4
647 661 10
648 662 4
649 663 13
649 664 1
649 665 9
650 666 8
650 667 8
651 668 9
652 669 5
653 670 3
654 671 4
655 672 2
655 673 7
656 674 3
656 675 1
657 676 13
658 677 8
659 678 7
660 679 7
661 679 11
662 680 12
663 681 9
664 682 11
665 682 7
666 683 13
667 684 1
668 685 3
669 686 5
670 687 7
671 687 4
672 688 11
673 688 2
674 689 13
675 690 11
676 691 9
677 692 1
678 693 3
679 694 7
680 695 10
681 696 9
682 697 6
683 698 9
684 699 3
685 700 9
686 701 5
687 702 5
688 703 9
689 704 3
690 705 3
691 706 6
692 707 3
692 708 4
693 709 9
694 710 5
695 711 11
695 712 12
696 713 6
696 714 1
697 715 5
697 716 5
698 717 7
699 718 12
700 719 6
700 720 11
701 721 5
701 722 3
702 723 5
703 724 1
704 725 8
705 726 7
706 727 6
707 728 5
708 729 2
709 729 2
710 729 5
711 730 10
712 731 8
713 732 11
714 733 7
715 734 3
716 735 3
717 736 9
718 736 5
719 736 9
720 737 8
721 738 11
722 739 6
723 740 11
724 741 3
725 742 4
726 743 2
727 744 3
728 744 3
729 745 3
730 745 3
731 746 13
732 747 8
733 748 5
734 748 13
735 748 5
736 749 9
737 750 12
738 751 8
739 752 9
740 752 7
741 753 2
742 753 3
743 754 8
744 755 13
745 756 13
746 757 10
747 758 7
748 759 11
749 760 4
750 761 10
751 762 8
752 763 7
752 764 7
753 765 4
753 766 13
754 767 8
755 768 4
756 769 9
757 770 4
757 771 3
758 772 5
759 773 13
760 774 9
761 775 3
762 776 3
763 777 4
763 778 7
763 779 8
763 780 10
764 781 11
765 782 9
765 783 1
766 784 3
767 785 11
768 786 12
769 787 5
770 787 4
771 788 3
772 789 11
773 790 5
774 791 9
775 792 2
776 793 11
777 794 7
778 795 11
779 796 3
780 796 12
781 796 8
782 797 12
783 797 1
784 798 8
785 799 10
786 800 4
787 800 13
788 800 9
789 800 13
790 800 11
791 800 4
792 800 12
793 800 8
794 800 2
795 800 5
796 800 11
797 800 13
798 800 3
799 800 2
