2 1 1 2 2 2 1 2 2 2 2 1 2 2 1 1
5 2 4 5 5 4 5 5 3 2 5 4 5 4 5 5
8 12 11 6 13 12 8 7 10 12 15 6 8 14 9 9
13 6 11 13 10 17 17 15 10 14 10 16 10 14 9 15
6 7 7 16 16 14 14 16 13 14 16 9 12 11 9 12
9 11 14 6 9 17 14 12 8 9 6 7 10 6 6 10
18 24 18 12 16 14 13 17 15 17 24 18 26 20 12 12
12 18 18 17 18 13 10 16 20 21 13 10 9 16 22 20
9 18 16 11 18 18 21 17 18 14 12 17 24 9 18 22
7 8 13 14 6 5 6 10 13 12 8 5 12 5 11 10
9 6 5 3 4 5 7 6 8 9 3 4 6 9 7 7
14 8 13 11 20 10 7 12 17 8 15 12 9 14 20 9
5 2 3 4 4 4 6 4 2 3 3 2 6 3 3 5
22 17 8 18 9 11 11 18 15 12 21 22 19 8 14 9
8 4 7 7 5 4 4 8 7 6 7 6 5 7 7 4
1 2 1 1 2 2 2 2 1 2 2 1 1 1 2 2
17 17 14 22 13 17 24 17 9 16 15 14 10 11 17 9
10 11 7 7 10 8 4 6 11 6 9 8 11 5 5 11
16 9 11 16 12 14 8 14 15 16 16 12 18 7 8 10
20 22 16 9 24 18 18 21 23 18 17 15 10 22 9 11
2 3 5 2 2 3 4 4 2 5 2 2 2 5 2 4
17 15 13 16 13 12 14 15 9 15 17 16 13 19 20 14
4 5 2 5 2 4 3 4 3 4 3 3 5 2 3 5
9 12 9 11 8 14 8 6 9 15 18 7 18 16 12 15
14 10 6 14 11 10 8 8 12 13 7 7 5 13 5 13
9 7 8 6 7 6 9 6 4 6 8 8 9 9 5 6
14 14 15 11 17 20 20 17 16 18 8 11 20 14 12 15
6 10 13 10 11 7 12 8 13 5 11 8 5 9 6 7
9 8 4 12 9 11 8 9 12 6 6 6 6 12 8 8
6 5 8 4 4 4 5 3 8 4 4 6 7 3 3 6
5 4 4 5 3 2 4 2 3 2 5 2 4 3 3 5
4 8 3 9 5 7 9 4 8 7 9 4 9 6 6 6
18 7 15 12 10 7 6 17 17 17 8 13 16 14 9 13
12 5 10 15 11 8 11 10 6 8 9 13 12 13 15 8
2 1 1 2 2 1 2 2 1 1 1 1 1 1 1 1
3 1 2 3 3 1 2 3 2 3 2 3 2 1 1 2
7 8 12 9 13 18 17 8 11 15 13 9 8 18 15 14
15 14 7 11 12 15 6 15 10 15 6 13 7 8 11 13
13 13 12 14 15 18 13 17 11 23 15 15 17 16 11 13
6 11 7 10 11 9 8 7 9 7 8 16 17 9 16 14
8 13 13 8 13 6 13 10 12 10 9 10 12 9 8 13
10 11 14 15 13 12 15 6 5 5 5 10 7 7 10 10
11 6 11 6 11 10 5 4 6 6 11 7 5 5 6 10
8 17 16 14 17 16 16 11 14 8 10 7 10 13 11 11
7 6 8 9 8 5 6 3 7 8 8 6 4 4 7 4
11 14 17 11 15 13 8 13 12 8 12 7 18 14 19 7
9 13 16 6 15 14 18 9 6 14 13 12 17 16 12 12
10 16 21 12 26 24 16 23 22 24 10 9 15 18 21 21
5 9 9 7 13 8 14 7 5 12 11 11 13 7 11 7
17 15 9 7 17 6 13 16 12 16 16 16 18 8 17 9
17 15 11 13 11 25 10 20 11 17 27 9 13 17 17 18
1 1 1 2 2 2 1 1 1 2 1 2 2 1 2 1
8 8 11 4 4 5 11 4 8 10 9 6 11 9 9 6
11 10 11 8 9 9 4 9 9 11 4 7 6 4 8 4
5 5 10 11 7 10 7 7 11 5 11 6 7 10 12 15
18 14 19 8 7 20 7 14 10 11 9 14 14 9 11 9
8 11 20 14 19 15 13 13 11 12 18 19 11 8 14 9
4 5 2 2 6 5 5 2 5 3 6 2 5 6 5 4
6 7 7 14 11 6 9 11 7 12 12 10 14 10 6 11
6 6 11 10 5 11 5 12 12 5 6 10 7 4 5 4
20 19 23 17 18 16 21 20 15 24 16 13 17 19 26 18
1 3 3 2 3 3 2 1 2 3 3 1 1 1 1 1
18 7 14 9 12 10 17 17 13 6 10 6 9 16 9 9
13 10 16 11 18 7 6 18 17 7 17 7 9 9 13 9
20 20 19 8 7 11 19 17 16 9 7 9 8 13 9 15
5 2 4 4 3 4 3 2 2 5 2 5 3 5 5 3
4 3 4 3 8 6 3 3 7 8 8 6 3 8 3 6
17 6 17 13 8 12 8 14 17 15 16 13 8 11 17 11
9 7 15 15 12 11 16 12 8 9 17 6 16 13 14 8
11 13 10 9 26 17 21 17 18 17 10 22 14 15 11 10
10 9 8 10 8 5 10 9 8 11 10 11 12 11 10 11
13 10 10 12 15 12 13 13 12 10 14 13 10 12 8 11
11 12 6 11 5 9 11 9 9 7 11 6 8 9 12 10
2 2 2 2 1 2 1 2 2 1 1 2 2 1 2 2
3 3 6 3 6 3 7 3 6 8 6 4 6 9 4 3
6 6 12 10 13 10 5 14 14 7 10 14 13 14 14 8
8 10 6 6 10 14 7 5 12 10 5 13 8 6 14 9
15 16 11 26 14 25 9 22 17 15 24 11 18 11 15 14
6 11 4 12 5 9 6 4 4 11 12 5 12 11 11 11
19 23 12 20 22 19 11 23 20 20 23 10 21 8 21 22
15 10 7 15 10 12 15 8 11 8 13 14 5 13 12 5
11 7 8 8 5 5 11 9 9 4 8 5 11 4 5 8
4 2 3 2 4 3 4 4 2 4 4 3 5 4 2 2
8 5 9 4 9 4 6 7 7 3 6 6 3 5 4 7
2 5 4 5 4 3 3 6 2 3 6 4 4 5 2 6
2 3 1 1 2 1 2 2 3 1 1 2 2 1 3 1
15 16 16 7 13 16 10 19 17 16 9 20 20 20 20 9
18 9 14 16 10 12 13 15 9 9 11 8 16 13 7 14
21 23 11 11 26 12 21 13 17 11 27 9 20 14 9 21
17 16 9 11 19 16 14 12 15 14 9 19 18 15 10 10
19 20 27 11 16 18 9 19 13 21 14 18 14 18 20 21
20 20 7 7 8 7 13 15 17 16 19 11 8 18 12 7
6 5 6 5 6 3 2 2 6 6 4 5 5 4 2 6
13 14 19 9 14 11 11 8 16 17 7 10 15 10 10 15
11 18 10 11 13 19 7 17 17 15 8 12 19 7 18 21
15 8 12 11 22 17 19 14 21 17 18 8 17 19 19 23
22 17 9 8 8 10 21 21 21 9 8 10 14 16 13 19
9 14 22 14 15 10 23 10 12 22 16 15 22 10 18 10
23 13 9 24 24 14 9 27 20 27 12 15 27 24 10 24
15 23 12 14 12 11 26 16 9 14 12 9 19 12 25 23
20 10 18 11 18 16 12 15 22 16 20 11 20 15 8 19
5 9 7 11 14 10 9 11 9 5 7 7 8 7 10 7
21 8 9 9 11 24 12 17 10 12 20 19 19 15 10 12
1 1 1 2 1 1 1 2 2 1 1 2 2 1 1 1
3 6 8 5 8 5 5 5 6 6 3 9 4 8 5 8
8 3 5 6 7 9 7 8 4 7 7 8 6 5 9 5
1 1 1 1 3 1 3 2 1 1 3 3 2 2 3 1
7 3 7 5 6 3 5 3 6 7 4 6 7 4 3 4
24 10 10 17 25 20 12 18 11 14 24 18 18 27 24 15
3 2 4 3 3 3 5 5 2 2 2 2 2 5 3 3
26 12 21 16 18 22 26 15 26 18 20 22 16 18 15 23
5 5 5 5 2 5 2 4 2 2 3 4 3 3 2 2
3 1 3 3 2 1 3 1 2 2 2 2 3 2 2 2
1 2 2 1 1 2 2 2 1 2 2 1 1 2 1 1
3 2 1 3 3 1 1 2 2 2 1 3 3 3 3 3
23 21 9 21 12 24 8 17 15 8 9 21 13 20 14 8
17 22 15 23 20 11 10 20 10 15 15 24 21 21 20 23
15 14 10 20 12 16 18 11 16 20 9 14 20 20 19 12
13 18 21 7 17 17 16 7 13 16 15 15 15 11 19 11
1 2 2 1 1 2 3 1 3 1 2 2 1 2 2 3
2 2 1 1 2 1 2 1 1 2 2 1 1 2 1 2
8 12 7 8 6 12 9 5 12 7 4 7 7 5 6 4
3 4 3 5 4 5 5 4 5 4 4 2 4 5 2 4
13 18 9 21 15 10 26 17 12 21 26 14 25 23 19 11
9 10 12 15 9 17 9 14 16 10 17 15 13 11 11 17
26 19 24 21 20 17 14 17 14 10 13 11 12 23 11 10
4 5 7 8 7 7 3 4 4 7 7 4 5 7 7 3
9 17 17 11 16 9 15 14 9 12 10 12 20 7 13 18
13 15 10 18 15 8 9 17 16 14 18 15 13 8 7 8
2 3 3 1 3 3 3 1 3 2 3 2 1 1 2 1
8 9 9 5 4 5 6 8 6 8 8 8 3 5 8 6
5 6 3 8 3 7 3 6 9 9 6 9 5 4 7 4
5 3 8 3 7 7 8 8 4 4 3 5 7 4 6 3
15 13 11 6 7 10 7 11 9 6 11 5 14 15 11 9
10 18 11 12 12 13 14 10 8 16 13 19 13 14 11 17
6 8 4 4 7 6 6 6 3 4 6 5 5 4 6 6
10 10 4 10 10 5 10 9 12 8 6 7 11 9 6 9
5 9 6 10 9 8 7 8 6 6 11 8 6 6 8 11
18 17 22 17 10 8 16 14 8 20 16 20 23 8 10 16
7 13 6 10 13 11 9 14 9 6 8 15 6 9 12 9
9 10 12 6 11 11 13 12 11 6 13 14 10 11 9 11
1 1 1 2 2 2 1 1 2 1 2 2 1 1 1 1
10 11 9 6 11 9 11 4 5 7 11 7 9 10 9 11
1 2 3 2 2 1 2 2 3 1 3 1 3 3 3 3
17 10 8 11 20 17 13 19 13 7 17 19 10 21 17 10
16 9 13 16 14 12 7 10 10 7 7 10 8 8 12 15
7 10 15 6 7 11 17 14 11 17 7 13 13 10 9 6
5 8 4 11 12 4 11 11 4 7 7 7 4 5 8 7
12 13 9 9 10 9 17 7 14 8 16 10 10 9 15 17
14 20 14 18 16 9 11 15 18 16 12 17 17 14 13 9
3 3 3 5 5 2 3 2 2 5 5 5 5 4 3 2
6 12 9 9 13 14 9 12 17 16 6 6 15 17 14 10
21 24 9 11 11 24 18 8 22 20 16 16 9 21 23 21
17 9 7 9 13 8 6 14 10 6 15 9 11 9 12 11
6 11 9 8 12 8 13 6 9 7 12 11 11 6 8 11
1 1 2 1 2 2 2 1 1 1 2 1 1 1 2 1
2 2 1 2 2 2 2 2 2 1 2 2 1 2 1 1
1 2 1 2 2 3 3 3 1 2 3 2 1 1 3 3
17 13 7 14 18 13 18 11 13 20 21 11 21 11 10 10
6 2 5 2 3 4 3 6 5 4 4 3 5 5 3 5
21 17 16 19 20 10 18 14 14 11 18 8 15 21 12 18
6 6 11 15 17 11 11 12 17 11 7 13 10 11 13 14
19 23 17 14 11 23 18 20 13 14 23 17 23 22 9 18
13 16 24 16 18 22 16 15 16 9 12 20 15 15 19 25
4 9 11 5 4 10 9 8 8 8 9 5 8 10 11 11
15 12 9 18 15 16 10 9 12 16 8 15 12 18 13 18
14 11 24 12 26 23 23 18 27 24 21 9 14 22 14 17
3 2 1 3 1 2 3 3 1 2 1 2 1 3 2 1
23 9 13 18 24 25 17 19 13 14 12 12 15 26 12 16
6 9 7 4 4 7 12 7 7 8 4 7 12 4 10 6
12 16 14 17 13 6 11 8 8 16 15 15 11 8 12 10
16 17 11 10 14 25 14 19 16 10 24 15 25 11 12 14
17 9 8 20 7 17 11 13 15 17 8 20 13 16 15 15
13 14 6 14 14 11 9 14 10 12 9 8 13 8 6 14
6 3 7 6 8 5 6 6 8 8 8 7 4 5 7 4
16 11 10 19 19 14 19 17 23 22 16 17 11 8 19 15
6 7 9 7 7 5 6 6 4 7 7 5 3 4 5 3
10 23 9 19 26 23 9 22 25 23 14 25 26 13 12 20
14 17 8 15 16 15 18 9 19 18 22 10 20 19 9 22
3 5 4 5 2 5 5 5 3 4 4 5 2 3 2 3
17 10 12 15 6 14 6 17 8 16 12 10 13 11 11 18
3 3 3 5 5 2 4 3 2 4 3 2 5 5 5 4
3 8 5 4 8 7 4 8 3 3 7 9 3 3 9 7
1 2 3 2 2 1 3 1 3 3 1 1 3 2 1 3
7 6 8 7 5 6 3 8 3 4 7 9 3 6 8 4
13 16 12 12 10 13 17 7 13 14 8 11 16 17 9 12
11 18 6 15 6 17 16 15 18 18 17 14 17 18 6 14
12 6 7 10 5 10 13 7 14 11 11 7 6 11 8 11
15 17 11 21 15 26 20 11 14 13 26 10 23 17 22 21
2 2 2 2 2 2 2 1 1 2 2 1 2 1 2 2
5 5 4 2 5 2 5 3 3 4 4 3 5 2 2 3
20 19 20 22 14 21 13 23 21 10 24 24 18 22 12 21
16 16 15 8 17 21 16 15 23 12 11 21 12 10 21 21
9 8 8 9 6 14 6 13 11 9 6 13 5 5 8 13
5 4 6 5 5 4 5 7 8 8 4 4 4 5 6 7
12 10 5 14 12 14 8 10 9 11 14 12 5 11 9 6
11 17 7 13 12 14 11 15 15 12 16 15 14 7 13 13
2 4 3 4 2 5 3 6 4 5 2 3 3 3 6 3
6 6 3 4 6 5 6 3 6 6 5 8 4 5 6 5
5 5 9 8 3 4 4 5 9 6 3 5 6 5 8 6
9 5 9 9 7 6 13 6 14 11 14 9 14 7 7 5
2 2 3 2 3 3 3 2 2 2 3 1 1 1 1 1
19 17 19 14 12 17 8 21 21 14 10 15 11 11 13 17
12 5 6 11 13 11 12 5 13 14 14 8 13 5 13 12
23 14 8 11 23 20 11 21 11 20 16 20 15 19 11 14
14 11 9 12 15 14 21 12 21 16 15 10 18 9 19 10
12 22 9 15 14 21 14 10 23 18 10 13 23 13 12 8
15 8 13 12 13 15 10 14 6 9 14 12 7 8 7 12
5 3 2 2 3 5 2 2 4 3 5 5 4 2 5 4
4 3 8 3 5 6 8 5 3 5 4 5 5 6 3 6
19 21 10 12 21 12 19 12 22 14 25 17 15 23 22 20
10 6 11 11 11 11 8 9 5 12 9 7 7 11 12 6
7 8 16 10 6 6 15 11 10 9 8 13 11 15 18 9
6 9 11 11 5 10 14 13 5 7 13 13 14 12 7 5
23 25 18 17 17 13 15 17 11 25 26 17 24 21 13 18
7 7 11 8 9 4 6 11 10 9 11 5 4 11 5 11
18 19 20 15 15 18 20 10 22 8 22 9 9 13 23 18
25 25 12 22 20 11 25 26 17 17 12 23 10 26 17 24
21 24 14 27 17 11 9 24 19 16 27 21 15 23 17 10
19 15 15 20 14 7 20 9 18 17 14 10 13 20 13 17
14 18 18 14 11 8 13 10 6 13 11 12 11 16 17 11
4 3 4 2 5 5 2 4 2 4 2 4 3 5 2 2
12 11 6 9 8 8 6 4 7 8 6 7 4 5 8 9
9 11 7 7 17 14 7 9 6 11 13 18 8 15 6 12
2 2 2 2 2 1 2 2 1 2 2 2 2 1 2 1
3 3 4 3 5 3 4 4 4 2 5 3 4 3 2 3
1 2 3 3 1 2 1 1 2 3 3 2 3 1 2 2
12 9 7 6 10 7 10 15 9 7 9 13 12 10 12 14
1 2 1 1 1 1 1 1 1 2 2 2 1 2 2 2
12 12 11 9 18 11 16 12 15 12 13 17 11 6 11 18
23 16 18 12 19 9 22 12 11 18 10 12 9 22 14 17
8 13 8 14 13 7 5 11 12 14 12 11 7 7 6 8
2 3 2 1 1 2 1 1 1 3 3 1 3 3 2 1
5 4 2 2 3 6 6 4 6 5 6 4 3 6 3 6
14 10 10 12 14 13 23 20 21 8 11 20 21 22 11 10
17 14 6 7 17 11 16 8 8 7 16 8 7 12 10 11
16 12 13 12 17 20 14 16 15 8 14 8 9 7 8 20
6 4 5 10 9 7 6 10 8 10 7 9 8 10 8 9
16 11 9 24 10 25 23 21 13 22 11 12 24 21 12 20
22 15 26 19 17 16 22 21 23 15 18 18 11 16 14 25
8 21 10 11 15 9 11 20 8 22 10 11 12 8 13 8
7 5 8 7 7 3 8 8 7 3 7 7 4 3 3 6
3 6 8 5 9 7 7 9 4 8 5 5 9 8 6 3
3 6 8 9 9 7 3 6 7 9 7 3 7 3 9 9
8 13 9 16 11 12 15 13 16 15 10 9 10 7 6 9
4 5 5 2 2 5 3 3 3 3 4 4 4 4 5 3
3 3 3 3 3 2 3 1 3 1 2 3 3 2 1 3
9 12 16 17 6 7 9 18 11 15 13 7 6 18 11 10
8 14 6 14 12 7 7 12 13 5 13 8 9 14 7 12
18 17 12 8 18 18 14 11 8 11 15 16 17 8 18 21
21 22 21 8 20 14 8 14 14 16 10 14 14 16 11 22
9 8 12 11 14 13 8 11 10 12 11 12 11 13 5 9
6 6 3 5 3 7 6 6 5 5 3 9 4 7 3 4
15 18 21 16 13 10 12 9 7 18 13 14 12 21 18 20
4 2 6 2 6 3 3 5 2 3 4 4 6 2 4 6
5 4 9 7 9 5 5 9 9 8 4 11 8 10 8 11
5 8 6 9 9 9 9 9 6 8 3 6 7 6 4 4
16 19 11 19 15 16 11 14 11 13 9 9 20 21 20 9
10 21 12 23 19 9 18 14 13 16 11 17 8 13 14 16
8 7 7 8 8 3 5 5 8 5 6 6 6 3 4 8
12 22 12 23 21 10 15 16 19 23 21 11 12 22 14 12
12 9 13 10 21 11 15 17 13 17 12 10 12 15 14 12
4 3 2 4 2 4 4 3 5 5 5 5 5 2 5 4
7 4 4 8 5 7 7 8 8 3 8 4 4 4 8 8
11 15 9 8 16 14 18 16 13 10 15 19 10 16 13 11
11 15 12 14 16 8 8 17 6 12 8 15 6 6 10 6
11 4 9 6 9 7 11 11 6 4 12 8 8 7 10 5
4 6 7 4 6 3 3 7 4 3 7 4 7 3 6 8
12 12 7 5 10 9 7 6 5 14 9 13 12 5 9 13
4 2 2 2 4 3 5 4 4 2 4 4 2 3 3 2
13 12 12 18 9 12 20 7 19 16 20 10 11 20 7 10
3 4 4 2 2 5 4 4 5 3 3 3 2 3 5 4
1 1 2 2 1 2 1 2 1 1 1 1 2 2 2 2
9 8 8 7 4 3 4 6 4 6 4 3 3 3 8 9
9 11 9 12 6 11 10 15 14 17 18 8 10 8 7 11
8 10 10 13 15 14 7 17 9 15 8 8 17 10 15 8
10 17 22 19 15 19 25 11 24 25 18 15 26 26 15 27
21 21 16 13 18 18 8 8 10 8 10 20 9 10 15 14
10 6 7 11 8 8 10 7 6 5 9 5 8 9 6 10
11 6 9 10 6 4 11 9 10 6 5 7 6 7 10 8
1 1 2 3 3 1 2 3 1 1 2 1 2 1 2 3
15 6 13 13 11 12 10 15 12 7 10 11 10 9 11 6
6 5 8 10 11 10 7 11 10 8 6 5 11 7 9 7
10 8 7 6 7 5 5 7 6 13 11 5 10 14 13 14
5 9 10 5 7 6 6 4 9 4 6 6 7 4 6 7
11 14 16 17 19 12 15 18 13 15 9 19 14 20 19 15
15 11 10 9 9 10 14 6 6 10 17 9 10 14 7 13
15 7 15 20 7 14 15 13 17 15 12 8 19 18 14 7
14 13 8 7 20 15 10 16 15 21 7 11 16 20 12 11
14 14 19 16 10 7 12 19 20 18 11 13 7 8 10 11
10 11 10 11 7 8 5 9 8 7 11 10 10 5 8 9
19 20 23 15 9 18 17 25 17 20 19 26 24 19 11 25
7 18 10 8 9 13 18 11 7 7 9 16 15 11 18 9
10 11 10 12 14 6 10 11 10 9 13 7 8 9 5 10
4 5 6 6 3 5 4 8 5 6 6 3 8 4 4 8
1 1 3 2 3 2 3 3 3 2 3 1 2 1 1 2
16 19 18 8 20 16 15 18 19 13 18 11 10 13 11 7
5 11 5 7 12 4 12 5 6 12 10 5 11 7 6 11
5 2 2 3 2 5 2 4 5 2 5 5 2 2 2 3
11 10 25 16 17 20 9 25 21 11 25 9 13 13 15 25
