1 2 1
1 3 1
2 4 1
2 5 1
2 6 1
2 7 1
3 8 1
3 9 1
3 10 1
3 11 1
3 12 1
4 13 1
4 14 1
5 15 1
5 16 1
5 17 1
6 18 1
6 19 1
6 20 1
7 21 1
8 22 1
8 23 1
9 24 1
9 25 1
9 26 1
10 27 1
10 28 1
11 29 1
11 30 1
12 31 1
12 32 1
13 33 1
14 34 1
15 34 1
16 35 1
17 35 1
18 35 1
19 35 1
20 36 1
21 37 1
22 37 1
23 38 1
24 38 1
25 39 1
26 39 1
27 39 1
28 40 1
29 40 1
30 41 1
31 42 1
32 43 1
33 44 1
34 44 1
35 45 1
36 45 1
37 46 1
38 46 1
39 47 1
40 47 1
41 48 1
42 49 1
43 49 1
44 50 1
45 50 1
46 50 1
47 50 1
48 50 1
49 50 1
