1 2 8
1 3 1
1 4 2
1 5 2
2 6 9
2 7 9
2 8 6
2 9 1
2 10 2
3 11 8
3 12 3
3 13 7
3 14 7
3 15 2
4 16 9
4 17 5
4 18 8
4 19 9
5 20 9
5 21 1
5 22 5
5 23 6
6 24 8
7 25 3
8 25 8
9 26 9
10 27 1
11 28 5
12 29 5
13 29 2
14 29 2
15 30 7
16 31 8
17 32 8
18 33 7
19 34 5
20 35 5
21 36 3
22 37 4
23 37 5
24 38 4
25 39 2
26 40 1
27 41 5
28 42 1
29 43 6
30 44 8
31 45 6
32 46 4
32 47 2
33 48 6
34 49 9
35 50 1
36 51 7
37 52 5
38 53 8
38 54 3
39 55 3
40 56 9
41 57 6
42 58 6
43 59 8
44 60 3
44 61 6
45 62 1
46 63 4
47 64 7
47 65 3
48 66 5
49 67 5
50 68 4
50 69 6
51 70 2
52 71 4
52 72 8
52 73 9
53 74 4
54 75 5
55 76 2
56 77 1
56 78 4
56 79 5
57 80 8
58 81 8
58 82 4
59 83 5
59 84 3
60 85 7
61 86 8
62 87 1
63 88 3
64 89 8
64 90 1
65 91 1
66 92 4
66 93 1
67 94 9
68 95 9
69 96 6
70 97 7
71 98 8
72 99 8
72 100 5
73 101 8
73 102 5
74 103 3
75 104 5
76 104 5
77 105 3
78 106 8
79 107 9
80 108 9
81 109 7
82 109 1
83 109 7
84 110 7
85 110 5
86 111 9
87 111 8
88 111 8
89 112 9
90 113 7
91 114 2
92 114 4
93 115 9
94 115 6
95 116 8
96 116 8
97 117 9
98 117 2
99 117 6
100 117 4
101 118 5
102 119 6
103 120 8
103 121 6
103 122 8
104 123 6
104 124 1
104 125 4
104 126 5
104 127 8
105 128 5
105 129 9
105 130 5
105 131 5
105 132 1
106 133 3
107 134 8
107 135 4
108 136 2
108 137 3
108 138 4
109 139 1
109 140 6
109 141 8
109 142 9
110 143 8
110 144 6
110 145 2
110 146 2
110 147 1
111 148 4
111 149 7
112 150 8
112 151 4
112 152 9
112 153 8
112 154 2
113 155 5
113 156 4
113 157 2
114 158 7
114 159 8
114 160 2
115 161 4
115 162 1
115 163 2
116 164 9
116 165 3
116 166 8
117 167 2
117 168 6
117 169 2
118 170 6
118 171 9
118 172 1
119 173 1
119 174 6
119 175 3
119 176 1
120 177 7
121 177 6
122 177 1
123 178 5
124 178 2
125 178 6
126 178 6
127 179 5
128 179 9
129 179 4
130 180 6
131 180 3
132 180 8
133 181 6
134 182 1
135 182 8
136 182 4
137 183 2
138 183 3
139 183 3
140 184 7
141 184 2
142 184 3
143 184 2
144 185 2
145 186 8
146 186 4
147 187 7
148 188 9
149 188 1
150 188 8
151 188 8
152 188 1
153 189 2
154 189 3
155 190 4
156 190 2
157 190 9
158 190 1
159 191 2
160 191 5
161 191 2
162 191 9
163 191 8
164 191 4
165 191 8
166 192 7
167 192 9
168 193 8
169 193 7
170 194 8
171 195 3
172 195 5
173 196 3
174 196 7
175 196 6
176 196 6
177 197 3
178 198 6
179 199 2
180 200 9
181 201 1
182 202 3
183 203 4
184 204 7
185 205 5
186 205 4
187 206 2
188 207 5
189 208 7
190 209 5
191 210 2
192 211 9
193 212 1
194 213 4
195 214 4
196 215 2
197 216 6
198 217 9
199 218 3
200 219 9
201 220 9
202 221 7
203 222 4
203 223 4
204 224 9
205 225 8
206 226 5
207 227 8
208 228 1
209 229 9
210 230 7
211 231 5
212 232 6
213 233 7
214 234 5
215 235 7
216 236 6
217 237 2
218 238 4
219 239 9
220 240 1
220 241 9
221 242 7
222 243 3
222 244 9
223 245 3
224 246 2
225 247 2
225 248 4
226 249 3
227 250 9
228 251 9
229 252 5
230 253 1
231 254 9
232 255 8
233 256 9
234 257 2
235 258 5
236 259 8
237 260 8
238 261 9
239 262 1
240 263 6
241 264 8
242 265 5
243 265 1
244 266 6
245 267 8
246 268 2
247 269 7
248 270 5
249 271 3
250 271 5
251 272 4
252 273 1
253 274 9
254 275 5
255 276 4
256 277 8
257 278 2
258 279 5
259 280 2
260 281 7
261 282 4
262 283 1
263 284 8
264 285 4
265 286 9
266 287 9
267 288 8
268 289 4
269 290 1
270 290 8
271 291 4
272 292 9
273 293 3
274 294 8
275 295 3
276 296 5
277 297 5
278 298 9
279 299 2
280 300 1
281 300 3
282 300 3
283 300 3
284 300 1
285 300 4
286 300 3
287 300 9
288 300 4
289 300 5
290 300 3
291 300 3
292 300 4
293 300 6
294 300 7
295 300 7
296 300 4
297 300 7
298 300 9
299 300 3
