1 2 1
1 3 4
1 4 2
2 5 6
2 6 1
2 7 5
2 8 6
2 9 3
3 10 6
3 11 2
3 12 9
3 13 9
4 14 7
4 15 6
5 16 6
6 17 5
7 18 3
8 19 5
9 20 9
10 21 4
11 22 8
12 23 1
13 24 3
14 25 9
15 26 9
16 27 2
17 28 8
18 29 4
19 30 7
20 31 3
21 32 3
22 33 3
23 34 4
24 35 5
25 36 7
26 37 5
27 38 6
28 39 7
29 40 1
30 41 9
31 42 8
32 43 7
33 44 1
34 45 1
35 46 6
36 47 8
37 48 7
38 49 9
39 50 2
40 51 4
41 52 6
42 53 6
43 53 6
44 54 8
45 55 5
46 56 2
47 57 3
48 58 8
49 59 6
50 60 1
51 61 9
52 62 4
52 63 4
53 64 1
54 65 6
55 66 7
56 67 8
57 68 2
58 69 9
59 70 7
60 71 4
61 72 5
62 73 3
63 74 5
64 75 4
65 76 1
66 77 7
67 78 1
68 78 3
69 79 1
70 80 8
71 81 1
72 82 8
73 83 5
74 84 3
75 85 8
76 86 4
77 87 1
78 88 6
79 89 2
80 90 1
81 91 6
81 92 7
82 93 6
83 94 9
84 95 4
85 96 2
86 97 8
87 98 1
88 99 4
89 100 2
90 101 6
91 102 8
92 103 6
93 104 4
94 105 7
95 106 2
96 107 4
97 108 9
98 109 2
99 110 2
100 111 5
101 112 9
102 113 9
103 114 8
104 115 1
105 116 9
106 117 9
107 118 7
108 118 8
109 119 9
110 120 3
111 121 5
112 122 7
113 123 6
114 124 5
115 125 3
116 126 1
117 127 2
118 128 1
119 129 5
120 130 5
121 131 4
122 132 4
123 133 3
124 134 1
125 135 5
126 136 9
127 137 5
128 138 4
129 139 8
130 140 9
131 141 1
132 142 2
133 143 7
134 144 3
135 145 4
136 146 6
137 147 6
138 148 4
138 149 9
139 150 3
140 151 6
141 152 3
142 153 1
143 153 7
144 154 1
145 155 5
146 156 2
147 157 5
148 158 7
149 159 1
150 160 7
151 161 5
152 162 2
153 163 8
154 164 1
155 165 8
156 166 4
157 167 6
158 168 5
159 169 7
160 170 4
160 171 4
161 172 9
162 173 1
163 174 1
164 175 2
165 176 8
166 177 2
167 178 7
168 179 2
169 180 4
170 181 5
171 182 8
172 183 4
173 184 1
174 185 8
175 185 6
176 186 2
177 187 6
178 188 1
179 189 1
180 190 3
181 191 3
182 192 4
183 193 2
184 194 9
185 195 3
186 196 6
187 197 3
188 198 5
189 199 6
190 200 1
191 201 1
192 202 8
193 203 1
194 204 8
195 205 4
196 206 9
197 207 5
198 208 8
199 209 2
200 210 5
201 211 9
202 212 9
203 213 7
204 214 7
204 215 2
205 216 1
206 217 6
207 218 3
208 219 2
209 220 8
210 221 5
211 222 4
212 223 9
213 224 6
214 225 6
215 226 9
216 227 2
217 228 7
218 229 7
219 230 5
220 231 1
221 232 9
222 233 5
223 234 1
224 234 2
225 234 2
226 235 3
227 236 2
228 237 6
229 238 8
230 239 3
231 240 5
232 241 9
233 242 1
234 243 4
234 244 6
235 245 8
236 246 1
236 247 1
237 248 3
238 249 5
239 250 7
240 251 4
241 252 6
242 253 7
243 254 6
244 255 5
245 256 2
246 257 6
247 258 7
248 259 5
249 260 2
250 261 9
251 262 6
252 263 6
253 264 9
254 265 7
255 266 9
256 267 6
257 268 4
258 269 5
259 270 9
260 271 9
261 272 6
262 273 6
263 274 6
264 275 1
265 276 6
266 277 3
267 278 8
268 279 3
269 280 1
270 281 3
271 282 5
272 283 4
273 284 4
274 285 8
275 286 1
276 287 4
277 288 6
278 289 5
279 290 8
280 291 9
281 292 3
282 293 7
283 294 5
284 294 8
285 295 8
286 296 3
287 297 9
288 298 9
289 299 6
290 300 3
291 300 5
292 300 1
293 300 1
294 300 7
295 300 8
296 300 7
297 300 1
298 300 7
299 300 8
