1 2 1
1 3 1
1 4 10
1 5 3
2 6 11
2 7 12
2 8 8
3 9 9
3 10 1
3 11 3
3 12 6
4 13 10
4 14 9
5 15 7
5 16 11
5 17 6
5 18 3
5 19 13
6 20 6
7 21 8
8 21 8
9 22 9
10 22 1
11 23 13
12 24 2
13 25 1
14 26 5
15 26 6
16 26 4
17 27 10
18 28 8
19 29 9
20 30 12
21 31 3
22 32 10
23 33 7
24 34 6
25 35 13
26 36 6
27 37 9
28 38 9
29 39 2
30 40 1
30 41 8
31 42 3
32 43 10
32 44 8
33 45 10
34 46 3
34 47 2
34 48 9
35 49 1
35 50 6
36 51 11
36 52 11
36 53 4
37 54 9
38 55 7
39 56 5
39 57 9
40 58 12
41 58 1
42 58 2
43 59 1
44 60 10
45 61 8
46 62 5
47 63 4
48 63 7
49 63 1
50 64 12
51 65 2
52 65 6
53 66 2
54 66 2
55 67 13
56 68 6
57 69 4
58 70 8
59 71 1
59 72 5
60 73 11
61 74 12
62 75 12
63 76 4
64 77 5
64 78 9
64 79 8
65 80 9
65 81 2
66 82 4
67 83 1
68 84 9
69 85 9
70 86 4
71 87 4
72 88 7
73 89 11
74 90 1
75 91 12
76 92 1
77 93 10
78 94 6
79 95 13
80 96 1
81 97 10
82 98 7
83 99 5
84 100 3
85 101 13
86 102 7
87 103 8
88 104 2
89 104 3
90 105 8
91 105 7
92 106 7
93 107 8
94 108 1
95 108 10
96 109 8
97 110 4
98 110 4
99 110 7
100 111 11
101 112 11
102 113 8
103 114 7
104 115 11
105 116 10
106 117 4
107 118 13
108 119 4
109 120 8
110 121 10
111 122 5
112 123 4
113 124 4
113 125 4
114 126 13
114 127 8
115 128 2
116 129 9
117 130 2
118 131 2
118 132 10
119 133 6
119 134 8
120 135 7
121 136 5
122 137 3
123 138 13
123 139 6
124 140 7
124 141 4
125 142 4
126 143 1
127 144 8
128 145 13
129 146 5
130 147 9
131 148 13
132 149 3
133 150 5
134 151 2
135 152 7
136 153 1
137 154 4
138 155 6
139 156 9
140 157 3
141 157 9
142 158 9
143 158 4
144 158 3
145 159 7
146 160 1
147 161 2
148 161 12
149 161 13
150 161 6
151 162 12
152 163 4
153 164 2
154 165 13
155 166 5
156 166 12
157 167 4
158 168 3
159 169 6
160 170 7
160 171 3
160 172 1
161 173 7
162 174 2
163 175 6
163 176 3
164 177 1
165 178 2
166 179 2
166 180 1
167 181 13
168 182 9
169 183 2
170 184 5
171 185 3
172 186 3
173 187 13
174 188 10
174 189 9
175 190 7
176 191 6
177 192 10
177 193 2
178 194 5
179 195 12
180 196 8
181 197 2
182 198 7
183 199 3
184 200 8
185 200 8
186 201 4
187 202 12
188 203 12
189 204 12
190 205 12
191 206 5
192 207 11
193 208 13
194 209 13
195 210 11
196 211 1
197 212 1
198 213 10
199 214 5
200 215 6
201 216 8
202 217 5
203 218 11
204 219 6
205 220 2
206 221 2
207 222 9
208 223 12
209 224 8
210 225 6
211 226 12
212 227 4
213 228 8
214 228 7
215 229 3
216 229 6
217 230 4
218 231 7
219 232 11
220 233 7
221 233 1
222 234 1
223 234 6
224 235 8
225 236 8
226 236 2
227 237 13
228 238 8
229 239 12
230 240 2
231 241 7
231 242 9
231 243 9
232 244 12
233 245 5
234 246 7
235 247 11
236 248 8
237 249 12
238 250 6
239 251 12
240 252 5
241 253 9
242 254 11
243 255 2
244 256 1
245 257 10
246 258 9
247 259 11
247 260 11
248 261 12
248 262 11
249 263 5
250 264 9
251 265 4
252 266 12
253 267 5
254 268 12
255 269 11
256 270 8
257 271 5
258 272 8
259 273 5
260 273 8
261 274 11
262 275 13
263 276 12
264 277 9
265 278 10
266 279 6
267 279 11
268 280 13
269 281 13
270 282 7
271 283 2
272 284 1
273 285 5
274 286 1
275 287 6
276 288 1
277 289 10
278 289 13
279 290 4
280 291 12
281 292 6
282 293 5
283 294 11
284 295 11
285 296 6
286 297 12
287 298 2
288 299 12
289 300 1
290 301 9
290 302 6
291 303 2
291 304 8
292 305 5
293 306 1
294 307 4
295 308 3
295 309 11
296 310 12
296 311 11
297 312 3
298 313 8
299 314 5
299 315 8
300 316 6
301 317 10
301 318 3
302 319 1
303 320 2
303 321 3
304 322 11
304 323 6
305 324 3
306 325 1
306 326 1
307 327 1
308 328 7
309 329 4
309 330 2
309 331 6
310 332 9
310 333 4
311 334 3
312 335 8
312 336 8
313 337 4
314 338 5
315 339 3
316 340 6
317 341 11
318 341 9
319 341 5
320 342 7
321 342 4
322 343 11
323 343 8
324 344 10
325 345 5
326 346 6
327 347 3
328 348 4
329 349 3
330 350 12
331 350 3
332 351 7
333 351 5
334 352 4
335 352 5
336 352 3
337 353 5
338 354 8
339 354 11
340 355 1
341 356 1
342 357 10
343 358 1
344 359 2
345 359 6
346 360 11
347 361 5
348 362 8
349 362 8
350 363 4
351 364 12
352 365 5
353 366 8
354 367 7
355 368 10
355 369 2
356 370 12
357 371 7
358 372 1
359 373 4
360 374 7
361 375 8
362 376 8
363 377 9
364 378 13
365 379 9
365 380 2
366 381 6
367 382 9
368 383 7
368 384 4
369 385 4
370 386 7
371 387 8
372 388 9
373 389 6
373 390 11
374 391 9
375 392 2
376 393 4
377 394 1
378 395 6
379 396 5
380 397 8
381 398 1
382 399 11
383 399 12
384 400 2
385 401 7
386 401 8
387 401 1
388 402 2
389 403 5
390 404 9
391 405 9
392 406 11
393 406 7
394 407 10
395 408 4
396 409 6
397 410 4
398 411 13
399 412 11
399 413 6
400 414 6
400 415 2
401 416 2
402 417 11
403 418 11
404 419 11
404 420 6
405 421 12
406 422 5
407 423 11
408 424 10
409 425 9
410 426 5
411 427 11
412 428 13
413 429 3
414 430 11
415 431 1
416 432 9
417 433 1
418 434 8
419 435 10
420 436 13
421 437 1
422 437 10
423 437 11
424 438 13
425 439 10
426 440 8
427 441 13
428 442 5
429 443 9
430 444 4
431 445 5
432 446 10
433 447 1
434 448 11
435 449 6
436 450 11
437 451 11
438 452 2
439 453 8
440 454 2
441 455 8
442 456 1
443 457 8
444 458 7
444 459 13
445 460 7
445 461 5
446 462 7
446 463 1
447 464 11
447 465 6
448 466 13
448 467 6
449 468 8
449 469 12
450 470 6
451 471 9
451 472 1
452 473 11
453 474 1
454 475 10
455 476 6
455 477 4
455 478 10
456 479 12
457 479 8
458 480 4
459 480 2
460 481 13
461 481 8
462 481 2
463 482 13
464 482 9
465 483 3
466 483 10
467 484 7
468 485 9
469 485 7
470 486 9
471 486 6
472 486 1
473 487 13
474 487 9
475 487 3
476 488 6
477 488 13
478 488 8
479 489 1
479 490 7
479 491 5
480 492 2
480 493 3
480 494 6
481 495 6
482 496 7
483 497 9
483 498 3
484 499 12
484 500 13
485 501 9
486 502 8
486 503 5
486 504 4
486 505 6
487 506 1
487 507 10
488 508 7
489 509 5
490 509 8
491 510 10
492 510 11
493 511 8
494 511 9
495 511 2
496 512 13
497 513 10
498 513 5
499 514 3
500 514 1
501 515 10
502 515 8
503 515 9
504 516 11
505 517 9
506 518 8
507 518 11
508 519 6
509 520 7
509 521 9
510 522 5
510 523 6
511 524 8
512 525 4
513 526 12
514 527 4
515 528 12
515 529 1
516 530 5
516 531 11
517 532 12
518 533 12
518 534 2
519 535 10
520 536 4
521 537 3
522 538 6
523 539 2
524 540 10
525 541 4
526 542 1
527 543 10
528 544 11
529 545 9
530 546 8
531 547 2
532 548 5
533 549 7
534 550 12
535 551 13
536 552 4
537 553 11
538 553 4
539 554 13
540 555 12
541 556 9
542 557 1
543 558 10
544 559 4
545 560 5
546 561 3
547 562 5
548 563 12
549 564 10
550 565 11
551 565 7
552 566 10
553 567 2
554 568 13
555 569 5
556 569 12
557 570 2
558 571 12
559 572 5
560 573 10
561 574 9
562 575 12
563 576 1
564 577 2
565 577 2
566 578 2
567 579 6
568 580 13
569 581 9
570 582 3
571 583 2
572 584 13
573 585 12
574 586 13
575 587 7
576 588 4
577 589 8
578 590 2
578 591 4
579 592 2
579 593 3
579 594 2
580 595 4
581 596 9
582 597 3
583 598 11
584 599 13
584 600 12
585 601 11
585 602 9
586 603 13
587 604 1
587 605 7
588 606 1
589 607 7
590 608 13
591 609 8
592 609 5
593 610 4
594 610 2
595 611 10
596 611 8
597 611 2
598 612 6
599 613 9
600 614 13
601 614 2
602 614 6
603 615 12
604 616 8
605 617 9
606 618 6
607 619 10
608 620 3
609 621 3
610 622 13
611 623 10
612 624 8
613 625 11
613 626 7
614 627 9
615 628 1
616 629 2
616 630 11
617 631 7
617 632 10
618 633 13
619 634 7
619 635 10
620 636 12
620 637 13
621 638 5
621 639 5
622 640 7
623 641 8
624 642 4
625 643 8
626 644 2
627 645 13
628 646 5
629 647 4
629 648 4
630 649 3
631 650 5
632 651 8
633 652 10
634 653 5
635 654 13
635 655 2
636 656 4
637 657 9
638 658 7
639 659 6
640 660 8
641 661 8
642 662 2
643 662 3
644 663 7
645 664 10
646 665 5
647 666 10
648 667 8
649 668 8
650 669 11
651 670 1
652 671 12
653 672 9
654 672 6
655 673 9
656 674 7
657 675 9
658 676 6
659 677 5
660 678 9
661 679 2
662 680 13
663 681 6
664 682 6
665 683 9
666 684 7
667 685 12
668 686 4
669 686 6
670 687 12
671 688 1
672 689 10
673 689 6
674 690 7
675 691 4
676 691 10
677 692 1
678 693 2
679 693 12
680 694 2
681 694 9
682 695 13
683 695 6
684 696 2
685 696 5
686 697 2
687 698 2
688 698 10
689 699 11
690 700 11
691 700 5
692 700 2
693 700 5
694 700 13
695 700 12
696 700 5
697 700 11
698 700 13
699 700 4
