1 2 7
1 3 4
1 4 1
1 5 3
1 6 9
2 7 5
2 8 7
2 9 11
2 10 8
2 11 1
3 12 9
3 13 2
3 14 9
4 15 2
4 16 2
5 17 6
5 18 10
6 19 6
7 20 1
8 21 7
8 22 10
9 23 8
10 24 5
10 25 5
11 26 2
12 27 4
13 28 1
13 29 1
14 30 2
15 31 1
15 32 1
16 33 5
17 34 5
17 35 7
17 36 2
17 37 10
18 38 3
19 39 2
20 40 11
21 41 5
22 41 11
23 42 7
24 42 1
25 43 4
26 44 2
27 45 3
28 46 1
29 47 4
30 48 5
31 49 10
32 50 9
33 51 10
34 52 5
35 53 2
36 54 10
37 55 8
38 56 6
39 56 2
40 57 4
41 58 8
42 58 7
43 59 7
44 60 9
45 61 11
46 62 3
47 62 8
48 63 8
49 64 3
50 65 1
51 66 3
52 67 4
53 68 6
54 69 11
55 70 10
56 71 10
57 72 6
57 73 11
58 74 4
58 75 10
59 76 9
60 77 7
60 78 5
61 79 6
61 80 3
62 81 8
63 82 3
64 83 8
64 84 1
65 85 2
66 86 9
67 87 6
68 88 7
69 89 10
70 90 10
70 91 4
71 92 7
71 93 7
72 94 9
73 94 10
74 95 5
75 95 9
76 96 3
77 96 7
78 96 3
79 97 6
80 97 10
81 97 5
82 98 7
83 99 10
84 99 10
85 99 6
86 100 7
87 101 11
88 101 3
89 102 1
90 103 7
91 103 11
92 103 4
93 103 3
94 104 6
94 105 4
94 106 9
95 107 6
95 108 10
96 109 4
97 110 2
98 111 6
98 112 8
99 113 2
100 114 11
101 115 9
102 116 11
102 117 8
102 118 1
103 119 9
103 120 6
104 121 4
105 121 11
106 122 4
107 123 10
108 124 4
109 125 10
110 126 9
111 127 9
112 128 10
113 129 7
114 130 1
115 131 2
116 132 11
117 133 10
118 134 6
119 135 1
120 136 11
121 137 8
122 138 1
123 138 6
124 139 4
125 140 6
126 140 9
127 141 10
128 142 7
129 143 7
130 144 3
131 144 3
132 145 5
133 145 9
134 146 11
135 147 2
136 148 8
137 149 9
137 150 1
137 151 3
138 152 5
139 153 7
139 154 9
140 155 6
141 156 3
142 157 4
142 158 10
143 159 9
143 160 6
144 161 4
144 162 8
144 163 2
145 164 3
145 165 2
146 166 9
146 167 1
147 168 4
147 169 1
147 170 10
148 171 8
149 172 2
150 173 11
151 173 7
152 174 6
153 175 7
154 176 4
155 176 9
156 177 8
157 178 1
158 179 11
159 180 9
160 181 10
161 182 9
162 183 8
163 184 2
164 185 1
165 185 1
166 186 6
167 187 6
168 188 5
169 189 6
170 190 3
171 191 1
172 192 11
173 193 8
174 193 4
175 194 7
176 195 9
177 196 11
178 197 11
179 197 3
180 198 8
181 199 9
182 200 3
183 200 7
184 201 8
185 202 1
186 203 6
187 204 8
188 205 10
189 205 11
190 206 9
191 207 8
192 208 8
193 209 1
194 210 3
195 211 10
196 212 5
197 213 11
198 214 2
199 215 8
199 216 8
200 217 5
200 218 10
201 219 9
202 220 4
203 221 10
204 222 10
205 223 2
206 224 6
207 225 9
208 226 11
209 227 6
210 228 6
211 229 1
212 230 10
213 231 5
214 232 9
215 233 3
216 234 9
217 235 1
218 235 6
219 236 9
220 237 9
221 237 11
222 238 9
223 239 9
224 239 3
225 240 3
226 241 4
227 242 4
228 242 7
229 243 6
230 243 4
231 244 1
232 245 11
233 246 3
234 247 6
235 248 3
236 249 5
237 249 11
238 250 2
239 251 1
240 252 6
241 253 5
241 254 2
242 255 10
242 256 8
242 257 10
243 258 9
244 259 9
244 260 11
245 261 5
246 262 4
247 263 9
248 264 4
248 265 1
249 266 9
249 267 6
250 268 7
250 269 9
251 270 5
251 271 4
252 272 5
253 273 6
254 274 8
255 274 5
256 275 7
257 276 4
258 276 11
259 277 9
260 278 3
261 279 3
262 280 2
263 281 9
264 281 6
265 282 9
266 283 11
267 283 7
268 284 10
269 284 5
270 285 1
271 286 2
272 287 6
273 288 2
274 289 7
275 290 10
276 291 7
277 292 9
278 293 4
279 294 11
280 295 10
281 296 8
282 297 9
283 298 10
284 299 1
285 300 3
286 301 5
287 302 7
288 303 11
289 303 11
290 304 5
291 305 4
292 306 7
293 307 5
294 308 1
295 309 5
296 309 10
297 310 6
298 311 10
299 312 2
300 313 7
301 314 9
302 315 3
303 316 8
304 317 5
305 318 6
306 319 2
307 320 3
308 321 1
309 322 3
310 323 8
311 324 11
312 325 1
313 326 3
314 327 7
315 327 2
316 328 9
316 329 7
317 330 2
317 331 4
318 332 11
319 333 6
320 334 6
321 335 1
322 336 5
323 337 1
323 338 2
323 339 8
324 340 6
324 341 5
325 342 5
326 343 10
327 344 2
328 345 10
329 346 10
330 347 6
331 348 6
332 349 5
332 350 6
333 351 7
334 352 3
335 353 5
335 354 3
336 355 9
337 356 1
338 357 1
339 358 5
339 359 6
340 360 2
341 361 4
342 362 5
342 363 9
343 364 2
344 365 1
345 366 3
346 367 11
347 368 3
348 369 1
349 370 3
350 371 3
351 372 9
352 373 11
353 374 10
354 375 6
355 376 3
356 377 2
357 378 1
358 379 3
359 380 5
360 381 9
361 382 8
362 382 5
363 383 2
364 384 9
365 385 11
366 386 11
367 387 11
368 388 8
369 389 3
370 390 10
371 391 8
372 392 2
373 392 10
374 392 1
375 393 8
376 394 5
377 395 2
378 396 8
379 397 2
380 398 6
381 399 7
382 400 5
383 400 4
384 401 5
385 402 11
386 403 4
387 403 11
388 403 7
389 404 11
390 405 9
391 406 9
392 407 11
393 408 3
394 409 9
395 409 9
396 410 11
397 411 10
398 411 7
399 412 4
400 413 11
401 414 3
402 414 2
403 415 1
404 416 11
405 417 7
405 418 2
406 419 8
406 420 9
407 421 3
408 422 4
409 423 5
409 424 10
410 425 5
410 426 3
411 427 1
412 428 5
412 429 8
413 430 9
414 431 1
415 432 8
415 433 5
415 434 6
416 435 10
416 436 9
417 437 5
417 438 10
417 439 7
417 440 8
418 441 6
418 442 5
418 443 2
419 444 10
419 445 1
419 446 1
419 447 8
419 448 8
420 449 5
420 450 11
420 451 7
421 452 3
421 453 5
421 454 5
421 455 3
422 456 7
422 457 9
423 458 10
423 459 1
424 460 4
424 461 10
424 462 8
425 463 11
425 464 4
425 465 11
425 466 1
426 467 11
426 468 1
426 469 7
426 470 10
426 471 11
427 472 10
428 473 11
429 474 8
429 475 3
430 476 9
430 477 1
430 478 5
431 479 5
431 480 5
431 481 11
432 482 5
433 482 9
434 482 10
435 482 8
436 483 8
437 483 6
438 483 6
439 483 3
440 483 8
441 484 5
442 484 9
443 484 7
444 485 8
445 485 11
446 485 9
447 485 7
448 486 10
449 487 8
450 487 8
451 487 10
452 487 5
453 487 5
454 487 9
455 487 9
456 488 10
457 488 4
458 488 3
459 489 2
460 489 11
461 490 1
462 490 11
463 490 4
464 490 3
465 491 9
466 491 11
467 491 11
468 492 6
469 492 1
470 492 2
471 493 3
472 493 2
473 493 10
474 493 6
475 494 4
476 494 1
477 494 3
478 494 8
479 495 2
480 495 7
481 495 8
482 496 8
483 497 6
484 498 7
485 499 6
486 500 1
487 501 10
488 502 8
489 503 10
490 504 1
490 505 4
491 506 8
492 507 11
493 508 10
494 509 10
495 510 10
495 511 6
496 512 1
497 513 4
498 514 10
499 515 4
500 516 10
501 517 6
502 518 6
503 518 7
504 519 2
505 520 8
506 521 7
507 522 11
508 523 5
509 524 2
510 525 5
511 526 2
512 527 7
513 528 3
514 529 3
515 530 9
516 531 1
517 532 6
518 533 4
519 534 4
520 535 3
521 536 4
522 537 3
523 538 7
524 539 2
525 540 4
526 541 9
527 542 1
528 543 6
529 544 4
530 545 8
531 546 2
532 547 4
533 548 1
534 549 2
535 550 5
536 551 4
537 552 7
538 553 2
539 554 9
540 555 3
541 556 6
542 557 3
543 558 9
544 559 2
545 560 3
546 561 10
547 562 1
548 563 6
549 564 3
549 565 3
549 566 7
550 567 6
551 568 5
552 569 9
553 570 9
553 571 4
554 572 2
555 573 11
555 574 11
556 575 8
557 576 5
558 577 5
559 578 8
560 579 6
561 580 2
562 581 7
563 582 8
564 583 5
565 584 11
566 585 3
567 586 11
568 587 4
569 588 4
570 589 4
571 590 10
572 591 6
573 592 9
574 593 6
575 594 6
576 595 4
577 596 10
578 597 11
579 598 4
580 598 8
581 599 8
582 600 8
583 601 1
584 602 11
585 603 4
586 603 11
587 603 2
588 604 4
589 605 1
590 606 3
591 606 3
592 607 5
593 608 7
594 609 3
595 610 6
595 611 8
596 612 7
597 613 4
598 614 6
598 615 7
599 616 6
599 617 2
600 618 2
601 619 5
602 620 2
602 621 6
603 622 3
604 623 4
605 624 1
606 625 2
607 626 6
608 627 5
608 628 5
609 629 11
610 630 7
611 630 2
612 630 4
613 630 6
614 631 9
615 632 4
616 633 6
617 633 4
618 634 3
619 635 6
620 636 11
621 637 7
622 637 6
623 638 10
624 639 7
625 639 5
626 640 5
627 640 7
628 640 10
629 640 2
630 641 4
631 642 5
632 643 8
632 644 5
633 645 7
634 646 1
635 647 7
636 648 11
636 649 1
637 650 8
637 651 11
638 652 10
638 653 10
639 654 11
640 655 1
641 656 8
642 656 9
643 657 2
644 658 6
645 659 4
646 660 9
647 661 4
648 662 11
649 663 4
650 664 10
651 665 9
652 666 10
653 667 8
654 668 9
655 669 10
656 670 6
657 671 6
658 672 6
659 673 7
660 673 6
661 674 5
662 675 6
663 676 5
664 677 6
665 678 10
666 679 11
667 679 10
668 680 2
669 681 10
670 682 7
671 683 9
672 684 9
673 685 1
674 686 9
675 687 6
676 688 11
677 689 10
678 690 11
679 691 2
680 692 11
681 693 8
682 694 7
682 695 10
683 696 2
683 697 4
683 698 1
684 699 6
684 700 2
685 701 4
685 702 7
686 703 6
686 704 2
687 705 11
687 706 9
687 707 6
687 708 7
688 709 7
688 710 7
688 711 8
689 712 9
690 713 11
690 714 5
691 715 6
691 716 4
692 717 1
692 718 2
692 719 1
693 720 2
693 721 8
693 722 3
694 723 2
695 724 6
696 725 4
697 726 7
698 726 11
699 727 7
700 728 2
701 729 3
702 730 4
703 731 4
704 732 2
705 733 3
706 733 3
707 734 8
708 734 4
709 735 9
710 736 7
711 736 10
712 737 8
713 737 1
714 738 9
715 738 7
716 738 5
717 738 7
718 739 6
719 740 7
720 740 6
721 740 8
722 741 4
723 742 7
724 742 7
725 743 5
726 744 11
727 744 6
728 745 7
729 745 5
730 746 1
731 747 7
732 748 5
733 748 5
734 749 10
735 749 9
736 750 4
737 750 8
738 751 9
739 751 9
740 752 11
741 752 7
742 753 2
742 754 11
743 755 4
744 756 8
745 757 11
746 758 7
746 759 3
747 760 1
748 761 10
748 762 9
749 763 11
750 764 5
750 765 11
751 766 5
751 767 2
752 768 8
753 769 11
754 770 7
755 771 8
756 771 4
757 771 3
758 772 3
759 773 2
760 773 10
761 774 5
762 774 8
763 775 2
764 775 2
765 776 11
766 777 6
767 778 11
768 778 3
769 779 5
769 780 2
770 781 7
771 782 9
772 783 2
773 784 10
773 785 2
774 786 4
774 787 2
775 788 8
776 789 11
777 790 2
778 791 3
779 792 9
780 793 6
780 794 5
781 795 7
782 796 8
782 797 1
783 798 11
784 799 7
785 800 5
786 801 11
787 802 10
787 803 11
788 804 4
788 805 11
789 806 4
790 807 5
791 808 5
792 809 8
793 810 9
794 811 5
795 812 3
796 813 6
797 814 9
798 815 2
799 816 1
800 817 5
801 818 1
802 819 9
803 820 3
804 821 5
805 822 3
806 823 3
807 824 5
808 825 4
809 826 3
810 827 1
811 828 9
812 829 10
813 830 4
814 831 6
815 831 4
816 832 8
817 833 6
818 834 3
819 835 1
820 836 9
821 837 3
822 837 6
823 838 11
824 839 10
825 839 1
826 840 2
827 841 3
828 842 7
829 843 4
830 844 9
831 845 4
832 846 4
833 847 7
834 848 9
835 849 11
836 850 11
837 851 9
838 852 1
839 853 10
840 854 5
841 855 10
842 856 2
843 857 1
844 858 1
845 859 11
845 860 5
846 861 3
847 862 3
847 863 6
848 864 10
849 865 10
849 866 8
849 867 1
850 868 3
851 869 3
852 870 10
853 871 10
854 872 7
855 873 11
856 873 8
857 874 9
858 874 4
859 875 1
860 876 8
861 877 2
862 877 10
863 878 8
864 878 6
865 879 9
866 880 7
867 881 5
868 881 6
869 882 4
870 883 10
871 884 4
872 885 9
873 886 9
873 887 8
874 888 2
875 889 10
876 890 7
877 891 8
878 892 8
879 893 2
880 894 1
881 895 8
881 896 4
882 897 6
883 898 1
884 899 10
885 900 11
886 900 5
887 900 2
888 900 4
889 900 5
890 900 4
891 900 7
892 900 9
893 900 8
894 900 7
895 900 6
896 900 10
897 900 3
898 900 7
899 900 1
