1 2 2
1 3 13
1 4 9
1 5 30
2 6 25
2 7 13
2 8 22
3 9 42
3 10 38
3 11 35
3 12 9
4 13 20
4 14 29
5 15 48
5 16 32
5 17 21
6 18 44
7 19 40
7 20 5
8 21 5
9 22 9
10 23 14
11 24 44
11 25 35
12 26 17
12 27 39
13 28 21
14 29 7
15 30 20
16 31 14
17 32 12
17 33 30
17 34 32
18 35 36
19 35 2
20 36 33
21 37 4
22 38 33
23 39 18
24 40 31
25 41 19
26 42 28
27 42 21
28 43 32
29 44 20
30 45 22
31 46 26
32 47 6
33 48 10
34 49 28
35 50 18
36 51 2
37 52 49
38 53 7
39 54 7
40 55 42
41 56 9
42 57 21
43 57 2
44 58 45
45 59 38
46 60 40
47 61 42
48 62 6
49 62 35
50 63 3
51 63 12
52 64 17
53 65 43
54 66 38
55 67 3
56 68 32
57 69 7
58 69 14
59 69 46
60 70 45
61 71 48
62 72 3
63 73 49
64 74 27
65 75 22
66 76 7
67 77 3
67 78 8
68 79 10
69 80 8
70 81 23
71 82 17
72 83 3
73 84 30
73 85 3
74 86 19
74 87 36
75 88 19
76 89 36
77 90 33
78 91 27
78 92 35
78 93 10
79 94 48
79 95 44
80 96 5
81 97 11
81 98 33
82 99 7
83 100 45
83 101 37
83 102 7
84 103 25
85 104 29
86 104 26
87 104 7
88 105 32
89 105 47
90 106 25
91 106 4
92 107 44
93 107 8
94 108 34
95 109 45
96 109 15
97 110 48
98 110 10
99 111 31
100 112 44
101 113 23
102 113 4
103 114 46
103 115 23
104 116 21
105 117 49
106 118 47
107 119 47
107 120 22
108 121 30
109 122 42
110 123 49
110 124 23
111 125 44
112 126 16
112 127 28
113 128 40
113 129 7
114 130 3
115 131 37
116 132 39
117 133 49
118 133 28
119 134 46
120 135 27
121 135 2
122 136 29
123 137 38
124 137 17
125 138 10
126 139 41
127 140 38
128 141 26
129 141 8
130 142 27
131 143 9
132 144 14
133 145 17
133 146 27
134 147 18
134 148 43
135 149 46
135 150 41
136 151 20
137 152 20
138 153 32
138 154 35
138 155 8
139 156 38
140 157 9
141 158 45
142 159 16
143 160 33
144 161 34
145 162 28
146 163 40
147 164 42
148 165 20
149 165 21
150 166 13
151 167 28
152 168 27
153 169 31
154 169 36
155 170 49
156 170 19
157 171 46
158 171 25
159 172 34
160 173 1
161 174 36
162 175 28
163 175 13
164 176 32
165 177 20
166 178 20
167 179 3
168 179 32
169 180 34
170 181 32
171 181 4
172 182 21
173 183 45
174 184 15
175 184 5
176 185 23
177 186 21
178 187 15
179 188 13
180 189 22
181 190 31
182 191 31
183 192 34
183 193 8
184 194 7
185 195 6
185 196 9
186 197 4
186 198 42
187 199 38
187 200 15
188 201 21
188 202 3
189 203 26
190 204 1
190 205 42
190 206 43
190 207 11
190 208 19
191 209 36
192 210 11
193 211 5
194 212 19
195 213 44
196 214 23
197 215 30
198 215 17
199 216 13
200 216 26
201 217 10
202 218 24
203 218 27
204 219 10
205 220 20
206 221 36
207 222 9
208 223 31
209 224 24
210 225 1
211 225 19
212 226 35
213 227 12
214 228 20
215 229 45
216 230 7
217 231 41
218 232 17
219 233 43
220 234 49
221 235 22
222 236 6
223 237 7
224 238 17
225 239 44
225 240 13
225 241 30
226 242 6
227 243 17
227 244 49
228 245 30
229 246 13
230 247 8
231 248 21
231 249 18
232 250 26
233 251 3
234 252 11
234 253 43
235 254 33
236 255 8
237 256 2
238 257 10
239 257 49
240 258 47
241 258 7
242 259 16
243 259 29
244 260 5
245 261 14
246 262 38
247 263 40
248 264 4
249 265 49
250 266 45
251 266 11
252 267 5
253 268 26
254 269 9
255 269 9
256 269 4
257 270 49
258 271 21
259 272 23
260 273 46
261 274 22
262 275 30
263 276 23
264 277 15
265 278 31
266 279 12
266 280 10
267 281 32
267 282 4
268 283 1
269 284 24
270 285 14
271 286 18
272 287 2
273 288 30
274 289 33
275 289 40
276 290 15
277 291 20
278 291 12
279 292 39
280 293 23
281 294 4
282 294 45
283 295 43
284 296 43
285 297 34
286 298 27
287 299 31
288 300 10
289 301 11
289 302 16
290 303 49
291 304 34
292 305 33
293 306 36
294 307 37
295 308 34
296 309 5
297 310 36
298 311 21
299 312 19
300 313 25
301 314 40
302 315 16
303 315 13
304 316 38
305 317 47
306 318 20
307 319 5
308 320 49
309 321 28
310 322 4
311 323 19
312 324 1
313 325 27
314 326 20
315 327 18
316 328 46
317 329 19
318 330 4
319 331 28
320 332 4
321 333 4
322 334 9
323 335 35
324 336 18
325 337 16
326 338 43
327 339 34
327 340 32
328 341 43
329 342 10
330 343 31
331 344 48
332 345 35
333 346 35
334 347 36
334 348 35
334 349 10
335 350 48
335 351 19
335 352 38
335 353 45
335 354 33
336 355 29
336 356 3
336 357 9
337 358 35
337 359 33
337 360 14
337 361 9
337 362 37
338 363 9
338 364 41
338 365 31
338 366 48
339 367 22
339 368 43
339 369 27
339 370 4
339 371 29
340 372 17
340 373 3
340 374 25
340 375 3
340 376 12
341 377 22
341 378 44
341 379 12
341 380 19
341 381 36
342 382 26
342 383 46
342 384 18
342 385 24
343 386 39
343 387 5
343 388 21
343 389 47
344 390 14
344 391 31
344 392 29
344 393 1
344 394 15
345 395 35
345 396 33
345 397 21
345 398 40
345 399 49
346 400 3
346 401 15
346 402 6
347 403 28
348 403 32
349 403 11
350 403 41
351 403 37
352 404 30
353 404 16
354 404 8
355 404 32
356 404 27
357 405 46
358 405 43
359 405 2
360 405 26
361 405 20
362 405 14
363 405 21
364 406 44
365 406 18
366 406 45
367 406 21
368 406 9
369 406 38
370 406 30
371 407 39
372 407 13
373 407 43
374 407 7
375 407 46
376 408 6
377 408 44
378 408 12
379 408 25
380 409 8
381 409 48
382 409 18
383 409 9
384 409 9
385 409 12
386 409 2
387 410 18
388 410 30
389 410 43
390 410 15
391 410 38
392 410 42
393 411 34
394 411 27
395 411 8
396 412 6
397 412 32
398 412 24
399 412 22
400 412 39
401 412 6
402 412 21
403 413 18
404 414 17
405 415 25
405 416 33
405 417 39
406 418 49
406 419 38
406 420 9
407 421 29
407 422 23
408 423 23
409 424 7
410 425 28
411 426 49
411 427 1
411 428 8
412 429 41
413 430 39
413 431 13
413 432 39
414 433 26
415 434 13
416 435 23
417 436 44
418 437 38
419 438 9
419 439 14
420 440 36
421 441 48
421 442 33
422 443 19
423 444 43
424 445 32
425 446 10
426 447 44
426 448 39
427 449 19
427 450 11
428 451 5
429 452 4
430 453 45
431 453 36
432 454 6
433 454 13
434 455 13
435 456 38
436 457 34
437 457 47
438 458 6
439 459 25
440 460 39
441 460 48
442 461 25
443 461 6
444 462 45
445 463 12
446 463 33
447 463 23
448 464 45
449 465 26
450 465 42
451 466 47
452 466 38
453 467 19
454 468 26
455 469 12
456 470 38
457 471 25
458 472 29
459 473 41
460 474 21
461 475 42
462 476 42
463 477 4
464 478 44
465 479 37
466 480 32
467 481 6
468 482 40
469 483 11
470 484 46
471 485 18
471 486 8
472 487 2
472 488 47
473 489 15
474 490 5
474 491 47
475 492 39
476 493 12
476 494 46
477 495 32
477 496 1
478 497 42
479 498 38
480 499 45
481 500 31
482 501 31
483 502 39
484 502 34
485 502 32
486 503 14
487 504 14
488 505 6
489 505 21
490 506 21
491 506 42
492 506 7
493 507 5
494 507 6
495 508 31
496 509 20
497 509 45
498 510 35
499 510 42
500 511 33
501 512 8
502 513 7
503 514 12
504 515 42
505 516 20
506 517 35
507 518 32
508 519 7
509 519 20
510 520 9
511 521 37
512 522 6
513 523 32
514 524 17
515 525 16
516 526 37
517 527 25
518 528 17
518 529 47
518 530 49
519 531 15
519 532 49
520 533 4
520 534 27
521 535 19
522 535 34
523 536 39
524 537 20
525 538 41
526 539 32
527 539 3
528 540 36
529 541 4
530 542 7
531 543 5
532 544 3
533 544 4
534 545 34
535 546 21
536 547 6
536 548 46
537 549 4
538 550 47
539 551 46
540 552 1
541 553 46
542 554 46
543 555 49
544 556 36
545 557 13
546 558 21
547 558 27
548 559 43
549 559 32
550 560 33
551 561 28
552 562 33
553 563 27
554 564 42
555 565 33
556 566 20
557 566 32
558 567 33
558 568 26
559 569 30
560 570 44
560 571 33
560 572 17
560 573 35
561 574 27
562 575 25
562 576 14
562 577 43
563 578 18
564 579 38
564 580 37
565 581 9
565 582 39
566 583 13
567 584 47
567 585 15
568 586 45
568 587 22
569 588 40
569 589 3
569 590 37
570 591 20
571 592 7
572 593 27
572 594 18
573 595 10
574 596 6
575 597 24
576 598 38
577 599 21
578 600 13
578 601 17
579 602 25
580 603 9
581 604 13
582 605 29
582 606 48
583 607 29
584 608 17
585 609 46
586 609 18
587 610 45
588 610 20
589 611 15
590 611 20
591 611 47
592 612 28
593 612 13
594 613 9
595 614 45
596 615 10
597 616 23
598 617 9
599 618 10
600 618 28
601 619 48
602 620 4
603 620 25
604 620 10
605 621 15
606 621 45
607 622 38
608 623 41
609 624 43
610 625 15
611 625 32
612 626 41
613 627 32
614 628 31
615 629 18
616 630 43
617 631 48
618 632 15
619 633 42
620 633 2
621 634 47
622 635 44
623 636 32
623 637 49
624 638 15
624 639 36
625 640 7
625 641 43
625 642 40
626 643 35
626 644 38
627 645 14
627 646 9
628 647 13
628 648 42
629 649 29
630 650 29
631 651 20
632 652 16
632 653 2
633 654 14
634 655 32
635 656 32
635 657 11
636 658 33
637 658 41
638 659 40
639 659 25
640 660 19
641 661 21
642 662 40
643 663 12
644 663 5
645 664 9
646 665 39
647 665 25
648 666 20
649 667 12
650 668 8
651 669 20
652 670 25
653 671 31
654 672 44
655 673 7
656 674 36
657 675 42
658 676 7
659 676 45
660 677 2
661 678 6
662 679 1
663 680 39
664 681 46
665 681 25
666 681 32
667 682 33
668 683 9
669 683 41
670 683 48
671 684 47
672 684 38
673 685 14
674 686 6
675 686 19
676 687 6
676 688 10
677 689 27
678 690 45
678 691 48
679 692 46
680 693 48
680 694 42
681 695 25
682 696 23
683 697 25
684 698 22
685 699 41
685 700 7
686 701 2
686 702 44
687 703 3
688 704 22
689 705 5
690 706 28
691 707 18
692 708 34
693 708 15
694 709 15
695 709 48
696 710 9
697 711 12
698 712 14
699 713 1
700 714 6
701 714 9
702 714 25
703 715 30
704 716 34
705 717 8
705 718 10
706 719 44
707 720 30
708 721 11
709 722 29
710 723 17
711 724 48
712 725 27
713 726 44
714 727 28
714 728 18
715 729 10
716 730 22
717 731 31
718 732 13
719 733 3
720 733 38
721 734 28
722 735 33
723 736 22
724 736 8
725 737 46
726 738 43
727 739 4
728 740 13
729 741 9
729 742 8
730 743 22
731 744 11
731 745 14
732 746 32
733 747 24
734 748 17
735 749 6
736 750 17
737 751 14
738 752 43
739 753 35
740 754 7
740 755 34
741 756 33
742 757 22
743 757 1
744 758 23
745 759 45
746 760 42
747 761 14
748 762 39
749 763 36
750 764 25
751 765 46
752 766 5
753 767 20
754 768 41
755 769 41
756 770 41
757 771 4
757 772 6
758 773 18
759 774 25
760 775 22
761 776 2
761 777 1
762 778 17
762 779 22
763 780 17
764 781 11
764 782 34
765 783 28
766 784 2
767 785 4
768 786 9
769 787 20
770 788 45
771 788 48
772 789 21
773 790 42
774 791 12
775 792 18
776 793 20
777 794 38
778 794 30
779 795 27
780 795 7
781 796 15
782 796 16
783 796 44
784 797 23
785 797 14
786 798 36
787 799 43
788 800 7
789 800 21
790 800 32
791 800 22
792 800 22
793 800 12
794 800 31
795 800 12
796 800 21
797 800 40
798 800 14
799 800 10
