1 2 17
1 3 20
1 4 17
1 5 6
2 6 68
3 7 8
3 8 67
4 9 30
4 10 40
4 11 68
4 12 12
5 13 26
5 14 3
6 15 15
6 16 45
6 17 4
7 18 41
7 19 6
8 20 63
8 21 41
9 22 6
10 23 32
10 24 37
11 25 42
11 26 66
12 27 47
13 28 66
14 29 3
14 30 23
15 31 42
16 32 52
17 32 3
18 33 65
19 33 5
20 34 57
21 35 20
22 36 43
23 37 65
24 37 59
25 37 50
26 38 6
27 39 42
28 39 19
29 39 19
30 40 1
31 41 64
32 42 4
33 43 65
34 44 25
35 45 47
36 46 32
37 47 26
38 48 3
39 49 7
40 50 48
41 51 66
41 52 31
42 53 45
43 54 14
44 55 36
45 56 8
46 57 55
47 58 34
47 59 18
48 60 26
48 61 61
49 62 41
49 63 11
49 64 50
49 65 58
50 66 66
51 67 5
52 68 51
53 69 32
54 70 9
55 71 61
56 72 62
57 73 32
58 74 44
59 75 39
60 76 17
61 76 42
62 77 5
63 78 26
64 79 31
65 80 63
66 81 24
67 82 46
68 83 25
69 84 2
70 85 30
71 86 36
72 87 54
73 88 16
74 88 63
75 89 47
76 90 6
77 90 32
78 91 30
79 92 67
80 93 12
81 94 7
82 95 51
83 96 44
84 97 49
85 98 39
85 99 31
86 100 3
87 101 69
88 102 30
88 103 44
89 104 54
90 105 8
91 106 22
92 107 29
92 108 28
93 109 37
93 110 61
94 111 11
95 112 11
96 113 18
97 114 61
98 115 68
99 116 61
100 117 66
101 118 69
102 119 35
103 120 57
104 121 54
105 122 50
106 123 20
107 124 58
108 125 3
109 126 14
110 127 6
111 127 47
112 128 52
112 129 58
113 130 8
114 131 6
115 132 8
115 133 58
116 134 60
117 135 48
118 136 15
119 137 36
120 138 34
120 139 46
121 140 3
122 141 45
123 142 66
124 143 37
125 144 25
126 145 4
127 146 2
128 147 20
129 148 61
130 148 6
131 149 33
132 149 17
133 150 44
134 151 30
135 151 22
136 152 52
137 153 65
138 154 14
139 155 27
140 156 43
141 157 9
142 158 25
143 158 54
144 158 27
145 159 6
146 160 4
147 161 46
147 162 40
148 163 18
148 164 56
149 165 31
150 166 67
151 167 21
152 168 57
153 169 10
153 170 57
154 171 28
154 172 66
155 173 67
156 174 27
157 175 10
158 176 29
159 177 9
160 178 30
161 179 31
162 179 17
163 180 56
164 180 26
165 181 23
166 182 11
167 182 26
168 183 38
169 184 35
170 185 49
171 186 66
172 187 60
173 188 62
174 189 30
175 189 45
176 190 59
177 191 18
178 192 33
179 193 54
180 194 57
181 195 45
182 195 38
183 196 28
184 196 68
185 197 24
186 198 31
187 199 61
188 199 65
189 200 48
190 201 53
191 201 45
192 202 21
193 203 19
193 204 53
194 205 59
195 206 26
196 207 39
197 208 42
198 209 3
199 210 66
200 211 10
201 212 53
201 213 60
202 214 2
203 215 6
204 216 37
205 217 63
206 218 5
207 219 26
207 220 67
208 221 60
209 222 60
210 223 6
210 224 53
211 225 34
212 226 18
212 227 13
213 228 49
214 229 27
214 230 28
215 231 8
216 232 58
217 233 57
218 234 6
219 235 26
220 236 2
221 237 48
222 238 53
223 239 52
224 240 67
225 240 32
226 241 57
227 242 65
228 243 35
229 244 1
230 245 59
231 246 24
232 247 13
233 248 57
234 249 12
235 249 39
236 250 40
237 250 5
238 251 54
239 252 7
240 253 65
241 253 41
242 254 23
243 255 63
244 255 52
245 255 46
246 256 53
246 257 25
247 258 3
247 259 36
248 260 40
249 261 8
249 262 65
249 263 55
250 264 32
251 265 38
252 266 33
253 267 43
254 268 65
255 269 26
255 270 37
256 271 62
257 272 13
258 273 43
259 274 5
260 275 33
261 275 28
262 276 27
263 277 36
264 278 65
265 279 44
266 280 32
267 281 42
268 282 66
269 282 9
270 282 31
271 283 41
272 284 30
273 285 29
274 286 56
275 287 30
276 288 5
277 289 10
278 290 59
279 291 26
280 292 2
281 293 6
282 294 6
283 295 42
283 296 55
283 297 23
284 298 12
284 299 6
284 300 53
285 301 16
285 302 49
285 303 44
285 304 68
286 305 68
287 306 54
288 307 38
288 308 33
289 309 27
289 310 48
289 311 66
290 312 61
290 313 21
291 314 39
291 315 37
291 316 6
292 317 62
292 318 16
293 319 51
294 320 6
295 321 65
296 322 64
297 322 64
298 322 50
299 322 43
300 323 3
301 323 42
302 324 2
303 324 48
304 325 16
305 325 7
306 325 41
307 326 67
308 326 1
309 326 25
310 326 33
311 327 46
312 328 38
313 328 68
314 328 5
315 328 38
316 329 40
317 330 21
318 331 6
319 331 32
320 332 12
321 333 1
321 334 31
322 335 45
323 336 20
324 337 47
325 338 60
326 339 24
327 340 31
328 341 60
329 342 23
330 343 27
330 344 37
331 345 58
331 346 57
332 347 20
333 348 10
334 349 14
335 349 16
336 350 23
337 350 15
338 351 20
339 352 27
340 353 52
341 354 43
342 355 6
343 356 37
344 357 19
345 358 31
346 359 1
347 360 68
348 361 12
348 362 54
348 363 22
349 364 65
349 365 48
349 366 41
349 367 16
350 368 32
350 369 40
350 370 61
351 371 3
351 372 69
351 373 14
351 374 25
352 375 13
352 376 56
352 377 65
353 378 3
353 379 64
353 380 56
354 381 27
354 382 40
354 383 49
354 384 54
355 385 54
355 386 60
355 387 29
356 388 25
356 389 49
356 390 49
357 391 14
357 392 8
358 393 30
358 394 16
358 395 33
358 396 48
359 397 17
359 398 31
359 399 45
359 400 36
360 401 33
360 402 28
360 403 66
360 404 6
361 405 16
362 405 36
363 406 38
364 406 41
365 406 28
366 407 43
367 407 57
368 407 10
369 408 68
370 408 25
371 409 6
372 410 7
373 410 36
374 410 37
375 411 1
376 411 45
377 412 18
378 413 64
379 413 28
380 414 14
381 414 13
382 414 35
383 414 22
384 415 27
385 415 23
386 416 39
387 416 6
388 417 39
389 417 57
390 418 54
391 418 3
392 418 43
393 419 59
394 419 1
395 419 59
396 420 23
397 420 49
398 420 38
399 421 51
400 422 39
401 422 43
402 422 14
403 423 40
404 423 33
405 424 46
406 425 62
407 425 12
408 426 16
409 427 54
410 428 29
411 428 56
412 429 42
413 429 17
414 429 23
415 430 44
416 431 2
417 432 21
418 433 45
419 434 40
420 435 13
421 436 33
422 437 31
423 438 58
424 439 5
425 440 59
426 441 57
427 442 11
428 443 55
429 444 52
430 444 67
431 445 30
432 446 59
433 446 47
434 447 1
435 448 48
436 449 64
437 450 11
438 451 28
439 452 48
440 453 34
441 454 8
442 455 50
443 456 4
444 457 51
445 458 19
446 459 45
447 460 17
448 461 68
449 462 50
450 462 23
451 463 44
452 464 4
453 465 22
454 466 19
455 467 18
455 468 13
456 469 52
457 470 33
457 471 44
458 472 30
459 473 58
460 474 45
461 475 43
461 476 36
462 477 16
462 478 38
463 479 3
463 480 21
464 481 5
465 482 42
466 483 50
466 484 48
467 485 40
468 486 40
469 487 53
470 488 14
471 489 33
472 490 28
473 491 18
474 492 34
475 493 67
476 494 44
477 495 63
478 496 64
479 497 49
480 498 52
481 499 31
482 500 30
483 501 66
484 502 35
485 503 13
486 504 69
487 504 44
488 505 15
489 506 44
490 507 3
491 507 30
492 508 24
493 509 41
494 509 21
495 509 41
496 510 15
497 511 62
498 511 62
499 512 1
499 513 20
500 514 7
501 515 18
502 516 66
503 517 23
504 518 42
505 519 1
505 520 34
506 521 61
507 522 55
508 523 52
509 524 64
509 525 39
510 526 67
511 527 53
512 528 14
513 529 8
514 530 13
515 530 22
516 531 27
517 532 60
518 532 31
519 533 4
520 534 41
521 534 34
522 535 11
523 535 42
524 536 44
525 537 22
526 537 67
527 538 50
528 539 25
529 540 14
529 541 61
530 542 63
530 543 3
531 544 22
532 545 4
533 546 26
533 547 34
533 548 62
534 549 12
534 550 46
535 551 46
536 552 62
537 553 29
537 554 64
538 555 17
539 556 12
540 557 62
541 558 46
542 559 9
543 559 14
544 560 52
545 561 27
546 562 28
547 563 11
548 564 56
549 565 4
550 566 29
551 567 21
552 568 16
553 568 29
554 569 42
555 570 62
556 571 68
557 572 48
558 573 42
559 574 24
560 575 56
561 576 51
562 577 43
563 578 39
564 579 23
565 580 17
566 581 65
567 582 31
568 583 29
569 584 13
570 585 54
571 586 26
572 587 16
573 588 1
574 589 29
574 590 56
575 591 44
576 592 56
577 593 25
578 594 22
579 595 17
579 596 27
580 597 40
581 598 49
582 599 2
583 600 11
584 601 11
585 602 31
585 603 32
585 604 53
586 605 36
587 606 55
588 607 40
589 608 58
590 609 55
591 610 40
592 611 51
593 612 56
594 613 22
595 614 26
596 615 5
597 616 13
598 617 30
599 618 44
600 619 67
601 620 12
602 621 38
603 622 64
604 622 47
605 623 48
606 624 46
607 625 59
608 626 47
609 627 50
610 628 43
611 628 5
612 629 51
613 630 53
614 631 19
615 632 53
616 633 62
617 634 48
618 635 46
619 636 56
620 637 48
621 637 51
622 638 67
623 639 15
624 640 1
625 641 5
626 642 50
627 643 63
628 644 25
629 645 33
630 646 47
631 647 68
632 648 40
633 649 40
634 650 18
635 651 19
636 652 24
637 653 63
638 654 16
639 655 58
639 656 32
640 657 8
641 658 10
642 659 41
643 660 16
644 661 33
645 662 51
646 663 35
647 664 66
648 665 12
649 666 66
650 667 10
651 668 29
652 669 17
653 670 11
654 671 21
655 672 11
656 672 16
657 672 6
658 673 65
659 673 1
660 674 43
661 675 36
662 676 47
663 676 6
664 677 4
665 677 66
666 678 30
667 678 66
668 679 45
669 680 53
670 681 56
671 682 16
672 683 7
673 684 51
674 685 9
674 686 1
675 687 1
675 688 56
676 689 28
677 690 24
678 691 63
679 692 37
679 693 5
680 694 57
680 695 69
681 696 64
682 697 47
683 698 14
684 699 40
685 700 41
685 701 12
686 702 14
687 703 8
688 704 46
689 705 38
689 706 64
690 707 52
691 708 48
692 709 53
693 710 25
693 711 50
694 712 28
695 713 39
696 714 60
697 715 38
697 716 43
698 717 16
699 718 38
700 719 36
701 720 47
702 720 6
703 721 44
704 722 21
705 723 64
706 724 38
707 725 39
708 725 65
709 726 49
710 727 45
711 727 8
712 728 25
713 729 32
714 730 1
715 730 64
716 731 13
717 732 67
718 733 5
719 734 41
719 735 18
720 736 51
720 737 29
721 738 20
722 739 28
722 740 1
723 741 61
724 742 29
725 743 53
726 744 10
727 745 59
728 746 2
729 747 68
730 748 38
731 749 39
732 750 69
733 751 57
734 752 27
734 753 68
735 754 59
736 755 23
737 756 5
738 757 30
739 758 57
740 759 46
741 760 17
742 761 33
743 762 63
744 763 52
745 764 37
746 765 8
746 766 26
747 767 2
748 768 47
748 769 46
748 770 8
749 771 16
749 772 52
750 773 15
751 774 19
752 774 19
753 775 53
754 776 63
755 777 18
756 777 56
757 777 15
758 778 53
759 778 59
760 779 32
761 780 19
762 780 5
763 781 40
764 782 36
765 782 66
766 782 52
767 783 27
768 784 66
769 785 14
770 785 16
771 786 42
772 787 28
773 788 67
774 789 3
775 790 24
776 791 36
777 792 37
778 793 5
779 794 32
780 795 60
781 795 40
782 796 69
783 796 57
784 796 47
785 797 26
786 798 6
787 799 44
788 800 58
789 800 44
790 800 30
791 800 68
792 800 9
793 800 6
794 800 32
795 800 64
796 800 1
797 800 7
798 800 67
799 800 27
