1 2 1
1 3 1
1 4 1
1 5 1
2 6 1
2 7 1
2 8 1
3 9 1
3 10 1
3 11 1
4 12 1
4 13 1
4 14 1
4 15 1
5 16 1
6 17 1
7 18 1
8 19 1
9 20 1
10 21 1
10 22 1
11 23 1
11 24 1
11 25 1
11 26 1
11 27 1
12 28 1
12 29 1
13 30 1
14 31 1
14 32 1
15 33 1
16 34 1
16 35 1
17 36 1
18 37 1
19 38 1
20 39 1
21 40 1
21 41 1
22 42 1
23 43 1
24 44 1
25 45 1
26 46 1
27 47 1
28 48 1
29 49 1
30 50 1
31 51 1
32 52 1
33 53 1
34 54 1
35 55 1
36 56 1
37 57 1
38 58 1
39 59 1
40 60 1
41 61 1
42 62 1
43 63 1
44 64 1
45 65 1
45 66 1
45 67 1
46 68 1
47 69 1
48 70 1
48 71 1
49 72 1
50 73 1
51 74 1
51 75 1
52 76 1
53 77 1
54 78 1
55 79 1
56 80 1
57 81 1
58 82 1
59 82 1
60 82 1
61 83 1
62 84 1
63 84 1
64 85 1
65 86 1
66 86 1
67 87 1
68 88 1
69 89 1
70 89 1
71 89 1
72 90 1
73 91 1
74 92 1
75 93 1
76 93 1
77 94 1
78 95 1
79 96 1
80 97 1
81 98 1
82 99 1
83 100 1
84 101 1
84 102 1
84 103 1
85 104 1
86 105 1
87 106 1
88 107 1
89 108 1
90 109 1
91 110 1
92 111 1
92 112 1
93 113 1
94 114 1
94 115 1
95 116 1
96 117 1
97 118 1
98 118 1
99 119 1
100 120 1
101 120 1
102 121 1
103 122 1
104 123 1
105 123 1
106 124 1
107 124 1
108 125 1
109 126 1
110 127 1
111 127 1
112 128 1
113 128 1
114 129 1
115 130 1
116 130 1
117 131 1
118 132 1
119 133 1
119 134 1
120 135 1
120 136 1
121 137 1
122 138 1
123 139 1
123 140 1
124 141 1
124 142 1
125 143 1
125 144 1
126 145 1
127 146 1
128 147 1
129 148 1
130 149 1
131 150 1
132 151 1
133 152 1
134 153 1
135 154 1
136 154 1
137 154 1
138 155 1
139 156 1
140 157 1
141 157 1
142 158 1
143 159 1
144 160 1
145 161 1
146 162 1
147 163 1
148 164 1
149 165 1
150 166 1
151 167 1
151 168 1
152 169 1
153 170 1
154 171 1
155 172 1
155 173 1
156 174 1
157 175 1
158 176 1
159 177 1
159 178 1
160 179 1
161 180 1
162 181 1
162 182 1
163 183 1
163 184 1
164 185 1
164 186 1
165 187 1
166 188 1
167 189 1
168 189 1
169 190 1
170 191 1
171 191 1
172 192 1
173 193 1
174 193 1
175 194 1
176 194 1
177 195 1
178 196 1
179 197 1
180 197 1
181 198 1
182 199 1
183 200 1
184 201 1
185 202 1
186 202 1
187 203 1
188 203 1
189 204 1
190 205 1
191 206 1
192 207 1
193 208 1
194 209 1
195 210 1
196 211 1
197 212 1
198 213 1
199 213 1
200 214 1
201 215 1
202 216 1
203 217 1
204 218 1
205 219 1
205 220 1
206 221 1
207 222 1
208 223 1
209 224 1
209 225 1
210 226 1
211 227 1
212 228 1
213 229 1
214 230 1
215 231 1
216 232 1
217 233 1
218 234 1
219 235 1
220 236 1
221 237 1
221 238 1
222 239 1
222 240 1
223 241 1
223 242 1
223 243 1
223 244 1
224 245 1
225 246 1
226 247 1
227 248 1
228 249 1
229 250 1
230 251 1
230 252 1
231 253 1
232 254 1
233 255 1
233 256 1
234 257 1
235 258 1
236 259 1
237 259 1
238 259 1
239 260 1
240 261 1
241 262 1
242 263 1
243 264 1
244 265 1
245 266 1
246 266 1
247 267 1
248 268 1
249 269 1
250 270 1
251 271 1
252 272 1
253 273 1
254 274 1
255 274 1
256 274 1
257 275 1
258 276 1
259 277 1
260 278 1
260 279 1
260 280 1
261 281 1
261 282 1
262 283 1
263 284 1
263 285 1
263 286 1
263 287 1
264 288 1
264 289 1
264 290 1
265 291 1
265 292 1
266 293 1
267 294 1
268 295 1
269 296 1
269 297 1
269 298 1
270 299 1
270 300 1
270 301 1
270 302 1
271 303 1
272 304 1
272 305 1
272 306 1
273 307 1
273 308 1
274 309 1
274 310 1
274 311 1
275 312 1
276 313 1
277 314 1
278 314 1
279 314 1
280 315 1
281 315 1
282 316 1
283 317 1
284 318 1
285 319 1
286 319 1
287 319 1
288 320 1
289 320 1
290 321 1
291 321 1
292 322 1
293 323 1
294 323 1
295 323 1
296 324 1
297 325 1
298 325 1
299 325 1
300 326 1
301 326 1
302 326 1
303 327 1
304 327 1
305 328 1
306 328 1
307 329 1
308 329 1
309 330 1
310 330 1
311 330 1
312 331 1
313 331 1
314 331 1
315 332 1
316 332 1
317 332 1
318 333 1
319 334 1
320 334 1
321 335 1
322 336 1
323 337 1
324 338 1
325 339 1
326 340 1
327 340 1
328 340 1
329 340 1
330 341 1
331 342 1
331 343 1
331 344 1
332 345 1
332 346 1
333 347 1
333 348 1
334 349 1
335 350 1
335 351 1
336 352 1
337 353 1
337 354 1
338 355 1
338 356 1
339 357 1
339 358 1
339 359 1
340 360 1
341 361 1
341 362 1
342 363 1
343 364 1
344 364 1
345 365 1
346 366 1
347 367 1
348 368 1
349 368 1
350 369 1
351 370 1
352 371 1
353 372 1
354 373 1
355 373 1
356 374 1
357 375 1
358 376 1
359 377 1
360 378 1
361 379 1
362 380 1
363 381 1
363 382 1
364 383 1
365 384 1
366 385 1
367 386 1
368 387 1
368 388 1
369 389 1
370 390 1
371 391 1
372 392 1
373 393 1
374 394 1
375 395 1
376 396 1
377 397 1
378 398 1
379 399 1
380 400 1
381 401 1
382 402 1
383 402 1
384 403 1
385 404 1
386 405 1
387 405 1
388 406 1
389 406 1
390 407 1
391 408 1
392 409 1
393 409 1
394 410 1
395 410 1
396 411 1
397 412 1
398 412 1
399 413 1
400 414 1
401 415 1
401 416 1
401 417 1
401 418 1
402 419 1
402 420 1
402 421 1
403 422 1
404 423 1
405 424 1
405 425 1
406 426 1
407 427 1
407 428 1
408 429 1
408 430 1
408 431 1
409 432 1
409 433 1
409 434 1
410 435 1
410 436 1
411 437 1
411 438 1
412 439 1
412 440 1
412 441 1
413 442 1
413 443 1
414 444 1
414 445 1
415 446 1
416 446 1
417 447 1
418 448 1
419 448 1
420 449 1
421 449 1
422 449 1
423 450 1
424 450 1
425 451 1
426 451 1
427 452 1
428 453 1
429 453 1
430 453 1
431 454 1
432 455 1
433 455 1
434 456 1
435 456 1
436 457 1
437 457 1
438 457 1
439 458 1
440 459 1
441 459 1
442 459 1
443 459 1
444 460 1
445 460 1
446 461 1
446 462 1
447 463 1
448 464 1
448 465 1
449 466 1
450 467 1
450 468 1
451 469 1
451 470 1
452 471 1
452 472 1
453 473 1
454 474 1
455 475 1
456 476 1
456 477 1
456 478 1
457 479 1
457 480 1
458 481 1
459 482 1
460 483 1
460 484 1
461 485 1
462 486 1
463 487 1
464 488 1
465 489 1
466 490 1
467 491 1
468 492 1
469 493 1
470 494 1
471 495 1
472 496 1
473 497 1
474 498 1
475 499 1
476 500 1
477 501 1
478 502 1
478 503 1
478 504 1
479 505 1
480 506 1
481 507 1
482 508 1
483 509 1
484 510 1
485 511 1
486 512 1
487 513 1
488 514 1
489 515 1
490 516 1
491 517 1
492 518 1
493 519 1
494 520 1
495 521 1
496 522 1
497 523 1
498 524 1
499 525 1
500 526 1
501 527 1
502 528 1
503 529 1
504 530 1
505 531 1
506 532 1
507 533 1
508 534 1
509 535 1
510 536 1
511 537 1
512 538 1
513 539 1
514 540 1
515 540 1
516 540 1
517 541 1
518 542 1
519 542 1
520 542 1
521 543 1
522 543 1
523 543 1
524 543 1
525 544 1
526 544 1
527 545 1
528 546 1
529 547 1
530 548 1
531 548 1
532 548 1
533 548 1
534 549 1
535 549 1
536 549 1
537 550 1
538 551 1
539 552 1
540 553 1
541 554 1
541 555 1
541 556 1
542 557 1
543 558 1
543 559 1
544 560 1
545 561 1
546 562 1
547 563 1
548 564 1
548 565 1
549 566 1
550 567 1
551 568 1
552 569 1
553 569 1
554 570 1
555 570 1
556 571 1
557 572 1
558 573 1
559 574 1
560 575 1
561 576 1
562 577 1
563 578 1
564 578 1
565 579 1
566 580 1
567 581 1
568 582 1
569 583 1
569 584 1
570 585 1
571 586 1
572 587 1
573 588 1
574 589 1
574 590 1
575 591 1
576 592 1
577 593 1
577 594 1
578 595 1
579 596 1
579 597 1
579 598 1
580 599 1
581 600 1
582 600 1
583 600 1
584 600 1
585 600 1
586 600 1
587 600 1
588 600 1
589 600 1
590 600 1
591 600 1
592 600 1
593 600 1
594 600 1
595 600 1
596 600 1
597 600 1
598 600 1
599 600 1
