1 2 1
1 3 1
1 4 1
1 5 1
1 6 1
2 7 1
2 8 1
2 9 1
2 10 1
3 11 1
3 12 1
3 13 1
3 14 1
3 15 1
4 16 1
4 17 1
5 18 1
5 19 1
5 20 1
5 21 1
5 22 1
6 23 1
6 24 1
6 25 1
7 26 1
8 27 1
9 28 1
10 29 1
11 30 1
12 31 1
13 32 1
14 33 1
15 34 1
16 34 1
17 35 1
18 36 1
19 37 1
20 38 1
21 39 1
22 40 1
23 41 1
24 42 1
25 43 1
26 44 1
27 45 1
28 46 1
29 47 1
29 48 1
30 49 1
31 50 1
32 51 1
33 52 1
34 53 1
35 54 1
36 55 1
37 56 1
38 57 1
39 58 1
40 59 1
41 60 1
42 61 1
43 62 1
44 63 1
45 64 1
46 64 1
47 65 1
48 66 1
49 67 1
50 68 1
51 69 1
52 70 1
53 71 1
54 72 1
55 73 1
56 73 1
57 74 1
58 75 1
59 76 1
60 77 1
61 78 1
62 79 1
63 80 1
64 81 1
65 82 1
66 83 1
67 84 1
68 85 1
69 86 1
70 87 1
71 88 1
72 89 1
73 90 1
74 91 1
75 92 1
76 93 1
77 93 1
78 94 1
79 94 1
80 95 1
81 96 1
82 97 1
82 98 1
83 99 1
84 100 1
85 101 1
86 102 1
87 103 1
88 104 1
89 105 1
89 106 1
90 107 1
91 108 1
92 109 1
92 110 1
93 111 1
94 112 1
95 113 1
96 114 1
97 115 1
98 116 1
99 117 1
100 118 1
101 119 1
102 120 1
103 121 1
104 121 1
105 122 1
106 123 1
107 124 1
108 125 1
109 126 1
110 127 1
111 128 1
112 129 1
113 130 1
113 131 1
113 132 1
114 133 1
115 134 1
116 135 1
117 136 1
118 137 1
119 138 1
120 139 1
120 140 1
121 141 1
122 142 1
123 143 1
124 144 1
125 145 1
126 146 1
127 147 1
128 148 1
129 149 1
130 150 1
131 150 1
132 150 1
133 151 1
134 151 1
135 151 1
136 152 1
137 152 1
138 152 1
139 152 1
140 153 1
141 153 1
142 154 1
143 154 1
144 154 1
145 154 1
146 154 1
147 155 1
148 155 1
149 155 1
150 156 1
150 157 1
150 158 1
150 159 1
151 160 1
151 161 1
151 162 1
152 163 1
152 164 1
153 165 1
153 166 1
153 167 1
154 168 1
155 169 1
156 170 1
157 171 1
158 172 1
159 173 1
160 174 1
160 175 1
161 176 1
162 177 1
163 178 1
164 179 1
165 180 1
165 181 1
166 182 1
166 183 1
166 184 1
167 185 1
167 186 1
168 187 1
169 188 1
169 189 1
169 190 1
170 191 1
171 192 1
172 193 1
173 194 1
174 195 1
175 196 1
176 197 1
177 198 1
178 198 1
179 199 1
180 199 1
181 200 1
182 200 1
183 201 1
184 202 1
185 203 1
186 203 1
187 204 1
188 204 1
189 205 1
190 206 1
191 207 1
192 208 1
193 209 1
193 210 1
194 211 1
194 212 1
195 213 1
196 214 1
197 215 1
198 216 1
199 217 1
200 218 1
200 219 1
201 220 1
202 221 1
203 222 1
204 223 1
205 224 1
206 225 1
207 226 1
208 227 1
209 228 1
210 229 1
211 230 1
212 231 1
213 232 1
214 233 1
215 234 1
216 235 1
217 236 1
218 237 1
219 238 1
220 239 1
221 240 1
222 241 1
223 242 1
224 242 1
225 243 1
226 244 1
227 244 1
228 245 1
229 246 1
230 247 1
231 248 1
232 248 1
233 249 1
234 249 1
235 250 1
236 251 1
237 252 1
238 253 1
239 253 1
240 254 1
241 255 1
242 255 1
243 256 1
244 257 1
245 258 1
246 259 1
247 260 1
248 261 1
249 262 1
250 263 1
251 264 1
252 265 1
253 266 1
254 267 1
255 268 1
256 269 1
257 270 1
258 271 1
259 272 1
259 273 1
260 274 1
261 275 1
262 276 1
262 277 1
263 278 1
263 279 1
264 280 1
265 281 1
266 282 1
266 283 1
267 284 1
268 285 1
268 286 1
269 287 1
269 288 1
270 289 1
271 290 1
272 291 1
272 292 1
272 293 1
273 294 1
274 295 1
275 296 1
276 297 1
276 298 1
277 299 1
277 300 1
278 301 1
278 302 1
279 303 1
279 304 1
280 305 1
281 306 1
282 307 1
283 308 1
283 309 1
284 310 1
285 311 1
285 312 1
286 313 1
286 314 1
286 315 1
287 316 1
288 317 1
289 318 1
290 319 1
291 320 1
292 320 1
293 321 1
294 321 1
295 322 1
296 322 1
297 322 1
298 323 1
299 323 1
300 323 1
301 324 1
302 325 1
303 325 1
304 326 1
305 327 1
306 328 1
307 329 1
308 329 1
309 330 1
310 331 1
311 331 1
312 331 1
313 332 1
314 333 1
315 334 1
316 334 1
317 335 1
318 336 1
319 337 1
320 338 1
321 339 1
322 340 1
323 341 1
324 342 1
325 343 1
326 344 1
327 345 1
328 346 1
329 347 1
330 348 1
331 349 1
332 350 1
333 351 1
334 352 1
335 353 1
336 354 1
337 354 1
338 355 1
339 356 1
340 357 1
341 358 1
342 359 1
343 360 1
344 361 1
345 362 1
346 363 1
347 364 1
348 365 1
349 366 1
350 367 1
351 368 1
352 369 1
353 370 1
354 371 1
355 372 1
356 373 1
357 374 1
358 375 1
359 376 1
360 377 1
361 378 1
362 379 1
363 380 1
364 381 1
365 382 1
366 383 1
367 383 1
368 384 1
369 385 1
370 385 1
371 386 1
372 387 1
373 388 1
374 389 1
375 390 1
376 391 1
377 392 1
378 393 1
379 394 1
380 395 1
381 396 1
382 397 1
383 398 1
384 399 1
385 400 1
386 401 1
387 402 1
388 403 1
389 403 1
390 404 1
391 405 1
392 406 1
393 407 1
394 408 1
395 409 1
396 410 1
397 411 1
398 412 1
399 413 1
400 414 1
401 415 1
402 416 1
403 417 1
404 418 1
405 419 1
406 420 1
407 421 1
408 422 1
409 423 1
410 424 1
411 425 1
412 426 1
413 427 1
414 428 1
415 429 1
416 430 1
417 431 1
418 432 1
419 433 1
420 434 1
421 435 1
422 436 1
423 437 1
424 438 1
425 439 1
426 440 1
427 441 1
428 441 1
429 442 1
430 443 1
430 444 1
431 445 1
431 446 1
431 447 1
432 448 1
433 449 1
433 450 1
434 451 1
434 452 1
435 453 1
436 454 1
437 455 1
437 456 1
438 457 1
439 458 1
440 459 1
440 460 1
441 461 1
442 462 1
443 463 1
444 463 1
445 464 1
446 465 1
447 465 1
448 466 1
449 466 1
450 467 1
451 468 1
452 468 1
453 468 1
454 469 1
455 469 1
456 470 1
457 471 1
458 472 1
459 472 1
460 473 1
461 473 1
462 474 1
463 475 1
464 476 1
465 477 1
466 478 1
467 479 1
467 480 1
467 481 1
467 482 1
468 483 1
468 484 1
469 485 1
470 486 1
470 487 1
470 488 1
470 489 1
471 490 1
471 491 1
472 492 1
473 493 1
474 494 1
475 495 1
476 495 1
477 496 1
478 496 1
479 497 1
480 497 1
481 498 1
482 498 1
483 498 1
484 499 1
485 499 1
486 499 1
487 500 1
488 500 1
489 501 1
490 501 1
491 501 1
492 501 1
493 502 1
494 503 1
495 504 1
496 505 1
497 506 1
498 507 1
498 508 1
499 509 1
500 510 1
500 511 1
501 512 1
501 513 1
501 514 1
502 515 1
502 516 1
503 517 1
504 518 1
504 519 1
505 520 1
505 521 1
506 522 1
506 523 1
507 524 1
508 525 1
508 526 1
509 527 1
510 528 1
510 529 1
511 530 1
512 531 1
513 532 1
514 533 1
514 534 1
515 535 1
516 536 1
517 537 1
518 538 1
519 539 1
520 540 1
521 541 1
522 542 1
523 542 1
524 543 1
525 544 1
526 545 1
527 546 1
528 547 1
529 548 1
530 548 1
531 549 1
532 550 1
533 551 1
534 552 1
535 553 1
536 554 1
537 555 1
538 556 1
539 557 1
540 558 1
541 559 1
542 560 1
543 560 1
544 561 1
545 562 1
546 563 1
547 564 1
548 565 1
549 566 1
550 567 1
551 568 1
552 569 1
553 569 1
554 570 1
555 571 1
556 572 1
557 573 1
558 573 1
559 574 1
560 575 1
561 576 1
562 577 1
563 578 1
564 579 1
565 580 1
566 580 1
567 581 1
568 582 1
569 583 1
570 584 1
571 585 1
572 586 1
573 587 1
574 588 1
575 589 1
575 590 1
576 591 1
577 592 1
578 593 1
579 594 1
580 595 1
581 596 1
582 597 1
583 598 1
584 599 1
585 600 1
586 600 1
587 600 1
588 600 1
589 600 1
590 600 1
591 600 1
592 600 1
593 600 1
594 600 1
595 600 1
596 600 1
597 600 1
598 600 1
599 600 1
