4 3 3 3 3 4 4 4 3 4 4 3 4 4 3 4 3 4 3 3 4 4 3 3 4 4 3 3 3 3 3 4
22 22 18 20 20 19 20 23 22 19 19 19 22 18 23 22 21 21 20 21 19 23 22 23 21 19 21 21 18 18 21 21
20 21 19 21 17 18 16 16 20 20 21 19 17 20 19 21 17 18 19 18 18 19 18 18 20 21 17 17 17 16 21 18
2 2 1 2 1 2 1 1 2 2 1 1 1 2 2 1 2 2 1 1 1 1 1 1 2 1 2 2 1 1 2 2
18 18 20 23 22 18 18 20 23 22 20 20 22 22 18 23 22 18 21 19 18 20 18 21 19 22 21 22 20 20 23 23
10 9 11 11 11 8 11 8 9 10 11 8 10 8 11 10 8 8 8 8 11 10 10 11 11 10 11 8 9 10 10 9
12 12 12 12 10 11 10 9 11 11 9 11 10 12 12 12 10 12 12 10 12 9 10 11 11 9 9 11 11 12 9 12
4 5 5 5 4 4 4 4 4 4 5 4 5 5 5 5 5 4 4 4 5 5 4 4 4 4 5 5 5 4 5 5
15 16 20 16 17 16 17 16 17 16 15 18 17 20 19 15 16 18 17 20 20 20 20 17 18 18 20 18 20 19 18 19
9 12 10 11 9 12 10 12 10 10 11 9 10 12 11 9 11 11 12 11 10 9 10 9 12 12 10 11 11 10 10 10
15 15 13 13 13 13 16 15 16 14 16 14 13 16 14 15 13 16 16 13 15 13 13 16 14 15 14 13 16 14 16 14
4 5 5 4 4 5 5 5 4 5 4 4 4 5 5 4 4 4 4 5 4 5 4 5 5 4 4 4 5 5 4 4
19 16 16 19 17 19 15 17 15 16 20 19 16 16 16 20 19 20 15 15 18 15 16 20 18 16 20 17 20 15 20 17
15 19 15 17 17 19 20 15 18 19 19 16 18 20 16 20 16 20 17 15 20 16 16 18 17 16 16 19 19 15 17 17
4 4 4 5 4 5 5 4 4 5 4 5 4 4 4 4 4 4 4 5 5 5 5 4 4 4 4 4 5 5 4 4
9 9 8 8 9 10 11 10 10 10 11 8 11 10 10 8 9 8 11 11 11 11 11 10 9 9 10 9 8 8 10 9
14 13 13 13 13 11 13 11 13 14 14 12 13 13 11 11 13 13 12 12 13 11 14 14 13 13 11 11 14 12 14 13
5 4 5 5 5 5 5 5 4 4 4 4 4 5 5 4 5 5 4 5 4 4 4 5 4 4 5 4 5 5 5 4
14 14 11 14 11 11 11 13 13 12 13 13 13 14 11 14 13 11 14 12 11 13 12 11 11 12 11 14 14 11 13 13
19 22 19 21 19 22 17 17 22 22 17 17 19 20 21 18 21 21 22 19 20 19 17 20 19 18 20 21 22 19 22 22
18 18 16 18 18 18 16 17 20 16 17 17 18 20 16 16 21 19 16 16 17 19 20 16 20 21 21 19 16 16 20 21
15 16 16 16 15 14 16 16 15 15 13 16 14 15 16 13 13 15 16 13 13 16 16 13 16 15 16 16 16 16 16 15
15 16 14 15 13 16 14 15 16 13 15 15 15 14 13 13 13 16 15 16 16 13 13 14 14 15 16 14 14 16 13 16
11 9 10 9 11 10 10 9 11 12 11 9 10 12 10 12 10 10 11 11 12 12 9 11 12 11 10 10 10 11 9 10
17 18 15 19 16 19 15 20 18 15 18 18 17 15 18 17 16 15 18 19 16 15 18 20 15 15 18 15 17 16 17 17
8 9 11 8 9 10 8 8 11 11 10 11 8 11 8 8 11 10 8 9 9 10 11 9 10 8 9 11 8 8 11 9
19 19 17 20 17 18 15 15 15 19 15 20 18 16 19 17 15 18 18 15 17 15 15 15 19 15 17 17 19 15 19 17
10 13 11 12 12 12 10 13 13 12 13 10 13 11 10 13 12 10 13 11 10 12 11 10 12 13 13 11 12 12 12 11
15 13 14 15 13 15 16 13 13 14 13 14 16 16 15 14 13 15 16 15 14 13 13 13 14 15 13 16 14 15 14 13
14 17 14 16 16 16 15 17 15 14 16 17 14 14 15 14 14 17 16 14 17 17 16 17 14 16 17 17 14 14 17 15
4 4 4 4 4 3 4 3 3 3 3 3 3 3 3 4 3 4 3 3 3 4 3 4 4 4 4 4 4 3 3 4
5 4 5 4 4 5 5 5 5 4 4 5 4 4 5 4 5 4 4 4 5 4 5 4 4 5 5 5 4 5 5 5
18 23 20 20 21 19 21 22 18 23 18 21 20 21 19 21 19 18 21 23 18 19 22 23 23 23 22 19 23 22 21 23
5 5 4 4 5 5 5 4 5 4 4 5 4 4 5 5 4 4 4 5 4 5 4 5 4 4 4 4 4 4 4 5
20 23 18 20 21 20 18 21 19 19 19 20 22 19 21 21 21 18 21 19 22 22 20 22 21 22 20 21 23 22 18 19
2 3 3 2 2 3 2 2 2 3 2 3 3 2 3 3 2 2 3 3 3 2 2 2 2 2 3 2 3 3 2 3
2 3 3 3 3 2 3 2 2 3 3 2 3 3 3 2 2 2 3 3 2 2 2 2 2 3 3 3 3 3 3 2
16 16 17 15 15 16 17 16 15 16 14 15 15 15 15 16 17 17 17 16 17 14 17 15 14 16 15 17 14 14 17 16
12 14 14 14 15 13 13 15 14 15 15 12 15 15 12 13 14 15 12 14 12 13 12 14 15 13 14 13 12 13 14 15
4 3 3 4 4 4 3 4 4 4 4 3 4 3 4 3 3 4 4 4 3 4 3 4 3 3 4 4 3 4 4 3
18 21 17 16 16 21 17 20 20 17 18 16 17 17 18 16 19 19 19 20 17 16 19 17 19 21 18 17 17 19 16 20
11 10 10 11 8 8 10 9 9 10 10 8 11 10 10 11 10 8 8 9 11 10 11 10 10 10 9 8 8 10 10 10
4 5 4 5 5 4 4 5 5 5 5 5 4 5 4 4 4 4 5 4 5 4 4 4 4 4 4 5 4 5 5 5
15 15 16 18 15 16 18 16 18 20 15 18 18 19 16 18 15 16 20 20 20 18 15 16 16 17 17 19 15 17 20 19
12 15 12 13 14 13 13 15 13 13 14 14 15 14 14 15 12 12 13 12 12 12 12 12 12 13 14 15 15 12 14 15
15 14 15 15 12 15 15 15 14 15 15 12 13 13 15 14 12 15 13 15 13 12 13 13 14 14 12 14 14 14 15 13
14 14 13 14 15 13 15 13 14 13 14 15 12 15 12 13 12 12 14 12 14 13 14 12 14 13 13 15 12 15 14 15
10 10 8 8 11 10 9 8 11 8 10 9 8 10 9 11 11 9 10 9 10 9 11 8 11 10 10 8 9 10 9 8
16 20 20 16 15 18 19 15 19 19 18 17 18 20 19 17 20 15 15 16 19 18 19 18 18 18 20 20 18 19 17 15
3 2 2 2 2 3 3 2 3 2 2 3 3 2 3 3 2 3 3 3 2 2 2 3 2 3 3 2 3 2 3 2
6 6 7 6 6 6 7 7 7 7 7 7 7 7 6 6 6 6 7 7 6 6 6 6 7 6 6 6 6 6 7 7
7 7 8 7 7 8 7 7 7 7 7 7 8 8 7 7 8 8 8 8 7 8 8 8 7 7 7 8 8 7 7 7
14 13 15 13 13 13 14 14 15 14 16 15 16 16 16 16 14 13 13 16 14 16 15 15 15 16 14 14 15 16 13 15
16 16 15 16 15 13 15 13 15 13 14 16 14 13 14 14 16 14 14 15 13 15 15 14 15 14 15 16 15 14 14 16
15 15 15 14 17 14 16 18 16 15 15 15 15 17 17 16 15 14 15 15 16 18 14 17 14 17 16 18 15 18 18 18
13 14 14 15 13 15 16 14 15 15 14 15 15 15 14 14 15 15 14 14 14 14 13 14 16 16 15 16 15 16 14 16
21 23 21 18 21 23 19 18 19 18 20 20 23 18 19 22 18 22 22 19 19 22 21 21 23 23 20 20 20 18 19 23
7 6 7 6 7 6 6 7 6 7 7 7 6 7 6 6 6 7 6 7 7 7 6 6 6 6 7 7 6 7 6 6
8 8 8 7 7 7 8 7 8 8 7 8 7 8 7 8 8 8 8 8 8 8 8 8 7 7 7 8 8 7 8 7
3 4 4 3 4 4 3 3 3 3 3 3 4 3 3 4 3 4 4 4 3 3 3 4 3 3 4 3 4 4 3 4
16 20 21 17 20 17 20 19 16 17 17 17 20 18 20 16 17 21 20 19 17 17 16 21 17 17 18 16 21 18 19 16
12 12 10 12 12 11 12 12 9 9 11 12 10 10 10 11 12 10 12 9 11 10 10 12 10 12 9 11 10 10 12 12
8 7 7 7 7 7 7 8 7 7 8 8 7 7 7 8 7 7 7 7 8 7 7 8 8 8 8 8 8 7 8 7
8 10 11 11 8 10 11 8 10 9 10 11 10 11 9 11 10 9 9 11 10 11 11 10 9 8 8 8 9 8 8 9
18 20 20 18 20 22 17 21 18 20 18 18 19 20 22 17 22 17 19 21 21 22 20 18 19 18 21 20 21 17 19 19
9 9 9 9 7 8 8 7 8 7 8 9 7 8 9 7 9 9 8 9 7 8 8 8 9 7 7 7 8 8 8 9
21 18 18 23 19 23 18 21 19 19 22 18 20 22 21 20 22 22 22 19 20 20 23 23 21 22 22 20 20 18 23 19
10 12 13 10 11 12 10 12 13 11 13 10 10 11 10 10 13 12 12 11 10 10 11 12 10 13 13 10 11 12 11 13
2 3 2 3 2 2 2 2 2 2 2 2 3 3 3 2 2 2 2 3 2 3 2 3 2 2 3 2 3 3 3 3
19 19 15 19 19 18 18 15 20 15 17 19 20 20 17 16 20 20 19 19 17 18 18 16 16 17 19 18 17 20 16 18
12 11 13 12 12 12 12 10 11 10 11 12 10 12 13 12 13 10 10 12 12 11 12 12 11 10 12 11 13 10 11 10
1 1 1 1 2 2 2 2 2 1 1 2 1 1 2 2 2 1 1 2 1 2 2 2 1 1 2 2 1 2 1 2
9 8 9 9 9 7 9 7 9 9 7 9 8 7 9 7 8 8 8 8 7 8 9 7 9 7 8 8 8 7 8 7
10 12 13 10 13 12 10 13 13 10 13 11 10 11 10 13 12 12 13 11 10 11 12 13 13 12 10 12 12 13 11 10
2 3 3 3 3 2 3 3 2 3 3 3 3 2 3 2 2 3 2 3 3 3 3 3 2 3 2 3 2 2 3 2
4 5 4 5 5 4 5 4 4 5 5 5 4 5 4 4 4 5 4 5 5 5 4 4 4 5 4 4 5 4 4 5
7 6 7 6 7 6 6 7 7 6 6 7 6 6 6 7 7 7 7 7 6 7 7 6 7 6 7 6 7 6 7 6
7 8 8 7 7 8 7 7 8 7 7 8 8 8 7 8 7 8 8 8 7 8 8 8 8 8 7 7 8 8 8 8
11 13 11 11 10 11 11 11 11 12 11 11 10 10 11 10 12 12 13 12 10 12 13 12 10 11 13 10 11 11 10 10
2 2 2 1 2 2 1 1 2 1 1 2 2 2 1 1 2 2 2 1 1 1 1 2 1 1 1 1 2 2 1 1
10 10 11 11 11 10 11 10 10 9 8 10 9 10 10 9 9 10 9 11 11 10 10 10 8 9 8 8 8 10 8 9
12 10 10 11 11 11 10 10 10 12 9 12 9 9 11 11 12 12 9 10 9 11 9 9 11 9 11 9 10 12 9 11
5 4 5 4 4 4 4 5 4 5 4 5 5 4 5 5 5 5 4 5 5 4 4 4 4 5 5 5 5 5 4 4
20 20 21 21 20 19 23 23 22 23 21 18 23 23 23 22 20 23 19 21 18 20 22 20 23 21 18 23 22 22 19 19
5 5 4 5 4 5 5 5 5 4 5 5 5 4 5 5 5 4 4 4 4 4 5 5 4 4 5 4 5 4 4 4
1 1 1 1 2 1 2 1 1 1 2 1 2 1 2 2 1 2 1 1 2 1 1 1 1 1 2 2 2 2 2 1
17 15 17 15 16 16 17 16 17 15 17 17 15 17 16 15 14 15 15 16 14 16 17 14 14 15 16 17 17 17 14 16
16 14 14 15 16 14 16 15 14 18 18 15 18 14 18 14 14 17 17 15 15 18 18 17 15 16 17 14 18 15 16 18
7 7 7 8 8 8 8 7 8 7 8 7 8 7 8 8 7 7 7 7 8 8 7 8 7 8 8 8 7 8 7 8
7 7 7 6 6 6 7 7 7 7 7 7 6 6 6 7 6 7 7 7 6 6 7 6 7 6 6 6 7 6 7 7
2 2 1 1 1 1 2 1 1 1 1 2 2 2 2 1 1 2 1 1 1 1 2 1 2 2 2 2 1 1 2 1
12 10 10 12 11 13 11 12 12 11 12 11 10 12 10 12 12 13 12 12 11 12 12 13 10 10 13 10 11 12 10 11
16 20 15 15 16 20 18 16 17 20 16 15 15 17 20 15 20 18 20 18 19 15 17 18 17 19 16 16 20 16 20 20
18 23 20 19 21 20 19 20 18 21 18 20 19 19 18 19 22 19 22 21 18 18 23 22 23 23 18 20 22 19 22 18
12 11 13 11 12 14 11 12 14 12 14 12 11 13 13 12 14 14 11 12 14 11 12 11 13 13 13 13 14 12 14 14
17 17 18 17 17 16 16 14 16 16 17 17 17 15 14 17 18 14 15 14 15 15 15 14 15 17 14 15 18 18 17 17
12 13 13 14 13 14 13 11 12 13 11 11 13 14 14 14 12 12 12 13 12 12 14 13 13 13 13 12 14 13 11 12
5 4 5 5 4 4 4 5 5 4 5 4 5 5 5 5 5 4 4 5 5 4 5 4 4 4 5 4 5 5 5 4
18 17 16 16 20 17 15 17 17 15 17 16 15 20 17 20 15 15 15 15 19 18 16 17 15 18 16 19 20 18 19 19
17 16 16 14 17 18 18 14 17 15 18 15 17 15 17 16 18 14 15 17 15 15 18 14 14 17 14 17 14 14 14 15
11 13 10 11 11 11 11 13 10 13 12 11 10 10 10 10 12 10 13 12 10 13 11 12 11 13 12 12 10 12 12 12
15 15 18 15 20 20 15 18 17 16 19 16 17 17 18 19 17 18 17 15 17 17 15 18 20 15 15 15 17 19 16 15
19 15 20 17 17 17 17 16 15 19 16 20 15 15 15 19 17 17 16 20 17 20 19 16 16 19 16 18 19 17 19 18
19 21 23 22 20 20 20 18 23 20 18 19 21 21 18 18 18 23 20 23 21 19 22 20 19 18 20 18 23 19 23 19
19 20 18 17 19 19 16 17 17 18 19 20 18 16 20 17 21 18 20 16 21 18 16 18 21 16 17 18 18 16 21 19
11 10 10 10 9 10 11 10 10 10 8 8 8 11 9 9 10 11 11 9 9 8 11 10 10 11 9 8 11 9 8 9
4 3 3 3 4 4 3 3 3 3 4 4 3 3 4 3 4 3 4 3 4 4 3 3 3 4 3 4 3 4 4 4
4 3 4 3 3 3 3 3 3 3 4 3 4 4 3 3 3 4 4 3 3 4 4 4 3 3 3 4 3 3 4 4
10 11 10 10 10 11 8 8 11 8 11 11 11 10 9 10 11 10 10 9 8 10 8 10 11 10 10 10 8 10 8 8
20 21 21 19 17 21 19 21 17 16 17 21 21 21 21 20 16 19 19 20 16 21 16 18 17 17 17 16 17 21 18 19
21 19 22 22 19 18 20 21 20 21 23 22 22 23 18 20 19 23 18 21 22 23 21 18 18 22 19 18 20 20 21 21
10 12 10 10 13 10 11 12 13 10 10 12 10 13 12 10 12 11 12 10 12 12 10 13 13 12 12 11 12 13 12 10
10 9 10 8 9 8 10 8 9 9 8 10 9 10 9 10 11 10 11 10 8 8 9 11 8 9 10 11 8 9 10 10
20 15 19 18 19 20 19 17 19 18 18 19 15 18 18 20 19 17 17 18 20 16 16 18 18 20 18 19 20 18 17 15
17 16 16 18 18 14 14 15 17 18 17 18 18 16 18 17 14 18 18 16 16 17 14 16 18 14 18 18 16 17 14 17
8 8 7 8 7 9 8 7 9 7 9 9 9 9 8 7 7 9 9 9 9 9 8 7 8 8 7 8 7 8 8 7
1 1 2 2 2 2 1 1 2 2 2 1 2 1 2 1 2 1 1 2 1 1 2 2 1 2 1 1 1 2 1 1
11 12 9 11 12 10 10 11 12 12 10 10 11 11 11 9 10 12 12 10 11 12 10 9 11 12 11 12 9 12 9 9
9 8 9 9 7 9 8 8 7 8 8 7 8 8 7 8 8 8 9 9 8 9 7 8 7 7 8 8 8 7 9 7
7 7 6 6 7 7 7 7 6 7 6 7 7 6 6 6 7 7 6 7 6 7 7 6 7 7 7 7 7 7 7 7
3 3 4 4 4 3 3 3 3 4 3 4 4 3 3 3 3 3 4 4 4 3 4 4 4 3 3 4 4 4 3 4
15 15 17 17 16 14 17 17 14 15 14 16 14 14 17 17 14 14 17 17 16 15 17 14 15 17 17 14 15 14 14 15
12 12 11 11 12 13 11 11 10 13 13 11 13 10 10 10 10 10 11 10 12 11 10 10 12 10 13 11 10 13 10 11
3 4 4 4 3 3 3 3 4 4 4 3 3 3 3 4 4 4 4 3 4 3 3 4 3 3 4 3 3 4 3 3
12 13 13 15 13 13 12 15 14 14 14 12 14 14 13 14 15 13 15 12 13 14 14 14 12 15 13 12 15 12 15 13
15 17 17 15 17 16 15 15 17 16 14 17 15 14 16 17 16 15 16 15 14 15 17 17 14 16 17 16 14 17 17 15
11 10 12 9 10 10 10 9 10 12 10 12 12 10 11 9 12 12 11 10 10 9 10 9 9 11 9 9 11 12 10 10
6 5 5 6 5 5 6 5 6 5 5 6 5 6 5 5 6 5 6 6 5 6 5 5 5 5 6 5 6 5 6 5
17 14 14 16 14 17 16 17 16 14 15 17 17 16 15 14 14 17 16 14 14 16 14 17 14 16 15 17 17 14 17 16
4 4 3 4 4 3 3 3 3 4 3 4 4 4 3 3 3 4 4 4 4 3 4 4 4 4 4 3 4 3 4 4
9 9 11 11 8 9 10 8 8 11 8 10 11 9 10 8 9 8 9 8 9 11 9 10 8 8 10 9 11 8 10 8
17 16 15 15 15 14 16 14 16 15 17 16 14 17 17 16 15 17 14 17 16 15 14 17 16 16 17 16 15 16 16 16
13 14 13 11 14 13 14 11 14 12 12 14 12 12 14 11 12 14 14 14 13 11 13 13 11 13 12 11 11 12 13 12
21 22 22 19 22 18 22 22 21 21 19 19 18 20 22 21 21 17 21 19 17 20 17 21 22 22 18 17 18 21 22 22
7 7 7 7 8 8 8 8 8 7 8 7 8 7 8 8 8 8 8 7 7 7 7 7 8 8 8 8 8 8 8 8
14 16 16 16 15 15 13 15 14 13 13 15 16 14 14 16 14 15 14 14 13 15 14 13 14 13 14 13 15 13 16 15
2 2 2 1 1 2 1 1 2 2 1 1 1 1 2 2 2 2 1 1 2 2 2 1 2 2 1 1 2 2 2 1
13 13 13 13 14 13 15 14 13 15 12 14 13 15 12 14 15 13 15 13 15 13 13 12 13 15 14 13 13 15 12 15
8 8 8 8 7 7 7 7 7 7 7 8 8 8 7 8 8 7 7 8 8 7 7 8 8 7 7 8 7 7 8 8
23 23 18 22 20 18 20 21 19 21 18 19 20 21 23 19 22 22 19 22 23 18 19 19 21 22 19 21 22 22 21 22
3 2 3 3 2 3 3 3 2 3 3 3 2 3 2 3 3 2 3 2 3 2 3 3 2 3 2 3 2 3 3 3
14 15 15 16 18 18 18 14 16 16 16 18 16 16 14 17 16 15 15 17 14 17 15 18 18 18 15 18 17 14 17 16
5 6 6 6 5 6 6 6 5 5 6 5 5 6 5 5 6 5 6 5 6 6 5 6 5 5 5 5 6 5 5 5
14 11 12 12 13 12 13 13 13 14 12 14 11 11 13 13 14 11 11 11 13 12 13 14 11 13 12 11 13 11 14 14
18 17 16 16 18 14 16 17 14 16 15 18 17 18 16 18 15 18 17 15 16 17 16 15 14 16 16 18 18 18 15 16
6 6 7 7 6 6 6 6 7 7 7 7 7 7 6 6 6 7 6 7 7 6 7 7 6 7 6 7 6 7 7 6
3 2 3 2 3 3 2 3 3 3 2 3 3 3 3 3 2 3 3 3 2 3 3 2 2 2 3 2 2 2 3 3
20 17 19 20 22 19 21 22 19 18 18 21 22 22 20 21 19 18 17 19 19 19 20 17 17 20 18 22 22 22 18 21
15 18 18 18 20 18 15 20 18 16 15 19 18 19 15 17 15 16 18 18 15 16 17 15 20 16 17 16 18 17 20 15
4 4 3 3 4 4 3 4 4 4 3 4 3 4 3 3 3 3 3 3 4 4 3 3 4 3 4 3 3 3 3 3
1 2 1 1 1 1 1 2 2 1 2 1 2 1 2 1 1 2 2 2 2 1 2 2 1 1 1 2 2 2 2 2
8 7 9 8 8 9 9 9 7 9 7 7 7 9 9 7 9 7 8 8 8 8 7 8 8 9 7 7 8 8 9 9
16 14 15 14 15 14 14 15 15 15 13 14 15 13 16 15 14 16 16 14 13 16 13 15 16 15 14 14 13 14 16 16
14 16 17 16 17 16 15 14 16 16 15 14 17 16 15 15 15 14 17 16 17 17 17 16 15 15 14 14 15 17 14 16
6 6 5 6 6 5 6 6 6 5 5 5 5 6 6 6 6 6 6 6 5 5 5 6 5 6 6 5 6 5 6 5
21 17 20 18 21 16 19 17 16 18 18 20 21 20 19 20 21 17 19 16 18 18 21 19 20 18 16 21 16 21 20 19
4 4 4 5 5 5 5 4 5 4 4 4 5 4 5 4 4 5 4 4 5 4 4 4 5 4 4 5 5 5 4 5
14 13 13 12 12 15 15 14 15 13 13 15 13 13 14 14 15 14 14 13 13 12 14 12 14 13 15 15 12 14 12 12
15 14 15 14 15 15 15 17 16 17 15 17 17 17 14 16 17 16 17 14 14 15 17 14 15 14 16 15 15 16 16 16
12 12 14 12 15 15 14 13 13 14 12 14 12 13 12 13 15 14 13 15 15 15 13 12 13 14 12 13 13 15 12 13
10 13 13 10 12 12 13 13 13 11 12 10 12 11 13 11 12 11 10 10 12 10 10 11 12 11 13 13 12 13 10 10
14 15 15 14 14 13 13 15 13 15 13 14 14 15 13 14 14 14 16 13 13 14 14 16 13 14 14 13 15 13 16 16
2 2 2 3 2 2 3 3 2 2 2 2 3 2 3 2 2 2 2 3 3 2 3 3 2 3 3 3 3 2 3 3
15 17 18 16 20 20 19 16 16 17 15 15 20 16 16 20 15 15 18 17 18 20 15 16 15 16 18 16 19 20 17 20
6 6 6 5 6 6 5 5 6 6 5 5 5 6 5 6 6 6 5 6 5 6 6 5 5 5 5 6 6 6 5 6
11 13 12 12 11 13 12 11 12 13 10 13 11 11 13 10 11 13 11 11 12 10 13 12 13 11 12 13 11 10 11 11
18 19 17 17 15 19 15 17 15 17 20 16 18 19 19 19 20 15 15 15 17 15 17 18 19 15 16 17 20 17 16 17
4 5 4 4 4 5 4 4 5 4 5 5 4 5 5 5 5 4 5 4 5 5 5 4 4 5 5 4 5 5 5 5
17 18 20 21 17 17 17 18 19 20 18 17 19 20 20 17 18 20 21 20 21 19 16 19 18 19 17 18 19 18 19 19
14 13 13 12 14 14 15 13 12 14 12 14 14 14 14 14 13 14 12 15 13 15 15 13 15 14 12 15 15 13 15 13
6 7 6 7 6 7 6 7 6 7 7 7 6 6 6 6 6 7 6 7 7 6 6 7 6 7 7 7 7 6 7 7
10 11 8 9 9 8 11 10 11 8 11 10 11 8 10 11 10 9 10 8 10 9 10 9 11 9 9 11 11 11 8 9
3 3 4 4 4 3 3 3 4 3 4 3 4 4 4 4 4 3 3 4 4 4 3 3 4 4 3 4 4 3 3 3
16 17 17 15 14 17 18 14 15 16 15 15 17 17 16 16 17 15 14 14 17 16 16 18 16 17 15 15 17 15 17 16
4 4 5 4 4 5 5 5 5 5 4 4 5 4 4 4 4 4 4 5 4 5 5 5 5 5 4 5 5 5 5 5
3 3 4 3 4 3 4 3 4 3 3 4 4 4 3 3 3 3 4 4 4 3 4 4 4 3 4 3 4 3 4 4
15 17 17 16 17 14 17 14 18 14 18 18 17 17 17 18 15 15 18 18 18 14 16 14 16 18 16 16 14 18 17 15
5 5 4 4 5 4 5 4 5 5 4 5 4 5 4 4 4 5 5 5 5 4 4 4 4 5 5 5 5 4 4 4
13 15 12 15 15 12 13 12 15 15 12 12 15 12 13 12 13 13 14 14 13 13 12 12 12 12 13 12 13 14 13 14
11 11 9 10 11 9 12 11 11 12 12 12 11 9 10 9 12 11 9 12 9 9 12 9 9 11 11 9 10 11 11 9
16 13 15 14 14 13 13 14 13 15 16 15 13 14 16 15 13 13 14 13 15 14 14 13 15 14 16 16 14 16 13 14
2 2 1 2 2 1 1 1 1 1 1 2 1 2 2 2 1 2 1 1 1 1 2 2 2 2 1 2 2 1 2 1
7 6 7 7 6 7 6 7 6 6 7 6 6 7 7 7 6 7 6 6 6 7 6 7 7 6 7 7 6 7 7 6
12 13 12 12 12 12 13 14 12 11 13 12 11 12 12 12 11 14 11 12 13 13 14 11 13 14 13 11 14 13 11 13
2 2 2 2 3 2 3 2 3 2 3 2 3 3 2 2 3 2 3 3 2 2 3 2 3 2 3 2 3 2 2 3
9 10 11 10 8 11 8 11 11 8 11 9 9 10 8 10 10 8 8 11 9 8 9 9 10 8 8 8 9 8 8 11
5 6 6 5 5 6 6 6 6 5 5 5 5 5 5 5 5 5 5 5 6 6 5 6 6 6 6 5 6 5 5 6
3 3 4 4 4 4 4 3 3 3 4 3 4 3 4 4 3 4 4 3 4 3 3 3 3 4 3 4 4 4 4 3
18 22 22 18 17 18 22 18 22 21 19 19 21 18 17 19 19 21 21 22 20 17 20 19 19 21 21 18 19 21 19 21
14 13 14 14 15 16 16 16 14 13 16 16 13 14 15 15 16 16 13 15 16 16 14 15 16 13 15 16 14 15 15 14
7 7 9 9 7 7 9 9 9 7 8 7 8 7 9 9 7 7 7 9 8 8 7 8 9 7 8 9 8 9 8 7
16 18 16 14 14 18 18 16 18 18 14 18 18 14 16 16 14 18 15 15 16 15 16 14 14 15 14 16 17 18 14 18
13 15 13 16 15 13 16 13 14 16 16 13 15 16 13 14 15 13 15 14 14 13 14 14 16 13 16 15 15 13 16 16
11 13 13 13 11 12 13 12 12 12 10 13 13 11 12 12 13 13 11 11 10 11 12 10 13 11 13 10 13 11 12 10
4 4 4 3 4 4 4 3 4 4 3 3 3 3 3 4 3 4 4 4 4 4 3 4 4 4 4 4 4 3 4 4
12 12 11 12 13 12 11 14 11 11 14 11 12 13 13 14 14 14 14 11 13 12 13 11 14 13 11 13 11 12 14 14
15 18 16 15 18 15 15 16 16 18 17 15 15 15 17 17 20 20 15 18 17 17 18 15 19 19 15 20 17 20 16 15
12 10 11 12 9 10 12 9 11 9 9 12 10 10 10 11 9 11 10 12 11 10 12 11 9 10 9 11 10 11 12 9
14 12 15 13 12 14 12 12 12 14 14 14 15 12 13 14 13 15 15 13 15 13 14 12 15 12 13 14 15 15 13 14
7 7 6 7 6 7 6 6 7 6 6 7 6 7 6 6 7 7 7 7 6 7 6 6 6 6 6 7 7 6 7 7
19 17 20 19 19 22 20 19 22 18 19 19 19 18 21 21 19 18 17 18 20 19 21 17 17 19 20 22 22 17 17 19
8 9 9 7 9 9 7 8 7 9 8 9 8 8 9 7 7 9 9 7 8 8 8 7 9 9 7 9 9 8 7 7
14 14 17 15 16 17 17 18 14 14 18 18 14 17 14 18 14 18 15 15 18 17 15 17 14 14 18 16 14 14 14 15
5 6 5 6 5 6 6 6 6 5 5 6 6 6 5 5 6 5 6 6 6 6 6 6 5 5 6 6 6 5 5 5
17 18 17 20 18 18 17 18 18 17 17 18 19 16 19 19 16 19 18 20 20 17 16 20 15 19 16 17 20 17 18 20
9 7 8 7 8 9 7 7 9 9 8 9 7 7 7 8 8 7 8 8 9 7 7 8 9 7 9 9 7 8 9 9
14 12 11 14 12 11 12 11 11 12 11 14 14 14 11 12 13 14 12 14 14 13 13 12 12 14 13 11 13 14 13 11
22 21 23 19 21 22 21 18 20 19 18 21 22 22 23 18 20 21 19 21 19 21 21 23 19 22 20 23 20 22 18 22
16 17 14 16 14 15 14 14 14 15 17 14 16 16 14 15 15 14 15 16 14 14 15 15 16 16 16 17 16 17 15 14
7 7 6 6 6 7 7 6 7 7 6 6 7 7 6 7 6 6 6 6 6 7 7 6 7 6 7 7 6 7 7 7
7 7 7 7 7 8 7 8 7 7 7 8 8 7 7 7 8 7 8 7 7 8 7 7 7 8 8 8 8 7 7 7
18 16 18 21 16 16 17 20 21 20 21 20 16 21 18 21 18 21 20 18 16 21 18 19 21 18 19 16 18 19 19 16
23 21 19 22 22 19 18 22 20 19 20 21 21 21 19 20 20 20 23 21 21 23 23 21 20 23 19 19 18 22 22 22
6 7 6 6 6 7 6 6 6 6 7 6 6 6 7 7 6 6 6 7 7 6 7 6 6 6 6 7 6 6 6 6
15 14 12 12 12 13 14 13 14 13 12 12 14 12 14 13 12 12 14 13 13 14 12 12 13 13 12 13 13 13 14 13
22 19 18 18 21 18 20 19 19 22 18 20 22 23 19 18 18 22 18 22 18 20 20 21 19 18 21 21 19 22 21 22
20 19 19 20 19 17 22 17 18 19 20 21 19 17 21 18 21 17 21 18 21 21 20 20 20 20 17 18 21 17 21 19
11 12 10 11 12 11 10 12 12 10 11 11 11 9 12 9 12 10 9 10 11 11 12 12 12 10 12 9 12 9 11 12
5 4 4 5 5 4 4 5 4 4 5 5 4 4 5 5 4 5 4 5 4 5 5 5 4 5 5 4 5 5 5 5
13 16 14 13 16 14 16 14 15 16 16 14 14 16 13 16 15 13 13 15 16 16 16 16 16 15 16 13 13 16 13 15
15 16 14 16 14 16 14 14 15 16 14 17 17 17 14 14 16 15 15 14 17 16 15 16 17 14 16 16 14 15 15 14
2 2 2 2 3 2 2 2 3 3 2 3 2 3 2 3 3 3 3 2 3 3 3 3 2 3 3 2 2 3 2 3
4 5 5 5 4 4 5 5 4 4 4 5 4 5 5 4 5 5 5 4 4 4 4 4 4 5 4 4 4 4 4 5
3 3 4 4 3 4 3 3 3 4 3 3 3 3 3 3 3 3 3 3 4 3 3 4 3 4 4 3 4 4 4 3
9 10 8 10 11 8 9 10 10 9 10 11 10 10 10 10 8 9 9 10 10 11 11 8 11 8 10 11 8 10 9 10
15 16 14 17 16 17 17 17 14 14 17 14 14 15 15 14 14 15 14 14 16 17 15 15 15 17 16 14 17 16 16 16
2 1 2 2 1 2 2 1 1 1 1 1 2 2 1 1 2 2 2 1 1 2 1 2 2 1 1 2 1 2 2 1
7 9 7 8 8 9 7 8 7 7 8 8 9 8 7 7 8 7 9 9 9 7 9 9 7 8 8 9 8 8 8 8
16 14 14 17 14 16 16 16 16 16 17 17 14 14 14 17 15 17 14 14 16 16 14 17 15 15 14 14 15 17 17 16
14 13 14 14 13 15 14 14 16 13 16 14 13 14 14 13 16 15 14 16 16 16 16 16 13 14 14 14 14 14 13 13
7 7 8 8 7 8 8 7 9 9 9 9 9 7 9 8 9 7 9 7 9 7 8 7 8 8 8 9 8 9 8 7
19 23 20 22 18 20 19 22 19 21 19 20 21 22 21 23 21 20 21 23 23 19 19 19 22 18 20 22 22 21 18 18
3 2 2 2 3 2 2 3 2 2 2 2 2 2 2 2 2 3 2 2 3 3 3 2 2 3 2 3 2 2 2 3
15 14 13 13 14 15 14 15 12 15 14 13 12 13 12 13 12 12 12 12 15 13 14 14 14 15 14 14 13 12 14 14
12 12 14 12 12 13 13 12 13 12 13 14 13 13 15 14 15 15 15 14 14 13 12 12 15 15 14 14 13 15 13 13
18 17 20 19 19 16 20 20 17 21 19 20 19 19 17 18 18 16 16 20 16 18 21 19 17 19 19 19 20 18 17 21
21 20 21 17 21 22 20 19 22 17 20 18 19 22 21 19 22 21 18 17 21 22 19 19 17 21 19 21 18 21 18 19
17 16 16 14 16 14 17 17 14 14 15 14 14 16 14 15 14 16 16 15 16 17 14 16 16 15 15 14 15 15 15 14
8 7 8 8 7 8 8 7 8 8 8 7 7 8 8 8 7 7 7 7 8 8 8 8 7 8 7 7 8 8 7 8
16 14 17 16 17 15 17 17 14 16 18 16 18 15 18 17 16 16 14 18 14 18 15 15 14 15 16 15 17 17 15 15
6 5 5 6 6 6 6 6 5 6 6 6 5 5 6 5 6 5 6 5 5 6 6 6 6 5 6 5 5 5 5 6
7 8 7 7 7 8 8 8 7 7 8 7 8 7 8 8 7 7 8 7 7 7 7 8 7 7 8 8 7 8 8 7
4 4 4 3 4 3 4 3 3 4 3 3 3 4 3 3 4 4 4 4 3 4 3 3 4 3 3 3 4 3 3 4
12 10 11 11 12 12 12 12 11 12 11 11 11 10 11 12 12 11 12 12 12 12 12 9 11 11 10 11 11 10 10 10
8 8 7 7 8 7 7 7 8 7 8 7 8 7 8 7 8 8 8 8 8 8 7 7 8 7 7 8 7 8 7 7
6 5 5 6 6 5 5 6 6 5 5 5 5 5 5 6 5 5 5 6 6 6 5 5 5 5 6 5 6 5 6 5
11 11 9 9 11 10 11 10 11 9 9 11 11 10 12 11 9 12 9 10 12 12 11 12 12 12 12 9 10 9 11 11
6 6 6 6 6 7 7 7 7 6 7 7 6 7 6 7 7 7 6 6 7 7 6 6 6 6 7 7 6 7 6 7
12 11 9 11 11 11 11 10 12 10 10 9 11 9 11 9 9 9 11 11 10 11 10 11 12 12 9 9 10 11 10 11
12 12 12 12 9 9 11 11 10 10 11 10 10 10 12 9 11 11 9 10 10 9 11 9 12 9 10 10 10 11 11 10
15 16 15 17 18 14 17 17 17 14 15 14 15 14 16 16 15 14 16 18 14 16 14 14 15 16 15 16 15 16 17 14
7 7 7 7 7 7 7 8 7 7 7 8 8 7 7 8 7 8 7 8 7 7 7 7 8 8 7 8 7 7 7 7
7 7 7 7 7 7 7 7 7 7 7 7 7 8 8 8 8 7 8 8 8 7 7 8 7 8 7 7 8 8 7 8
18 16 19 18 16 21 16 18 21 20 16 18 18 17 19 20 20 19 21 19 21 21 16 18 19 20 16 16 20 16 17 21
18 20 21 19 21 21 20 21 18 19 18 19 18 18 20 18 20 22 22 18 20 17 19 17 19 18 21 20 19 18 20 21
7 6 6 6 7 6 7 6 6 7 7 6 6 6 7 6 7 7 7 7 7 6 6 7 6 7 6 6 6 7 6 6
21 17 19 18 17 17 18 19 18 17 21 20 20 21 18 16 18 18 17 17 16 16 20 20 19 19 19 19 21 18 20 16
19 17 18 19 19 15 16 18 17 19 19 16 19 20 15 20 16 18 16 15 15 15 19 16 15 16 19 19 19 18 19 15
12 15 14 15 13 14 12 13 14 13 15 12 15 14 14 12 14 15 12 15 12 12 13 15 14 12 13 13 15 12 15 14
16 13 15 16 14 16 15 16 14 16 13 15 15 16 16 16 16 13 16 14 16 16 13 14 13 15 13 14 16 13 16 13
7 7 7 7 7 6 6 6 6 6 6 6 7 6 6 7 6 7 6 6 7 7 7 7 6 6 7 7 7 6 7 7
4 5 4 4 5 5 5 5 4 4 4 5 5 5 4 4 5 4 4 4 5 5 4 5 4 5 5 4 5 4 4 5
3 2 2 2 2 2 2 2 2 2 2 2 2 2 3 2 3 2 2 2 2 3 3 2 3 3 2 3 3 2 3 3
10 10 12 11 10 9 12 11 12 12 9 10 9 10 9 12 11 10 9 10 10 10 12 9 10 10 11 11 12 11 12 10
16 14 14 13 15 13 13 13 15 14 15 14 15 16 14 16 13 15 15 13 15 14 15 15 14 13 14 14 14 14 14 15
13 12 13 12 15 13 13 13 12 14 15 12 15 15 12 13 13 12 15 12 12 15 14 15 14 15 13 12 12 12 14 13
18 20 19 18 20 21 19 19 20 21 16 19 17 17 16 21 19 16 17 16 18 19 16 19 16 18 18 21 18 19 18 16
22 20 20 22 22 21 23 21 21 18 18 20 21 22 22 22 18 23 21 19 20 19 20 21 19 23 23 23 23 22 20 18
11 11 10 12 13 11 10 11 12 12 10 12 13 12 10 13 13 12 12 13 10 10 11 12 12 11 11 12 10 11 13 12
4 5 4 4 5 5 4 5 4 4 4 4 4 5 4 4 4 5 5 5 4 5 4 4 4 4 4 4 4 5 4 4
3 4 4 3 4 3 3 4 4 3 3 4 4 3 4 4 4 3 3 3 3 4 4 4 4 3 3 4 4 4 4 3
8 8 7 7 7 7 7 7 8 8 8 8 8 7 7 8 8 8 8 7 7 8 8 8 7 7 7 8 7 7 8 8
5 5 5 5 5 5 5 5 5 5 5 5 6 5 6 5 6 5 5 5 5 6 6 6 6 5 6 6 6 6 6 6
7 8 8 7 8 7 7 7 7 7 7 8 7 8 7 7 8 8 7 7 7 7 8 7 7 8 7 7 8 7 7 8
1 1 2 2 1 2 1 2 2 1 1 2 1 2 1 2 2 1 2 2 2 2 2 1 2 1 2 2 1 2 2 2
4 4 5 5 5 4 4 4 5 4 4 5 5 4 5 4 5 5 4 4 5 5 5 4 4 4 4 4 4 5 4 4
18 22 22 18 18 21 18 21 21 19 17 20 18 18 21 20 22 19 21 19 22 19 20 21 21 20 20 21 20 20 17 19
16 17 16 14 16 16 17 17 14 15 16 14 15 14 16 14 17 17 17 17 14 15 17 15 17 17 16 17 17 14 14 15
16 19 16 17 16 15 19 18 17 16 15 19 17 18 17 18 15 20 20 17 19 16 18 18 20 15 20 16 18 20 15 15
8 8 8 7 7 7 7 7 7 8 8 8 7 7 7 8 8 8 8 8 8 8 7 7 8 8 7 8 8 8 7 7
17 16 14 16 17 15 15 14 14 18 15 14 15 17 17 16 14 18 17 18 14 18 17 16 17 14 14 17 14 17 14 18
19 18 17 18 20 18 20 19 19 20 19 20 17 19 22 18 20 17 17 18 20 21 18 19 17 20 20 22 20 19 22 20
9 7 9 7 8 7 9 9 7 9 8 7 8 9 7 8 8 7 8 8 7 9 9 8 8 7 7 8 7 7 8 7
6 6 5 6 5 6 6 6 6 6 6 6 6 5 5 6 5 6 5 6 5 5 5 5 5 6 5 6 5 5 5 5
11 11 13 14 13 14 12 12 12 11 14 14 13 11 14 13 14 14 11 13 14 11 14 14 13 11 11 14 12 12 14 14
2 2 2 2 3 3 2 2 2 3 3 2 2 2 3 3 3 2 2 2 2 2 2 2 2 2 2 3 2 2 2 3
22 21 22 21 19 23 21 18 22 21 21 21 20 22 23 20 22 21 18 18 23 22 23 23 19 19 18 19 21 21 18 22
12 12 11 12 12 11 14 11 11 14 12 12 13 13 14 12 12 14 12 14 11 12 11 13 11 13 11 13 13 11 12 12
18 21 20 20 21 21 22 22 19 21 21 18 22 18 19 19 18 19 20 19 18 21 19 23 23 22 23 19 22 22 22 19
15 14 15 14 17 18 14 18 18 18 17 17 18 18 16 18 14 14 15 16 17 14 14 16 15 17 16 15 17 17 14 16
3 3 3 3 3 4 4 4 4 3 4 3 3 4 3 3 3 3 3 3 4 4 3 4 3 3 4 4 4 4 4 4
7 6 6 6 6 7 7 6 7 6 6 7 6 7 7 7 7 6 7 6 6 6 7 7 7 6 6 6 6 7 6 6
2 1 2 2 2 2 1 2 1 1 1 1 1 1 2 1 2 1 2 1 2 2 1 1 2 1 2 1 1 2 1 2
4 4 3 4 3 4 4 4 4 3 4 3 4 3 4 4 3 3 3 4 3 3 4 3 3 3 4 3 3 4 4 3
18 17 18 15 17 15 18 14 15 15 17 16 18 15 18 16 17 17 15 15 15 15 18 17 14 18 17 14 17 17 17 14
18 14 15 16 15 17 18 18 16 15 15 17 18 16 15 18 17 14 15 18 17 17 15 17 15 15 17 16 17 16 17 15
7 6 6 7 7 7 6 6 6 7 6 6 6 7 6 7 7 6 7 7 6 6 6 6 6 6 6 7 7 6 7 6
12 10 10 10 10 10 13 13 10 12 11 13 13 13 12 12 10 11 11 13 12 11 13 12 13 11 13 10 10 13 13 12
10 10 10 10 8 10 8 10 8 8 10 10 8 8 10 11 9 8 9 11 10 11 9 8 11 9 10 8 9 9 8 11
3 3 4 3 3 4 3 3 4 3 3 4 3 3 4 3 3 3 3 3 3 4 4 3 3 4 3 3 3 3 4 4
1 2 2 1 2 1 2 1 2 1 2 2 2 1 2 2 2 1 1 1 1 1 1 2 2 1 1 2 1 2 1 2
22 20 19 20 19 18 20 22 22 22 21 21 20 18 18 20 18 21 21 17 17 18 21 21 21 22 21 22 20 21 18 17
13 11 14 13 11 14 11 11 11 13 14 11 12 12 13 14 13 12 13 13 14 14 11 12 14 14 11 11 12 11 12 13
14 13 12 14 14 13 13 14 13 11 14 11 12 13 12 12 13 12 14 14 11 12 12 11 13 11 11 11 14 11 11 14
7 7 7 6 6 6 6 7 6 7 6 6 7 6 7 7 7 7 6 7 6 6 7 7 6 6 7 6 7 6 6 6
20 21 21 19 21 16 21 19 21 19 19 20 16 18 21 20 19 18 19 18 18 21 18 18 19 17 20 21 20 17 18 17
19 21 18 20 19 20 18 16 19 19 21 17 17 20 19 17 20 18 21 16 21 18 18 18 20 21 17 18 21 16 17 20
9 10 9 9 8 10 11 9 8 8 9 11 10 8 11 10 10 9 8 9 10 10 8 10 8 9 9 8 8 10 9 9
21 18 20 22 18 22 20 19 22 18 18 20 22 20 18 19 21 20 20 17 19 19 22 17 19 21 19 21 21 21 17 19
17 15 14 14 15 15 18 17 17 14 18 16 18 17 17 16 15 14 18 17 14 14 17 18 14 16 15 14 15 14 15 17
19 15 17 16 19 18 20 18 17 17 19 15 20 20 20 18 15 18 20 16 20 17 17 17 19 16 17 20 17 17 17 16
4 5 4 4 4 4 5 5 4 5 5 5 5 4 4 4 5 5 4 4 5 5 5 5 4 5 5 5 5 5 5 5
10 11 12 11 13 12 11 13 12 12 13 12 12 10 12 10 10 11 10 12 10 11 13 12 13 12 12 12 13 13 12 12
14 15 13 16 15 15 15 16 16 14 13 16 15 14 13 13 14 15 15 14 14 14 16 16 14 13 13 14 13 15 15 16
7 9 7 7 7 9 7 8 8 7 9 7 7 8 9 9 8 9 9 7 7 8 7 8 8 9 7 7 9 9 8 9
7 6 7 7 7 7 6 6 7 6 7 7 7 7 6 6 7 7 6 6 7 6 7 6 6 7 6 7 7 6 6 7
12 12 13 13 12 14 12 13 14 12 12 14 13 14 13 12 13 14 11 11 12 13 14 13 13 14 14 14 14 14 12 11
2 2 1 1 2 2 1 2 2 2 2 2 2 1 2 1 2 2 1 1 1 1 1 1 1 1 2 2 1 2 1 1
1 1 1 2 1 1 1 2 2 1 2 1 2 2 2 2 2 1 1 1 1 2 2 2 2 1 2 1 1 2 1 2
22 19 21 17 21 18 20 22 17 18 22 20 18 21 22 22 19 21 21 19 18 21 22 22 22 20 18 18 22 22 21 22
7 8 7 7 7 8 7 9 7 9 7 7 8 9 9 8 9 9 9 7 7 7 7 8 9 7 8 9 8 8 8 8
11 13 11 13 11 12 11 12 13 13 11 12 13 12 12 10 10 13 11 10 11 10 10 11 13 10 10 12 11 12 10 12
2 2 2 2 3 3 3 2 2 3 2 2 2 2 3 3 3 2 3 3 2 3 2 3 2 3 2 2 3 2 3 2
17 18 17 17 14 15 18 14 15 15 18 17 18 16 17 15 15 17 18 17 16 18 15 17 17 14 18 16 17 17 14 17
21 18 21 21 17 21 16 16 19 18 18 19 16 16 20 20 16 19 16 18 18 20 16 18 18 16 16 19 18 20 18 20
6 7 6 6 7 7 6 7 6 7 6 6 6 7 7 7 7 6 7 6 6 6 6 7 7 7 6 6 6 6 7 6
11 10 11 9 9 9 11 11 9 12 10 10 9 10 11 10 9 10 11 11 12 10 9 9 11 9 10 9 10 12 9 12
8 9 8 9 9 9 8 7 7 9 9 7 7 9 7 9 9 9 8 8 9 8 7 9 8 9 7 8 8 9 8 8
13 14 14 11 12 13 13 12 12 13 13 11 11 13 11 12 12 14 13 11 13 11 11 12 11 13 11 11 14 13 11 12
15 13 13 13 14 13 16 15 13 15 14 15 13 16 15 16 14 15 15 16 14 13 15 13 14 15 15 14 14 14 15 13
9 9 7 7 7 8 7 9 8 8 8 8 8 9 8 7 7 9 9 7 9 9 9 7 9 7 9 8 7 9 9 8
12 12 10 13 12 10 12 13 13 13 11 11 10 13 11 10 13 12 11 12 12 10 11 10 12 12 11 12 10 11 10 12
18 23 18 23 21 18 19 18 19 21 22 20 22 19 19 23 18 22 19 22 23 21 23 21 19 19 18 18 18 23 19 22
14 14 12 13 14 14 11 11 14 12 11 11 11 14 11 14 12 13 12 14 11 13 12 12 12 13 12 14 14 12 11 11
15 15 12 15 15 12 13 13 14 14 13 12 15 14 14 12 13 15 15 12 15 13 14 15 15 13 15 15 12 12 15 13
16 18 20 17 19 19 15 18 18 16 19 19 20 19 17 19 16 15 18 19 15 16 15 19 16 20 16 19 19 16 17 16
15 17 15 18 14 17 14 14 16 16 14 14 14 16 18 17 14 15 14 17 17 18 14 18 17 15 15 17 14 15 15 18
14 15 16 16 15 17 17 14 16 15 15 15 16 17 18 15 16 15 17 14 17 14 15 17 14 18 17 14 14 15 15 15
13 13 13 16 13 16 13 13 14 16 14 16 16 14 14 13 16 14 13 14 13 13 13 15 13 16 13 16 16 14 15 14
7 7 8 8 8 7 8 8 7 7 8 8 7 7 8 8 8 7 7 8 8 8 7 8 7 8 7 8 8 7 8 7
18 18 20 19 17 17 17 20 16 19 19 18 17 17 15 16 20 19 20 19 15 16 19 16 17 20 15 17 19 17 17 20
15 15 17 18 18 19 18 17 16 15 19 19 15 16 20 15 18 16 19 20 20 16 16 15 20 16 20 15 19 19 19 15
6 5 6 6 6 6 6 6 5 6 5 5 5 5 6 6 6 5 5 5 6 6 6 5 5 6 5 5 5 5 5 6
16 21 18 17 18 19 20 21 16 16 18 17 18 19 21 20 16 20 17 19 16 19 18 17 18 16 18 16 18 19 17 19
14 14 12 11 13 14 11 14 11 13 13 11 13 14 12 13 11 12 14 14 14 13 14 13 12 13 12 14 13 13 13 11
8 7 8 8 7 7 7 7 7 8 7 7 8 7 7 7 8 8 8 8 7 7 8 7 7 8 8 7 7 8 7 7
18 20 21 22 20 20 18 21 20 22 21 23 19 23 23 22 18 20 21 19 21 23 23 21 20 19 20 20 23 21 22 22
14 15 12 15 14 12 15 15 14 14 13 15 14 13 15 12 15 15 12 14 12 13 13 13 14 15 15 14 13 14 14 13
7 7 6 7 7 6 6 7 7 6 7 6 7 6 6 6 7 7 7 6 6 7 7 7 7 6 6 7 7 7 6 7
4 4 3 4 4 4 3 4 4 4 4 3 3 3 4 4 3 4 3 3 3 3 4 4 4 4 4 4 4 4 4 4
8 7 8 8 7 8 8 8 7 8 7 7 7 7 7 7 7 7 8 7 7 8 7 7 8 8 8 8 8 7 7 7
9 9 8 8 9 7 8 7 7 8 8 9 8 8 8 8 9 7 7 8 7 9 8 8 8 8 7 8 7 9 7 9
12 12 15 13 13 14 12 15 12 13 14 15 15 12 15 14 14 14 13 15 15 12 15 12 14 14 15 14 14 12 12 12
9 12 12 12 9 9 10 12 11 9 11 11 9 11 10 12 9 10 11 12 11 9 10 11 11 9 10 10 12 9 11 9
19 21 19 21 20 17 16 17 17 17 16 20 17 21 21 18 19 21 18 19 19 20 20 17 17 17 21 19 19 20 20 20
13 12 14 12 13 13 13 12 13 13 12 12 14 12 15 14 13 14 15 13 13 15 15 14 15 13 15 13 14 14 15 12
21 19 16 19 16 19 21 18 21 21 19 16 16 20 20 16 20 19 16 18 17 19 16 19 18 20 18 20 17 18 16 18
12 11 11 12 11 11 11 13 13 12 14 13 12 14 14 13 12 14 11 13 13 12 11 14 12 14 14 11 11 14 14 13
18 17 15 18 15 15 18 15 15 15 14 15 14 15 16 15 15 16 17 14 16 18 16 16 16 17 14 18 14 16 14 14
17 18 19 19 18 20 18 20 20 19 17 20 22 22 19 18 20 20 19 18 22 20 17 17 20 17 22 18 18 18 19 17
15 17 17 14 15 14 15 17 16 14 15 17 14 15 17 14 15 16 14 17 14 17 17 14 16 17 17 15 15 16 16 15
6 5 6 5 6 6 6 6 5 6 6 6 6 6 6 5 6 5 6 5 5 6 6 5 6 6 6 5 5 5 5 5
16 15 15 16 16 17 14 17 15 16 15 16 17 17 17 15 16 17 16 15 15 17 17 18 18 17 17 14 16 17 18 14
7 7 7 7 9 7 9 8 9 9 8 8 8 7 9 9 9 9 8 7 8 8 8 8 7 8 7 9 9 9 9 7
19 18 16 20 20 19 19 17 18 17 17 16 21 16 17 18 19 19 20 21 19 20 17 18 18 19 18 17 20 17 20 19
3 4 4 3 3 4 4 4 4 4 4 3 4 4 4 4 4 3 4 3 3 4 3 3 4 3 3 4 3 4 4 4
8 8 9 8 9 8 7 8 7 9 7 7 7 7 8 7 7 7 8 9 9 8 8 7 8 7 7 7 8 7 8 9
14 12 12 12 14 13 11 11 12 12 11 12 12 13 11 12 11 11 11 12 11 11 11 13 12 11 12 13 12 12 11 14
22 17 22 19 20 20 19 17 21 18 22 19 19 22 19 22 21 19 19 17 22 17 19 21 20 22 19 21 19 20 21 22
9 7 7 8 7 9 8 9 8 8 7 7 8 8 7 7 8 9 7 7 8 7 9 8 7 7 7 8 9 9 7 9
15 17 17 16 18 18 17 16 18 17 16 15 18 18 17 18 15 14 17 18 16 18 14 16 18 16 16 16 14 15 17 16
15 15 15 15 14 16 16 16 14 14 16 17 14 15 14 16 17 14 15 16 17 17 17 14 15 14 15 16 17 16 15 15
13 14 15 14 15 12 12 12 14 13 14 13 14 15 14 13 14 15 14 14 13 14 14 14 14 12 13 13 14 12 14 12
15 14 15 14 12 14 13 12 14 14 12 13 12 15 14 15 13 15 14 14 13 12 13 15 13 13 14 12 13 14 13 15
6 7 7 6 6 6 7 6 7 6 7 6 6 6 6 6 7 7 7 7 6 6 6 7 6 6 7 7 7 7 6 7
17 22 19 22 21 22 20 17 20 22 22 22 17 19 22 22 18 19 20 22 22 21 19 21 22 19 18 21 17 21 19 17
5 5 5 6 6 5 5 5 6 6 5 5 6 5 5 6 5 6 5 6 6 6 6 5 5 6 5 5 5 6 6 5
7 7 7 7 7 6 7 6 7 6 6 6 7 6 6 7 7 6 6 7 7 6 7 6 7 6 6 7 6 7 7 6
14 15 16 15 16 16 15 14 13 14 16 13 13 13 16 13 16 13 14 15 15 15 16 16 16 15 14 15 16 16 15 13
7 7 7 6 6 6 6 6 6 6 7 7 7 6 7 7 7 7 7 6 7 6 7 6 7 7 6 7 6 6 6 6
20 21 18 19 23 22 21 19 18 23 22 18 18 18 21 20 21 21 22 23 21 23 22 18 23 22 22 22 22 19 22 18
21 19 17 21 22 19 17 21 20 21 19 19 18 21 22 19 17 20 20 18 19 20 20 21 20 22 19 20 20 18 17 20
12 13 11 10 11 10 11 10 11 13 12 11 11 10 13 10 13 10 13 10 11 12 10 10 10 12 12 10 11 11 12 12
12 15 12 14 15 15 15 13 14 14 12 12 12 13 14 14 13 15 14 14 13 12 12 12 14 14 14 15 13 15 12 14
3 2 2 2 2 3 2 2 3 3 2 3 2 2 2 2 2 3 2 3 3 3 2 2 3 2 2 3 3 2 3 2
16 15 14 14 16 18 15 17 14 18 15 14 17 17 16 14 15 15 17 17 16 17 17 16 17 16 16 14 14 18 18 16
19 19 19 21 22 21 19 22 17 22 21 21 18 18 17 17 17 17 18 18 19 19 22 17 20 18 20 21 17 19 22 22
14 14 13 13 13 13 14 15 15 12 13 12 12 12 14 15 13 14 15 14 13 15 15 12 15 15 13 13 12 15 13 14
14 12 13 14 14 12 14 15 12 14 14 15 13 15 13 13 14 15 12 15 14 13 13 12 14 14 12 12 13 15 14 14
14 17 16 16 15 16 14 14 16 15 15 14 14 16 17 16 17 15 17 15 15 15 15 15 15 16 15 16 16 14 17 17
14 14 13 13 14 16 14 16 15 13 13 15 15 14 14 13 16 15 13 15 14 14 15 15 16 14 14 13 13 13 16 16
4 5 4 5 4 5 4 4 4 5 5 5 4 5 5 4 4 5 4 5 5 4 5 4 4 4 4 4 5 4 4 5
11 10 10 11 10 11 11 12 12 10 11 12 10 11 11 12 13 12 10 11 13 12 11 13 10 12 10 13 11 10 10 12
14 16 14 14 15 15 13 13 15 13 16 13 16 14 13 15 16 15 14 13 16 14 14 16 13 15 13 13 16 13 15 13
4 5 4 5 5 5 4 5 4 4 5 5 4 4 5 5 4 5 4 4 4 4 4 4 4 5 5 5 4 4 5 5
2 2 1 2 1 1 1 2 2 2 2 1 1 2 1 2 2 2 1 1 2 2 2 2 2 2 1 1 1 1 1 2
12 12 12 12 14 12 13 12 15 15 13 13 13 14 14 14 15 12 12 12 12 14 15 12 15 13 12 14 13 15 12 14
14 13 15 14 13 13 15 14 15 13 15 12 14 15 12 13 13 13 14 13 15 12 13 13 13 13 12 14 12 13 14 12
18 17 18 17 17 14 16 18 16 15 16 16 17 17 14 15 14 17 17 16 14 18 17 17 16 15 14 15 14 16 17 18
5 6 6 5 5 6 6 5 6 6 6 6 6 6 6 5 6 6 6 5 5 6 6 5 6 6 6 5 5 6 6 5
2 1 2 2 1 1 1 1 1 1 2 1 1 2 1 2 2 1 2 2 1 2 1 1 1 2 2 2 1 1 1 1
12 10 11 9 10 12 10 9 9 12 9 12 11 10 9 10 12 10 11 9 9 11 9 9 11 12 9 9 12 12 9 9
16 14 15 16 15 16 13 13 13 15 15 15 14 16 13 14 14 16 13 15 14 15 15 14 16 13 16 15 13 13 16 14
16 14 16 17 17 14 15 16 17 17 14 16 15 16 15 14 17 16 14 14 14 17 14 16 16 15 17 16 16 15 15 18
17 18 19 15 18 16 19 17 17 19 16 17 16 20 20 16 19 20 17 19 18 19 15 18 18 20 19 16 16 18 15 15
13 13 14 13 14 16 13 16 15 16 13 14 15 15 13 16 14 14 16 14 15 13 14 14 14 13 15 16 16 15 14 13
3 2 3 2 2 3 3 3 2 2 3 3 3 2 3 3 2 3 2 3 2 3 2 2 2 3 2 3 2 3 2 3
4 4 5 4 5 4 5 4 4 5 5 5 4 5 5 5 5 5 5 4 4 4 4 4 4 5 4 4 5 5 4 5
3 3 3 3 3 3 2 2 2 3 3 2 3 3 2 3 3 2 2 2 3 3 3 2 2 3 2 2 3 3 3 2
6 7 7 6 6 6 6 6 6 7 6 6 6 7 7 6 6 7 6 6 7 7 7 7 6 6 6 6 6 6 7 7
16 16 16 16 15 15 16 17 17 15 16 15 16 17 17 14 15 15 15 16 15 17 14 16 14 15 16 17 15 14 15 17
16 13 16 13 16 16 13 15 16 16 16 13 14 16 16 13 13 14 16 13 15 15 15 14 15 13 16 15 15 14 13 14
17 21 20 17 16 21 19 21 21 21 20 21 20 18 18 18 18 19 21 19 21 21 19 19 21 16 19 20 16 16 21 18
8 8 8 7 7 8 8 7 9 8 9 8 9 9 7 8 8 8 9 8 7 9 8 9 9 7 9 8 9 7 9 8
3 3 4 4 3 4 3 4 4 4 4 4 4 3 4 4 4 3 4 4 4 3 3 3 3 3 3 3 4 3 3 3
12 13 12 11 12 11 12 13 11 12 12 12 11 13 13 11 13 12 11 11 11 14 13 14 14 11 12 13 11 14 12 13
4 5 4 4 4 5 4 4 4 4 5 4 5 4 5 4 4 4 5 5 5 5 4 5 5 5 4 5 4 4 5 5
8 7 8 7 8 8 8 8 7 8 7 7 8 7 7 7 8 7 7 8 8 8 8 7 7 7 8 7 8 8 8 7
22 20 17 21 18 20 17 20 17 17 22 19 17 19 17 21 20 18 22 22 17 19 20 20 19 20 19 21 17 19 22 21
10 11 10 9 8 9 10 9 8 8 10 11 10 11 9 11 11 11 10 11 9 8 11 11 8 11 8 8 9 8 9 11
3 3 3 3 3 3 3 3 2 2 2 3 2 3 3 2 2 3 3 2 2 2 3 3 2 3 2 2 2 3 3 3
12 13 14 11 11 11 14 14 14 13 13 12 14 11 12 13 12 11 13 11 13 14 13 13 14 12 12 13 13 12 13 11
3 3 2 2 3 3 3 2 2 3 3 3 3 3 3 2 2 3 3 2 3 2 2 2 2 2 3 3 2 2 3 3
19 22 17 17 18 22 18 18 18 21 20 17 21 22 21 18 21 21 19 22 19 19 21 22 18 20 20 21 21 20 18 19
1 2 1 1 1 1 2 2 1 1 1 1 1 2 1 2 2 2 2 2 1 1 2 1 1 2 1 1 1 1 1 1
7 7 7 8 9 8 7 7 7 9 8 9 9 7 9 9 8 8 9 9 7 9 7 7 8 9 9 8 9 8 9 9
21 21 23 23 23 23 18 22 20 20 20 18 21 20 22 20 21 21 23 18 23 22 18 20 18 22 20 23 20 19 22 20
16 15 18 20 18 16 19 15 15 18 18 18 18 20 15 19 19 18 19 19 18 18 15 20 16 20 19 18 20 17 17 17
13 15 13 13 14 12 14 12 14 13 14 15 15 13 12 15 13 12 13 13 14 13 14 13 14 15 13 12 13 15 15 12
20 17 17 19 17 16 18 16 21 17 21 17 17 21 20 18 21 16 21 18 20 19 21 19 17 20 21 20 17 19 21 20
6 7 6 7 7 7 7 6 6 7 7 6 7 7 6 7 7 6 7 6 7 6 7 7 7 6 7 7 7 6 6 6
17 14 16 17 15 14 17 14 17 17 14 16 15 17 14 16 14 17 15 15 14 15 15 17 17 17 16 16 14 14 14 16
8 7 8 9 9 7 7 9 9 9 7 7 7 7 9 8 9 7 7 9 9 9 8 7 8 9 8 9 9 8 8 7
14 14 16 16 15 15 13 15 15 15 14 16 13 16 16 16 14 13 15 15 14 13 16 13 13 13 15 15 15 15 14 16
22 19 21 20 20 19 22 22 19 19 20 20 22 19 19 20 19 22 19 21 20 19 17 17 17 22 17 19 19 18 18 17
10 13 13 11 13 10 12 10 13 13 11 12 13 12 11 13 10 13 10 10 11 10 11 13 10 13 10 11 10 10 12 13
6 6 7 6 7 7 7 7 7 6 7 6 6 7 6 6 6 6 6 7 6 7 7 6 7 7 7 6 6 6 6 7
6 6 5 6 5 6 6 6 6 5 6 5 6 5 5 6 6 6 5 5 6 5 6 5 5 6 6 6 5 6 5 5
22 18 22 23 19 22 18 23 22 19 21 21 20 21 20 18 21 18 19 19 18 21 19 20 21 18 23 18 22 21 18 19
2 2 2 3 3 3 2 2 2 3 3 2 2 3 3 3 3 2 3 2 2 3 3 2 3 2 3 2 3 2 3 3
13 11 13 10 11 12 11 11 13 11 10 12 13 11 13 10 13 11 13 13 11 11 13 10 12 12 12 11 10 11 11 13
17 17 14 14 16 14 14 14 17 15 16 15 17 14 14 15 16 17 14 17 16 15 16 14 15 16 15 15 17 16 16 14
20 18 23 20 20 21 22 23 20 21 22 22 18 21 23 18 19 20 18 23 18 21 20 21 23 21 21 19 22 18 21 22
8 8 8 7 7 7 7 7 8 7 7 7 8 8 7 7 8 8 7 8 7 7 7 7 7 8 7 8 7 7 8 8
10 8 11 9 9 9 11 11 10 11 9 9 10 8 10 11 10 8 11 9 10 10 9 10 9 10 11 10 10 8 11 8
16 17 14 16 17 16 16 17 15 16 16 14 17 16 17 14 14 15 17 15 16 16 14 16 15 15 17 17 15 14 14 16
4 4 4 4 4 4 5 5 4 4 4 4 5 5 5 4 4 4 5 4 4 4 4 4 4 4 5 5 4 4 5 5
5 4 4 5 4 5 5 4 5 5 4 5 5 4 4 5 4 5 5 5 4 4 4 5 5 4 4 5 4 5 4 5
4 5 5 4 4 4 4 4 4 4 4 5 5 4 5 4 5 5 4 4 5 5 4 5 4 5 5 5 4 5 4 5
5 5 4 4 5 5 5 4 5 5 5 5 4 4 4 5 4 4 4 4 5 5 5 5 5 4 4 5 5 5 4 5
6 7 6 7 6 6 7 7 6 6 7 6 7 6 7 7 7 6 6 7 6 6 7 7 7 7 6 7 6 7 6 6
4 4 4 4 5 5 4 5 4 4 4 5 4 5 5 5 4 4 4 4 5 4 5 4 4 4 4 4 4 4 4 4
15 12 13 14 14 12 12 12 15 13 12 14 12 14 14 13 12 13 12 14 12 12 14 14 13 13 15 15 14 13 14 12
5 5 6 6 6 6 5 5 6 5 5 5 5 6 5 5 5 6 6 5 6 6 6 5 6 5 5 5 5 5 5 6
8 7 8 8 7 7 7 7 7 8 7 8 7 8 7 8 7 7 7 8 8 8 8 8 7 8 8 8 8 7 8 8
3 3 4 4 3 4 4 4 4 4 3 3 3 3 4 3 4 4 4 3 4 4 4 3 4 4 4 4 4 3 3 3
3 3 2 2 3 2 2 3 2 2 2 3 2 2 3 3 3 2 3 3 2 3 2 2 3 2 2 3 3 3 3 2
14 12 13 11 11 12 11 11 14 13 12 11 11 13 12 13 12 14 11 13 12 13 12 14 14 13 13 14 11 11 12 12
14 12 12 14 12 11 12 13 12 14 13 12 13 12 12 11 13 11 12 14 13 11 11 13 13 14 13 14 14 12 13 11
18 21 22 23 21 23 21 21 19 21 21 18 20 18 18 20 22 21 19 22 18 20 21 23 19 21 19 18 20 23 18 18
19 18 22 22 23 20 21 21 22 18 22 22 21 18 18 19 18 21 18 19 18 19 18 23 20 19 19 23 23 19 22 23
2 2 2 2 2 1 2 2 1 1 2 2 1 2 2 2 1 2 1 2 1 2 1 2 1 1 2 2 2 2 1 2
13 14 14 12 14 14 13 14 11 11 13 13 14 11 13 13 13 12 12 11 13 14 14 12 11 12 12 13 14 12 11 13
1 1 1 2 2 1 1 1 2 1 1 2 2 2 1 1 1 1 1 1 1 2 2 2 1 2 2 2 2 2 1 1
4 3 4 3 3 4 3 3 4 3 4 3 3 3 3 4 3 4 3 4 3 4 3 3 3 4 3 3 3 3 3 3
17 17 16 14 15 14 16 15 14 16 17 17 17 16 17 14 15 16 14 14 14 17 14 17 18 17 16 14 16 17 18 14
13 12 14 12 13 13 13 14 14 12 13 12 15 13 12 14 15 12 13 14 12 13 12 12 12 14 15 12 14 12 15 13
13 11 12 11 11 13 13 13 13 13 14 13 13 11 13 14 12 14 13 13 13 12 14 12 12 13 11 12 14 12 11 13
17 17 15 17 15 14 15 15 16 14 15 16 17 17 14 16 17 14 14 16 16 16 15 15 14 14 14 15 17 17 14 17
9 10 12 11 10 11 10 12 11 9 12 10 12 12 12 10 11 11 10 9 12 10 12 12 12 12 9 9 9 12 12 11
7 7 8 9 9 8 8 7 7 9 8 7 8 7 9 9 7 8 9 9 8 8 8 9 9 8 9 7 7 8 9 9
5 5 5 5 5 5 5 4 4 4 4 4 4 5 5 4 4 4 5 4 5 5 5 5 5 4 4 4 4 4 5 4
7 9 9 8 7 7 9 9 7 7 9 8 7 8 8 8 7 9 9 8 9 8 9 7 7 8 7 9 9 9 7 7
23 19 23 22 22 19 22 21 20 22 18 22 20 19 23 23 20 22 22 20 18 18 22 23 22 18 20 19 20 22 18 19
15 15 13 15 15 13 12 14 13 15 15 15 15 12 13 15 14 13 15 12 13 14 14 12 12 15 13 13 12 13 15 14
3 3 3 3 2 3 2 2 3 2 2 3 3 3 2 2 3 2 2 2 3 3 2 2 3 3 2 2 2 2 2 3
2 2 2 3 3 2 2 2 3 2 3 3 3 3 2 3 2 3 3 3 2 3 2 3 3 3 2 3 3 3 3 3
12 12 12 13 11 11 14 11 14 14 13 11 13 13 12 14 14 13 11 12 14 13 11 11 11 11 14 14 12 13 11 14
15 15 17 16 14 16 14 16 14 16 17 17 14 17 15 15 16 14 16 14 17 15 15 17 14 14 15 17 14 16 14 17
8 7 7 8 8 8 8 8 8 8 7 7 7 7 8 8 8 8 7 8 8 7 7 8 8 7 7 8 8 7 8 8
15 13 15 15 16 13 15 14 16 13 14 13 14 15 16 16 14 13 13 16 15 13 13 16 13 13 13 15 15 16 13 16
16 15 17 18 16 14 17 15 17 15 18 15 16 15 17 15 14 15 15 18 16 16 16 15 15 18 18 14 14 16 17 14
3 4 4 3 4 3 3 3 3 3 3 4 3 4 3 4 3 4 4 4 4 4 3 3 3 4 3 4 3 3 4 4
12 14 13 15 13 15 14 13 13 12 15 14 12 12 15 13 12 15 14 14 15 12 14 12 12 13 15 14 13 14 13 15
4 4 3 4 4 3 4 4 4 4 4 4 3 3 4 3 3 4 4 3 3 3 3 4 4 4 4 3 4 3 3 4
15 18 20 18 16 18 17 15 15 16 15 16 15 17 18 15 19 16 17 17 19 19 19 16 16 20 17 15 19 15 19 16
14 17 16 16 18 17 15 15 14 16 15 17 14 15 14 14 18 17 17 14 18 15 17 14 15 18 17 17 15 15 14 15
3 3 3 2 2 3 3 2 2 2 3 3 2 2 3 3 3 3 3 2 2 2 3 2 3 3 2 2 2 2 3 3
6 5 6 5 5 5 5 6 5 6 6 5 6 6 6 5 5 6 6 6 5 6 5 5 6 5 6 5 5 5 5 5
5 5 6 5 5 5 5 6 6 5 6 6 5 6 5 5 6 6 6 6 6 6 6 5 6 5 5 6 6 6 5 5
12 14 13 14 15 15 13 14 13 15 14 15 13 12 15 13 14 14 15 15 15 14 15 14 14 15 14 14 15 12 12 12
13 13 14 12 12 12 14 13 11 13 13 14 12 11 13 14 12 11 14 11 13 11 13 14 14 12 13 13 14 11 11 14
3 2 2 2 3 2 2 2 3 2 2 2 2 2 2 3 2 2 3 2 3 2 3 2 3 2 3 3 2 2 2 2
2 2 2 2 2 2 2 2 3 2 3 3 2 2 2 2 2 2 2 3 3 2 2 2 3 3 2 2 3 2 3 3
11 10 9 9 9 10 12 12 12 12 9 11 11 11 12 12 9 9 10 10 11 12 12 10 12 9 11 11 10 12 10 9
7 6 7 6 6 7 7 6 6 6 6 6 6 6 6 7 7 7 6 7 6 6 7 6 6 6 7 7 7 7 6 7
13 13 11 12 14 13 14 13 11 12 11 14 11 13 14 14 12 14 14 14 13 11 13 14 13 13 14 13 11 13 11 13
13 11 14 14 11 11 14 13 12 13 14 14 11 13 13 11 11 14 14 13 14 12 11 14 13 13 14 14 11 14 11 12
7 7 7 6 7 6 6 7 6 7 6 6 7 6 7 7 6 7 6 7 7 7 6 7 7 6 6 6 7 6 7 7
16 16 17 16 16 16 14 16 14 16 14 16 15 16 16 17 15 16 17 15 16 17 14 14 14 15 15 17 16 17 14 17
11 12 13 12 11 13 14 13 13 13 13 12 13 14 12 12 12 14 11 14 13 14 13 14 13 11 11 12 13 14 11 14
6 6 5 5 5 6 5 5 6 5 6 6 6 5 6 6 5 6 5 6 5 5 5 6 5 6 6 5 5 6 6 5
2 3 3 3 2 3 2 3 2 2 3 3 2 2 3 2 2 3 2 2 3 3 2 2 3 3 2 3 3 3 3 3
11 12 11 13 14 12 14 11 14 11 14 12 14 14 13 14 12 13 13 13 14 11 11 14 11 13 14 11 12 12 11 12
19 16 18 15 15 19 15 15 16 15 15 18 19 16 16 16 15 18 20 15 18 16 17 19 19 16 16 18 17 18 17 19
1 1 2 1 2 2 2 2 1 1 2 2 1 1 2 1 1 1 1 1 1 1 2 1 1 1 2 1 2 1 1 2
16 16 14 14 17 17 16 14 14 17 15 17 14 15 14 15 14 14 17 14 17 17 14 14 17 15 14 16 15 15 16 14
4 5 5 5 5 5 5 5 4 4 5 4 4 4 4 5 5 4 5 4 4 4 4 4 4 4 5 4 4 5 4 5
4 3 3 4 4 4 4 3 4 4 4 4 3 4 4 4 3 4 4 4 3 3 3 4 4 3 4 3 3 3 3 4
11 13 11 13 13 11 11 12 13 10 10 12 12 13 11 10 11 12 11 13 10 12 10 11 11 11 12 10 10 10 10 11
18 21 21 23 19 19 23 18 20 23 20 21 23 22 22 23 23 18 22 21 21 20 22 23 18 21 19 23 21 23 23 19
9 12 11 9 9 12 12 12 12 12 11 9 9 11 11 12 9 11 9 12 10 10 10 10 11 10 12 9 9 9 9 11
12 10 12 10 10 9 11 9 10 9 11 10 10 12 12 10 11 11 9 9 10 11 9 10 9 11 9 11 10 9 10 9
20 18 18 20 19 20 21 21 21 23 21 20 22 22 20 18 22 19 21 23 23 21 23 19 21 22 23 22 19 19 23 20
4 4 5 4 5 4 5 4 5 4 5 5 4 4 4 4 4 4 4 4 4 4 5 4 5 5 4 5 4 5 5 5
16 16 14 16 16 14 14 16 18 16 15 15 15 14 17 15 17 15 18 18 18 18 18 15 16 16 18 16 15 18 17 18
9 10 12 12 9 12 9 9 9 10 12 12 10 9 10 12 10 9 9 10 12 12 10 12 10 10 11 10 9 9 9 12
16 14 16 14 17 17 16 17 14 17 16 15 17 14 17 16 16 15 15 16 15 14 16 15 15 14 16 16 15 16 15 15
15 13 15 13 13 13 15 16 13 15 13 15 13 15 13 15 16 15 16 15 15 14 16 16 14 14 15 13 16 14 16 15
14 14 13 13 15 13 16 13 13 14 15 15 16 13 13 16 13 13 14 13 13 14 13 16 13 14 15 14 15 13 16 14
20 15 18 18 18 18 15 17 18 18 18 18 17 18 17 17 17 20 18 16 18 19 15 17 15 19 19 17 17 16 16 16
19 19 23 18 19 23 23 20 21 23 23 18 21 23 23 23 18 20 20 19 22 18 19 22 19 20 23 23 20 20 18 22
2 2 1 1 2 1 1 1 1 1 2 2 1 2 2 2 2 1 2 1 2 1 2 2 2 1 2 2 2 1 2 2
5 6 6 5 5 5 5 6 5 6 6 5 5 6 6 6 6 5 6 5 6 5 5 5 6 5 5 6 6 5 5 5
5 6 5 5 6 6 6 6 5 6 5 5 5 6 6 5 5 6 6 5 6 5 5 5 5 6 6 6 6 5 5 5
5 4 4 4 4 4 4 5 4 5 4 4 5 4 4 5 5 4 4 5 5 5 5 4 4 4 4 5 5 4 4 5
10 10 10 10 9 10 10 11 8 10 9 8 9 9 11 8 11 8 9 9 10 8 10 8 10 8 9 10 10 8 11 9
6 6 5 5 6 6 6 5 5 6 5 5 6 5 6 6 6 6 6 5 5 5 5 5 5 5 6 5 5 5 5 5
13 12 12 13 10 13 10 11 12 10 13 12 10 13 13 12 13 10 12 11 12 12 12 13 10 12 12 13 13 10 13 11
12 10 13 10 12 13 11 11 10 10 12 13 12 12 13 11 13 11 11 12 10 11 13 12 12 13 13 13 13 12 10 10
17 18 17 18 17 22 19 20 18 18 19 21 22 18 17 22 17 18 21 17 20 19 17 20 20 20 18 18 18 19 22 18
4 4 4 4 5 4 4 4 4 4 5 4 5 5 4 5 5 4 5 4 4 5 5 4 4 4 4 4 4 5 4 5
19 18 16 19 17 20 15 16 15 19 16 17 17 17 17 15 18 19 15 17 15 19 16 16 16 17 15 19 17 20 19 15
12 11 12 14 13 11 12 11 14 13 12 11 11 12 11 13 14 13 13 13 14 11 13 14 13 11 12 12 14 14 14 11
8 11 11 8 9 8 10 10 8 10 8 11 10 9 9 8 9 11 11 9 10 9 9 11 11 10 10 11 9 8 8 9
9 7 9 8 8 9 9 7 8 9 7 9 8 9 7 9 9 8 8 9 9 8 7 7 8 7 7 7 8 7 7 8
17 14 16 15 14 15 17 15 14 15 14 15 16 15 16 15 16 15 15 17 17 16 14 17 15 17 17 14 14 15 16 14
12 10 11 9 10 10 10 10 11 9 11 10 12 9 11 12 10 10 11 10 10 10 9 11 9 11 9 10 10 9 12 11
19 17 18 18 15 16 18 15 15 16 15 18 18 20 17 19 19 19 18 17 20 19 16 15 15 16 18 15 15 19 20 19
1 1 2 1 2 1 1 1 2 1 1 2 2 2 1 2 1 2 2 2 1 1 1 1 2 2 2 1 1 1 2 2
5 5 5 5 6 5 6 5 5 5 6 6 5 5 5 5 6 6 5 6 6 6 5 5 6 5 6 6 6 5 6 5
2 2 1 2 2 1 2 1 1 2 2 2 2 2 2 2 1 1 1 1 2 2 1 2 2 2 1 2 1 1 1 1
2 2 2 2 1 1 1 2 2 1 2 2 2 1 1 1 1 2 1 2 2 1 1 1 1 2 1 1 1 2 1 2
15 14 14 17 15 15 15 15 14 15 16 15 14 15 16 16 16 15 16 17 16 15 17 17 17 17 14 17 17 17 14 16
17 17 17 19 17 20 17 18 20 20 16 20 18 15 18 20 18 20 17 16 16 18 19 16 17 17 19 18 17 19 19 17
15 18 17 17 17 16 15 16 20 19 20 18 18 17 20 17 18 19 19 19 16 16 17 17 16 18 20 17 19 20 16 17
15 14 13 16 13 13 14 15 13 14 14 16 16 14 16 16 13 16 16 16 14 14 16 16 16 15 16 15 13 16 16 15
14 13 11 11 11 13 11 13 13 13 13 11 13 14 12 14 13 13 13 12 13 12 14 13 13 12 14 11 12 11 14 11
16 15 16 14 15 16 14 16 16 15 15 16 16 17 15 14 16 17 16 15 17 17 16 16 14 14 17 17 16 16 14 16
19 19 20 21 22 22 20 18 21 22 19 22 19 22 20 23 18 23 21 20 21 20 23 20 20 23 18 21 19 23 21 20
17 14 17 18 18 17 16 15 18 16 17 18 18 17 18 18 16 16 18 18 18 17 14 16 17 18 18 18 18 15 14 16
12 11 11 11 11 11 10 11 13 10 11 11 11 11 12 10 11 12 11 10 11 12 11 12 10 12 12 12 12 11 10 13
3 3 3 3 4 4 3 3 4 3 3 3 3 4 4 4 3 3 4 4 3 3 4 3 4 4 3 3 4 4 4 4
11 9 12 10 12 9 10 10 11 9 11 10 9 9 9 11 9 9 9 9 10 10 12 12 11 11 12 10 9 10 11 12
10 9 12 12 12 10 10 9 12 10 10 12 10 11 11 10 10 10 11 10 12 9 9 9 9 12 11 9 10 9 11 9
3 4 3 4 3 4 3 4 4 4 3 4 3 4 3 3 4 4 3 3 4 3 3 3 3 4 3 4 4 3 4 4
17 17 21 19 19 21 20 20 18 22 18 21 22 17 17 19 18 21 20 22 18 22 21 18 17 22 22 21 22 22 22 17
3 3 3 3 3 2 3 3 3 2 3 3 2 3 3 2 3 2 2 2 3 2 2 2 3 3 2 3 2 3 3 3
17 15 17 14 17 14 17 17 15 16 18 17 17 15 18 15 14 14 18 15 17 18 16 18 18 16 14 17 16 17 16 18
11 13 11 12 12 12 12 12 10 11 11 11 11 11 13 13 12 11 13 12 13 10 11 11 12 13 11 13 13 11 13 11
6 6 6 6 6 5 5 6 6 6 5 5 5 6 6 5 5 6 5 6 5 5 5 6 5 6 5 5 6 6 6 6
14 14 11 11 12 11 12 11 12 14 11 12 11 11 11 14 12 13 14 14 13 13 14 11 12 13 11 12 11 13 14 14
7 9 9 9 8 8 7 8 8 8 7 8 9 8 8 8 8 7 9 9 8 7 7 7 8 7 8 7 7 8 9 9
7 6 7 6 6 6 6 7 7 6 7 6 6 7 7 6 7 7 6 6 7 7 6 6 6 7 7 6 7 6 6 6
21 19 19 23 21 21 22 20 18 21 22 19 23 20 18 22 22 23 18 23 20 22 20 23 23 18 19 18 18 21 18 19
15 14 14 16 16 13 15 14 16 16 13 13 16 13 15 14 16 15 14 16 14 15 13 15 14 16 16 15 16 13 15 14
21 19 19 20 20 21 17 20 19 18 20 22 17 19 20 20 18 18 21 18 17 22 17 20 18 19 20 17 20 21 19 18
12 12 13 14 13 11 13 11 13 12 13 14 11 14 11 11 12 12 13 14 11 13 11 14 12 14 13 13 11 11 14 14
14 14 13 15 15 15 14 14 16 13 13 15 14 13 14 16 14 15 13 14 14 15 15 13 13 13 14 15 13 15 15 14
7 6 6 6 7 6 7 7 6 7 7 6 7 7 6 6 7 7 6 6 6 6 7 6 7 7 6 6 7 7 6 7
15 18 17 20 19 17 19 18 17 15 19 19 18 20 16 20 18 20 16 17 20 15 16 20 17 15 19 19 15 15 17 18
8 10 8 9 9 8 10 10 9 11 11 8 11 10 11 10 9 11 10 9 10 10 11 9 9 11 10 9 9 9 9 11
12 11 11 11 10 11 9 12 9 12 12 12 11 9 10 10 11 11 11 9 10 10 12 11 12 9 10 12 9 11 12 9
10 9 9 12 9 9 10 12 12 10 12 9 9 12 9 12 9 12 9 10 11 11 11 12 10 12 9 11 9 12 10 9
2 2 1 1 1 1 2 1 2 2 1 1 2 1 1 2 2 1 2 2 2 1 1 1 2 1 1 2 1 1 1 1
6 7 7 7 6 7 7 7 6 6 6 7 6 6 7 6 6 6 6 7 7 6 7 7 7 7 7 6 7 7 7 7
13 11 12 11 12 12 11 12 10 10 10 11 10 10 11 10 12 11 13 12 13 11 12 10 10 12 13 12 12 13 11 13
13 13 13 13 13 16 14 13 16 16 13 15 14 13 16 15 16 16 14 15 14 16 16 14 15 13 16 16 14 15 16 16
13 14 16 14 13 13 16 16 13 14 13 16 15 14 14 16 13 16 16 15 13 14 16 15 15 14 15 13 13 14 16 16
5 4 4 4 4 4 4 4 4 4 5 5 4 5 5 5 5 5 4 5 4 5 4 4 4 5 5 4 4 5 5 4
11 12 11 14 13 14 13 14 14 14 14 14 11 13 13 13 12 12 11 13 13 13 14 11 12 14 14 11 14 13 12 13
6 6 5 6 6 5 6 6 6 5 6 5 5 5 5 5 5 6 6 6 5 6 6 6 6 5 6 6 6 6 5 6
8 7 7 7 8 8 8 8 8 8 7 8 8 8 7 8 7 7 7 8 7 7 7 8 7 7 7 8 8 8 7 8
17 15 15 18 14 14 17 14 15 18 18 14 16 14 15 15 14 17 15 15 18 17 17 17 15 16 18 18 16 17 15 18
16 17 17 14 15 15 17 18 17 15 15 17 14 17 15 16 16 17 15 17 18 14 15 16 14 18 15 15 18 15 15 16
14 14 13 16 14 14 13 15 15 16 13 14 14 16 13 14 14 15 15 13 16 16 16 14 16 15 16 15 15 16 13 13
4 5 5 4 5 5 5 5 4 5 4 5 5 4 4 4 4 4 4 5 4 4 4 4 5 5 4 4 5 5 4 4
17 14 17 15 17 16 17 15 14 16 17 15 17 14 16 16 17 16 15 16 15 15 15 15 16 17 14 16 14 17 14 17
15 16 16 14 14 16 14 16 14 17 14 17 15 14 17 17 15 14 16 17 16 14 14 17 14 16 15 16 16 15 16 16
11 11 12 12 9 10 11 12 10 10 11 9 11 12 12 12 10 9 12 12 12 11 12 11 11 12 9 10 10 10 12 12
11 12 12 12 13 13 12 12 12 12 11 11 13 12 11 13 11 12 11 12 12 10 11 13 10 10 10 10 12 13 12 11
14 15 15 13 16 16 15 16 15 15 15 16 14 14 16 14 14 16 13 15 15 13 16 14 14 16 16 14 16 16 16 15
6 6 6 6 6 6 6 6 7 6 6 7 7 6 6 7 6 7 7 6 7 7 6 6 7 7 7 7 7 7 7 6
9 7 9 9 7 9 9 8 8 7 7 7 8 7 9 8 8 7 9 8 8 9 9 8 9 7 7 8 9 7 8 9
7 6 7 6 6 7 6 7 7 7 6 6 6 7 6 7 6 6 7 7 6 7 6 7 6 6 6 6 7 7 6 6
4 3 3 4 3 3 3 4 4 3 4 4 3 3 3 3 4 3 3 4 3 3 3 4 3 4 4 4 4 4 3 4
6 5 6 6 5 5 6 6 6 6 5 6 6 6 6 6 6 5 5 5 5 6 5 5 6 6 6 5 6 6 5 5
4 4 5 5 4 5 5 5 5 4 5 5 5 5 5 4 4 5 4 5 4 5 5 4 4 4 4 4 4 5 4 5
17 18 18 21 19 20 21 20 20 20 18 21 19 20 17 19 20 18 20 17 17 18 17 19 18 20 19 20 22 18 20 20
9 9 11 8 11 10 11 9 10 11 10 9 11 11 8 9 11 10 8 8 11 8 10 10 9 9 10 10 11 11 9 8
