1 2 26
1 3 43
1 4 9
1 5 8
2 6 18
2 7 31
3 8 15
3 9 35
3 10 11
3 11 45
4 12 8
4 13 16
5 14 15
5 15 7
5 16 48
5 17 18
5 18 10
6 19 44
7 20 10
8 21 41
8 22 42
9 23 17
9 24 41
10 25 13
11 26 48
12 27 31
13 28 22
13 29 3
14 30 44
15 31 23
15 32 31
16 33 28
17 34 46
18 35 31
19 36 27
20 37 10
21 38 8
21 39 5
22 40 9
22 41 3
23 42 2
24 43 5
24 44 43
25 45 35
25 46 34
26 47 29
27 48 4
27 49 18
28 50 48
28 51 40
29 52 13
30 53 35
31 54 43
31 55 3
32 56 44
33 57 32
33 58 21
34 59 34
34 60 1
35 61 15
36 62 38
37 63 26
38 64 41
39 65 39
40 66 29
41 67 20
42 67 25
43 68 18
44 69 20
45 70 8
46 71 7
47 71 11
48 72 1
49 73 7
50 73 41
51 74 3
52 75 21
53 75 2
54 76 31
55 77 12
56 78 16
57 79 45
58 80 48
59 81 20
60 82 6
61 83 28
62 84 9
63 85 32
64 86 29
65 87 20
66 88 22
67 89 46
68 90 25
69 91 28
70 92 38
71 93 42
72 94 36
73 95 5
74 96 37
75 96 43
76 97 2
77 98 9
78 99 46
79 100 25
80 100 41
81 101 1
82 101 20
83 102 30
84 103 37
85 104 17
86 105 18
87 106 15
88 107 5
89 108 10
90 109 39
91 110 34
91 111 24
92 112 30
93 113 27
94 114 11
95 115 43
96 116 9
97 117 12
98 118 25
99 119 11
100 120 17
101 121 44
102 122 34
103 123 36
104 124 48
104 125 6
105 126 22
106 127 48
107 128 12
108 129 2
109 130 37
110 131 48
111 132 20
112 133 14
113 134 6
114 135 18
115 136 3
115 137 36
116 138 14
117 139 25
118 140 17
119 141 33
120 142 3
121 143 30
122 144 9
123 145 35
124 145 27
125 145 21
126 146 27
127 147 14
128 147 45
129 148 7
130 149 27
131 149 44
132 150 2
133 150 34
134 151 15
135 151 22
136 152 48
137 153 34
138 153 11
139 154 46
140 155 8
141 155 43
142 155 37
143 156 20
144 157 29
145 158 28
146 159 7
146 160 40
147 161 35
148 162 28
149 163 12
150 164 8
150 165 4
150 166 40
151 167 8
152 168 6
152 169 40
152 170 29
153 171 12
154 172 37
155 173 35
155 174 2
155 175 3
156 176 26
156 177 37
157 178 3
157 179 18
158 180 38
159 181 41
160 181 17
161 181 24
162 181 49
163 182 8
164 183 36
165 183 18
166 184 31
167 185 32
168 186 23
169 186 26
170 187 47
171 188 48
172 189 2
173 190 1
174 191 25
175 191 44
176 191 5
177 192 10
178 192 13
179 193 21
180 194 24
181 195 16
182 196 5
183 197 4
184 198 20
185 199 17
186 200 28
187 201 27
188 202 11
189 203 9
190 204 10
191 205 12
192 206 10
193 207 9
194 208 31
194 209 33
195 210 17
195 211 25
196 212 3
197 213 49
198 214 35
198 215 17
198 216 35
199 217 10
200 218 21
201 219 1
201 220 49
202 221 10
203 222 23
204 223 27
205 224 1
206 225 2
206 226 9
206 227 33
207 228 37
208 229 32
209 230 31
210 231 27
211 232 5
212 233 36
213 234 9
214 235 24
215 236 18
216 237 17
217 238 27
218 239 30
219 240 14
220 241 31
221 242 37
222 243 22
223 243 41
224 244 49
225 245 15
226 246 1
227 247 45
228 248 28
229 249 25
230 250 11
231 251 3
232 252 16
233 253 14
234 254 3
235 255 41
236 256 47
237 256 19
238 257 10
239 258 31
240 258 47
241 259 42
242 259 37
243 260 29
244 261 3
245 262 15
246 263 46
247 264 39
248 265 12
249 266 2
250 267 45
251 268 20
252 269 3
253 270 27
254 271 45
255 272 30
256 273 5
257 274 23
258 275 18
259 276 49
260 277 15
261 278 33
262 279 23
263 280 39
264 281 21
265 282 37
266 283 10
267 284 6
267 285 27
267 286 39
268 287 3
268 288 22
268 289 30
268 290 43
269 291 47
269 292 7
270 293 3
270 294 1
271 295 42
271 296 14
271 297 42
272 298 9
272 299 39
272 300 37
272 301 4
273 302 22
273 303 46
274 304 12
274 305 8
274 306 1
274 307 25
275 308 14
276 309 20
276 310 1
277 311 14
278 312 40
278 313 45
279 314 40
279 315 6
280 316 48
280 317 22
281 318 48
281 319 2
282 320 32
283 321 26
284 321 12
285 321 4
286 322 21
287 322 33
288 323 30
289 323 1
290 323 33
291 324 3
292 325 24
293 325 12
294 326 12
295 326 29
296 326 43
297 326 7
298 327 49
299 327 12
300 327 39
301 327 9
302 328 46
303 328 15
304 329 15
305 329 42
306 330 34
307 330 27
308 331 14
309 331 5
310 332 2
311 332 11
312 332 37
313 332 43
314 333 20
315 333 15
316 334 33
317 334 25
318 335 33
319 335 43
320 335 29
321 336 49
322 337 7
323 338 48
324 339 19
325 340 39
325 341 47
326 342 29
327 343 9
327 344 3
328 345 24
329 346 42
330 347 47
331 348 3
332 349 16
332 350 34
333 351 25
334 352 27
334 353 27
335 354 2
336 355 4
337 356 4
338 357 29
339 358 20
340 359 15
341 360 36
342 361 33
343 362 42
344 363 20
345 364 45
346 365 9
347 366 16
348 367 42
349 368 45
350 368 16
351 369 39
352 370 31
353 371 39
354 372 32
355 373 34
356 374 3
356 375 45
357 376 46
357 377 34
358 378 13
359 379 34
360 380 43
361 381 14
362 382 13
363 383 3
364 384 27
364 385 33
365 386 30
366 387 47
367 388 19
367 389 29
368 390 35
369 391 49
370 392 3
371 393 29
372 394 22
373 395 18
374 396 31
375 397 18
376 398 25
377 399 25
378 400 37
379 401 47
380 402 17
381 403 32
382 404 5
383 405 35
384 406 38
385 407 16
386 408 6
387 409 46
388 410 47
389 411 49
390 412 24
391 413 5
392 414 10
393 415 9
394 416 31
395 417 28
396 417 13
397 418 14
398 419 46
399 419 35
400 420 36
401 420 24
402 421 23
403 422 37
404 423 25
405 423 40
406 423 33
407 424 41
408 425 19
409 426 4
410 426 39
411 427 19
412 427 5
413 427 17
414 428 37
415 429 10
416 430 36
417 431 11
418 432 19
419 433 30
420 434 35
421 435 45
422 436 2
422 437 43
422 438 43
423 439 44
424 440 23
425 441 11
425 442 20
426 443 46
426 444 49
426 445 16
427 446 44
427 447 12
427 448 40
428 449 29
428 450 11
429 451 34
429 452 6
430 453 33
431 454 4
432 454 35
433 455 5
434 455 32
435 456 21
436 456 20
437 457 46
438 457 48
439 458 41
440 459 43
441 460 19
442 461 40
443 462 35
444 463 9
445 464 9
446 465 6
447 466 48
448 466 25
449 467 22
450 468 24
451 469 20
452 470 42
453 471 36
454 472 8
455 473 10
456 474 12
457 475 4
458 476 7
459 477 35
459 478 26
460 479 38
461 480 7
462 481 45
463 482 46
464 483 2
465 484 37
466 485 45
466 486 48
467 487 48
467 488 38
468 489 4
469 490 12
470 491 46
471 492 15
472 493 38
473 494 29
474 495 34
475 496 26
476 497 16
477 498 15
478 499 36
479 500 3
480 501 2
481 502 41
482 503 49
483 504 19
484 504 11
485 505 21
486 506 40
487 507 35
488 508 11
489 509 35
490 510 20
491 510 26
492 511 14
493 512 37
494 513 11
495 514 38
496 515 13
497 516 27
498 517 39
499 518 29
500 519 34
501 520 3
502 521 22
503 522 14
504 523 15
505 524 16
506 525 10
507 526 6
507 527 42
508 528 34
509 529 18
510 530 45
511 531 18
512 532 2
513 533 24
514 533 28
515 533 25
516 534 15
517 535 10
518 536 38
519 537 3
520 538 5
521 538 36
522 538 8
523 539 28
524 539 6
525 540 9
526 540 13
527 541 3
528 541 16
529 542 39
530 543 47
531 544 5
532 545 31
532 546 37
532 547 47
533 548 45
534 549 40
535 550 16
535 551 42
536 552 8
537 553 30
537 554 26
537 555 10
538 556 31
538 557 41
539 558 9
540 559 19
540 560 33
540 561 16
541 562 30
541 563 32
542 564 39
543 565 17
544 566 43
545 567 46
546 567 38
547 567 11
548 568 46
549 568 5
550 569 16
551 569 24
552 570 23
553 570 49
554 570 21
555 571 21
556 572 3
557 572 34
558 573 9
559 573 11
560 574 31
561 575 7
562 575 5
563 575 48
564 575 36
565 576 49
566 577 45
567 578 3
567 579 23
568 580 49
568 581 40
568 582 25
568 583 16
569 584 47
569 585 7
570 586 1
571 587 34
571 588 2
572 589 29
573 590 4
573 591 17
574 592 7
574 593 3
575 594 20
575 595 23
576 596 48
576 597 44
577 598 36
577 599 46
578 600 25
579 600 12
580 600 23
581 600 17
582 600 12
583 600 27
584 600 42
585 600 39
586 600 17
587 600 23
588 600 43
589 600 44
590 600 21
591 600 19
592 600 47
593 600 36
594 600 5
595 600 25
596 600 46
597 600 4
598 600 17
599 600 6
