1 2 6
1 3 4
1 4 5
1 5 8
2 6 13
2 7 8
2 8 9
2 9 12
3 10 7
4 11 1
4 12 7
4 13 9
5 14 9
5 15 9
5 16 9
5 17 5
5 18 5
6 19 2
7 20 6
8 20 1
9 21 3
10 21 3
11 22 9
12 22 9
13 23 12
14 24 3
15 25 13
16 26 10
17 27 13
18 28 12
19 29 1
20 30 7
21 31 8
21 32 7
22 33 5
22 34 2
23 35 2
23 36 13
24 37 13
25 38 5
26 39 7
27 40 13
28 41 9
29 42 4
30 42 11
31 43 1
32 43 11
33 44 2
34 45 3
35 46 9
36 47 1
37 47 4
38 48 5
39 49 12
40 50 12
41 50 1
42 51 8
43 52 9
44 53 1
45 54 8
46 55 13
47 56 7
48 57 3
49 58 13
50 59 9
51 60 9
52 61 5
52 62 10
52 63 10
53 64 4
54 65 5
55 66 3
55 67 11
56 68 2
57 69 11
57 70 11
58 71 9
59 72 7
59 73 7
60 74 13
61 75 7
62 76 5
63 76 2
64 77 10
65 78 10
66 79 7
67 80 11
68 80 5
69 81 12
70 82 2
71 83 12
72 83 1
73 84 8
74 85 13
75 86 2
76 87 11
77 87 12
78 88 2
79 89 5
80 90 8
81 91 6
82 92 1
83 93 3
84 94 9
85 95 10
86 96 3
87 96 10
88 97 8
89 98 1
90 99 13
91 100 3
92 101 8
93 102 11
94 103 13
95 104 10
95 105 8
96 106 8
97 107 1
98 108 6
98 109 11
99 110 8
99 111 3
100 112 7
100 113 12
101 114 1
102 115 4
102 116 2
103 117 7
104 118 8
105 118 7
106 119 2
107 120 6
108 121 1
109 121 1
110 122 1
111 123 3
112 124 8
113 125 9
114 126 11
115 127 13
116 127 5
117 128 8
118 129 7
119 130 12
120 131 3
121 132 8
122 133 4
123 134 8
124 134 4
125 134 2
126 135 11
127 135 3
128 136 13
129 137 10
129 138 2
130 139 1
131 140 13
132 141 11
132 142 10
133 143 3
134 144 3
135 145 6
135 146 7
136 147 8
137 148 5
138 149 6
139 150 4
140 151 11
141 152 9
142 153 8
143 154 8
143 155 3
144 156 10
145 157 9
146 158 6
146 159 6
147 160 11
147 161 1
148 162 11
149 163 4
150 164 6
151 164 1
152 165 5
153 166 10
154 167 5
155 167 8
156 168 13
157 169 8
158 170 7
159 170 8
160 171 10
161 172 9
162 173 1
163 174 11
164 175 11
165 176 12
166 176 5
167 177 1
168 178 13
169 178 9
170 179 8
171 180 12
172 181 12
173 182 10
174 183 12
175 183 5
176 184 1
177 185 10
178 186 1
179 187 9
180 188 2
181 189 7
182 190 5
182 191 2
182 192 9
183 193 4
183 194 4
183 195 11
184 196 8
185 197 2
186 198 2
187 199 6
187 200 4
188 201 1
188 202 7
189 203 10
190 204 2
191 205 5
192 206 10
193 207 4
194 208 8
195 209 12
196 210 8
197 211 6
198 212 8
199 213 6
200 214 1
201 215 7
202 215 3
203 216 3
204 217 6
205 218 6
206 219 1
207 220 1
208 221 5
209 222 10
210 223 10
211 224 11
212 225 7
213 226 1
214 227 13
215 228 6
215 229 8
216 230 11
217 231 12
218 232 12
219 232 2
220 233 10
221 234 11
222 234 11
223 235 11
224 236 8
225 237 3
226 238 13
227 239 9
228 240 4
229 241 8
230 241 7
231 242 1
232 243 6
233 244 3
234 245 5
235 246 3
236 246 3
237 246 6
238 247 6
239 248 5
240 249 4
241 249 1
242 250 13
243 251 10
244 252 1
244 253 10
245 254 2
246 255 4
247 256 2
247 257 10
248 258 9
248 259 7
249 260 4
250 261 1
251 262 9
252 263 12
253 264 8
254 265 8
255 266 10
256 267 4
257 268 2
258 269 5
259 270 13
259 271 7
260 272 6
261 273 3
262 274 11
263 274 3
264 274 7
265 275 8
266 276 13
267 276 8
268 276 10
269 277 1
270 278 7
271 279 5
272 280 13
273 281 2
274 282 1
274 283 13
275 284 11
276 285 13
277 286 10
278 287 6
279 288 2
279 289 8
280 290 12
281 291 10
282 292 2
283 293 13
284 294 3
285 295 2
286 296 1
287 297 12
288 297 10
289 298 7
290 299 6
291 300 11
292 300 8
293 300 4
294 300 3
295 300 12
296 300 8
297 300 2
298 300 5
299 300 6
