1 2 31
1 3 10
1 4 40
1 5 33
2 6 30
2 7 13
2 8 16
2 9 41
3 10 1
3 11 18
3 12 48
3 13 28
4 14 39
4 15 21
4 16 7
5 17 23
5 18 41
5 19 14
5 20 37
5 21 36
6 22 52
7 23 10
8 24 35
9 25 32
10 26 44
11 27 8
12 28 11
13 29 17
14 30 34
15 31 40
16 32 6
17 33 24
18 34 49
19 35 50
20 36 2
21 37 54
22 38 19
23 39 35
24 40 46
25 41 21
26 42 21
27 43 1
28 44 21
29 45 18
30 46 34
31 47 33
32 48 37
33 49 6
34 50 40
35 51 8
36 52 50
37 53 50
38 54 20
39 55 15
40 56 50
41 57 14
42 58 55
43 59 57
44 60 17
45 61 21
46 62 20
47 63 42
48 64 4
49 65 41
50 66 56
51 67 47
52 68 31
53 69 21
54 70 9
55 71 53
56 72 12
57 73 37
58 74 40
59 75 2
60 76 19
61 77 4
62 78 48
63 79 59
64 80 53
65 81 50
66 82 16
67 83 19
68 84 1
69 85 50
70 86 2
71 87 6
72 88 29
73 89 40
74 90 53
75 91 36
76 92 38
77 93 41
78 94 48
79 95 9
80 96 19
81 97 41
82 98 28
83 99 26
84 100 14
85 101 2
86 102 18
87 103 11
88 104 20
89 105 57
90 106 40
91 107 12
92 108 32
93 109 41
94 110 1
95 111 51
96 112 59
97 113 59
98 114 56
99 115 5
100 116 56
101 117 16
102 118 41
103 119 26
104 120 11
105 121 30
106 122 49
107 123 38
108 124 47
109 125 11
110 126 18
111 127 10
112 128 29
113 129 10
114 130 57
115 131 34
116 132 26
117 133 26
118 134 53
119 135 43
120 136 22
121 137 2
122 138 58
123 139 41
124 140 35
125 141 22
126 142 25
127 143 11
128 144 40
129 145 8
130 146 42
131 147 25
132 148 57
133 149 39
134 150 26
135 151 6
136 152 11
137 153 12
138 154 39
139 155 35
140 156 55
141 157 12
142 158 24
143 159 51
144 160 30
145 161 29
146 162 16
147 163 39
148 164 39
149 165 43
150 166 11
151 167 13
152 168 59
153 169 2
154 170 45
155 171 2
156 172 13
157 173 2
158 174 31
159 175 8
160 176 23
161 177 12
162 178 49
163 179 3
164 180 16
165 181 30
166 182 48
167 183 59
168 184 52
169 185 43
170 186 34
171 187 51
172 188 50
173 189 53
174 190 19
175 191 52
176 192 39
177 193 57
178 194 49
179 195 13
180 196 6
181 197 35
182 198 13
183 199 59
184 200 20
185 201 52
186 202 33
187 203 4
188 204 41
189 205 50
190 206 4
191 207 42
192 208 23
193 209 12
194 210 50
195 211 59
196 212 43
197 213 10
198 214 2
199 215 3
200 216 52
201 217 23
202 218 54
203 219 32
204 220 5
205 221 37
206 222 11
207 223 23
208 224 29
209 225 11
210 226 22
211 227 13
212 228 21
213 229 20
214 230 55
215 231 51
216 232 49
217 233 37
218 234 5
219 235 54
220 236 1
221 237 32
222 238 54
223 239 35
224 240 14
225 241 30
226 242 12
227 243 28
228 244 49
229 245 2
230 246 3
231 247 28
232 248 43
233 249 30
234 250 10
235 251 7
236 252 39
237 253 35
238 254 19
239 255 49
240 256 57
241 257 57
242 258 21
243 259 49
244 260 26
245 261 37
246 262 48
247 263 22
248 264 5
249 265 47
250 266 46
251 267 58
252 268 35
253 269 22
254 270 26
255 271 29
256 272 8
257 273 40
258 274 23
259 275 18
260 276 27
261 277 20
262 278 2
263 279 56
264 280 2
265 281 52
266 282 48
267 283 38
268 284 26
269 285 4
270 286 21
271 287 13
272 288 17
273 289 46
274 290 14
275 291 45
276 292 23
277 293 31
278 294 32
279 295 32
280 296 22
281 297 52
282 298 39
283 299 7
284 300 55
285 301 21
286 302 24
287 303 39
288 304 34
289 305 17
290 306 46
291 307 46
292 308 12
293 309 59
294 310 11
295 311 15
296 312 45
297 313 55
298 314 28
299 315 2
300 316 39
301 317 42
302 318 5
303 319 55
304 320 41
305 321 36
306 322 48
307 323 32
308 324 40
309 325 57
310 326 32
311 327 25
312 328 16
313 329 31
314 330 10
315 331 59
316 332 36
317 333 24
318 334 14
319 335 40
320 336 54
321 337 13
322 338 25
323 339 40
324 340 56
325 341 57
326 342 12
327 343 50
328 344 4
329 345 57
330 346 9
331 347 48
332 348 38
333 349 59
334 350 54
335 351 3
336 352 55
337 353 29
338 354 5
339 355 36
340 356 2
341 357 50
342 358 59
343 359 34
344 360 23
345 361 3
346 362 5
347 363 31
348 364 56
349 365 4
350 366 18
351 367 2
352 368 21
353 369 48
354 370 57
355 371 11
356 372 44
357 373 58
358 374 11
359 375 41
360 376 56
361 377 25
362 378 45
363 379 37
364 380 50
365 381 14
366 382 36
367 383 57
368 384 43
369 385 32
370 386 40
371 387 6
372 388 9
373 389 42
374 390 8
375 391 32
376 392 29
377 393 3
378 394 24
379 395 18
380 396 32
381 397 2
382 398 21
383 399 55
384 400 25
385 401 30
386 402 23
387 403 17
388 404 12
389 405 57
390 406 11
391 407 51
392 408 25
393 409 49
394 410 8
395 411 41
396 412 55
397 413 57
398 414 46
399 415 59
400 416 8
401 417 36
402 418 48
403 419 36
404 420 15
405 421 51
406 422 14
407 423 45
408 424 59
409 425 44
410 426 38
411 427 51
412 428 27
413 429 12
414 430 36
415 431 57
416 432 13
417 433 25
418 434 37
419 435 10
420 436 56
421 437 33
422 438 24
423 439 49
424 440 51
425 441 10
426 442 38
427 443 58
428 444 45
429 445 33
430 446 20
431 447 1
432 448 4
433 449 45
434 450 36
435 451 43
436 452 33
437 453 37
438 454 4
439 455 57
440 455 42
441 456 18
442 457 1
443 458 12
444 459 9
445 460 30
446 461 14
447 462 32
448 463 8
449 464 52
450 465 52
451 466 17
452 467 38
453 468 52
454 469 35
455 470 44
456 471 23
457 472 24
458 473 42
459 474 55
460 475 32
461 476 22
462 477 15
463 478 46
464 479 26
465 480 28
466 481 35
467 482 12
468 483 25
469 484 8
470 485 51
471 486 24
472 487 8
473 488 43
474 489 10
475 490 12
476 491 49
477 492 57
477 493 48
478 494 2
479 495 17
480 496 20
481 497 27
482 498 7
483 499 29
484 500 30
485 500 4
486 500 29
487 500 32
488 500 54
489 500 55
490 500 32
491 500 38
492 500 41
493 500 26
494 500 47
495 500 38
496 500 30
497 500 29
498 500 39
499 500 18
