5  9  8  18  3  0  4  0  12  24  4  13
2  3  14  5  8  2  5  9  10  13  11  0
11  1  15  4  13  1  2  3  15  10  10  12
5  4  9  10  3  7  1  7  10  8  7  8
3  11  10  10  7  2  14  4  4  2  1  11
8  9  10  24  9  4  15  14  16  24  20  5
3  6  1  6  1  0  1  0  6  6  6  3
25  25  26  13  10  2  28  27  27  19  13  25
3  1  7  8  1  2  6  8  3  8  7  0
0  0  1  0  1  0  0  0  1  2  0  1
2  1  2  6  4  6  0  6  1  0  4  4
25  21  18  19  1  5  21  14  25  14  6  9
16  21  5  21  18  20  3  11  11  16  0  11
2  2  1  2  0  0  2  2  2  1  0  1
10  6  8  4  7  18  10  16  3  4  1  7
0  8  2  9  7  14  6  4  11  12  11  0
6  5  3  5  0  6  0  3  2  0  5  6
2  3  11  3  12  0  3  3  10  6  1  3
11  19  13  18  0  6  22  3  18  16  18  10
21  20  18  20  18  5  2  15  4  22  5  1
4  0  2  0  0  0  3  2  4  0  1  3
7  10  7  2  12  14  3  10  12  8  12  13
1  2  0  3  0  0  3  4  0  0  0  0
4  10  6  0  0  6  3  10  2  4  9  2
11  12  2  7  14  15  6  4  2  1  11  6
8  4  0  2  4  4  3  9  10  7  7  3
9  8  23  22  8  23  8  2  9  23  14  23
0  0  0  0  0  0  0  0  0  0  0  0
3  23  21  10  17  14  20  27  25  0  27  4
9  12  16  0  15  8  16  10  16  1  11  14
21  17  17  12  15  5  28  25  23  3  4  12
2  23  8  4  4  10  8  13  9  3  11  15
16  22  19  3  13  17  14  3  13  16  6  10
7  19  16  8  21  17  15  2  22  16  7  5
0  8  0  3  1  7  3  7  5  4  0  3
0  0  0  0  0  0  0  0  0  0  0  0
7  7  24  2  10  19  7  6  24  14  21  13
20  4  8  8  0  2  22  4  17  11  3  6
4  4  8  12  3  7  9  6  2  0  13  8
3  1  5  5  1  6  5  6  2  6  6  4
12  21  22  7  8  4  3  13  8  6  12  9
7  1  0  0  3  10  3  8  6  5  1  6
0  0  0  0  0  0  0  0  0  0  0  0
26  18  17  20  8  13  27  22  1  27  23  22
0  2  0  2  2  1  0  0  2  2  2  1
8  7  1  3  3  0  7  7  4  6  7  6
14  18  10  18  11  9  4  14  9  18  18  15
3  5  0  5  2  3  4  0  2  2  0  6
22  17  3  21  4  1  7  17  22  6  16  15
21  4  17  14  20  23  1  19  4  15  14  24
