1 2 10
1 3 6
1 4 7
2 5 10
2 6 4
2 7 2
2 8 6
3 9 9
3 10 5
4 11 10
4 12 2
4 13 11
4 14 10
5 15 7
6 16 12
7 17 3
7 18 6
8 19 9
9 20 8
9 21 3
10 22 5
10 23 5
11 24 6
11 25 13
12 26 9
12 27 11
13 28 1
14 29 2
14 30 8
15 31 4
16 32 5
16 33 7
17 34 5
17 35 2
18 36 4
18 37 7
19 38 10
20 39 5
21 40 13
22 41 4
23 42 2
24 43 12
24 44 6
25 45 4
26 46 12
27 47 2
27 48 13
28 49 8
29 50 6
30 51 12
31 52 8
32 52 9
33 52 13
34 53 11
35 54 7
36 54 11
37 55 7
38 55 12
39 56 4
40 57 13
41 58 5
42 58 7
43 59 8
44 59 6
45 60 10
46 60 8
47 60 2
48 61 6
49 62 8
50 63 8
51 63 1
52 64 6
53 65 4
53 66 10
54 67 10
55 68 12
55 69 4
56 70 6
56 71 7
57 72 11
58 73 8
58 74 7
59 75 4
59 76 11
60 77 11
60 78 8
61 79 4
61 80 4
62 81 12
63 82 5
64 83 3
65 84 8
66 85 10
67 86 12
68 87 8
69 87 2
70 88 11
71 89 9
72 90 1
73 91 3
74 92 2
75 93 13
76 94 12
77 95 11
78 96 3
79 97 9
80 98 12
81 99 12
82 99 10
83 100 11
84 100 11
85 100 8
86 100 2
87 100 2
88 100 3
89 100 9
90 100 10
91 100 12
92 100 6
93 100 11
94 100 10
95 100 10
96 100 3
97 100 8
98 100 4
99 100 7
