1 2 66
1 3 57
1 4 16
2 5 19
2 6 56
2 7 4
2 8 22
3 9 44
3 10 50
4 11 52
5 12 77
5 13 44
5 14 64
6 15 48
6 16 93
7 17 24
7 18 37
7 19 36
8 20 76
8 21 29
9 22 67
9 23 53
9 24 31
9 25 17
10 26 40
10 27 83
10 28 13
11 29 51
11 30 93
12 31 44
13 31 50
14 32 4
15 32 16
16 32 42
17 33 25
18 33 8
19 34 21
20 35 66
21 35 70
22 36 17
23 36 92
24 36 49
25 37 49
26 37 22
27 37 24
28 37 5
29 38 89
30 38 33
31 39 50
32 40 80
33 41 54
34 42 83
34 43 71
35 44 65
35 45 91
36 46 62
37 47 93
38 48 59
38 49 44
39 50 10
40 50 39
41 50 59
42 50 16
43 50 14
44 50 80
45 50 16
46 50 65
47 50 67
48 50 15
49 50 3
