1 2 2
1 3 7
1 4 51
1 5 48
2 6 19
2 7 30
2 8 77
2 9 3
3 10 35
3 11 14
3 12 53
3 13 56
4 14 50
4 15 49
4 16 53
5 17 33
5 18 62
6 19 60
7 20 29
8 21 9
9 22 4
10 23 3
11 24 68
12 25 21
13 26 30
14 27 2
14 28 71
15 29 8
16 30 21
17 31 6
17 32 30
18 33 17
19 34 33
20 35 30
20 36 19
21 37 22
21 38 44
21 39 16
22 40 35
23 41 53
24 42 44
24 43 39
25 44 67
26 45 4
26 46 1
27 47 2
28 48 71
29 49 60
30 50 23
30 51 11
31 52 21
32 53 43
33 54 50
34 55 1
35 56 15
36 56 9
37 57 78
38 58 11
39 59 8
40 59 53
41 60 72
42 61 41
43 62 11
44 63 2
45 64 47
46 65 55
47 66 69
48 66 65
49 67 34
50 68 3
51 69 55
52 70 45
53 71 43
54 72 33
55 73 5
56 73 77
57 73 59
58 74 3
59 75 5
60 76 29
61 76 19
62 77 55
63 77 13
64 77 74
65 78 28
66 79 44
67 80 1
68 81 8
69 82 63
70 83 17
71 84 69
72 84 24
73 85 32
74 86 4
74 87 76
75 88 12
75 89 61
76 90 60
76 91 26
77 92 66
77 93 42
78 94 43
78 95 29
79 96 72
80 97 50
80 98 22
81 99 61
81 100 10
82 101 44
82 102 4
83 103 5
84 104 18
85 105 57
86 105 63
87 106 28
88 107 73
89 108 55
90 108 30
91 109 24
92 110 63
93 110 23
94 111 1
95 111 69
96 112 26
97 113 13
98 114 36
99 114 64
100 115 18
101 116 64
102 116 34
103 117 31
104 118 49
105 119 13
106 120 62
107 121 46
108 122 46
109 123 16
110 124 72
111 125 35
112 126 32
113 126 66
114 127 33
115 128 11
116 129 34
117 130 46
118 131 18
119 132 54
120 133 8
120 134 21
121 135 78
121 136 75
122 137 57
123 138 2
124 139 18
125 140 63
126 141 71
127 142 35
128 143 68
128 144 63
129 145 40
130 146 58
130 147 69
131 148 14
131 149 66
132 150 58
133 151 64
134 152 60
135 153 64
136 154 31
137 155 34
138 156 32
139 156 20
140 157 38
141 158 65
142 159 71
143 160 40
144 161 2
145 162 58
146 163 53
147 164 26
148 165 41
149 166 43
150 167 33
151 168 44
151 169 50
152 170 50
153 171 25
153 172 24
154 173 44
155 174 31
156 175 27
157 176 19
158 177 35
159 178 35
160 179 14
160 180 21
161 181 17
161 182 56
162 183 23
162 184 53
162 185 20
163 186 1
164 187 42
165 188 23
166 189 75
167 190 28
168 190 49
169 191 58
170 191 29
171 191 24
172 192 26
173 193 36
174 193 6
175 194 64
176 195 48
177 195 45
178 196 51
179 197 62
180 198 58
181 199 24
182 199 64
183 200 30
184 201 45
185 202 68
186 203 69
187 204 49
188 205 62
189 206 42
190 207 54
191 207 3
192 208 15
193 209 23
194 210 59
195 211 9
196 212 71
197 213 24
198 213 28
199 214 47
200 215 46
201 215 8
202 216 12
203 217 3
204 218 31
205 219 43
206 219 59
207 220 55
208 221 74
208 222 14
209 223 40
210 224 26
211 225 53
211 226 56
212 227 33
213 228 10
214 229 27
214 230 77
215 231 51
215 232 44
216 233 53
217 234 8
217 235 65
217 236 50
218 237 59
219 238 47
220 239 7
221 240 70
222 241 1
223 241 35
224 242 56
225 243 55
226 244 75
227 245 67
228 245 3
229 246 5
230 246 78
231 247 45
232 248 42
233 248 21
234 248 47
235 249 11
236 250 2
237 251 64
238 252 62
239 253 12
240 254 19
241 255 70
242 256 15
242 257 24
243 258 6
243 259 74
243 260 42
244 261 15
245 262 39
245 263 9
245 264 34
246 265 49
247 266 55
247 267 25
248 268 59
248 269 46
249 270 50
249 271 41
250 272 62
250 273 2
251 274 7
252 275 18
252 276 31
253 277 66
254 278 65
255 279 69
256 280 5
257 281 34
258 282 24
259 283 33
260 284 15
261 285 69
262 285 34
263 286 52
264 287 66
265 287 51
266 288 44
267 289 7
268 290 55
269 291 45
270 292 54
271 293 23
272 294 35
273 295 10
274 296 63
275 296 4
276 297 30
277 298 3
278 299 54
279 300 26
280 301 57
281 302 69
282 302 44
283 302 65
284 303 15
285 304 45
286 305 14
287 305 13
288 306 56
289 307 76
290 308 44
291 308 65
292 309 65
293 310 18
294 310 40
295 311 63
296 312 51
297 313 29
298 314 3
299 315 36
300 316 49
301 317 44
302 318 68
303 319 60
304 320 54
305 321 27
306 322 14
307 323 2
308 324 37
309 325 38
310 326 75
311 327 55
312 327 66
313 328 47
314 329 70
315 330 14
316 331 23
317 331 3
318 332 45
319 333 67
320 334 55
321 335 54
322 336 27
323 337 20
324 338 20
325 339 37
326 340 30
327 341 74
328 342 64
329 343 23
330 344 48
331 345 72
332 346 52
333 347 19
334 348 64
335 349 46
336 350 72
337 351 2
338 352 44
339 353 30
340 354 49
341 355 43
341 356 55
342 357 68
343 358 40
344 359 1
345 360 66
345 361 43
346 362 4
347 363 37
348 364 9
349 365 1
350 366 26
351 367 36
352 368 76
353 369 51
354 370 23
355 371 51
356 372 63
357 373 65
358 374 55
359 375 72
360 376 14
361 377 54
362 378 60
363 379 48
364 380 65
364 381 62
365 382 58
366 383 77
366 384 69
367 385 2
368 386 70
369 387 26
370 388 53
371 389 53
372 390 21
372 391 68
373 392 4
374 393 67
375 394 76
376 395 54
377 395 20
378 396 23
379 396 28
380 397 32
381 398 17
382 399 22
383 400 34
384 401 27
385 402 5
386 403 39
387 404 8
388 405 11
389 406 59
390 407 26
391 408 22
392 409 17
393 410 17
394 411 25
395 412 19
396 412 36
397 413 52
398 413 29
399 414 35
400 415 19
401 416 40
402 417 35
403 418 49
404 419 24
405 420 24
406 420 7
407 421 27
408 422 53
409 422 40
410 423 22
410 424 68
410 425 4
411 426 26
411 427 3
411 428 24
411 429 41
412 430 72
412 431 12
412 432 31
412 433 52
413 434 10
413 435 70
413 436 78
413 437 55
414 438 58
414 439 60
414 440 1
414 441 59
415 442 21
415 443 56
415 444 75
416 445 17
416 446 24
417 447 51
417 448 54
417 449 25
418 450 64
418 451 43
418 452 47
418 453 15
419 454 2
419 455 67
420 456 3
420 457 49
420 458 70
421 459 71
421 460 10
422 461 31
422 462 6
423 463 76
424 463 60
425 464 12
426 464 13
427 464 13
428 465 53
429 465 13
430 465 16
431 465 25
432 466 31
433 466 40
434 467 53
435 467 52
436 467 10
437 467 72
438 468 63
439 468 36
440 469 16
441 469 64
442 469 42
443 469 39
444 469 55
445 470 16
446 470 43
447 470 65
448 471 7
449 472 39
450 472 17
451 472 26
452 473 5
453 473 77
454 474 18
455 474 56
456 474 10
457 475 46
458 475 23
459 475 23
460 475 46
461 475 26
462 476 76
463 477 16
464 478 22
465 479 20
466 480 6
466 481 77
467 482 44
467 483 74
467 484 72
468 485 2
469 486 45
470 487 39
470 488 3
471 489 15
472 490 41
473 491 41
474 492 23
475 493 23
476 494 69
477 495 15
478 496 56
479 497 17
480 498 63
481 499 50
482 500 60
483 501 69
484 502 6
485 503 47
486 504 6
486 505 35
487 506 54
488 507 10
489 508 48
490 509 12
491 510 49
492 511 74
493 512 76
494 513 49
495 514 48
496 515 10
497 516 43
497 517 56
498 518 30
498 519 29
499 520 74
500 521 72
501 522 50
502 523 28
503 524 30
504 525 59
504 526 66
505 527 28
505 528 51
506 529 15
507 530 47
508 531 47
509 532 27
510 533 58
511 534 65
512 535 61
513 536 21
513 537 37
514 538 36
515 539 1
516 540 4
517 540 28
518 541 79
519 542 30
520 543 45
521 543 46
522 543 9
523 543 35
524 544 23
525 544 47
526 544 37
527 545 36
528 546 13
529 546 69
530 547 61
531 547 41
532 548 71
533 549 27
534 550 44
535 550 48
536 551 1
537 552 9
538 553 2
539 554 10
540 555 44
541 556 9
542 557 67
543 557 76
544 558 2
545 559 43
546 560 17
547 560 58
548 561 38
549 561 59
550 562 46
551 563 14
552 564 48
553 565 6
554 566 71
554 567 27
555 568 50
555 569 4
556 570 21
557 571 60
557 572 22
558 573 21
559 574 23
560 575 8
560 576 76
561 577 55
562 578 40
563 579 18
564 580 50
564 581 42
565 582 68
566 583 61
567 584 39
568 585 6
568 586 8
569 587 23
570 588 70
571 589 24
572 590 35
572 591 28
573 592 67
573 593 66
574 594 15
575 595 16
576 596 73
577 597 53
577 598 34
578 599 1
578 600 8
579 601 12
580 602 62
581 603 11
582 604 75
583 605 40
584 606 13
585 607 50
586 608 21
587 609 15
588 609 48
589 609 48
590 609 61
591 610 21
592 610 46
593 611 38
594 611 42
595 612 56
596 613 52
597 614 78
598 615 46
599 616 73
600 617 76
601 618 63
602 618 16
603 619 36
604 620 44
605 621 69
606 622 36
607 623 1
608 624 58
609 625 26
610 626 23
610 627 76
611 628 2
612 629 40
613 630 70
614 631 45
615 632 24
616 633 8
617 634 32
618 635 23
619 636 50
620 637 26
621 638 63
622 639 53
622 640 11
623 641 44
624 642 74
625 643 18
626 644 44
627 645 4
628 646 60
629 647 56
630 648 7
631 649 17
632 650 6
633 651 73
633 652 57
633 653 41
634 654 15
635 655 57
636 656 62
637 657 62
638 658 14
639 659 68
640 660 13
641 661 79
642 661 51
643 662 68
644 663 31
645 664 64
646 665 58
647 665 26
648 665 14
649 666 75
650 667 24
651 668 49
652 669 57
653 669 26
654 669 55
655 670 67
656 670 6
657 671 7
658 671 16
659 672 77
660 673 4
661 674 9
662 675 19
663 675 17
664 676 67
665 677 8
666 678 34
667 679 65
668 679 12
669 679 8
670 680 78
671 681 27
671 682 13
672 683 49
672 684 61
673 685 30
674 686 67
674 687 40
675 688 3
675 689 27
675 690 37
676 691 74
676 692 79
677 693 41
677 694 29
678 695 26
679 696 44
680 697 48
680 698 5
680 699 16
680 700 41
681 701 43
682 701 3
683 701 46
684 702 49
685 702 38
686 702 66
687 703 63
688 703 12
689 704 78
690 705 76
691 705 2
692 705 34
693 706 18
694 706 17
695 707 8
696 707 3
697 707 5
698 708 3
699 709 60
700 709 3
701 710 34
701 711 8
701 712 75
702 713 79
702 714 67
703 715 62
703 716 1
704 717 61
704 718 64
705 719 37
706 720 57
706 721 32
706 722 73
706 723 62
707 724 21
707 725 35
708 726 17
708 727 74
708 728 19
709 729 39
710 730 20
711 731 3
712 732 46
713 733 3
714 734 11
715 735 55
716 736 45
717 737 48
718 738 47
719 739 18
720 740 39
720 741 18
721 742 51
722 743 74
723 744 38
724 745 34
725 746 70
726 747 24
727 748 54
728 749 6
728 750 10
729 751 16
730 752 52
731 753 51
732 754 78
733 754 30
734 755 55
735 755 4
736 756 75
737 757 55
738 758 45
739 759 6
740 759 28
741 760 11
742 761 67
743 761 48
744 762 68
745 762 24
746 763 25
747 763 8
748 763 58
749 764 74
750 765 45
751 766 22
752 767 23
753 768 22
754 769 30
754 770 79
754 771 47
754 772 45
755 773 23
756 774 18
757 775 51
757 776 50
758 777 39
759 778 43
760 779 39
761 780 24
762 781 41
763 782 26
764 783 29
765 784 46
766 785 16
766 786 71
767 787 71
768 788 64
769 789 75
770 790 44
771 791 37
772 791 38
773 792 78
774 793 18
775 794 24
776 794 34
777 795 43
778 796 38
779 797 8
780 798 38
781 798 30
782 798 79
783 799 61
784 800 11
785 801 5
786 802 45
787 803 20
788 804 53
788 805 33
789 806 31
789 807 69
790 808 21
791 809 61
792 810 16
792 811 45
793 812 28
793 813 21
793 814 47
794 815 5
794 816 36
794 817 75
795 818 50
795 819 3
796 820 43
797 821 76
798 822 71
799 823 67
800 824 40
801 825 48
801 826 3
802 827 54
802 828 6
803 829 32
804 830 75
805 830 16
806 831 34
807 831 76
808 831 33
809 832 54
810 832 66
811 832 57
812 833 73
813 834 77
814 835 23
815 835 63
816 835 33
817 836 59
818 836 19
819 837 45
820 838 36
821 839 37
822 839 10
823 840 68
824 840 12
825 841 10
826 841 54
827 841 63
828 842 74
829 843 77
829 844 46
830 845 8
830 846 38
831 847 22
831 848 25
832 849 54
832 850 4
832 851 58
832 852 45
833 853 48
834 854 20
835 855 50
836 856 65
837 857 70
838 858 59
839 859 75
840 860 7
841 861 62
842 862 79
842 863 66
843 864 34
844 865 70
845 866 52
846 867 58
847 868 27
848 869 27
849 870 3
850 871 56
851 872 3
852 873 48
853 874 47
854 875 33
855 876 7
856 877 34
857 878 46
858 879 54
859 880 57
860 881 76
861 882 22
862 883 70
863 884 55
864 885 65
865 886 35
866 887 14
867 888 1
868 889 48
869 890 46
870 891 8
871 891 51
872 892 24
873 893 72
874 893 47
875 893 4
876 894 20
877 895 27
878 895 2
879 896 10
880 897 57
881 898 52
882 899 52
883 899 10
884 899 53
885 900 65
886 900 65
887 900 3
888 900 48
889 900 47
890 900 38
891 900 59
892 900 19
893 900 6
894 900 49
895 900 22
896 900 63
897 900 74
898 900 78
899 900 26
