1 2 2
1 3 9
1 4 9
1 5 3
2 6 1
2 7 1
2 8 1
2 9 1
3 10 11
3 11 9
3 12 7
3 13 8
4 14 11
4 15 7
4 16 4
4 17 2
5 18 10
5 19 2
5 20 1
5 21 9
5 22 1
6 23 6
7 24 11
7 25 4
8 26 5
9 27 5
9 28 4
9 29 9
10 30 10
11 31 3
12 32 9
13 33 11
14 34 4
15 35 3
16 36 1
17 37 11
18 38 7
19 39 10
20 40 10
21 41 7
21 42 5
22 43 6
23 44 1
24 44 8
25 44 4
26 45 7
27 45 2
28 46 11
29 47 3
30 47 8
31 48 11
32 48 2
33 48 7
34 49 8
35 49 10
36 50 9
37 50 11
38 50 9
39 51 8
40 52 2
41 52 9
42 52 10
43 52 1
44 53 7
45 54 8
46 55 5
46 56 2
46 57 10
47 58 3
48 59 6
49 60 7
50 61 2
51 62 2
52 63 3
53 64 7
54 65 1
55 66 3
55 67 4
56 68 4
57 69 2
58 70 7
59 71 10
59 72 3
59 73 5
60 74 11
60 75 4
61 76 9
62 77 8
63 78 4
63 79 7
64 80 2
65 81 5
66 82 6
67 82 9
68 83 9
69 83 8
70 84 4
71 85 7
72 86 1
73 87 4
74 88 9
75 89 4
76 90 10
77 91 2
78 91 9
79 92 5
80 93 2
81 94 8
82 95 9
83 96 4
84 97 1
85 98 8
86 99 2
87 99 3
88 100 10
89 100 4
90 101 9
91 102 4
92 103 6
93 104 1
94 105 2
95 106 10
96 107 6
97 108 6
98 109 3
98 110 2
98 111 6
99 112 11
100 113 4
101 114 5
101 115 5
102 116 3
103 117 3
104 118 1
105 119 4
105 120 6
106 121 7
107 122 4
107 123 7
108 124 4
109 125 5
110 126 2
111 127 6
112 128 9
112 129 8
113 130 7
114 131 3
115 132 10
116 133 1
117 134 1
118 135 9
119 136 8
120 137 5
121 138 3
122 139 8
123 140 11
124 141 2
125 142 3
126 143 2
127 144 1
128 145 3
129 146 9
130 147 8
131 148 10
132 149 10
133 150 7
134 151 1
135 152 1
136 153 10
137 154 2
138 155 9
139 156 10
140 157 2
141 158 11
142 159 10
143 159 7
144 160 10
145 161 4
146 162 9
147 163 5
148 164 9
149 164 8
150 165 6
151 166 9
152 167 3
153 168 1
154 169 6
155 170 4
156 171 5
157 172 2
158 173 10
159 174 1
160 174 5
161 175 3
162 176 4
163 177 10
164 178 3
165 178 10
166 179 8
167 180 8
168 180 1
169 181 6
170 182 11
171 183 2
172 183 10
173 184 10
174 184 4
175 185 6
176 186 6
177 186 5
178 186 3
179 187 1
180 188 10
180 189 5
181 190 1
181 191 9
181 192 3
181 193 5
181 194 8
182 195 11
182 196 2
182 197 10
183 198 5
183 199 7
183 200 2
184 201 11
184 202 3
185 203 7
185 204 5
186 205 3
186 206 6
186 207 5
186 208 3
187 209 8
187 210 2
188 211 6
189 212 2
190 212 1
191 213 5
192 213 9
193 214 9
194 214 7
195 215 6
196 216 6
197 216 10
198 217 8
199 217 4
200 217 8
201 218 6
202 218 6
203 218 5
204 219 8
205 219 4
206 220 9
207 221 7
208 221 10
209 221 4
210 221 10
211 222 9
212 223 6
213 224 5
214 225 7
214 226 6
215 227 9
216 228 1
216 229 5
217 230 11
218 231 8
218 232 9
219 233 1
220 234 4
220 235 9
221 236 2
222 237 10
223 237 11
224 238 5
225 239 8
226 240 2
227 241 3
228 242 5
229 243 9
230 244 9
231 245 3
232 246 7
233 247 2
234 248 5
235 249 5
236 250 7
237 251 10
238 252 9
239 253 3
240 254 2
241 255 6
242 256 1
243 257 2
244 258 7
245 259 10
246 260 1
247 261 4
248 262 3
249 263 6
250 264 10
251 265 2
252 266 3
253 267 3
254 268 10
255 269 5
256 270 5
257 271 2
258 272 7
259 273 1
260 274 10
261 275 11
262 276 6
263 277 5
264 278 9
265 279 8
266 280 3
267 281 11
268 282 8
269 283 3
270 284 6
270 285 11
271 286 1
272 287 3
273 288 5
274 289 8
275 290 6
276 291 10
277 292 7
278 293 10
279 294 7
280 295 3
281 296 2
282 297 11
283 297 8
284 298 11
285 298 9
286 299 4
287 300 6
288 300 8
289 301 10
290 302 4
291 303 4
292 303 6
293 303 9
294 304 7
294 305 4
295 306 4
296 307 3
297 308 9
297 309 1
298 310 9
298 311 3
298 312 4
298 313 4
299 314 9
299 315 1
300 316 11
300 317 9
301 318 7
302 319 2
303 320 5
304 321 4
305 322 9
306 323 7
307 324 11
308 324 11
309 325 9
310 326 5
311 327 5
312 328 7
313 329 1
314 330 4
315 331 7
316 332 1
317 333 8
318 334 2
319 335 7
320 336 10
321 337 7
322 337 8
323 338 9
324 339 8
325 340 11
326 341 7
327 342 7
328 343 3
329 343 3
330 344 6
331 345 11
332 346 2
333 347 8
334 347 5
335 348 3
336 349 3
337 350 2
338 351 9
339 352 2
340 353 7
341 354 6
342 355 4
343 355 5
344 356 11
345 357 11
346 358 9
347 359 3
348 360 2
349 361 3
350 362 10
351 363 5
352 364 3
352 365 9
353 366 5
354 367 5
355 368 11
356 369 1
357 370 5
358 371 5
359 372 4
360 373 5
361 374 11
362 375 6
363 376 1
364 377 5
364 378 8
365 379 2
366 380 10
367 381 11
368 382 9
369 383 9
370 384 2
371 385 6
372 386 5
373 387 11
374 388 5
375 389 1
376 390 1
377 391 9
378 392 9
379 392 8
380 393 6
381 394 10
382 394 8
383 395 5
384 396 1
385 397 8
386 398 4
387 398 8
388 399 10
389 400 2
390 400 6
391 400 7
392 400 8
393 400 10
394 400 6
395 400 8
396 400 5
397 400 7
398 400 6
399 400 9
