12 9 12 8
2 2 3 2
9 7 7 6
3 3 3 4
22 17 13 22
13 11 13 13
17 13 14 16
5 5 4 4
11 8 9 11
3 3 2 3
15 18 21 19
3 4 3 3
3 4 3 4
7 6 6 9
13 10 14 10
10 12 11 8
15 16 16 15
3 3 4 3
2 3 2 3
12 14 14 14
7 7 5 7
15 14 13 17
11 14 11 18
15 22 21 17
13 15 10 15
14 13 15 21
10 9 11 12
6 5 7 7
9 9 8 8
10 11 11 10
16 14 11 14
10 7 8 6
7 9 8 6
8 8 7 10
14 12 19 19
17 22 16 17
21 16 22 22
14 14 20 20
7 5 6 6
7 5 8 8
4 4 5 3
2 2 1 1
3 5 5 5
4 3 3 3
18 19 18 18
21 15 24 18
13 21 17 13
16 18 18 13
8 11 8 9
14 17 15 18
7 7 6 4
14 18 17 19
15 17 17 17
11 12 13 15
9 12 12 9
12 13 14 13
1 1 1 1
19 15 23 16
20 16 19 19
19 18 18 19
8 12 8 8
5 4 3 3
19 16 16 13
14 13 15 15
15 9 12 13
1 1 2 2
9 6 7 6
12 15 16 19
18 24 20 17
10 13 9 12
12 16 13 15
3 3 5 4
1 1 2 1
10 12 15 11
18 13 21 15
2 2 2 2
4 5 5 4
18 11 18 12
16 18 15 12
5 5 4 5
16 17 16 14
4 3 4 4
15 23 17 21
17 18 17 19
13 13 15 11
4 3 5 4
2 1 2 2
12 16 11 14
12 11 9 7
24 18 22 19
8 8 7 5
16 16 12 12
15 14 17 14
8 8 9 10
21 22 22 15
10 13 12 9
11 13 12 10
4 5 4 3
2 1 2 2
14 13 14 17
7 8 9 8
12 11 10 11
11 13 12 12
10 7 9 9
13 14 14 10
8 7 9 7
4 4 3 4
2 1 2 2
1 2 2 2
6 9 6 6
1 2 1 2
13 9 14 11
15 13 13 13
6 6 6 7
11 10 11 12
19 16 17 23
7 7 5 5
14 9 9 10
13 17 16 13
21 13 15 13
7 9 8 9
3 3 2 3
23 23 22 25
1 2 1 2
16 14 18 18
23 16 19 22
2 2 3 3
3 3 4 3
19 15 14 19
15 16 17 13
14 12 13 15
2 1 2 1
4 4 5 4
10 7 7 9
14 10 9 10
9 8 8 9
15 9 15 9
8 7 8 7
2 2 2 2
8 9 8 7
8 6 6 7
2 2 1 2
11 14 13 11
14 15 15 15
4 3 4 3
13 15 17 16
7 6 8 8
7 4 5 7
2 1 2 1
11 11 9 10
12 13 13 15
5 8 6 7
15 13 17 19
13 12 13 13
22 23 20 21
5 5 5 5
12 8 12 7
3 4 3 3
14 11 10 15
22 20 15 22
6 7 7 6
2 3 3 2
16 19 20 19
4 3 3 5
22 15 25 16
3 5 5 3
7 7 8 6
3 4 3 4
15 15 15 17
15 17 17 17
19 17 13 19
8 6 9 7
16 15 17 14
4 5 4 6
1 2 2 2
8 10 8 10
17 23 15 20
6 7 4 7
14 20 14 15
18 15 14 14
9 12 13 11
19 21 16 21
10 9 10 13
21 19 18 13
3 3 3 4
9 9 10 10
8 13 13 8
3 4 4 5
8 7 7 8
8 6 8 8
13 15 19 13
13 17 18 16
2 3 3 2
11 14 12 11
15 16 14 14
5 3 3 5
17 17 16 19
10 10 13 13
4 3 3 4
2 1 2 2
15 23 17 20
9 11 10 11
1 1 1 1
16 15 13 17
15 18 15 11
13 12 13 11
14 17 14 12
10 6 9 8
12 9 12 11
4 3 3 3
2 2 3 2
10 8 10 11
6 6 7 9
4 5 5 4
15 17 12 19
3 3 3 3
17 18 16 14
3 4 4 3
2 2 3 2
8 7 7 9
6 4 5 5
7 6 6 8
24 23 19 16
9 9 9 9
22 16 24 24
11 10 7 11
5 3 4 3
3 3 3 4
8 11 12 11
11 14 12 9
11 8 11 10
13 13 16 12
22 21 17 13
8 9 9 6
10 11 13 9
8 8 7 9
8 5 6 6
10 10 6 6
4 5 3 5
14 18 14 12
23 15 22 23
12 13 12 17
9 10 9 10
7 4 4 6
19 14 15 17
9 11 12 11
12 13 19 15
9 10 12 10
5 6 5 6
9 7 7 8
15 16 21 21
14 14 14 17
4 3 3 3
2 1 1 1
18 21 21 21
14 9 13 12
17 17 14 18
10 16 15 16
4 3 4 3
18 20 16 15
6 6 5 6
3 3 5 3
7 9 8 9
19 16 16 15
14 23 19 16
24 19 20 16
9 9 8 6
20 17 17 15
3 4 3 3
14 18 11 16
8 10 13 10
15 15 15 14
3 2 3 3
13 10 11 16
7 12 9 11
22 15 17 20
13 13 12 11
13 13 12 12
9 9 6 7
13 18 15 17
12 16 18 17
2 3 2 3
12 15 12 13
10 9 13 12
15 10 13 10
11 12 11 14
18 17 14 15
11 10 10 9
19 22 15 16
5 5 6 8
14 12 12 14
20 15 14 18
7 6 9 6
18 19 19 19
12 15 10 12
6 4 5 6
5 4 5 3
3 3 5 3
3 4 3 3
15 10 12 9
13 12 17 15
12 14 12 11
22 14 19 14
6 7 7 6
9 7 9 6
4 5 3 3
1 2 1 1
6 7 7 6
7 8 8 10
3 3 3 4
9 7 10 10
14 19 13 17
8 6 6 6
6 5 8 6
17 24 15 20
12 9 11 13
15 18 19 16
17 21 23 23
14 13 19 20
13 18 18 16
7 6 8 8
19 25 21 15
5 5 8 5
6 9 9 7
2 2 2 1
12 19 12 12
4 5 5 5
10 11 10 10
2 2 3 2
8 9 8 9
18 19 15 20
6 9 7 6
15 14 12 16
16 17 17 17
22 24 15 24
20 17 21 24
10 11 12 11
21 17 17 24
22 21 14 17
15 12 16 14
7 4 7 7
4 4 7 6
13 11 11 11
11 12 16 12
4 7 5 4
3 2 2 2
21 20 24 23
7 7 9 8
11 10 13 15
4 3 3 4
4 3 4 4
15 15 18 14
10 14 14 12
8 9 7 7
18 19 20 21
13 16 12 14
14 14 14 17
16 16 19 18
18 20 17 14
11 14 17 11
3 3 5 5
14 21 14 15
18 18 15 17
10 12 8 8
13 16 12 12
12 10 12 7
3 3 2 3
2 2 3 3
10 6 10 6
15 18 23 18
17 15 11 11
14 11 14 9
9 9 8 6
14 19 16 19
2 2 2 1
8 8 12 8
9 11 12 8
7 7 6 6
15 14 10 16
9 10 10 13
18 14 16 19
3 3 2 2
6 7 4 4
7 4 5 7
3 2 2 2
3 3 4 3
11 12 9 11
14 17 15 19
17 19 18 13
8 12 8 9
18 13 17 16
11 13 11 10
5 3 3 5
8 7 10 7
20 22 19 20
11 13 8 13
16 19 12 12
15 15 17 10
10 14 9 13
1 1 1 2
