1 2 35
1 3 1
1 4 12
2 5 35
2 6 27
2 7 26
2 8 9
2 9 7
3 10 54
3 11 28
3 12 42
3 13 58
3 14 4
4 15 46
4 16 30
4 17 20
4 18 9
4 19 49
5 20 30
6 21 54
6 22 49
6 23 38
7 24 49
7 25 12
8 26 20
9 27 38
9 28 22
9 29 58
10 30 14
11 31 5
11 32 47
12 33 32
13 34 46
13 35 37
14 36 34
15 37 59
16 38 45
17 39 45
17 40 56
17 41 45
18 42 58
18 43 25
19 44 2
20 45 43
21 46 44
22 47 50
23 48 41
24 49 1
25 50 14
26 51 55
27 52 34
28 53 23
29 54 5
30 55 47
31 55 52
32 56 28
33 57 22
34 58 37
35 59 5
36 60 10
37 61 33
38 62 21
39 63 7
40 64 31
41 65 15
42 66 25
43 67 51
44 67 31
45 68 48
46 69 47
47 70 34
48 71 35
48 72 23
49 73 55
50 74 22
51 75 11
52 76 24
53 77 11
54 78 30
55 79 15
55 80 10
55 81 59
56 82 27
57 83 31
58 84 27
58 85 28
58 86 7
59 87 12
59 88 3
60 89 8
60 90 5
61 91 49
61 92 18
62 93 48
63 94 21
63 95 51
64 96 31
65 97 51
65 98 13
66 99 19
67 100 22
68 101 1
69 102 2
69 103 35
70 104 13
71 105 58
72 106 59
73 107 30
74 108 30
75 109 20
76 110 52
77 111 49
78 112 41
79 113 50
80 114 57
81 115 39
82 116 26
83 117 13
83 118 54
84 119 18
85 120 19
86 121 59
87 122 36
88 123 45
89 124 22
90 125 42
91 126 47
92 127 19
93 128 6
94 129 10
95 130 49
96 131 16
97 132 7
98 133 33
99 134 10
99 135 57
100 136 3
100 137 53
101 138 19
102 139 38
103 140 45
104 141 3
105 141 54
106 141 29
107 142 18
108 143 29
109 144 53
110 144 13
111 145 14
112 145 49
113 146 32
114 147 33
115 147 53
116 148 59
117 149 46
118 149 1
119 150 42
120 151 8
121 152 34
122 152 31
123 152 51
124 153 53
125 154 52
126 155 44
127 156 11
128 157 46
129 158 32
130 159 38
131 160 26
132 161 30
133 162 16
134 162 15
135 163 56
136 163 43
137 163 48
138 164 36
139 165 46
140 165 23
141 166 28
142 167 3
143 168 52
144 169 35
145 170 29
146 171 37
147 172 39
148 172 21
149 173 3
150 174 49
151 175 49
152 176 3
153 177 30
154 178 14
155 179 52
156 180 2
157 181 3
158 182 24
159 183 31
160 184 44
161 185 21
162 186 33
163 187 35
164 188 23
165 189 34
165 190 38
165 191 44
165 192 16
166 193 44
166 194 21
167 195 45
168 196 37
169 197 16
169 198 29
170 199 59
171 200 39
171 201 56
172 202 35
172 203 6
173 204 50
173 205 3
174 206 25
174 207 5
174 208 33
174 209 21
175 210 41
175 211 42
176 212 8
177 213 16
177 214 23
177 215 15
178 216 8
179 217 15
180 218 21
180 219 58
181 220 8
182 221 23
182 222 59
182 223 43
183 224 37
183 225 4
184 226 26
185 227 41
186 228 43
187 229 54
188 230 10
189 231 39
190 231 56
191 231 17
192 231 3
193 232 8
194 232 3
195 232 58
196 233 9
197 233 42
198 234 35
199 235 49
200 236 1
201 236 16
202 237 53
203 237 24
204 237 12
205 238 35
206 238 6
207 238 35
208 238 37
209 239 2
210 239 43
211 239 34
212 240 24
213 240 46
214 240 46
215 241 47
216 241 12
217 242 36
218 243 51
219 243 22
220 243 28
221 243 5
222 243 17
223 244 55
224 245 7
225 246 47
226 247 59
227 248 11
228 248 35
229 249 31
230 250 39
230 251 28
231 252 57
232 253 31
233 254 30
233 255 57
234 256 44
235 257 48
236 258 56
237 259 54
238 260 25
239 261 11
239 262 14
240 263 41
241 264 16
241 265 49
241 266 2
241 267 48
242 268 59
242 269 39
243 270 52
244 271 30
245 272 21
246 273 19
246 274 27
247 275 22
247 276 31
247 277 56
248 278 4
249 279 22
249 280 55
250 281 51
251 281 38
252 282 41
253 283 32
254 284 51
255 285 26
256 286 5
257 287 31
258 288 26
259 288 2
260 289 27
261 290 16
262 291 17
263 292 57
264 293 11
265 293 27
266 294 2
267 295 38
268 295 45
269 296 37
270 297 58
271 298 2
272 298 39
273 298 19
274 299 6
275 300 24
276 300 37
277 301 22
278 301 32
279 302 25
280 303 50
281 304 15
282 305 45
283 306 44
284 307 2
285 308 2
286 309 10
287 310 9
288 311 15
289 312 28
289 313 51
290 314 49
291 315 51
292 316 33
293 317 20
294 318 58
295 319 20
296 320 19
297 321 52
297 322 28
298 323 7
299 324 43
300 325 22
301 326 37
302 327 5
303 328 27
304 329 58
305 329 27
306 330 7
307 331 47
308 331 29
309 332 3
310 333 21
311 334 8
312 335 47
313 336 26
314 336 29
315 337 14
316 338 58
317 338 2
318 339 10
319 339 29
320 340 28
321 341 17
322 341 20
323 341 9
324 342 23
325 343 57
326 344 50
327 344 48
328 345 4
329 346 59
329 347 59
330 348 11
330 349 33
331 350 48
332 351 40
333 352 7
334 353 15
334 354 14
335 355 21
336 356 7
336 357 43
337 358 52
338 359 39
339 360 29
339 361 22
340 362 22
340 363 28
341 364 18
341 365 36
342 366 53
343 367 29
344 368 25
345 369 13
345 370 7
346 371 2
347 372 36
348 373 38
349 374 52
350 375 36
351 376 22
352 377 32
353 378 28
353 379 4
354 380 9
355 381 57
356 382 43
357 383 20
358 384 58
359 385 8
360 386 25
361 387 46
361 388 3
362 389 10
363 390 10
364 391 4
364 392 24
365 393 7
365 394 47
366 395 26
367 396 53
368 397 1
369 398 1
370 399 23
371 400 12
372 400 20
373 400 54
374 400 55
375 400 7
376 400 40
377 400 18
378 400 3
379 400 24
380 400 24
381 400 44
382 400 24
383 400 9
384 400 48
385 400 5
386 400 56
387 400 51
388 400 43
389 400 28
390 400 27
391 400 9
392 400 46
393 400 35
394 400 37
395 400 19
396 400 48
397 400 50
398 400 54
399 400 26
