20 14 23 22
12 9 7 10
13 17 12 17
3 3 4 5
11 12 10 11
11 16 14 15
11 12 9 13
4 4 4 4
3 3 3 4
9 6 6 8
3 3 2 2
7 7 7 10
15 17 17 14
11 18 11 15
6 4 6 4
15 13 10 11
15 15 14 15
12 18 13 14
5 4 3 3
8 11 8 8
11 7 11 7
14 14 16 13
8 9 12 11
12 7 10 10
13 18 18 18
11 9 13 13
4 4 4 3
3 3 3 3
13 9 13 14
7 7 8 12
7 10 10 8
14 13 10 10
15 15 17 17
10 12 13 10
7 6 9 9
19 19 17 12
3 3 3 2
7 8 10 7
3 3 3 3
6 8 8 8
9 8 9 8
4 4 4 4
12 12 11 9
13 10 13 11
9 6 6 8
9 6 9 10
12 12 14 12
13 15 10 14
14 11 12 10
20 20 17 17
2 2 3 2
8 11 9 7
7 7 7 6
9 6 7 8
23 17 22 17
8 5 5 7
13 13 9 10
14 15 12 13
5 4 5 4
3 3 4 3
11 10 10 10
18 21 14 23
21 16 17 18
15 12 14 13
3 4 3 4
7 6 10 9
16 22 16 20
8 13 13 9
17 13 15 12
14 15 17 15
16 21 16 20
11 13 13 15
15 12 11 11
10 9 10 8
13 14 9 9
11 8 10 11
15 14 18 18
12 10 12 12
7 6 6 6
9 8 8 8
4 3 3 4
8 9 10 11
2 3 3 3
3 4 4 3
13 12 19 14
3 2 3 3
12 18 15 13
17 22 16 20
13 14 16 14
13 12 15 12
17 22 18 19
12 18 15 17
2 2 2 3
14 20 15 16
4 5 5 4
15 15 19 15
12 15 18 17
10 11 12 9
6 7 9 6
2 1 2 1
4 4 3 3
7 8 5 8
3 4 3 3
19 13 12 15
10 14 11 12
12 12 8 12
18 16 17 17
13 11 10 11
14 18 17 16
4 4 4 3
4 3 3 4
9 8 8 8
9 9 7 9
17 10 17 10
16 14 14 16
14 19 15 18
3 4 4 3
12 14 14 11
4 7 5 6
1 1 2 1
22 20 22 19
23 15 17 14
14 16 19 20
8 7 5 8
15 14 23 20
10 13 15 10
5 4 5 3
16 13 13 16
23 23 23 18
3 4 4 5
1 2 1 2
2 3 2 2
22 18 19 21
4 4 3 4
7 5 4 4
13 18 16 18
8 7 7 9
11 9 9 14
15 12 10 11
11 10 10 13
7 6 6 9
4 4 4 4
8 5 8 6
15 17 14 18
2 2 2 3
9 10 11 11
18 12 16 13
14 16 14 17
14 13 20 15
1 2 2 2
12 15 13 12
6 6 4 7
10 11 9 9
3 5 5 4
1 1 2 1
2 1 2 1
4 3 4 3
10 16 15 11
16 15 19 15
13 14 18 15
11 10 12 13
14 20 16 21
8 8 9 9
13 13 15 10
3 5 4 4
14 9 11 9
11 12 12 11
19 19 19 16
9 9 9 11
11 9 8 13
5 6 5 7
11 11 14 13
14 16 20 13
22 19 20 20
8 6 8 9
14 17 15 14
2 1 1 2
10 12 13 11
5 5 5 3
1 1 2 1
2 3 3 3
9 9 9 13
7 7 6 4
3 5 4 4
10 13 12 11
13 9 11 9
2 1 1 2
15 21 22 15
15 23 17 14
13 18 18 15
5 3 4 3
12 11 13 14
2 1 1 2
8 7 7 9
17 23 18 19
4 4 3 5
12 9 10 10
16 20 16 23
5 8 7 5
18 18 21 18
15 15 19 17
4 4 4 3
19 16 15 12
11 7 11 12
13 11 12 13
12 14 17 15
6 5 6 5
17 18 19 21
7 8 5 8
7 10 8 6
7 6 7 7
14 10 10 15
5 3 3 4
10 9 9 12
8 7 9 6
8 5 5 6
14 17 16 18
12 13 17 11
8 9 8 12
18 22 20 18
2 2 2 1
2 2 3 3
9 7 8 8
15 23 21 17
12 9 11 12
19 19 18 15
3 3 2 2
8 9 9 9
5 8 8 8
12 12 9 11
2 2 2 2
23 21 23 21
8 6 7 7
4 3 4 3
7 8 9 6
2 1 2 2
13 14 14 15
13 11 12 10
14 13 15 12
8 6 7 6
6 7 6 7
1 1 1 1
17 15 15 12
6 7 6 9
9 9 6 8
13 12 14 16
7 9 7 6
12 9 9 8
7 7 7 8
15 16 14 19
2 2 2 1
15 16 16 14
7 5 6 7
13 10 13 10
3 3 4 3
8 12 10 8
13 12 13 13
7 5 8 7
3 3 3 2
11 11 13 12
2 2 3 2
12 17 12 18
14 13 22 21
8 12 10 9
12 12 16 15
8 7 8 10
8 8 6 9
19 15 14 13
5 8 8 5
12 12 13 11
3 3 4 4
7 6 8 7
10 14 13 14
3 3 3 2
16 22 15 22
15 12 13 16
20 23 23 23
7 9 12 12
10 9 8 7
8 5 6 7
17 15 12 17
1 1 1 2
8 6 6 6
6 5 5 8
15 16 14 14
2 2 1 2
5 7 7 7
17 17 12 17
11 10 12 10
10 7 7 7
4 3 3 3
2 1 2 1
13 11 14 17
13 18 20 16
12 12 11 12
8 8 11 11
3 3 2 2
19 17 21 15
17 13 16 17
13 9 9 10
4 5 5 4
4 4 4 4
16 17 11 14
3 3 4 4
2 3 3 3
12 8 7 12
5 7 5 6
17 15 20 16
8 5 6 8
12 17 12 16
21 14 15 21
5 6 5 6
11 13 15 9
18 18 22 19
6 5 6 6
7 11 7 9
18 16 14 14
4 3 3 4
2 2 3 2
1 1 2 2
14 13 10 14
15 11 18 16
18 15 18 17
15 13 16 12
8 6 9 8
21 15 20 20
4 4 3 4
9 9 14 11
13 14 10 12
15 15 11 11
7 6 6 7
19 17 19 17
15 12 13 14
8 5 5 5
13 13 9 10
4 3 4 3
3 3 3 4
11 13 13 13
12 14 13 13
12 17 12 17
14 18 14 16
5 7 8 8
4 4 4 4
5 7 6 7
5 7 6 4
14 13 18 16
3 2 3 2
14 17 17 18
4 6 5 7
8 6 9 10
10 12 9 14
7 7 7 10
20 22 15 15
20 13 21 21
6 8 7 7
19 18 15 19
2 2 1 2
14 13 17 17
8 10 10 6
3 5 5 4
13 14 17 18
10 10 8 11
17 13 10 13
12 12 14 17
3 3 3 3
15 19 21 15
3 3 3 3
20 23 23 15
13 15 18 17
17 16 14 18
10 8 10 9
3 4 4 4
11 12 14 12
2 3 3 3
8 5 6 8
18 23 14 20
9 9 7 9
12 17 15 16
18 13 14 14
7 7 6 5
15 19 18 23
5 5 5 5
5 4 5 5
3 3 4 4
13 14 14 12
10 14 12 10
17 16 15 13
12 13 10 11
7 7 6 6
14 11 13 14
18 16 15 18
4 3 3 4
4 4 4 4
15 16 12 14
15 12 12 17
19 17 20 22
2 2 2 1
8 10 12 12
2 2 2 1
8 12 8 7
