1 2 6
1 3 5
1 4 13
2 5 7
2 6 3
2 7 1
3 8 2
3 9 9
3 10 4
4 11 4
4 12 8
4 13 13
5 14 7
5 15 1
6 16 5
7 17 5
7 18 2
8 19 13
8 20 9
8 21 3
9 22 13
9 23 11
10 24 1
10 25 9
11 26 9
12 27 11
13 28 8
13 29 3
13 30 13
14 31 12
15 32 3
16 32 4
17 33 4
18 34 8
19 34 13
20 35 11
21 35 4
22 35 2
23 36 7
24 37 13
25 37 7
26 38 4
27 39 13
28 39 6
29 40 3
30 41 5
31 42 11
32 43 5
33 44 6
34 45 8
35 46 10
36 47 12
36 48 9
36 49 3
37 50 3
37 51 2
38 52 5
39 53 9
40 54 4
41 55 10
42 56 11
42 57 12
43 58 10
43 59 4
44 60 4
45 61 7
46 62 3
47 63 8
48 64 9
48 65 6
48 66 4
49 67 8
50 68 5
51 69 6
52 70 6
52 71 8
53 72 13
53 73 1
54 74 5
55 75 2
56 76 3
57 77 2
58 78 13
59 79 9
60 79 6
61 80 9
62 81 11
63 81 1
64 82 12
65 83 1
66 84 8
67 85 6
68 86 2
69 87 13
70 87 2
71 88 5
72 89 2
73 90 3
74 91 13
75 92 4
76 93 10
77 94 12
78 95 12
79 96 9
80 97 5
81 98 10
82 99 8
83 100 10
84 101 4
85 102 9
86 103 12
87 104 4
88 105 12
89 105 11
90 106 8
91 107 7
92 108 3
93 109 3
94 110 7
95 111 1
96 112 9
97 113 1
98 114 7
99 115 4
99 116 8
100 117 9
101 118 1
102 119 5
102 120 13
103 121 3
103 122 12
104 123 5
105 124 4
106 125 11
107 126 8
108 127 3
109 128 9
110 129 4
111 130 10
112 131 6
113 132 8
114 133 10
115 134 6
116 135 5
117 136 4
118 137 2
119 138 2
120 138 8
121 139 6
122 139 5
123 140 6
124 141 6
125 142 13
126 143 4
127 144 13
128 145 12
129 146 4
130 147 13
131 148 12
132 149 11
133 149 1
134 150 7
135 150 10
136 151 13
137 152 11
138 153 3
139 154 11
140 155 9
141 156 9
142 157 9
143 158 13
144 159 2
145 160 1
146 161 12
147 162 10
148 162 1
149 163 12
150 163 6
151 164 10
152 165 7
153 166 12
154 167 6
155 168 9
156 169 3
157 170 11
158 171 9
159 172 8
160 173 2
160 174 12
161 175 12
162 176 3
163 177 4
164 178 13
165 179 8
166 180 9
167 181 8
168 182 9
169 183 7
170 184 3
171 185 12
172 186 6
173 187 13
174 188 5
174 189 8
175 190 10
176 191 4
177 192 6
178 193 5
179 194 6
180 195 6
181 196 5
182 197 3
183 198 3
183 199 2
184 200 3
184 201 13
185 202 5
186 203 2
187 204 12
188 205 9
189 206 8
190 207 4
191 208 6
192 209 13
193 210 4
193 211 10
194 212 5
195 213 8
196 214 4
196 215 12
197 216 5
198 217 2
199 218 11
200 219 6
201 220 13
202 221 4
202 222 10
202 223 3
203 224 12
204 225 6
205 226 10
206 226 11
207 227 12
208 227 2
209 228 12
210 228 2
211 229 3
212 229 3
213 230 8
214 231 10
215 232 2
216 233 1
217 234 6
218 235 3
219 235 13
220 236 10
221 236 6
222 237 13
223 238 1
224 238 10
225 239 12
226 240 7
227 241 11
228 242 10
229 243 7
230 244 9
231 245 9
232 246 12
232 247 8
232 248 2
233 249 1
234 250 11
235 251 7
236 252 8
237 253 11
238 254 12
239 255 8
240 256 1
241 256 12
242 257 8
243 258 8
244 258 2
245 258 13
246 259 10
247 259 2
248 259 6
249 260 10
250 261 6
251 262 11
252 263 10
253 263 9
254 264 4
255 265 10
255 266 5
255 267 10
256 268 7
256 269 6
256 270 5
257 271 2
257 272 2
257 273 8
258 274 7
258 275 13
259 276 6
259 277 12
260 278 6
260 279 6
261 280 1
261 281 1
262 282 2
262 283 7
263 284 1
263 285 8
264 286 11
265 287 1
266 288 7
267 289 5
268 289 5
269 290 12
270 290 1
271 290 9
272 291 1
273 292 11
274 293 6
275 293 6
276 293 4
277 294 12
278 294 6
279 295 2
280 296 3
281 296 9
282 297 7
283 297 3
284 298 4
285 298 10
286 298 9
287 299 13
288 300 6
289 301 1
290 302 3
291 302 10
292 303 8
293 304 1
294 305 13
295 306 3
296 307 11
297 308 10
298 309 7
299 310 12
299 311 4
299 312 7
300 313 2
301 314 13
302 315 12
303 316 9
303 317 8
304 318 6
304 319 7
304 320 8
305 321 7
305 322 13
306 323 6
306 324 13
307 325 11
307 326 10
308 327 13
309 328 4
310 329 8
311 330 4
312 331 4
313 332 1
314 333 9
315 334 7
316 335 12
317 336 3
318 337 7
319 337 10
320 338 1
321 339 1
322 340 8
323 341 9
324 342 7
325 343 6
326 344 11
327 345 12
328 346 9
329 347 6
330 348 4
331 349 7
332 350 4
333 351 9
334 352 7
335 353 12
336 353 7
337 354 6
338 355 7
339 356 6
340 357 9
341 358 7
342 359 10
343 360 3
344 361 9
345 362 3
346 363 7
347 364 9
348 365 4
349 366 8
350 367 7
351 368 9
352 368 9
353 369 2
354 369 10
355 370 13
356 371 12
357 372 8
358 373 5
359 373 2
360 374 6
361 375 5
362 375 2
363 376 1
364 377 6
365 378 6
366 379 5
366 380 1
366 381 2
367 382 7
367 383 6
368 384 6
368 385 1
369 386 10
369 387 5
370 388 4
371 389 13
372 390 6
373 391 1
374 392 10
375 393 5
376 394 10
377 395 9
378 396 13
379 396 10
380 397 9
381 397 4
382 398 7
383 398 1
384 399 1
385 400 2
386 401 7
387 401 10
388 401 3
389 402 8
390 403 10
391 403 1
392 403 2
393 404 2
394 404 7
395 405 7
396 406 3
396 407 1
396 408 6
397 409 9
397 410 8
398 411 1
399 412 8
399 413 11
399 414 4
400 415 9
400 416 4
401 417 12
402 418 4
403 419 5
403 420 5
404 421 4
404 422 1
405 423 8
405 424 12
406 425 9
406 426 5
407 427 6
407 428 10
407 429 1
408 430 11
408 431 1
408 432 10
409 433 4
410 434 6
410 435 3
411 436 3
412 437 12
412 438 11
412 439 11
413 440 9
413 441 3
413 442 9
414 443 13
415 444 12
416 445 9
416 446 1
417 447 6
417 448 13
418 449 8
418 450 2
419 451 7
420 452 1
421 453 4
422 454 10
422 455 2
422 456 6
423 457 1
424 457 3
425 457 2
426 457 5
427 458 8
428 458 4
429 459 1
430 459 13
431 460 3
432 460 8
433 461 5
434 462 2
435 462 2
436 463 5
437 463 2
438 463 13
439 463 2
440 463 1
441 463 11
442 464 2
443 464 1
444 465 7
445 465 8
446 466 2
447 467 5
448 468 7
449 468 3
450 469 1
451 469 6
452 470 13
453 471 1
454 471 4
455 471 7
456 472 8
457 473 6
458 474 12
459 475 2
460 475 11
461 476 1
462 477 12
463 478 6
464 479 10
465 480 8
466 480 7
467 481 7
468 482 2
469 483 9
470 484 13
471 485 12
472 486 4
473 487 8
474 488 5
475 489 3
476 489 4
477 490 13
478 490 8
479 491 1
480 492 2
481 493 4
482 494 3
483 494 8
484 494 7
485 495 7
486 496 6
487 497 7
487 498 8
488 499 4
488 500 9
489 501 3
489 502 3
490 503 9
491 504 8
491 505 5
492 506 5
492 507 4
493 508 12
494 509 2
494 510 8
494 511 7
495 512 1
495 513 6
495 514 3
496 515 1
496 516 11
496 517 2
497 518 13
498 519 9
499 520 8
500 521 11
501 522 9
502 523 1
503 523 1
504 524 9
505 524 13
506 525 5
507 526 2
508 527 3
509 528 1
510 529 6
511 530 4
512 531 10
513 532 11
514 533 13
515 534 8
516 535 10
517 536 7
518 537 1
519 538 7
520 539 6
521 540 6
522 541 8
523 542 12
524 543 13
525 544 8
526 545 7
527 546 7
528 547 6
529 547 8
530 548 8
531 549 10
532 550 9
533 551 4
534 552 5
535 553 8
536 554 12
537 555 5
538 556 10
539 557 5
540 558 13
541 558 13
542 558 7
543 559 6
544 559 9
545 560 13
546 561 9
547 562 13
548 563 5
549 564 11
550 565 5
551 566 9
552 567 2
553 568 8
554 569 10
555 570 4
556 571 4
557 572 10
558 573 8
559 574 1
560 575 3
560 576 12
561 577 10
562 578 2
563 579 11
564 580 12
565 581 9
566 582 1
567 583 6
568 584 1
569 585 9
570 586 4
570 587 13
570 588 4
571 589 5
571 590 5
571 591 2
572 592 4
573 593 7
573 594 7
574 595 8
574 596 8
575 597 5
576 598 7
577 599 6
578 600 3
579 601 6
580 602 9
580 603 1
581 604 3
582 605 13
583 606 8
584 607 4
585 608 10
586 609 11
587 610 10
588 611 4
589 612 7
590 613 4
591 614 13
592 614 8
593 615 12
594 616 8
595 616 3
596 617 11
597 618 12
598 619 10
599 620 8
600 621 2
601 622 10
602 623 6
603 623 4
604 624 12
605 624 4
606 625 9
607 626 2
608 626 10
609 627 8
610 628 4
611 629 8
612 629 2
613 630 3
614 631 3
615 632 10
616 633 3
617 634 13
618 634 1
619 635 11
620 636 7
621 637 13
622 638 10
623 639 8
624 640 3
625 641 1
626 642 7
627 643 3
628 643 8
629 643 11
630 644 10
631 645 7
632 645 10
633 645 7
634 646 10
635 646 3
636 646 6
637 646 4
638 647 4
639 647 13
640 648 6
641 648 13
642 649 5
643 650 1
643 651 6
644 652 12
644 653 10
645 654 6
646 655 5
647 656 11
647 657 4
648 658 11
648 659 7
648 660 11
649 661 11
650 662 6
650 663 4
651 664 2
651 665 4
652 666 8
652 667 1
653 668 11
654 669 3
654 670 9
654 671 7
655 672 11
656 673 4
657 674 8
658 675 8
658 676 4
658 677 7
659 678 5
660 679 13
660 680 11
661 681 4
662 682 8
663 682 7
664 683 12
665 684 6
666 685 10
667 686 12
668 687 2
669 688 9
670 688 13
671 689 9
672 690 12
673 691 4
674 692 3
675 693 4
676 693 12
677 693 12
678 694 12
679 695 8
680 695 2
681 695 5
682 696 6
683 697 1
684 698 3
685 698 2
686 699 13
687 700 12
688 701 13
689 702 4
690 702 5
691 703 8
692 704 9
693 705 1
694 705 3
695 706 9
696 707 7
697 708 2
697 709 9
698 710 7
699 711 5
700 712 13
701 713 2
702 714 8
702 715 4
703 716 1
704 717 12
705 718 11
706 719 9
706 720 3
707 721 3
708 722 2
709 723 9
710 724 4
711 725 10
711 726 7
712 727 12
713 728 5
714 729 2
714 730 6
715 731 6
715 732 12
716 733 7
717 734 9
717 735 7
718 736 9
719 737 2
720 738 2
721 739 9
722 740 2
723 741 3
724 742 4
725 743 8
726 744 6
727 745 5
728 746 8
729 747 10
730 748 12
731 749 8
732 750 9
733 751 4
734 752 11
735 753 2
736 754 7
737 755 11
738 756 5
739 757 10
740 758 2
741 758 13
742 759 4
743 760 2
744 760 10
745 761 10
746 762 13
747 763 6
748 764 7
749 765 7
750 766 2
751 767 10
752 768 5
753 769 4
754 770 8
755 771 12
756 772 1
757 773 7
758 774 7
759 775 12
760 776 9
761 777 6
762 778 5
763 779 3
764 779 8
765 780 8
766 781 7
767 782 11
768 782 7
769 783 4
770 784 10
771 784 6
772 785 4
773 786 10
774 787 6
775 788 7
776 789 5
776 790 11
777 791 6
778 792 10
779 793 9
780 794 1
781 795 8
782 796 9
783 797 12
784 798 1
785 799 6
786 800 4
787 800 9
788 801 12
789 802 1
790 803 9
791 804 3
792 805 9
793 806 4
794 806 8
795 807 4
796 807 6
797 808 9
798 808 6
799 809 6
800 810 12
800 811 8
800 812 10
801 813 5
801 814 13
802 815 5
803 816 3
804 817 7
804 818 7
804 819 13
805 820 6
806 821 8
807 822 7
807 823 9
808 824 2
808 825 10
808 826 12
809 827 13
810 828 8
811 829 7
812 829 9
813 830 11
814 830 2
815 830 10
816 831 10
817 832 9
818 833 10
819 834 12
820 835 11
821 835 7
822 836 9
823 837 7
824 838 2
825 838 7
826 839 4
827 840 12
828 841 3
828 842 2
829 843 10
829 844 8
830 845 5
830 846 2
830 847 11
831 848 8
831 849 8
831 850 4
832 851 8
832 852 6
833 853 10
833 854 5
834 855 5
835 856 2
836 857 1
837 858 2
837 859 11
838 860 6
839 861 1
839 862 2
840 863 5
841 864 1
842 864 7
843 865 3
844 866 2
845 867 2
846 868 2
847 869 10
848 870 1
849 871 13
850 872 2
851 873 10
852 874 11
853 874 12
854 875 5
855 876 12
856 877 3
857 878 8
858 879 12
859 879 12
860 880 8
861 881 7
862 882 10
863 883 2
864 884 3
865 885 13
866 886 12
867 887 4
868 888 6
869 889 5
870 889 12
871 890 4
872 890 13
873 891 10
874 892 1
875 892 13
876 893 8
877 894 11
878 895 1
879 895 7
880 896 13
881 897 3
882 898 4
883 899 13
884 900 5
885 900 9
886 900 2
887 900 5
888 900 5
889 900 4
890 900 11
891 900 12
892 900 8
893 900 13
894 900 8
895 900 6
896 900 13
897 900 10
898 900 7
899 900 4
