3 27 19 6
3 3 1 10
0 2 1 0
8 9 8 6
5 4 6 1
3 10 10 13
14 13 8 5
10 2 6 1
15 1 14 11
12 19 9 4
1 3 10 13
13 16 3 21
13 12 12 3
7 15 0 17
5 1 10 12
5 16 12 8
6 4 1 5
9 16 1 19
6 6 7 3
3 2 12 2
7 5 1 5
2 2 5 0
20 10 2 18
14 13 2 19
26 16 6 1
18 9 18 25
18 22 19 3
22 17 10 19
10 6 24 23
1 7 10 0
2 0 2 1
19 19 29 16
12 0 2 0
5 25 17 15
11 6 8 15
1 13 6 14
2 3 14 0
23 16 22 26
10 22 18 0
11 4 16 14
4 15 2 3
17 15 18 11
2 2 2 1
3 8 6 2
23 11 24 19
14 16 24 28
2 0 0 0
0 2 1 0
7 12 19 15
5 0 3 2
23 23 5 15
2 5 8 0
21 15 7 11
6 4 0 5
16 8 13 11
5 8 0 0
8 16 0 15
2 0 1 0
6 2 1 3
8 7 9 8
13 7 3 22
8 0 9 6
13 5 14 10
4 0 1 2
6 2 10 7
27 16 6 20
16 13 15 5
12 12 12 0
21 20 0 1
13 4 20 26
0 0 1 3
4 0 8 10
11 7 1 0
0 8 8 1
20 2 7 25
5 13 10 18
1 0 1 2
3 13 2 3
11 1 19 15
0 2 0 0
21 16 1 6
2 2 0 4
4 17 8 4
7 19 24 5
21 10 23 23
16 13 5 9
6 1 2 6
1 2 0 0
2 4 4 2
9 12 13 8
17 0 11 6
2 0 4 0
18 26 16 6
0 7 12 12
3 8 8 2
7 10 5 3
13 21 26 28
2 0 1 1
2 12 5 10
9 5 15 5
20 18 8 11
10 10 9 2
23 3 11 17
12 10 6 9
5 7 7 13
3 19 26 3
5 14 3 15
2 11 0 13
11 14 6 11
10 3 16 5
5 5 2 4
10 16 2 12
8 9 20 0
2 1 18 7
25 18 17 4
10 3 26 8
10 4 9 0
11 30 16 30
6 6 7 4
0 1 3 13
4 3 1 2
4 0 1 1
11 11 0 14
3 1 7 11
4 4 0 0
32 14 9 28
10 0 5 16
18 10 1 6
1 3 8 3
3 6 2 5
17 0 14 16
10 7 10 7
1 0 4 0
17 17 15 10
11 22 8 20
12 20 26 20
13 16 9 3
28 11 6 30
11 30 27 20
15 12 18 6
16 18 24 11
0 6 2 2
0 0 2 3
3 0 1 2
7 2 1 10
0 8 17 18
20 10 12 14
0 4 0 6
26 18 10 12
17 19 7 21
16 29 8 29
13 12 2 17
7 8 8 1
2 11 32 30
4 6 5 0
21 24 24 5
0 1 6 6
5 10 8 0
0 0 1 2
7 15 15 0
19 19 13 23
5 10 7 1
1 1 1 2
0 1 4 0
0 4 1 0
1 10 12 14
2 1 0 0
3 4 0 3
10 3 4 5
1 10 4 3
0 6 5 0
4 8 6 11
0 5 6 0
2 11 1 18
27 8 31 0
11 13 9 11
6 10 7 11
11 8 2 12
1 1 4 2
2 11 2 12
0 1 3 17
1 3 1 3
6 9 19 19
2 1 2 2
7 11 28 0
2 13 13 7
7 9 17 4
10 14 15 19
19 7 14 4
2 0 0 1
3 32 22 14
7 1 1 6
9 1 3 3
0 0 1 2
28 21 11 13
27 17 17 20
8 10 4 5
0 17 4 29
8 9 1 3
2 20 20 0
0 7 2 3
13 1 6 18
4 1 2 4
4 3 1 18
7 6 9 4
4 6 1 1
24 23 3 1
19 1 8 20
9 0 8 6
19 2 16 2
23 27 9 4
13 1 20 0
3 2 15 2
23 13 2 5
1 0 0 6
1 6 0 0
6 0 0 0
7 7 6 5
4 7 8 8
19 25 24 19
13 28 25 18
12 7 13 0
18 9 6 17
9 10 9 7
7 17 7 0
18 24 7 5
5 5 1 0
3 6 16 4
2 12 5 20
3 8 8 5
3 3 6 2
14 6 9 4
2 1 1 3
0 2 0 0
8 22 19 9
20 1 24 8
5 0 4 8
9 0 0 9
3 3 4 3
4 4 1 5
10 21 15 4
1 1 3 5
2 8 7 8
8 16 0 5
8 13 28 9
17 16 9 9
6 3 5 6
22 9 23 5
4 2 3 4
1 3 4 4
14 13 15 13
8 5 2 8
23 12 13 2
17 5 6 14
21 23 27 27
4 9 16 0
1 0 2 2
16 10 14 15
5 8 6 3
13 5 27 5
5 4 0 7
4 7 0 2
19 25 5 30
5 9 3 5
10 12 4 15
8 26 4 14
9 3 4 2
9 6 15 10
10 7 23 19
4 13 1 13
8 8 16 4
0 2 1 0
6 13 0 11
15 5 10 22
7 4 21 3
1 3 2 1
17 30 2 1
1 0 0 2
0 10 8 0
24 2 11 30
13 16 16 13
7 7 15 0
18 17 16 6
11 7 0 18
1 2 0 1
8 8 5 5
23 5 10 1
15 5 1 8
9 11 3 14
14 13 9 12
1 15 5 19
1 3 2 4
13 6 0 6
0 0 1 4
18 21 5 20
10 5 16 17
7 2 2 14
4 2 14 7
7 1 8 4
17 5 9 1
6 16 6 8
2 14 16 15
5 0 8 1
17 14 25 13
9 6 9 3
4 14 14 1
6 19 20 28
7 6 4 1
32 1 6 3
4 1 6 22
14 7 5 7
26 12 21 14
20 17 10 5
17 11 20 8
2 18 13 2
23 8 10 23
20 4 16 17
20 3 14 27
10 8 5 9
12 30 0 24
6 31 1 26
4 5 1 5
0 1 2 0
0 4 4 6
6 17 24 13
14 11 18 0
16 2 4 5
8 2 14 9
0 21 3 20
9 13 12 9
1 1 2 2
20 9 14 5
0 10 19 11
14 8 16 4
2 6 8 0
5 14 1 10
11 18 18 8
3 4 5 10
17 11 19 10
9 16 28 9
2 8 11 29
29 25 11 15
0 0 1 1
2 0 4 0
6 5 3 1
0 2 1 0
2 4 12 19
17 13 2 14
8 18 1 15
7 7 2 4
12 9 4 14
7 10 10 2
1 1 1 1
0 13 14 10
19 20 20 9
7 11 8 4
0 1 0 2
6 12 14 14
2 0 8 9
1 2 2 0
8 20 24 2
2 1 1 2
7 5 14 12
5 1 0 0
9 8 8 11
10 8 23 10
4 1 4 7
2 4 6 0
0 5 5 2
11 11 1 6
26 0 14 12
13 28 11 27
14 10 2 3
17 17 19 7
0 0 0 0
28 12 29 21
1 2 0 1
6 17 2 8
3 15 25 25
15 19 7 4
4 4 12 12
17 22 5 5
10 12 3 6
9 13 6 11
0 3 7 4
5 2 10 0
4 26 4 3
3 20 24 24
6 2 0 5
11 24 11 13
13 20 10 0
4 1 3 5
2 1 0 0
20 27 26 4
9 27 22 8
10 4 14 20
4 4 2 1
13 20 6 13
12 9 7 3
1 4 10 2
7 0 3 12
6 8 6 4
5 6 1 0
12 8 9 3
2 23 21 3
7 7 2 14
5 3 23 2
2 4 3 3
2 14 16 13
0 1 8 15
5 12 13 5
13 4 2 12
5 3 3 2
19 1 17 15
4 11 11 8
0 14 11 7
6 25 4 10
3 9 4 7
11 6 2 6
8 4 3 2
19 1 18 1
7 8 23 21
15 19 13 3
22 17 29 6
2 10 10 8
0 2 1 2
0 1 2 4
13 13 13 14
10 5 7 4
9 0 4 9
27 4 13 1
1 1 0 2
3 2 1 3
0 7 1 0
26 26 10 13
6 4 9 11
4 2 5 5
24 7 6 26
7 3 6 5
7 0 3 6
4 3 17 4
20 11 3 3
12 15 7 6
2 14 3 22
5 0 11 9
0 10 11 1
1 3 1 0
7 7 3 3
1 0 6 5
0 15 4 14
5 6 4 2
7 4 3 3
15 21 23 22
3 1 2 4
2 2 2 4
7 11 17 5
5 7 1 10
14 9 7 1
8 15 0 3
2 11 22 20
3 0 0 4
15 6 18 10
15 16 5 15
4 24 3 16
1 3 0 2
8 5 20 11
0 6 15 3
16 25 14 18
10 6 12 10
18 2 10 20
15 3 12 12
27 21 5 6
4 10 9 3
2 20 14 14
3 12 11 8
5 14 12 14
6 9 14 16
4 3 3 0
9 17 15 13
22 27 3 26
6 1 3 5
22 9 12 17
19 13 2 17
2 7 8 4
11 2 22 23
4 13 1 3
1 22 21 8
8 7 11 12
4 9 13 18
19 1 10 20
15 15 2 4
4 10 5 8
1 21 26 25
4 5 7 5
21 14 12 13
20 15 24 15
1 0 2 1
8 6 8 6
1 1 0 2
18 12 12 19
28 10 3 13
14 6 11 3
1 4 3 2
0 8 11 4
8 1 5 7
3 11 19 0
1 1 8 3
3 10 4 2
12 11 4 11
15 1 13 3
2 7 9 12
0 5 4 0
4 2 3 3
3 4 1 2
2 5 0 4
3 3 4 7
6 2 6 1
1 0 1 2
13 11 14 12
8 5 4 15
13 15 7 12
13 0 2 2
2 5 5 2
20 2 10 15
16 26 18 11
11 17 13 1
21 4 14 8
2 1 0 0
14 9 16 16
10 12 13 18
11 8 10 11
5 16 18 3
30 22 17 13
22 4 19 19
1 4 4 2
1 1 4 0
0 28 4 15
15 4 10 13
3 4 8 7
3 0 5 4
2 0 0 2
6 7 6 3
12 4 4 5
2 4 4 3
2 5 0 0
3 6 6 1
15 1 14 6
1 3 12 19
0 0 0 0
24 12 26 2
2 16 1 3
11 2 28 8
15 4 1 1
1 16 16 10
14 12 18 1
18 6 14 18
4 1 10 21
2 3 1 3
8 7 13 10
1 2 1 2
5 9 0 1
0 1 8 9
2 16 12 11
2 3 4 3
15 13 3 4
6 3 4 3
11 10 0 15
19 1 0 13
15 10 9 8
2 27 22 26
11 0 5 7
4 12 1 17
3 5 5 6
2 3 2 1
5 6 7 2
10 26 21 24
6 1 9 0
14 12 13 3
3 9 1 4
5 19 2 22
25 17 28 21
0 2 0 1
20 24 15 25
16 4 8 30
3 1 1 5
12 5 0 4
4 3 2 6
32 27 16 16
2 0 1 2
4 0 3 4
9 26 21 17
6 4 10 5
3 4 0 2
15 2 3 11
15 10 10 14
2 2 14 2
9 1 2 12
13 16 2 1
8 16 9 15
10 5 4 5
1 1 1 0
3 7 1 2
10 12 13 1
5 9 8 1
1 22 1 12
6 2 7 3
14 14 6 5
19 2 8 20
4 6 3 12
6 31 15 31
15 10 13 6
5 4 0 3
5 11 2 17
3 1 8 3
23 11 6 19
3 11 2 4
8 18 1 0
1 7 5 8
5 12 9 9
6 1 1 1
18 8 14 14
4 1 4 5
3 10 5 10
4 1 12 14
13 25 23 15
18 18 26 17
2 1 1 2
9 0 12 8
0 3 8 6
4 1 3 3
2 8 9 19
26 18 20 24
26 4 14 26
4 1 1 7
1 0 1 8
0 1 2 2
3 1 4 1
0 1 2 2
6 6 3 0
28 2 3 23
9 20 20 3
6 0 15 14
20 20 18 5
1 15 15 13
0 6 15 10
16 23 23 25
11 9 10 22
8 1 8 4
12 3 10 2
3 0 1 1
9 4 5 11
8 11 10 28
6 2 4 0
16 14 0 18
2 1 0 2
19 12 20 16
0 11 2 7
12 15 29 20
9 9 13 4
25 21 2 15
28 0 29 5
1 12 3 11
32 1 25 13
5 29 15 15
0 2 2 4
1 17 13 1
14 7 12 1
12 10 0 12
2 4 4 0
2 1 0 0
28 25 1 27
9 20 7 6
4 9 2 5
19 25 3 6
2 1 1 5
0 6 0 20
9 12 13 4
1 12 16 2
3 11 8 2
1 1 0 1
9 13 7 15
19 7 2 4
6 17 1 3
4 0 2 0
6 5 8 6
20 13 12 19
0 2 1 1
3 0 6 3
7 7 1 5
8 7 3 5
4 1 18 9
8 10 4 0
10 24 10 21
2 6 4 2
7 4 1 6
6 11 12 13
20 11 18 18
15 22 4 8
2 1 1 2
0 14 8 25
29 23 9 2
2 2 0 2
9 11 11 6
3 0 1 1
4 6 6 3
28 17 32 0
1 11 10 1
4 3 3 0
1 0 0 3
14 4 15 5
7 2 1 4
9 13 10 23
3 3 8 1
6 4 0 4
20 9 0 4
13 14 4 10
7 2 0 1
14 5 13 18
3 5 4 0
22 19 5 20
26 1 7 30
9 6 17 22
3 6 5 12
5 8 25 5
9 9 6 4
4 7 2 6
2 1 0 0
21 13 6 4
3 0 4 0
20 29 6 4
28 27 5 18
12 3 22 31
2 16 2 13
0 0 0 2
21 12 15 8
5 4 1 3
11 6 3 6
4 3 0 26
4 2 3 2
11 12 8 24
29 22 28 8
12 14 7 5
8 0 13 22
0 2 4 2
15 12 24 0
2 8 7 0
0 1 10 19
5 5 9 0
7 23 13 21
14 1 7 2
12 16 6 10
0 2 3 2
3 17 16 13
8 12 1 15
4 6 3 2
0 11 27 26
18 2 16 14
24 6 12 3
11 10 0 2
4 13 11 3
13 10 7 3
0 11 9 14
22 24 19 20
4 14 14 5
0 1 2 2
7 7 11 2
0 0 2 2
3 13 17 9
1 1 1 3
12 7 11 3
1 1 2 0
22 7 24 9
26 16 21 4
2 8 5 9
21 19 14 12
9 16 2 6
4 6 2 0
7 3 12 18
10 3 5 6
2 0 14 12
12 14 13 10
1 2 10 4
2 0 1 0
22 24 9 3
25 22 16 8
3 4 3 3
0 2 0 2
1 6 12 3
2 14 4 18
3 7 15 7
5 0 12 9
11 4 13 12
17 20 12 16
0 7 0 3
10 11 4 14
0 2 2 0
4 3 2 4
2 1 2 1
6 3 3 4
31 10 15 16
