1 2 2
1 3 6
1 4 9
2 5 12
2 6 8
2 7 7
2 8 3
2 9 1
3 10 3
3 11 10
3 12 3
3 13 5
4 14 1
4 15 13
4 16 7
4 17 5
5 18 1
5 19 10
6 20 9
7 21 1
8 22 12
9 23 4
10 24 7
11 25 5
12 26 13
13 27 1
14 28 6
14 29 11
15 30 3
16 31 12
17 32 7
18 33 4
19 34 3
20 35 4
21 36 12
22 37 2
23 38 12
24 39 4
25 40 7
26 41 5
27 41 2
28 42 8
29 43 4
30 44 12
31 45 4
32 45 3
33 46 6
34 47 6
35 48 9
36 49 5
37 50 9
38 51 9
38 52 12
39 53 5
39 54 8
40 55 5
41 56 5
42 57 6
42 58 4
43 59 13
44 60 4
45 61 11
46 62 10
47 63 4
48 64 6
49 65 5
50 66 8
51 66 3
52 66 1
53 67 7
54 68 12
55 69 3
56 70 10
57 71 9
58 72 5
59 73 12
60 74 11
61 74 5
62 75 9
63 76 12
64 77 7
65 78 8
66 79 7
66 80 7
66 81 12
67 82 11
68 83 7
68 84 5
69 85 12
70 86 9
71 87 12
72 88 12
73 89 12
74 90 9
74 91 5
75 92 13
76 93 12
77 94 4
77 95 10
78 96 6
78 97 11
79 98 8
80 99 9
81 100 11
82 101 6
83 102 8
84 103 2
85 104 3
86 105 1
87 106 7
88 107 13
89 108 9
89 109 9
90 110 10
91 111 3
92 112 2
93 113 8
94 114 3
95 115 6
96 116 13
97 117 11
98 118 3
99 119 13
100 119 5
101 120 12
102 121 10
103 122 6
104 123 3
105 123 5
106 124 13
107 125 9
108 126 12
109 127 4
110 128 7
111 128 9
112 129 1
112 130 8
113 131 1
114 132 8
114 133 5
115 134 2
115 135 4
115 136 12
116 137 13
117 138 10
118 139 3
118 140 6
118 141 2
119 142 8
120 143 5
121 144 10
122 145 10
122 146 1
122 147 12
123 148 4
123 149 1
124 150 8
124 151 1
125 152 11
125 153 8
125 154 12
126 155 3
127 156 9
128 157 7
129 158 2
130 159 7
131 160 4
132 161 10
133 162 6
134 163 9
135 163 1
136 164 10
137 164 3
138 165 11
139 165 11
140 166 12
141 167 11
142 168 8
143 168 6
144 169 5
145 169 6
146 170 3
147 170 6
148 171 1
149 171 12
150 171 2
151 172 6
152 172 4
153 172 5
154 173 13
155 174 3
156 174 13
157 175 4
158 176 9
159 177 8
160 178 4
161 179 7
162 180 2
163 181 10
164 182 4
165 183 8
166 184 10
167 185 2
168 186 11
169 187 6
170 188 5
171 189 7
172 190 8
173 191 6
174 192 8
175 192 8
176 193 6
176 194 5
177 195 9
178 196 10
179 197 12
179 198 3
180 199 12
181 200 2
182 201 9
183 202 1
184 203 7
185 204 11
186 205 11
187 206 4
188 207 9
189 208 3
190 209 2
191 210 4
192 211 13
193 212 1
194 213 7
195 213 3
196 214 6
197 215 3
198 216 4
199 216 7
200 217 11
201 218 6
202 219 12
203 220 5
204 220 5
205 221 3
206 221 10
207 222 6
208 223 9
209 224 9
210 225 10
211 226 13
212 227 9
213 227 7
214 228 8
215 228 5
216 229 13
217 229 11
218 230 6
219 231 12
220 232 3
221 233 12
222 234 5
223 234 9
224 235 10
225 236 7
226 237 6
227 238 12
228 239 11
229 240 12
230 241 11
230 242 9
231 243 11
232 244 3
233 245 10
234 246 3
235 247 3
235 248 8
236 249 12
237 250 1
238 251 12
239 252 7
240 253 4
241 254 6
242 255 7
242 256 11
242 257 12
243 258 12
244 259 13
244 260 10
245 261 11
245 262 6
245 263 7
246 264 13
246 265 2
247 266 3
248 267 13
249 268 4
250 269 4
251 270 10
252 271 7
253 272 10
254 272 1
255 273 1
256 274 2
257 275 3
258 276 12
259 276 3
260 277 7
261 277 7
262 278 2
263 278 4
264 279 7
265 279 5
266 280 11
267 281 7
268 282 11
269 283 4
270 284 4
271 285 5
272 286 6
273 287 11
274 288 10
275 289 6
276 290 12
276 291 10
277 292 2
278 293 1
279 294 13
280 295 9
280 296 9
281 297 9
282 298 4
283 299 12
284 300 2
285 300 3
286 300 11
287 300 7
288 300 13
289 300 8
290 300 1
291 300 6
292 300 6
293 300 11
294 300 3
295 300 10
296 300 9
297 300 10
298 300 7
299 300 12
