1 2 4
1 3 20
1 4 6
1 5 13
2 6 29
2 7 13
2 8 15
2 9 14
3 10 20
4 11 8
4 12 4
4 13 8
4 14 25
4 15 2
5 16 3
5 17 20
5 18 3
6 19 7
6 20 24
7 21 6
8 22 6
8 23 29
9 24 8
10 25 23
10 26 24
11 27 17
12 28 2
13 29 22
14 30 14
15 31 23
16 32 11
16 33 14
17 34 14
18 35 22
18 36 1
18 37 24
19 38 2
20 39 26
21 39 17
22 40 26
23 41 26
24 41 21
25 42 7
26 42 8
27 43 25
28 44 9
29 44 26
30 44 20
31 44 29
32 45 21
33 46 22
34 47 1
35 48 25
36 49 10
37 49 9
38 50 27
39 51 12
40 52 20
41 53 22
42 54 27
43 55 9
44 56 10
45 57 12
45 58 29
46 59 12
47 60 8
48 61 23
49 62 21
50 63 1
51 64 24
52 65 22
53 66 24
54 67 12
55 68 13
55 69 29
56 70 20
57 71 29
58 72 10
59 73 22
60 74 21
61 75 18
62 76 26
62 77 14
63 78 22
63 79 23
64 80 14
65 81 4
66 82 26
67 83 19
68 84 14
69 85 1
70 86 8
71 87 27
72 88 26
73 89 8
74 90 4
75 91 16
76 92 13
76 93 14
76 94 13
76 95 8
77 96 8
78 97 29
79 98 24
80 99 4
81 100 6
82 100 25
83 100 26
84 101 15
85 102 12
86 102 19
87 103 8
88 104 7
89 104 17
90 105 21
91 106 14
92 106 5
93 107 20
94 108 14
95 108 17
96 109 10
97 110 26
98 111 19
99 112 24
100 113 1
101 114 16
102 115 29
103 116 7
104 117 21
105 118 20
106 119 2
107 120 22
108 121 7
109 122 17
110 123 7
111 124 14
112 125 21
113 126 18
114 127 23
115 128 6
116 129 14
117 130 9
118 131 28
119 132 19
120 133 12
121 134 8
122 134 16
123 135 19
124 136 18
125 137 20
125 138 16
126 139 29
126 140 14
127 141 18
127 142 4
128 143 3
128 144 23
129 145 1
130 146 1
130 147 14
131 148 23
132 149 21
133 150 12
133 151 13
134 152 9
134 153 9
134 154 12
135 155 11
136 156 27
137 157 10
138 158 9
139 158 28
140 159 27
141 160 28
142 161 27
143 162 23
144 163 20
145 164 1
146 165 19
147 166 6
148 167 7
149 168 22
150 169 3
151 170 3
152 171 7
153 172 2
154 173 4
155 174 16
156 175 26
157 176 2
158 177 5
159 177 2
160 178 1
161 178 18
162 179 19
163 180 24
164 181 4
165 181 27
166 182 13
167 183 28
168 183 15
169 184 15
170 185 8
171 186 3
172 187 18
173 188 9
174 189 4
175 190 7
176 191 24
177 192 10
178 193 4
179 194 28
180 195 5
181 196 15
182 197 16
183 198 28
184 199 11
185 200 1
185 201 3
186 202 18
187 203 2
187 204 17
188 205 24
188 206 24
189 207 11
190 208 9
191 209 10
192 209 5
193 210 18
194 211 2
195 211 5
196 211 24
197 212 18
198 212 25
199 213 11
200 213 7
201 214 2
202 215 28
203 216 29
204 217 23
205 218 13
206 219 24
207 220 2
207 221 15
208 222 12
208 223 1
209 224 28
210 225 25
211 226 7
212 227 7
213 228 14
214 229 27
215 230 19
216 231 4
217 232 9
218 233 13
219 234 2
220 235 5
221 236 26
221 237 15
222 238 28
223 239 17
224 240 22
225 241 23
226 242 15
227 243 19
228 244 3
229 245 8
229 246 18
230 247 5
231 248 23
232 249 8
233 250 5
234 251 10
235 252 16
236 252 20
237 252 20
238 253 23
239 253 24
240 254 1
241 255 1
242 256 2
243 257 23
244 258 25
245 258 6
246 259 22
247 260 17
248 261 23
249 262 4
250 263 24
251 264 6
252 265 20
252 266 7
253 267 22
254 268 7
255 269 19
255 270 24
256 271 4
256 272 19
257 273 11
258 274 17
258 275 26
259 276 28
259 277 25
260 278 8
261 279 22
262 280 26
263 281 22
263 282 10
264 283 18
265 284 17
265 285 5
265 286 3
265 287 15
265 288 8
266 289 26
266 290 22
267 291 26
267 292 25
268 293 5
268 294 20
269 295 12
269 296 11
269 297 7
269 298 8
270 299 2
270 300 20
271 301 18
271 302 8
272 303 16
272 304 14
272 305 22
273 306 4
273 307 22
274 308 28
275 309 14
275 310 10
276 311 3
276 312 5
277 313 7
277 314 20
278 315 27
278 316 16
278 317 15
279 318 8
280 319 3
280 320 26
280 321 8
280 322 21
281 323 26
281 324 14
282 325 15
282 326 14
282 327 12
283 328 22
283 329 24
283 330 21
283 331 29
284 332 11
285 332 27
286 332 26
287 333 15
288 333 28
289 333 14
290 334 28
291 334 11
292 334 1
293 334 7
294 335 14
295 335 21
296 335 10
297 336 28
298 336 11
299 336 13
300 337 8
301 337 28
302 337 19
303 337 21
304 338 8
305 338 3
306 338 21
307 338 22
308 339 7
309 339 28
310 339 14
311 339 29
312 340 15
313 340 11
314 340 9
315 340 12
316 340 12
317 341 10
318 341 7
319 341 21
320 341 11
321 342 16
322 342 19
323 342 25
324 343 10
325 343 18
326 343 9
327 343 1
328 344 23
329 344 20
330 344 28
331 344 24
332 345 7
333 346 8
334 347 19
335 348 12
336 349 29
337 350 19
338 350 26
339 351 13
340 352 15
341 353 23
342 354 12
343 355 3
344 356 14
345 357 4
346 358 19
346 359 2
347 360 23
348 361 12
349 362 6
350 363 1
351 364 1
351 365 17
352 366 22
353 367 19
354 368 22
355 369 12
356 370 11
357 371 1
358 372 25
359 373 17
360 373 6
361 374 9
362 375 10
363 376 1
364 376 14
365 377 25
366 377 28
367 378 23
368 379 26
369 380 1
370 381 24
371 382 13
372 383 15
373 384 6
374 385 19
375 386 18
376 387 16
377 388 20
378 389 6
379 390 23
379 391 11
380 392 25
381 393 11
382 394 14
383 395 18
384 396 8
385 397 19
386 398 18
387 399 19
388 400 2
389 401 10
390 402 28
391 403 6
392 404 28
393 405 5
394 406 22
395 407 3
396 408 23
397 409 23
398 410 19
398 411 15
399 412 17
400 413 21
401 414 10
402 415 18
402 416 29
403 417 21
404 418 22
405 419 20
406 420 5
407 421 10
408 421 3
409 422 15
410 422 22
411 423 12
412 424 13
413 424 7
414 425 12
415 425 3
416 426 23
417 427 13
418 428 15
419 429 3
420 430 14
421 431 13
421 432 10
421 433 11
422 434 13
423 435 5
424 436 1
424 437 15
424 438 28
425 439 27
426 440 8
426 441 17
427 442 16
428 443 13
428 444 1
428 445 12
428 446 27
429 447 18
430 448 24
431 449 27
432 449 20
433 450 21
434 451 29
435 452 12
436 453 28
437 453 25
438 454 22
439 455 26
440 456 17
441 457 21
442 458 21
443 459 9
444 460 2
445 461 28
446 461 11
447 462 1
448 463 24
449 464 14
450 465 17
451 466 23
452 467 27
453 468 22
454 469 22
455 470 22
456 471 23
457 472 11
458 472 28
459 473 12
460 474 1
461 475 17
462 476 23
463 477 26
464 478 17
465 479 4
466 480 29
467 481 10
467 482 15
468 483 7
469 484 5
470 485 22
471 486 8
472 487 14
473 488 14
474 489 5
475 490 1
476 491 19
477 492 18
478 493 15
479 494 29
480 495 18
481 496 28
482 497 14
483 498 9
484 499 23
485 500 8
486 501 6
487 502 26
488 503 1
489 504 12
490 505 2
491 506 21
492 507 11
493 508 14
493 509 16
494 510 8
495 511 24
496 512 18
497 513 2
498 514 1
499 515 17
500 516 8
501 517 4
502 518 28
503 519 11
504 520 9
505 521 11
506 522 7
507 523 9
508 524 29
509 525 12
510 526 26
511 527 4
512 527 2
513 528 8
514 529 18
515 530 28
516 531 10
517 532 9
518 533 26
519 534 28
520 535 12
521 536 13
522 537 18
523 538 21
524 539 6
525 540 17
526 541 10
527 542 10
528 543 19
528 544 13
529 545 13
530 546 4
531 547 16
532 548 19
533 549 6
534 550 6
535 551 13
536 552 17
537 553 14
538 554 24
539 555 8
540 556 10
541 557 6
542 558 8
543 559 12
544 560 13
545 561 27
546 562 8
547 562 25
548 563 11
549 564 5
550 565 12
551 566 10
552 567 11
553 568 23
554 569 6
555 570 3
556 571 13
557 572 13
558 573 8
559 574 9
560 575 8
561 576 22
562 576 14
563 576 21
564 577 16
565 578 18
566 579 15
567 580 13
568 581 23
569 582 1
570 583 10
571 584 7
571 585 17
571 586 23
572 587 10
572 588 19
573 589 28
574 590 27
575 591 29
576 592 7
576 593 27
577 594 17
578 595 14
579 596 28
579 597 24
580 598 29
581 599 12
582 600 20
583 600 16
584 600 19
585 600 29
586 600 2
587 600 27
588 600 18
589 600 11
590 600 3
591 600 5
592 600 11
593 600 25
594 600 23
595 600 17
596 600 10
597 600 7
598 600 6
599 600 18
