1 2 48
1 3 19
1 4 11
1 5 3
1 6 84
2 7 15
2 8 57
3 9 5
4 10 51
4 11 64
4 12 37
4 13 8
5 14 21
5 15 77
5 16 29
5 17 69
5 18 35
6 19 31
6 20 22
6 21 34
7 22 1
8 23 48
9 24 50
10 25 43
11 26 81
12 27 66
13 28 80
14 29 79
15 30 52
16 31 23
17 32 12
18 33 51
19 34 49
20 35 22
21 36 88
22 37 30
23 38 42
24 39 38
25 40 76
26 41 72
27 42 27
28 43 18
29 44 18
30 45 82
31 46 33
32 47 53
33 47 11
34 48 21
35 49 2
36 50 42
37 51 9
38 52 84
39 53 69
40 54 77
41 55 37
42 56 29
43 57 2
44 58 57
45 59 52
46 59 50
47 60 41
48 61 71
49 62 6
50 63 36
51 64 33
52 65 82
53 66 58
54 67 22
55 68 27
56 69 35
57 70 35
58 71 55
59 72 72
60 73 20
60 74 68
60 75 31
61 76 22
62 77 60
63 78 86
64 79 33
65 80 70
66 81 74
67 82 45
68 83 35
69 83 33
70 84 70
71 85 36
72 86 55
73 87 60
74 88 58
75 88 39
76 89 58
77 90 23
78 91 19
79 92 82
80 93 71
80 94 15
81 95 47
82 96 8
83 97 46
84 98 63
85 99 30
86 100 26
87 101 59
88 102 41
89 103 81
89 104 88
90 105 50
91 106 34
92 107 86
93 108 55
94 109 62
95 110 13
96 111 12
97 112 45
98 113 67
99 114 81
100 115 25
101 116 3
102 117 88
103 117 74
104 118 83
105 119 51
106 120 70
107 121 84
108 122 9
109 123 86
110 123 18
111 124 78
112 125 5
113 126 9
114 127 48
115 128 31
116 129 32
117 130 6
118 131 66
119 132 48
120 133 63
121 134 20
122 135 86
123 136 52
124 137 28
125 138 61
126 139 61
127 140 1
128 141 78
129 142 43
130 143 19
131 144 10
132 145 43
133 146 43
134 147 70
135 148 18
136 149 38
137 150 9
138 151 25
139 151 61
140 152 64
141 153 31
142 154 9
143 155 47
144 156 1
145 157 32
146 158 40
147 159 36
148 160 2
149 161 35
149 162 53
150 163 16
151 164 10
151 165 47
151 166 52
152 167 79
153 168 82
154 169 54
155 170 31
156 171 40
157 172 87
158 173 60
159 174 39
160 175 46
161 176 29
162 177 12
163 178 18
164 179 73
165 180 32
166 181 26
167 182 82
168 183 78
169 184 26
170 185 61
171 186 61
172 187 41
173 188 9
174 189 58
175 190 57
176 191 20
177 191 41
178 191 15
179 192 65
180 193 48
181 194 23
182 195 55
183 196 79
184 197 72
185 198 83
186 199 81
187 200 53
188 201 85
189 202 88
190 203 76
190 204 58
191 205 77
192 206 63
193 207 12
194 208 72
195 209 77
196 210 9
197 211 40
198 212 82
199 213 57
200 214 84
201 215 75
202 216 21
203 217 22
204 218 83
205 219 28
206 220 80
207 221 71
208 222 73
209 223 38
210 224 7
211 225 58
212 226 56
213 227 14
214 228 73
215 229 36
216 230 26
217 230 63
218 231 33
219 232 1
220 233 77
221 234 66
222 235 43
223 236 11
224 237 54
225 238 39
226 239 11
227 240 57
228 241 31
229 242 34
230 243 42
231 244 80
232 245 53
233 246 11
234 247 17
235 248 66
236 248 26
237 249 58
238 250 62
239 251 55
240 252 50
241 253 74
242 254 66
243 255 27
244 256 44
245 257 82
246 258 18
247 259 24
248 260 48
249 261 53
250 262 19
251 263 80
252 264 13
253 265 9
254 266 77
255 267 42
255 268 3
256 269 40
257 270 10
258 271 52
259 272 76
259 273 67
260 274 31
261 275 81
262 276 82
263 277 81
264 278 83
265 279 79
265 280 64
266 281 25
267 282 72
268 283 7
269 284 69
270 285 5
271 286 32
272 286 71
273 287 76
274 288 82
275 289 41
276 289 50
277 290 40
278 291 40
279 292 27
280 293 48
281 293 77
282 294 20
283 295 5
284 296 73
284 297 23
285 298 65
286 299 83
287 300 43
287 301 87
287 302 28
288 303 34
289 304 72
290 305 19
291 306 85
292 307 51
293 308 36
294 309 5
295 310 33
296 311 85
297 311 14
298 312 52
299 313 19
300 314 4
301 315 8
302 316 44
303 317 5
304 317 79
305 318 53
306 319 17
307 320 22
308 321 74
309 322 56
310 323 82
311 324 62
312 325 60
313 326 26
314 327 76
315 328 28
315 329 19
316 330 80
316 331 14
317 332 75
318 333 80
319 334 41
320 335 12
321 336 89
322 337 51
323 337 79
324 338 71
325 339 29
326 340 62
327 341 68
328 342 8
329 343 14
330 343 60
331 344 64
332 345 56
333 346 29
334 347 8
335 348 10
336 349 76
337 350 45
338 351 32
338 352 71
339 353 44
339 354 43
340 355 86
341 356 37
342 357 87
343 358 55
344 359 83
345 360 81
346 361 66
347 362 31
348 363 47
349 364 19
350 365 57
351 366 15
352 367 54
353 368 60
354 369 19
355 370 27
356 371 40
357 372 59
358 373 18
359 374 69
360 375 35
361 376 41
362 377 24
363 378 70
364 379 3
365 380 28
366 381 8
367 382 49
368 383 18
369 384 84
370 384 1
371 385 41
372 385 85
373 386 72
374 387 26
375 388 29
376 389 84
377 389 59
378 390 4
379 391 2
380 392 40
381 393 22
382 394 61
383 395 71
384 396 70
385 397 35
386 398 1
387 399 37
388 400 18
389 401 45
390 402 53
391 403 55
392 404 27
393 405 80
394 406 43
395 407 31
396 408 38
397 409 57
398 410 51
399 411 54
400 412 41
401 413 21
402 414 27
403 415 10
404 416 32
405 417 89
406 418 68
406 419 25
407 420 34
407 421 28
408 422 82
409 423 32
410 424 75
411 425 67
412 426 37
413 427 13
414 428 71
415 429 66
415 430 44
416 431 30
417 432 14
418 433 12
419 434 84
420 434 54
421 435 89
422 435 86
423 436 20
424 437 30
425 438 84
426 439 53
427 439 7
428 440 74
429 441 66
430 442 21
431 443 51
432 444 39
433 445 32
434 446 74
434 447 64
435 448 5
436 449 14
437 450 78
438 451 72
439 452 29
440 453 6
440 454 80
441 455 76
442 456 55
443 457 4
444 458 2
445 459 3
446 460 71
447 461 79
448 462 60
449 463 37
450 464 67
451 465 14
452 466 18
453 467 86
454 468 35
455 469 74
456 470 62
457 471 89
458 472 15
459 473 28
460 474 73
461 475 82
462 476 41
463 477 2
464 478 56
465 479 47
466 479 52
467 480 41
468 481 50
469 482 42
470 482 62
471 483 74
472 484 73
473 485 48
474 486 84
475 487 25
476 488 45
477 489 33
478 490 14
479 491 57
480 492 28
481 493 40
482 494 45
483 495 88
484 496 10
485 497 28
486 498 43
487 499 43
488 500 24
489 501 13
490 502 55
491 503 4
492 504 47
493 505 78
494 506 20
495 507 11
496 508 10
497 509 6
498 510 26
498 511 71
499 512 46
500 513 31
501 514 48
502 515 54
503 516 87
504 517 81
505 518 74
506 519 80
507 520 25
508 521 66
509 522 49
510 523 19
511 524 65
512 524 15
513 525 83
514 526 22
515 527 72
516 528 11
517 529 32
518 530 20
519 531 88
520 532 84
521 533 68
522 534 68
523 535 31
524 536 54
524 537 62
525 538 13
525 539 57
526 540 2
527 541 40
528 542 15
529 543 32
530 544 54
531 545 1
531 546 47
532 547 11
533 548 32
534 549 2
535 550 8
536 551 6
537 552 3
538 553 63
539 554 80
540 555 41
541 556 35
542 557 1
543 558 57
544 559 89
545 560 84
546 561 84
547 562 88
548 563 20
549 563 39
550 564 18
551 565 21
552 566 37
553 567 78
554 568 79
555 569 74
556 570 53
557 570 89
558 571 9
559 571 34
560 572 43
561 573 82
562 574 46
563 575 32
564 576 58
565 577 4
566 578 64
566 579 78
567 580 35
568 581 76
569 582 50
570 583 9
571 584 87
572 585 53
573 586 55
573 587 72
574 588 10
575 589 45
576 589 26
577 590 88
578 591 37
579 592 31
580 593 30
581 594 69
582 595 16
583 596 51
584 596 35
585 597 14
586 598 19
587 599 43
588 600 85
589 600 66
590 600 16
591 600 64
592 600 63
593 600 89
594 600 24
595 600 75
596 600 69
597 600 50
598 600 9
599 600 68
