1 2 77
1 3 69
1 4 61
1 5 70
2 6 76
2 7 69
2 8 19
3 9 75
3 10 85
3 11 48
3 12 74
3 13 70
4 14 80
4 15 67
4 16 85
5 17 52
5 18 59
5 19 65
6 20 59
7 21 8
8 22 37
9 23 74
10 24 12
11 25 21
12 26 20
13 27 45
14 28 30
15 29 61
16 30 22
17 31 43
18 32 8
19 33 5
20 34 15
21 35 82
22 36 21
23 37 41
24 38 9
25 39 28
26 40 6
27 41 71
28 42 28
29 43 13
30 44 66
31 45 15
32 46 44
33 47 15
34 48 29
35 49 87
36 50 57
37 51 27
38 52 60
39 53 61
40 54 76
41 55 46
42 56 48
43 57 39
44 58 86
45 59 73
46 60 85
47 61 9
48 62 15
49 63 54
50 64 64
51 65 82
52 66 56
53 67 32
54 68 52
55 69 60
56 70 35
57 71 31
58 72 47
59 73 33
60 74 5
61 75 29
62 76 22
63 77 7
64 78 69
65 79 77
66 80 15
67 81 79
68 82 51
69 83 30
70 84 46
71 85 5
72 86 30
73 87 5
74 88 85
75 89 18
76 90 21
77 91 37
78 92 57
79 93 39
80 94 12
81 95 75
82 96 7
83 97 85
84 98 67
85 99 34
86 100 81
87 101 22
88 102 25
89 103 59
90 104 34
91 105 19
92 106 28
93 107 73
94 108 48
95 109 69
96 110 88
97 111 57
98 112 4
99 113 9
100 114 43
101 115 40
102 116 2
103 117 23
104 118 25
105 119 42
106 120 68
107 121 16
108 122 64
109 123 72
110 124 89
111 125 41
112 126 40
113 127 57
114 128 33
115 129 44
116 130 18
117 131 69
118 132 66
119 133 40
120 134 32
121 135 71
122 136 87
123 137 23
124 138 42
125 139 38
126 140 47
127 141 72
128 142 5
129 143 23
130 144 36
131 145 7
132 146 23
133 147 85
134 148 63
135 149 13
136 150 12
137 151 73
138 152 4
139 153 89
140 154 11
141 155 88
142 156 48
143 157 50
144 158 71
145 159 44
146 160 36
147 161 37
148 162 26
149 163 24
150 164 20
151 165 55
152 166 55
153 167 43
154 168 71
155 169 66
156 170 7
157 171 29
158 172 11
159 173 29
160 174 52
161 175 68
162 176 70
163 177 16
164 178 41
165 179 75
166 180 51
167 181 61
168 182 35
169 183 31
170 184 59
171 185 20
172 186 23
173 187 7
174 188 83
175 189 50
176 190 20
177 191 32
178 192 74
179 193 74
180 194 27
181 195 88
182 196 84
183 197 48
184 198 66
185 199 66
186 200 13
187 201 41
188 202 53
189 203 66
190 204 71
191 205 79
192 206 68
193 207 88
194 208 73
195 209 1
196 210 89
197 211 60
198 212 43
199 213 28
200 214 45
201 215 19
202 216 30
203 217 13
204 218 53
205 219 50
206 220 16
207 221 51
208 222 74
209 223 86
210 224 85
211 225 19
212 226 65
213 227 84
214 228 53
215 229 19
216 230 39
217 231 16
218 232 64
219 233 59
220 234 73
221 235 21
222 236 61
223 237 56
224 238 68
225 238 73
226 239 74
227 240 43
228 241 84
229 242 37
230 243 38
231 244 77
232 245 6
233 246 56
234 247 62
235 248 44
236 249 46
237 250 16
237 251 44
238 252 76
239 253 37
240 254 3
241 255 35
242 256 5
243 257 42
244 258 21
245 259 34
246 260 73
247 261 57
248 262 42
249 263 82
250 264 41
251 265 54
252 266 59
253 267 50
254 268 20
255 269 42
256 270 64
257 271 48
258 272 54
259 273 49
260 274 27
261 275 82
262 276 12
263 277 89
264 278 46
265 279 88
266 280 20
267 281 64
268 282 44
269 283 23
270 284 75
271 285 49
272 286 89
273 287 71
274 288 29
275 289 34
276 290 76
277 291 2
278 292 62
279 293 11
280 294 56
281 295 12
282 296 81
283 297 21
284 298 3
285 299 60
286 300 28
287 301 6
288 302 28
289 303 6
290 304 77
291 305 63
292 306 41
293 307 20
294 308 6
295 309 46
296 310 15
297 311 53
298 312 54
299 313 49
300 313 42
301 314 10
302 315 22
303 316 66
304 317 1
305 318 30
306 319 87
307 320 77
308 321 14
309 322 34
310 323 63
311 324 61
312 325 12
313 326 75
314 327 10
315 328 17
315 329 55
316 330 63
317 331 64
318 332 34
319 333 36
320 334 28
321 335 59
322 336 64
323 337 88
324 338 9
325 339 50
326 340 10
327 341 33
328 342 17
329 343 9
330 344 62
331 345 2
332 346 72
333 347 83
334 348 64
335 349 39
336 350 24
337 351 46
338 352 24
339 353 55
340 354 87
341 355 17
342 356 21
343 357 87
344 358 33
345 359 16
346 360 10
347 361 11
348 362 11
349 363 62
350 364 58
351 365 60
352 366 48
353 367 40
354 368 53
355 369 22
356 370 59
357 371 59
358 372 35
359 372 87
360 373 17
361 374 72
362 375 77
363 376 84
364 377 86
365 378 77
366 379 55
367 380 72
368 381 40
369 382 79
370 383 4
370 384 15
371 385 82
372 386 9
373 387 77
374 388 18
375 389 48
376 390 86
377 391 8
378 392 4
379 393 25
380 394 15
381 395 28
382 396 2
383 397 43
384 398 34
385 399 72
386 400 72
387 401 36
388 402 29
389 403 16
390 404 59
391 405 68
392 406 87
393 407 59
394 408 49
395 409 5
396 410 88
397 411 42
398 412 28
399 413 36
400 414 84
401 415 63
402 416 16
403 417 50
404 417 11
405 418 86
406 419 1
407 420 25
408 421 78
409 422 1
410 423 64
411 424 46
412 425 76
413 426 14
414 427 12
415 428 70
416 429 59
417 430 46
418 431 83
419 432 37
419 433 42
420 434 39
421 435 6
422 436 50
423 437 50
424 438 63
425 439 11
426 440 34
427 441 50
428 442 15
429 443 22
430 444 66
431 445 12
432 446 6
433 447 30
434 448 19
435 449 49
436 450 1
437 451 16
438 452 64
439 453 4
440 454 56
441 455 21
442 456 22
443 457 87
444 458 61
445 459 17
446 460 39
447 461 34
448 462 4
449 463 32
450 464 59
451 465 7
452 466 33
453 467 62
454 468 31
455 469 46
456 470 89
457 471 2
458 472 77
459 473 6
460 474 66
461 475 25
462 476 85
463 477 61
464 478 49
465 479 44
466 480 43
467 481 79
468 481 10
469 482 58
470 483 35
471 484 13
472 485 2
473 486 78
474 487 59
475 488 62
476 489 23
477 490 63
478 491 76
479 492 87
480 493 74
481 494 49
482 495 50
483 496 25
484 497 53
485 498 88
486 499 38
487 500 23
488 501 84
488 502 76
489 503 19
490 504 41
491 505 58
492 506 86
493 507 74
494 508 19
495 509 39
496 509 88
497 510 80
498 511 77
499 512 78
500 513 48
501 514 80
502 515 66
503 516 2
504 517 84
505 518 2
505 519 54
506 520 69
507 521 87
508 522 44
509 523 11
510 524 58
511 525 84
512 526 45
513 527 77
514 528 89
515 529 64
516 530 5
517 531 23
518 532 60
519 533 81
520 534 75
521 535 9
522 536 26
523 537 2
524 538 85
525 539 59
526 540 48
527 541 81
528 542 15
529 543 62
530 544 28
531 545 45
532 546 38
533 547 6
534 548 65
535 549 3
536 550 57
537 551 82
538 552 2
539 553 37
540 554 35
541 554 40
542 555 87
543 556 81
544 557 66
545 558 42
546 559 74
547 560 81
548 561 56
549 562 73
550 563 51
551 564 47
552 565 16
552 566 58
553 567 27
554 568 45
555 569 77
556 570 37
557 571 65
558 572 12
559 573 62
560 574 65
561 575 25
562 576 3
563 577 2
564 578 34
565 579 71
566 580 33
567 581 42
568 582 9
569 583 46
570 584 27
571 585 53
572 586 14
573 587 52
574 588 37
575 589 72
576 589 5
577 590 80
578 591 44
579 592 18
580 593 8
581 594 26
582 595 42
583 596 33
584 597 66
585 598 74
586 599 83
587 600 85
588 600 84
589 600 58
590 600 19
591 600 27
592 600 86
593 600 41
594 600 57
595 600 10
596 600 2
597 600 55
598 600 34
599 600 68
