4 1 2 2 3 1 2 4
10 13 7 1 10 11 8 13
18 15 14 3 24 19 22 21
14 2 1 20 3 3 18 16
17 7 12 0 14 21 23 18
13 24 8 5 4 3 23 18
7 8 7 1 6 7 7 8
9 18 16 18 18 12 9 16
0 3 9 7 20 26 24 26
0 24 11 1 9 28 14 26
1 25 4 30 11 5 26 7
11 18 3 11 5 8 10 9
11 10 6 11 2 12 2 11
3 0 7 6 8 7 3 8
1 0 1 2 0 0 2 0
9 8 5 12 7 10 3 16
8 9 16 5 20 14 20 7
3 0 1 4 4 1 1 1
6 1 14 22 10 16 5 23
2 8 8 5 6 2 7 0
1 2 1 1 2 1 2 0
20 4 30 27 8 15 24 20
16 8 14 2 7 2 3 7
9 15 13 11 19 6 17 11
31 11 3 24 26 28 30 12
1 14 5 16 3 2 7 4
5 13 14 10 20 8 13 17
4 1 1 1 2 0 0 2
0 1 1 2 2 2 1 2
3 2 0 0 1 3 2 0
2 1 1 0 4 4 0 0
5 1 8 2 7 4 8 4
23 29 7 15 25 28 21 24
8 5 8 11 2 1 11 12
13 4 11 4 1 3 11 7
32 8 21 11 1 34 23 7
3 2 2 3 0 4 2 0
11 0 3 3 10 0 8 9
9 8 10 4 8 6 13 12
5 4 7 9 9 7 13 3
14 10 24 16 12 7 15 13
0 7 2 5 2 5 1 4
6 29 7 31 1 27 8 30
1 2 7 0 0 2 2 4
16 16 18 29 4 2 9 20
14 0 19 20 21 6 0 22
4 16 7 13 5 16 6 1
4 0 3 0 2 3 1 2
8 5 0 7 2 4 3 5
0 11 17 6 6 15 18 15
30 29 29 22 1 20 16 9
21 24 24 5 7 4 34 23
13 17 4 9 0 16 10 20
13 14 6 4 14 10 3 8
4 1 10 15 2 7 10 18
0 34 26 5 28 31 12 6
4 2 6 3 3 3 5 1
0 0 5 13 6 11 5 7
8 5 14 20 19 30 0 5
1 0 1 1 0 1 0 0
8 17 5 10 11 0 12 7
2 8 14 5 0 2 2 9
18 19 15 13 2 20 18 13
2 0 0 2 0 0 0 2
36 34 22 12 32 8 12 12
3 0 0 1 0 0 6 1
1 3 4 9 20 13 3 5
3 34 2 31 6 21 3 15
6 12 14 2 11 5 5 1
20 10 14 19 23 3 25 16
4 9 1 17 11 12 10 13
12 11 4 6 9 2 1 4
6 14 12 0 11 1 14 2
21 3 20 3 10 13 16 10
0 0 2 0 1 0 0 1
22 32 33 25 8 18 0 7
4 2 3 6 5 0 6 5
19 8 6 5 32 13 23 5
32 30 9 34 20 33 9 33
7 4 5 12 2 18 23 18
23 21 13 8 15 4 3 4
0 22 21 17 6 10 14 12
7 18 14 3 1 5 3 17
3 3 6 2 5 10 8 7
6 0 2 4 3 0 1 5
16 2 15 2 0 20 19 3
9 10 8 21 6 20 4 5
0 3 2 1 0 2 0 4
8 24 0 19 11 1 25 21
1 6 4 10 13 13 14 17
10 6 5 10 13 1 3 12
5 2 1 2 3 8 3 3
13 21 3 0 11 0 21 18
13 0 3 12 22 15 7 14
1 2 7 3 8 1 6 0
11 31 20 27 20 6 23 32
6 4 3 11 7 12 9 4
6 1 12 2 12 13 5 6
2 6 6 6 0 6 1 1
5 7 4 1 7 3 3 8
19 19 2 26 0 18 19 23
6 22 24 28 25 33 7 25
23 8 15 24 22 33 12 16
5 25 0 24 19 31 34 5
5 6 5 0 1 3 2 0
4 15 5 4 1 4 14 9
5 8 4 3 7 0 5 4
17 26 16 29 4 3 11 15
2 1 1 1 1 2 1 0
7 4 6 5 1 1 4 3
7 16 13 1 6 9 16 12
32 19 30 32 0 6 30 4
8 7 0 5 5 6 2 1
2 2 1 1 0 0 2 1
18 4 1 24 14 17 0 28
10 1 13 1 4 27 22 11
22 30 8 31 29 6 19 28
5 1 7 5 0 1 9 3
2 7 9 14 10 28 13 6
15 20 5 10 20 22 19 10
15 16 11 3 0 5 5 10
0 7 11 15 17 3 19 5
2 14 2 11 1 0 14 4
26 8 12 23 14 23 2 26
1 20 5 14 7 15 4 5
10 10 2 0 20 20 15 2
0 14 13 3 16 2 5 18
5 4 8 12 15 18 1 18
9 17 23 13 13 2 24 18
5 11 14 16 2 16 1 14
1 7 0 4 8 8 2 8
18 12 0 14 8 8 9 20
17 28 8 16 12 17 28 18
16 10 11 4 22 20 9 3
11 20 15 8 3 15 12 15
12 24 2 0 12 1 24 22
2 2 0 2 2 3 6 1
20 25 7 3 20 9 15 17
5 5 2 10 7 3 6 4
5 4 15 28 1 32 3 9
1 0 1 2 0 2 2 0
24 3 30 17 0 21 18 30
1 4 6 3 19 8 20 1
2 2 1 0 2 2 2 0
7 3 6 9 7 5 6 1
26 0 21 13 25 17 8 30
13 17 1 10 4 9 8 6
6 1 5 0 10 0 3 8
2 1 0 1 0 0 0 0
12 2 9 9 12 10 3 4
11 0 11 7 8 3 3 7
9 8 0 8 11 1 7 0
13 23 21 14 24 13 1 11
25 10 6 27 25 11 27 31
28 26 32 33 26 2 25 5
2 6 0 5 10 8 5 7
3 16 9 10 13 24 24 5
9 16 15 20 10 7 18 11
18 0 22 13 23 26 13 26
23 6 30 34 17 27 34 35
23 1 17 8 2 3 9 6
6 1 5 8 8 9 9 9
5 1 1 12 6 10 6 6
1 14 16 20 5 9 22 20
4 5 5 7 7 3 4 0
23 21 27 8 21 32 23 15
18 4 1 10 18 14 11 7
36 6 32 24 8 17 14 18
8 3 6 19 15 5 3 14
27 30 27 2 18 0 10 13
7 4 31 8 21 24 30 10
28 21 19 23 28 13 4 24
30 15 2 22 22 23 30 16
20 10 15 2 9 2 3 3
2 0 1 0 2 0 0 2
5 25 2 6 9 27 2 6
18 21 15 10 30 22 29 31
23 0 13 18 0 6 15 5
11 23 34 12 11 33 11 34
23 22 30 3 15 22 31 27
2 7 3 3 20 22 9 8
24 21 30 22 1 23 31 8
0 0 0 0 0 2 1 0
13 17 26 8 26 2 18 19
25 23 21 11 22 14 26 28
6 2 4 3 6 1 7 5
3 7 35 29 26 26 19 7
1 0 2 1 1 1 2 2
5 1 5 6 4 3 1 4
5 8 0 18 13 7 4 16
21 14 12 2 11 10 19 10
5 20 15 23 9 15 26 24
29 0 25 22 8 26 23 17
24 23 15 13 11 4 10 1
15 2 14 5 4 0 3 0
28 28 25 9 22 4 6 2
4 1 17 1 17 4 0 2
12 8 0 5 1 12 3 5
32 7 24 14 3 8 7 20
11 13 6 13 12 12 13 4
10 31 33 31 11 21 5 5
4 14 4 2 13 12 8 5
12 11 9 0 12 5 13 2
16 27 32 19 22 27 9 26
0 2 0 1 0 2 2 0
7 10 0 8 6 2 0 6
12 15 13 11 15 21 24 11
2 17 22 5 23 18 18 2
8 12 3 9 5 7 10 7
13 21 13 16 6 4 17 21
13 12 0 8 22 2 9 19
9 13 9 16 6 18 11 18
6 6 6 2 5 2 0 0
21 12 14 21 10 3 25 25
4 1 0 2 0 4 0 2
22 11 0 13 21 6 3 10
1 0 1 2 2 2 0 2
9 1 4 6 9 6 10 3
27 1 29 17 8 4 12 17
5 12 22 12 18 12 20 24
14 10 14 10 10 1 14 11
21 21 6 9 10 16 21 11
10 3 10 5 7 2 5 2
6 1 1 1 3 0 8 9
17 1 18 9 5 18 2 9
24 19 32 7 6 29 9 29
9 3 4 11 14 15 24 15
15 5 5 1 1 5 10 3
4 1 1 3 2 1 5 6
16 0 25 12 17 26 7 6
5 20 0 16 15 21 17 21
10 9 6 9 4 12 0 7
14 13 12 8 7 0 18 4
16 2 17 18 14 3 0 13
3 4 3 6 5 0 6 4
5 12 1 11 6 1 2 12
23 31 33 20 23 16 18 24
6 6 5 6 5 16 10 6
4 9 5 5 8 11 11 7
2 3 4 4 3 6 2 3
6 8 9 0 6 1 6 6
3 4 4 0 4 1 4 2
0 2 0 0 2 0 2 1
22 18 0 10 6 2 27 0
17 17 21 11 23 10 31 0
4 13 6 5 0 0 10 1
5 4 0 1 2 1 4 4
3 10 12 10 7 0 7 13
16 22 11 27 1 30 1 22
21 10 2 24 36 16 35 4
18 2 18 13 13 3 4 0
6 9 12 11 7 10 6 3
22 5 19 10 2 7 18 18
2 2 2 0 2 1 2 2
5 2 6 9 0 3 2 5
1 0 1 2 1 1 2 2
5 5 5 0 6 8 1 4
20 15 5 15 2 11 11 14
3 8 6 1 1 6 12 11
0 0 2 2 0 2 0 1
7 2 14 7 11 1 11 6
20 15 23 19 9 1 4 7
2 12 12 20 19 28 6 14
8 7 11 9 8 6 1 10
12 24 11 14 19 12 19 8
23 19 21 4 21 18 20 9
1 2 0 0 1 0 0 2
5 8 2 10 0 0 1 1
12 20 5 7 0 15 11 5
18 5 2 8 7 18 18 4
30 15 10 14 31 28 20 6
1 21 3 1 11 23 13 2
4 2 2 3 4 1 0 0
15 8 12 19 22 10 20 11
25 0 25 17 32 3 5 29
0 8 5 5 0 12 6 8
0 4 8 1 3 0 0 5
3 11 10 6 15 15 4 2
29 28 19 23 26 18 6 8
2 1 1 2 1 0 0 2
21 2 21 16 20 8 20 9
20 23 4 2 22 9 20 26
4 6 1 5 5 1 1 0
23 27 5 1 11 24 7 30
7 9 3 1 9 0 4 8
4 3 3 2 3 1 3 4
12 4 6 8 6 12 6 5
30 15 21 32 8 11 6 3
1 1 0 0 2 0 1 0
1 4 1 6 2 1 3 3
9 19 4 20 25 9 20 3
7 6 6 3 5 6 8 2
16 1 19 6 1 17 12 5
2 4 2 3 1 4 3 4
2 3 4 0 1 1 3 4
10 20 6 17 12 7 2 8
3 1 5 4 0 4 6 4
2 1 0 2 2 0 2 1
12 17 6 3 21 11 5 14
10 9 1 11 6 6 9 2
2 20 1 10 0 9 20 18
4 0 0 4 3 1 3 1
10 11 1 1 2 18 0 17
12 13 2 13 4 7 15 6
2 1 2 4 4 0 3 5
17 15 16 9 1 18 1 16
4 2 0 5 1 6 6 6
4 5 0 6 0 0 2 6
9 6 24 22 16 4 16 10
20 16 22 22 6 10 3 14
4 17 12 28 13 31 25 28
9 14 22 8 20 22 3 1
16 16 18 20 9 5 16 10
8 4 3 6 15 15 12 15
24 10 25 4 26 0 21 19
3 1 13 10 6 3 5 1
3 0 4 3 1 3 1 3
6 3 9 16 9 2 16 0
2 19 15 10 25 13 12 21
5 4 5 6 3 6 3 5
4 22 10 8 17 20 14 12
6 4 8 6 5 7 5 5
2 1 0 1 2 2 2 2
3 0 4 4 6 5 0 3
3 14 6 15 16 1 10 2
2 6 2 0 1 3 3 4
0 2 0 0 1 4 2 2
1 3 4 2 2 1 2 4
1 20 20 6 20 10 11 12
5 7 3 9 1 6 1 3
15 27 15 27 1 0 6 31
18 32 12 5 25 6 0 15
10 13 5 12 4 8 0 10
18 11 5 6 0 23 19 18
7 11 2 2 5 5 14 0
26 15 20 28 7 8 20 24
4 0 0 3 6 1 5 5
19 0 10 1 4 0 14 9
25 13 9 12 13 8 5 12
1 16 1 16 21 6 15 10
2 9 10 7 4 2 4 9
4 4 26 30 4 28 20 21
16 3 3 13 9 17 15 4
14 3 10 3 12 3 3 2
8 4 10 10 2 6 8 8
17 16 16 20 3 4 3 26
6 8 7 3 8 15 1 15
0 0 0 0 0 0 1 2
18 13 2 9 5 22 4 2
31 14 7 4 27 21 27 22
9 6 17 23 6 3 5 3
8 0 5 6 5 0 7 0
0 2 1 1 2 2 1 0
0 2 2 2 2 0 1 2
0 2 3 2 11 0 1 14
16 6 14 14 18 9 16 16
2 1 16 9 13 13 0 10
28 23 21 32 6 0 25 17
0 10 5 7 12 4 6 11
9 4 6 13 9 12 26 20
4 3 2 1 3 3 5 6
3 5 0 2 12 14 3 12
11 0 12 1 2 9 5 4
3 3 3 1 1 2 1 1
0 2 1 1 2 2 2 2
5 2 11 17 24 25 16 20
7 1 0 19 4 15 18 11
15 13 26 4 22 25 16 30
1 12 14 19 12 20 1 6
6 15 12 9 6 26 9 2
2 3 4 6 5 5 2 2
14 10 4 12 8 5 14 13
16 12 13 16 11 10 15 14
11 7 2 0 1 2 3 5
14 9 10 12 8 2 1 0
5 1 2 0 4 5 4 3
0 2 18 7 11 17 22 17
27 28 26 31 10 11 16 9
8 16 3 17 6 8 10 1
16 20 19 13 15 23 0 7
2 18 12 18 1 15 1 7
25 8 7 20 29 10 1 20
1 1 0 1 0 0 2 0
18 6 18 27 21 29 7 9
2 4 5 5 0 5 8 0
1 2 4 0 2 2 4 4
6 6 2 4 3 1 2 5
14 10 0 11 7 0 13 13
8 15 17 19 20 22 20 9
1 0 10 9 9 1 0 8
11 12 2 4 8 12 0 10
14 13 13 5 7 1 10 6
6 10 3 2 2 9 7 10
7 20 19 12 1 7 6 2
4 12 11 7 3 3 9 5
5 3 0 6 0 0 8 0
4 4 21 20 12 24 9 3
4 3 0 2 1 3 2 1
7 13 20 14 23 14 14 25
2 2 2 0 0 0 0 1
4 20 11 4 11 3 20 8
13 18 15 26 26 14 9 18
28 2 14 25 32 34 32 5
12 0 20 17 8 13 19 20
2 3 6 1 5 7 0 2
11 16 10 23 17 5 14 14
31 4 23 21 23 5 4 2
20 16 28 15 30 34 36 19
13 15 0 12 8 12 10 3
0 3 1 3 1 4 1 4
2 1 2 1 0 0 1 0
12 2 5 4 7 0 10 7
1 7 2 8 8 6 3 0
17 13 12 13 12 7 4 12
1 2 6 5 2 1 1 1
13 3 6 1 0 5 7 4
1 9 16 10 6 11 6 1
9 20 6 0 7 19 22 17
6 5 8 4 3 4 1 8
18 6 8 20 2 12 12 20
2 1 2 1 2 0 1 1
6 4 1 12 0 11 4 0
2 3 11 12 5 14 6 11
6 4 2 12 6 4 7 7
1 2 1 6 1 2 6 6
1 5 7 3 1 2 9 9
25 22 20 5 17 5 3 22
5 17 19 7 8 11 0 22
1 1 0 0 0 1 2 0
28 15 6 27 8 5 1 12
8 10 16 3 5 4 6 15
14 19 2 17 8 4 16 17
1 1 3 7 2 7 6 5
29 8 17 12 12 3 25 16
5 3 14 22 10 20 4 5
26 9 21 11 11 26 5 24
7 22 25 12 2 5 6 8
1 1 2 0 1 0 1 1
5 19 13 7 4 0 8 4
10 11 12 1 7 14 2 12
16 8 25 1 16 24 13 14
1 2 0 2 6 0 3 1
17 20 0 1 10 9 22 16
3 4 4 1 5 6 4 3
0 3 2 4 3 4 1 1
1 12 14 6 14 11 1 5
25 19 6 7 13 25 14 16
3 5 0 19 6 6 11 0
12 17 4 0 7 3 15 15
7 4 6 9 9 3 5 1
4 1 1 6 2 6 4 6
15 11 13 9 20 3 17 0
22 15 15 21 14 19 3 10
13 20 7 0 12 17 8 19
8 32 10 23 1 29 8 10
10 10 6 14 3 4 12 18
21 10 14 16 8 18 4 10
2 19 22 21 8 4 7 16
10 13 7 9 8 13 6 1
12 32 15 30 7 28 3 14
2 0 0 2 0 0 4 2
15 24 31 27 4 36 34 32
20 20 9 6 16 30 0 5
25 22 15 30 13 23 14 34
10 0 9 4 18 0 26 21
3 11 4 4 5 8 10 11
7 3 2 5 4 3 9 12
7 3 1 3 1 5 1 15
6 2 1 1 0 7 0 5
3 19 16 18 0 22 4 1
2 4 4 0 1 1 2 2
24 16 8 6 0 27 20 26
9 24 18 30 31 10 0 28
7 9 22 15 13 21 8 12
26 8 9 4 27 17 12 30
16 31 15 11 9 18 30 26
8 3 11 15 1 15 12 0
2 2 19 9 16 10 2 15
18 14 25 13 6 18 13 15
8 11 2 16 11 15 5 15
3 0 5 3 0 8 6 4
0 4 15 7 5 1 12 8
0 1 3 3 0 0 1 3
32 11 28 14 19 22 32 24
4 17 9 5 10 18 11 0
17 3 2 7 12 1 9 4
4 2 3 0 2 3 0 1
11 18 6 11 14 0 22 6
13 9 22 21 12 17 5 27
5 3 0 6 4 2 6 2
1 10 2 13 5 12 24 11
18 5 26 10 12 8 24 12
18 8 19 21 9 1 3 4
9 2 15 3 10 16 28 6
5 6 14 14 5 3 7 12
28 5 36 23 6 16 14 9
3 2 4 4 4 2 0 3
15 2 7 9 14 2 11 16
11 14 13 9 9 8 11 8
4 28 1 1 27 18 24 15
6 14 4 4 33 27 5 15
5 19 19 1 1 0 20 15
9 1 5 13 18 18 7 1
24 9 22 31 30 19 22 15
6 5 6 3 6 7 3 2
13 22 17 21 3 6 1 23
2 10 3 8 1 4 1 9
15 23 23 1 20 7 18 2
19 15 11 1 16 3 6 1
11 8 6 10 4 4 9 1
2 1 1 12 6 5 11 11
8 29 22 19 18 11 26 23
1 9 6 3 14 14 1 6
24 21 26 21 2 25 14 1
16 0 5 9 9 7 11 7
22 14 6 6 24 12 2 1
8 17 21 23 28 0 9 23
8 8 16 2 12 4 5 3
0 2 0 0 0 0 2 1
12 3 1 10 6 4 16 11
15 23 29 5 22 23 11 13
2 20 10 5 21 10 16 22
8 24 26 23 17 14 25 3
1 22 1 14 26 2 5 9
14 20 14 7 16 15 12 5
0 8 12 3 15 5 3 9
8 8 13 9 18 17 17 1
6 4 3 1 8 7 3 1
17 20 9 8 7 8 0 20
10 30 16 11 14 12 1 21
7 9 7 0 3 5 4 9
16 14 2 17 6 12 9 12
0 0 0 0 2 1 1 1
0 20 25 24 28 13 14 16
6 11 4 10 6 19 10 7
11 1 10 10 4 11 5 4
27 5 30 21 35 12 18 19
24 5 6 2 11 9 23 21
30 31 13 19 2 36 18 22
4 19 8 14 1 11 15 5
6 23 0 10 25 28 13 13
14 17 12 15 7 10 4 8
2 1 1 1 1 2 1 2
27 25 32 15 5 19 17 33
0 1 4 0 3 0 3 3
5 10 7 13 7 22 3 0
1 19 16 2 1 21 32 25
4 0 3 0 2 2 3 4
1 4 4 2 0 3 1 0
24 0 26 12 7 1 24 21
7 11 7 24 10 19 25 24
9 3 10 12 11 19 12 2
12 0 7 7 2 5 9 11
17 22 6 13 0 18 24 24
22 8 20 20 2 11 15 19
4 2 4 2 4 1 2 3
1 1 1 2 2 0 0 2
6 3 0 5 5 4 2 0
2 15 16 19 14 29 20 17
2 0 2 0 3 2 1 1
5 17 26 34 16 16 33 21
6 5 6 3 3 1 4 0
2 2 0 8 4 10 7 12
0 1 1 1 2 1 1 0
2 4 0 4 1 2 1 2
13 1 13 0 9 6 3 0
6 11 4 6 8 3 7 1
13 31 28 26 29 34 28 15
16 8 18 4 3 20 14 16
9 13 13 16 11 14 14 8
15 13 12 8 23 10 0 9
4 2 0 6 0 3 1 2
17 14 13 24 6 29 19 21
18 6 17 14 29 9 16 29
7 2 9 2 8 6 5 0
10 6 2 8 7 1 5 5
4 6 2 1 4 4 1 6
5 23 17 10 17 25 9 23
3 11 4 4 3 4 11 1
5 3 5 3 3 3 5 1
6 9 8 8 4 24 15 5
2 8 6 5 9 6 5 4
1 8 1 10 24 4 28 20
0 1 12 1 2 2 1 12
7 1 26 26 7 8 9 30
2 4 3 9 5 9 14 3
1 12 0 12 4 9 4 6
0 1 1 2 1 1 1 2
5 17 11 14 7 17 11 7
28 25 18 11 10 18 18 7
16 13 8 0 0 17 19 18
0 0 3 3 4 2 4 2
4 5 13 5 13 7 11 13
16 16 2 8 11 21 13 21
0 18 14 16 20 6 4 20
14 22 18 22 30 15 17 26
3 5 2 6 7 5 2 2
14 12 0 13 4 3 11 3
24 4 4 11 28 10 18 3
4 2 4 5 1 1 3 6
8 19 10 1 13 19 13 14
2 12 5 32 20 17 24 9
24 30 8 25 3 28 15 15
25 1 22 16 1 12 3 8
2 2 3 27 20 31 6 35
13 10 15 8 3 16 7 18
11 2 6 9 0 7 1 0
29 21 5 3 4 15 21 28
3 2 3 3 1 0 3 1
2 4 8 8 3 5 11 12
2 3 3 1 3 0 4 4
8 9 6 9 8 5 10 4
5 2 1 10 7 9 12 12
0 1 2 0 1 1 0 0
7 1 4 15 13 23 12 12
0 8 4 6 5 8 3 4
3 5 4 8 0 0 10 10
2 25 25 11 34 17 4 26
18 7 1 16 18 11 10 20
9 20 22 18 4 17 2 0
3 0 2 2 1 3 3 1
3 24 11 10 16 6 24 1
14 10 3 15 19 9 21 3
0 2 0 1 1 1 0 2
4 5 7 4 8 5 0 8
2 1 1 3 3 8 6 6
0 4 3 3 1 4 3 4
1 11 11 9 14 3 13 11
1 0 29 3 4 30 17 26
15 12 10 14 10 29 10 15
24 22 26 1 15 14 20 23
26 16 23 34 19 16 2 14
4 2 8 7 2 7 14 8
0 0 1 0 1 1 0 1
34 15 6 19 16 31 8 12
8 26 22 14 18 3 23 17
0 1 0 0 1 0 2 0
7 11 14 22 23 7 13 0
4 1 2 2 8 5 5 8
4 20 20 10 30 8 15 10
7 5 6 2 6 7 0 8
2 6 4 2 5 5 6 5
6 3 11 1 12 0 1 15
0 1 0 1 0 2 1 0
15 23 32 24 28 2 4 27
7 1 9 5 10 1 13 5
6 8 0 0 7 3 0 7
13 13 7 14 13 9 4 8
8 23 4 3 26 21 20 3
36 36 22 21 29 35 3 31
20 30 19 9 17 33 23 21
4 18 19 19 0 9 26 21
10 24 26 27 5 21 7 19
26 18 19 17 31 31 14 32
2 10 2 2 1 10 12 0
2 2 3 8 8 3 0 6
4 0 11 7 3 5 11 5
5 10 5 6 7 4 0 5
1 2 2 5 5 2 6 5
0 2 1 1 0 1 0 0
1 1 0 1 0 2 0 1
7 31 12 1 21 18 11 5
6 15 31 31 27 25 15 24
9 9 1 14 9 14 22 23
2 8 22 29 24 29 28 10
25 7 23 5 0 33 32 18
9 21 19 20 15 19 18 9
1 1 0 1 2 0 0 2
7 8 5 3 2 7 0 2
23 11 17 12 7 18 21 6
2 15 5 8 24 9 21 16
2 5 5 12 3 6 6 11
5 2 5 6 5 2 4 5
2 1 0 5 5 4 0 3
1 27 18 3 18 1 0 7
18 6 10 12 0 0 5 12
0 2 0 1 2 1 1 2
3 3 2 1 0 4 2 0
4 2 3 3 3 0 0 1
5 5 10 1 12 4 4 7
8 2 2 7 11 19 24 1
1 3 8 1 5 4 6 4
18 25 2 23 16 21 27 30
5 7 16 11 11 20 4 2
26 31 32 24 24 13 4 1
0 12 9 7 4 11 1 12
2 1 0 1 3 3 0 2
12 16 9 5 11 7 1 5
22 4 29 3 30 11 32 7
4 0 13 5 15 9 12 14
12 14 5 17 15 10 8 17
3 7 10 4 12 3 4 3
32 7 8 18 11 9 18 7
24 2 5 14 2 1 16 5
10 23 17 13 24 15 18 7
34 2 33 21 4 19 6 23
14 0 7 15 16 4 14 2
12 22 3 2 7 13 4 7
10 11 1 9 8 10 4 0
19 11 20 13 21 36 34 12
