1 2 6
1 3 5
1 4 3
2 5 5
2 6 3
2 7 5
2 8 7
2 9 4
3 10 1
3 11 4
3 12 3
3 13 3
4 14 7
4 15 2
4 16 6
4 17 1
4 18 3
5 19 3
6 20 3
6 21 3
7 22 5
8 23 6
9 24 3
9 25 3
10 26 1
10 27 4
11 28 4
11 29 1
12 30 6
13 31 3
13 32 2
14 33 7
15 34 3
16 35 1
16 36 3
17 37 6
17 38 5
18 39 1
18 40 2
19 41 5
20 41 6
21 42 6
22 43 3
23 44 4
24 45 6
25 45 6
26 46 7
27 46 6
28 46 5
29 47 7
30 48 4
31 48 1
32 48 2
33 49 2
34 50 5
35 50 5
36 50 3
37 51 4
38 52 6
39 52 7
40 53 3
41 54 4
42 55 3
43 56 3
44 56 2
45 57 7
46 58 6
47 58 7
48 59 3
49 60 7
50 61 3
51 62 3
52 63 1
53 64 2
54 65 3
55 66 3
56 67 4
57 68 6
57 69 1
57 70 3
57 71 3
58 72 7
59 73 4
59 74 3
60 75 6
61 76 2
62 77 7
63 78 4
63 79 3
64 80 6
65 81 5
66 82 3
67 83 3
68 84 2
69 85 3
70 86 4
71 87 7
72 88 5
73 89 6
74 90 6
75 91 5
76 92 1
77 93 2
78 94 7
79 95 4
80 96 1
81 97 2
82 98 6
83 99 1
84 100 1
85 101 4
86 102 6
87 103 6
88 104 7
89 105 1
90 105 4
91 106 2
92 107 4
93 108 5
94 109 3
95 109 4
96 110 1
97 111 6
98 111 6
99 112 2
100 113 7
101 114 2
102 114 6
103 114 4
104 114 6
105 115 3
106 115 6
107 116 6
108 116 1
109 117 7
110 118 7
111 119 3
112 120 6
113 121 6
114 122 4
114 123 4
115 124 7
115 125 4
116 126 3
117 127 3
117 128 1
118 129 3
118 130 5
119 131 2
120 132 2
121 133 3
122 134 4
123 134 3
124 135 3
125 136 4
126 137 7
127 138 6
128 138 4
129 139 2
130 140 7
131 141 4
132 142 5
133 143 6
134 144 7
134 145 1
134 146 1
135 147 1
135 148 2
135 149 6
136 150 3
137 151 1
137 152 4
138 153 1
138 154 6
138 155 7
139 156 3
140 157 1
140 158 3
141 159 4
142 160 4
143 161 2
144 162 4
145 163 7
146 164 6
147 164 5
148 165 7
149 166 2
150 167 3
151 168 4
152 168 7
153 169 2
154 169 6
155 170 3
156 171 2
157 171 3
158 171 2
159 172 3
160 172 6
161 173 5
162 174 5
163 175 1
164 175 7
165 175 6
166 176 5
167 176 5
168 177 5
169 178 7
170 178 6
171 178 3
172 179 5
172 180 7
173 181 6
173 182 3
173 183 6
174 184 4
175 185 6
175 186 7
176 187 7
177 188 1
178 189 2
179 190 6
179 191 7
180 192 1
181 193 1
182 194 5
182 195 2
183 196 6
184 197 7
185 198 3
186 199 5
187 200 5
188 201 2
189 202 5
190 203 3
191 204 5
192 205 7
193 206 1
194 207 5
195 208 5
196 209 1
197 210 1
197 211 5
198 212 3
199 213 7
200 214 7
201 215 3
202 216 6
203 217 3
204 218 6
205 219 4
206 220 5
207 221 1
208 221 3
209 222 3
210 223 6
211 224 4
212 225 7
213 225 7
214 226 5
215 227 5
216 228 5
217 229 3
218 230 5
219 230 5
220 231 5
221 232 1
222 232 5
223 233 2
224 234 7
225 235 1
226 236 2
227 237 3
228 238 1
229 239 7
230 240 3
230 241 7
231 242 5
231 243 7
232 244 5
233 245 1
234 246 5
234 247 1
235 248 3
235 249 7
236 250 4
236 251 6
236 252 2
237 253 6
238 254 5
238 255 5
239 256 1
240 257 6
241 257 6
242 258 5
243 258 2
244 259 6
245 259 3
246 260 2
247 261 6
248 261 7
249 262 7
250 263 4
251 263 5
252 264 7
253 265 6
254 265 4
255 266 3
256 267 7
256 268 1
257 269 1
257 270 2
258 271 3
259 272 2
260 273 2
261 274 7
261 275 4
261 276 7
262 277 6
263 278 6
264 279 6
265 280 6
266 281 7
267 282 2
268 283 1
269 284 7
270 285 6
271 286 1
272 287 7
273 288 6
274 289 3
275 290 1
276 291 4
277 292 3
278 292 2
279 293 7
280 294 4
281 295 1
282 296 7
283 297 4
284 298 6
285 299 4
286 300 6
286 301 5
287 302 1
288 303 6
289 304 7
290 305 3
291 306 2
291 307 7
292 308 3
293 309 6
294 310 7
295 311 6
296 312 7
296 313 4
297 314 7
298 315 4
298 316 2
298 317 7
299 318 2
299 319 4
299 320 5
300 321 5
301 322 3
302 323 4
302 324 5
303 325 5
303 326 6
304 327 2
305 328 2
305 329 1
306 330 5
306 331 7
306 332 5
306 333 2
307 334 1
308 335 6
308 336 2
308 337 5
309 338 3
310 339 7
310 340 1
311 341 1
311 342 7
311 343 1
312 344 1
313 344 5
314 345 1
315 345 7
316 345 5
317 345 2
318 345 5
319 346 2
320 346 6
321 347 5
322 347 3
323 347 6
324 348 1
325 348 3
326 348 2
327 348 3
328 349 3
329 349 6
330 349 5
331 349 5
332 349 5
333 350 1
334 350 1
335 350 4
336 350 2
337 351 6
338 351 4
339 351 2
340 352 6
341 352 3
342 353 1
343 353 1
344 354 2
344 355 2
345 356 4
346 357 7
346 358 6
346 359 2
347 360 6
347 361 5
348 362 1
349 363 3
350 364 2
351 365 2
352 366 3
353 367 3
353 368 3
354 369 5
355 370 1
356 371 3
356 372 7
357 373 2
357 374 1
357 375 3
358 376 5
359 377 7
360 378 7
360 379 4
361 380 3
362 381 6
363 382 7
364 383 6
364 384 1
365 385 2
366 386 6
367 387 4
368 388 4
368 389 3
369 390 6
370 391 7
371 391 1
372 391 3
373 392 6
374 392 6
375 393 6
376 393 5
377 394 6
378 394 5
379 395 7
380 396 4
381 397 7
382 397 3
383 398 2
384 398 1
385 399 6
386 399 2
387 399 4
388 400 6
389 401 7
390 402 2
391 403 4
391 404 6
392 405 6
392 406 1
393 407 2
393 408 2
394 409 2
395 410 5
396 411 2
396 412 3
397 413 5
397 414 3
398 415 6
399 416 2
400 417 5
400 418 2
401 419 4
402 420 7
403 420 3
404 421 7
405 422 7
406 422 4
407 423 1
408 423 5
409 424 4
410 425 6
411 426 5
412 426 3
413 426 7
414 426 2
415 427 6
416 427 1
417 427 2
418 428 3
419 428 5
420 429 5
420 430 7
421 431 1
422 432 7
422 433 7
422 434 7
423 435 1
423 436 5
424 437 6
425 438 2
426 439 5
427 440 3
428 441 2
428 442 7
429 443 3
429 444 1
430 445 5
431 446 7
431 447 7
432 448 4
433 449 6
434 450 7
435 451 7
436 452 3
437 453 6
438 454 3
439 455 5
439 456 2
440 457 7
440 458 7
441 459 7
442 460 2
443 461 6
444 462 3
445 462 7
446 463 5
447 464 1
448 464 4
449 465 6
450 466 1
451 466 4
452 467 2
453 468 4
454 469 3
455 470 1
456 471 6
457 471 6
458 472 3
459 473 3
460 474 6
461 475 2
462 476 6
463 477 6
464 477 4
465 478 6
466 479 2
467 480 7
468 481 4
469 482 1
470 482 3
471 483 7
472 484 3
473 485 4
474 486 6
475 487 5
475 488 4
475 489 3
476 490 4
476 491 5
477 492 6
478 493 7
479 494 7
480 495 7
481 496 3
481 497 6
482 498 4
482 499 5
483 500 5
483 501 3
484 502 6
484 503 6
484 504 5
485 505 3
485 506 4
486 507 2
486 508 2
487 509 2
488 510 4
489 510 7
490 510 2
491 511 7
492 512 2
493 512 4
494 513 7
495 513 4
496 514 7
497 515 6
498 515 5
499 516 1
500 516 1
501 517 3
502 518 1
503 518 7
504 519 7
505 519 7
506 520 5
507 520 2
508 521 7
509 522 3
510 523 1
511 523 7
512 524 2
513 525 2
514 526 7
515 527 5
516 528 2
517 529 6
518 530 3
519 531 5
520 532 4
521 533 4
522 534 5
523 535 1
523 536 6
524 537 5
525 538 1
525 539 5
526 540 3
526 541 4
526 542 2
526 543 6
526 544 1
527 545 4
528 546 3
528 547 7
529 548 3
529 549 3
529 550 1
530 551 6
531 552 1
531 553 2
532 554 6
533 555 4
533 556 4
534 557 1
535 557 4
536 558 1
537 559 6
538 560 7
539 560 2
540 561 3
541 562 6
542 563 3
543 564 7
544 565 2
545 566 6
546 567 7
547 567 1
548 568 1
549 568 7
550 569 3
551 570 7
552 571 1
553 571 3
554 572 3
555 573 6
556 574 3
557 575 2
558 576 4
559 576 3
560 577 2
561 578 2
562 579 2
563 580 7
564 581 7
565 582 4
566 583 3
567 583 4
568 584 3
569 585 2
570 586 3
571 587 2
572 588 7
573 589 2
574 589 3
575 590 2
576 591 5
577 592 1
578 593 2
579 594 6
580 595 4
581 596 5
582 597 3
583 598 6
584 599 6
585 600 4
586 600 6
587 601 3
588 602 6
589 602 3
590 603 2
591 604 1
592 605 6
592 606 5
593 607 6
594 608 5
595 609 2
596 610 2
596 611 7
597 612 4
598 613 1
599 614 4
600 615 4
600 616 3
601 617 3
601 618 6
602 619 6
603 620 6
604 621 7
605 622 2
606 623 3
607 624 5
608 625 4
609 625 1
610 626 4
611 626 1
612 627 2
613 627 1
614 628 3
615 628 4
616 629 4
617 630 2
618 630 5
619 631 6
620 632 1
621 633 3
622 634 4
623 635 1
624 636 6
625 637 7
626 638 6
627 639 2
628 640 1
629 641 6
630 642 1
630 643 1
631 644 1
632 645 5
633 646 6
634 646 2
635 647 1
636 647 1
637 648 6
638 648 3
639 648 5
640 648 7
641 649 3
642 649 3
643 649 3
644 650 1
645 651 2
645 652 4
645 653 4
646 654 2
646 655 1
646 656 7
646 657 2
646 658 5
647 659 4
648 660 6
648 661 3
648 662 5
648 663 7
649 664 5
649 665 6
649 666 2
650 667 7
650 668 6
650 669 2
651 670 7
652 671 2
653 672 2
654 673 2
655 674 4
656 675 1
657 676 5
658 677 7
659 678 7
660 679 3
661 680 7
662 681 2
663 682 6
664 683 4
665 684 6
666 685 3
667 686 5
668 687 6
669 687 2
670 688 5
671 688 1
672 689 2
673 690 1
674 691 4
675 691 4
676 691 2
677 692 5
678 693 1
679 694 2
680 694 4
681 695 3
682 696 4
683 697 6
684 698 2
685 698 3
686 699 3
687 699 1
688 700 4
689 700 1
690 700 1
691 700 3
692 700 6
693 700 6
694 700 1
695 700 4
696 700 1
697 700 5
698 700 3
699 700 4
