6 3 3 5 5 1 5 4 1 3 1 2 0 5 5 3 1 1 3 6 4 3 4 1 2 2 1 4 3 6 6 4
2 1 2 2 1 2 0 0 2 0 1 1 0 0 2 1 2 2 0 0 0 1 0 1 1 0 0 0 2 0 0 0
7 8 7 8 1 2 4 7 3 0 0 1 3 0 3 6 7 7 3 3 5 2 2 3 0 3 7 3 4 5 4 4
0 6 15 11 11 5 16 11 16 10 15 6 8 5 0 6 12 1 9 8 1 10 16 14 6 12 15 15 10 10 0 12
8 5 5 9 2 12 12 3 1 6 9 13 4 15 15 5 6 4 6 1 14 5 4 17 12 0 14 9 13 10 1 8
18 16 9 3 13 10 11 14 2 13 3 15 13 12 15 13 7 9 4 9 15 6 15 6 9 11 13 3 15 13 4 11
7 7 1 5 2 5 7 2 4 1 6 5 2 6 3 7 1 4 1 0 1 3 6 1 5 4 2 8 5 8 0 4
10 8 2 11 2 4 2 9 5 6 10 4 1 3 12 11 12 2 3 2 8 8 7 10 0 1 6 10 7 0 3 2
2 4 5 2 3 0 3 3 5 6 3 0 5 3 0 1 3 3 2 1 0 3 3 5 0 2 0 0 5 2 4 6
7 18 19 2 6 14 4 12 5 14 12 14 9 18 6 6 19 16 2 8 7 13 0 14 15 13 4 7 4 9 7 4
6 2 5 8 7 8 0 4 11 10 4 12 13 11 14 14 0 13 7 2 14 13 13 2 3 6 0 14 13 2 1 8
1 2 0 1 1 0 2 0 2 0 0 1 0 1 1 2 0 2 2 0 1 1 0 1 1 0 2 0 0 2 2 0
4 2 3 3 7 4 3 7 6 5 5 2 0 6 0 0 8 1 2 3 8 5 8 1 3 6 0 3 0 7 1 3
9 12 9 5 9 3 3 1 1 1 12 11 12 11 4 8 11 5 11 0 3 11 7 8 10 0 9 0 3 10 10 11
10 3 4 1 8 0 8 6 8 11 0 3 3 6 0 6 12 3 2 9 5 11 4 4 9 7 5 8 2 9 12 0
2 2 1 1 5 1 2 4 4 4 5 6 3 4 3 2 4 0 6 5 4 1 3 1 1 4 1 0 2 2 1 1
12 0 18 6 4 5 8 8 11 4 5 12 12 1 2 4 6 6 17 1 13 5 9 10 15 17 3 18 6 0 10 10
1 1 1 1 2 2 0 1 1 0 2 0 1 0 2 2 2 2 2 2 1 1 2 1 1 0 0 1 2 0 1 0
10 2 1 6 3 8 2 2 5 7 6 0 4 9 6 0 1 6 0 0 1 1 3 8 0 5 3 8 9 9 1 3
18 17 6 18 6 1 19 14 4 12 0 6 7 10 14 20 0 14 16 13 15 7 7 11 10 0 13 16 15 11 16 14
5 0 7 4 0 1 2 1 3 6 6 1 3 0 3 8 6 3 8 0 3 6 1 2 4 6 4 4 0 5 1 7
16 6 2 14 15 15 8 16 10 2 5 6 16 5 8 6 5 0 13 15 0 9 12 1 16 9 16 13 4 7 0 4
2 0 2 2 0 0 3 1 2 4 3 1 2 1 4 3 0 2 1 0 3 4 4 4 1 4 2 2 2 3 3 2
1 2 4 1 0 4 0 3 0 3 2 0 2 1 4 1 3 1 2 2 3 1 4 1 2 1 2 0 0 3 2 4
5 9 3 7 4 6 5 7 0 6 9 4 11 3 10 6 11 3 11 7 3 2 12 2 2 10 5 11 7 10 9 12
0 11 6 6 7 4 2 12 3 2 12 8 9 1 4 7 8 1 5 9 11 11 2 7 9 3 11 2 4 5 12 1
16 13 3 4 17 19 5 0 10 7 17 4 3 19 5 16 20 8 5 15 14 2 11 14 16 11 11 2 19 14 16 6
2 1 1 3 4 3 2 3 4 2 0 4 3 0 0 3 1 3 4 4 1 2 0 0 0 3 0 1 4 3 3 4
0 4 0 3 1 1 3 0 1 2 0 3 2 0 2 2 1 1 2 1 1 0 1 3 1 1 2 1 2 1 1 4
4 7 0 8 4 5 0 4 9 5 4 7 4 9 10 8 6 8 10 5 7 1 8 6 4 4 6 1 3 5 5 4
1 0 2 0 1 1 0 0 2 0 0 0 1 0 0 2 2 2 1 2 0 0 0 0 1 1 0 0 1 2 1 0
1 2 6 1 10 4 9 6 2 8 10 6 0 0 6 11 5 9 1 0 7 5 1 8 3 7 1 12 11 8 3 2
5 4 6 6 2 1 1 1 3 1 12 4 3 0 3 4 11 4 0 7 1 5 8 7 4 1 11 1 2 2 1 0
6 0 11 2 10 7 4 4 6 5 5 10 8 1 9 11 9 6 13 13 8 0 11 13 0 10 3 2 4 2 4 6
1 2 6 1 7 5 10 10 2 3 3 7 3 0 9 9 2 5 3 10 2 9 5 0 7 10 1 3 7 7 3 5
5 1 5 8 5 1 11 3 3 9 8 11 1 4 11 6 11 7 2 5 0 12 9 10 0 6 1 3 11 1 10 3
0 2 1 2 0 0 2 2 1 0 0 1 2 0 2 1 2 1 0 1 0 0 2 0 0 2 2 0 1 1 1 1
16 16 0 3 15 11 10 7 12 2 11 4 14 1 0 2 5 6 3 13 9 13 11 7 3 10 3 0 6 12 13 15
2 3 6 3 5 6 3 4 0 4 0 3 2 2 1 5 5 2 6 2 3 4 0 3 1 5 3 3 6 0 5 6
7 11 16 9 16 14 11 12 14 8 5 10 15 5 13 3 2 18 1 11 9 3 4 5 7 11 1 2 11 11 4 14
3 8 13 5 12 4 0 12 10 0 3 7 4 6 11 11 5 5 8 2 0 8 3 13 0 1 4 8 4 13 4 9
5 5 9 15 8 11 15 7 5 8 5 11 18 10 6 7 5 17 19 11 11 13 15 4 6 11 12 1 17 19 7 14
1 8 8 4 13 4 4 5 13 1 18 7 11 1 1 9 8 18 4 14 16 8 10 5 0 7 9 13 2 6 9 11
11 1 14 13 6 4 4 8 4 5 12 10 0 12 12 5 12 4 8 8 11 10 7 1 10 2 4 13 4 0 5 14
9 2 1 10 0 1 6 9 10 1 2 6 7 9 2 9 5 0 3 0 2 0 4 5 10 4 9 3 10 5 3 10
5 4 18 3 17 6 8 3 11 6 5 9 11 13 1 7 18 14 15 1 4 6 3 18 15 10 15 8 11 11 17 0
12 6 19 2 12 17 14 3 19 14 0 16 13 5 4 20 18 11 6 12 5 19 11 16 6 13 17 12 14 20 1 0
1 1 2 0 1 1 4 3 3 0 1 2 1 3 1 3 3 3 2 2 3 3 0 3 1 2 1 0 2 0 4 0
7 1 3 1 3 0 2 6 4 7 3 7 6 2 5 3 5 4 5 4 1 8 0 6 4 6 3 0 1 0 1 2
5 6 4 7 12 9 5 6 9 11 1 0 5 4 4 1 4 6 2 3 0 3 5 5 8 10 4 7 5 11 1 5
