1 2 9
1 3 3
2 4 4
2 5 15
3 6 7
3 7 12
3 8 14
4 9 9
4 10 15
4 11 8
5 12 5
5 13 8
6 14 6
6 15 3
6 16 7
7 17 12
7 18 1
8 19 5
8 20 3
9 21 8
10 22 15
11 23 10
12 24 9
13 25 12
14 26 9
15 27 6
16 28 11
17 29 3
18 30 5
19 31 13
20 32 13
21 33 4
22 33 8
23 34 15
24 34 10
25 35 3
26 35 5
27 36 7
28 37 13
29 37 6
30 37 9
31 37 13
32 37 3
33 38 4
33 39 7
34 40 14
34 41 12
34 42 13
35 43 10
35 44 13
36 45 11
36 46 7
36 47 11
37 48 7
37 49 2
38 50 3
39 50 13
40 50 12
41 50 7
42 50 6
43 50 1
44 50 10
45 50 2
46 50 8
47 50 15
48 50 12
49 50 12
