11 11 10 9
12 12 9 9
13 12 10 9
8 8 7 8
10 8 13 13
9 9 11 14
2 1 1 1
3 4 3 3
7 8 6 7
8 9 9 6
5 4 7 7
6 4 4 7
3 3 3 3
4 3 3 4
12 12 11 11
7 11 12 10
2 1 2 2
18 16 18 15
14 11 15 12
12 10 11 10
11 12 10 11
3 3 3 3
3 3 3 3
13 10 13 9
3 4 4 3
5 8 6 8
3 2 2 3
3 4 4 3
14 12 14 9
10 8 8 7
9 9 8 10
4 4 4 3
3 5 4 4
5 6 7 5
13 13 12 10
6 6 6 8
12 7 12 11
8 9 12 9
1 2 2 1
8 8 9 8
6 6 9 9
11 10 12 15
4 4 3 4
13 10 14 17
15 12 18 12
13 18 13 14
12 13 13 15
2 2 3 2
7 8 5 8
10 10 6 10
1 1 2 1
10 11 12 16
3 5 3 5
14 16 16 17
8 6 9 8
10 9 12 11
7 5 6 7
9 9 12 8
13 12 13 16
11 10 8 11
10 16 12 13
8 8 6 5
4 5 3 5
1 1 2 2
17 12 15 12
3 3 2 3
11 16 15 16
12 11 10 10
1 2 1 1
3 2 3 2
10 9 13 11
9 8 7 8
11 9 10 13
12 12 11 14
15 13 15 12
13 10 9 10
4 3 3 3
16 12 10 14
18 16 13 17
7 5 7 4
13 12 12 13
2 3 2 3
2 2 3 3
11 17 13 18
6 6 4 4
14 9 10 12
12 10 8 8
4 4 4 4
6 8 8 9
12 14 9 10
11 12 10 13
3 4 3 4
6 6 7 8
2 3 3 2
8 6 9 10
3 2 2 2
4 4 5 4
15 10 9 15
1 1 2 1
9 7 6 7
6 10 10 10
6 6 9 8
5 6 5 5
12 8 9 9
10 13 13 9
1 2 2 2
13 9 9 15
2 2 2 2
11 13 9 11
17 15 16 17
4 4 4 4
5 6 6 6
2 1 1 2
2 3 2 3
3 3 3 4
3 3 3 2
9 8 12 13
13 12 10 9
6 6 7 7
8 9 8 10
18 13 18 16
3 5 3 4
6 6 7 8
8 7 8 9
12 11 11 10
15 14 11 12
12 11 12 15
3 3 3 4
12 17 17 14
11 10 12 9
12 17 16 14
6 7 7 7
14 13 11 12
12 9 10 11
3 2 3 3
6 6 7 8
14 14 16 11
9 10 12 8
18 12 17 17
5 4 4 5
9 8 8 7
5 3 5 4
14 11 17 11
11 9 11 9
12 11 11 12
8 8 10 7
13 10 9 12
7 7 4 5
8 7 9 9
1 2 1 1
9 15 15 14
2 2 2 3
9 6 8 7
3 3 3 2
6 5 7 4
8 6 6 8
1 1 1 1
8 7 6 6
11 11 10 9
12 11 12 17
5 6 6 7
11 10 11 12
7 5 5 6
6 9 10 9
12 11 12 11
5 7 7 7
8 7 8 7
3 3 2 3
3 4 3 4
8 12 11 12
14 16 14 16
13 16 11 17
2 2 2 1
9 9 7 8
1 1 2 2
5 6 5 7
1 2 1 2
9 13 10 9
7 9 8 8
13 13 9 10
4 4 3 4
3 2 3 2
14 15 10 10
5 4 4 5
15 13 11 15
4 3 4 4
4 4 5 6
11 14 14 16
12 14 10 12
17 11 14 12
15 10 13 11
5 7 6 5
12 9 9 11
6 4 6 7
17 17 14 15
7 6 6 6
10 11 7 10
12 10 13 11
10 7 9 8
11 12 10 13
15 16 15 14
12 9 10 12
6 8 9 6
13 8 9 11
4 5 6 7
3 5 4 3
1 2 1 2
1 1 2 1
2 2 2 2
6 6 8 6
8 12 12 12
11 9 12 12
11 12 11 7
3 3 3 3
9 7 8 7
12 12 12 10
4 7 5 4
2 2 2 1
1 2 1 2
3 2 2 3
15 18 13 18
12 10 10 11
8 8 8 7
9 15 10 11
8 7 8 6
6 7 8 8
6 8 6 5
3 3 4 3
9 9 10 10
1 1 1 1
1 1 1 1
8 7 5 6
9 8 9 10
3 3 3 4
12 10 12 12
14 9 13 15
18 12 11 16
3 4 3 3
5 5 4 4
1 1 1 1
13 13 13 13
8 9 7 8
8 8 8 6
2 2 2 1
9 9 6 10
6 6 6 7
10 13 10 12
2 3 2 3
5 7 8 6
3 4 3 3
4 4 4 4
5 6 5 6
5 5 5 7
7 7 6 6
5 4 4 7
3 4 4 3
5 7 5 8
2 2 2 3
6 6 7 5
11 15 12 14
2 2 1 1
3 5 3 3
7 6 6 8
13 13 13 13
6 8 6 7
14 14 13 11
1 1 2 1
12 11 8 11
12 12 13 13
9 10 11 10
6 8 6 6
2 3 2 2
4 4 3 4
10 12 14 14
4 4 6 5
9 9 9 6
12 11 12 17
11 10 11 17
4 6 6 6
3 3 3 3
3 3 3 4
6 5 7 4
13 14 11 10
8 7 8 8
4 4 4 3
10 14 11 12
3 2 3 2
15 12 13 10
10 9 12 9
3 2 2 3
7 6 6 5
14 14 14 14
2 3 2 3
11 13 8 10
8 7 9 8
7 6 7 9
6 4 5 6
6 7 6 5
2 3 3 2
8 12 9 10
15 14 15 10
1 2 2 2
5 5 5 5
12 10 11 9
13 9 9 11
3 5 5 4
16 15 17 17
1 1 2 2
8 7 6 6
8 8 8 7
15 13 14 9
3 3 4 4
7 7 8 7
4 4 4 3
3 3 4 4
2 1 2 1
3 3 4 4
12 12 7 9
12 13 12 9
6 9 7 6
4 3 4 3
12 14 14 10
17 13 14 12
7 6 8 7
17 17 15 11
2 2 1 1
1 2 1 1
9 9 7 6
2 2 3 3
12 11 16 17
8 10 12 9
4 3 3 4
6 8 7 7
7 8 5 7
4 6 7 6
12 9 8 10
13 9 15 15
13 14 10 14
7 8 9 7
15 10 15 10
6 6 7 7
10 10 10 8
3 3 5 4
4 4 3 3
5 4 4 3
8 6 7 7
4 4 4 4
3 4 4 5
11 10 11 11
3 4 3 4
7 7 5 6
5 5 7 5
9 13 9 9
9 8 10 9
8 6 7 8
9 12 7 10
12 13 8 8
10 10 10 7
6 8 8 6
9 7 6 7
9 12 9 12
12 12 12 10
4 6 6 5
12 8 7 7
17 17 15 18
15 14 18 17
4 3 4 3
7 9 7 7
11 15 17 18
13 15 15 15
9 7 6 6
9 10 12 11
12 13 14 10
7 11 12 10
1 1 1 1
12 10 11 10
5 5 5 3
12 10 9 12
11 17 18 12
13 12 13 12
3 3 3 3
2 2 1 1
7 6 4 7
6 9 9 9
2 3 3 2
2 1 1 2
2 3 3 2
5 6 6 7
15 11 15 10
4 4 3 4
8 7 8 7
11 12 9 10
4 5 4 3
3 3 3 4
13 10 13 14
8 11 9 9
9 11 9 8
3 3 3 2
13 9 11 9
4 3 3 3
8 12 7 10
7 8 10 9
11 14 12 11
5 7 5 6
6 6 7 9
5 5 4 5
10 9 7 10
13 11 11 12
10 8 10 8
4 3 3 3
3 4 3 4
13 14 11 17
10 12 8 7
4 5 3 4
9 14 11 9
8 11 12 13
5 5 4 5
17 14 11 14
17 11 12 13
4 3 3 3
8 9 7 8
15 12 11 13
9 10 8 9
3 4 4 3
12 10 12 9
8 7 9 6
16 12 16 12
12 12 13 13
8 7 8 9
5 6 5 7
2 1 2 2
4 3 4 5
10 9 12 12
4 6 4 5
7 6 9 6
14 13 10 14
1 2 2 1
2 2 1 1
3 3 3 2
4 3 3 4
4 4 4 4
13 14 13 12
3 4 4 3
8 9 10 6
9 11 9 12
3 3 3 3
1 2 1 1
11 11 10 8
6 6 7 7
11 11 11 8
8 6 10 7
8 9 9 7
11 12 14 12
10 7 9 6
2 2 3 2
6 6 6 7
3 5 5 4
12 11 12 9
5 3 5 5
7 10 6 9
12 12 10 15
3 3 3 3
11 10 11 11
8 10 9 9
8 9 9 6
8 11 8 8
17 18 12 17
17 13 17 15
12 10 8 8
17 17 16 14
17 17 10 12
5 3 3 4
15 16 18 16
7 8 7 8
3 5 5 3
4 3 3 4
7 4 4 5
10 11 9 12
2 1 2 1
11 17 12 17
3 2 3 3
13 14 13 17
3 3 3 3
9 9 10 9
9 6 9 9
10 17 13 12
14 12 11 12
4 4 3 3
3 3 3 4
6 6 5 8
15 16 12 15
2 2 2 1
3 3 4 3
5 4 4 5
2 2 1 2
8 7 7 7
10 10 14 14
11 12 10 8
8 7 7 9
5 7 7 6
12 7 12 10
4 3 3 4
11 11 9 8
4 4 4 4
8 8 8 7
4 5 5 5
2 2 2 3
14 13 13 13
15 13 10 13
3 2 2 2
7 8 8 6
17 14 11 16
4 5 3 5
9 8 9 7
13 12 14 14
5 4 3 3
1 1 1 1
10 10 16 14
15 12 10 16
3 4 4 4
9 8 9 12
4 4 4 6
5 3 3 4
5 5 5 5
2 1 2 2
17 15 14 12
2 2 2 2
9 12 9 15
8 7 7 10
4 4 6 4
9 12 7 12
4 4 4 4
3 2 3 2
16 16 14 13
12 11 15 17
12 9 11 13
5 4 3 5
15 9 9 9
1 1 1 1
10 10 7 9
5 6 6 7
7 7 6 6
13 18 12 11
7 10 6 6
14 11 14 17
13 13 11 9
3 3 3 4
13 11 11 17
6 6 8 10
8 6 6 8
3 5 5 4
10 8 7 10
5 8 5 6
1 2 2 1
5 4 5 4
8 10 10 9
6 7 9 9
2 1 2 1
9 12 10 12
10 10 9 8
7 5 5 6
12 11 8 13
8 6 10 9
6 6 4 6
16 12 13 16
7 9 8 10
7 8 6 7
10 8 9 9
4 3 3 3
11 9 8 8
6 8 6 6
3 3 3 2
9 8 10 9
12 15 16 13
9 9 10 14
6 6 6 9
17 12 15 18
4 3 5 3
7 8 8 6
6 4 6 4
7 10 12 11
13 14 13 16
9 7 7 6
2 2 2 2
9 6 9 6
11 13 14 9
2 2 3 3
11 9 12 9
13 14 13 14
1 2 2 1
2 1 2 1
15 14 13 9
14 17 15 14
17 14 16 16
6 9 7 8
13 8 10 12
13 12 11 13
3 3 2 3
15 16 10 14
14 10 9 9
3 4 4 3
12 15 12 17
11 14 14 12
3 4 4 3
6 9 6 9
7 7 5 7
12 12 11 14
8 6 8 8
4 4 4 4
11 9 7 9
8 7 8 6
3 2 3 2
4 5 4 3
9 13 12 9
9 7 8 10
1 1 2 1
14 9 14 12
2 2 3 2
7 7 9 7
14 11 14 15
16 13 17 13
6 7 5 7
6 7 6 8
2 2 3 3
8 11 10 11
6 5 8 7
1 2 2 1
8 8 8 7
2 1 1 2
4 7 6 7
14 13 11 14
13 11 11 10
9 7 6 8
5 7 5 8
13 14 10 12
3 4 3 3
3 3 3 4
4 3 3 4
4 5 6 7
3 5 4 3
3 4 5 3
8 7 6 9
12 17 15 13
2 2 3 2
11 12 16 16
10 8 6 8
8 5 5 8
5 6 4 6
5 7 4 6
6 4 4 4
9 9 7 9
11 8 13 13
13 11 15 13
8 9 6 10
9 15 11 14
8 6 7 8
3 3 3 3
4 4 4 4
17 18 11 15
1 1 1 1
10 10 11 13
1 1 2 2
12 12 8 8
13 16 17 10
7 6 7 7
7 5 6 6
11 9 10 11
7 5 7 7
4 3 3 4
4 4 3 4
11 11 13 13
10 7 6 9
10 10 17 17
14 13 9 9
10 6 7 8
8 8 10 7
6 7 9 6
4 3 4 4
4 5 3 4
12 14 14 15
10 10 8 10
12 17 12 15
12 16 15 14
12 10 10 11
9 14 13 13
5 5 6 8
9 8 7 7
8 12 10 11
3 3 3 4
6 7 8 7
7 8 8 9
7 9 6 9
9 8 9 8
9 12 7 9
4 6 5 5
8 11 9 12
2 2 2 3
7 6 5 6
8 6 8 9
11 13 13 12
13 9 10 12
9 7 6 7
4 5 7 5
2 2 2 1
4 3 5 5
9 11 10 11
7 10 11 12
1 1 1 1
8 6 7 8
8 9 9 10
4 3 4 3
9 12 14 13
14 13 9 14
4 4 4 4
9 10 8 8
8 13 9 9
12 8 8 11
8 6 5 5
5 5 6 6
11 10 9 8
6 8 6 8
3 3 3 3
4 4 4 3
9 8 6 9
2 2 2 1
3 3 5 4
3 3 3 4
13 14 13 12
6 5 6 4
4 5 4 4
9 9 6 9
7 7 10 9
6 7 8 7
8 13 9 8
2 1 2 2
4 7 4 4
3 5 5 4
2 1 1 2
10 10 10 10
13 16 10 12
15 13 12 15
16 14 15 11
4 3 3 5
8 12 13 11
2 2 2 1
7 5 8 8
4 5 6 5
14 13 14 11
17 13 12 14
2 2 1 1
9 7 10 10
5 5 4 3
15 15 16 17
5 5 3 5
4 3 4 3
12 11 11 12
6 6 10 10
12 12 12 18
15 15 17 13
17 13 13 12
8 10 6 6
10 15 13 11
11 7 10 7
15 10 16 14
4 5 4 4
12 11 11 10
4 3 5 5
7 6 8 7
5 7 8 8
7 7 7 8
10 12 9 12
8 10 12 13
9 11 9 10
6 7 6 8
7 6 5 7
15 12 15 13
8 7 7 8
14 10 13 9
10 11 11 10
4 3 3 4
12 10 11 11
11 12 9 9
8 7 7 9
6 7 9 9
8 7 6 6
1 2 2 2
9 9 10 13
8 8 8 7
6 10 7 9
4 3 5 3
9 7 8 6
5 3 3 4
2 1 2 1
10 6 6 10
5 7 7 7
3 3 3 3
9 10 8 6
8 7 5 6
10 12 9 13
2 2 1 2
