1 2 9
1 3 6
1 4 9
1 5 8
2 6 4
2 7 8
3 8 9
3 9 6
3 10 3
4 11 7
4 12 5
5 13 8
5 14 3
5 15 2
5 16 3
6 17 9
6 18 7
7 19 5
8 20 7
9 21 8
9 22 1
9 23 4
10 24 8
10 25 7
11 26 4
11 27 3
11 28 5
11 29 2
12 30 2
12 31 1
12 32 7
13 33 6
14 34 3
14 35 4
15 36 7
16 37 2
17 38 5
18 38 6
19 38 5
20 39 5
21 39 2
22 40 5
23 40 7
24 41 8
25 41 7
26 42 3
27 43 3
28 43 5
29 44 6
30 44 5
31 45 5
32 45 5
33 46 8
34 47 1
35 48 6
36 49 2
37 49 2
38 50 4
39 51 2
40 52 1
41 53 2
42 54 4
43 55 4
44 56 9
45 57 8
46 58 5
47 59 2
48 60 1
49 61 3
50 62 9
50 63 4
51 64 8
52 65 3
53 66 6
54 67 6
55 68 9
56 69 3
57 70 7
58 71 1
59 72 2
60 73 6
60 74 5
61 75 8
62 76 9
62 77 9
62 78 3
62 79 9
63 80 4
63 81 1
64 82 5
64 83 1
64 84 3
65 85 5
65 86 3
65 87 6
66 88 4
66 89 4
66 90 9
66 91 3
67 92 4
67 93 7
67 94 5
67 95 3
68 96 6
68 97 5
68 98 8
69 99 8
69 100 5
70 101 4
70 102 7
71 103 3
72 104 9
72 105 6
72 106 9
72 107 4
73 108 6
73 109 6
73 110 5
73 111 2
74 112 4
74 113 5
75 114 3
75 115 9
75 116 9
75 117 7
76 118 1
77 118 4
78 119 3
79 119 9
80 120 7
81 120 4
82 121 7
83 121 6
84 122 5
85 122 2
86 122 5
87 123 2
88 123 2
89 123 2
90 123 1
91 124 4
92 124 1
93 125 9
94 125 5
95 125 9
96 126 4
97 126 9
98 126 1
99 127 6
100 127 2
101 128 9
102 128 5
103 129 2
104 130 1
105 131 2
106 132 6
107 132 2
108 132 6
109 133 4
110 133 9
111 134 9
112 134 3
113 135 4
114 135 6
115 135 5
116 135 3
117 135 2
118 136 9
119 137 5
120 137 3
121 138 4
122 139 3
123 139 9
124 139 6
125 139 6
126 140 5
127 141 6
128 142 8
129 142 9
130 143 1
131 144 6
132 144 2
133 145 5
134 145 7
135 146 1
136 147 9
137 148 6
138 149 9
139 150 4
139 151 5
140 152 6
141 153 2
141 154 5
142 155 1
143 156 7
144 157 2
145 158 5
145 159 3
146 160 3
147 161 4
148 161 2
149 161 7
150 162 6
151 163 7
152 164 3
153 165 5
154 166 5
155 167 1
156 168 5
157 168 9
158 169 9
159 170 5
160 171 5
161 172 3
161 173 5
162 174 6
163 175 6
163 176 8
164 177 1
165 178 3
166 179 7
167 180 2
168 181 8
169 182 1
170 183 8
171 184 3
172 185 4
173 186 5
174 187 8
175 188 6
176 189 8
177 190 1
177 191 7
178 192 4
179 193 7
180 194 9
181 195 9
182 196 7
183 197 9
184 198 4
184 199 1
185 200 7
186 200 7
187 200 6
188 200 6
189 200 8
190 200 1
191 200 4
192 200 7
193 200 9
194 200 5
195 200 4
196 200 1
197 200 9
198 200 3
199 200 1
