1 2 59
1 3 25
1 4 50
1 5 46
1 6 33
2 7 43
2 8 37
2 9 18
2 10 55
2 11 24
3 12 57
3 13 34
3 14 27
3 15 6
4 16 35
4 17 2
5 18 40
5 19 54
6 20 47
6 21 57
7 22 59
8 23 31
8 24 33
9 25 41
10 26 32
11 27 18
11 28 2
12 29 22
13 30 2
14 31 30
14 32 17
15 33 33
15 34 59
16 35 55
17 36 44
18 37 32
19 38 22
19 39 27
20 40 2
20 41 36
21 42 20
22 43 11
23 44 4
24 45 54
25 46 40
26 47 10
27 48 44
28 49 18
29 50 3
30 51 44
31 52 28
32 53 21
33 54 24
34 55 13
35 56 43
36 57 15
37 58 38
38 58 3
39 59 49
40 60 35
41 61 29
42 62 40
43 63 12
44 64 25
45 65 16
46 66 15
47 67 3
48 68 37
49 69 11
50 70 10
51 71 3
52 72 50
52 73 2
53 74 18
54 75 5
54 76 26
55 77 14
56 78 36
57 79 56
58 80 19
59 81 49
60 82 44
61 83 12
61 84 30
62 85 17
63 86 14
64 87 37
65 88 27
66 88 19
67 89 38
68 90 46
69 91 9
70 91 2
71 92 19
72 93 3
73 93 39
74 94 2
75 95 49
76 95 43
77 96 1
78 97 18
79 98 50
80 99 3
81 99 9
82 100 5
83 101 49
84 102 40
85 102 2
86 103 57
87 104 14
87 105 57
88 106 28
89 107 18
89 108 7
89 109 7
90 110 48
91 111 3
92 112 48
92 113 51
93 114 24
94 115 4
95 116 5
96 117 26
97 118 1
98 119 53
99 120 21
100 121 42
100 122 18
100 123 41
100 124 18
101 125 38
102 126 49
103 127 5
104 128 6
105 129 1
106 130 14
107 131 47
108 132 41
109 133 41
110 134 19
111 135 12
112 136 20
113 137 1
114 138 51
115 139 14
115 140 33
116 141 38
117 142 39
118 143 28
119 144 5
120 145 22
121 146 9
122 147 26
123 148 32
124 149 5
125 150 51
126 151 29
127 152 55
128 153 32
129 154 37
130 154 29
131 155 59
132 155 37
133 156 20
134 157 23
135 158 57
136 159 16
137 159 56
138 160 48
139 160 14
140 161 36
141 161 25
142 162 57
143 162 6
144 162 13
145 163 15
146 163 5
147 164 10
148 165 2
149 166 7
150 166 10
151 166 58
152 167 48
153 168 2
154 169 14
155 170 32
156 171 4
157 172 25
158 173 29
159 174 30
160 175 5
161 176 37
161 177 21
162 178 17
163 179 24
164 180 48
165 181 33
165 182 40
166 183 17
167 184 33
167 185 24
168 186 36
169 187 37
169 188 9
170 189 15
170 190 5
171 191 5
172 192 6
173 193 34
173 194 6
174 195 35
174 196 17
175 197 20
176 198 24
177 199 51
178 200 35
179 201 30
180 202 31
180 203 45
181 204 17
181 205 12
182 206 43
182 207 35
183 208 28
184 209 45
185 210 15
186 211 2
187 212 36
188 213 15
189 214 3
190 215 9
191 216 50
192 217 7
193 218 47
194 219 50
195 220 3
196 221 26
197 222 48
198 223 43
199 223 50
200 224 1
201 225 34
202 226 11
203 227 17
204 228 26
205 229 24
206 230 11
207 231 52
208 232 21
209 233 5
210 234 58
211 235 13
211 236 53
212 237 35
213 238 59
214 239 5
215 240 22
216 241 31
217 242 28
218 243 5
219 244 13
220 245 31
221 246 23
222 247 11
223 248 20
224 249 39
225 250 51
226 251 18
227 252 28
228 253 44
229 254 6
230 255 11
231 256 23
232 257 45
233 258 47
234 259 46
235 260 24
236 261 52
237 262 49
237 263 45
238 264 16
239 265 15
239 266 9
240 267 45
241 268 52
242 269 34
243 270 14
244 271 37
245 272 19
246 273 34
247 274 37
248 275 41
248 276 9
249 277 50
250 278 30
251 279 12
252 280 10
253 281 48
254 282 44
255 283 4
256 284 57
257 285 31
258 286 49
258 287 36
259 288 27
260 289 36
260 290 9
261 291 30
262 292 39
263 293 54
263 294 56
264 295 38
264 296 51
264 297 31
264 298 38
265 299 40
265 300 4
266 301 42
266 302 42
267 303 40
268 304 49
268 305 31
269 306 34
269 307 48
269 308 1
270 309 44
271 310 4
272 311 45
272 312 16
273 313 4
273 314 9
274 315 46
275 316 58
275 317 20
276 318 57
277 319 20
278 320 46
278 321 13
279 322 26
280 323 3
280 324 51
281 325 53
282 326 57
283 327 16
283 328 52
284 329 58
284 330 21
285 331 27
286 332 55
287 332 49
288 333 32
289 334 25
290 334 20
291 334 46
292 334 46
293 335 49
294 336 3
295 336 52
296 337 40
297 337 33
298 337 34
299 337 9
300 338 40
301 338 20
302 338 55
303 339 56
304 339 8
305 340 50
306 340 30
307 340 46
308 341 7
309 342 45
310 342 38
311 342 1
312 342 30
313 343 37
314 343 2
315 343 25
316 343 36
317 344 34
318 344 54
319 345 26
320 346 26
321 346 59
322 346 54
323 347 16
324 348 5
325 349 50
326 349 29
327 349 12
328 349 41
329 350 4
330 350 50
331 351 11
332 352 44
333 352 48
334 353 22
335 354 45
336 355 53
337 356 57
338 357 36
339 358 17
340 359 47
341 360 7
342 361 56
343 362 33
344 362 55
345 363 2
346 363 29
347 364 10
348 364 9
349 364 46
350 365 46
351 366 50
352 367 49
352 368 42
352 369 33
353 370 12
354 371 22
354 372 18
355 373 16
356 374 34
357 375 54
357 376 18
358 377 3
358 378 18
359 379 8
359 380 4
360 381 5
361 382 43
362 383 15
363 384 17
364 385 57
365 386 41
366 387 40
366 388 8
367 389 14
368 390 40
369 391 39
370 392 36
371 393 44
372 394 24
373 394 36
374 395 18
375 396 5
376 396 40
377 397 51
378 398 20
379 398 2
380 399 6
381 400 51
382 401 57
383 402 29
384 403 24
385 404 20
386 405 5
387 406 30
388 406 53
389 407 31
390 408 5
391 409 37
392 410 36
393 411 12
394 412 39
395 413 29
396 414 26
397 415 5
398 415 33
399 415 37
400 415 30
401 416 40
402 417 50
403 418 20
404 418 58
405 419 9
406 419 26
407 420 52
407 421 40
407 422 27
408 423 30
409 424 39
409 425 24
409 426 30
410 427 57
410 428 57
410 429 44
411 430 47
411 431 44
412 432 3
413 433 36
413 434 43
414 435 28
414 436 23
415 437 20
415 438 9
416 439 9
416 440 33
417 441 40
418 442 19
418 443 36
418 444 28
418 445 30
419 446 20
420 447 12
421 448 50
422 448 1
423 449 30
424 450 48
425 450 20
426 451 2
427 451 32
428 452 29
429 453 23
430 454 9
431 455 21
432 456 29
433 457 46
434 457 37
435 458 31
436 459 36
437 460 44
438 460 12
439 460 41
440 461 2
441 462 52
442 463 17
443 464 58
444 465 10
445 466 42
446 466 2
447 467 50
448 468 13
449 468 15
450 469 39
451 470 41
452 471 13
453 472 9
454 473 19
455 474 48
456 474 28
457 475 22
458 475 6
459 476 1
460 477 7
461 478 54
462 479 33
463 480 32
464 481 27
465 482 28
466 482 51
467 483 11
468 484 10
468 485 2
469 486 44
469 487 22
470 488 30
471 489 30
471 490 53
472 491 47
472 492 19
473 493 38
474 494 39
474 495 40
475 496 20
476 497 37
477 498 5
477 499 46
477 500 44
478 501 28
479 502 48
480 503 8
480 504 54
480 505 4
481 506 8
481 507 37
482 508 6
483 509 19
484 510 50
485 511 29
486 512 11
487 513 57
488 514 26
489 515 9
490 516 17
491 516 45
492 517 38
493 518 11
494 519 30
495 519 13
496 520 23
497 521 8
498 522 23
499 523 37
500 524 23
501 525 28
502 525 50
503 525 28
504 526 10
505 527 45
506 528 21
507 529 5
508 530 17
509 531 45
510 532 31
511 533 58
512 534 46
513 535 24
513 536 1
514 537 44
515 538 26
516 539 20
516 540 10
517 541 21
517 542 4
518 543 11
519 544 27
520 545 7
521 546 47
522 547 33
523 548 32
524 549 2
525 550 18
526 551 7
526 552 5
527 553 39
528 554 48
529 555 47
530 556 17
531 557 14
532 558 33
533 558 7
534 559 7
535 560 24
536 561 26
537 562 23
538 562 14
539 563 59
540 564 23
541 564 58
542 565 18
543 566 55
544 567 3
545 568 29
546 568 22
547 569 11
548 570 59
549 571 55
550 572 54
551 573 47
552 574 33
553 575 59
554 576 42
555 577 31
556 577 24
557 578 23
558 579 45
559 580 9
560 581 35
561 582 20
562 583 57
562 584 48
563 585 31
564 586 6
565 587 51
566 588 50
567 589 3
568 590 15
569 591 36
570 592 4
571 593 19
572 594 10
573 595 51
574 596 12
575 597 10
576 598 31
577 599 24
578 600 12
579 600 21
580 600 41
581 600 28
582 600 37
583 600 30
584 600 26
585 600 33
586 600 28
587 600 21
588 600 55
589 600 39
590 600 2
591 600 38
592 600 51
593 600 33
594 600 32
595 600 34
596 600 33
597 600 45
598 600 17
599 600 38
