1 2 51
1 3 57
1 4 69
2 5 20
2 6 36
3 7 56
3 8 2
3 9 11
3 10 15
4 11 19
4 12 43
4 13 42
4 14 57
4 15 36
5 16 39
5 17 17
6 18 56
7 19 2
7 20 50
8 21 58
8 22 19
9 23 44
9 24 65
10 25 11
10 26 50
11 27 45
12 28 24
12 29 33
13 30 69
13 31 47
13 32 18
14 33 29
15 34 24
16 35 27
17 36 7
18 37 11
19 38 9
20 39 55
21 40 37
22 40 54
23 41 15
24 41 21
25 42 42
26 42 47
27 43 4
28 44 31
29 45 44
30 46 19
31 46 35
32 47 18
33 48 23
34 49 41
35 50 54
36 51 20
37 52 29
38 53 5
39 54 34
40 55 58
41 56 4
42 57 63
43 58 14
44 59 26
45 60 7
46 61 31
47 62 46
48 63 64
49 64 35
50 65 29
51 66 68
52 67 35
53 68 41
54 69 68
55 70 14
56 71 5
57 72 14
58 72 3
59 73 49
60 74 46
61 75 66
62 76 33
63 77 17
64 78 13
65 79 62
66 79 34
67 79 24
68 80 13
69 81 36
70 81 44
71 82 3
72 83 27
73 84 59
74 85 55
75 86 52
76 86 4
77 87 39
78 87 66
79 88 16
79 89 41
80 90 26
81 91 10
81 92 52
81 93 25
82 94 20
82 95 15
83 96 51
84 97 7
84 98 31
85 99 67
85 100 48
86 101 38
86 102 14
87 103 45
87 104 33
87 105 25
88 106 10
89 106 48
90 106 46
91 107 35
92 107 53
93 108 33
94 109 46
95 109 51
96 110 33
97 110 53
98 110 34
99 111 62
100 111 44
101 112 33
102 113 32
103 113 50
104 114 6
105 114 24
106 115 6
106 116 32
107 117 47
107 118 25
108 119 18
108 120 3
108 121 58
108 122 16
109 123 57
109 124 16
110 125 27
111 126 55
111 127 14
112 128 12
112 129 39
113 130 14
113 131 46
113 132 59
114 133 51
114 134 50
114 135 55
114 136 28
115 137 19
116 138 30
117 138 55
118 139 21
119 139 65
120 140 32
121 141 44
122 141 46
123 142 58
124 143 18
125 144 7
126 145 32
127 145 21
128 146 19
129 147 60
130 148 13
131 149 16
132 150 53
133 150 58
134 151 56
135 152 48
136 153 46
137 154 29
138 155 19
139 156 14
140 157 60
141 158 7
142 159 34
143 160 3
144 161 50
144 162 36
145 163 19
146 164 51
147 165 57
148 166 52
149 167 20
150 168 16
151 169 34
152 170 4
153 171 37
154 172 60
155 173 32
156 174 14
157 175 43
158 175 19
159 175 47
160 176 16
161 177 63
162 178 40
163 179 33
164 180 46
165 181 57
166 182 24
167 183 11
168 184 25
169 184 63
170 185 15
171 186 49
172 187 58
173 188 68
174 189 20
175 190 11
176 191 66
177 192 41
178 193 7
179 194 34
180 195 37
181 196 34
182 197 27
183 198 16
184 199 27
185 200 63
186 201 25
187 202 10
187 203 4
188 204 63
189 205 60
190 206 47
191 207 26
192 208 51
193 209 30
194 210 45
195 211 12
196 212 58
197 213 48
198 214 45
198 215 66
199 216 23
200 217 5
201 218 24
202 219 32
203 220 38
204 221 11
205 222 10
206 223 20
207 224 32
208 225 52
208 226 12
209 227 19
209 228 32
210 229 65
211 230 16
212 231 69
213 232 20
214 233 47
215 234 69
216 235 18
217 236 10
218 237 60
219 238 65
220 239 4
221 240 58
222 241 46
223 242 4
224 243 12
225 244 55
226 245 49
227 246 7
228 247 59
229 248 13
229 249 12
230 250 16
231 251 64
232 252 15
233 253 28
234 254 46
235 255 66
235 256 39
236 257 20
237 258 2
238 259 1
239 260 59
240 261 64
241 262 37
242 263 52
243 264 54
244 265 57
245 265 35
246 266 8
247 267 11
248 267 28
249 268 33
250 268 6
251 269 61
252 270 67
253 270 58
254 271 43
255 271 66
256 272 26
257 273 21
258 274 47
259 275 49
260 276 37
261 277 56
261 278 61
262 279 61
263 280 26
264 281 41
265 282 17
266 283 15
267 284 6
267 285 44
268 286 11
269 287 23
270 288 63
271 289 67
271 290 37
272 291 38
273 292 38
274 293 61
275 294 50
276 295 20
277 295 30
278 296 50
279 296 44
280 297 4
281 298 11
282 299 28
283 300 24
284 301 47
285 301 1
286 302 18
287 303 33
288 304 45
289 305 20
290 305 14
291 305 7
292 306 58
293 307 19
294 308 54
295 309 27
296 310 62
297 311 66
298 312 25
298 313 50
299 314 17
299 315 46
300 316 46
300 317 32
301 318 5
302 319 38
303 320 14
304 321 20
305 322 64
306 323 61
307 324 14
308 325 20
309 325 17
310 326 32
311 326 23
312 327 8
313 328 8
314 328 48
315 328 55
316 328 9
317 329 40
318 330 7
319 330 52
320 330 59
321 331 26
322 331 44
323 332 61
324 333 26
325 334 44
326 335 35
327 336 20
328 337 37
328 338 68
329 339 20
329 340 32
330 341 64
330 342 52
331 343 64
331 344 52
332 345 8
333 346 7
334 347 43
335 348 40
336 349 7
337 350 56
338 351 57
338 352 24
339 353 2
340 354 57
341 355 36
342 356 26
343 357 41
344 358 49
345 359 19
346 360 2
347 361 28
348 362 3
349 363 41
350 364 62
351 365 48
352 366 21
353 367 7
354 368 19
355 369 41
356 370 45
357 370 24
358 371 58
359 372 15
360 373 52
361 374 4
362 375 62
362 376 46
362 377 17
363 378 56
364 379 53
365 380 53
366 381 56
366 382 34
366 383 57
367 384 41
367 385 12
368 386 12
368 387 30
369 388 67
370 389 57
370 390 49
371 391 25
371 392 21
372 393 25
373 394 66
374 395 64
375 396 57
376 397 45
377 398 20
378 398 14
379 399 56
380 400 54
381 401 23
382 402 54
383 403 13
384 404 46
385 405 24
386 406 39
387 407 48
388 408 51
389 409 33
390 410 54
391 411 41
392 412 69
393 413 20
394 414 14
395 415 38
396 416 39
396 417 15
396 418 21
397 419 38
398 420 31
398 421 36
398 422 44
399 423 65
399 424 26
400 425 17
401 426 63
402 427 35
403 428 7
403 429 37
403 430 55
404 431 12
404 432 22
405 433 59
405 434 56
406 435 38
406 436 3
407 437 41
408 438 17
408 439 24
409 440 59
409 441 37
409 442 3
410 443 31
410 444 2
411 445 33
412 446 52
412 447 64
413 448 2
413 449 54
414 450 48
414 451 4
415 452 6
416 452 50
417 452 17
418 453 32
419 453 34
420 454 36
421 454 65
422 454 37
423 454 24
424 455 35
425 455 56
426 455 10
427 456 67
428 457 29
429 457 23
430 458 40
431 458 22
432 458 2
433 458 60
434 459 1
435 459 20
436 459 8
437 459 45
438 459 12
439 459 63
440 460 53
441 460 31
442 461 39
443 461 31
444 461 39
445 461 49
446 462 8
447 462 24
448 462 23
449 462 18
450 462 10
451 462 50
452 463 65
452 464 25
453 465 29
453 466 8
454 467 19
455 468 7
455 469 49
456 470 9
456 471 30
457 472 57
458 473 37
459 474 27
459 475 5
460 476 22
461 477 9
461 478 18
462 479 28
463 480 23
464 481 11
465 482 59
466 483 60
467 483 29
468 483 51
469 484 3
470 484 57
471 485 60
472 486 29
473 487 12
474 488 56
475 488 41
476 489 66
477 490 46
478 491 22
479 492 18
480 493 28
481 494 24
482 495 24
483 496 61
484 497 59
484 498 47
485 499 1
486 500 59
487 501 48
488 502 11
489 503 56
490 504 37
491 505 43
492 506 22
493 507 6
494 508 7
495 509 19
496 510 27
497 511 30
498 512 61
499 513 34
499 514 36
500 515 2
500 516 7
501 517 13
502 518 33
503 519 58
504 520 17
505 521 52
506 522 47
507 523 13
508 524 39
509 525 39
510 525 31
511 525 58
512 526 14
513 527 48
514 527 40
515 527 43
516 527 11
517 528 67
518 528 4
519 529 57
520 530 69
521 530 11
522 530 16
523 531 30
524 532 43
524 533 14
525 534 37
526 535 57
526 536 17
527 537 51
528 538 31
529 539 28
530 540 6
531 541 48
532 542 66
533 543 6
534 544 61
534 545 41
535 546 29
535 547 27
536 548 9
537 549 40
538 550 68
538 551 5
539 552 59
540 553 69
541 554 7
542 555 25
543 556 62
544 557 42
545 558 56
546 559 21
547 560 65
548 561 69
549 562 53
550 563 51
551 564 42
552 565 3
553 566 25
554 567 19
555 568 4
556 569 65
557 570 63
558 571 42
559 572 18
560 573 17
561 574 41
562 575 51
563 576 52
564 576 32
565 577 9
566 578 45
567 579 50
567 580 24
568 581 61
568 582 58
569 583 20
569 584 34
570 585 9
571 586 38
572 587 65
573 588 29
574 589 62
575 590 25
576 591 25
577 592 4
578 593 14
578 594 4
579 595 8
580 596 59
581 597 61
582 598 18
583 599 60
584 600 17
585 601 38
586 602 25
587 603 40
588 604 4
589 605 31
590 606 21
591 607 51
592 608 30
593 609 68
594 610 6
595 611 35
596 612 37
597 613 55
598 613 36
599 614 60
600 615 66
601 616 65
602 616 5
603 617 23
604 618 11
605 619 66
606 620 8
607 621 10
608 622 46
609 623 16
610 624 26
611 625 27
612 626 55
613 627 54
614 628 2
615 629 35
616 630 30
617 631 7
618 632 16
619 633 40
620 634 32
621 635 59
622 635 7
623 636 63
624 637 53
625 638 8
626 639 54
627 640 13
628 641 13
629 642 36
630 643 9
630 644 18
631 645 6
632 646 39
633 647 5
633 648 46
633 649 58
634 650 26
635 651 28
636 652 41
637 653 11
638 654 45
639 654 6
640 655 36
641 656 49
642 657 21
643 658 53
644 659 56
645 659 8
646 660 63
647 661 46
648 661 60
649 662 25
650 663 62
651 663 24
652 664 35
653 664 42
654 665 12
655 666 62
656 667 53
657 668 57
658 669 53
659 670 4
660 671 45
661 672 14
662 673 43
663 674 66
664 675 4
665 676 10
666 677 6
667 678 43
668 678 50
669 678 55
670 679 9
671 679 35
672 680 53
673 680 27
674 681 44
675 681 2
676 682 8
676 683 47
677 684 32
678 685 2
678 686 61
678 687 37
678 688 39
679 689 1
679 690 52
679 691 7
680 692 55
680 693 57
681 694 64
681 695 9
681 696 43
682 697 30
682 698 26
683 699 5
684 700 9
685 701 21
686 702 49
687 703 49
688 704 13
689 705 28
690 706 8
691 707 56
691 708 61
692 709 40
692 710 53
693 711 9
694 712 17
694 713 55
695 714 66
696 715 1
697 716 1
698 717 61
699 718 40
700 719 31
701 719 7
702 720 46
703 720 9
704 721 5
705 722 63
706 723 62
707 724 36
708 725 20
709 726 45
710 727 21
711 728 58
712 729 63
713 730 1
714 731 3
715 731 20
716 732 20
717 733 45
718 734 30
719 735 5
720 736 7
721 737 42
722 738 43
723 739 57
724 740 18
725 741 21
725 742 41
726 743 62
727 744 59
728 745 45
729 746 47
730 747 48
731 748 11
732 749 58
733 749 67
734 750 32
735 750 30
736 750 42
737 750 57
738 751 7
739 751 5
740 752 48
741 752 40
742 753 46
743 753 12
744 754 63
745 755 13
746 755 7
747 756 54
748 756 48
749 757 6
749 758 37
749 759 52
750 760 63
750 761 34
751 762 61
751 763 67
751 764 40
752 765 7
753 766 54
754 767 16
754 768 2
754 769 25
755 770 69
756 771 56
756 772 24
757 773 3
758 774 56
759 775 5
760 776 13
761 777 66
762 778 8
763 779 65
764 780 3
765 781 24
766 782 5
767 783 12
768 784 10
769 785 59
770 786 13
771 787 41
772 788 9
773 789 26
774 790 36
775 791 17
776 792 21
777 793 9
778 794 18
779 794 33
780 794 55
781 795 31
782 796 19
783 796 19
784 797 28
785 797 24
786 797 34
787 798 16
788 799 54
789 800 15
790 800 53
791 800 61
792 800 62
793 800 29
794 800 7
795 800 42
796 800 43
797 800 53
798 800 11
799 800 19
