1 2 20
1 3 26
1 4 27
1 5 18
1 6 10
2 7 24
2 8 4
2 9 10
2 10 22
2 11 17
3 12 29
3 13 26
3 14 27
4 15 24
4 16 27
4 17 10
5 18 27
5 19 7
6 20 6
6 21 5
6 22 26
6 23 8
6 24 3
7 25 20
8 26 2
9 27 11
10 28 13
11 29 9
12 30 24
13 31 26
14 32 2
14 33 10
15 34 28
16 35 25
17 36 5
18 37 22
19 38 25
20 39 11
21 40 8
22 41 10
23 42 2
24 43 22
24 44 2
25 45 27
26 46 5
27 47 16
28 48 8
29 49 14
30 50 4
31 51 28
32 52 6
32 53 2
33 54 7
34 55 14
34 56 12
35 57 11
36 58 17
36 59 16
37 60 11
38 61 3
38 62 19
39 63 4
40 64 7
40 65 24
41 66 9
42 67 15
42 68 6
43 69 23
43 70 11
44 71 7
45 72 15
46 73 20
47 74 3
48 75 29
49 76 16
50 77 24
51 78 21
52 79 11
53 80 29
54 81 26
55 82 25
56 82 1
57 83 24
58 84 4
59 85 9
60 86 18
61 87 29
62 88 11
63 88 19
64 89 19
65 90 9
66 91 2
67 92 28
68 93 18
69 94 8
70 94 28
71 94 26
72 95 25
73 96 13
74 97 27
75 98 28
76 99 12
77 100 8
78 101 5
79 102 5
80 103 29
81 104 25
82 105 19
83 106 11
84 107 9
85 108 7
85 109 22
86 110 2
87 111 13
88 112 13
89 113 20
90 114 13
91 115 18
92 116 24
93 117 3
94 118 21
95 119 5
96 120 16
97 121 5
98 122 15
99 123 14
100 124 28
101 125 22
102 126 29
103 127 4
104 127 16
105 128 3
106 129 7
107 130 4
108 131 17
109 131 2
110 132 14
111 133 23
112 134 11
113 134 5
114 135 8
115 135 15
116 136 28
117 137 27
118 137 9
119 138 10
119 139 20
120 140 17
121 141 6
122 142 8
122 143 7
123 144 11
123 145 25
124 146 2
125 147 29
126 148 18
127 149 25
128 150 25
129 151 6
130 152 1
131 153 5
132 154 9
132 155 29
132 156 24
133 157 26
134 158 14
135 159 24
136 160 13
137 161 3
137 162 8
138 163 1
139 164 15
140 165 12
141 166 8
142 167 29
143 168 6
144 169 5
145 170 5
146 171 2
147 172 15
148 173 20
149 174 28
150 175 19
151 176 4
152 177 1
153 178 20
154 179 6
155 180 3
156 181 24
157 182 7
158 183 12
159 184 16
160 185 3
161 186 28
161 187 7
162 188 20
163 189 3
164 190 27
165 191 28
166 192 2
167 193 26
168 194 10
169 195 25
170 195 2
171 195 22
172 196 1
173 197 18
174 198 24
175 199 7
176 199 4
177 200 3
178 200 3
179 201 6
180 202 2
181 203 6
182 204 24
183 205 18
184 205 21
185 205 27
186 206 25
187 207 18
188 208 9
189 209 20
190 210 8
190 211 3
190 212 21
191 213 28
192 214 27
193 215 3
193 216 26
194 217 13
195 218 4
196 219 29
197 220 29
198 221 17
199 222 1
200 223 21
201 224 10
202 225 20
203 226 16
203 227 23
204 228 25
205 229 10
206 230 4
207 231 16
207 232 9
208 233 6
209 234 19
210 235 1
211 235 27
212 236 1
213 237 29
214 238 8
215 239 11
216 240 12
217 241 2
218 242 10
219 243 7
220 244 16
221 244 25
222 244 10
223 244 27
224 245 7
225 245 25
226 246 16
227 247 3
228 248 21
229 248 6
230 248 12
231 249 26
232 250 4
233 250 1
234 251 8
234 252 22
235 253 18
236 254 15
236 255 8
236 256 15
237 257 19
238 258 4
239 259 18
239 260 21
240 261 23
241 262 5
241 263 3
242 264 29
243 265 9
244 266 8
244 267 23
245 268 5
245 269 20
246 270 8
247 271 25
247 272 25
248 273 28
248 274 29
249 275 18
250 276 13
251 277 22
252 278 16
253 279 17
254 280 6
255 280 29
256 281 2
257 282 28
258 283 3
259 283 6
260 284 20
261 284 10
262 285 3
263 286 5
264 287 10
265 288 4
266 288 6
267 289 29
268 290 15
269 291 20
270 291 20
271 291 14
272 292 3
273 293 13
274 294 11
275 295 15
276 296 4
277 297 19
278 298 21
279 299 28
280 300 29
280 301 20
281 302 8
281 303 5
282 304 12
283 305 21
284 306 13
285 307 2
286 308 20
287 309 1
288 310 23
289 311 18
290 312 18
291 313 9
291 314 29
292 315 12
293 316 19
294 317 22
295 318 28
296 319 25
297 320 22
298 321 27
299 322 25
300 322 18
301 322 20
302 323 7
303 324 25
304 325 20
305 326 26
306 327 23
307 328 26
308 329 22
309 330 20
310 331 3
311 332 20
312 333 11
313 334 1
314 335 1
315 336 24
316 337 18
317 338 18
318 339 28
319 340 7
320 341 26
321 342 13
322 343 29
323 344 5
323 345 21
324 346 21
325 347 29
326 348 3
327 349 6
328 350 29
329 351 4
330 352 9
331 353 17
331 354 25
332 355 3
333 356 8
334 357 10
335 358 7
336 359 15
337 360 18
338 361 25
339 362 7
340 363 4
340 364 27
341 365 26
342 366 27
343 366 3
344 367 10
345 368 26
346 368 15
347 369 24
348 369 29
349 370 19
350 371 24
351 371 6
352 372 4
353 373 16
354 374 15
355 374 3
356 374 18
357 375 11
358 376 17
359 377 25
360 378 26
361 379 4
362 380 6
363 380 14
364 381 7
365 382 22
366 383 10
367 384 21
367 385 28
367 386 3
368 387 9
369 388 25
370 389 1
370 390 10
371 391 24
372 392 3
373 393 3
373 394 24
374 395 14
375 396 20
376 397 22
376 398 16
376 399 1
377 400 25
378 401 5
379 402 17
379 403 25
380 404 24
380 405 4
381 406 1
381 407 25
381 408 17
382 409 13
383 410 18
384 411 13
385 412 14
386 413 6
387 414 27
388 415 13
389 416 27
390 417 17
391 418 20
392 419 26
393 420 19
394 421 6
395 422 17
396 423 3
397 424 17
398 425 11
399 426 16
400 427 27
401 428 1
402 429 8
403 430 8
404 431 7
405 432 16
406 433 17
407 434 9
408 435 18
409 436 28
410 437 20
411 438 19
412 439 16
413 440 13
414 440 29
415 440 24
416 440 19
417 441 15
418 442 23
419 443 19
420 443 4
421 443 25
422 443 2
423 444 4
424 444 29
425 445 29
426 445 10
427 445 1
428 446 27
429 446 24
430 447 25
431 448 22
432 448 2
433 449 4
434 450 17
435 451 8
436 452 4
437 453 24
437 454 21
438 455 18
438 456 4
439 457 23
440 458 5
441 459 26
442 460 29
443 461 23
443 462 29
444 463 19
444 464 14
445 465 16
446 466 26
447 467 11
448 468 22
449 469 29
450 470 20
451 471 18
451 472 19
452 473 4
453 474 7
454 475 6
455 476 15
456 477 20
457 478 20
458 479 28
458 480 15
459 481 27
460 482 21
461 483 3
462 484 4
463 485 15
464 486 12
465 487 22
466 488 25
466 489 17
467 490 16
468 491 23
469 492 26
470 493 10
471 494 6
472 495 9
472 496 6
473 497 13
473 498 24
474 499 2
475 500 19
476 501 24
477 502 29
478 503 8
479 504 29
480 505 18
481 506 14
482 507 15
483 508 9
484 509 17
485 510 18
486 511 25
486 512 19
487 513 6
488 514 24
489 515 19
490 516 28
491 517 29
492 518 22
493 519 11
494 520 11
494 521 20
495 522 4
496 523 22
497 524 15
498 525 17
499 526 10
500 526 22
501 527 3
502 528 8
503 529 2
504 529 7
505 530 1
506 530 8
507 530 22
508 531 13
509 531 15
510 532 28
511 532 7
512 533 18
513 533 1
514 534 23
515 535 17
516 536 5
517 536 16
518 536 23
519 537 5
520 537 20
521 538 27
522 539 29
523 540 18
524 541 16
525 542 8
525 543 3
526 544 23
527 545 13
528 546 21
528 547 3
529 548 15
530 549 27
531 550 17
531 551 13
532 552 24
532 553 10
533 554 28
534 555 26
535 556 11
536 557 9
537 558 22
538 559 6
538 560 9
539 561 19
539 562 13
540 563 22
541 564 17
542 565 12
543 566 19
544 567 16
545 568 3
546 568 6
547 569 19
548 570 4
549 571 18
550 572 29
551 573 17
552 574 23
553 575 11
554 576 28
555 577 3
556 578 1
557 579 8
558 580 9
559 581 21
560 582 8
561 583 7
562 584 14
563 585 27
564 586 12
565 587 14
566 588 12
567 589 20
568 590 27
569 591 17
570 592 9
571 592 14
572 593 20
573 594 10
574 595 26
575 596 18
576 597 10
577 598 9
578 599 8
579 600 2
580 601 9
581 602 14
582 603 2
583 604 1
584 605 14
585 606 15
586 607 11
587 608 8
588 609 5
589 610 11
590 611 6
591 612 14
592 613 16
593 614 19
594 614 3
595 615 20
596 616 6
597 617 12
598 618 25
599 619 14
600 620 10
601 621 17
602 622 6
603 623 22
604 623 3
605 624 21
606 625 23
607 626 18
608 627 20
609 628 28
610 629 26
611 630 15
612 631 7
613 632 4
614 633 18
615 634 5
616 635 28
617 636 1
618 637 12
619 638 20
620 639 27
621 640 25
622 641 11
623 642 20
624 643 13
625 644 18
626 645 10
626 646 12
627 647 26
628 648 23
628 649 16
629 650 15
629 651 7
630 652 28
630 653 19
630 654 3
631 655 12
632 656 26
633 657 26
634 658 8
634 659 10
635 660 21
636 661 5
637 662 7
638 663 23
638 664 17
639 665 28
640 666 22
641 667 23
642 668 6
643 669 19
644 670 10
645 671 29
646 672 20
647 673 3
648 674 14
649 675 11
650 676 19
651 676 17
652 677 8
653 678 20
654 679 22
655 680 19
656 681 10
657 682 27
658 683 16
659 684 22
660 684 20
661 684 8
662 685 11
663 686 15
664 687 1
665 688 25
666 689 10
667 690 22
668 691 24
669 691 4
670 691 10
671 692 7
672 693 18
673 694 13
674 695 2
675 696 17
676 697 24
677 698 2
678 699 10
679 700 19
680 701 7
681 702 12
682 703 2
683 703 11
684 704 16
685 705 19
686 706 4
687 707 15
688 708 2
689 709 11
690 710 9
691 711 1
692 712 5
693 713 13
694 714 22
695 715 15
696 716 8
697 717 3
698 718 21
698 719 20
699 720 23
700 721 21
701 722 14
702 723 24
703 724 4
703 725 10
704 726 27
705 727 20
706 728 13
707 729 11
708 730 17
708 731 14
708 732 22
709 733 20
710 734 3
711 735 16
712 736 20
713 736 16
714 737 21
715 738 1
716 739 18
717 740 15
718 740 12
719 741 20
720 742 28
721 743 4
722 744 16
723 745 11
724 745 17
725 746 17
726 747 11
727 747 16
728 748 15
729 749 17
730 750 23
731 751 21
732 751 7
733 752 26
734 753 26
735 753 19
736 754 3
737 755 7
737 756 1
737 757 8
738 758 28
739 759 22
739 760 5
739 761 26
740 762 16
741 763 7
742 764 19
742 765 25
743 766 13
743 767 24
744 768 3
745 769 5
746 770 24
746 771 27
747 772 1
748 773 21
749 774 1
750 775 4
750 776 8
751 777 20
752 778 28
753 779 9
754 780 15
755 781 10
756 782 23
757 783 24
758 783 10
759 783 14
760 784 27
761 785 2
762 786 7
763 787 22
764 788 14
765 789 28
766 790 10
767 791 17
768 791 29
769 792 21
770 793 2
771 794 23
772 794 15
773 794 24
774 795 6
775 796 21
776 797 9
777 798 26
778 799 15
779 799 27
780 800 22
781 800 16
782 800 24
783 800 14
784 800 19
785 800 15
786 800 9
787 800 21
788 800 29
789 800 16
790 800 6
791 800 17
792 800 11
793 800 9
794 800 22
795 800 25
796 800 26
797 800 16
798 800 3
799 800 3
