1 2 5
1 3 13
1 4 3
1 5 14
1 6 15
2 7 10
2 8 8
2 9 6
3 10 7
3 11 5
3 12 12
3 13 9
3 14 15
4 15 3
4 16 10
5 17 9
6 18 5
7 19 7
7 20 7
8 21 10
9 22 2
9 23 8
10 24 1
10 25 1
10 26 5
10 27 8
11 28 10
11 29 15
12 30 13
13 31 10
13 32 1
13 33 11
14 34 1
15 35 9
15 36 7
15 37 14
16 38 14
17 39 2
18 40 9
19 41 4
20 42 3
21 42 10
22 43 7
23 44 3
24 45 5
25 46 5
26 47 8
27 48 11
28 49 14
29 50 7
30 51 10
31 52 14
32 53 4
33 54 3
34 54 12
35 55 1
36 56 2
37 57 9
38 58 9
39 59 12
40 60 12
41 61 13
42 62 6
43 63 10
44 64 12
45 65 3
46 66 10
47 67 2
48 68 6
49 69 7
50 70 8
51 71 2
52 72 2
53 73 2
54 74 2
55 75 6
56 76 4
57 77 3
57 78 11
58 79 14
59 80 8
60 81 3
60 82 14
61 83 1
62 84 10
63 85 10
64 86 10
65 87 4
66 88 5
67 89 5
68 90 8
69 91 1
70 91 9
71 91 1
72 92 6
73 93 15
74 94 1
75 95 12
76 96 11
77 97 14
78 98 12
79 99 1
80 99 9
81 100 15
82 100 5
83 101 6
84 102 4
85 103 1
86 104 14
87 105 9
88 106 2
89 107 6
90 108 13
91 109 10
92 110 8
93 111 11
94 112 12
95 113 2
96 114 10
97 115 14
98 116 12
99 117 14
100 118 11
101 119 5
102 120 6
103 121 8
103 122 4
104 123 10
105 124 10
106 125 7
107 126 1
108 127 10
109 128 12
110 129 15
110 130 10
111 131 3
112 132 15
113 133 2
113 134 5
114 135 9
115 136 6
115 137 6
116 138 9
117 139 6
118 140 2
119 141 7
120 142 12
121 142 13
122 142 14
123 143 6
124 143 7
125 144 13
126 144 1
127 145 6
128 146 9
129 147 10
130 147 5
131 148 6
132 149 13
133 150 11
134 151 11
135 152 9
136 152 7
137 153 6
138 153 2
139 154 2
140 154 1
141 155 6
142 156 9
143 157 7
144 158 2
145 159 10
146 160 6
146 161 10
147 162 2
148 163 6
149 164 10
150 165 4
151 166 10
152 167 8
153 168 2
154 169 14
155 170 14
156 170 11
157 171 4
158 172 15
159 173 8
160 174 6
161 175 2
162 175 12
163 176 14
164 177 10
165 178 5
166 179 14
167 180 8
168 181 13
169 182 13
170 183 6
170 184 7
170 185 5
171 186 3
171 187 9
171 188 9
171 189 10
172 190 8
172 191 6
173 192 7
173 193 1
174 194 11
175 195 9
175 196 14
176 197 12
177 198 10
177 199 8
178 200 9
179 201 6
179 202 2
179 203 3
179 204 6
180 205 11
181 206 15
182 207 4
183 208 13
184 209 5
185 210 11
186 210 14
187 211 14
188 212 8
189 213 11
190 214 3
191 215 5
192 216 15
193 217 13
194 218 5
195 219 1
196 220 11
197 221 2
198 222 10
199 223 9
200 224 2
201 225 5
202 226 7
203 226 8
204 227 15
205 228 7
206 229 14
207 230 8
208 231 9
209 232 3
210 232 3
211 233 6
212 234 15
213 235 2
214 235 10
215 236 11
216 236 8
217 236 10
218 237 4
219 237 11
220 238 14
221 239 8
222 239 14
223 239 10
224 240 13
225 240 9
226 241 9
227 242 10
228 242 7
229 243 8
230 244 6
231 245 2
232 246 2
232 247 10
232 248 3
232 249 9
233 250 13
233 251 13
233 252 11
234 253 6
234 254 14
234 255 7
235 256 11
235 257 7
236 258 14
237 259 1
237 260 15
238 261 12
238 262 3
239 263 11
239 264 7
240 265 7
240 266 14
241 267 9
241 268 11
241 269 8
242 270 7
243 271 1
244 272 14
245 273 7
246 273 10
247 273 2
248 274 7
249 275 1
250 275 8
251 275 14
252 276 6
253 276 8
254 276 9
255 276 6
256 277 15
257 277 11
258 277 1
259 278 8
260 278 12
261 278 12
262 279 9
263 279 12
264 280 11
265 281 12
266 282 7
267 283 7
268 284 12
269 285 2
270 286 12
271 287 1
272 287 7
273 288 15
274 288 14
275 289 10
276 290 11
277 290 4
278 290 8
279 291 1
280 291 11
281 292 8
282 293 5
283 294 7
284 295 7
285 296 5
286 297 9
287 297 7
288 298 13
288 299 2
289 300 9
290 301 8
291 302 10
292 303 9
292 304 13
292 305 15
293 306 3
294 307 14
294 308 4
294 309 14
294 310 7
295 311 13
296 312 1
297 313 7
297 314 15
298 315 14
299 316 10
299 317 10
300 318 8
300 319 15
301 320 10
301 321 9
302 322 13
303 323 3
304 324 14
304 325 1
305 326 2
306 327 1
307 328 1
307 329 15
308 330 6
308 331 6
309 332 8
309 333 14
310 334 8
311 335 5
312 336 2
312 337 1
313 338 3
314 339 15
315 340 14
316 341 13
317 341 6
318 342 7
319 342 1
320 343 8
321 343 10
322 344 3
323 345 1
324 345 6
325 346 3
326 347 3
327 348 3
328 348 3
329 348 2
330 349 2
331 349 14
332 350 6
333 350 1
334 351 1
335 352 10
336 352 2
337 353 14
338 353 1
339 353 5
340 354 15
341 355 5
342 356 13
343 357 15
344 358 5
345 359 10
346 360 13
347 361 11
348 362 7
349 363 14
350 364 7
351 365 4
352 366 4
353 367 15
354 368 1
355 369 6
355 370 14
356 371 6
356 372 1
357 373 13
358 374 15
359 375 14
360 376 8
361 377 12
362 378 9
363 379 4
364 380 3
365 381 1
366 382 7
366 383 12
367 384 7
368 385 9
369 386 6
370 387 10
371 388 15
372 389 9
373 389 1
374 390 10
375 391 7
376 392 11
377 393 13
378 394 2
379 395 12
380 395 1
381 395 3
382 396 8
383 397 10
384 398 8
385 399 5
385 400 9
385 401 2
385 402 15
386 403 12
387 404 3
388 405 14
389 406 14
390 407 8
391 408 1
392 409 15
392 410 4
393 411 7
393 412 4
394 413 1
395 414 9
396 415 5
397 416 10
398 417 1
398 418 7
399 419 11
399 420 6
400 421 10
401 422 1
402 423 5
403 424 9
403 425 6
404 426 11
405 427 14
406 428 8
406 429 14
407 430 1
408 431 3
409 432 15
410 433 4
411 434 12
412 435 10
413 436 6
414 437 8
415 438 12
416 439 15
417 440 7
418 441 6
419 442 1
420 443 4
421 444 7
422 444 14
423 445 14
424 446 14
425 446 13
426 446 2
427 447 7
428 448 11
429 448 6
430 449 9
431 449 1
432 450 9
433 451 10
434 452 2
435 453 10
436 454 1
437 455 2
438 456 12
439 457 10
440 457 3
441 458 9
442 459 8
443 459 2
444 460 15
445 461 6
446 462 7
447 463 11
448 464 3
449 465 14
450 466 13
451 467 15
452 468 7
453 469 6
454 470 2
455 471 10
456 471 1
457 472 2
458 473 8
459 474 7
460 475 12
461 476 6
462 477 10
463 478 9
464 479 11
465 479 7
466 479 1
467 480 13
468 481 3
469 481 2
470 482 8
471 483 14
472 484 2
473 485 15
474 486 3
475 487 13
476 488 6
477 489 1
477 490 2
478 491 11
479 492 3
480 493 11
481 494 6
482 495 5
483 496 13
484 497 1
484 498 4
485 499 10
486 500 9
487 500 9
488 500 11
489 500 14
490 500 13
491 500 3
492 500 3
493 500 8
494 500 3
495 500 2
496 500 13
497 500 2
498 500 7
499 500 14
