1 2 18
1 3 12
1 4 34
2 5 69
2 6 45
3 7 84
3 8 89
3 9 21
3 10 39
4 11 89
4 12 9
5 13 74
5 14 39
5 15 38
6 16 3
6 17 7
7 18 71
7 19 75
8 20 34
9 21 72
10 22 27
10 23 77
10 24 44
11 25 43
11 26 83
12 27 55
12 28 67
12 29 89
13 30 78
14 31 5
15 32 29
16 33 24
17 34 52
18 35 69
18 36 89
19 37 33
20 38 4
21 39 11
22 40 56
22 41 58
23 42 25
24 43 73
25 44 65
26 45 48
27 46 79
28 47 4
29 48 3
29 49 19
29 50 11
29 51 6
30 52 21
30 53 16
31 54 21
32 55 46
33 56 34
34 57 3
34 58 67
35 59 75
36 60 52
37 61 44
38 62 10
39 63 51
40 64 76
40 65 3
41 66 36
42 67 76
43 68 38
44 69 29
44 70 82
45 71 20
45 72 75
46 73 15
47 74 60
48 75 58
49 76 9
50 77 25
51 78 18
52 79 53
53 79 36
54 79 88
55 80 83
56 80 62
57 80 16
58 81 88
59 82 71
60 82 8
61 83 69
62 84 77
63 85 1
64 85 19
65 85 76
66 86 63
67 87 32
68 87 68
69 87 19
70 88 33
71 89 20
72 90 49
73 90 32
74 91 40
75 92 71
76 93 56
77 94 53
78 94 4
79 95 27
80 96 83
81 97 80
82 97 42
83 97 76
84 98 33
85 99 39
86 100 8
87 101 68
88 102 76
89 103 31
90 104 89
91 104 39
92 105 59
93 106 89
94 107 52
95 108 67
96 108 74
97 109 77
98 110 44
99 111 50
100 112 74
101 112 24
102 113 67
103 114 16
104 115 23
105 116 18
106 117 14
107 118 83
108 119 12
109 120 29
110 121 36
111 122 29
112 123 29
113 124 61
114 125 59
115 126 80
116 127 57
117 128 20
118 129 18
119 130 72
120 131 71
121 132 59
121 133 29
122 134 19
122 135 77
123 136 31
123 137 11
124 138 60
124 139 27
125 140 68
126 141 8
126 142 13
127 143 37
128 144 72
128 145 16
129 146 32
130 147 67
131 148 19
132 149 84
133 150 13
134 151 51
135 152 46
136 153 9
137 154 43
138 155 26
139 155 5
140 156 75
141 157 22
142 158 63
143 159 44
144 160 65
145 161 16
146 161 12
147 162 57
148 163 73
149 164 60
150 165 89
151 165 35
152 166 7
153 167 59
154 167 14
155 168 32
156 169 30
157 169 48
158 170 65
159 171 23
160 172 59
161 173 70
162 174 64
162 175 63
163 176 55
164 177 70
165 178 6
165 179 61
166 180 72
167 181 64
168 182 56
169 183 30
169 184 24
170 185 33
171 186 25
172 187 12
172 188 34
173 189 82
174 190 69
175 191 45
176 191 59
177 192 14
178 193 22
179 194 70
180 194 18
181 195 30
182 196 82
183 196 14
184 197 35
185 198 35
186 199 25
187 200 65
188 201 27
189 202 76
190 203 82
191 204 3
192 205 5
193 206 7
194 207 8
195 208 75
195 209 21
196 210 41
197 211 3
198 212 20
199 213 64
200 214 69
201 215 49
202 216 85
203 217 89
204 218 45
205 219 28
205 220 33
206 221 77
206 222 59
207 223 30
208 224 52
208 225 75
209 226 25
210 227 23
210 228 62
210 229 28
211 230 36
212 231 36
213 232 77
213 233 50
214 234 45
215 235 59
216 236 37
216 237 77
217 238 47
218 239 3
218 240 29
218 241 66
219 242 43
219 243 18
219 244 81
219 245 74
220 246 41
221 247 50
221 248 1
222 249 28
223 250 13
223 251 45
224 252 3
224 253 88
224 254 13
225 255 16
226 256 12
226 257 66
227 258 86
228 259 10
228 260 71
229 261 43
230 262 51
230 263 70
231 264 11
232 265 43
232 266 18
233 267 89
233 268 89
233 269 29
234 270 51
235 271 16
235 272 35
235 273 51
236 274 38
236 275 25
236 276 38
237 277 74
237 278 63
238 279 6
239 279 62
240 280 1
241 281 73
242 281 17
243 282 89
244 283 68
245 283 84
246 284 40
247 284 24
248 284 35
249 285 39
250 285 2
251 285 77
252 285 66
253 286 43
254 286 82
255 286 63
256 286 62
257 287 74
258 287 64
259 287 23
260 288 21
261 288 85
262 289 14
263 289 46
264 290 61
265 290 59
266 290 80
267 290 6
268 291 3
269 291 43
270 291 3
271 291 12
272 292 70
273 292 76
274 293 62
275 293 38
276 294 35
277 294 69
278 294 30
279 295 70
280 295 30
281 296 2
282 297 64
283 298 28
284 299 50
285 299 41
286 300 60
287 301 49
288 302 54
289 303 58
290 304 88
291 305 68
292 306 2
293 306 70
294 307 87
295 308 89
296 309 53
296 310 51
297 311 51
298 312 47
299 313 60
300 314 32
301 315 58
302 316 37
302 317 49
303 318 18
304 319 27
305 320 18
306 321 24
307 322 6
308 323 27
309 324 37
310 325 84
311 326 80
312 327 42
313 328 13
314 328 55
315 329 89
316 330 41
317 331 54
318 332 50
319 333 63
320 333 17
321 334 65
322 335 4
323 336 19
324 337 8
325 338 13
326 339 22
327 340 69
328 341 60
328 342 89
329 343 10
330 344 46
331 345 75
332 346 76
332 347 72
333 348 6
334 349 10
334 350 42
335 351 86
335 352 52
336 353 51
337 354 11
338 355 82
339 356 26
340 357 69
341 358 84
342 359 10
343 360 29
344 361 32
345 362 50
346 363 76
347 364 35
348 365 26
349 366 41
350 367 12
351 368 46
352 369 50
353 370 78
354 371 53
355 372 9
356 372 85
357 372 27
358 373 39
359 374 19
360 374 8
361 375 19
362 376 74
363 377 88
364 378 53
365 379 54
366 379 73
367 380 10
368 381 20
369 382 17
370 383 43
371 384 38
372 385 46
373 386 84
373 387 2
374 388 70
375 389 16
376 390 69
376 391 61
377 392 89
378 393 7
378 394 17
379 395 55
380 396 17
380 397 26
380 398 1
381 399 19
382 400 80
383 401 33
384 402 37
385 403 47
386 403 44
387 404 62
388 404 24
389 405 60
390 406 5
391 407 89
392 408 56
393 408 21
394 409 47
395 410 52
396 410 65
397 411 84
398 412 19
399 413 12
400 413 22
401 414 46
402 415 35
403 416 19
403 417 2
404 418 37
404 419 7
405 420 7
405 421 65
406 422 48
407 423 4
408 424 48
409 425 74
410 426 8
410 427 64
410 428 71
411 429 55
412 430 12
413 431 42
413 432 20
414 433 20
415 433 57
416 434 1
417 435 49
418 435 24
419 436 79
420 437 54
421 438 49
422 439 3
423 440 60
424 440 61
425 441 66
426 442 29
427 442 69
428 443 33
429 443 30
430 444 54
431 445 86
432 445 3
433 446 40
434 447 13
435 448 34
436 449 89
437 450 9
438 451 49
439 452 74
440 453 75
440 454 31
441 455 86
442 456 89
443 457 24
444 458 64
445 459 55
446 460 2
447 461 5
448 462 35
449 463 27
450 464 81
451 465 50
452 466 38
453 467 49
454 468 4
455 469 55
456 469 30
457 469 30
458 470 48
459 471 15
460 472 78
461 473 83
462 474 16
462 475 17
463 476 41
464 477 48
464 478 28
465 479 35
466 480 26
467 481 43
468 482 13
469 483 45
470 484 88
471 485 85
472 486 25
473 487 12
474 488 30
475 489 88
476 490 15
477 491 67
478 492 17
479 493 67
480 494 13
481 495 55
482 496 89
483 497 23
484 498 4
485 499 76
486 500 33
487 500 25
488 500 27
489 500 20
490 500 36
491 500 4
492 500 9
493 500 3
494 500 80
495 500 32
496 500 64
497 500 24
498 500 8
499 500 30
