1 2 7
1 3 5
1 4 1
2 5 5
2 6 1
2 7 2
2 8 4
3 9 5
3 10 1
3 11 6
3 12 1
3 13 5
4 14 3
4 15 5
4 16 6
4 17 4
5 18 7
6 19 1
7 20 4
8 21 2
9 22 7
10 23 1
11 24 2
12 25 6
13 26 4
14 27 7
15 28 7
16 29 3
17 30 2
18 31 3
19 32 2
20 33 6
21 34 5
22 35 1
23 36 5
24 37 4
25 38 2
26 39 3
27 40 2
27 41 7
27 42 5
28 43 1
29 44 5
30 45 7
31 46 1
32 47 3
33 48 1
34 49 2
35 50 6
36 51 5
37 52 3
38 53 1
39 54 4
40 55 4
41 56 2
42 57 6
43 58 3
44 59 7
44 60 6
45 61 4
46 62 2
47 63 5
47 64 2
48 65 6
49 66 6
50 67 1
51 68 5
52 69 3
53 70 4
54 71 7
55 72 6
56 73 2
57 74 4
58 75 1
59 76 7
60 77 4
61 78 1
62 79 2
63 80 4
64 81 6
65 82 2
66 83 5
67 84 7
68 85 6
69 86 6
70 87 6
71 88 1
72 89 6
72 90 1
73 91 6
74 92 1
75 93 3
76 94 3
77 95 7
78 96 7
79 97 1
80 98 1
81 99 4
82 100 6
83 100 4
84 101 2
85 102 5
86 102 1
87 103 4
88 104 3
89 105 5
90 106 5
91 107 6
92 108 5
93 109 6
94 110 5
95 111 6
96 112 3
97 113 5
98 114 6
99 115 5
100 116 5
101 117 6
102 118 4
103 119 6
104 120 3
105 121 2
105 122 7
106 123 1
107 124 7
108 125 6
109 126 1
110 127 2
110 128 6
111 129 7
112 130 4
113 131 6
114 132 5
115 133 3
116 133 4
117 134 1
118 134 2
119 135 7
120 136 1
121 137 4
122 138 5
123 139 6
124 139 3
125 139 2
126 140 4
127 141 2
128 142 2
129 142 2
130 143 3
131 144 6
132 145 6
133 146 4
134 147 2
134 148 4
135 149 1
136 150 4
137 151 7
138 152 7
138 153 5
139 154 6
139 155 5
140 156 4
141 157 5
142 158 2
143 159 7
144 160 6
145 160 3
146 160 1
147 161 1
148 161 6
149 162 6
150 163 1
151 163 3
152 164 2
153 165 4
154 165 3
155 166 6
156 167 3
157 167 1
158 168 1
159 169 1
160 170 7
160 171 6
161 172 4
162 173 2
163 174 4
163 175 7
164 176 5
165 177 4
166 178 6
166 179 1
166 180 1
167 181 2
168 182 3
169 183 1
170 184 1
171 185 2
172 186 7
173 187 7
174 187 6
175 188 6
176 189 6
177 189 5
178 190 2
179 190 4
180 190 2
181 191 5
182 192 2
183 192 1
184 193 7
185 194 7
186 194 6
187 194 5
188 195 1
189 196 2
190 196 2
191 197 1
192 198 1
193 199 6
193 200 3
194 201 6
194 202 6
194 203 6
194 204 6
195 205 6
195 206 6
196 207 2
196 208 6
197 209 1
197 210 1
197 211 6
198 212 3
198 213 4
198 214 1
199 215 6
200 216 2
201 217 5
202 218 4
203 219 2
204 220 5
205 221 1
206 222 7
207 223 2
208 224 1
209 225 1
210 225 6
211 226 5
212 226 4
213 227 2
214 228 7
215 229 2
216 230 6
216 231 5
217 232 2
218 233 5
219 234 1
219 235 4
219 236 1
220 237 5
221 238 5
222 239 3
223 240 5
224 241 1
225 242 6
226 243 1
227 244 4
228 245 7
229 246 4
230 246 2
231 247 1
232 248 7
233 248 2
234 248 1
235 249 2
236 249 1
237 249 5
238 249 4
239 250 2
240 250 1
241 251 5
242 251 2
243 251 4
244 251 7
245 251 1
246 252 3
247 253 6
248 254 7
248 255 6
249 256 2
249 257 3
249 258 1
250 259 6
251 260 6
251 261 2
251 262 6
252 263 1
253 264 5
254 265 1
255 266 7
256 267 2
257 268 5
258 269 1
258 270 7
259 271 6
260 272 2
261 273 6
262 274 7
263 275 5
264 276 5
264 277 7
264 278 6
265 279 7
266 280 3
266 281 7
267 282 7
268 283 6
269 284 1
270 285 7
271 286 4
272 287 6
273 288 7
274 289 6
275 290 7
276 291 6
276 292 4
277 293 1
277 294 7
278 295 3
278 296 2
279 297 1
279 298 3
280 299 1
281 300 7
282 301 3
282 302 4
283 303 4
284 304 4
285 305 4
286 306 2
287 307 2
288 308 4
288 309 5
289 310 3
290 311 6
291 312 7
292 313 5
293 314 6
294 315 1
295 316 1
296 317 1
297 318 4
298 319 3
299 320 6
300 321 7
301 322 7
302 322 7
303 323 2
304 324 3
305 325 2
306 326 4
307 327 5
308 328 5
309 328 6
310 328 6
311 329 1
311 330 4
312 331 4
313 332 1
313 333 6
314 334 4
314 335 4
315 336 2
315 337 2
315 338 6
316 339 7
316 340 5
317 341 1
317 342 3
317 343 2
317 344 3
318 345 7
318 346 5
319 347 6
320 348 3
320 349 3
320 350 1
321 351 7
322 352 6
323 353 2
323 354 1
323 355 6
324 356 6
324 357 4
324 358 6
324 359 4
324 360 1
325 361 5
325 362 4
325 363 3
325 364 2
326 365 4
327 366 7
327 367 4
328 368 6
328 369 5
329 370 2
330 370 3
331 370 6
332 371 3
333 371 5
334 372 3
335 372 5
336 372 4
337 373 7
338 373 4
339 373 3
340 374 7
341 374 4
342 374 1
343 375 4
344 375 5
345 375 1
346 375 7
347 376 1
348 376 6
349 376 6
350 376 7
351 377 1
352 377 1
353 378 5
354 378 3
355 378 1
356 378 2
357 379 7
358 379 4
359 380 3
360 380 5
361 380 2
362 380 5
363 381 6
364 381 5
365 381 7
366 381 7
367 381 2
368 382 7
369 382 1
370 383 4
370 384 3
371 385 5
371 386 5
372 387 7
373 388 6
373 389 1
374 390 4
374 391 7
375 392 5
376 393 1
377 394 6
378 395 4
379 396 6
380 397 4
381 398 7
382 399 7
383 400 2
384 401 4
385 402 7
386 403 3
387 404 2
388 405 4
389 406 1
390 407 1
391 408 3
392 409 1
393 410 3
394 411 2
394 412 1
395 413 5
396 414 1
397 415 3
398 416 6
398 417 2
399 418 3
400 419 5
401 419 1
402 419 5
403 420 3
404 420 3
405 421 4
406 421 7
407 422 5
408 423 2
409 424 5
410 424 5
411 424 3
412 425 2
413 426 5
414 426 1
415 426 4
416 427 1
417 428 7
418 428 4
419 429 4
420 430 3
420 431 1
421 432 5
422 433 5
423 434 5
424 435 3
425 436 3
426 437 7
427 438 6
428 439 5
429 440 6
429 441 3
430 442 4
430 443 5
431 444 6
432 445 5
433 446 6
434 447 4
434 448 3
435 449 5
435 450 4
436 451 4
436 452 4
437 453 1
438 454 6
439 455 2
439 456 1
439 457 5
440 458 4
441 459 7
442 459 3
443 460 3
444 460 3
445 461 7
446 462 1
447 462 5
448 462 4
449 463 4
450 463 6
451 464 6
452 465 4
453 466 2
454 466 1
455 467 6
456 468 1
457 469 1
458 470 4
459 471 3
460 472 7
461 473 1
462 474 6
463 475 4
464 476 2
464 477 4
465 478 6
466 479 1
466 480 7
467 481 7
468 482 1
469 483 3
469 484 7
469 485 2
469 486 5
470 487 2
471 487 4
472 488 7
473 488 1
474 489 6
475 489 7
476 490 7
477 491 4
478 491 2
479 492 7
480 493 4
481 493 7
482 494 2
483 494 4
484 494 1
485 494 7
486 495 3
487 496 5
487 497 6
488 498 6
489 499 3
490 500 3
491 501 1
492 502 1
493 503 2
493 504 7
494 505 3
494 506 2
495 507 2
496 508 3
496 509 1
497 510 6
498 511 7
499 512 2
500 513 4
501 514 5
502 515 6
503 516 5
504 517 2
505 518 3
506 519 2
507 520 6
508 521 1
509 522 1
510 523 4
510 524 5
511 525 5
512 526 6
513 527 2
514 528 3
515 529 5
516 530 1
517 531 5
518 532 4
519 533 3
520 534 1
521 535 7
522 536 2
523 537 1
524 538 2
525 538 2
526 539 7
527 539 5
528 540 5
529 541 3
530 542 7
531 543 1
532 544 5
533 545 7
534 545 3
535 546 3
536 547 5
536 548 7
536 549 4
537 550 5
538 551 6
538 552 1
539 553 1
539 554 5
540 555 7
540 556 3
541 557 4
542 558 6
542 559 5
543 560 3
543 561 6
544 562 4
544 563 4
545 564 7
546 565 2
547 566 6
548 567 5
549 568 3
550 569 1
551 570 7
552 571 3
553 572 2
554 573 3
555 574 1
556 575 3
557 576 5
558 577 7
559 578 5
560 579 7
561 580 3
562 580 1
563 581 1
564 582 4
565 583 3
566 584 7
567 584 5
568 585 2
569 585 2
570 585 6
571 586 3
572 586 7
573 586 2
574 587 4
575 587 3
576 587 7
577 587 6
578 588 5
579 588 5
580 588 7
581 588 2
582 589 2
583 590 3
583 591 1
583 592 2
584 593 1
585 594 5
585 595 2
585 596 1
586 597 3
587 598 3
588 599 2
589 600 5
589 601 6
590 602 6
590 603 7
590 604 6
590 605 5
591 606 3
592 607 5
593 608 1
594 609 7
595 610 1
596 611 5
597 612 6
598 613 6
599 614 1
600 615 2
600 616 5
600 617 5
601 618 3
601 619 3
602 620 6
603 621 5
604 621 3
605 622 7
606 623 3
607 624 5
608 625 2
609 625 7
610 626 2
611 626 4
612 627 1
613 628 3
614 628 2
615 629 6
616 630 6
617 631 2
618 631 4
619 631 1
620 632 1
621 633 2
622 634 6
623 635 2
624 636 2
625 637 3
626 638 7
627 639 6
628 640 2
629 641 1
630 642 5
631 643 5
632 644 3
632 645 3
633 646 6
633 647 6
634 648 5
635 649 1
636 650 1
637 651 5
638 652 5
639 653 5
640 654 5
641 655 5
642 656 4
643 657 7
643 658 3
644 659 7
645 660 1
646 661 2
647 661 2
648 662 4
649 663 3
650 664 1
651 665 2
652 666 5
653 667 6
654 668 1
655 669 6
656 670 1
657 671 3
658 672 4
659 673 1
660 673 1
661 674 2
662 675 7
663 676 6
664 677 4
665 678 3
666 679 7
667 680 6
668 681 1
669 682 1
670 683 2
671 684 2
672 685 1
673 686 1
674 687 4
675 688 2
676 689 7
677 690 6
678 691 2
679 692 1
680 693 5
681 694 1
682 695 6
682 696 7
683 697 6
684 698 7
685 699 3
686 700 5
687 700 4
688 700 4
689 700 6
690 700 2
691 700 5
692 700 1
693 700 6
694 700 1
695 700 7
696 700 2
697 700 4
698 700 1
699 700 3
