5 6 6 5 6 6 6 6
16 15 16 15 15 15 13 14
12 12 12 10 12 11 9 9
5 6 6 6 6 5 6 5
2 3 2 2 2 3 2 2
22 21 22 19 20 22 23 23
16 17 15 17 15 16 16 15
15 16 14 14 17 16 14 15
14 11 13 12 13 14 13 13
20 20 18 18 18 19 20 20
11 11 12 12 12 14 13 11
5 5 5 5 4 4 5 5
18 20 17 18 20 18 19 16
13 13 14 12 12 15 13 12
11 11 9 12 10 9 12 10
6 6 5 6 6 5 5 5
11 10 9 11 9 9 11 8
7 8 8 8 7 9 8 8
13 13 13 16 14 16 15 15
13 10 12 12 10 13 10 13
20 20 20 20 18 16 20 15
14 15 15 18 18 14 14 14
18 19 19 16 21 20 21 16
7 6 6 6 6 7 6 7
19 16 15 17 19 19 20 19
13 16 13 16 15 16 13 14
19 17 17 18 19 17 20 17
12 12 13 13 12 15 12 12
5 4 5 5 4 4 5 5
13 10 11 10 12 13 10 11
20 22 22 22 21 19 22 21
9 9 8 9 8 7 7 9
11 10 11 12 10 9 12 10
14 15 17 15 15 17 15 16
10 11 10 12 13 12 10 12
3 3 3 4 4 4 4 3
2 1 1 2 2 1 1 1
15 17 16 17 14 15 17 15
7 8 9 8 7 9 7 8
20 16 15 17 16 15 20 15
3 3 3 3 3 3 2 2
16 16 16 17 14 15 18 18
14 15 13 16 15 16 13 14
14 16 17 15 14 14 16 16
7 6 6 7 7 7 7 6
13 13 12 12 12 10 11 10
1 1 2 2 1 2 2 2
11 10 11 8 8 8 11 8
13 14 12 13 14 12 12 13
15 14 15 12 15 15 12 13
6 6 7 7 7 7 6 7
11 12 11 12 10 11 12 13
5 6 5 6 6 6 6 5
15 18 16 17 15 15 17 14
4 4 4 5 4 5 5 5
1 2 2 1 2 1 1 1
1 1 2 1 1 1 2 1
12 14 13 12 13 12 13 11
9 7 7 9 7 8 7 8
7 7 8 7 8 8 8 7
8 7 8 8 7 8 8 8
6 6 6 6 6 7 7 7
1 2 1 1 1 2 2 2
11 12 11 10 13 13 12 12
2 2 1 1 1 2 1 2
14 18 15 14 15 18 18 14
5 5 5 6 6 6 5 6
4 4 4 3 4 3 3 4
5 6 5 6 6 6 5 6
4 4 3 3 3 3 3 3
13 13 16 15 13 13 16 15
4 4 5 4 5 5 5 5
5 5 5 5 4 4 4 4
18 21 19 18 17 17 19 16
16 16 16 15 15 14 14 17
13 11 10 11 13 11 11 10
1 2 1 1 1 2 1 2
13 15 12 15 15 14 15 14
9 7 8 9 9 7 7 9
16 17 14 16 15 15 16 14
5 5 5 5 5 6 6 5
4 4 3 3 4 3 3 3
14 16 17 16 15 15 17 17
21 18 20 17 19 21 20 17
18 17 19 21 18 21 17 18
8 8 7 8 8 7 7 7
10 10 8 10 9 11 11 9
9 10 8 10 11 8 9 11
20 19 22 18 20 19 21 20
7 7 7 9 7 9 7 7
18 18 20 20 19 22 21 19
5 6 5 6 6 5 6 5
11 11 12 12 9 11 9 9
6 7 6 6 7 6 6 7
2 2 1 1 1 1 2 2
21 19 18 23 23 18 21 21
18 20 18 19 19 20 21 22
2 3 2 3 2 3 2 2
6 6 7 6 6 7 6 6
17 16 15 17 17 16 14 15
7 6 7 7 7 7 6 7
7 7 7 9 7 7 9 9
21 20 18 18 19 19 21 17
6 6 6 6 6 6 7 7
21 19 19 23 22 18 19 23
12 15 14 15 13 12 12 13
19 20 19 20 18 18 17 17
19 19 19 21 18 18 20 20
6 6 7 6 6 6 7 7
8 9 10 9 9 10 9 9
1 1 1 2 1 1 1 1
7 7 7 7 7 8 8 8
9 11 11 11 11 8 8 11
20 18 22 22 17 21 17 18
15 14 12 13 12 12 14 15
13 14 11 14 11 12 13 11
18 16 19 19 20 16 20 16
11 10 11 11 10 10 11 10
5 5 4 5 4 5 4 4
12 14 15 13 12 15 14 15
3 2 3 2 3 2 3 3
8 9 10 10 9 10 8 9
4 4 4 3 4 4 3 3
9 12 12 9 11 12 12 12
13 15 13 14 13 14 13 15
3 3 3 4 4 4 3 3
12 12 11 12 12 10 10 10
7 7 6 7 6 6 6 7
13 12 11 13 13 10 12 11
20 22 19 20 18 20 22 19
7 6 6 7 7 7 7 7
13 14 13 14 14 13 13 14
2 1 2 1 1 1 2 2
22 23 22 22 23 19 21 21
5 4 4 4 5 4 4 4
21 17 21 16 21 17 18 19
14 14 16 14 14 17 17 14
8 8 7 7 7 7 8 8
13 13 10 12 11 10 13 10
16 16 15 16 15 15 16 15
14 14 17 17 14 16 17 17
9 11 10 9 10 11 11 9
11 11 10 10 9 11 11 8
21 17 22 20 22 17 18 19
16 14 15 15 16 14 15 14
4 5 5 5 4 4 5 4
8 9 9 8 9 7 8 9
17 16 16 17 16 19 16 18
10 10 9 9 12 9 12 11
9 10 11 11 10 11 11 10
9 12 12 11 9 12 9 12
1 2 2 1 1 1 1 2
5 6 5 5 6 6 6 5
4 4 4 3 4 3 3 3
18 19 20 19 19 22 23 20
15 12 12 13 15 13 14 15
4 3 3 4 4 4 4 4
4 3 3 3 4 4 3 3
14 14 15 13 15 16 15 13
16 16 20 19 19 19 18 19
6 6 5 6 6 6 5 5
11 10 8 10 9 11 8 8
17 17 17 19 20 20 17 20
8 7 7 8 7 7 8 7
13 14 15 15 14 14 13 13
8 8 7 9 8 9 7 7
14 11 14 14 12 12 12 14
14 13 13 13 15 13 13 14
14 17 14 14 16 18 18 14
2 3 3 2 3 3 2 3
5 5 6 5 5 6 6 5
10 12 9 11 10 10 9 9
5 5 5 6 6 6 6 5
5 5 6 5 5 6 6 6
4 3 4 3 3 3 4 4
12 14 15 15 15 15 15 13
14 17 15 14 17 16 17 16
16 16 14 16 15 15 17 18
15 16 14 15 14 13 15 13
4 5 4 5 5 4 4 5
21 21 22 18 18 22 18 21
9 9 8 8 9 9 8 7
7 8 8 8 8 7 8 8
2 2 1 2 2 2 1 2
12 12 11 12 11 14 12 14
11 12 9 10 9 9 9 11
4 4 5 4 5 5 5 5
19 19 18 19 19 18 21 18
15 17 15 15 15 18 17 15
18 21 22 23 20 21 19 20
4 5 4 4 5 5 5 5
21 18 18 18 22 23 18 22
6 7 7 6 7 6 6 6
9 9 10 9 11 9 8 11
8 7 7 8 7 7 8 8
18 21 18 18 16 18 19 21
4 3 3 4 4 4 4 3
14 16 14 14 14 13 14 13
2 2 1 2 1 2 2 2
19 21 20 16 16 21 17 17
