1 2 5
1 3 8
1 4 2
1 5 8
1 6 9
2 7 9
2 8 9
2 9 10
2 10 9
2 11 10
3 12 2
3 13 6
3 14 7
3 15 10
4 16 5
4 17 8
4 18 7
5 19 3
5 20 11
5 21 1
6 22 6
6 23 6
6 24 2
6 25 4
6 26 2
7 27 10
8 28 1
9 29 2
10 30 4
11 31 8
12 32 8
13 33 2
14 34 5
15 35 7
16 36 8
17 37 5
18 38 9
19 39 2
20 40 10
21 41 3
22 42 10
23 43 11
24 44 9
25 45 4
26 46 10
27 47 5
28 48 6
29 49 11
30 50 7
31 51 9
32 52 9
33 53 4
34 54 9
35 55 3
36 56 8
37 57 9
37 58 6
38 59 8
39 60 1
40 61 6
41 62 8
42 63 6
43 64 2
44 65 5
45 66 8
46 67 4
47 68 6
48 69 6
49 70 10
50 70 8
51 71 1
52 71 4
53 72 11
54 73 4
55 74 5
56 75 1
57 76 6
58 77 4
59 77 8
60 78 4
61 78 7
62 79 3
63 80 1
64 80 5
65 81 9
66 82 2
67 83 8
68 84 10
69 85 7
70 86 9
71 87 8
72 88 8
73 89 11
74 89 7
75 90 6
76 91 11
77 91 3
78 92 5
79 93 9
80 94 9
81 94 11
82 95 1
83 95 9
84 96 9
85 97 4
86 98 6
87 99 11
87 100 11
88 101 9
89 102 6
90 103 5
91 104 8
92 105 2
92 106 7
92 107 2
93 108 6
93 109 3
94 110 3
94 111 2
95 112 6
96 113 2
97 114 8
98 115 9
99 116 10
100 116 10
101 116 5
102 117 2
103 118 5
104 119 9
105 120 3
106 121 4
107 122 6
108 122 4
109 123 11
110 124 2
111 125 6
112 126 8
113 127 7
114 128 4
115 129 7
116 130 2
117 131 5
118 132 5
119 133 5
120 134 2
121 135 6
122 136 6
123 137 8
124 138 8
125 138 10
126 139 9
127 140 4
127 141 4
128 142 4
129 143 6
129 144 4
130 145 11
130 146 7
131 147 10
132 148 1
132 149 11
132 150 7
132 151 6
133 152 4
133 153 3
134 154 10
135 155 5
135 156 9
135 157 3
136 158 8
137 159 9
138 160 4
138 161 3
138 162 11
139 163 4
139 164 8
140 165 5
141 165 2
142 166 5
143 166 7
144 167 4
145 168 8
146 168 5
147 168 3
148 169 2
149 170 6
150 171 5
151 171 2
152 172 8
153 173 9
154 173 7
155 174 5
156 175 8
157 176 2
158 176 8
159 177 11
160 178 7
161 179 8
162 180 8
163 180 10
164 181 8
165 182 3
166 183 4
167 184 2
168 185 8
169 186 8
170 187 8
171 188 8
172 188 2
173 189 5
174 190 5
175 191 1
176 192 3
177 193 4
178 194 4
179 195 2
180 196 7
181 197 8
182 198 10
183 199 6
184 200 7
185 201 6
185 202 8
186 203 2
187 204 11
188 205 8
188 206 7
189 207 8
190 208 8
191 209 10
191 210 9
191 211 3
192 212 9
193 213 6
193 214 2
194 215 10
195 216 2
195 217 6
196 218 11
197 219 3
198 220 5
199 221 6
200 221 3
201 222 3
202 223 8
203 224 4
204 224 1
205 225 8
206 226 2
207 227 7
208 227 5
209 227 8
210 228 5
211 228 2
212 228 6
213 229 11
214 229 5
215 230 6
216 230 2
217 231 5
218 231 3
219 232 6
220 233 6
221 234 2
222 235 1
223 236 7
224 237 2
225 238 6
226 239 5
227 240 11
228 241 5
229 242 11
230 243 11
231 244 10
232 245 2
233 246 3
234 247 5
234 248 8
235 249 11
236 250 9
237 251 8
238 252 9
238 253 8
239 254 1
240 255 1
241 256 4
242 257 1
243 258 10
244 259 3
245 260 10
246 261 8
246 262 9
246 263 9
247 264 1
247 265 8
248 266 1
249 267 7
250 268 11
250 269 2
250 270 9
251 271 4
252 272 3
253 273 5
254 274 2
255 275 8
256 276 7
256 277 8
257 278 9
258 279 6
258 280 11
259 281 11
260 282 4
261 283 10
262 283 11
263 284 6
264 285 1
265 286 10
266 287 5
267 287 3
268 288 8
269 289 4
270 290 9
271 291 7
272 292 2
273 293 5
274 294 4
275 295 5
276 296 8
277 297 10
278 297 3
279 298 4
280 299 1
281 299 9
282 300 4
283 301 7
284 302 2
285 302 1
286 303 1
287 303 5
288 304 10
289 305 2
290 306 11
291 307 4
292 307 7
293 308 3
294 309 10
295 310 11
296 311 5
297 312 10
298 312 8
299 313 7
300 314 7
301 315 7
302 316 10
303 317 6
304 318 8
305 319 2
306 320 4
307 321 8
308 322 8
309 323 7
310 324 8
310 325 6
311 326 10
312 327 11
312 328 8
313 329 6
314 330 1
315 331 1
316 332 4
317 333 6
318 334 7
319 335 4
320 336 3
321 337 7
322 338 6
323 339 10
324 340 9
325 341 11
326 342 4
327 343 1
328 344 1
329 345 5
330 346 3
331 347 1
332 348 7
333 349 8
334 350 7
335 351 5
336 352 10
337 353 11
338 354 7
339 355 2
340 356 6
341 357 11
342 358 8
343 359 10
344 360 1
345 360 1
346 361 6
347 362 1
348 363 11
349 364 7
349 365 11
350 366 8
351 367 3
351 368 7
352 369 8
352 370 8
352 371 8
352 372 8
352 373 2
353 374 7
354 375 10
354 376 1
355 377 1
356 378 10
357 379 3
358 380 4
359 381 11
359 382 6
360 383 2
360 384 7
361 385 5
362 386 10
363 386 5
364 387 9
365 387 8
366 388 9
367 389 10
368 389 7
369 390 10
370 391 6
371 391 6
372 392 2
373 393 6
374 394 2
375 395 4
376 395 9
377 396 9
378 396 5
379 397 7
380 398 11
381 398 9
382 398 11
383 399 7
384 399 11
385 399 8
386 400 8
387 401 3
388 402 6
388 403 10
388 404 9
389 405 4
390 406 5
391 407 5
392 408 1
393 409 4
393 410 11
394 411 7
394 412 9
395 413 8
395 414 8
395 415 11
395 416 11
396 417 2
397 418 5
397 419 5
398 420 1
399 421 6
400 422 3
401 423 4
402 424 10
403 425 6
404 425 5
405 426 7
406 426 9
407 427 6
408 428 7
409 428 10
410 429 7
411 430 9
412 430 2
413 431 3
414 432 9
415 433 6
416 433 2
417 434 9
418 435 3
419 435 7
420 436 6
421 436 5
422 437 6
423 438 9
423 439 8
424 440 6
424 441 5
425 442 6
426 443 9
427 444 11
428 445 11
429 446 6
429 447 9
430 448 7
430 449 1
430 450 2
431 451 11
431 452 10
431 453 2
432 454 5
433 455 9
433 456 10
434 457 9
434 458 5
434 459 1
434 460 4
435 461 3
436 462 5
437 463 6
438 464 10
439 465 4
440 466 10
441 466 7
442 467 2
443 467 6
444 468 5
445 469 5
446 470 3
447 471 7
448 472 11
449 473 2
450 474 3
451 474 5
452 475 10
453 475 2
454 476 1
455 477 3
456 477 11
457 478 1
458 479 2
459 479 7
460 479 8
461 480 3
462 480 6
463 481 6
464 482 7
465 483 6
466 484 10
467 485 1
467 486 9
468 487 9
468 488 10
469 489 7
470 490 6
470 491 8
471 492 10
472 493 1
473 494 10
473 495 11
474 496 5
474 497 10
475 498 6
476 499 1
477 500 9
478 501 3
479 502 6
480 503 5
480 504 1
481 505 3
482 506 10
483 506 11
484 507 3
485 508 2
486 509 5
487 510 9
488 510 7
489 511 6
490 512 3
491 512 7
492 513 6
493 514 10
494 515 3
495 516 4
496 516 4
497 517 2
498 518 9
499 518 3
500 518 1
501 519 4
502 520 7
503 521 2
504 522 2
505 523 1
506 524 6
507 525 8
508 526 7
509 526 3
510 527 2
511 528 10
512 529 4
513 530 8
514 531 3
515 532 11
516 532 9
517 533 5
518 534 4
519 534 2
520 535 2
521 536 5
522 537 5
523 538 11
524 539 3
525 540 7
525 541 1
526 542 8
527 543 10
528 544 4
529 545 5
530 546 7
531 547 7
532 548 5
533 549 3
534 550 11
535 551 6
535 552 5
536 553 9
537 554 4
538 555 7
539 556 2
540 557 1
541 558 7
542 559 10
543 560 3
544 561 7
545 561 3
546 562 7
547 563 11
548 564 4
549 565 5
550 566 10
551 566 1
552 567 9
553 568 8
554 569 4
555 570 1
556 571 7
556 572 8
557 573 3
558 574 2
559 575 8
559 576 11
560 577 8
561 578 9
561 579 9
562 580 2
563 581 4
563 582 4
564 583 7
565 584 5
565 585 1
566 586 9
567 587 8
568 588 7
568 589 3
569 590 5
569 591 2
570 592 4
571 592 6
572 593 6
573 593 5
574 593 11
575 593 1
576 593 3
577 594 7
578 595 5
579 595 7
580 596 11
581 597 7
582 598 8
583 598 10
584 599 10
585 599 11
586 599 6
587 600 7
588 600 3
589 601 5
590 602 7
591 602 1
592 603 8
592 604 4
593 605 9
593 606 8
594 607 10
594 608 5
595 609 9
595 610 3
596 611 6
596 612 5
597 613 5
597 614 11
598 615 4
598 616 1
599 617 5
600 618 7
601 619 3
602 620 8
602 621 8
602 622 8
603 623 8
604 624 2
605 625 5
606 626 4
607 627 1
608 628 6
609 629 3
610 630 1
611 630 3
612 631 1
613 632 8
614 633 5
615 633 2
616 634 11
617 635 3
618 636 5
619 637 9
620 637 11
621 638 8
622 639 7
623 640 9
624 641 3
625 642 11
626 643 8
627 644 7
628 645 1
629 646 5
630 647 3
631 648 2
632 649 9
633 650 3
634 651 6
635 652 6
636 653 4
637 653 10
638 654 6
639 655 11
640 656 6
641 657 2
642 658 3
643 658 3
644 659 8
645 660 1
646 661 11
647 662 10
648 662 11
649 663 11
650 664 4
651 665 7
652 666 1
653 667 1
654 667 3
655 668 6
656 669 7
657 670 8
658 671 6
659 672 3
660 673 3
660 674 6
661 675 9
662 676 8
663 677 5
664 678 1
665 679 1
666 680 7
667 681 1
668 682 1
668 683 6
669 684 4
670 685 4
671 686 9
671 687 8
671 688 11
672 689 10
673 690 8
673 691 9
674 692 5
675 693 10
675 694 8
675 695 6
676 696 2
677 697 10
678 698 1
679 699 3
680 700 10
680 701 5
680 702 5
681 703 7
682 704 7
682 705 8
683 706 9
684 707 10
685 708 4
686 709 7
687 710 3
688 711 7
689 712 6
690 713 8
691 714 10
692 715 2
693 716 11
694 717 8
695 718 11
696 719 9
697 719 6
698 720 4
699 721 6
700 722 3
701 723 10
702 724 9
703 725 2
704 726 5
705 727 9
706 727 2
707 728 2
708 729 6
709 730 1
710 731 9
711 732 9
712 732 7
713 733 8
714 733 9
715 734 3
716 735 11
717 735 5
718 736 2
719 736 2
720 736 10
721 737 8
722 737 2
723 737 5
724 737 5
725 737 5
726 737 5
727 738 4
728 739 2
729 740 7
729 741 10
730 742 8
731 743 11
732 744 9
733 745 6
734 746 9
735 747 7
736 748 2
737 749 10
738 750 8
739 751 11
740 751 11
741 752 9
742 753 6
743 753 4
744 754 7
745 755 5
746 755 6
747 756 5
748 757 2
749 758 8
750 758 8
751 759 8
751 760 3
751 761 2
752 762 5
753 763 7
753 764 6
754 765 1
755 766 7
756 767 11
757 768 10
757 769 9
758 770 7
759 771 3
760 772 5
760 773 7
761 774 5
761 775 9
762 776 5
763 777 4
764 778 1
765 779 5
766 780 11
767 781 6
768 782 3
769 783 2
770 784 3
771 785 4
771 786 5
772 787 4
773 788 1
773 789 9
774 790 3
774 791 9
774 792 4
775 793 3
775 794 4
776 795 2
777 796 1
778 797 6
779 798 4
780 799 10
780 800 5
781 801 3
782 802 2
783 803 3
784 804 2
785 805 9
786 806 9
787 807 5
788 808 10
789 809 1
790 810 2
791 811 4
792 812 9
793 813 2
794 814 10
795 815 1
796 816 1
797 816 2
798 817 6
799 818 11
800 819 9
801 820 2
802 820 2
803 821 8
804 822 9
805 823 1
806 824 5
807 825 5
808 826 1
809 827 6
810 828 7
810 829 3
810 830 11
811 831 11
812 832 1
812 833 6
813 834 8
813 835 7
814 836 9
815 837 3
815 838 5
816 839 9
817 840 9
818 841 11
819 842 1
819 843 9
820 844 5
821 845 3
821 846 4
822 847 11
823 848 7
824 849 9
825 850 3
826 851 7
827 851 5
828 852 2
829 853 10
830 854 4
831 855 6
832 856 5
833 857 5
834 858 6
835 858 2
836 859 3
837 860 10
838 861 3
839 861 10
840 862 9
841 863 5
842 864 11
843 865 7
844 866 11
845 867 10
846 868 11
847 869 4
848 870 9
849 871 5
850 872 6
851 873 10
852 874 4
853 875 10
854 876 2
855 877 5
856 877 6
857 878 6
858 878 7
859 879 1
860 880 7
861 881 1
862 882 3
863 883 4
864 883 4
865 884 11
866 885 10
867 885 11
868 886 2
869 887 7
870 888 4
871 889 2
872 890 8
873 890 3
874 891 11
875 892 3
876 892 1
877 893 4
878 893 3
879 894 1
880 895 9
881 895 11
882 896 2
883 897 2
884 897 7
885 898 7
886 899 9
887 899 11
888 900 11
889 900 4
890 900 2
891 900 2
892 900 9
893 900 4
894 900 1
895 900 2
896 900 4
897 900 8
898 900 3
899 900 5
