1 2 7
1 3 4
1 4 8
2 5 1
2 6 1
2 7 9
2 8 6
2 9 2
3 10 7
3 11 4
3 12 6
3 13 1
4 14 8
4 15 7
4 16 9
5 17 7
6 17 3
7 17 9
8 17 3
9 18 3
10 18 1
11 18 6
12 19 8
13 20 8
14 20 1
15 21 2
16 22 9
17 23 1
17 24 5
17 25 7
17 26 6
17 27 3
18 28 2
19 29 2
19 30 4
20 31 9
21 32 6
22 33 3
22 34 6
23 35 2
24 36 1
25 36 3
26 37 5
27 38 3
28 38 9
29 39 2
30 40 9
31 41 6
32 42 1
33 42 8
34 43 7
35 44 6
36 45 7
36 46 5
37 47 2
38 48 6
39 49 4
40 50 4
40 51 1
41 52 6
42 53 2
43 54 1
44 55 6
45 56 3
46 57 2
47 58 5
48 59 1
49 59 8
50 60 5
51 61 4
52 62 4
53 62 2
54 63 8
55 64 4
56 65 2
57 66 2
58 67 5
59 68 1
59 69 4
60 70 9
61 71 5
62 72 6
63 73 1
63 74 9
64 75 2
65 76 6
66 76 6
67 77 2
68 78 2
69 79 1
70 79 4
71 80 8
72 81 3
73 82 9
74 83 5
75 84 8
76 84 7
77 85 1
78 86 4
79 87 9
80 87 9
81 87 2
82 88 1
83 89 9
84 90 8
85 91 8
85 92 6
85 93 6
86 94 7
87 95 3
87 96 6
87 97 7
87 98 8
88 99 2
89 100 9
89 101 2
89 102 5
90 103 4
91 104 3
92 105 4
93 105 2
94 106 8
95 107 2
96 107 1
97 108 5
98 109 7
99 109 9
100 110 7
101 110 3
102 111 9
103 112 2
104 113 1
105 113 9
106 114 2
107 115 6
108 116 4
109 117 3
110 118 5
111 119 3
112 120 5
113 121 8
114 122 1
115 123 4
116 124 5
117 125 7
117 126 8
118 127 6
118 128 3
118 129 7
119 130 1
119 131 9
119 132 1
120 133 8
121 134 9
122 135 5
123 136 1
124 136 9
125 137 9
126 138 3
127 139 8
128 140 2
129 141 6
130 142 7
131 143 7
132 144 2
133 145 5
134 146 1
135 147 6
136 148 5
136 149 4
137 150 6
138 151 4
138 152 4
139 153 9
139 154 7
139 155 8
140 156 6
141 157 9
142 158 8
143 159 1
144 160 2
145 161 6
146 162 1
147 162 9
148 163 2
149 164 9
150 165 9
151 166 9
152 166 7
153 167 7
154 168 1
155 169 3
156 170 7
157 171 8
158 171 6
159 172 6
160 173 7
161 174 3
162 175 7
163 176 2
164 177 1
165 178 9
166 178 9
167 179 8
168 180 5
169 181 4
170 182 3
171 183 1
172 184 8
173 184 4
174 185 2
174 186 7
175 187 7
175 188 9
176 189 8
177 190 9
178 191 6
179 192 1
179 193 2
179 194 1
180 195 4
180 196 4
180 197 8
181 198 4
181 199 3
182 200 5
182 201 5
183 202 6
183 203 8
183 204 7
183 205 6
184 206 8
184 207 9
184 208 8
184 209 7
185 210 2
186 210 6
187 211 7
188 211 4
189 212 4
190 212 1
191 212 7
192 212 9
193 213 4
194 214 8
195 214 1
196 215 2
197 216 4
198 217 3
199 217 3
200 218 3
201 218 3
202 218 6
203 218 6
204 219 1
205 219 3
206 220 4
207 220 5
208 220 1
209 220 9
210 221 1
211 222 2
212 223 7
213 223 4
214 224 5
215 225 3
216 225 9
217 226 7
218 227 4
219 228 7
220 229 5
221 230 9
222 230 2
223 231 6
224 231 7
225 232 8
226 233 2
227 234 4
228 235 4
229 236 3
230 237 9
231 238 9
232 239 2
233 240 5
234 241 7
235 242 6
236 243 4
237 244 2
238 245 5
238 246 9
239 247 5
239 248 3
240 249 1
241 250 7
241 251 6
242 252 9
243 253 8
243 254 2
243 255 2
244 256 2
245 257 4
246 258 5
247 259 6
247 260 6
247 261 9
248 262 1
248 263 6
249 264 8
250 265 4
251 266 2
251 267 6
252 268 6
253 269 3
254 270 5
254 271 5
255 272 8
256 273 9
257 273 2
258 273 1
259 274 5
260 274 1
261 274 5
262 275 5
263 275 4
264 276 4
265 276 1
266 276 8
267 276 2
268 277 3
269 277 5
270 277 3
271 277 6
272 277 4
273 278 9
273 279 5
274 280 6
275 281 5
276 282 9
276 283 1
276 284 1
276 285 9
277 286 3
277 287 9
277 288 2
277 289 8
278 290 2
279 291 1
280 292 6
281 292 3
282 293 5
283 294 1
284 295 5
285 296 8
286 297 3
287 298 1
288 299 1
289 300 2
290 301 7
290 302 7
291 303 6
292 304 3
293 305 8
294 306 3
295 307 6
296 308 6
297 309 3
297 310 6
297 311 8
298 312 2
299 313 5
300 314 3
301 315 8
302 315 3
303 316 6
304 316 1
305 316 1
306 317 3
307 317 8
308 318 6
309 319 8
310 320 7
311 320 8
312 321 8
313 321 1
314 322 6
315 323 3
315 324 1
316 325 3
316 326 8
317 327 8
318 328 6
319 329 1
320 330 8
321 331 9
322 332 9
323 333 3
323 334 4
324 335 5
325 336 1
326 337 7
327 338 2
328 339 1
329 340 4
329 341 3
330 342 1
330 343 3
331 344 3
332 345 4
333 346 6
334 347 5
335 348 5
336 349 7
337 350 3
338 351 6
339 352 1
340 353 6
341 353 3
342 354 5
343 355 6
344 356 9
345 357 4
346 358 7
347 359 1
348 360 8
349 361 5
350 362 9
351 363 2
352 364 2
353 365 4
354 366 7
354 367 4
355 368 2
355 369 5
356 370 4
357 371 4
357 372 4
358 373 5
359 374 1
360 375 9
361 376 9
362 377 6
363 378 6
364 379 6
365 380 6
366 381 3
367 382 1
368 383 2
369 384 9
370 385 5
371 386 2
372 386 9
373 387 4
374 388 8
375 389 5
376 390 8
377 391 9
378 392 9
379 393 1
380 394 8
381 395 9
382 395 2
383 396 1
384 397 4
385 398 3
386 399 1
387 400 1
388 400 9
389 400 1
390 400 9
391 400 4
392 400 1
393 400 5
394 400 8
395 400 9
396 400 4
397 400 4
398 400 4
399 400 2
