1 2 1
1 3 1
2 4 1
2 5 1
2 6 1
3 7 1
3 8 1
3 9 1
3 10 1
4 11 1
5 12 1
6 13 1
7 14 1
8 15 1
9 16 1
10 17 1
10 18 1
11 19 1
12 20 1
13 21 1
14 22 1
15 23 1
16 24 1
17 25 1
18 26 1
19 27 1
20 28 1
21 29 1
22 30 1
23 31 1
24 32 1
24 33 1
25 34 1
26 35 1
27 36 1
28 37 1
29 38 1
30 39 1
31 40 1
32 41 1
33 42 1
34 43 1
35 44 1
36 45 1
36 46 1
37 47 1
37 48 1
38 49 1
39 50 1
40 51 1
41 52 1
42 53 1
43 54 1
44 55 1
45 56 1
46 57 1
47 57 1
48 57 1
49 57 1
50 58 1
51 58 1
52 58 1
53 59 1
54 59 1
55 60 1
56 61 1
56 62 1
56 63 1
57 64 1
57 65 1
58 66 1
58 67 1
58 68 1
59 69 1
59 70 1
59 71 1
60 72 1
60 73 1
61 74 1
62 75 1
63 75 1
64 76 1
65 77 1
66 78 1
67 79 1
68 80 1
69 81 1
70 82 1
71 82 1
72 82 1
73 83 1
74 84 1
74 85 1
74 86 1
75 87 1
75 88 1
76 89 1
76 90 1
77 91 1
77 92 1
78 93 1
78 94 1
78 95 1
79 96 1
79 97 1
79 98 1
80 99 1
81 100 1
81 101 1
81 102 1
82 103 1
83 104 1
84 105 1
85 106 1
86 106 1
87 107 1
88 108 1
89 108 1
90 109 1
91 110 1
92 110 1
93 111 1
94 111 1
95 112 1
96 112 1
97 112 1
98 113 1
99 114 1
100 114 1
101 114 1
102 115 1
103 115 1
104 116 1
105 117 1
106 118 1
107 119 1
108 120 1
109 121 1
110 122 1
111 123 1
112 124 1
113 125 1
114 126 1
115 126 1
116 127 1
117 128 1
118 129 1
119 130 1
120 130 1
121 131 1
122 132 1
123 132 1
124 132 1
125 132 1
126 133 1
127 134 1
128 135 1
129 136 1
130 137 1
131 138 1
132 139 1
133 140 1
134 141 1
135 142 1
136 143 1
136 144 1
137 145 1
138 146 1
139 147 1
140 148 1
141 149 1
142 150 1
142 151 1
142 152 1
142 153 1
143 154 1
143 155 1
144 156 1
145 157 1
146 158 1
146 159 1
146 160 1
146 161 1
147 162 1
147 163 1
148 164 1
149 165 1
150 166 1
151 167 1
152 168 1
153 168 1
154 168 1
155 169 1
156 170 1
157 170 1
158 171 1
159 172 1
160 173 1
161 173 1
162 174 1
163 175 1
164 176 1
165 176 1
166 177 1
167 178 1
168 178 1
169 179 1
170 179 1
171 180 1
172 180 1
173 181 1
174 181 1
175 182 1
176 182 1
177 183 1
178 184 1
179 185 1
180 186 1
181 187 1
181 188 1
181 189 1
182 190 1
183 191 1
184 192 1
185 193 1
186 194 1
187 195 1
188 196 1
189 197 1
190 198 1
190 199 1
191 200 1
192 200 1
193 200 1
194 200 1
195 200 1
196 200 1
197 200 1
198 200 1
199 200 1
