20 19 19 20 20 19 20 19 19 20 20 19 20 20 20 19 19 19 20 19 20 20 20 19 20 20 20 19 19 20 19 19
15 16 15 16 16 15 16 16 15 15 15 15 16 16 15 16 16 15 16 15 16 15 15 16 15 15 16 15 16 16 16 15
8 8 8 9 8 8 8 8 9 9 8 9 9 9 9 8 9 9 9 8 8 9 8 9 9 8 8 8 9 8 8 9
5 5 5 6 6 5 6 5 5 6 5 5 5 6 5 6 5 5 6 6 6 5 6 5 5 5 5 6 6 5 5 6
13 13 13 14 14 13 13 13 14 14 13 13 14 13 13 14 14 14 13 13 13 13 14 13 14 13 13 14 14 13 13 13
12 13 12 13 13 13 12 13 13 12 13 12 13 13 13 12 13 13 12 13 12 12 12 12 13 12 12 12 12 13 12 12
11 11 10 10 11 10 11 11 10 11 10 10 10 10 11 11 10 10 10 11 10 11 10 10 10 10 11 11 11 10 10 10
8 7 7 7 7 8 7 7 8 7 7 7 7 7 7 7 8 7 8 8 7 7 8 7 7 8 7 8 8 8 7 8
5 6 6 5 6 5 5 6 6 5 6 5 6 6 5 5 5 6 6 5 6 6 6 6 5 5 6 6 6 6 5 5
12 12 12 13 12 12 13 12 13 12 12 13 12 13 13 12 13 13 12 12 13 12 12 12 13 13 13 12 12 13 13 12
10 10 11 11 10 11 10 11 10 11 10 10 11 11 10 10 11 11 11 11 11 10 10 11 10 11 11 10 10 11 10 11
16 16 15 16 15 16 16 15 15 16 15 15 16 16 15 15 16 15 16 16 15 16 15 16 15 16 16 15 16 16 15 15
4 4 4 4 5 4 4 5 4 5 4 4 4 4 4 5 4 4 4 4 4 4 5 5 4 5 5 4 4 5 5 4
4 5 4 4 5 5 5 4 4 5 4 5 4 4 4 5 5 5 4 5 4 5 4 4 5 4 5 5 5 4 5 5
17 17 17 18 17 17 17 18 18 18 17 17 18 17 18 17 18 17 17 17 18 18 18 18 17 17 18 18 17 17 17 18
8 7 7 7 7 7 8 8 7 7 7 8 8 7 7 7 8 7 7 7 7 7 7 7 8 8 7 8 7 8 7 7
16 15 16 15 16 16 16 15 15 16 16 15 16 16 15 15 16 16 16 16 16 16 16 15 16 15 15 16 15 15 15 16
9 9 9 9 9 10 10 9 9 9 10 10 10 10 9 10 10 9 9 10 10 9 10 9 9 10 10 10 9 9 9 10
5 5 5 4 4 5 4 5 4 5 4 4 4 4 5 5 5 5 5 5 4 5 5 4 4 5 4 5 5 4 4 5
3 3 2 3 2 2 3 2 2 2 2 2 2 3 2 3 3 3 3 3 2 2 3 3 3 3 2 3 2 3 2 2
15 14 14 15 14 15 14 15 15 15 14 15 14 14 15 15 15 15 15 15 15 15 15 15 15 15 14 15 15 15 14 15
13 13 13 13 12 13 13 12 12 12 12 13 13 13 12 13 12 12 12 12 12 13 13 12 12 12 12 12 12 12 12 12
13 12 13 12 13 12 13 12 12 12 12 12 13 13 12 12 13 12 12 13 13 12 12 13 13 13 12 12 12 13 12 13
8 9 8 9 8 9 9 8 9 8 8 9 8 9 8 8 8 9 8 8 9 8 8 9 9 9 8 8 8 9 9 8
4 4 4 4 3 4 3 4 4 3 3 4 4 4 3 4 4 3 4 3 4 4 3 4 4 4 3 4 4 4 3 3
20 21 19 21 19 21 21 20 21 19 21 21 21 21 21 19 19 19 20 19 21 21 19 21 21 20 19 20 20 19 21 20
18 17 18 17 17 18 18 17 18 17 18 18 17 18 18 18 18 18 17 18 17 17 18 18 18 18 17 17 17 18 17 18
19 18 18 18 19 18 18 19 19 18 19 18 18 18 19 18 18 19 18 18 18 19 18 19 19 18 18 19 19 18 19 18
4 4 3 4 3 4 3 3 4 4 4 4 4 4 4 4 4 3 4 3 4 4 3 4 3 3 4 4 4 3 4 3
12 12 13 13 13 12 13 13 13 13 13 12 13 12 13 13 12 12 12 12 13 12 13 12 13 12 13 12 12 12 13 12
18 18 18 18 18 18 18 18 18 19 19 19 18 18 18 18 19 18 19 19 19 19 19 18 18 19 18 18 18 18 18 19
9 8 8 9 9 9 8 9 8 8 8 8 8 8 9 9 8 9 9 9 8 8 9 8 9 9 9 8 9 8 8 9
9 10 9 9 10 9 9 10 9 10 10 10 10 10 9 10 9 10 10 10 10 9 9 9 10 9 9 10 10 9 10 10
14 15 14 15 15 15 14 15 15 14 15 14 15 15 14 14 14 15 14 15 14 15 15 15 14 14 15 14 14 15 15 14
13 12 12 12 13 12 12 12 13 13 13 12 13 12 12 12 12 12 13 13 13 12 13 13 12 13 13 13 12 12 12 13
16 16 16 17 16 17 16 16 17 17 17 17 17 16 17 17 17 16 17 16 16 16 17 17 16 17 16 16 17 17 16 16
5 4 4 5 4 4 5 5 5 5 4 4 4 4 4 5 4 4 5 4 4 5 5 5 4 5 5 4 5 4 4 4
19 21 21 20 20 20 21 19 20 21 21 20 21 20 19 21 21 19 19 20 20 20 20 21 20 21 21 21 21 21 20 19
8 7 7 7 7 7 7 8 7 8 7 8 7 7 7 8 8 7 8 7 7 7 7 7 8 7 7 8 8 7 8 8
18 17 18 17 18 18 18 18 17 17 17 18 18 18 17 18 18 17 17 17 18 17 17 18 18 17 18 17 17 18 17 17
8 7 7 8 8 8 8 8 7 8 7 8 8 7 7 7 7 7 7 7 7 8 7 8 8 7 8 7 7 8 8 7
19 19 19 21 19 20 21 19 20 21 19 19 19 21 20 20 19 19 21 20 19 21 19 20 20 19 21 19 20 20 20 21
17 18 17 18 17 17 18 17 17 18 18 17 18 17 17 17 17 18 18 18 18 18 18 18 18 17 17 17 18 18 17 17
10 10 10 11 11 10 10 11 11 10 10 11 11 10 10 11 11 11 11 10 11 11 11 11 11 10 10 11 11 10 10 10
3 3 3 3 3 3 4 4 3 4 3 4 4 3 4 4 3 3 4 3 4 4 3 3 4 3 4 3 4 3 3 4
3 3 4 4 4 4 3 3 4 4 4 3 4 4 3 4 4 4 3 3 3 3 3 4 4 4 3 4 4 3 4 4
7 6 7 7 7 7 6 6 6 7 7 6 6 7 6 6 7 7 6 6 6 6 6 6 7 7 6 6 6 6 6 7
17 17 16 17 16 17 16 16 16 16 17 16 16 17 16 17 17 17 16 17 16 17 17 16 16 17 16 16 16 16 17 17
5 4 4 5 4 5 5 5 4 4 5 5 4 5 4 5 5 4 4 5 4 4 5 5 5 5 4 4 5 5 5 5
15 15 16 16 15 15 16 15 15 16 15 15 16 15 16 15 16 15 16 16 16 15 16 16 16 16 15 15 16 15 15 15
16 17 17 16 17 16 17 17 17 17 16 16 17 16 17 17 16 17 16 16 16 17 16 17 16 16 17 16 17 17 17 16
15 14 14 14 15 14 15 15 15 15 15 15 15 14 15 15 15 15 14 15 14 15 14 15 14 15 14 14 15 15 14 14
10 9 10 9 9 10 9 9 9 9 9 10 9 10 10 9 9 10 10 10 10 9 10 9 10 9 10 9 9 10 9 9
3 3 2 2 2 2 3 2 2 2 2 3 3 3 2 3 2 2 3 3 3 2 3 3 2 2 3 3 2 3 2 3
7 7 8 8 8 8 7 7 7 7 8 8 8 8 7 8 8 8 8 7 8 8 7 7 8 7 8 8 7 7 7 8
8 7 8 8 7 7 8 7 8 8 8 7 8 8 7 8 8 8 8 8 8 8 8 7 7 7 7 7 8 8 8 7
4 4 5 5 5 5 5 4 4 4 5 5 4 5 4 4 5 4 5 4 5 4 5 5 4 5 5 5 4 4 5 4
15 14 15 14 15 15 15 14 15 14 14 14 15 15 14 14 14 14 15 14 15 15 14 15 14 15 15 15 14 15 14 14
15 15 15 14 15 14 14 14 14 14 15 14 14 14 15 15 14 15 15 15 15 15 15 14 15 15 15 15 14 14 14 14
9 9 9 10 10 9 10 10 10 10 9 10 9 9 9 10 10 9 9 10 10 10 9 10 10 10 9 10 10 9 9 10
5 5 6 6 6 5 5 6 5 6 6 5 5 6 6 6 6 6 5 6 6 5 5 6 6 6 5 6 6 5 5 6
13 13 13 13 13 13 13 12 13 13 13 13 13 13 13 12 13 13 13 12 13 13 12 12 13 12 13 13 13 12 12 13
17 18 18 18 18 18 17 17 17 18 17 17 18 18 17 17 18 17 18 18 18 17 17 17 18 18 17 17 17 18 18 17
12 13 13 13 13 12 12 12 12 12 13 12 13 12 13 13 13 13 13 12 13 12 12 12 13 12 12 13 12 13 12 12
17 17 17 17 17 18 18 17 18 18 18 18 17 17 18 17 18 18 18 17 17 17 17 18 18 18 17 18 17 18 18 18
21 21 21 20 21 19 21 21 21 20 21 19 21 20 20 19 20 20 20 19 20 21 21 21 20 20 21 20 20 20 20 21
18 18 17 18 17 18 18 18 18 18 17 17 17 17 18 18 17 17 17 17 17 18 18 17 18 18 17 17 17 18 18 17
20 19 19 20 20 19 20 19 20 20 20 19 20 20 19 19 20 19 19 19 20 19 20 20 20 19 20 20 19 19 19 19
9 9 8 9 8 9 8 9 8 8 8 8 8 9 9 8 8 9 9 9 8 8 9 9 8 9 9 8 9 8 9 8
7 7 7 7 8 7 7 7 8 8 8 8 7 8 7 8 7 7 7 8 8 8 7 7 8 8 8 8 7 7 8 8
13 14 14 13 13 14 14 14 14 13 13 14 13 14 14 13 14 13 13 14 14 13 14 14 14 14 14 14 14 13 14 14
14 14 13 14 13 13 13 14 13 14 14 14 14 14 13 13 13 14 14 13 13 14 14 13 13 14 13 14 14 13 14 14
7 7 7 6 6 6 6 7 6 7 7 6 7 6 6 6 7 6 6 6 7 7 6 6 7 7 6 7 6 7 6 6
6 6 6 6 6 6 5 5 6 5 6 6 6 5 5 6 6 6 6 6 6 5 6 5 5 6 5 5 6 5 6 6
3 3 4 4 3 3 4 3 3 4 4 4 4 3 3 3 4 3 3 4 3 4 4 4 4 4 4 4 4 4 3 3
12 11 12 11 12 12 12 11 11 11 12 11 11 11 12 12 11 12 12 12 11 12 11 11 11 12 11 11 11 12 11 11
16 17 17 16 16 16 16 16 17 17 17 16 16 16 17 17 17 16 17 16 16 17 17 17 16 16 17 16 17 16 17 16
18 19 19 18 18 19 18 18 18 18 18 19 18 19 18 19 18 18 19 18 18 19 18 18 19 19 18 18 18 18 19 18
2 2 2 2 1 2 1 2 2 1 1 2 1 1 2 2 1 1 2 1 1 1 2 1 2 1 1 2 1 1 1 2
13 13 12 12 13 13 12 12 12 12 12 13 13 12 13 12 13 13 12 13 12 12 13 12 12 12 12 12 13 13 12 12
15 16 15 16 16 16 16 16 15 16 15 15 15 16 16 15 15 15 16 15 15 15 15 16 16 15 16 16 16 15 15 15
12 12 13 13 13 12 12 12 13 13 12 12 13 12 13 13 13 12 12 12 13 13 12 13 13 13 12 13 13 13 12 12
6 7 6 7 6 6 7 6 6 7 7 6 7 6 6 7 6 7 7 7 7 6 6 6 7 7 6 6 6 6 6 6
5 5 4 5 5 5 4 4 4 5 5 4 4 5 4 4 5 4 5 4 4 4 4 4 4 5 5 5 5 5 5 4
17 17 17 18 17 18 18 17 17 18 17 18 18 17 18 18 17 17 17 18 17 17 17 18 17 18 18 18 18 17 18 18
7 6 7 7 7 6 7 6 6 6 6 7 6 7 7 6 7 7 6 7 6 7 6 7 6 6 6 7 6 7 6 6
8 9 8 8 9 9 9 8 9 8 8 9 9 8 8 9 8 8 9 8 8 9 8 9 9 8 8 9 8 9 8 9
11 11 12 11 11 12 11 11 12 11 12 12 11 11 12 12 11 12 12 12 11 12 12 12 11 11 12 12 12 11 12 12
19 19 18 18 19 18 18 18 18 19 19 18 18 19 19 18 19 18 18 18 19 19 19 19 18 19 19 18 18 19 19 19
11 10 10 11 11 10 10 11 11 11 11 11 10 10 11 10 11 11 11 11 11 10 10 11 10 10 10 11 10 10 11 10
6 7 7 7 6 7 6 7 6 7 7 6 7 6 6 6 6 7 7 7 6 7 7 6 6 6 7 6 7 6 6 6
9 9 10 10 9 10 9 9 10 10 10 9 10 9 10 10 10 9 10 10 10 10 9 9 9 9 10 10 10 10 9 10
15 16 15 16 15 16 15 15 16 16 16 16 15 16 15 15 15 16 15 16 16 15 15 16 15 15 15 16 15 16 16 16
7 7 7 7 6 6 7 6 7 7 6 6 7 7 6 7 6 7 6 7 6 6 7 6 7 7 6 7 7 7 7 7
7 7 7 8 7 8 8 8 7 7 7 7 7 7 8 7 7 7 7 8 7 8 7 7 7 7 8 7 8 7 8 7
18 19 19 18 19 18 18 19 18 18 18 19 19 19 19 18 18 19 18 18 19 18 18 18 19 18 18 18 19 18 19 19
6 6 6 7 7 6 6 7 7 6 7 7 6 6 7 6 7 7 6 6 7 6 7 7 6 7 7 6 7 6 7 7
8 8 9 9 9 8 8 8 9 9 9 8 9 9 8 9 8 9 8 8 8 8 8 8 9 9 9 9 8 9 8 8
19 20 19 20 20 19 20 19 19 20 20 19 19 19 20 20 20 20 19 20 19 20 20 20 20 19 19 20 19 20 20 19
11 11 11 11 12 11 12 12 11 12 12 11 12 11 11 12 12 11 11 12 11 11 12 12 12 12 12 11 12 12 11 11
