1 2 1
1 3 1
1 4 1
1 5 1
2 6 1
2 7 1
2 8 1
2 9 1
2 10 1
3 11 1
3 12 1
3 13 1
3 14 1
3 15 1
4 16 1
4 17 1
4 18 1
4 19 1
4 20 1
5 21 1
5 22 1
5 23 1
5 24 1
5 25 1
6 26 1
6 27 1
6 28 1
7 29 1
7 30 1
7 31 1
7 32 1
7 33 1
8 34 1
8 35 1
9 36 1
9 37 1
10 38 1
10 39 1
10 40 1
11 41 1
12 42 1
13 43 1
14 44 1
14 45 1
15 46 1
16 47 1
17 48 1
18 49 1
19 50 1
20 51 1
20 52 1
21 53 1
22 54 1
22 55 1
23 56 1
24 57 1
24 58 1
25 59 1
25 60 1
26 61 1
27 61 1
28 61 1
29 62 1
30 62 1
31 62 1
32 63 1
33 64 1
34 65 1
35 66 1
36 67 1
37 67 1
38 68 1
39 69 1
40 69 1
41 70 1
42 70 1
43 70 1
44 70 1
45 71 1
46 72 1
47 73 1
48 74 1
49 74 1
50 74 1
51 75 1
52 75 1
53 76 1
54 76 1
55 77 1
56 77 1
57 78 1
58 79 1
59 79 1
60 79 1
61 80 1
62 81 1
63 82 1
64 83 1
65 84 1
66 85 1
67 86 1
68 87 1
69 88 1
70 89 1
70 90 1
71 91 1
72 92 1
73 93 1
74 94 1
75 95 1
76 96 1
77 97 1
78 98 1
79 99 1
80 100 1
81 100 1
82 100 1
83 100 1
84 100 1
85 100 1
86 100 1
87 100 1
88 100 1
89 100 1
90 100 1
91 100 1
92 100 1
93 100 1
94 100 1
95 100 1
96 100 1
97 100 1
98 100 1
99 100 1
