1 2 1
1 3 1
2 4 1
2 5 1
3 6 1
4 7 1
4 8 1
4 9 1
4 10 1
5 11 1
5 12 1
5 13 1
6 14 1
6 15 1
7 16 1
8 16 1
9 17 1
10 18 1
11 19 1
12 19 1
13 20 1
14 21 1
15 21 1
16 22 1
16 23 1
16 24 1
17 25 1
18 26 1
19 27 1
20 28 1
21 29 1
22 30 1
23 31 1
24 32 1
25 33 1
26 33 1
27 34 1
28 34 1
29 35 1
30 36 1
31 37 1
32 38 1
33 39 1
34 40 1
34 41 1
35 42 1
36 43 1
36 44 1
37 45 1
37 46 1
38 47 1
38 48 1
39 49 1
40 50 1
41 51 1
42 52 1
43 53 1
44 54 1
45 55 1
46 56 1
47 57 1
48 58 1
49 59 1
50 60 1
51 61 1
52 62 1
53 63 1
54 64 1
55 65 1
56 66 1
57 67 1
58 68 1
59 69 1
60 70 1
61 71 1
62 72 1
63 73 1
64 74 1
65 75 1
66 76 1
67 77 1
68 78 1
69 79 1
70 79 1
71 80 1
72 81 1
73 82 1
74 83 1
75 84 1
76 85 1
77 86 1
78 87 1
79 88 1
80 89 1
81 90 1
81 91 1
82 92 1
83 92 1
84 92 1
85 92 1
86 93 1
87 93 1
88 94 1
89 94 1
90 95 1
91 96 1
92 97 1
93 97 1
94 98 1
95 99 1
96 99 1
97 100 1
98 100 1
99 100 1
