8 7 8 8 8 7 7 7
9 9 8 9 9 9 9 9
10 10 10 11 10 11 11 10
4 4 4 3 4 4 3 4
2 1 2 2 1 1 2 2
10 10 9 9 9 9 9 9
4 3 3 4 4 4 3 4
11 10 11 11 10 10 11 11
3 3 3 3 3 3 4 4
5 5 6 6 6 6 6 5
6 6 7 7 6 7 7 7
8 7 8 8 7 7 8 7
2 3 3 3 2 2 3 3
9 10 9 9 10 10 10 10
2 3 3 3 2 2 2 3
5 6 5 5 6 6 6 6
7 7 8 7 8 7 7 7
4 4 4 5 5 4 5 4
10 10 11 10 11 11 11 10
6 6 6 6 6 7 7 6
6 7 6 7 7 6 7 6
5 5 5 5 5 5 6 5
8 7 7 8 7 8 8 8
6 6 7 7 6 7 6 7
4 3 4 3 3 3 4 4
7 7 8 8 7 8 7 7
12 12 12 12 11 12 11 12
12 13 12 12 12 13 13 12
9 10 10 10 10 9 10 10
13 12 13 13 12 12 13 13
8 8 9 8 9 9 8 9
5 5 6 6 5 5 6 6
2 1 2 1 1 2 1 2
6 6 5 6 6 5 6 6
10 10 9 9 10 9 10 9
9 9 10 10 10 10 10 9
10 10 9 9 10 10 10 9
7 8 7 8 7 7 7 7
2 2 2 2 1 1 1 1
8 8 8 8 9 8 9 9
6 7 7 6 6 6 7 6
2 2 2 3 2 3 2 2
5 4 5 5 4 4 4 5
6 6 6 6 7 7 7 7
11 12 12 11 12 11 11 11
7 6 6 6 7 6 6 6
10 10 11 11 10 10 11 11
5 5 4 5 4 5 5 5
5 5 6 5 5 5 6 6
1 2 1 1 2 1 1 1
12 12 13 12 12 12 12 13
9 9 9 9 10 10 9 10
8 7 7 7 7 7 7 7
4 3 4 3 4 3 4 4
5 5 6 5 5 5 6 5
4 4 4 4 4 5 4 5
6 7 7 7 7 6 6 7
12 11 11 11 11 12 11 11
2 2 2 1 1 1 2 2
12 13 13 12 13 13 13 13
4 3 4 4 4 3 3 4
7 6 7 7 7 6 7 6
13 12 13 12 12 13 13 13
6 5 6 5 6 5 5 5
13 13 13 13 13 13 12 13
9 10 9 10 9 10 10 9
6 7 7 7 7 7 7 7
9 8 8 8 8 8 8 9
11 11 10 11 10 11 11 10
13 12 13 13 13 12 13 12
6 7 6 6 7 6 7 6
7 7 8 8 7 8 7 8
4 4 5 4 4 4 4 5
8 8 8 7 7 7 8 7
8 7 8 8 7 7 8 8
2 1 1 1 2 2 1 2
12 11 12 12 12 12 12 12
2 2 2 2 2 3 2 3
12 13 12 12 13 12 13 12
6 5 6 5 6 5 5 5
12 12 11 12 11 12 12 11
13 12 13 12 12 13 13 12
1 1 1 1 2 1 2 1
4 3 3 3 3 4 4 4
13 12 13 13 12 12 12 12
3 3 4 3 4 4 4 3
2 1 2 1 2 2 2 1
4 5 4 4 5 5 4 5
9 9 8 8 8 8 8 8
3 2 3 2 3 3 2 3
11 10 10 11 10 10 11 10
10 11 10 11 10 11 10 11
7 7 8 8 8 8 7 7
10 10 10 10 11 11 10 10
11 10 11 10 11 11 10 10
13 12 13 12 12 13 13 13
8 7 7 7 8 8 8 7
13 12 13 13 13 13 12 13
12 12 12 12 12 12 12 11
11 12 11 11 12 11 12 11
6 6 7 6 6 7 6 6
7 7 7 7 7 7 8 8
5 6 6 5 5 6 6 6
10 10 11 11 10 10 10 10
10 11 10 10 11 11 11 11
3 3 2 3 3 3 3 2
7 8 7 8 8 7 8 7
6 7 7 6 6 6 6 7
11 11 11 11 11 11 10 10
10 9 10 9 9 10 9 9
2 1 2 1 1 1 1 2
4 4 4 5 5 4 5 5
8 8 7 8 8 7 7 8
12 11 11 11 11 12 11 11
9 8 8 8 8 8 9 9
9 10 9 9 10 10 10 9
3 2 2 2 3 2 3 2
10 10 9 9 9 10 10 10
3 3 2 3 3 3 2 3
3 2 3 3 2 2 2 2
5 5 6 6 5 6 5 6
10 11 10 10 10 10 10 10
13 12 12 12 12 13 13 12
13 12 12 13 12 13 12 13
12 12 13 13 12 12 12 12
10 10 10 10 11 10 11 11
9 8 8 9 8 8 9 8
12 12 12 11 11 12 12 12
12 13 13 13 13 12 13 12
2 1 1 1 1 1 2 2
2 1 1 1 1 1 2 1
8 7 7 7 8 8 7 7
11 12 11 11 12 11 12 11
12 12 12 13 12 12 12 13
6 7 6 6 6 7 7 7
5 4 5 4 5 5 5 4
9 8 9 9 8 9 9 8
11 10 11 10 10 11 11 11
13 12 12 12 12 12 13 13
6 6 5 6 5 5 6 6
7 7 8 8 7 8 7 8
12 11 12 11 11 12 12 11
3 3 3 3 2 2 3 3
7 8 7 7 8 7 8 7
3 3 2 3 3 2 3 3
11 10 11 10 10 10 11 10
6 6 5 5 6 6 6 6
3 2 3 3 2 3 2 3
7 6 7 6 6 6 6 6
1 1 2 2 1 1 2 1
11 10 11 10 10 11 11 11
10 10 10 10 10 9 10 9
6 7 6 6 6 7 7 7
13 13 13 12 12 13 13 13
12 13 13 12 12 12 13 12
9 9 10 10 10 10 9 9
8 9 8 8 8 8 8 8
2 1 1 2 2 1 2 2
12 12 11 12 12 12 12 12
8 9 9 9 9 9 8 8
4 3 3 3 3 4 4 3
8 8 9 8 8 8 8 9
5 5 5 5 5 6 5 5
5 5 5 5 4 4 4 4
6 6 5 6 5 5 6 5
12 11 12 12 11 12 11 12
3 3 3 4 4 3 3 4
10 10 10 10 11 10 11 10
1 1 1 2 1 1 1 2
7 7 6 6 7 6 7 6
10 10 10 9 9 10 10 10
7 6 7 6 7 6 7 6
6 6 5 5 6 5 6 6
9 8 8 8 8 8 8 9
3 3 4 3 4 4 4 4
11 12 12 12 12 12 12 12
10 10 10 9 9 9 9 10
2 2 2 2 1 1 1 1
9 9 9 8 9 8 8 8
13 13 12 13 12 12 12 13
10 11 10 11 11 11 10 10
2 2 2 3 2 3 3 3
13 12 12 13 13 13 13 12
7 6 6 6 7 6 7 6
5 5 4 5 4 4 4 5
2 2 2 2 2 2 2 1
7 6 6 6 6 7 7 7
4 3 3 4 4 4 3 4
13 13 13 12 12 13 13 12
9 9 9 10 10 10 9 9
11 11 12 12 12 11 12 12
10 11 10 10 11 11 11 10
6 7 6 7 6 7 7 6
7 8 7 7 7 7 8 8
3 3 2 2 2 2 3 3
1 2 2 2 2 1 2 2
9 9 9 10 9 10 10 10
5 5 5 6 6 6 6 5
3 3 2 3 3 3 3 3
7 7 7 6 6 7 7 7
