1 2 4
1 3 3
1 4 3
1 5 6
2 6 5
2 7 3
3 8 5
3 9 5
3 10 1
3 11 2
4 12 2
4 13 7
4 14 1
4 15 6
5 16 3
5 17 3
6 18 6
7 19 3
8 20 6
9 21 9
10 22 7
11 23 9
12 24 4
13 25 6
14 26 4
15 27 6
16 28 5
17 29 3
18 30 8
19 31 3
20 32 8
21 33 9
22 34 9
23 35 7
24 36 7
25 37 3
26 38 2
27 39 4
28 40 6
29 41 1
30 42 4
31 43 1
32 44 4
33 45 8
34 46 3
35 47 2
36 48 8
37 49 1
38 50 5
39 51 6
40 52 9
41 53 3
42 54 5
43 55 9
44 56 2
45 57 9
46 58 3
47 59 9
48 60 5
49 61 2
50 62 3
51 63 6
52 64 5
53 65 3
54 66 3
55 67 9
56 68 9
57 69 1
58 70 9
59 71 9
60 72 1
61 73 2
62 74 4
63 75 4
64 76 2
65 77 7
66 78 7
67 79 3
68 80 3
69 81 4
70 82 6
71 83 2
72 84 3
73 85 7
74 86 2
75 87 5
76 88 2
77 89 6
78 90 7
79 91 7
80 92 4
81 93 5
82 94 7
83 95 5
84 96 6
85 97 1
86 98 3
87 99 3
88 100 3
89 101 6
90 102 4
91 103 8
92 104 7
93 105 1
94 106 6
95 107 7
96 108 3
97 109 6
98 110 8
99 111 3
100 112 8
101 113 9
102 114 4
103 115 9
104 116 2
105 117 7
106 118 9
107 119 7
108 120 5
109 121 6
110 122 6
111 123 6
112 124 6
113 125 6
114 126 1
115 127 2
116 128 7
117 129 2
118 130 9
119 131 3
120 132 3
121 133 2
122 134 4
123 135 5
124 136 9
125 137 7
126 138 2
127 139 2
128 140 8
129 141 2
130 142 7
131 143 4
132 144 5
133 145 6
134 146 8
135 147 5
136 148 4
137 149 5
138 150 4
139 151 7
140 152 7
141 153 5
142 154 2
143 155 9
144 156 1
145 157 2
146 158 9
147 159 9
148 160 9
149 161 1
150 162 8
151 163 6
152 164 2
153 165 2
154 166 8
155 167 4
156 168 2
157 169 1
158 170 5
159 171 2
160 172 1
161 173 8
162 174 1
163 175 4
164 176 8
165 177 3
166 178 5
167 179 7
168 180 8
169 181 8
170 182 3
171 183 3
172 184 5
173 185 4
174 186 6
175 187 4
176 188 7
177 189 9
178 190 1
179 191 2
180 192 6
181 193 4
182 194 2
183 195 1
184 196 2
185 197 2
186 198 8
187 199 1
188 200 1
189 201 2
190 202 4
191 203 3
192 204 7
193 205 1
194 206 8
195 207 9
196 208 5
197 209 5
198 210 8
199 211 5
200 212 2
201 213 6
202 214 1
203 215 8
204 216 2
205 217 9
206 218 4
207 219 2
208 220 7
209 221 7
210 222 3
211 222 9
212 223 5
213 224 1
214 225 7
215 226 9
216 227 5
217 228 7
218 229 9
219 230 9
220 231 3
221 232 4
222 233 4
223 234 5
224 235 8
225 236 2
226 237 9
227 238 4
228 239 6
228 240 9
229 241 2
230 242 3
231 243 3
232 244 2
233 245 9
234 246 5
235 247 4
236 248 2
237 249 2
238 250 6
239 251 4
240 252 4
241 253 6
242 254 8
243 255 9
244 256 3
245 257 3
246 258 2
247 259 7
248 260 8
249 261 7
250 262 6
251 263 2
252 264 4
253 265 1
254 266 5
255 267 8
256 268 9
257 269 7
258 270 3
259 271 5
260 272 7
261 273 1
262 274 3
263 275 8
264 276 4
265 277 8
266 278 8
267 279 3
268 280 3
269 281 9
270 282 9
271 282 2
272 283 8
273 284 5
274 285 7
275 286 9
276 287 2
277 288 9
278 289 8
279 290 1
280 291 8
281 292 4
281 293 7
282 294 3
283 295 3
284 296 8
285 297 2
286 298 5
287 299 7
288 300 7
289 301 1
290 302 4
291 303 3
292 304 6
293 305 7
294 306 2
295 307 5
296 308 3
297 309 1
298 310 3
299 311 4
300 312 6
301 313 6
302 314 4
303 315 7
304 316 9
305 317 3
306 318 9
307 319 5
308 320 5
309 321 8
310 322 6
311 323 5
312 324 8
313 325 9
314 326 7
315 327 8
316 328 3
317 329 9
318 330 3
319 331 3
320 332 7
321 333 9
322 334 3
323 335 9
324 336 4
325 337 3
326 338 5
327 339 5
328 340 4
329 341 6
330 342 5
331 343 6
332 344 6
333 345 1
334 346 7
335 347 8
336 348 9
337 349 1
338 350 6
339 351 3
340 352 2
341 353 5
342 354 3
343 355 1
344 355 5
345 356 8
346 357 9
347 358 8
348 359 9
349 360 8
350 361 5
351 362 9
352 363 8
353 364 3
354 365 2
355 366 3
356 367 4
357 368 8
358 369 2
359 370 8
360 371 2
361 372 6
362 373 2
363 374 1
364 375 6
365 376 4
366 377 8
367 378 9
368 379 3
369 380 8
370 381 9
371 382 2
372 383 4
373 384 2
374 385 5
375 386 5
376 387 8
377 388 8
378 389 5
379 390 3
379 391 1
380 392 6
381 393 4
382 394 4
383 395 9
384 396 6
385 397 4
386 398 6
387 399 2
388 400 9
389 401 4
390 402 9
391 403 7
392 404 7
393 405 7
394 406 8
395 407 3
396 408 1
397 409 8
398 410 5
399 411 6
400 412 5
401 413 7
402 414 2
403 415 4
404 416 9
405 417 2
406 418 9
407 419 5
408 419 7
409 420 9
410 421 7
411 422 9
412 423 2
413 424 4
414 425 4
415 426 5
416 427 7
417 428 1
418 429 6
419 430 5
420 431 3
420 432 2
421 433 4
422 434 4
423 435 1
424 436 7
425 437 1
426 438 6
427 439 3
428 440 3
429 441 5
430 442 1
431 443 5
432 444 4
433 445 5
434 446 9
435 447 8
436 448 7
437 448 6
438 449 9
439 450 4
440 451 7
441 452 9
442 453 7
443 454 6
444 455 9
445 456 6
446 457 9
447 458 6
448 459 6
449 460 5
450 461 4
451 462 2
452 463 5
452 464 5
453 465 8
454 466 6
455 467 7
456 468 5
457 469 6
458 470 1
459 471 3
460 472 3
461 473 9
462 474 9
463 475 4
464 476 2
465 477 4
466 478 8
467 479 4
468 480 4
469 481 6
470 482 9
471 483 9
472 484 8
473 485 3
474 486 7
475 486 3
476 487 7
477 488 9
478 489 7
479 490 1
480 491 8
481 492 2
482 493 5
483 494 8
484 495 2
485 496 6
486 497 7
487 498 7
488 499 8
489 500 9
490 500 8
491 500 6
492 500 5
493 500 5
494 500 2
495 500 9
496 500 2
497 500 4
498 500 3
499 500 5
