1 2 2
1 3 4
1 4 5
1 5 6
1 6 3
2 7 2
2 8 10
3 9 6
4 10 7
4 11 7
5 12 2
5 13 1
5 14 3
6 15 3
6 16 6
6 17 11
6 18 9
7 19 5
8 19 7
9 20 9
10 21 10
11 22 8
12 23 11
13 23 2
14 24 9
15 25 5
16 25 3
17 26 2
18 27 5
19 28 5
19 29 3
20 30 9
20 31 11
21 32 11
22 33 6
23 34 11
23 35 6
24 36 7
25 37 10
26 38 4
26 39 6
27 40 9
28 41 3
29 42 7
30 43 8
31 43 4
32 44 9
33 44 4
34 45 2
35 46 1
36 47 5
37 48 10
38 48 4
39 48 5
40 49 2
41 50 7
42 51 8
43 52 1
44 53 8
44 54 5
44 55 11
44 56 11
45 57 5
46 58 10
47 59 1
48 60 7
48 61 5
49 62 10
50 63 10
51 64 7
52 65 6
52 66 4
53 67 2
53 68 10
54 69 8
55 70 11
56 71 6
57 72 11
58 73 2
59 74 4
60 75 3
61 76 10
62 77 11
62 78 10
63 79 2
64 80 5
65 81 7
66 82 1
67 83 4
68 84 10
69 85 4
70 86 5
71 87 6
72 88 8
73 89 7
74 90 8
75 91 10
76 92 6
77 93 11
78 94 7
79 95 4
80 96 10
81 96 3
82 97 7
83 98 3
84 99 8
85 100 1
86 101 4
87 102 8
88 103 1
89 104 5
90 105 10
91 105 4
92 106 7
93 107 1
94 108 2
95 109 9
96 109 7
97 110 11
98 111 2
99 111 11
100 112 8
101 112 5
102 113 10
103 114 8
104 115 10
105 116 3
106 117 5
107 117 5
108 118 4
109 119 8
110 120 4
110 121 7
111 122 11
112 123 4
112 124 2
113 125 7
113 126 5
114 127 5
115 128 6
116 129 8
116 130 8
117 131 1
117 132 8
118 133 7
118 134 6
119 135 6
120 136 2
121 136 9
122 137 11
123 138 10
124 139 3
125 140 2
126 141 4
127 142 2
128 143 10
129 144 11
130 144 3
131 145 8
132 146 9
133 147 11
134 148 1
135 149 6
136 150 6
137 151 6
138 152 4
139 153 6
140 154 5
141 154 8
142 154 5
143 155 3
144 155 1
145 156 9
146 156 2
147 157 5
148 158 2
149 159 10
150 160 2
150 161 9
151 162 5
151 163 2
152 164 11
152 165 6
153 166 10
154 167 7
155 168 10
156 169 7
157 170 7
158 171 4
159 172 10
160 173 5
161 174 5
161 175 3
161 176 1
162 177 5
163 178 5
164 179 3
165 180 10
166 181 3
167 182 3
168 183 9
169 184 2
170 185 5
170 186 2
171 187 4
172 188 4
173 188 6
174 189 2
175 190 5
176 190 11
177 191 4
178 192 5
179 192 5
180 192 6
181 193 8
182 194 1
183 195 6
184 196 10
185 196 8
186 197 11
187 198 11
188 199 11
188 200 10
188 201 7
189 202 4
190 203 5
191 204 3
192 205 2
192 206 7
192 207 8
193 208 7
194 209 11
195 210 3
196 211 10
197 212 8
197 213 2
198 214 3
199 215 5
200 215 3
201 215 3
202 216 10
203 217 10
204 217 7
205 218 9
206 218 2
207 218 9
208 219 8
209 219 1
210 220 7
211 221 10
212 222 7
213 222 3
214 223 10
215 224 7
216 225 2
217 226 11
218 227 6
219 228 11
220 229 3
221 230 3
222 230 1
223 231 11
224 232 3
224 233 5
225 234 6
225 235 10
226 236 4
227 237 6
228 238 1
229 239 11
230 240 4
230 241 8
231 242 7
232 243 7
233 244 3
233 245 5
233 246 7
233 247 11
234 248 6
235 249 3
236 250 5
237 251 6
237 252 10
238 253 8
238 254 3
239 255 6
240 256 3
241 257 6
242 258 10
243 259 4
244 260 11
245 261 6
246 262 7
247 263 2
248 264 9
249 265 10
250 266 6
251 266 5
252 267 4
253 268 5
254 268 6
255 269 1
256 270 11
257 271 2
258 272 4
259 273 6
260 274 7
261 275 2
262 276 8
263 277 2
264 278 9
265 279 1
266 280 3
267 281 8
268 282 10
269 283 7
270 284 5
271 284 1
272 285 11
273 286 6
274 287 5
274 288 11
275 289 11
276 290 6
276 291 9
277 292 8
278 293 8
279 294 3
280 295 4
281 296 10
282 297 4
283 298 11
284 299 11
285 300 11
286 301 3
287 302 9
288 303 6
289 304 5
290 304 11
291 305 3
292 306 5
293 307 4
294 307 5
295 308 5
296 309 4
297 310 4
298 311 1
299 312 6
300 312 3
301 313 10
302 314 6
303 315 4
303 316 2
304 317 11
305 318 8
306 319 5
307 320 2
308 321 6
309 322 9
310 323 5
311 324 2
311 325 3
312 326 3
312 327 11
313 328 5
314 329 4
315 329 3
316 330 6
317 330 10
318 331 10
319 332 4
320 332 4
321 333 2
322 334 7
323 334 11
324 335 5
325 336 3
326 337 3
327 338 1
328 339 6
329 340 5
330 341 4
330 342 7
331 343 4
332 344 9
332 345 7
333 346 5
334 347 6
334 348 5
335 349 2
335 350 10
336 351 1
337 352 6
337 353 1
338 354 10
339 355 1
340 356 2
341 357 9
342 358 3
343 358 5
344 358 4
345 358 11
346 358 3
347 358 10
348 359 3
349 359 4
350 360 1
351 360 4
352 361 11
353 362 2
354 362 11
355 363 10
355 364 7
356 365 10
356 366 5
357 367 5
358 368 3
359 369 5
359 370 6
360 371 10
360 372 9
361 373 4
362 374 10
363 375 6
364 376 11
364 377 8
365 378 1
366 379 5
367 380 1
367 381 3
368 382 11
369 383 7
370 384 11
371 385 3
372 386 6
373 387 8
374 388 7
375 389 1
376 390 1
377 390 11
378 391 5
379 392 1
380 392 2
381 393 6
382 394 6
383 394 8
384 395 7
385 396 8
386 397 8
387 397 4
388 398 9
389 399 3
390 400 11
391 400 7
392 400 6
393 401 7
394 402 11
395 403 5
396 404 1
397 405 8
398 406 6
399 407 10
400 408 8
400 409 10
400 410 5
401 411 3
402 412 7
402 413 11
403 414 6
403 415 9
404 416 2
405 417 2
406 418 6
406 419 4
407 420 9
408 421 2
409 422 8
410 423 7
411 424 5
412 425 1
413 426 4
414 427 2
415 428 11
416 429 11
417 430 3
418 431 5
419 432 9
420 433 3
421 434 1
422 435 1
423 436 5
424 437 7
424 438 5
425 439 11
426 440 3
427 441 11
428 442 1
429 443 5
430 444 7
430 445 10
431 446 9
432 447 5
432 448 2
433 449 5
434 450 4
435 450 4
436 451 5
437 452 10
438 452 9
439 453 1
440 454 8
441 454 8
442 455 2
443 455 1
444 456 7
445 457 8
446 458 7
447 458 6
448 459 1
449 460 11
450 461 3
450 462 4
451 463 10
452 464 4
453 465 10
454 466 11
454 467 1
455 468 1
456 469 3
457 470 3
458 471 6
458 472 5
459 473 4
459 474 11
460 475 4
461 475 10
462 476 7
463 477 10
464 478 1
465 479 4
466 480 8
467 481 9
468 482 2
469 482 3
470 483 7
471 484 8
472 485 11
473 486 6
474 487 10
475 488 2
476 489 5
477 490 2
478 491 3
479 491 10
480 492 9
481 493 4
482 494 10
483 495 10
484 496 11
485 497 7
486 498 11
487 499 7
488 500 5
489 500 2
490 500 7
491 500 11
492 500 1
493 500 2
494 500 10
495 500 2
496 500 3
497 500 8
498 500 3
499 500 2
