1 2 4
1 3 2
2 4 2
2 5 3
2 6 4
2 7 4
3 8 2
3 9 2
3 10 5
3 11 1
4 12 5
4 13 3
5 14 4
5 15 5
6 16 2
6 17 3
6 18 4
7 19 2
7 20 3
7 21 5
7 22 3
8 23 5
8 24 4
9 25 2
10 26 3
10 27 3
11 28 2
12 29 5
13 30 1
14 31 5
15 31 1
16 31 3
17 32 2
18 32 4
19 32 3
20 33 1
21 33 5
22 34 4
23 35 2
24 35 4
25 36 3
26 36 5
27 37 5
28 37 1
29 38 4
29 39 3
29 40 2
29 41 2
30 42 1
31 43 2
32 44 5
33 45 3
34 46 2
35 47 5
36 48 2
37 49 3
38 50 3
39 50 3
40 50 2
41 50 5
42 50 4
43 50 4
44 50 1
45 50 4
46 50 1
47 50 1
48 50 2
49 50 5
