8 8 8 8 9 7 9 9
13 12 14 15 13 13 14 12
5 4 5 4 5 5 5 4
8 7 8 8 7 8 7 8
11 10 10 9 12 10 10 12
8 8 7 8 7 8 8 8
8 7 8 7 8 7 7 7
11 12 12 10 11 13 10 12
6 5 6 5 5 5 6 5
4 4 4 4 4 3 4 3
6 6 7 6 6 7 6 6
11 12 11 12 14 12 12 12
13 15 13 13 14 12 12 13
13 11 12 11 12 11 10 10
17 16 17 18 15 16 15 16
4 4 5 4 4 5 5 4
5 5 4 5 4 5 4 4
1 1 1 2 2 1 1 2
9 10 10 8 9 9 9 9
1 1 2 1 2 1 1 1
6 6 7 7 7 6 6 6
8 11 9 8 9 11 8 10
7 7 8 8 8 7 7 7
13 13 15 13 14 13 13 14
17 16 14 14 17 14 16 14
6 6 5 6 5 5 5 5
4 4 4 4 5 5 4 5
13 14 12 12 14 13 12 12
2 3 2 2 3 2 2 2
1 1 1 1 1 2 1 1
10 10 11 13 11 11 11 12
17 17 15 16 17 14 17 15
11 11 10 9 12 10 12 10
8 8 11 11 8 8 11 10
5 6 6 5 5 5 6 6
5 5 5 5 5 5 6 6
14 17 15 14 15 14 16 18
4 4 4 4 5 5 5 5
14 14 14 14 14 12 11 11
17 18 16 14 17 15 14 17
8 8 11 11 9 9 10 9
8 8 8 8 11 10 10 11
6 7 7 7 6 6 7 6
16 15 16 14 16 16 16 14
8 8 8 7 7 7 7 7
14 17 14 14 16 16 17 16
8 9 8 9 11 10 11 8
16 16 17 15 14 17 16 15
4 4 4 4 4 4 5 5
10 12 10 9 11 9 12 10
