1 2 1
1 3 1
1 4 1
2 5 1
2 6 1
2 7 1
2 8 1
3 9 1
3 10 1
3 11 1
3 12 1
3 13 1
4 14 1
4 15 1
4 16 1
4 17 1
5 18 1
6 18 1
7 19 1
8 20 1
9 21 1
10 22 1
11 23 1
12 23 1
13 23 1
14 24 1
15 25 1
16 26 1
17 26 1
18 27 1
19 28 1
19 29 1
20 30 1
21 31 1
22 32 1
22 33 1
22 34 1
23 35 1
24 36 1
25 37 1
26 38 1
26 39 1
27 40 1
27 41 1
28 42 1
29 43 1
29 44 1
30 45 1
31 46 1
32 47 1
33 48 1
34 49 1
35 50 1
36 51 1
36 52 1
37 53 1
38 54 1
39 55 1
40 56 1
40 57 1
41 58 1
42 59 1
43 60 1
44 61 1
45 62 1
46 63 1
47 64 1
48 65 1
49 66 1
50 67 1
51 68 1
52 69 1
53 70 1
54 71 1
55 72 1
56 73 1
57 74 1
58 75 1
59 76 1
60 77 1
61 78 1
62 79 1
63 80 1
64 81 1
65 82 1
66 83 1
67 84 1
68 85 1
69 86 1
70 87 1
71 88 1
72 88 1
73 89 1
74 90 1
75 91 1
76 92 1
77 93 1
78 94 1
79 95 1
80 96 1
81 97 1
82 98 1
83 99 1
84 100 1
85 101 1
86 102 1
87 103 1
88 104 1
89 105 1
90 105 1
91 106 1
92 107 1
93 107 1
94 108 1
95 108 1
96 109 1
97 109 1
98 110 1
99 111 1
100 111 1
101 112 1
102 112 1
103 113 1
104 113 1
105 114 1
106 115 1
107 116 1
108 117 1
109 118 1
110 119 1
111 120 1
112 121 1
112 122 1
112 123 1
113 124 1
114 125 1
115 126 1
116 126 1
117 127 1
118 128 1
119 129 1
120 130 1
121 131 1
122 132 1
123 133 1
124 134 1
125 135 1
126 136 1
127 137 1
127 138 1
128 139 1
129 140 1
130 141 1
131 142 1
131 143 1
132 144 1
132 145 1
132 146 1
132 147 1
133 148 1
134 149 1
134 150 1
135 151 1
136 151 1
137 151 1
138 152 1
139 152 1
140 153 1
141 153 1
142 153 1
143 154 1
144 155 1
145 155 1
146 156 1
147 157 1
148 157 1
149 158 1
150 159 1
151 160 1
152 161 1
153 162 1
154 163 1
155 164 1
155 165 1
156 166 1
157 167 1
157 168 1
157 169 1
158 170 1
158 171 1
159 172 1
160 173 1
161 174 1
161 175 1
162 176 1
163 177 1
164 178 1
165 179 1
166 180 1
167 181 1
168 182 1
169 183 1
170 184 1
171 185 1
172 186 1
173 187 1
174 188 1
175 189 1
176 190 1
177 191 1
178 192 1
179 193 1
180 194 1
181 195 1
182 196 1
183 196 1
184 197 1
185 198 1
186 199 1
187 200 1
187 201 1
188 202 1
189 203 1
190 204 1
191 205 1
192 206 1
193 207 1
193 208 1
194 209 1
195 210 1
196 211 1
196 212 1
197 213 1
198 214 1
199 215 1
199 216 1
200 217 1
201 218 1
202 219 1
203 220 1
204 221 1
205 222 1
206 222 1
207 223 1
208 223 1
209 223 1
210 224 1
211 224 1
212 225 1
213 226 1
214 226 1
215 227 1
216 227 1
217 228 1
218 229 1
219 230 1
220 231 1
221 232 1
222 233 1
223 234 1
224 235 1
225 236 1
225 237 1
225 238 1
226 239 1
227 240 1
228 241 1
229 242 1
230 243 1
231 244 1
232 245 1
233 246 1
234 247 1
235 248 1
236 249 1
237 250 1
238 251 1
239 252 1
240 253 1
241 254 1
242 255 1
243 256 1
244 257 1
245 258 1
246 259 1
247 260 1
248 261 1
249 262 1
250 263 1
250 264 1
251 265 1
252 266 1
253 267 1
253 268 1
254 269 1
255 270 1
256 271 1
257 272 1
258 273 1
259 273 1
260 274 1
261 274 1
262 274 1
263 275 1
264 276 1
265 276 1
266 277 1
267 278 1
268 278 1
269 279 1
270 280 1
270 281 1
271 282 1
272 283 1
273 284 1
274 285 1
275 286 1
276 287 1
276 288 1
276 289 1
277 290 1
278 291 1
278 292 1
279 293 1
280 294 1
281 295 1
282 296 1
283 297 1
284 298 1
285 298 1
286 299 1
287 300 1
288 301 1
289 302 1
290 303 1
291 303 1
292 304 1
293 305 1
294 306 1
295 307 1
296 308 1
297 309 1
298 310 1
299 311 1
300 312 1
301 313 1
302 314 1
303 315 1
304 316 1
305 317 1
306 318 1
307 319 1
308 320 1
309 321 1
310 322 1
311 323 1
312 324 1
313 325 1
314 326 1
315 327 1
316 327 1
317 328 1
317 329 1
318 330 1
318 331 1
319 332 1
320 333 1
321 334 1
322 335 1
323 336 1
324 337 1
325 338 1
326 339 1
327 340 1
328 341 1
329 342 1
330 343 1
331 344 1
332 345 1
333 346 1
334 347 1
335 348 1
336 349 1
337 350 1
338 351 1
339 352 1
340 353 1
341 354 1
342 355 1
343 356 1
344 357 1
345 358 1
346 359 1
347 360 1
348 361 1
348 362 1
349 363 1
349 364 1
350 365 1
351 366 1
352 367 1
352 368 1
353 369 1
354 370 1
355 371 1
356 372 1
357 373 1
358 374 1
359 374 1
360 374 1
361 375 1
362 376 1
363 377 1
364 378 1
365 378 1
366 378 1
367 379 1
368 380 1
369 380 1
370 381 1
371 382 1
372 382 1
373 383 1
374 384 1
375 385 1
376 386 1
377 387 1
378 388 1
379 389 1
380 390 1
381 391 1
382 392 1
383 392 1
384 393 1
385 394 1
386 395 1
387 396 1
388 397 1
389 398 1
390 399 1
391 400 1
392 400 1
393 400 1
394 400 1
395 400 1
396 400 1
397 400 1
398 400 1
399 400 1
