1 2 1
1 3 1
1 4 1
1 5 1
2 6 1
2 7 1
2 8 1
3 9 1
3 10 1
3 11 1
3 12 1
3 13 1
4 14 1
4 15 1
4 16 1
4 17 1
5 18 1
5 19 1
5 20 1
5 21 1
6 22 1
7 22 1
8 22 1
9 22 1
10 23 1
11 24 1
12 25 1
13 26 1
14 27 1
15 27 1
16 28 1
17 28 1
18 28 1
19 28 1
20 29 1
21 29 1
22 30 1
23 31 1
24 32 1
25 33 1
25 34 1
26 35 1
26 36 1
27 37 1
28 38 1
29 39 1
30 40 1
31 41 1
32 41 1
33 41 1
34 42 1
35 43 1
36 44 1
37 44 1
38 44 1
39 45 1
40 46 1
41 47 1
41 48 1
42 49 1
43 50 1
43 51 1
43 52 1
43 53 1
44 54 1
44 55 1
45 56 1
46 57 1
47 58 1
48 59 1
49 60 1
50 61 1
51 62 1
52 63 1
53 64 1
54 65 1
55 66 1
56 67 1
57 68 1
58 68 1
59 69 1
60 70 1
61 71 1
62 72 1
63 73 1
64 74 1
65 75 1
66 76 1
67 77 1
68 78 1
69 79 1
70 80 1
71 80 1
72 81 1
73 82 1
74 83 1
75 84 1
76 85 1
77 85 1
78 86 1
79 87 1
80 88 1
81 89 1
82 90 1
83 90 1
84 91 1
85 92 1
86 93 1
87 94 1
88 95 1
89 96 1
90 97 1
90 98 1
90 99 1
91 100 1
91 101 1
91 102 1
92 103 1
92 104 1
93 105 1
94 106 1
95 107 1
96 108 1
97 109 1
98 109 1
99 110 1
100 110 1
101 111 1
102 112 1
103 112 1
104 113 1
105 114 1
106 115 1
107 116 1
108 117 1
109 118 1
109 119 1
110 120 1
111 121 1
112 122 1
113 123 1
114 124 1
115 125 1
116 126 1
117 127 1
118 128 1
119 129 1
120 130 1
121 131 1
122 132 1
122 133 1
123 134 1
124 135 1
125 136 1
126 137 1
126 138 1
127 139 1
128 140 1
129 141 1
130 142 1
131 143 1
132 144 1
133 145 1
134 146 1
135 147 1
135 148 1
136 149 1
137 150 1
138 151 1
139 152 1
139 153 1
140 154 1
141 155 1
142 156 1
143 157 1
144 158 1
145 159 1
146 160 1
147 161 1
147 162 1
147 163 1
148 164 1
149 165 1
150 166 1
151 167 1
152 168 1
153 169 1
154 170 1
155 171 1
156 172 1
156 173 1
157 174 1
158 175 1
158 176 1
159 177 1
160 178 1
161 179 1
162 180 1
163 181 1
163 182 1
164 183 1
164 184 1
164 185 1
164 186 1
165 187 1
165 188 1
166 189 1
166 190 1
167 191 1
167 192 1
167 193 1
168 194 1
168 195 1
168 196 1
169 197 1
169 198 1
169 199 1
169 200 1
170 201 1
171 202 1
171 203 1
172 204 1
173 205 1
173 206 1
174 207 1
175 208 1
175 209 1
175 210 1
175 211 1
176 212 1
177 213 1
177 214 1
177 215 1
178 216 1
179 217 1
180 217 1
181 217 1
182 218 1
183 218 1
184 218 1
185 219 1
186 219 1
187 219 1
188 219 1
189 220 1
190 220 1
191 220 1
192 220 1
193 220 1
194 221 1
195 221 1
196 221 1
197 221 1
198 221 1
199 222 1
200 223 1
201 223 1
202 224 1
203 224 1
204 224 1
205 224 1
206 224 1
207 225 1
208 225 1
209 225 1
210 225 1
211 226 1
212 226 1
213 226 1
214 227 1
215 228 1
216 229 1
217 230 1
218 231 1
219 232 1
220 233 1
221 234 1
222 235 1
223 236 1
224 237 1
225 238 1
226 239 1
227 240 1
228 241 1
229 242 1
230 243 1
231 244 1
231 245 1
232 246 1
233 247 1
234 248 1
235 249 1
236 250 1
237 251 1
237 252 1
238 253 1
239 254 1
240 255 1
241 256 1
241 257 1
242 258 1
243 259 1
244 260 1
245 261 1
246 261 1
247 262 1
248 263 1
249 264 1
250 264 1
251 265 1
252 266 1
253 267 1
254 268 1
255 269 1
256 270 1
257 271 1
258 272 1
259 273 1
260 273 1
261 273 1
262 274 1
263 275 1
264 275 1
265 275 1
266 276 1
267 277 1
268 277 1
269 277 1
270 278 1
271 278 1
272 279 1
273 280 1
273 281 1
274 282 1
274 283 1
275 284 1
276 285 1
277 286 1
277 287 1
277 288 1
278 289 1
279 290 1
280 291 1
281 292 1
282 293 1
283 294 1
284 295 1
285 296 1
286 297 1
287 298 1
288 299 1
289 300 1
290 301 1
291 302 1
292 303 1
293 303 1
294 303 1
295 303 1
296 304 1
297 304 1
298 305 1
299 306 1
300 307 1
301 308 1
302 309 1
302 310 1
303 311 1
304 312 1
305 313 1
306 314 1
307 315 1
308 316 1
308 317 1
309 318 1
310 319 1
310 320 1
311 321 1
312 322 1
313 323 1
313 324 1
314 325 1
314 326 1
315 327 1
315 328 1
316 329 1
316 330 1
317 331 1
318 332 1
319 333 1
320 333 1
321 333 1
322 333 1
323 333 1
324 334 1
325 334 1
326 335 1
327 335 1
328 335 1
329 336 1
330 337 1
331 338 1
332 339 1
332 340 1
333 341 1
334 342 1
335 343 1
336 344 1
337 345 1
338 346 1
339 347 1
339 348 1
340 349 1
341 350 1
341 351 1
342 352 1
342 353 1
343 354 1
343 355 1
344 356 1
344 357 1
345 358 1
346 359 1
347 360 1
348 361 1
349 362 1
350 362 1
351 363 1
352 363 1
353 363 1
354 364 1
355 365 1
356 366 1
357 367 1
358 368 1
359 369 1
360 370 1
361 371 1
362 371 1
363 372 1
364 372 1
365 373 1
366 374 1
367 375 1
368 376 1
369 376 1
370 377 1
370 378 1
371 379 1
372 380 1
373 381 1
374 382 1
375 383 1
376 384 1
377 385 1
378 386 1
378 387 1
379 388 1
379 389 1
380 390 1
380 391 1
381 392 1
382 393 1
382 394 1
382 395 1
383 396 1
384 397 1
384 398 1
384 399 1
385 400 1
386 400 1
387 400 1
388 400 1
389 400 1
390 400 1
391 400 1
392 400 1
393 400 1
394 400 1
395 400 1
396 400 1
397 400 1
398 400 1
399 400 1
