1 2 7
1 3 10
1 4 14
1 5 15
2 6 1
2 7 7
2 8 15
2 9 6
2 10 10
3 11 8
3 12 2
3 13 6
3 14 1
3 15 13
4 16 2
4 17 7
4 18 1
4 19 4
4 20 13
5 21 13
5 22 1
5 23 1
5 24 12
5 25 14
6 26 14
7 27 2
8 27 12
9 28 8
10 29 8
11 30 2
12 31 1
13 31 13
14 32 11
15 33 15
16 33 3
17 34 15
18 34 13
19 35 11
20 36 5
21 36 2
22 37 7
23 38 8
24 38 2
25 39 1
26 40 11
27 41 11
28 42 2
29 43 10
30 44 10
30 45 7
31 46 1
32 47 7
33 48 1
33 49 4
33 50 9
34 51 5
35 52 3
36 53 6
37 54 5
38 55 15
39 56 14
39 57 14
39 58 2
40 59 9
41 60 2
42 61 11
43 62 6
44 63 3
45 64 2
46 65 6
47 66 2
48 67 3
49 68 8
50 69 12
51 70 2
52 71 11
53 72 3
54 73 3
55 74 9
56 75 15
57 76 5
58 77 8
59 78 4
60 79 6
61 80 6
62 81 15
63 82 11
64 83 5
65 84 4
66 85 1
67 86 10
68 87 3
69 88 15
70 89 3
71 90 5
72 91 5
73 92 7
74 93 7
75 94 10
76 94 2
77 95 8
78 96 5
79 97 11
80 98 11
81 99 4
82 100 4
83 101 12
84 102 13
85 103 14
86 104 10
87 105 10
88 106 14
88 107 2
89 108 4
90 109 3
91 110 7
92 111 12
93 112 2
93 113 15
94 114 2
95 115 4
96 116 4
97 117 14
98 117 14
99 117 5
100 117 3
101 118 7
102 119 6
103 120 14
104 120 5
105 120 2
106 121 15
107 122 9
108 122 1
109 123 10
110 123 4
111 123 9
112 123 9
113 124 4
114 125 14
115 125 4
116 126 3
116 127 5
117 128 3
118 129 5
118 130 14
119 131 6
119 132 7
120 133 14
121 134 9
122 135 12
123 136 11
123 137 13
124 138 7
125 139 13
125 140 9
126 141 6
127 142 1
128 143 11
128 144 3
129 145 12
129 146 14
130 147 2
131 148 12
132 149 6
133 150 4
134 151 6
134 152 3
135 153 7
136 154 7
137 155 10
138 156 5
139 157 12
140 158 14
141 159 3
142 160 8
143 161 10
144 162 5
144 163 1
144 164 13
145 165 13
146 166 11
147 167 7
148 168 2
148 169 2
149 170 11
149 171 12
149 172 14
150 173 12
151 174 5
152 175 6
153 176 4
154 177 2
154 178 4
155 179 10
156 180 5
156 181 15
157 182 7
157 183 5
158 184 13
158 185 1
159 186 1
160 186 2
161 186 5
162 186 4
163 187 10
164 187 9
165 188 5
166 188 8
167 189 2
168 189 6
169 189 5
170 190 4
171 190 15
172 191 10
173 191 14
174 192 3
175 192 12
176 192 10
177 193 9
178 193 2
179 194 12
180 194 12
181 194 9
182 194 15
183 195 5
184 195 13
185 196 10
186 197 15
186 198 15
187 199 13
187 200 9
188 201 11
188 202 12
188 203 6
188 204 9
189 205 15
190 206 15
191 207 1
192 208 1
193 209 5
194 210 10
195 211 11
195 212 6
195 213 6
196 214 1
197 215 15
198 216 10
199 217 15
200 218 14
201 219 9
202 220 10
203 221 7
204 222 7
205 223 10
206 224 8
207 225 2
208 226 10
209 227 3
210 228 6
211 229 3
212 230 1
213 231 11
214 232 12
215 233 2
216 234 11
216 235 12
216 236 2
217 237 15
217 238 1
218 239 15
219 240 2
219 241 9
219 242 1
220 243 6
221 244 9
221 245 2
222 246 5
222 247 5
223 248 6
223 249 13
223 250 13
224 251 3
224 252 2
224 253 5
225 254 13
226 255 11
227 256 9
227 257 14
228 258 10
228 259 5
229 260 14
230 261 12
230 262 15
231 263 4
231 264 2
232 265 4
233 266 3
234 266 2
235 267 12
236 268 8
237 268 7
238 269 2
239 269 11
240 269 15
241 270 6
242 271 12
243 271 5
244 272 11
245 272 7
246 272 9
247 273 3
248 273 3
249 274 2
250 274 2
251 275 13
252 275 11
253 276 9
254 276 8
255 277 1
256 277 7
257 278 11
258 279 14
259 279 7
260 280 13
261 280 5
262 280 14
263 281 10
264 281 13
265 281 12
266 282 2
267 283 7
268 284 3
269 285 12
270 286 9
271 287 6
272 288 9
273 289 10
274 290 13
275 291 3
276 292 9
277 293 3
278 294 7
279 294 11
280 295 2
281 296 12
282 297 13
283 298 6
284 299 9
285 300 7
286 301 3
287 302 8
288 303 11
289 304 7
290 305 8
290 306 5
291 307 12
292 308 11
293 309 6
294 310 12
295 311 4
296 312 12
297 313 2
298 314 6
299 315 9
300 316 4
301 317 6
302 318 9
303 319 11
304 320 5
305 321 13
306 322 7
307 323 3
308 324 5
309 325 5
310 325 10
311 326 10
312 327 5
313 328 4
314 329 14
314 330 13
315 331 2
315 332 8
316 333 3
317 334 15
317 335 1
317 336 9
318 337 3
319 338 10
320 339 1
321 340 6
322 341 1
322 342 14
323 343 13
324 344 10
325 345 1
325 346 5
326 347 2
327 348 10
328 349 10
329 350 5
330 351 8
331 351 7
332 352 3
333 352 9
334 353 5
335 354 6
336 355 6
337 356 12
338 357 6
339 357 8
340 358 12
341 359 3
342 360 13
343 361 7
344 362 4
345 362 8
346 362 5
347 362 15
348 362 12
349 363 1
349 364 2
350 365 4
351 366 14
352 367 5
353 368 5
353 369 5
354 370 8
355 371 5
356 372 3
357 373 11
358 374 6
358 375 11
359 376 3
360 377 9
361 378 10
362 379 15
362 380 14
363 381 11
364 381 3
365 382 11
366 383 6
367 384 3
368 384 2
369 384 6
370 384 3
371 385 8
372 386 9
373 386 5
374 387 11
375 387 14
376 388 15
377 388 14
378 388 4
379 388 12
380 389 6
381 390 7
381 391 3
381 392 6
382 393 13
383 394 9
383 395 13
384 396 4
384 397 14
385 398 3
385 399 4
386 400 4
387 401 11
387 402 2
387 403 7
388 404 12
389 405 3
389 406 1
389 407 11
389 408 3
390 409 11
391 410 15
392 411 8
393 412 14
394 413 1
395 414 6
396 415 12
397 416 10
398 417 6
398 418 2
399 419 14
400 420 6
401 421 1
401 422 8
402 423 5
403 424 7
404 425 15
405 426 10
406 427 9
407 428 13
408 429 8
409 430 3
410 430 3
411 431 2
412 432 2
413 433 10
414 434 1
415 435 13
416 436 14
417 437 10
418 437 4
419 438 10
420 439 13
421 440 5
422 441 6
423 442 7
424 443 8
425 444 8
426 444 11
427 445 5
428 446 10
429 447 6
430 448 2
431 449 6
432 450 6
433 451 9
434 452 4
435 453 9
436 454 9
437 455 3
438 456 3
439 457 10
440 458 11
441 459 15
442 460 3
443 461 8
444 462 12
445 463 1
446 464 13
447 465 4
448 466 8
449 467 8
450 468 1
451 469 1
452 470 13
453 471 15
454 472 1
455 473 7
456 474 5
457 475 12
458 476 4
459 477 2
460 478 2
461 479 8
462 480 7
463 481 4
464 482 8
465 483 10
466 484 15
467 485 15
468 486 6
469 486 6
470 487 10
471 488 15
472 489 6
473 490 2
474 490 15
475 491 5
476 492 6
477 493 11
478 494 12
479 495 11
480 496 3
481 497 13
482 498 6
483 499 8
484 500 3
485 500 9
486 500 3
487 500 9
488 500 15
489 500 12
490 500 10
491 500 4
492 500 3
493 500 14
494 500 11
495 500 13
496 500 6
497 500 4
498 500 1
499 500 11
