18 18 15 8 16 15 21 11 10 16 15 21 9 18 12 16
15 19 12 19 18 8 21 11 11 14 13 7 18 17 20 16
2 1 2 2 2 1 1 1 2 2 2 1 1 1 2 1
10 12 12 7 10 6 5 10 5 10 9 6 12 12 7 12
12 6 8 6 7 14 13 8 5 7 14 11 11 13 9 11
3 5 3 8 5 4 6 8 3 4 4 4 7 3 7 8
7 10 4 5 11 11 10 5 4 9 8 11 7 5 9 4
22 23 16 20 23 20 18 17 8 17 12 11 10 11 17 9
3 2 2 1 2 2 2 3 1 1 1 3 1 2 3 1
11 5 13 6 10 5 11 8 13 15 7 7 7 9 11 13
12 5 13 5 11 13 14 13 14 12 12 9 11 13 8 8
7 6 4 3 5 8 5 6 6 7 5 5 6 5 4 6
11 6 10 7 6 6 7 7 11 11 8 7 10 6 9 8
2 2 2 1 2 1 2 2 1 2 2 1 2 2 1 1
18 9 22 8 8 16 8 22 22 15 8 11 23 10 16 17
6 9 9 4 4 5 6 9 3 7 3 7 7 8 6 4
10 11 11 11 8 9 4 12 5 5 8 8 6 9 11 7
12 6 15 7 7 9 10 14 10 8 6 13 10 11 7 13
8 4 4 8 5 8 6 3 3 4 6 4 4 3 4 4
11 16 17 6 9 7 8 16 11 8 6 18 17 18 11 14
2 2 1 1 1 1 2 1 2 1 1 1 1 1 2 1
6 8 5 12 10 14 6 10 13 14 7 11 14 7 10 14
17 13 13 18 16 8 10 16 20 14 8 10 10 23 11 22
1 1 3 1 2 3 3 3 2 1 2 3 1 3 2 1
10 9 6 14 7 15 6 7 6 12 13 12 15 8 5 6
2 1 1 3 2 1 2 1 3 1 1 1 2 3 3 1
8 8 21 16 19 14 15 22 8 19 21 12 16 19 15 11
2 2 1 2 2 1 2 1 2 2 1 2 2 2 1 2
9 10 5 8 12 10 6 11 15 12 6 11 10 10 14 7
2 1 2 3 2 3 3 3 2 2 3 3 1 1 3 1
10 9 16 17 8 6 7 8 12 14 13 7 8 8 12 13
13 22 12 20 11 20 12 9 20 12 10 13 12 20 13 12
2 1 1 1 2 1 2 1 1 2 1 1 2 2 1 2
5 8 10 10 8 7 11 8 8 4 10 9 8 6 4 8
24 15 11 9 8 16 19 13 16 9 19 18 14 11 23 20
12 4 9 9 8 8 11 9 4 5 10 12 12 4 9 6
8 14 12 8 6 7 7 10 11 8 9 14 11 11 9 15
9 10 9 4 7 4 9 8 4 9 8 12 12 10 9 12
1 3 3 3 1 1 2 2 2 2 2 3 3 2 1 3
17 23 21 9 8 19 10 11 21 19 13 21 15 23 13 21
14 13 11 14 11 8 14 11 13 6 12 13 12 10 11 7
5 8 9 9 9 5 7 8 4 7 8 4 9 8 8 6
7 3 4 6 3 9 9 5 6 4 9 9 9 8 9 5
14 17 17 21 10 10 14 19 11 7 16 14 10 9 16 19
14 11 13 10 13 10 6 12 12 6 8 9 15 6 10 6
6 11 5 7 9 7 6 4 9 10 8 7 4 4 5 7
9 10 17 12 7 11 14 11 8 12 17 13 14 16 15 10
7 7 8 3 7 8 3 8 5 6 3 4 5 8 7 7
9 8 10 6 7 8 7 5 4 9 5 10 10 7 5 10
5 13 14 8 7 6 11 11 5 9 14 12 10 11 7 8
8 5 7 11 4 5 6 11 7 11 6 10 9 6 10 10
3 5 3 2 4 5 4 5 2 5 5 4 4 2 5 5
7 5 9 9 11 11 10 9 11 6 7 10 5 8 10 5
4 5 8 4 7 8 9 4 8 9 3 8 6 8 9 3
8 10 10 11 12 10 13 19 18 18 9 10 12 17 19 12
6 12 5 9 12 12 5 5 5 10 10 6 10 10 9 5
7 9 18 7 17 11 20 9 7 14 7 14 15 11 15 19
4 4 3 4 4 5 3 4 8 8 5 6 4 3 8 7
14 12 16 14 7 21 11 21 15 11 14 14 18 14 15 12
18 13 10 18 19 18 16 8 9 16 16 13 20 19 19 9
4 3 3 4 3 2 2 5 3 4 3 2 6 4 3 3
4 4 6 5 9 3 9 8 7 4 4 8 6 8 6 3
10 8 10 12 10 21 20 16 23 18 18 16 17 12 21 11
10 12 12 15 13 6 16 11 16 12 16 7 16 9 8 8
7 10 4 8 4 8 10 9 8 7 4 10 8 4 10 7
1 1 1 2 1 1 1 1 2 1 1 2 1 2 2 1
2 1 1 2 1 1 1 1 2 2 1 1 2 1 2 1
13 14 11 11 15 15 12 21 24 14 8 13 19 22 9 14
10 12 8 7 17 14 10 14 6 6 8 10 14 15 12 8
8 10 8 11 8 17 15 11 14 17 7 11 12 6 14 8
17 17 8 22 13 22 11 20 22 24 17 12 24 14 15 13
10 10 14 12 7 8 11 12 10 14 11 11 5 9 12 9
12 12 11 19 13 16 12 12 14 18 21 10 14 16 8 8
11 23 10 21 13 21 10 16 8 12 14 11 14 9 21 10
4 7 7 10 10 7 6 4 6 9 8 10 7 8 9 6
2 1 2 2 1 2 2 2 1 2 1 1 1 1 2 2
7 9 15 15 21 19 21 21 15 19 15 11 14 9 17 17
5 5 2 2 4 3 2 3 5 3 2 3 4 3 3 5
7 6 6 3 3 7 7 4 3 7 7 6 6 6 6 8
6 8 11 8 4 12 12 10 12 8 12 4 7 7 9 12
8 9 10 9 5 7 14 12 12 5 7 12 8 7 13 11
3 1 3 2 1 1 3 1 3 2 3 2 2 2 3 1
8 8 7 10 15 17 15 7 13 17 10 18 18 12 18 9
4 8 8 7 5 4 7 4 4 4 6 9 9 7 6 8
9 6 4 5 6 4 8 11 7 6 5 7 7 8 10 10
23 17 13 18 13 24 16 22 20 10 18 18 12 9 15 21
2 3 4 2 5 4 5 3 2 4 5 3 3 2 5 3
11 8 11 12 7 11 9 12 6 14 13 15 14 12 11 12
6 14 7 14 10 6 13 12 14 12 6 10 6 6 7 11
6 4 7 4 7 6 6 3 6 3 8 5 7 8 4 3
12 21 22 9 20 24 15 16 22 18 9 15 24 9 20 14
3 7 8 8 5 6 3 7 3 6 8 3 3 8 7 5
3 3 4 4 9 6 7 8 4 7 9 7 6 6 6 6
13 17 24 10 21 12 23 20 10 9 19 16 18 10 13 16
1 3 2 2 2 2 3 2 2 1 3 1 3 3 2 1
13 13 6 14 9 14 16 11 7 7 18 11 18 15 14 8
2 3 2 3 3 2 2 2 2 2 3 2 1 3 2 1
7 9 6 3 5 8 9 9 7 3 9 8 5 4 9 8
2 5 5 3 2 5 2 4 5 3 5 2 4 5 3 4
7 12 15 6 10 10 8 9 7 6 8 8 12 13 17 11
13 8 6 10 5 13 14 8 12 7 8 8 9 9 9 14
7 4 7 7 7 8 4 5 8 4 4 8 6 8 8 5
2 2 4 4 5 5 4 3 2 2 4 2 2 3 2 2
2 2 1 1 1 1 1 1 2 2 2 2 1 2 1 2
16 18 13 9 17 9 8 14 8 10 15 11 10 16 18 11
2 2 2 1 2 1 2 2 2 1 1 2 2 2 1 1
6 7 6 7 8 5 9 6 6 5 6 6 3 4 9 3
9 4 11 7 8 7 10 10 11 8 6 4 7 9 6 4
4 4 10 7 4 12 7 9 4 12 5 11 6 12 10 12
23 22 13 9 12 23 16 8 12 16 8 22 20 14 14 8
18 7 17 15 18 13 17 8 14 16 8 7 11 7 20 8
11 10 12 15 8 13 7 8 11 14 11 9 17 12 14 17
13 9 19 8 13 20 14 19 7 9 14 13 8 13 8 18
2 2 1 1 1 1 1 2 2 1 1 2 1 2 1 2
4 4 8 8 5 5 7 8 7 11 5 6 8 10 8 8
6 5 2 6 6 2 4 3 5 2 3 4 2 6 2 3
11 15 14 14 17 11 13 14 6 9 18 12 7 8 16 8
10 19 18 20 9 20 14 15 23 9 18 17 18 22 18 18
2 2 4 2 5 2 5 4 2 4 4 4 4 3 3 4
10 10 9 10 14 14 17 8 11 14 17 11 16 7 10 8
18 7 19 20 15 12 7 13 8 7 18 7 10 18 15 21
12 8 10 18 13 20 16 22 11 10 24 21 9 12 20 14
12 7 9 10 11 14 7 9 10 9 6 10 11 7 6 13
4 7 11 6 4 4 9 5 11 4 10 4 8 4 10 4
6 6 6 5 5 6 3 9 8 4 5 9 8 8 5 5
18 8 20 12 15 19 9 12 12 9 16 12 14 20 15 9
4 4 5 5 4 4 3 4 2 5 2 5 2 5 3 5
20 9 18 9 8 19 14 18 16 18 18 21 12 12 16 16
20 19 11 14 8 17 15 11 18 14 14 13 15 17 11 17
3 1 2 3 2 1 1 1 2 3 3 2 3 1 3 1
7 4 7 8 3 3 4 8 3 8 5 3 5 6 3 4
8 10 10 13 20 20 11 14 9 16 11 17 10 10 14 13
7 6 4 6 6 8 3 7 7 7 3 8 7 5 6 7
10 5 11 12 12 8 5 4 7 5 12 11 7 12 7 8
8 8 14 10 13 13 14 6 13 8 12 9 12 13 9 13
7 8 4 7 6 9 5 8 8 9 6 8 3 4 7 4
13 11 7 8 13 18 15 18 12 7 10 8 17 12 8 17
10 12 5 12 8 5 11 7 8 12 8 11 7 8 10 12
8 10 13 12 18 18 6 15 15 9 15 8 10 10 14 16
15 17 10 15 11 6 14 16 12 8 17 6 18 15 9 18
3 2 1 2 1 3 2 1 1 1 2 1 1 2 3 2
9 13 20 8 19 20 9 14 23 18 23 10 17 10 15 20
14 15 13 8 14 16 7 7 17 11 10 6 11 14 13 6
8 11 10 5 5 7 6 5 4 11 8 9 7 4 10 11
5 4 5 5 4 5 4 5 3 3 2 5 4 4 2 5
6 8 7 6 16 16 8 11 11 11 6 13 8 9 11 12
12 17 9 10 18 10 7 20 19 11 8 17 9 21 18 13
9 19 12 14 18 21 14 15 11 8 11 15 7 10 19 13
10 21 13 15 16 21 23 9 11 14 16 22 11 16 24 19
12 8 17 13 18 15 13 19 20 20 12 8 13 15 16 9
8 12 14 5 14 8 12 10 12 13 6 7 7 11 5 13
2 1 1 1 1 1 1 2 1 2 2 2 2 2 2 1
11 6 10 6 11 7 13 10 9 7 8 7 14 10 11 14
2 1 1 2 1 2 1 1 3 2 3 2 3 1 1 3
11 9 11 6 5 5 11 5 5 9 6 4 5 5 9 9
14 8 6 14 6 11 14 11 12 14 15 7 13 14 12 14
11 14 18 9 8 11 18 10 9 20 20 15 22 19 12 14
1 1 2 1 1 1 2 1 2 1 1 1 1 2 2 1
2 3 2 5 3 2 2 4 5 6 5 2 2 4 4 6
13 9 7 5 9 7 6 7 5 5 13 9 5 12 6 14
2 3 2 1 3 1 3 2 1 2 1 1 3 1 3 2
11 12 16 7 12 9 8 7 17 16 17 8 6 14 12 9
9 10 17 11 9 23 9 20 8 24 21 19 22 12 21 23
4 3 5 3 4 4 4 5 4 5 5 3 5 3 5 5
13 14 9 9 13 10 14 7 17 9 20 18 7 19 8 10
2 2 5 2 4 5 2 4 5 2 5 5 4 5 3 3
5 4 3 2 2 5 6 4 2 5 2 3 4 4 5 5
17 9 8 15 12 16 24 21 23 15 10 20 9 8 8 17
1 2 1 1 1 1 2 1 2 1 2 2 2 2 1 1
4 5 6 9 4 6 6 5 5 8 9 8 3 8 3 4
2 5 2 4 5 5 2 2 5 3 5 3 4 2 4 5
1 2 2 2 2 1 1 1 1 1 1 1 1 2 1 1
2 3 3 5 2 4 2 3 4 4 2 3 5 4 2 5
5 10 11 6 4 4 6 7 7 7 8 7 9 5 6 9
2 1 2 1 2 2 1 2 2 2 1 1 1 2 1 1
12 9 7 12 10 8 5 10 9 8 5 7 10 11 10 10
14 8 11 9 15 11 11 5 10 9 9 11 13 6 7 13
4 6 9 10 4 5 8 5 8 11 9 6 7 9 7 8
5 8 6 14 11 7 7 13 8 8 5 12 7 10 8 11
9 12 17 9 13 17 13 8 10 13 12 8 16 22 19 12
22 20 18 16 9 9 17 16 21 14 18 9 8 17 10 23
3 4 3 3 2 5 4 5 3 2 5 2 4 2 2 2
14 14 16 10 12 12 15 12 14 17 10 17 15 12 16 16
8 6 7 6 7 8 11 7 7 7 11 10 5 10 5 10
8 10 12 10 10 12 11 11 4 4 5 8 6 10 6 10
2 3 2 3 3 1 3 1 3 3 2 1 3 2 2 1
22 13 18 16 15 22 22 13 15 13 14 20 23 8 15 20
13 14 9 11 9 10 6 12 11 10 14 12 5 10 12 6
13 12 9 15 9 16 16 12 6 10 16 18 6 8 18 7
10 8 9 8 9 7 13 12 12 12 13 7 5 12 12 14
14 8 23 8 13 9 8 8 14 11 24 10 10 23 21 15
3 4 2 5 2 5 5 5 5 5 4 2 2 5 4 4
5 6 7 9 8 5 8 4 10 8 11 6 5 4 5 9
1 1 1 2 1 1 1 1 1 2 2 1 2 1 1 1
19 10 13 16 19 10 10 11 7 16 10 21 13 10 15 21
3 2 3 2 4 3 3 5 5 3 3 5 4 3 2 4
7 11 14 12 17 9 12 8 8 11 16 13 13 8 15 17
10 12 7 15 10 10 6 14 14 10 9 10 6 13 5 15
11 5 8 6 11 6 9 12 9 9 5 7 4 7 9 12
18 21 16 19 14 22 8 18 10 15 18 22 23 15 8 20
24 11 10 18 16 19 15 9 16 12 8 22 15 23 10 13
7 7 8 3 5 7 7 4 4 7 6 5 6 5 7 3
1 1 2 3 1 1 3 2 1 1 3 1 2 3 2 2
7 3 7 3 6 7 8 8 5 4 6 6 8 5 4 8
6 5 3 5 5 4 3 5 6 3 3 4 3 5 5 5
13 9 7 11 11 15 17 15 8 9 11 9 11 8 11 15
1 2 1 2 1 2 1 2 1 1 1 1 2 2 2 2
6 3 8 6 7 6 6 8 5 4 9 5 9 6 4 3
15 15 16 16 16 13 12 16 14 10 9 16 17 7 10 16
1 2 2 1 2 2 2 1 1 1 2 1 1 2 1 2
2 2 2 3 2 1 2 2 2 1 1 2 2 1 2 1
5 10 7 5 9 6 7 12 7 12 6 7 11 8 12 6
13 17 8 15 22 16 18 23 10 11 17 15 20 22 13 8
2 4 5 4 5 4 2 3 3 2 2 2 4 2 4 5
2 1 2 3 3 2 2 3 2 2 2 1 2 3 3 1
18 16 20 13 15 12 19 10 20 11 19 10 19 13 11 10
8 14 11 14 14 5 11 12 7 9 7 12 13 8 11 7
5 11 9 4 4 4 10 4 4 5 4 5 9 9 9 6
4 9 6 8 12 7 8 10 8 7 9 4 6 10 10 9
10 16 11 7 8 18 16 6 6 18 11 16 10 13 9 13
9 9 11 5 5 7 12 12 6 5 8 9 9 5 6 8
21 14 11 10 12 23 14 16 20 13 13 16 11 9 19 13
2 1 2 2 2 1 2 2 1 3 2 3 3 2 3 2
4 5 4 4 3 3 8 5 5 5 9 6 5 8 3 8
2 3 2 2 4 2 2 4 4 3 4 5 2 5 5 4
23 8 11 16 23 16 20 15 10 8 18 8 23 14 13 9
6 5 9 9 3 5 4 9 5 8 5 9 3 7 5 3
4 4 11 9 5 8 8 9 10 6 8 7 7 10 6 7
20 16 8 9 9 17 8 16 17 9 17 12 13 19 14 19
1 2 1 2 1 2 1 2 2 2 2 1 2 2 2 1
2 2 1 1 2 2 2 1 1 1 2 1 2 2 1 2
6 3 5 4 2 5 4 2 2 3 2 2 6 4 6 5
15 19 7 12 8 15 13 21 8 8 20 9 19 16 21 13
10 12 9 14 11 10 7 10 6 6 8 10 8 5 11 9
9 5 7 6 5 4 8 3 7 7 4 7 5 7 7 8
4 4 2 4 3 5 3 5 4 6 2 2 4 3 2 2
21 15 16 14 17 15 18 23 20 14 8 24 11 12 17 15
3 4 2 3 3 4 4 2 3 3 4 4 4 2 3 4
8 6 5 11 11 12 15 9 11 6 13 10 15 7 15 10
17 8 11 11 13 18 13 15 16 10 17 6 18 18 8 12
2 1 2 2 1 2 1 2 2 2 2 1 1 1 2 1
12 11 12 11 7 12 12 13 6 7 14 12 11 8 12 9
6 3 7 5 3 5 7 3 6 7 5 5 7 6 5 3
3 3 5 3 4 2 4 5 5 3 5 4 3 5 2 4
9 11 9 5 5 5 6 8 11 7 9 7 10 4 8 7
3 4 5 3 3 5 7 8 9 5 6 9 5 9 9 8
6 3 5 7 7 6 8 3 6 6 9 8 9 5 7 5
5 3 5 3 4 2 5 5 4 5 4 2 4 2 5 3
16 18 17 13 11 13 9 18 9 14 6 7 16 11 14 15
2 1 2 1 1 2 2 1 1 1 2 2 1 2 1 1
8 7 7 9 9 8 11 13 14 14 8 17 7 8 14 7
8 19 16 12 13 9 15 17 17 11 13 19 8 10 9 9
13 14 14 13 10 5 5 11 13 9 11 7 5 10 12 12
4 7 3 8 6 6 7 5 3 7 4 5 7 3 3 8
10 17 19 19 11 18 19 10 18 20 7 13 12 18 16 10
1 1 1 1 1 1 2 2 1 2 1 2 2 1 1 1
11 7 12 10 11 16 9 6 6 14 11 12 9 6 13 7
9 7 9 14 9 5 7 5 8 9 7 6 10 6 10 11
2 5 2 3 5 2 3 3 4 2 2 4 2 3 3 4
9 5 10 10 10 13 8 8 11 14 9 10 5 7 9 7
2 2 1 2 1 2 1 1 2 2 2 1 2 1 2 1
6 5 9 7 8 4 5 4 8 4 3 9 7 8 5 4
1 1 2 1 2 1 1 2 1 2 2 1 1 2 1 2
16 10 15 23 17 17 9 18 14 20 10 12 12 14 9 10
14 16 14 15 12 20 16 24 14 16 22 20 19 17 11 24
17 10 9 13 22 19 23 17 12 22 15 18 11 21 12 20
13 13 22 8 19 19 21 24 21 12 21 19 21 15 23 9
19 8 9 9 10 23 13 12 17 22 8 21 16 9 16 14
8 9 6 8 5 7 11 5 9 8 6 6 11 4 9 12
17 6 17 7 7 12 6 7 9 17 10 15 11 16 6 12
2 1 3 3 2 2 1 2 3 3 1 2 2 3 3 3
19 16 20 14 9 10 11 16 11 11 13 13 14 12 7 8
10 14 9 12 5 14 6 15 9 6 7 6 9 5 12 10
10 20 18 20 10 20 7 21 18 17 10 15 11 13 19 20
14 12 9 15 9 7 6 14 6 9 5 12 12 12 14 5
6 11 10 6 4 7 7 5 11 9 5 4 5 11 5 11
11 22 11 14 16 22 15 20 9 8 21 15 8 8 18 20
13 11 11 13 14 18 18 10 15 18 17 13 14 9 10 16
13 14 11 10 5 12 8 5 10 7 13 9 8 12 7 9
9 6 9 12 13 7 8 16 6 16 7 6 17 9 7 12
11 4 7 8 9 10 10 5 9 11 9 10 10 4 5 5
21 10 18 19 8 14 11 23 13 15 10 17 16 22 16 12
3 1 2 2 1 2 1 2 2 3 1 2 1 2 2 3
18 19 23 9 9 12 13 22 12 21 20 18 15 15 16 16
10 6 12 9 11 11 9 5 8 6 7 10 7 12 12 14
15 12 17 11 7 19 20 19 11 12 20 10 16 18 7 9
13 13 9 11 8 10 12 9 8 10 10 6 13 11 7 11
7 9 4 7 11 11 8 7 7 9 7 10 5 5 6 8
3 3 3 4 4 2 4 5 4 2 2 4 4 3 4 2
5 8 6 4 4 3 7 4 7 5 8 7 3 8 8 5
11 7 5 12 6 6 11 14 7 7 8 8 6 13 6 7
6 6 5 6 10 7 12 7 12 4 11 4 10 4 9 12
11 7 11 5 12 4 4 12 5 10 12 8 5 10 8 7
14 7 12 11 7 7 15 17 12 11 15 17 7 18 17 6
11 8 10 12 7 7 10 5 10 9 12 6 9 5 10 10
14 22 11 23 12 15 10 8 12 22 21 17 16 12 16 18
9 11 4 12 12 5 6 11 5 4 11 11 9 11 7 8
4 3 2 4 5 2 5 4 3 5 2 2 3 4 5 3
4 3 8 5 6 4 6 6 3 5 3 7 6 8 7 6
7 9 9 8 10 4 8 6 4 10 10 12 4 10 6 9
6 5 7 10 8 6 7 11 4 10 4 11 11 10 9 11
10 9 14 7 14 12 5 10 13 13 13 11 7 9 6 13
8 15 15 15 10 17 14 7 17 13 11 12 8 16 10 9
12 8 10 9 10 12 8 5 5 6 8 12 10 11 8 8
5 3 2 2 4 4 2 2 5 2 2 2 3 5 5 2
7 8 7 6 13 6 7 15 6 10 13 14 6 12 5 12
14 11 12 9 5 10 14 8 9 8 5 13 13 14 6 10
13 11 15 10 7 15 16 14 6 8 14 10 17 13 16 7
1 2 1 2 1 2 1 2 1 2 1 1 2 1 2 1
10 5 6 11 11 12 14 7 10 11 15 8 11 8 15 8
11 13 24 19 20 20 17 20 8 10 11 20 19 21 8 18
9 19 17 10 10 20 12 20 23 18 18 10 11 8 21 17
3 3 2 2 1 2 1 2 1 3 3 1 1 3 3 1
8 14 19 11 10 14 12 20 16 12 12 10 20 16 13 16
6 6 3 6 3 4 4 3 4 2 4 6 3 2 3 4
11 11 6 11 10 6 4 4 12 6 4 10 6 12 7 10
5 6 5 6 7 5 7 15 14 13 7 15 14 10 9 10
6 10 9 7 5 12 4 4 6 4 8 8 9 10 4 10
6 5 13 13 15 8 13 14 10 13 9 7 5 9 7 14
5 3 5 5 3 4 3 6 4 5 4 2 6 5 6 5
16 17 13 15 9 14 12 14 17 16 17 8 8 11 15 15
17 20 12 9 7 7 16 21 17 14 11 7 8 10 11 8
10 17 21 21 9 21 11 11 9 20 11 20 10 9 17 17
4 5 5 3 3 4 2 5 5 5 3 3 5 2 4 4
9 5 14 7 10 14 5 7 10 12 11 9 10 12 7 13
4 5 3 2 4 5 2 5 4 3 2 5 3 5 4 2
10 24 21 14 21 23 14 18 19 19 17 14 20 24 21 21
4 9 6 7 7 6 8 10 7 8 6 11 4 8 11 11
13 15 7 6 11 16 14 11 15 12 13 11 7 17 10 10
3 3 4 3 2 3 4 3 2 4 2 5 4 3 4 5
22 17 22 22 23 13 10 9 11 14 20 13 14 13 18 9
22 11 23 12 16 12 11 19 23 8 12 20 23 14 13 12
2 1 2 2 2 2 2 2 2 1 1 2 2 1 2 1
1 2 1 2 1 2 2 1 2 1 1 2 1 2 1 1
13 7 7 13 16 7 15 11 16 17 13 14 9 18 14 9
11 15 20 18 21 14 7 8 19 20 7 13 10 12 17 12
16 13 15 8 10 15 12 17 18 9 13 15 12 13 11 10
8 12 5 6 15 14 5 13 7 14 15 12 11 15 14 12
4 3 2 2 3 4 4 5 2 4 4 4 2 2 5 4
10 5 6 9 9 7 10 10 6 9 6 7 4 6 6 10
3 2 2 3 1 2 3 1 1 1 2 3 3 2 2 2
9 17 8 6 13 17 15 15 8 6 8 14 15 7 12 16
12 12 6 5 12 6 6 5 5 11 5 9 9 12 11 7
5 4 2 3 3 5 5 4 2 3 3 2 3 4 5 3
3 3 1 2 1 3 2 1 3 2 2 3 1 3 3 1
13 7 5 13 7 12 5 9 8 13 9 12 9 12 5 11
2 6 4 2 3 3 2 6 4 5 6 5 2 4 4 4
12 9 9 11 8 6 14 10 13 7 8 8 7 9 14 7
6 7 7 8 5 9 6 3 8 3 4 6 3 3 6 4
1 1 1 1 2 1 1 1 1 2 2 2 1 2 2 1
11 10 12 14 14 5 10 7 8 13 5 14 12 8 9 6
7 7 7 5 4 5 7 5 6 8 8 4 8 7 8 6
15 11 8 13 17 16 15 16 18 16 16 17 6 15 11 13
5 8 8 4 8 11 10 5 7 5 9 8 8 9 6 8
14 14 12 10 11 5 8 14 12 6 9 13 14 5 10 14
10 19 18 9 16 16 20 11 8 13 15 12 12 15 17 13
15 15 7 8 5 14 8 8 7 9 7 5 11 11 10 6
5 7 4 5 5 4 5 3 7 5 6 4 5 6 8 8
2 2 2 2 2 1 2 1 1 1 1 2 2 2 2 1
19 8 18 7 8 9 15 11 14 16 12 7 11 19 15 11
6 13 10 14 15 6 11 11 8 10 7 14 10 18 13 8
14 14 5 5 7 11 6 8 14 9 7 13 15 15 5 10
17 17 8 20 12 11 12 13 12 7 10 12 8 7 7 8
5 7 5 3 5 3 4 6 6 4 7 4 8 7 6 5
2 4 3 3 3 2 5 4 2 2 2 3 5 5 2 2
10 7 14 6 10 9 16 16 16 13 12 8 11 17 6 12
2 2 1 1 1 3 3 2 3 2 3 2 2 1 2 2
6 9 10 12 6 11 4 12 7 7 4 4 10 7 6 7
1 1 2 1 2 2 1 1 1 2 1 2 2 3 3 2
13 14 23 9 16 13 22 16 20 10 9 21 12 16 8 19
16 12 11 18 11 7 11 14 11 19 15 16 16 13 11 15
7 5 3 7 3 8 3 4 7 8 5 7 6 8 7 8
10 13 7 11 15 15 17 16 8 16 15 15 6 10 8 10
9 3 8 7 3 4 5 6 9 3 5 6 5 4 8 3
5 2 5 5 4 5 2 3 3 4 4 2 2 3 3 5
4 4 3 8 8 8 5 8 8 7 7 9 8 3 8 4
10 7 5 4 7 4 12 6 6 9 5 4 5 6 4 4
4 8 3 7 3 6 6 3 4 7 3 3 5 7 6 6
17 15 13 12 9 24 13 18 9 19 22 12 9 24 20 16
9 9 6 13 10 8 12 7 6 5 13 8 5 11 11 5
11 7 14 14 5 5 7 14 9 9 11 9 10 9 10 11
12 18 7 16 7 14 12 13 10 11 12 14 18 15 8 8
16 18 13 11 20 18 11 17 14 12 19 13 19 24 21 13
18 9 21 19 7 9 16 21 17 8 20 9 16 19 19 15
4 5 9 9 9 6 8 4 9 6 5 4 7 5 5 9
8 4 4 6 5 7 8 7 7 5 4 8 5 5 3 5
6 6 6 8 9 9 5 9 6 8 7 6 9 7 6 7
4 3 2 4 5 6 4 6 2 4 3 5 3 6 3 2
3 3 2 2 1 1 2 3 3 3 2 1 3 2 2 3
5 2 2 5 5 3 4 2 5 5 2 5 3 4 5 2
13 14 12 9 8 16 6 16 8 17 17 14 13 12 7 13
20 11 9 9 11 7 7 8 18 10 9 17 17 12 18 20
8 13 6 11 12 10 6 7 7 10 11 5 14 14 13 11
5 7 9 8 6 8 5 9 5 6 7 3 3 6 5 8
7 14 9 13 8 6 7 6 7 15 7 18 13 11 9 7
3 4 5 8 4 5 7 4 4 5 8 3 8 5 6 8
2 3 3 2 2 6 4 5 3 4 3 5 2 3 4 2
3 6 5 2 4 3 2 6 6 2 6 4 5 5 3 2
5 8 9 10 4 5 8 11 5 7 9 7 11 10 7 5
11 6 11 7 8 10 5 7 8 14 6 13 11 5 9 13
