7 8 8 8 8 8 8 7 8 8 7 8 8 7 8 8
18 19 19 19 19 19 19 18 19 19 19 19 19 19 18 18
2 2 3 2 3 3 2 2 3 2 2 3 3 3 2 3
3 3 2 3 2 3 2 3 2 2 3 3 3 3 2 2
8 7 7 8 8 7 7 7 8 8 7 7 7 8 8 8
3 4 4 3 3 3 4 4 4 4 3 3 3 3 3 4
5 5 5 6 6 5 6 5 5 6 6 6 6 5 5 5
15 15 16 16 15 16 16 16 16 15 16 16 15 16 15 16
14 14 15 15 15 14 14 14 14 15 15 14 14 15 14 15
5 5 4 5 4 5 4 5 4 4 4 5 4 5 5 5
14 15 15 14 14 15 15 14 14 14 14 15 14 14 15 14
8 8 8 8 8 9 9 9 9 9 8 8 8 9 8 9
9 9 9 9 9 10 10 10 9 10 9 9 9 9 9 10
7 6 6 6 7 7 6 6 6 6 7 7 6 6 7 7
14 13 13 14 14 13 13 13 13 14 13 13 13 13 14 14
3 2 3 3 2 2 3 2 3 3 3 3 3 2 3 3
1 1 1 2 1 2 2 1 2 1 2 2 1 1 2 1
19 18 19 19 18 18 18 19 18 19 19 18 19 19 18 19
18 17 18 17 18 17 18 17 18 17 18 17 17 18 17 17
8 9 9 8 8 8 8 8 8 9 8 8 9 8 8 9
8 9 9 8 9 9 9 8 8 9 9 9 9 8 8 9
7 8 8 7 7 8 8 8 7 8 8 7 8 8 8 8
17 18 18 17 18 18 17 18 18 17 18 18 18 18 17 18
14 14 13 13 13 14 14 14 14 13 13 13 14 14 14 14
9 10 10 10 10 9 9 9 10 10 10 10 10 10 10 10
18 17 17 17 18 18 17 18 17 18 18 18 18 17 18 17
15 14 14 14 14 14 14 15 14 14 14 14 15 14 15 14
12 11 11 12 11 12 11 11 12 11 12 11 12 12 12 12
18 18 18 18 18 17 18 17 17 17 18 18 17 18 17 18
8 7 7 7 8 8 8 7 7 8 7 7 7 7 8 7
1 2 2 2 1 2 1 1 2 2 1 1 2 2 1 1
2 2 2 2 1 1 2 1 2 1 2 1 2 1 2 1
6 6 6 6 7 6 6 7 6 6 6 7 6 7 6 7
3 2 3 3 2 2 3 2 3 2 2 2 2 3 3 2
14 13 14 14 13 14 14 14 14 14 13 13 13 13 13 14
1 1 2 2 1 2 1 1 1 2 1 2 1 1 1 1
2 2 1 1 1 1 2 1 1 1 2 1 1 1 2 2
18 19 18 18 18 18 18 19 19 19 18 19 19 19 19 18
16 16 15 16 16 15 15 15 16 16 15 16 15 16 15 16
9 9 9 9 8 9 8 9 8 9 8 8 8 8 8 8
17 18 17 17 18 18 18 17 18 17 17 17 17 17 18 17
13 13 14 13 13 13 13 13 14 14 13 13 14 13 13 13
2 1 1 1 1 2 1 2 2 2 1 1 1 1 1 2
17 16 16 17 17 16 17 17 17 17 17 17 16 16 16 16
2 3 2 3 3 3 3 2 2 2 3 3 3 3 2 3
9 9 9 9 10 9 9 10 9 9 9 10 9 9 9 9
13 13 13 14 14 13 13 14 13 13 13 13 14 14 14 14
5 4 4 5 4 5 4 5 4 4 4 5 4 4 4 4
2 2 2 2 2 3 2 3 2 3 3 3 3 2 2 3
6 7 7 7 6 7 6 6 7 7 7 6 7 7 6 7
12 11 12 12 11 11 11 11 12 11 12 12 11 11 11 12
8 9 8 8 8 8 8 9 9 9 9 8 8 8 8 9
7 7 8 7 7 8 7 7 8 8 8 7 8 7 7 7
3 3 3 4 3 3 4 4 4 3 4 3 3 4 3 3
10 9 9 10 9 10 10 9 10 9 10 9 9 10 10 9
10 10 9 10 10 10 10 10 10 10 9 10 10 10 9 10
8 9 8 8 8 9 9 8 9 9 9 8 9 8 8 8
3 3 2 3 3 2 2 3 3 2 2 3 2 2 3 3
5 4 4 5 4 4 4 4 5 5 5 5 4 4 4 5
11 11 12 11 11 11 12 11 12 12 12 12 12 11 12 12
16 15 16 15 16 16 15 15 16 15 16 15 16 15 16 16
6 6 6 5 5 5 6 5 5 6 6 6 6 5 6 6
13 13 14 14 14 14 13 13 14 14 14 13 13 14 14 13
15 14 14 14 15 15 15 14 14 15 14 15 15 14 15 14
2 2 1 1 2 2 1 1 2 2 2 1 2 1 2 1
6 6 7 7 6 6 7 7 6 6 7 6 6 6 6 7
11 11 12 12 12 12 11 11 11 12 11 11 11 11 12 11
9 9 10 9 10 10 9 9 9 9 9 10 9 9 10 10
2 2 2 3 2 2 2 2 3 2 3 3 2 3 2 2
17 17 16 16 17 16 16 16 17 17 16 16 17 17 16 16
9 10 9 10 10 9 10 9 10 9 9 10 10 9 10 9
14 14 13 13 14 14 13 14 14 13 13 13 13 13 13 13
7 8 7 7 8 8 8 8 7 8 8 7 8 7 7 7
14 14 15 15 14 14 15 14 15 14 14 14 14 14 14 15
14 15 14 15 14 15 14 14 14 14 14 15 14 14 14 14
15 14 15 15 14 14 15 14 14 15 15 14 15 14 15 15
15 14 14 15 14 15 15 14 15 14 14 14 15 15 14 14
18 17 17 17 18 17 17 18 17 18 18 17 17 17 18 18
8 7 8 8 8 7 8 8 7 8 8 7 8 7 7 7
12 12 12 13 13 12 12 12 12 12 13 13 12 12 13 12
7 7 7 6 7 7 7 6 6 7 6 6 7 7 7 7
17 18 17 17 17 17 18 17 17 18 17 17 18 18 17 18
16 16 17 17 16 17 17 16 17 17 16 16 16 16 16 17
2 2 2 2 2 3 2 3 2 3 3 3 3 3 3 3
8 8 9 9 9 8 9 9 8 9 9 8 8 9 9 8
1 2 2 1 1 1 2 2 2 1 1 2 1 1 1 1
18 18 19 19 19 18 19 18 19 19 18 18 18 19 19 19
17 17 17 18 17 17 18 18 18 18 17 17 18 17 17 18
7 6 7 6 6 6 7 6 7 7 6 7 7 7 6 6
5 6 6 5 6 6 6 6 5 5 5 6 6 5 6 5
8 9 8 8 9 8 8 9 8 8 9 8 9 8 9 9
9 10 9 10 9 10 10 9 9 10 10 9 10 9 10 9
14 14 14 15 14 14 14 14 15 15 14 15 15 14 15 14
13 12 13 12 13 12 12 12 13 13 12 13 13 13 13 13
9 8 8 8 9 8 9 9 9 8 8 9 9 8 8 8
7 6 7 6 6 7 7 7 6 7 7 6 7 7 6 6
2 1 1 2 1 2 1 1 1 2 2 2 1 2 1 1
5 4 5 4 5 4 4 5 5 5 5 4 5 5 5 5
9 9 8 8 9 8 8 9 8 9 8 9 8 8 9 9
8 8 8 9 8 9 9 9 9 8 8 9 8 9 9 8
10 10 10 11 10 10 10 11 11 11 11 11 10 11 11 11
3 3 3 3 2 2 2 2 3 3 3 2 2 2 2 2
15 16 15 16 16 16 15 15 16 15 16 15 15 16 15 16
16 17 17 16 16 16 16 17 17 16 16 16 16 16 16 17
2 3 3 3 2 2 3 3 3 2 3 3 2 3 2 2
2 2 2 1 2 2 1 1 1 1 1 1 1 1 1 1
7 8 7 8 7 7 7 7 8 8 8 8 7 7 7 8
18 19 19 19 18 19 19 18 19 18 19 18 18 19 19 18
5 5 5 5 5 5 5 5 4 5 4 5 5 4 5 5
9 10 10 10 10 10 10 10 9 9 9 9 10 10 9 10
6 5 6 6 6 5 5 6 6 6 5 6 6 5 6 6
13 12 13 12 12 12 12 13 13 13 12 13 12 12 12 12
5 5 6 5 5 5 6 6 6 6 6 6 6 5 5 6
14 15 14 15 14 14 14 14 15 15 14 14 14 14 15 15
2 1 1 2 1 2 2 2 1 1 2 1 2 2 2 2
11 12 12 11 12 12 11 12 12 12 12 12 11 12 12 12
18 19 19 19 18 18 18 18 19 18 18 19 19 19 19 19
14 13 14 13 14 13 13 13 13 13 14 13 14 14 14 14
6 5 6 6 6 5 6 5 6 5 5 5 5 6 6 6
2 2 2 2 2 2 1 2 1 1 2 2 1 1 1 2
18 18 18 19 18 19 19 19 19 18 18 19 19 19 18 18
16 15 15 16 16 15 16 16 15 16 15 15 16 16 16 15
16 15 16 15 16 16 16 15 15 16 16 15 16 16 16 15
9 9 9 10 9 9 10 9 10 9 9 10 10 9 9 9
3 4 3 4 4 4 4 4 4 3 3 3 4 3 4 4
18 18 17 17 17 18 18 17 18 17 18 18 18 18 18 18
11 11 12 12 11 12 11 11 11 11 11 12 12 12 12 12
18 18 18 17 17 17 18 18 17 17 17 17 17 18 18 18
16 16 16 16 17 17 16 17 17 17 16 16 17 17 16 16
9 9 9 9 8 9 9 8 9 9 9 9 8 9 8 9
8 8 7 7 8 7 8 8 8 8 8 8 8 7 7 7
7 8 8 7 8 7 7 7 7 7 8 7 8 7 7 8
6 6 6 6 6 7 6 6 6 6 6 7 7 7 6 6
14 14 15 15 15 15 15 14 14 15 14 15 15 14 14 14
8 9 8 8 8 9 8 8 9 8 8 8 9 8 8 8
15 15 15 14 15 15 14 14 14 15 15 15 15 14 14 14
11 11 12 12 12 12 12 12 12 11 11 11 12 11 12 12
6 6 7 7 6 7 7 6 7 7 7 6 6 7 7 7
16 15 16 15 16 15 15 16 15 16 16 16 15 15 15 16
4 4 4 3 3 3 3 4 4 3 4 4 3 3 3 3
10 10 10 9 9 9 9 9 10 10 9 10 9 9 10 10
12 13 13 12 13 12 13 13 12 13 12 13 12 12 12 13
10 10 10 10 10 9 10 10 10 10 9 9 10 9 9 9
16 16 15 15 16 15 16 15 16 15 16 16 16 15 16 15
13 12 13 13 12 12 13 12 13 13 12 12 12 12 12 13
13 13 13 13 13 13 13 13 13 13 13 13 12 13 12 12
11 11 12 12 11 11 11 12 11 11 12 12 11 11 12 11
19 18 18 18 19 19 19 19 18 19 19 19 19 18 18 18
5 6 5 6 5 6 6 6 5 6 6 5 6 6 6 5
14 14 14 14 15 15 14 15 15 15 14 14 15 14 15 14
8 8 8 9 8 9 9 8 8 9 8 9 9 9 9 8
7 6 7 7 7 6 6 6 7 7 7 7 7 6 7 7
3 4 3 4 4 3 3 4 4 4 4 4 4 4 4 4
16 16 16 17 17 17 17 17 17 16 17 16 16 16 17 16
14 14 14 14 14 14 13 13 14 13 13 13 13 14 14 13
10 10 10 9 9 9 10 10 10 10 9 10 9 10 9 10
17 16 17 16 16 17 16 17 17 17 16 16 17 16 17 17
15 16 15 15 15 15 16 15 16 16 15 16 15 15 15 16
16 16 17 17 16 17 16 16 16 17 17 16 16 16 17 17
17 17 18 18 18 17 18 18 17 18 18 18 17 18 18 17
3 3 3 2 2 2 3 3 3 3 2 3 2 2 3 2
15 15 14 15 15 15 15 15 14 14 14 15 14 15 15 15
9 9 10 10 9 9 10 9 10 10 10 9 9 10 10 10
3 2 3 2 3 3 2 2 3 2 2 3 2 2 2 3
3 2 2 3 2 3 2 3 3 3 3 2 2 3 3 3
4 4 4 3 3 3 4 3 3 4 4 3 3 3 4 4
6 6 6 7 7 7 6 7 6 6 7 7 7 7 6 6
7 7 8 8 8 8 7 8 8 7 8 7 7 7 7 7
5 4 5 5 5 5 4 5 4 5 4 5 4 4 4 4
2 3 3 3 2 3 3 2 2 3 2 3 2 3 2 3
19 19 18 18 19 19 19 19 18 19 18 18 18 19 18 19
4 4 3 3 3 4 4 4 3 3 3 3 4 4 4 4
2 3 3 2 2 3 3 2 3 3 2 2 2 3 2 2
7 7 7 6 7 6 7 6 7 6 6 6 6 6 6 7
17 17 16 17 16 17 17 17 17 16 17 17 16 16 17 16
2 1 1 1 1 2 1 2 2 1 1 2 1 1 1 2
4 4 3 3 3 4 4 3 3 4 4 3 3 3 4 4
5 4 5 5 4 4 5 4 4 5 4 5 4 4 4 4
7 7 7 6 6 7 6 7 6 6 6 7 6 6 6 7
16 16 16 17 17 17 16 16 16 16 17 17 16 17 16 16
4 4 4 4 3 3 4 3 4 4 3 4 4 3 4 4
12 12 12 12 11 11 12 12 11 11 11 12 11 11 11 11
14 15 15 14 14 14 14 15 15 14 14 15 15 15 15 14
8 8 9 9 9 9 8 8 9 9 9 9 8 8 8 9
11 12 11 11 11 12 11 11 12 12 11 11 12 12 11 11
13 14 14 14 13 14 14 13 14 14 14 14 13 13 13 14
11 10 11 10 10 11 10 10 10 11 11 10 10 10 11 10
10 10 10 9 10 9 10 9 9 9 10 9 9 10 10 10
17 17 16 16 16 17 17 16 16 17 16 17 16 17 16 17
18 19 19 18 18 19 19 18 18 18 19 19 18 18 18 18
6 6 6 6 5 6 5 6 6 6 5 6 6 5 5 6
5 5 6 5 5 5 5 6 5 5 6 6 6 5 6 5
10 10 9 9 9 10 10 10 9 10 10 10 9 9 9 10
17 16 17 16 16 17 16 16 16 17 16 17 16 16 16 17
17 17 16 17 16 16 16 17 17 16 17 16 16 16 17 17
9 10 9 10 10 10 9 10 10 9 9 9 9 10 9 10
17 17 17 18 17 17 18 18 17 18 17 18 18 18 18 18
11 12 11 11 11 12 11 12 12 11 12 11 12 11 11 11
19 19 18 19 19 18 19 19 19 19 19 18 18 18 18 18
11 10 10 10 10 11 10 11 11 10 10 11 11 11 10 11
8 9 9 9 9 8 8 8 9 8 9 9 9 8 9 8
7 6 6 7 6 7 6 7 6 6 7 7 6 7 7 6
16 16 15 16 15 16 16 15 15 15 16 15 15 15 15 16
7 6 7 6 7 7 7 7 7 7 6 6 7 7 6 6
8 8 8 8 8 7 7 7 7 7 8 8 7 7 8 8
8 8 7 7 7 7 8 8 8 8 7 7 8 8 7 8
9 9 9 10 9 10 10 9 9 9 10 10 9 9 9 9
5 5 5 5 4 5 5 5 4 4 5 4 4 5 4 4
8 9 8 8 8 9 8 9 8 9 9 9 9 8 9 8
8 8 8 7 8 8 7 8 8 7 7 7 7 8 7 7
4 3 4 3 3 4 4 4 3 4 4 4 3 4 4 4
8 8 8 9 9 9 8 8 9 9 9 8 9 8 8 8
2 2 3 3 3 2 3 3 3 3 3 3 3 2 3 3
19 19 18 19 19 18 18 18 19 19 18 19 19 18 19 18
5 5 5 4 4 5 5 4 5 5 4 5 4 4 4 4
5 6 6 6 5 5 6 5 6 6 6 5 5 6 6 5
12 12 13 12 13 13 12 13 12 12 12 12 12 12 13 13
12 12 12 13 12 12 13 13 13 13 13 13 13 13 13 13
5 5 5 5 6 6 5 6 5 5 6 5 6 6 5 5
13 13 13 13 14 14 13 13 14 13 14 14 13 14 14 14
7 8 8 8 8 7 7 8 8 7 8 7 7 8 7 8
4 3 3 3 4 4 3 3 3 3 3 4 3 4 4 3
1 2 2 1 2 1 1 2 2 1 1 2 2 2 2 1
15 15 15 14 14 15 14 15 15 14 14 14 15 14 15 15
13 12 12 12 13 12 12 12 12 12 13 13 12 12 13 12
3 3 3 3 4 3 4 3 3 4 4 4 4 3 4 4
9 9 9 8 9 8 9 8 8 9 9 8 9 8 9 9
17 18 18 17 18 18 17 17 18 17 17 17 17 18 17 17
15 15 15 16 16 16 16 15 16 15 16 15 16 15 15 15
7 7 7 6 7 7 7 6 6 6 6 7 6 6 6 7
5 5 5 5 4 4 5 5 5 5 4 5 5 5 4 5
15 16 16 15 16 15 15 16 15 15 16 16 15 16 15 15
8 9 8 8 9 9 9 8 9 8 9 8 8 9 8 9
18 18 18 18 18 17 18 18 18 17 17 18 18 18 17 17
10 10 10 9 10 10 10 10 9 10 10 10 9 9 10 9
19 19 18 19 19 18 18 18 18 18 19 18 18 19 19 18
16 16 15 16 16 16 16 15 15 15 15 15 16 15 16 15
8 7 8 8 7 8 8 8 7 8 7 7 7 8 7 8
17 18 18 18 18 17 17 18 17 18 17 18 18 17 17 17
14 15 15 14 15 15 15 15 14 14 15 15 14 15 14 15
6 6 7 6 6 6 6 7 6 6 7 6 6 7 6 7
1 2 1 1 1 2 1 2 2 2 2 2 2 2 1 1
15 15 14 14 14 15 14 15 14 14 15 14 15 14 15 14
3 3 3 4 4 3 4 3 3 4 3 4 4 4 3 4
16 16 15 15 15 15 16 16 16 16 15 15 16 15 16 15
4 5 4 5 5 5 4 5 5 4 5 4 5 4 5 4
3 3 2 2 3 3 2 2 3 3 2 3 3 3 2 2
1 2 2 1 1 1 1 1 1 2 1 2 1 2 1 1
6 7 7 6 6 7 6 7 7 6 7 7 6 7 6 6
10 10 10 9 10 10 10 10 10 10 10 10 10 10 10 9
9 8 9 9 9 9 8 8 8 8 9 8 8 9 9 9
11 10 11 11 10 11 11 11 10 11 10 10 10 11 11 11
3 3 4 3 3 3 3 4 3 4 4 4 4 4 3 3
17 18 17 17 18 17 18 18 18 18 18 17 17 18 17 18
13 12 13 13 12 13 12 12 13 13 12 13 13 12 13 12
2 3 2 3 3 2 3 3 3 2 2 2 2 2 2 2
4 4 4 4 3 3 4 4 4 4 3 4 4 4 4 4
4 4 4 4 3 3 4 4 4 4 3 3 3 4 4 3
2 2 2 2 3 3 3 3 3 2 2 2 2 2 3 2
6 6 7 7 7 7 7 7 7 6 7 6 7 7 6 6
6 5 5 6 6 5 6 6 5 6 6 6 5 5 5 6
3 2 2 2 3 2 2 3 2 3 2 2 3 3 3 3
16 17 17 17 17 17 17 17 16 16 16 17 16 16 16 17
16 16 16 17 16 16 16 16 17 17 16 16 16 16 17 16
11 12 12 11 12 11 11 12 11 12 11 12 12 12 12 12
14 14 14 15 15 14 15 14 14 15 14 14 14 15 14 14
8 7 8 8 7 8 8 8 7 7 7 8 7 7 8 8
17 17 18 17 18 17 17 18 17 18 17 18 18 17 17 17
11 11 12 12 11 12 12 11 11 12 12 12 12 12 11 12
11 11 12 12 12 11 11 11 11 12 12 11 12 11 11 12
14 14 14 14 14 15 15 15 14 15 14 14 15 15 15 14
11 12 12 11 12 11 12 12 11 11 12 11 12 11 11 12
11 11 10 10 11 11 11 10 11 10 11 11 11 11 11 11
13 14 14 13 13 14 14 14 13 13 13 13 14 13 14 13
9 9 9 9 9 10 10 10 10 9 10 9 9 10 10 9
4 5 4 4 5 5 5 5 4 5 4 4 4 5 4 4
13 13 14 13 14 13 13 14 13 13 13 14 13 13 13 13
17 16 17 17 16 17 17 17 17 16 17 17 17 16 17 16
18 19 18 18 19 18 19 18 18 18 19 18 19 19 19 18
6 5 5 6 5 6 6 5 6 6 5 5 5 5 5 5
14 15 14 15 14 15 14 15 14 15 14 14 15 15 14 15
17 16 17 16 17 17 17 17 17 16 17 17 17 16 17 17
16 17 17 16 17 17 17 17 16 16 16 16 17 16 16 16
1 1 1 2 2 1 2 2 1 1 2 2 1 1 2 2
15 15 14 15 14 14 14 14 14 15 15 14 15 15 14 15
15 16 16 15 16 16 16 15 15 15 16 15 15 15 15 15
13 14 14 13 13 14 14 13 13 14 13 14 14 14 13 13
14 14 14 15 15 14 15 15 15 15 14 15 14 15 14 14
5 6 5 6 5 5 6 6 5 5 6 5 6 5 5 5
16 15 15 16 16 15 16 15 15 15 16 16 16 16 16 16
4 4 5 5 5 5 4 4 5 4 5 4 4 4 4 4
18 17 17 18 18 18 18 17 17 17 18 17 18 18 17 18
12 12 12 12 12 11 11 11 12 12 12 12 12 12 11 12
11 12 11 11 11 12 11 12 12 12 12 11 11 11 12 11
15 15 15 15 14 14 14 15 14 14 14 15 15 14 15 15
15 15 16 16 16 16 16 16 16 16 16 15 15 15 16 15
5 4 5 5 4 4 4 5 4 5 4 5 4 4 5 5
6 5 5 6 5 5 6 6 6 5 6 6 6 5 6 5
1 2 2 1 1 2 1 2 2 2 2 1 1 2 2 2
9 10 9 9 10 10 10 9 10 10 9 10 10 10 9 9
8 8 7 7 8 7 8 7 7 8 7 8 8 8 7 7
16 16 16 15 15 16 16 16 16 16 15 16 15 16 16 15
16 15 16 15 15 15 15 16 16 15 16 16 15 15 15 15
16 17 17 16 16 17 17 16 16 16 16 17 16 16 16 16
5 5 5 6 6 6 5 5 6 5 6 5 5 6 6 6
2 2 2 2 3 3 2 3 3 2 2 3 2 3 3 2
14 14 15 15 14 15 14 15 15 14 14 14 14 14 15 14
5 6 6 6 6 5 5 5 5 6 5 6 5 6 6 5
8 8 9 9 9 9 9 9 9 8 8 9 9 9 8 9
15 16 15 15 15 16 15 15 15 15 16 16 16 15 16 16
13 14 13 13 13 13 13 13 14 14 14 14 13 13 14 13
9 9 10 10 10 10 9 9 9 9 9 10 10 9 9 10
16 16 17 17 16 17 17 17 16 17 16 16 16 17 17 16
7 8 7 8 8 8 7 7 8 8 8 7 7 8 8 8
9 9 8 9 9 8 8 8 9 8 8 9 9 9 8 9
14 13 13 13 13 14 13 13 14 13 14 13 14 13 13 13
9 9 10 9 9 9 9 10 9 9 10 10 10 10 10 10
10 11 11 11 11 11 11 11 10 10 10 10 10 11 11 11
12 13 12 12 13 13 12 13 13 12 12 13 12 13 12 12
14 14 14 14 13 13 14 13 13 14 13 13 14 13 13 13
3 3 2 3 3 2 2 2 2 3 2 2 3 2 3 2
14 15 15 15 15 15 14 14 14 14 15 15 15 15 14 15
5 4 4 4 5 4 5 5 5 4 4 5 4 5 4 4
6 7 6 7 7 6 7 6 7 7 7 6 6 7 7 7
6 5 5 6 6 6 5 5 5 6 6 5 5 5 6 6
6 6 7 7 6 6 6 6 6 7 7 6 6 6 7 7
13 14 13 13 13 13 13 14 14 14 14 13 14 13 13 14
13 13 13 13 13 13 12 13 12 13 13 13 13 12 13 12
6 5 5 6 6 6 5 5 6 6 6 6 5 6 5 5
15 15 14 14 14 15 15 14 14 15 14 15 15 15 14 14
6 6 6 6 5 5 5 5 6 6 5 5 5 5 5 5
15 15 15 14 14 15 14 15 14 15 14 15 15 14 14 15
13 12 13 12 13 13 12 13 12 13 13 13 12 13 12 12
7 7 6 7 6 6 7 7 6 7 6 7 6 6 7 6
17 17 18 18 18 18 18 17 18 17 18 18 18 17 17 17
14 14 14 14 14 14 14 14 14 14 13 13 13 14 13 14
12 11 12 11 12 11 11 12 12 12 12 11 11 11 12 11
19 18 18 19 18 19 18 18 18 19 18 19 19 18 18 18
8 8 7 8 8 8 7 7 7 7 8 8 8 8 8 8
2 2 2 2 2 2 2 2 2 2 2 2 2 1 1 2
7 7 7 8 8 8 7 7 7 8 8 7 8 7 7 7
8 9 8 8 8 8 9 9 8 9 9 8 8 9 8 8
6 6 6 6 6 6 6 6 6 6 6 5 6 5 6 6
18 17 17 18 18 17 17 17 18 17 18 18 18 17 18 17
10 11 10 11 10 10 10 11 11 10 11 11 11 10 10 10
3 3 3 2 2 2 2 2 2 3 3 3 2 3 3 3
3 4 4 4 4 3 3 3 4 3 4 4 4 4 4 3
1 2 2 1 2 1 1 2 2 1 2 2 1 2 2 1
16 15 15 16 16 15 16 15 16 15 15 15 15 16 15 15
4 4 4 4 5 5 4 4 5 4 4 5 5 5 5 4
7 7 6 7 7 6 6 6 7 6 7 7 7 7 6 6
5 5 5 6 6 5 6 6 5 5 5 6 6 5 6 6
7 6 6 7 6 7 7 6 7 6 6 6 7 7 7 6
4 4 3 3 4 4 4 3 4 3 4 4 3 3 4 3
14 14 14 13 13 14 14 14 13 14 13 13 13 13 13 14
11 12 11 11 11 12 11 12 11 12 11 11 11 12 11 12
13 14 14 14 14 14 14 13 13 14 14 13 14 14 13 14
17 17 17 16 16 16 17 16 16 17 16 16 17 17 16 16
13 12 13 13 13 13 13 12 13 13 12 12 13 12 12 13
7 8 7 7 7 7 7 7 8 8 7 7 7 8 7 8
3 3 3 4 4 3 3 3 4 4 4 3 4 3 4 4
18 18 19 19 18 18 19 19 19 19 18 18 18 19 18 18
15 15 16 15 15 15 15 15 15 16 16 15 15 16 16 16
4 4 5 4 4 4 5 4 4 4 5 5 5 4 5 4
14 14 15 14 14 14 14 14 15 14 14 14 15 14 15 15
3 2 3 3 2 2 2 3 2 3 3 3 2 2 3 2
16 16 16 17 17 17 16 16 17 17 16 17 16 17 16 16
12 12 12 12 13 13 12 12 12 13 12 13 12 13 13 13
4 4 4 4 3 4 4 4 3 3 4 3 4 3 3 3
17 17 17 18 17 17 17 18 18 18 18 18 18 17 18 18
6 6 6 6 5 5 6 6 5 5 5 6 5 6 6 6
5 4 5 4 5 4 5 4 4 5 5 4 4 4 5 4
5 6 5 6 6 6 6 6 5 6 5 6 6 5 6 6
10 11 10 11 11 10 11 11 10 11 11 10 11 11 10 11
14 13 13 14 13 14 14 13 14 14 14 13 14 13 14 13
6 6 5 5 6 6 5 6 5 6 5 6 5 6 6 5
10 9 9 9 10 10 10 10 9 9 9 10 9 9 9 9
14 14 14 15 14 14 14 15 14 14 15 15 14 14 14 14
6 7 6 7 7 7 6 6 6 6 7 7 6 6 7 6
11 10 10 11 11 11 10 10 11 11 10 10 11 10 11 11
18 17 17 17 17 18 17 18 18 17 17 17 18 18 17 17
11 11 10 10 10 11 11 11 10 10 10 11 11 10 11 10
6 6 6 5 6 6 6 5 6 5 5 6 6 6 5 5
9 9 8 8 8 9 9 9 9 8 8 8 9 8 8 8
10 9 9 9 9 9 9 9 9 10 9 10 9 9 9 10
15 16 15 16 15 16 16 15 15 15 16 15 16 16 15 16
3 2 3 2 3 3 2 3 3 2 3 2 3 2 2 2
8 7 8 8 7 7 8 7 7 7 8 7 7 7 7 7
7 7 6 6 6 7 6 6 7 7 6 7 6 7 7 6
2 3 2 3 3 3 2 2 3 2 3 2 3 2 2 3
8 8 8 8 8 7 8 7 8 8 8 7 8 8 7 7
15 15 14 14 15 15 15 14 15 14 14 14 15 14 14 14
8 8 8 9 9 8 9 8 8 9 9 9 9 9 9 8
12 12 12 13 13 13 13 12 12 13 12 12 12 12 13 13
3 4 4 3 4 4 4 3 3 3 4 3 4 3 4 4
11 10 11 10 10 10 10 11 11 10 10 11 11 11 11 11
4 4 4 3 3 3 4 4 4 4 4 4 4 3 3 3
4 4 4 3 4 3 3 4 3 3 3 4 4 4 3 4
10 10 11 11 11 11 11 10 11 10 10 10 11 10 11 11
16 15 15 16 16 16 16 15 15 16 15 16 15 15 15 16
