1 2 7
1 3 13
1 4 22
1 5 4
1 6 1
2 7 7
2 8 8
2 9 7
2 10 12
2 11 4
3 12 7
3 13 19
3 14 25
3 15 21
4 16 16
4 17 27
4 18 23
4 19 4
5 20 8
5 21 1
5 22 4
5 23 15
5 24 20
6 25 4
6 26 6
6 27 8
7 28 26
8 29 24
9 30 18
10 31 21
10 32 16
11 33 12
11 34 7
12 35 29
13 36 12
14 37 10
15 38 8
16 39 8
17 40 25
18 41 14
19 42 13
20 43 14
21 44 26
22 45 7
23 46 29
24 47 4
25 48 12
26 49 28
27 50 18
28 51 10
29 52 17
30 53 8
31 54 12
32 55 10
33 56 18
34 57 27
35 58 18
36 59 15
37 60 26
38 61 3
39 62 7
40 63 6
41 64 7
42 65 12
43 66 10
44 67 17
45 68 20
46 69 16
47 70 2
48 71 15
49 72 15
50 73 19
51 74 23
52 75 5
53 76 23
54 77 20
55 78 13
56 79 8
57 80 10
58 81 11
59 82 25
60 83 25
61 84 18
62 85 9
63 86 9
64 87 14
65 88 4
66 89 14
67 90 11
68 91 9
68 92 15
69 93 3
70 94 18
71 95 25
72 96 17
73 97 7
74 98 19
75 99 6
76 100 19
77 101 17
78 102 15
79 103 29
80 104 13
81 105 24
82 106 10
83 107 14
84 108 12
85 109 11
86 110 21
87 111 13
88 112 7
89 113 21
90 114 13
91 115 11
92 116 15
93 117 24
94 118 19
95 119 6
96 120 4
97 121 25
97 122 24
98 123 3
99 124 7
99 125 17
100 126 3
101 127 7
102 128 26
103 129 9
104 130 22
105 131 25
105 132 3
106 133 6
107 134 15
108 135 2
108 136 17
109 137 10
110 138 10
111 139 25
112 140 24
113 141 21
114 142 4
114 143 29
114 144 14
115 145 26
115 146 19
116 147 9
116 148 22
117 149 8
118 150 23
119 151 10
120 152 25
121 153 20
122 154 9
123 155 29
124 156 27
125 156 21
126 157 21
127 157 4
128 158 24
129 159 5
130 160 12
131 161 17
132 162 10
133 163 26
134 164 22
135 165 25
136 165 21
137 166 23
138 166 7
139 167 16
140 168 3
141 169 12
142 170 9
143 171 10
144 171 11
145 172 2
146 173 20
147 174 28
148 175 8
149 176 6
150 176 12
151 177 9
152 178 19
153 178 20
154 178 26
155 179 16
155 180 26
156 181 12
156 182 12
157 183 13
158 184 17
159 185 26
159 186 13
160 187 5
161 188 10
161 189 17
161 190 3
162 191 17
163 192 18
164 193 3
164 194 4
165 195 19
165 196 23
165 197 14
166 198 7
167 199 3
167 200 26
168 201 26
168 202 27
169 203 22
170 204 15
170 205 4
171 206 7
172 207 8
173 208 24
174 209 23
174 210 7
175 211 24
175 212 21
176 213 15
176 214 1
177 215 9
178 216 13
178 217 12
179 218 17
180 219 20
181 220 9
182 221 4
183 222 5
184 222 27
185 223 8
186 223 25
187 223 10
188 224 28
189 224 19
190 225 2
191 225 28
192 225 23
193 226 19
194 227 14
195 227 1
196 228 18
197 228 13
198 229 25
199 229 18
200 230 18
201 231 19
202 231 25
203 232 14
204 232 20
205 233 11
206 234 5
207 235 6
208 235 1
209 236 1
210 236 26
211 236 22
212 237 2
213 238 8
214 238 9
215 238 13
216 239 21
217 240 21
218 241 26
219 242 10
220 243 5
221 244 12
222 245 4
223 246 6
224 247 7
224 248 1
225 249 3
226 250 14
227 251 20
228 252 6
229 253 13
230 254 27
231 255 28
232 256 8
233 257 8
234 258 26
235 259 7
236 260 26
237 261 1
238 262 3
239 263 15
239 264 23
240 265 15
241 266 9
242 267 14
243 268 14
244 269 20
245 270 11
246 271 3
246 272 10
247 273 13
248 274 7
249 275 2
250 276 8
251 277 23
251 278 19
252 279 1
253 280 25
254 281 7
255 282 19
256 283 28
256 284 11
257 285 24
258 286 26
259 287 17
260 288 18
261 289 4
262 290 21
263 291 21
264 292 28
264 293 25
265 294 7
266 295 14
267 295 16
268 296 3
269 297 9
270 297 2
271 298 20
272 299 20
273 300 14
274 301 2
275 302 24
276 302 6
277 303 21
278 304 28
279 305 3
280 306 11
281 307 17
282 308 27
283 309 14
284 310 4
285 311 23
286 312 2
287 313 2
288 314 7
289 315 22
290 315 15
291 315 17
292 316 17
293 317 7
294 318 18
295 319 1
296 320 13
297 321 11
298 321 16
299 321 18
300 322 13
301 323 25
302 324 28
303 325 19
304 326 17
305 327 21
306 327 16
307 328 23
308 329 1
309 330 22
310 331 2
311 331 28
312 332 5
313 333 5
314 334 26
315 335 1
316 336 22
317 337 29
318 337 15
319 338 24
320 339 19
321 340 7
322 341 6
323 342 12
324 343 23
325 344 22
326 345 6
327 346 13
328 347 24
328 348 24
329 349 13
330 350 23
331 351 25
331 352 28
332 353 1
333 354 15
334 355 12
335 356 8
336 357 27
337 358 22
338 359 3
339 360 13
340 360 8
341 361 12
342 362 7
343 363 21
344 364 10
345 365 21
346 366 21
347 366 4
348 367 5
349 368 6
350 369 15
351 370 16
352 371 13
353 372 19
354 373 19
355 374 9
356 375 22
357 376 18
358 377 9
359 378 23
359 379 28
360 380 14
361 381 1
361 382 19
362 383 17
362 384 7
363 385 29
364 386 29
365 387 7
366 388 24
367 389 16
368 390 3
369 391 6
370 392 10
371 393 26
372 394 4
373 395 15
374 396 6
375 397 5
376 398 5
377 399 27
378 400 17
379 400 22
380 400 29
381 400 18
382 400 27
383 400 6
384 400 25
385 400 23
386 400 22
387 400 6
388 400 4
389 400 19
390 400 24
391 400 16
392 400 27
393 400 20
394 400 4
395 400 19
396 400 5
397 400 24
398 400 15
399 400 22
