1 2 1
1 3 1
1 4 1
1 5 1
2 6 1
2 7 1
2 8 1
2 9 1
2 10 1
3 11 1
3 12 1
3 13 1
3 14 1
4 15 1
4 16 1
4 17 1
4 18 1
5 19 1
5 20 1
5 21 1
5 22 1
6 23 1
7 24 1
8 25 1
9 25 1
10 26 1
11 27 1
12 28 1
13 29 1
14 30 1
15 31 1
16 32 1
17 33 1
18 34 1
19 35 1
20 36 1
21 37 1
22 38 1
23 39 1
24 40 1
25 41 1
26 42 1
27 43 1
28 44 1
29 45 1
30 46 1
31 47 1
32 48 1
33 49 1
34 50 1
35 51 1
36 52 1
37 53 1
38 54 1
39 55 1
40 56 1
41 57 1
42 58 1
43 59 1
44 60 1
45 61 1
46 62 1
47 63 1
48 64 1
49 65 1
50 66 1
50 67 1
51 68 1
52 69 1
53 70 1
54 71 1
55 72 1
56 73 1
57 74 1
58 75 1
59 76 1
60 77 1
61 78 1
62 79 1
63 80 1
64 81 1
65 82 1
66 83 1
67 84 1
68 85 1
69 86 1
70 87 1
71 88 1
72 89 1
73 90 1
74 91 1
75 92 1
76 93 1
77 94 1
78 95 1
79 96 1
80 97 1
81 98 1
82 99 1
83 100 1
84 101 1
85 102 1
86 103 1
87 104 1
88 105 1
89 106 1
90 107 1
91 107 1
92 108 1
93 109 1
94 110 1
95 111 1
96 112 1
97 113 1
98 114 1
99 115 1
100 116 1
101 117 1
102 118 1
103 119 1
104 120 1
105 121 1
106 122 1
107 123 1
108 124 1
109 125 1
110 126 1
111 127 1
112 128 1
113 129 1
113 130 1
114 131 1
115 132 1
116 133 1
117 134 1
118 135 1
119 136 1
120 137 1
121 138 1
122 139 1
123 140 1
124 141 1
125 142 1
126 143 1
127 144 1
128 144 1
129 145 1
130 146 1
131 147 1
132 148 1
133 149 1
134 150 1
135 151 1
136 152 1
137 153 1
138 154 1
139 155 1
140 156 1
141 157 1
142 158 1
143 159 1
144 160 1
145 161 1
146 162 1
147 163 1
148 164 1
149 165 1
150 166 1
151 167 1
152 168 1
153 169 1
154 170 1
155 171 1
156 172 1
157 173 1
158 174 1
159 175 1
160 176 1
161 177 1
162 178 1
163 179 1
164 180 1
164 181 1
165 182 1
166 183 1
167 184 1
168 185 1
169 186 1
170 187 1
171 188 1
172 189 1
173 189 1
174 190 1
175 191 1
176 192 1
177 193 1
178 194 1
179 195 1
180 196 1
181 197 1
182 198 1
183 199 1
184 200 1
185 201 1
186 202 1
187 203 1
188 204 1
189 205 1
190 206 1
191 207 1
192 208 1
192 209 1
193 210 1
194 211 1
195 212 1
196 213 1
197 214 1
198 215 1
199 216 1
200 217 1
201 218 1
202 219 1
203 220 1
204 221 1
205 222 1
206 223 1
207 224 1
208 225 1
209 226 1
210 227 1
211 228 1
212 229 1
213 230 1
214 231 1
215 232 1
216 233 1
217 234 1
218 235 1
219 236 1
220 237 1
221 238 1
222 239 1
223 240 1
224 241 1
225 242 1
226 243 1
227 244 1
228 245 1
229 246 1
230 247 1
231 248 1
232 249 1
233 250 1
234 251 1
235 252 1
236 253 1
237 254 1
238 255 1
239 256 1
240 257 1
241 258 1
242 259 1
243 260 1
244 261 1
245 262 1
246 262 1
247 263 1
248 264 1
249 265 1
250 266 1
251 267 1
252 268 1
253 269 1
254 270 1
255 271 1
256 272 1
257 273 1
258 274 1
259 275 1
260 276 1
261 277 1
262 278 1
263 279 1
263 280 1
264 281 1
265 282 1
266 283 1
267 284 1
268 285 1
269 286 1
270 287 1
271 288 1
272 289 1
273 290 1
274 291 1
275 292 1
276 293 1
277 294 1
278 294 1
279 295 1
280 296 1
281 297 1
282 298 1
283 299 1
284 300 1
285 301 1
286 302 1
287 303 1
288 304 1
289 305 1
290 306 1
291 307 1
292 308 1
293 309 1
294 310 1
295 311 1
296 312 1
297 313 1
298 314 1
299 315 1
300 316 1
301 317 1
302 318 1
302 319 1
303 320 1
304 321 1
305 322 1
306 323 1
307 324 1
308 325 1
309 326 1
310 327 1
311 328 1
312 329 1
313 330 1
314 331 1
315 332 1
316 333 1
317 334 1
318 335 1
319 336 1
320 337 1
321 338 1
322 339 1
323 340 1
324 341 1
325 342 1
326 343 1
327 344 1
328 345 1
329 346 1
330 347 1
331 348 1
332 349 1
333 350 1
334 351 1
335 352 1
336 352 1
337 353 1
338 354 1
339 355 1
340 356 1
341 357 1
342 358 1
343 359 1
343 360 1
344 361 1
345 362 1
346 363 1
347 364 1
348 365 1
349 366 1
350 367 1
351 368 1
352 369 1
353 370 1
354 371 1
355 372 1
356 373 1
357 374 1
358 375 1
359 376 1
360 377 1
361 378 1
362 379 1
363 380 1
364 381 1
365 382 1
366 383 1
367 384 1
368 385 1
369 386 1
370 387 1
371 388 1
372 388 1
373 389 1
374 389 1
375 390 1
376 391 1
377 392 1
378 393 1
379 394 1
380 395 1
381 396 1
382 397 1
383 398 1
384 399 1
385 400 1
386 401 1
387 402 1
388 403 1
389 404 1
390 405 1
391 406 1
392 407 1
393 408 1
394 409 1
395 410 1
396 411 1
397 412 1
398 413 1
399 414 1
400 415 1
401 416 1
402 417 1
403 418 1
404 419 1
405 420 1
406 421 1
407 422 1
408 423 1
409 424 1
410 425 1
411 426 1
412 427 1
413 428 1
414 429 1
414 430 1
415 431 1
415 432 1
416 433 1
417 434 1
418 435 1
419 436 1
420 437 1
421 438 1
422 439 1
423 440 1
424 441 1
425 442 1
426 443 1
427 444 1
428 445 1
429 446 1
430 447 1
431 447 1
432 448 1
433 448 1
434 449 1
435 450 1
436 451 1
437 452 1
438 453 1
439 454 1
440 455 1
441 456 1
442 457 1
442 458 1
443 459 1
444 460 1
445 461 1
446 462 1
447 463 1
448 464 1
449 465 1
449 466 1
450 467 1
451 468 1
452 469 1
453 470 1
454 471 1
455 472 1
456 473 1
457 474 1
458 474 1
459 475 1
460 476 1
461 476 1
462 477 1
463 478 1
464 479 1
465 480 1
466 481 1
467 482 1
468 483 1
468 484 1
469 485 1
470 486 1
471 487 1
472 488 1
473 489 1
474 490 1
475 491 1
476 492 1
477 493 1
477 494 1
478 495 1
479 496 1
480 497 1
481 498 1
482 499 1
483 499 1
484 500 1
485 501 1
486 502 1
487 503 1
488 504 1
489 505 1
490 505 1
491 506 1
492 507 1
493 508 1
494 509 1
495 510 1
496 511 1
497 512 1
498 513 1
499 514 1
500 515 1
501 516 1
502 517 1
503 518 1
504 519 1
505 520 1
506 521 1
506 522 1
507 523 1
507 524 1
508 525 1
509 526 1
510 527 1
511 528 1
512 529 1
513 530 1
514 531 1
515 532 1
516 533 1
517 534 1
518 534 1
519 535 1
520 536 1
521 537 1
522 538 1
523 539 1
524 540 1
525 541 1
526 542 1
527 543 1
528 544 1
529 545 1
530 546 1
531 547 1
532 548 1
533 549 1
534 550 1
535 551 1
536 552 1
537 553 1
538 554 1
539 555 1
539 556 1
540 557 1
541 558 1
542 559 1
543 560 1
544 561 1
545 562 1
546 563 1
547 564 1
548 564 1
549 565 1
550 566 1
551 567 1
552 568 1
553 569 1
554 570 1
555 571 1
556 572 1
557 572 1
558 573 1
559 574 1
560 575 1
561 576 1
562 577 1
563 578 1
564 579 1
565 580 1
566 581 1
566 582 1
567 583 1
568 584 1
569 585 1
570 586 1
571 587 1
572 588 1
573 589 1
574 590 1
574 591 1
575 592 1
576 593 1
577 594 1
578 595 1
579 596 1
580 597 1
581 598 1
582 599 1
583 600 1
584 601 1
585 602 1
586 603 1
587 604 1
588 605 1
589 606 1
590 607 1
591 608 1
592 609 1
593 610 1
594 611 1
595 612 1
596 613 1
597 614 1
598 615 1
599 616 1
600 617 1
601 618 1
602 619 1
603 620 1
604 621 1
605 622 1
606 623 1
607 624 1
608 625 1
609 626 1
610 627 1
611 628 1
612 629 1
613 630 1
614 631 1
615 632 1
616 633 1
617 634 1
618 635 1
619 636 1
620 637 1
621 638 1
622 639 1
623 640 1
624 641 1
625 642 1
626 643 1
627 644 1
628 645 1
629 646 1
630 647 1
631 648 1
632 649 1
633 650 1
634 651 1
635 651 1
636 652 1
637 653 1
638 654 1
639 655 1
640 656 1
641 657 1
642 658 1
643 659 1
644 660 1
645 661 1
646 661 1
647 662 1
648 663 1
649 664 1
650 665 1
651 666 1
652 667 1
653 668 1
654 669 1
655 670 1
656 671 1
657 672 1
658 673 1
659 674 1
660 675 1
661 676 1
662 677 1
663 678 1
664 679 1
665 680 1
666 681 1
667 682 1
668 683 1
669 684 1
670 685 1
671 686 1
672 687 1
673 688 1
674 689 1
675 690 1
676 691 1
677 692 1
678 693 1
679 694 1
680 695 1
681 696 1
682 697 1
683 698 1
684 699 1
685 700 1
686 701 1
687 702 1
688 703 1
689 704 1
690 705 1
691 706 1
692 707 1
693 708 1
694 709 1
695 710 1
696 711 1
697 712 1
698 713 1
699 714 1
700 715 1
701 716 1
702 717 1
703 718 1
704 719 1
705 720 1
706 721 1
707 722 1
708 723 1
708 724 1
709 725 1
710 726 1
711 727 1
712 728 1
713 729 1
714 730 1
715 731 1
716 732 1
717 733 1
718 734 1
719 735 1
720 736 1
721 737 1
721 738 1
722 739 1
723 740 1
724 741 1
725 742 1
726 743 1
727 744 1
728 745 1
729 746 1
730 747 1
731 748 1
732 749 1
733 750 1
734 750 1
735 751 1
736 752 1
737 753 1
738 754 1
739 755 1
740 756 1
740 757 1
741 758 1
742 759 1
743 760 1
744 761 1
745 762 1
746 763 1
747 764 1
748 765 1
749 766 1
750 767 1
751 768 1
752 769 1
753 770 1
754 771 1
755 772 1
756 773 1
757 774 1
758 775 1
759 776 1
760 777 1
761 778 1
762 779 1
763 780 1
764 781 1
765 782 1
766 783 1
767 784 1
768 785 1
769 786 1
770 787 1
771 788 1
772 789 1
773 790 1
774 791 1
775 792 1
776 792 1
777 793 1
778 794 1
779 795 1
780 796 1
781 797 1
782 798 1
783 799 1
784 800 1
785 801 1
786 802 1
787 803 1
788 803 1
789 804 1
790 805 1
791 806 1
792 807 1
792 808 1
793 809 1
794 810 1
795 811 1
796 812 1
797 813 1
797 814 1
798 815 1
799 816 1
800 817 1
801 818 1
802 819 1
803 820 1
804 821 1
805 821 1
806 822 1
807 823 1
808 824 1
809 825 1
810 826 1
811 827 1
812 828 1
813 829 1
814 829 1
815 830 1
816 831 1
817 832 1
818 833 1
819 834 1
820 835 1
821 836 1
822 837 1
823 838 1
823 839 1
824 840 1
825 841 1
826 842 1
827 843 1
828 844 1
829 845 1
830 846 1
830 847 1
831 848 1
832 849 1
833 850 1
834 851 1
835 852 1
836 853 1
837 854 1
838 855 1
839 856 1
840 856 1
841 857 1
842 858 1
843 859 1
844 860 1
845 861 1
846 862 1
847 863 1
848 864 1
849 865 1
850 866 1
851 866 1
852 867 1
853 868 1
854 869 1
855 870 1
855 871 1
856 872 1
857 873 1
858 874 1
859 875 1
860 876 1
861 877 1
862 878 1
863 879 1
864 880 1
865 881 1
866 882 1
866 883 1
867 884 1
868 885 1
869 886 1
870 887 1
871 888 1
872 889 1
873 890 1
874 891 1
875 892 1
876 893 1
877 894 1
878 894 1
879 895 1
880 896 1
881 897 1
882 897 1
883 898 1
884 899 1
885 900 1
886 900 1
887 900 1
888 900 1
889 900 1
890 900 1
891 900 1
892 900 1
893 900 1
894 900 1
895 900 1
896 900 1
897 900 1
898 900 1
899 900 1
