1 2 20
1 3 13
2 4 2
2 5 43
2 6 20
2 7 38
3 8 20
3 9 43
3 10 57
3 11 52
3 12 41
4 13 2
4 14 45
4 15 42
5 16 50
5 17 48
5 18 27
6 19 36
6 20 13
7 21 13
7 22 2
8 23 39
8 24 44
8 25 11
9 26 27
10 27 23
10 28 22
10 29 40
10 30 18
10 31 4
11 32 58
11 33 23
11 34 1
12 35 58
13 36 17
14 36 47
15 36 5
16 37 27
17 37 37
18 38 2
19 39 15
20 40 28
21 41 4
22 42 26
23 42 8
24 43 10
25 43 10
26 44 13
27 44 51
28 44 39
29 45 34
30 46 31
31 46 57
32 47 28
33 48 17
34 49 8
35 50 25
36 51 15
37 51 29
38 52 18
39 53 55
40 54 56
41 54 15
42 55 31
43 55 4
44 56 28
45 56 17
46 56 37
47 57 20
48 58 45
49 59 57
50 59 19
51 60 22
51 61 26
52 62 36
52 63 53
53 64 57
54 65 26
54 66 38
55 67 37
56 68 15
56 69 52
57 70 39
58 71 40
58 72 34
59 73 51
60 74 40
61 75 58
62 75 9
63 76 31
64 77 21
65 78 32
66 79 31
67 79 53
68 79 15
69 80 12
70 80 22
71 81 15
72 81 6
73 82 18
74 83 50
75 84 12
75 85 55
76 86 43
76 87 40
77 88 2
78 89 13
78 90 51
78 91 14
78 92 23
79 93 16
80 94 16
80 95 10
81 96 36
82 97 27
82 98 57
83 99 23
84 99 59
85 99 50
86 100 1
87 101 2
88 101 47
89 102 50
90 103 21
91 104 22
92 104 3
93 104 10
94 105 51
95 106 14
96 107 48
97 108 30
98 109 28
99 110 20
100 111 15
101 112 45
101 113 46
102 114 27
103 115 31
104 116 15
105 117 53
105 118 6
106 119 50
107 120 17
108 121 8
109 122 57
110 123 32
111 124 45
112 125 59
113 126 29
114 127 59
115 128 27
116 129 39
117 130 36
118 131 42
119 132 10
120 133 2
121 134 32
122 135 42
123 136 26
124 137 28
125 138 23
126 139 11
127 140 9
128 141 1
129 142 49
130 143 34
131 144 38
132 145 38
133 146 22
134 147 41
135 148 37
136 149 51
137 150 28
138 151 40
138 152 20
139 153 54
140 154 34
141 155 31
142 156 56
142 157 25
143 158 59
144 159 4
145 160 2
146 161 52
147 162 35
148 163 5
149 164 44
150 165 37
151 166 7
152 167 35
153 168 28
154 169 24
155 170 37
155 171 55
156 172 26
157 173 5
158 174 17
159 175 25
160 176 22
161 177 43
162 178 51
163 179 43
164 180 20
165 181 3
166 182 8
167 183 39
168 184 17
169 185 2
170 185 29
171 186 38
172 187 59
173 188 13
174 189 44
175 189 56
176 190 25
177 191 30
178 192 9
179 193 32
180 194 35
181 195 21
182 196 43
183 197 42
184 198 21
185 199 24
186 200 17
187 200 34
188 201 36
189 202 42
190 203 30
191 203 11
192 204 35
193 205 3
194 206 47
195 207 27
195 208 26
196 209 11
196 210 49
197 211 17
197 212 15
198 213 43
198 214 37
199 215 49
200 216 30
200 217 57
201 218 27
202 219 1
203 220 39
204 221 2
205 222 22
206 223 45
207 224 57
208 225 57
209 225 43
210 226 36
211 226 55
212 227 7
213 228 5
214 229 16
215 230 12
216 230 21
217 231 52
218 232 42
219 233 8
220 234 15
221 234 39
222 235 49
223 236 38
224 237 8
225 238 24
226 239 33
227 240 52
228 241 27
229 242 31
230 243 24
231 244 57
232 245 55
233 246 14
234 247 57
235 248 6
236 249 23
237 249 2
238 250 33
239 251 5
240 252 37
241 253 12
242 254 26
243 255 14
244 256 31
245 257 5
246 257 12
247 258 1
248 259 27
249 260 1
250 261 12
251 262 41
251 263 1
251 264 17
252 265 59
252 266 50
253 267 43
254 268 11
254 269 47
255 270 29
255 271 34
256 272 12
257 273 53
258 274 17
259 275 58
260 276 27
261 277 34
262 278 41
263 279 9
264 280 55
265 280 43
266 281 23
267 282 21
268 283 8
269 284 33
270 285 57
271 286 52
272 287 14
273 288 53
274 289 50
275 290 32
276 291 55
277 292 14
278 293 18
279 294 32
280 295 57
281 296 12
282 297 8
283 298 26
284 299 12
285 300 6
286 301 53
287 302 12
288 303 8
289 304 10
290 305 57
291 306 46
291 307 30
292 308 42
293 309 17
294 310 35
295 311 39
295 312 29
296 313 55
296 314 29
297 315 42
297 316 47
298 317 45
298 318 21
299 319 12
300 320 9
300 321 27
301 322 5
301 323 12
302 324 1
302 325 43
303 326 46
304 327 32
305 328 45
305 329 16
305 330 18
306 331 44
307 332 33
308 332 8
309 332 57
310 333 24
311 333 57
312 333 14
313 333 8
314 333 24
315 333 6
316 333 35
317 334 14
318 334 35
319 334 29
320 335 59
321 335 18
322 335 36
323 336 16
324 336 26
325 336 51
326 336 1
327 337 15
328 337 47
329 337 30
330 337 54
331 338 47
332 339 28
332 340 34
333 341 12
334 342 31
335 343 50
336 344 25
337 345 34
338 346 20
339 347 2
340 347 44
341 348 24
342 349 31
343 350 34
344 351 25
345 352 33
346 353 46
346 354 14
347 355 23
348 356 31
349 357 37
349 358 21
350 359 25
351 360 48
351 361 55
351 362 12
351 363 57
351 364 13
352 365 44
352 366 32
353 367 49
354 367 53
355 367 19
356 368 12
357 369 17
358 369 58
359 369 9
360 370 25
361 370 40
362 371 23
363 371 3
364 371 33
365 372 22
366 372 20
367 373 18
367 374 31
367 375 30
368 376 29
368 377 13
368 378 42
368 379 7
368 380 48
369 381 30
369 382 35
369 383 20
370 384 42
371 385 14
372 386 53
372 387 10
373 388 21
374 389 56
375 390 33
376 391 56
377 392 4
378 393 1
379 394 59
380 395 27
381 396 31
382 397 21
383 397 54
384 398 15
385 399 23
386 399 48
387 400 51
388 401 29
389 402 28
390 403 41
391 404 23
392 404 18
393 405 20
394 406 17
395 407 55
396 407 21
397 408 15
398 409 25
399 410 59
400 410 10
401 411 59
402 412 37
403 413 35
404 414 27
404 415 53
405 416 38
406 417 51
406 418 9
407 419 7
408 420 21
409 421 41
409 422 14
410 423 10
411 424 55
412 425 58
413 426 32
414 427 10
415 428 33
416 429 52
417 430 57
418 431 11
419 432 46
420 433 13
421 434 10
422 435 56
423 436 51
424 437 17
425 438 32
426 439 18
427 440 32
428 441 44
429 442 4
430 443 55
431 444 37
432 444 25
433 445 41
434 446 16
435 446 44
436 447 43
437 448 44
438 449 7
439 450 8
440 451 34
441 452 25
442 453 49
443 454 9
444 454 52
445 455 14
446 456 29
447 457 7
448 458 5
449 459 31
450 460 47
451 461 59
452 462 46
453 463 6
454 464 27
455 465 55
456 466 32
457 467 46
458 468 44
458 469 14
459 470 40
459 471 42
460 472 39
460 473 6
461 474 49
461 475 37
462 476 56
462 477 38
463 478 18
464 479 47
465 480 1
465 481 49
466 482 30
467 483 47
467 484 18
468 485 51
469 486 52
470 487 49
470 488 7
471 489 15
472 490 12
472 491 42
473 492 22
474 493 51
475 494 2
476 495 3
476 496 14
477 497 49
478 498 8
478 499 19
479 500 21
479 501 26
480 502 28
481 503 12
482 504 23
483 505 6
484 506 17
485 507 7
486 507 30
487 508 23
488 509 25
489 510 48
490 511 13
491 512 18
492 513 27
493 514 48
494 515 7
495 516 35
496 516 21
497 516 44
498 517 57
499 517 31
500 518 24
501 519 31
502 520 55
503 520 8
504 521 33
505 521 10
506 521 17
507 522 34
508 522 42
509 523 50
510 523 7
511 524 1
512 524 35
513 525 49
514 525 40
515 526 19
516 526 8
517 527 29
518 528 24
519 529 7
520 530 57
521 531 41
522 532 40
522 533 22
522 534 27
523 535 52
523 536 26
524 537 20
525 538 38
525 539 12
525 540 14
526 541 21
527 542 16
528 543 33
529 544 28
530 545 11
530 546 58
531 547 59
532 548 31
533 548 1
534 549 40
535 549 5
536 549 35
537 550 17
538 550 9
539 551 32
540 551 19
541 551 49
542 552 50
543 553 7
544 554 14
545 554 55
546 554 11
547 554 52
548 555 47
548 556 38
549 557 44
550 558 25
550 559 28
551 560 44
552 561 40
553 562 8
553 563 44
553 564 33
554 565 50
555 566 22
556 567 56
557 568 26
558 569 47
559 570 12
560 571 46
561 572 31
562 573 44
563 574 54
564 574 51
565 575 53
566 576 47
567 577 51
568 578 39
568 579 18
569 580 23
570 581 53
571 582 27
572 583 9
573 584 44
574 585 2
575 586 25
576 587 11
576 588 35
577 589 15
578 590 53
579 591 36
579 592 31
580 593 22
581 594 45
582 595 22
583 596 47
584 597 19
585 598 57
586 599 45
587 600 27
588 600 52
589 600 39
590 600 21
591 600 39
592 600 5
593 600 27
594 600 38
595 600 1
596 600 58
597 600 40
598 600 31
599 600 51
