1 2 134
1 3 59
1 4 28
1 5 32
2 6 9
2 7 3
2 8 34
3 9 98
3 10 53
4 11 121
5 12 57
5 13 145
6 14 71
6 15 121
7 16 74
7 17 123
7 18 66
7 19 151
8 20 16
8 21 108
8 22 91
8 23 64
8 24 39
9 25 22
9 26 103
10 27 45
10 28 80
10 29 143
11 30 68
11 31 79
11 32 107
12 33 87
12 34 33
12 35 73
12 36 112
13 37 61
13 38 75
14 39 117
15 39 3
16 39 141
17 40 30
18 41 64
19 42 51
20 42 51
21 42 53
22 43 153
23 44 46
24 44 125
25 44 121
26 44 157
27 45 154
28 45 56
29 46 88
30 46 60
31 47 24
32 47 33
33 48 25
34 48 3
35 48 50
36 49 14
37 49 18
38 49 5
39 50 117
39 51 48
39 52 57
39 53 17
40 54 77
40 55 75
41 56 98
42 57 81
43 58 4
44 59 99
44 60 73
45 61 82
45 62 83
46 63 60
47 64 12
47 65 85
47 66 120
48 67 99
48 68 76
49 69 157
50 70 96
51 71 41
52 72 41
52 73 68
53 74 134
54 75 122
55 76 105
56 77 77
56 78 45
57 79 11
58 80 128
59 81 97
60 82 61
61 83 70
62 84 82
63 85 138
64 86 151
64 87 106
65 88 10
66 89 121
67 90 111
68 91 107
69 92 23
70 93 36
71 93 112
72 94 124
73 95 53
74 95 105
75 95 72
76 95 124
77 96 61
78 97 134
79 98 99
80 99 155
81 100 38
82 101 147
83 101 108
84 101 77
85 102 67
86 102 97
87 103 95
88 103 79
89 104 71
90 104 87
91 104 58
92 105 94
93 106 73
94 107 58
95 107 123
96 108 145
97 108 57
98 109 95
99 109 123
100 109 90
101 110 35
102 111 127
103 112 158
104 113 16
105 113 49
106 114 101
106 115 76
106 116 156
107 117 31
108 118 147
109 119 136
110 120 112
110 121 14
110 122 76
110 123 88
111 124 97
112 125 15
113 126 119
114 127 76
115 128 13
115 129 52
116 130 71
117 131 6
118 132 18
119 133 115
120 134 104
121 135 100
122 136 140
123 137 157
124 138 152
125 139 128
126 140 153
127 141 36
127 142 132
128 143 30
129 144 26
130 145 46
131 146 74
132 147 17
132 148 63
133 149 152
134 150 104
135 151 144
135 152 27
135 153 8
136 154 46
136 155 69
137 156 28
138 157 33
139 158 67
139 159 60
139 160 153
140 161 111
140 162 76
141 163 102
142 164 69
143 164 134
144 165 51
145 165 27
146 166 136
147 167 105
148 168 28
149 168 137
150 169 89
151 170 90
152 171 7
153 172 103
154 172 67
155 173 118
156 174 87
157 174 16
158 175 43
159 175 31
160 176 1
161 176 50
162 176 34
163 177 65
163 178 153
164 179 66
165 180 78
166 181 24
166 182 75
167 183 86
167 184 109
167 185 27
167 186 91
167 187 72
168 188 28
169 189 111
169 190 139
170 191 96
170 192 56
171 193 57
171 194 34
171 195 67
171 196 75
171 197 58
172 198 29
173 199 159
174 200 27
174 201 96
174 202 60
175 203 135
175 204 10
175 205 8
176 206 106
176 207 5
176 208 145
177 209 124
178 209 131
179 210 20
180 211 78
181 212 38
182 212 115
183 212 158
184 212 21
185 213 131
186 213 65
187 213 14
188 214 111
189 214 12
190 215 55
191 216 152
192 216 77
193 217 19
194 218 133
195 218 108
196 219 116
197 220 107
198 220 5
199 220 77
200 220 92
201 221 35
202 221 112
203 222 7
204 222 2
205 222 19
206 222 79
207 223 126
208 224 52
209 225 145
209 226 143
210 227 14
211 228 145
212 229 40
213 230 121
214 231 21
215 232 31
216 233 110
217 234 118
218 235 111
219 236 71
219 237 21
219 238 31
219 239 67
220 240 32
220 241 87
221 242 56
222 243 29
223 244 72
224 245 146
225 246 108
226 247 58
227 248 68
228 248 13
229 249 159
230 250 1
231 250 139
232 251 60
233 251 22
234 252 125
235 253 15
236 254 120
237 255 133
238 256 4
239 257 142
240 258 119
241 258 54
242 259 78
243 259 71
244 260 86
245 260 87
246 261 20
247 262 31
248 263 50
249 264 45
250 265 85
251 266 102
251 267 17
252 268 110
253 269 36
254 270 22
254 271 58
255 272 154
255 273 89
255 274 69
256 275 94
257 276 72
257 277 151
258 278 85
259 279 145
260 280 47
261 281 19
262 282 121
263 283 6
264 284 34
265 285 81
266 286 127
267 287 136
268 287 149
269 288 98
270 289 80
271 289 46
272 289 114
273 290 12
274 290 138
275 291 126
276 291 25
277 291 125
278 292 58
279 293 150
280 294 132
281 295 44
282 296 66
283 297 158
284 298 114
285 299 15
286 300 145
287 301 53
287 302 64
288 303 105
289 304 112
290 305 19
291 306 40
292 307 129
293 308 144
294 309 153
295 310 41
296 311 41
297 312 99
298 313 6
299 314 37
300 315 119
301 316 10
302 317 119
303 318 98
304 319 82
305 320 50
305 321 56
306 322 109
307 323 90
308 324 119
309 325 136
309 326 150
310 327 56
311 328 58
312 329 71
313 329 33
314 330 54
315 331 154
316 332 50
317 333 81
318 334 159
319 334 78
320 335 116
321 335 25
322 336 13
323 337 79
324 338 81
325 339 156
326 340 32
327 341 97
327 342 139
328 343 104
329 344 58
330 345 11
331 346 142
331 347 18
332 348 76
333 349 11
334 350 22
335 351 94
336 352 145
337 353 96
338 354 26
339 355 155
339 356 16
340 357 36
341 358 55
342 359 36
343 360 47
344 361 128
345 362 78
346 363 150
347 364 125
348 365 88
349 366 83
350 367 117
351 368 38
352 369 27
353 370 99
354 371 75
355 372 118
356 372 53
357 373 146
358 374 26
359 374 112
360 375 113
361 376 25
362 377 41
363 378 66
364 379 4
365 380 85
366 381 133
367 382 141
368 383 148
369 384 105
370 384 95
371 385 44
372 386 74
373 387 131
374 388 132
375 389 61
376 390 101
377 391 87
378 391 137
379 392 49
380 393 115
381 394 131
382 395 45
383 396 8
384 397 142
385 398 150
386 398 63
387 399 145
388 400 129
389 400 148
390 400 13
391 400 155
392 400 37
393 400 138
394 400 75
395 400 134
396 400 43
397 400 9
398 400 44
399 400 41
