1 2 1
1 3 1
1 4 1
2 5 1
2 6 1
2 7 1
2 8 1
3 9 1
3 10 1
3 11 1
3 12 1
3 13 1
4 14 1
4 15 1
4 16 1
4 17 1
4 18 1
5 19 1
6 20 1
6 21 1
7 22 1
8 23 1
9 24 1
10 25 1
11 26 1
12 27 1
13 28 1
13 29 1
14 30 1
15 31 1
15 32 1
16 33 1
16 34 1
17 35 1
18 36 1
18 37 1
19 38 1
20 39 1
21 40 1
22 41 1
23 42 1
23 43 1
23 44 1
23 45 1
24 46 1
25 47 1
26 48 1
27 49 1
28 50 1
29 51 1
30 52 1
31 53 1
32 54 1
33 55 1
34 56 1
34 57 1
35 58 1
36 59 1
37 60 1
38 61 1
39 62 1
40 63 1
41 63 1
42 64 1
43 64 1
44 65 1
45 65 1
46 66 1
47 67 1
48 68 1
49 69 1
50 70 1
51 71 1
52 72 1
53 73 1
54 74 1
55 74 1
56 75 1
57 76 1
58 77 1
59 78 1
60 79 1
61 80 1
62 81 1
63 82 1
63 83 1
64 84 1
65 85 1
66 86 1
67 87 1
68 88 1
69 89 1
70 90 1
71 91 1
71 92 1
72 93 1
73 94 1
74 95 1
75 96 1
75 97 1
76 98 1
77 99 1
78 100 1
79 101 1
80 102 1
81 102 1
82 103 1
83 104 1
84 105 1
85 105 1
86 105 1
87 106 1
88 107 1
89 108 1
90 109 1
91 109 1
92 109 1
93 110 1
94 111 1
95 112 1
96 112 1
97 113 1
98 113 1
99 114 1
100 114 1
101 114 1
102 115 1
102 116 1
103 117 1
104 118 1
104 119 1
105 120 1
106 121 1
107 122 1
108 123 1
109 124 1
110 125 1
111 126 1
112 127 1
113 128 1
114 129 1
114 130 1
114 131 1
115 132 1
116 133 1
117 134 1
118 135 1
119 136 1
120 137 1
121 138 1
122 139 1
123 140 1
124 141 1
125 142 1
126 143 1
127 144 1
128 145 1
129 146 1
130 147 1
131 148 1
132 149 1
133 150 1
134 151 1
135 152 1
135 153 1
136 154 1
137 155 1
138 156 1
139 157 1
140 158 1
141 159 1
142 160 1
143 161 1
143 162 1
144 163 1
144 164 1
145 165 1
146 166 1
147 167 1
148 168 1
149 169 1
150 170 1
151 171 1
152 172 1
153 173 1
154 174 1
155 175 1
156 176 1
157 177 1
158 178 1
159 179 1
160 180 1
161 181 1
162 182 1
162 183 1
163 184 1
164 185 1
165 186 1
166 187 1
167 188 1
168 189 1
169 190 1
170 190 1
171 190 1
172 191 1
173 191 1
174 192 1
175 192 1
176 193 1
177 193 1
178 194 1
179 195 1
180 196 1
181 197 1
182 197 1
183 198 1
184 199 1
185 199 1
186 200 1
187 201 1
188 201 1
189 202 1
190 203 1
191 204 1
192 205 1
193 206 1
193 207 1
194 208 1
195 209 1
196 210 1
197 211 1
198 212 1
199 213 1
200 214 1
201 215 1
202 216 1
202 217 1
203 218 1
204 219 1
205 220 1
206 221 1
207 222 1
208 223 1
209 224 1
210 225 1
211 226 1
211 227 1
212 228 1
213 229 1
213 230 1
214 231 1
214 232 1
215 233 1
215 234 1
216 235 1
217 236 1
217 237 1
218 238 1
219 239 1
220 239 1
221 240 1
222 241 1
223 241 1
224 242 1
225 243 1
226 243 1
227 244 1
228 244 1
229 245 1
230 245 1
231 245 1
232 246 1
233 246 1
234 247 1
235 248 1
236 249 1
237 250 1
238 251 1
238 252 1
239 253 1
239 254 1
240 255 1
241 256 1
241 257 1
242 258 1
242 259 1
242 260 1
243 261 1
244 262 1
244 263 1
244 264 1
245 265 1
246 266 1
247 267 1
248 268 1
249 269 1
250 270 1
251 271 1
252 272 1
253 272 1
254 272 1
255 273 1
256 274 1
257 275 1
258 276 1
259 277 1
260 277 1
261 278 1
262 279 1
263 279 1
264 280 1
265 280 1
266 281 1
267 282 1
268 283 1
269 283 1
270 283 1
271 284 1
272 285 1
273 286 1
274 287 1
274 288 1
275 289 1
275 290 1
276 291 1
276 292 1
277 293 1
278 294 1
278 295 1
279 296 1
280 297 1
280 298 1
281 299 1
282 300 1
283 301 1
283 302 1
284 303 1
285 304 1
286 305 1
287 306 1
288 307 1
289 308 1
290 309 1
291 310 1
292 311 1
293 312 1
294 313 1
295 314 1
296 315 1
297 316 1
298 317 1
298 318 1
299 319 1
300 320 1
301 321 1
302 322 1
303 323 1
304 324 1
304 325 1
305 326 1
306 327 1
307 328 1
307 329 1
308 330 1
309 331 1
310 332 1
311 333 1
312 334 1
313 335 1
314 336 1
315 337 1
316 338 1
317 339 1
318 340 1
319 341 1
320 342 1
321 343 1
322 344 1
322 345 1
323 346 1
324 347 1
325 348 1
326 349 1
327 350 1
328 351 1
329 352 1
330 353 1
331 354 1
332 355 1
333 356 1
334 357 1
335 358 1
336 359 1
337 360 1
338 361 1
339 362 1
340 363 1
341 364 1
342 365 1
343 366 1
344 367 1
345 368 1
346 369 1
347 370 1
348 371 1
349 372 1
350 373 1
351 374 1
352 375 1
353 376 1
354 377 1
355 378 1
356 379 1
357 380 1
358 381 1
359 382 1
360 383 1
361 384 1
362 385 1
363 386 1
364 387 1
365 388 1
366 389 1
367 390 1
368 391 1
369 392 1
370 393 1
371 394 1
372 394 1
373 395 1
374 396 1
375 397 1
376 397 1
377 398 1
378 399 1
379 400 1
380 400 1
381 401 1
382 401 1
383 402 1
384 403 1
385 404 1
386 405 1
387 406 1
388 406 1
389 407 1
390 408 1
391 409 1
392 410 1
393 411 1
393 412 1
394 413 1
395 414 1
396 415 1
397 416 1
398 417 1
399 418 1
400 419 1
400 420 1
401 421 1
402 422 1
403 423 1
404 424 1
404 425 1
405 426 1
406 427 1
406 428 1
407 429 1
408 430 1
409 431 1
409 432 1
410 433 1
411 434 1
412 435 1
413 436 1
414 437 1
415 438 1
416 439 1
417 440 1
418 441 1
419 442 1
420 443 1
421 444 1
422 445 1
423 446 1
424 447 1
425 448 1
426 449 1
427 450 1
428 451 1
429 452 1
430 453 1
431 454 1
432 455 1
433 456 1
434 457 1
435 458 1
436 459 1
437 460 1
438 461 1
439 462 1
440 463 1
441 464 1
442 465 1
443 466 1
444 467 1
445 468 1
446 469 1
447 470 1
448 471 1
449 472 1
450 473 1
451 474 1
452 475 1
453 475 1
454 476 1
455 477 1
456 478 1
457 479 1
458 480 1
459 481 1
460 482 1
461 483 1
462 484 1
463 484 1
464 485 1
465 486 1
466 487 1
467 488 1
468 489 1
469 490 1
470 491 1
471 492 1
472 493 1
473 494 1
474 495 1
475 496 1
476 497 1
477 498 1
478 499 1
479 499 1
480 500 1
481 500 1
482 501 1
483 501 1
484 502 1
485 503 1
486 504 1
487 505 1
488 506 1
489 506 1
490 507 1
491 507 1
492 508 1
493 509 1
494 510 1
495 511 1
496 512 1
497 513 1
498 513 1
499 514 1
499 515 1
500 516 1
500 517 1
501 518 1
502 519 1
503 520 1
503 521 1
504 522 1
505 523 1
506 524 1
507 525 1
507 526 1
507 527 1
508 528 1
509 529 1
509 530 1
509 531 1
510 532 1
510 533 1
511 534 1
512 535 1
513 536 1
514 537 1
515 538 1
516 539 1
517 540 1
518 541 1
519 542 1
520 543 1
521 544 1
522 545 1
523 546 1
524 547 1
525 548 1
526 549 1
527 550 1
528 551 1
529 551 1
530 552 1
531 552 1
532 553 1
533 554 1
534 555 1
535 555 1
536 556 1
537 557 1
538 558 1
539 558 1
540 559 1
541 559 1
542 560 1
543 561 1
544 561 1
545 562 1
546 563 1
547 564 1
548 565 1
549 565 1
550 566 1
551 567 1
552 568 1
553 568 1
554 569 1
555 570 1
556 571 1
557 572 1
557 573 1
558 574 1
559 575 1
560 576 1
561 577 1
561 578 1
561 579 1
562 580 1
563 581 1
564 582 1
565 583 1
565 584 1
566 585 1
567 586 1
568 587 1
569 588 1
570 589 1
570 590 1
571 591 1
572 592 1
573 593 1
574 594 1
575 594 1
576 595 1
577 595 1
578 596 1
579 597 1
580 598 1
581 599 1
582 600 1
583 600 1
584 601 1
585 602 1
586 603 1
587 603 1
588 604 1
589 605 1
590 606 1
591 606 1
592 607 1
593 608 1
594 609 1
595 610 1
596 611 1
597 612 1
597 613 1
598 614 1
598 615 1
599 616 1
600 617 1
600 618 1
601 619 1
601 620 1
601 621 1
602 622 1
602 623 1
603 624 1
603 625 1
604 626 1
604 627 1
605 628 1
606 629 1
607 630 1
608 630 1
609 631 1
610 632 1
611 633 1
612 634 1
613 634 1
614 635 1
615 635 1
616 635 1
617 636 1
618 636 1
619 637 1
620 638 1
621 638 1
622 638 1
623 639 1
624 639 1
625 640 1
626 641 1
627 641 1
628 641 1
629 641 1
630 642 1
631 643 1
631 644 1
632 645 1
632 646 1
633 647 1
634 648 1
635 649 1
635 650 1
636 651 1
637 652 1
637 653 1
637 654 1
637 655 1
638 656 1
639 657 1
639 658 1
640 659 1
640 660 1
640 661 1
640 662 1
641 663 1
642 664 1
643 665 1
644 666 1
645 667 1
646 668 1
647 669 1
648 670 1
649 671 1
650 672 1
651 673 1
652 674 1
653 675 1
654 675 1
655 676 1
656 677 1
657 678 1
658 679 1
659 679 1
660 680 1
661 681 1
662 682 1
663 683 1
664 684 1
665 685 1
666 686 1
666 687 1
667 688 1
668 689 1
669 690 1
670 691 1
671 692 1
672 693 1
673 694 1
674 695 1
675 696 1
676 697 1
677 698 1
678 699 1
679 700 1
680 701 1
681 702 1
682 703 1
683 704 1
684 705 1
685 706 1
686 707 1
687 708 1
688 709 1
689 710 1
690 711 1
691 711 1
692 712 1
693 713 1
694 714 1
695 715 1
696 716 1
697 717 1
698 718 1
699 719 1
700 720 1
701 721 1
702 721 1
703 722 1
704 723 1
705 724 1
706 725 1
707 726 1
708 727 1
708 728 1
709 729 1
710 730 1
711 731 1
712 732 1
713 733 1
714 734 1
715 735 1
716 736 1
717 737 1
717 738 1
718 739 1
719 740 1
720 741 1
721 742 1
722 743 1
723 744 1
724 745 1
725 746 1
726 747 1
727 748 1
728 749 1
729 750 1
730 750 1
731 751 1
732 752 1
733 753 1
734 754 1
735 755 1
736 756 1
737 756 1
738 757 1
739 758 1
740 759 1
741 760 1
742 761 1
743 761 1
744 761 1
745 762 1
746 763 1
747 764 1
748 765 1
749 766 1
750 767 1
750 768 1
751 769 1
752 770 1
753 771 1
754 772 1
755 773 1
756 774 1
757 775 1
758 776 1
759 777 1
760 778 1
760 779 1
761 780 1
761 781 1
762 782 1
763 783 1
764 784 1
765 785 1
766 786 1
767 787 1
768 788 1
769 789 1
770 790 1
771 790 1
772 791 1
773 792 1
774 793 1
775 793 1
776 794 1
777 795 1
778 796 1
779 797 1
780 798 1
781 799 1
782 800 1
783 800 1
784 800 1
785 800 1
786 800 1
787 800 1
788 800 1
789 800 1
790 800 1
791 800 1
792 800 1
793 800 1
794 800 1
795 800 1
796 800 1
797 800 1
798 800 1
799 800 1
