1 2 5
1 3 9
1 4 1
1 5 6
2 6 9
2 7 6
2 8 7
2 9 5
3 10 7
3 11 7
3 12 3
3 13 4
4 14 7
4 15 4
4 16 7
4 17 6
5 18 6
5 19 2
5 20 1
5 21 7
6 22 2
7 23 5
8 24 6
9 25 3
10 26 1
11 27 7
12 28 7
13 29 6
13 30 6
14 31 1
15 32 8
16 33 5
17 34 7
18 35 1
19 36 4
20 37 6
21 38 8
22 39 3
23 40 8
24 41 2
25 42 2
26 43 6
27 44 5
28 45 8
29 46 2
29 47 6
30 48 6
30 49 1
31 50 8
32 51 9
33 52 9
34 53 4
35 54 8
35 55 2
36 56 4
36 57 6
37 58 7
37 59 4
37 60 6
38 61 4
38 62 9
39 63 5
40 63 5
41 63 4
42 64 4
43 65 8
44 65 1
45 66 2
46 66 4
47 66 4
48 67 9
49 67 1
50 68 6
51 68 7
52 69 7
53 70 1
54 70 9
55 71 5
56 71 1
57 72 1
58 72 1
59 73 4
60 73 8
61 74 5
62 74 5
63 75 2
63 76 7
64 77 7
65 78 9
66 79 4
67 80 3
68 81 3
68 82 6
69 83 3
69 84 7
70 85 2
70 86 2
70 87 9
71 88 5
72 89 3
73 90 4
74 91 6
74 92 3
75 93 3
76 93 6
77 94 1
78 94 9
79 95 4
80 95 7
81 96 8
82 97 2
83 97 8
84 98 1
85 99 4
86 100 4
87 100 3
88 101 1
89 101 7
90 102 2
91 103 3
92 104 9
93 105 2
94 106 1
95 107 8
96 108 5
96 109 1
96 110 5
96 111 8
97 112 8
98 113 8
98 114 7
99 115 8
100 116 1
100 117 3
101 118 2
101 119 2
102 120 1
102 121 1
103 122 4
104 123 5
104 124 3
105 125 4
106 126 5
107 127 3
108 128 8
109 129 8
110 130 3
111 131 6
112 132 1
112 133 8
113 134 1
114 135 8
115 136 2
116 137 1
116 138 1
117 139 6
118 140 4
119 141 7
119 142 3
120 143 2
121 144 3
122 145 8
123 146 7
124 147 3
124 148 7
125 149 5
126 150 4
127 150 4
128 151 6
129 152 4
130 152 3
131 153 4
132 154 7
133 155 8
134 156 5
135 157 7
136 157 5
137 158 2
138 159 9
139 160 8
140 160 9
141 160 8
142 161 6
143 162 6
144 163 1
145 164 6
146 164 8
147 165 7
148 165 9
149 166 4
150 167 3
151 168 1
152 169 5
153 169 2
154 170 8
155 171 1
156 171 6
157 172 1
158 172 2
159 173 4
160 174 7
161 175 6
162 176 3
163 177 7
164 178 6
165 179 8
166 180 1
167 181 2
168 181 1
169 182 4
170 183 6
171 184 2
172 185 3
173 186 6
174 187 8
175 187 9
176 188 9
177 189 9
178 190 6
179 191 8
180 192 8
180 193 4
181 194 1
182 195 9
182 196 8
183 197 1
184 198 5
185 199 5
186 200 7
186 201 1
187 202 2
187 203 2
188 204 3
189 205 1
190 206 7
191 207 5
191 208 6
192 209 4
193 210 9
194 211 6
195 212 7
196 213 2
197 214 7
197 215 8
198 216 8
199 217 9
200 218 5
201 219 5
202 220 7
203 221 4
204 222 6
205 223 7
206 224 3
207 225 7
208 226 2
209 227 7
210 228 2
211 229 6
212 229 3
213 230 1
214 231 1
215 232 6
216 233 5
217 233 8
218 233 6
219 234 8
220 235 4
221 235 9
222 236 3
223 236 5
224 237 9
225 238 2
226 238 7
227 239 4
228 240 8
228 241 6
229 242 4
230 243 8
231 244 3
232 245 2
233 246 8
234 247 6
235 248 8
235 249 3
236 250 4
237 251 3
238 252 2
239 253 7
240 254 4
241 255 2
242 256 7
243 256 8
244 257 6
245 258 3
246 259 2
247 259 1
248 260 4
249 261 1
250 262 3
251 263 3
252 263 9
253 264 4
254 265 4
255 266 4
256 267 6
256 268 9
256 269 6
257 270 2
258 271 3
259 272 8
259 273 3
260 274 6
261 275 9
262 276 3
263 277 5
264 278 5
265 279 2
266 280 1
267 281 4
268 282 4
268 283 6
269 284 6
270 285 9
271 286 5
272 287 9
272 288 3
273 289 2
273 290 4
274 291 3
275 292 6
276 293 8
276 294 9
277 295 2
277 296 9
277 297 4
278 298 1
279 299 3
280 300 7
281 300 1
282 300 3
283 301 3
284 302 9
285 302 2
286 303 8
287 303 5
288 303 5
289 303 9
290 304 9
291 304 1
292 305 2
293 305 8
294 306 9
295 306 3
296 307 2
297 308 7
298 309 1
299 310 7
300 311 1
301 312 4
301 313 2
302 314 1
303 315 8
303 316 3
303 317 6
304 318 4
304 319 5
305 320 7
306 321 7
307 322 7
307 323 4
308 324 2
308 325 4
309 326 7
310 327 3
311 328 1
312 329 3
313 330 4
314 331 9
315 332 9
316 333 4
317 333 9
318 334 3
319 335 9
320 335 4
321 336 3
322 336 5
323 337 9
324 337 9
325 338 9
326 339 1
327 340 1
328 341 7
329 342 4
330 343 1
330 344 8
331 345 8
332 346 1
333 347 2
334 348 5
335 349 4
336 350 1
337 351 8
338 352 3
339 353 1
340 354 5
341 355 5
342 356 2
343 357 7
344 358 4
345 359 6
346 360 5
347 361 5
348 362 7
349 363 7
350 364 5
351 365 4
352 366 8
353 367 6
353 368 8
353 369 8
353 370 8
354 371 1
354 372 2
354 373 6
354 374 6
355 375 3
355 376 8
355 377 6
355 378 6
356 379 4
356 380 4
356 381 2
356 382 5
357 383 3
357 384 7
357 385 6
358 386 5
358 387 1
358 388 6
359 389 2
359 390 1
359 391 6
359 392 6
360 393 7
360 394 3
360 395 6
360 396 9
361 397 4
361 398 6
361 399 9
361 400 4
362 401 1
362 402 1
362 403 4
362 404 2
363 405 3
363 406 7
363 407 9
363 408 1
364 409 4
364 410 5
364 411 9
364 412 2
365 413 2
365 414 1
365 415 2
366 416 3
366 417 9
366 418 3
367 419 9
368 419 5
369 420 2
370 420 4
371 421 1
372 421 3
373 421 9
374 422 5
375 422 4
376 423 9
377 423 8
378 424 2
379 424 4
380 424 8
381 425 4
382 426 8
383 427 5
384 427 6
385 428 8
386 429 4
387 429 5
388 429 7
389 430 4
390 430 4
391 431 4
392 431 7
393 432 3
394 432 8
395 432 5
396 433 1
397 433 6
398 433 3
399 434 5
400 434 2
401 435 6
402 435 8
403 435 3
404 436 1
405 436 4
406 437 2
407 437 6
408 437 8
409 437 2
410 437 9
411 438 8
412 438 3
413 438 2
414 439 2
415 439 3
416 440 5
417 441 8
418 441 2
419 442 3
420 443 7
421 444 6
422 445 8
423 446 7
424 447 6
425 448 6
426 449 5
427 450 9
428 451 4
429 452 5
430 452 6
431 453 7
432 453 6
433 454 4
434 455 7
435 456 7
436 456 7
437 457 3
438 458 8
439 459 3
440 460 9
441 461 1
442 462 3
443 463 7
444 463 4
445 464 2
446 464 4
447 465 5
448 465 4
449 466 2
450 466 4
451 467 1
452 467 7
453 468 5
454 468 5
455 469 2
456 470 3
457 471 1
458 472 5
459 473 3
460 473 1
461 474 9
462 475 7
463 476 1
464 476 6
465 477 3
466 478 5
467 478 6
468 479 7
469 479 6
470 480 8
471 480 4
472 481 7
473 481 9
474 482 2
475 483 6
476 484 1
477 485 1
477 486 7
478 487 5
479 488 2
479 489 8
479 490 3
480 491 3
480 492 2
481 493 4
481 494 1
482 495 6
482 496 6
483 497 3
484 498 5
485 499 9
486 500 5
487 501 6
488 502 8
489 503 7
490 504 3
490 505 6
491 506 1
491 507 8
492 508 8
493 509 5
494 510 7
495 511 9
496 512 4
497 513 9
498 514 9
498 515 5
499 516 6
500 517 6
500 518 2
501 519 8
502 520 2
502 521 6
503 522 9
504 523 9
505 524 9
505 525 5
506 526 9
507 527 1
507 528 1
508 529 9
509 530 3
510 531 3
511 532 6
512 533 9
513 534 3
514 534 7
515 535 9
516 535 6
517 536 6
518 537 6
519 538 3
520 539 1
521 539 9
522 539 9
523 540 6
524 541 3
525 542 8
526 543 4
527 544 9
528 545 5
529 546 2
530 547 7
531 548 5
532 549 5
533 550 1
534 551 5
535 552 5
536 553 8
537 554 4
537 555 2
538 556 3
539 557 6
540 558 1
541 559 8
542 560 7
543 561 3
544 562 4
545 563 1
546 564 7
547 565 4
548 566 1
549 567 5
550 568 5
551 569 9
552 570 2
553 571 1
554 572 5
555 573 5
556 574 2
557 575 4
558 576 6
559 577 9
560 578 3
561 579 7
562 579 2
563 580 6
564 581 8
565 582 5
566 583 5
567 583 1
568 584 6
569 585 8
570 586 2
571 587 6
572 588 7
573 589 7
574 590 2
575 591 7
576 592 3
577 592 5
578 593 1
579 594 7
580 595 9
581 595 4
582 596 4
583 597 1
584 597 1
585 598 6
586 599 4
587 600 4
588 601 4
589 602 6
590 603 9
591 604 1
592 605 4
593 606 8
594 607 5
595 608 6
596 609 2
597 610 8
598 611 7
599 612 3
599 613 9
599 614 9
600 615 5
601 616 9
602 617 5
603 618 3
604 619 5
605 620 2
606 621 7
607 622 9
608 623 4
609 624 7
610 625 1
610 626 5
611 627 5
612 628 3
613 629 7
614 629 2
615 630 1
616 631 4
617 632 8
618 632 1
619 633 2
620 634 1
621 635 8
622 636 6
623 637 9
624 638 9
625 639 4
626 640 5
627 641 3
628 642 8
629 643 1
630 644 1
631 645 8
632 646 9
633 647 3
634 648 2
635 649 7
636 650 1
637 651 5
638 652 9
639 653 5
640 654 4
641 655 7
642 656 1
643 657 1
644 658 4
645 659 7
646 660 4
647 661 5
648 662 5
649 663 7
650 664 4
650 665 7
651 666 8
652 667 6
653 668 4
654 669 7
655 670 4
656 671 8
657 672 6
658 673 6
659 674 4
660 675 2
661 676 4
662 677 1
663 678 2
664 679 6
665 680 7
665 681 3
665 682 9
666 683 1
667 684 5
668 685 1
668 686 1
669 687 2
669 688 9
670 689 7
671 689 2
672 689 3
673 690 1
674 691 6
675 692 9
676 693 3
677 694 5
678 695 2
679 695 4
680 696 5
681 697 1
682 698 9
683 698 9
684 698 2
685 699 2
686 699 4
687 700 1
688 701 3
689 702 3
689 703 5
690 704 6
690 705 6
691 706 2
691 707 1
692 708 7
692 709 6
693 710 6
694 711 6
694 712 3
695 713 1
695 714 4
695 715 2
696 716 5
696 717 9
696 718 5
696 719 7
697 720 1
698 721 4
699 722 4
700 723 3
700 724 7
701 725 6
702 726 1
703 726 4
704 727 4
705 727 7
706 728 8
707 729 5
708 730 5
709 731 2
710 731 4
711 732 8
712 733 5
713 734 8
714 734 9
715 735 2
716 736 8
717 736 3
718 737 3
719 738 8
720 738 8
721 739 3
722 740 8
723 740 4
724 741 2
725 742 7
726 743 1
727 744 3
728 745 4
729 746 2
730 747 4
731 748 3
731 749 5
732 750 3
733 751 7
734 752 2
735 753 2
736 754 3
737 755 2
738 756 1
739 757 7
740 758 6
741 759 2
741 760 7
742 761 3
743 762 5
744 762 2
745 763 6
746 763 3
747 764 3
748 764 8
749 765 6
750 766 4
751 766 6
752 767 6
753 767 8
754 768 2
755 769 5
756 770 1
757 771 2
758 771 6
759 772 8
760 773 3
761 774 8
762 775 1
763 776 6
764 777 7
765 778 1
766 779 5
767 780 3
768 781 9
769 782 2
770 783 7
771 784 5
772 785 3
773 786 7
774 787 5
775 788 1
776 789 7
777 790 7
778 791 9
779 792 7
780 793 5
781 794 5
782 795 6
783 795 3
784 796 8
785 797 6
786 798 8
787 799 4
788 800 4
789 800 1
790 800 2
791 800 2
792 800 9
793 800 3
794 800 4
795 800 7
796 800 6
797 800 3
798 800 2
799 800 2
