1 2 2
1 3 20
1 4 24
1 5 8
2 6 4
2 7 16
2 8 11
2 9 4
3 10 22
3 11 20
3 12 20
3 13 21
3 14 24
4 15 11
4 16 21
4 17 24
4 18 26
4 19 10
5 20 16
5 21 29
5 22 18
5 23 5
6 24 13
7 25 22
8 26 6
9 27 20
10 28 2
10 29 22
11 30 24
12 31 24
13 32 5
14 33 22
15 34 26
15 35 8
16 36 17
16 37 9
17 38 24
18 39 10
19 40 24
19 41 13
19 42 12
20 43 23
21 44 19
22 45 24
23 46 26
24 47 14
25 48 24
25 49 27
26 50 13
27 51 8
27 52 10
28 53 19
29 54 6
29 55 21
30 56 29
31 57 2
32 58 22
33 59 28
34 60 6
35 61 2
36 62 11
37 63 4
38 64 25
39 65 18
40 66 28
41 67 6
42 68 29
43 69 20
44 70 6
45 71 28
46 72 1
47 73 20
48 74 27
49 75 19
50 75 2
51 76 14
52 77 13
53 78 29
54 78 3
55 79 25
56 80 1
57 81 22
58 81 28
59 82 12
60 82 26
61 83 11
62 83 11
63 84 9
64 85 14
65 86 10
66 87 7
67 88 12
68 89 22
69 90 25
70 91 7
71 91 28
72 92 21
73 93 23
73 94 2
74 95 16
75 96 9
76 97 15
77 98 13
78 99 8
79 100 2
80 101 1
81 102 12
82 103 4
83 104 14
84 105 25
85 106 20
86 107 11
87 108 20
88 109 4
89 110 24
90 111 12
90 112 8
91 113 17
92 114 2
93 115 29
94 116 2
95 116 11
96 117 24
97 118 10
98 119 24
99 120 19
100 121 6
101 122 10
102 123 28
103 124 10
104 125 11
105 126 11
106 127 22
107 127 11
108 127 15
109 128 15
110 129 11
111 130 3
112 131 24
113 132 3
114 133 26
115 134 6
116 135 9
117 136 28
117 137 15
117 138 19
118 139 8
119 140 19
120 141 10
121 142 27
122 143 26
123 144 8
123 145 13
124 146 15
124 147 16
125 148 23
126 149 27
127 150 24
128 151 13
129 152 24
130 153 18
130 154 26
131 155 20
131 156 26
132 157 11
133 158 25
133 159 6
134 160 21
135 161 9
136 161 28
137 162 9
138 163 20
139 164 4
140 165 2
141 166 19
142 166 11
143 167 10
144 167 26
145 168 18
146 169 1
147 169 11
148 170 24
149 171 18
150 172 12
151 173 26
152 174 28
153 175 5
154 175 22
155 176 4
156 177 26
157 177 25
158 178 29
159 179 19
160 180 5
161 181 29
162 181 10
163 182 23
164 182 28
165 183 12
166 184 8
167 185 22
168 186 4
169 187 19
170 188 16
171 189 2
172 190 1
173 191 27
174 192 26
175 193 16
176 194 11
177 195 5
178 196 13
179 197 12
180 198 8
181 199 15
181 200 24
182 201 16
183 202 17
184 203 22
185 204 8
185 205 7
185 206 27
186 207 5
186 208 18
187 209 23
188 210 4
188 211 19
189 212 28
189 213 8
190 214 17
191 215 13
192 216 10
193 217 3
193 218 1
194 219 10
195 220 15
196 221 4
196 222 10
197 223 16
198 224 6
199 225 15
200 226 18
201 227 22
202 228 17
203 229 23
204 230 13
205 231 2
206 232 20
207 233 9
208 234 9
209 234 24
210 235 18
211 236 14
212 237 8
213 238 17
214 239 28
215 240 2
216 240 29
217 241 9
218 242 7
219 243 4
220 244 8
221 245 20
222 245 7
223 246 15
224 247 17
225 248 24
226 249 16
227 250 26
228 250 17
229 251 25
230 251 24
231 252 25
232 252 1
233 253 14
234 253 1
235 254 24
236 255 21
237 255 22
238 255 23
239 255 10
240 256 9
241 256 19
242 257 11
243 257 21
244 257 25
245 258 29
246 258 4
247 259 23
248 260 14
249 261 2
249 262 6
250 263 27
250 264 29
251 265 17
251 266 24
251 267 8
252 268 9
253 269 16
253 270 8
254 271 8
254 272 21
255 273 7
256 274 12
256 275 12
257 276 16
257 277 23
257 278 10
258 279 24
259 280 4
260 281 4
260 282 26
261 283 17
262 284 18
263 285 14
264 286 5
265 287 11
266 288 12
267 289 28
268 290 28
269 291 14
270 292 6
271 293 3
271 294 26
272 295 8
273 296 29
274 297 12
274 298 21
275 299 3
276 300 15
277 301 23
277 302 28
278 303 28
279 304 5
280 305 14
281 306 10
282 306 28
283 307 5
284 308 13
285 309 13
286 310 5
287 311 22
288 312 26
289 312 22
290 312 21
291 313 14
292 313 12
293 314 15
294 315 17
295 316 7
296 317 2
297 318 4
298 319 23
299 320 16
300 320 10
301 321 19
302 322 10
303 323 28
304 324 18
305 325 23
306 326 14
307 327 25
308 328 8
309 329 21
310 330 11
311 331 7
312 332 11
313 333 3
314 334 28
315 335 13
316 336 25
317 337 1
318 338 10
319 339 16
320 340 27
321 341 11
322 342 18
323 343 17
324 344 10
325 345 23
326 346 11
327 347 20
328 348 23
329 349 27
330 350 12
331 351 29
332 352 25
333 353 4
334 354 20
335 355 19
336 355 18
337 356 17
338 357 20
339 358 27
340 359 24
341 359 18
342 360 8
343 361 17
344 362 17
345 363 7
346 364 21
347 365 19
347 366 20
348 367 9
349 368 11
350 369 25
351 370 9
352 371 22
353 372 17
354 373 28
355 374 29
355 375 17
356 376 6
357 377 1
358 378 1
359 379 8
360 380 20
361 381 13
362 382 5
363 383 6
364 384 13
365 385 1
366 386 25
367 387 13
368 388 25
369 389 4
370 390 24
371 391 22
372 392 4
373 393 28
374 394 16
375 394 16
376 395 3
377 396 4
378 396 1
379 397 4
380 398 10
381 399 11
382 399 23
383 400 14
384 400 3
385 400 1
386 400 8
387 400 21
388 400 16
389 400 9
390 400 15
391 400 3
392 400 24
393 400 10
394 400 20
395 400 12
396 400 22
397 400 27
398 400 20
399 400 4
