1 2 1
1 3 5
2 4 2
2 5 5
3 6 2
3 7 2
3 8 4
3 9 5
4 10 5
5 11 4
6 12 2
7 13 4
8 14 4
9 15 1
10 16 3
11 17 5
11 18 4
12 19 4
13 20 3
14 21 2
15 22 1
16 23 1
17 24 1
18 25 5
19 25 3
20 26 3
21 26 3
22 27 2
23 28 5
23 29 5
24 30 3
24 31 1
25 32 2
26 33 4
27 34 4
27 35 4
28 36 4
28 37 3
29 38 3
30 39 5
30 40 4
31 41 1
31 42 2
32 43 5
33 44 1
34 45 5
35 46 5
35 47 3
36 48 2
37 48 2
38 49 2
39 50 3
40 50 2
41 51 3
42 51 4
43 52 3
44 52 5
45 52 1
46 52 2
47 52 5
48 53 5
48 54 2
48 55 5
49 56 3
49 57 3
50 58 5
50 59 2
51 60 5
52 61 5
53 62 3
54 62 1
55 63 3
56 64 3
57 65 1
58 66 3
59 67 5
60 68 5
61 68 5
62 69 1
63 70 2
64 70 4
65 71 1
66 72 2
67 73 4
68 73 2
69 74 5
70 75 3
70 76 3
71 77 3
72 78 1
73 79 1
74 80 3
74 81 3
74 82 1
74 83 5
74 84 4
75 85 5
75 86 2
76 87 2
76 88 4
76 89 2
77 90 1
77 91 2
77 92 5
77 93 4
77 94 5
78 95 5
78 96 2
78 97 3
79 98 1
79 99 1
80 100 3
81 100 3
82 101 2
83 102 3
84 102 2
85 103 1
86 103 1
87 104 1
88 105 4
89 105 3
90 105 4
91 106 1
92 107 3
93 107 4
94 107 3
95 107 1
96 108 2
97 108 2
98 108 3
99 109 4
100 110 4
101 111 5
101 112 3
102 113 2
103 114 1
104 115 2
105 116 4
105 117 4
106 118 1
106 119 4
107 120 4
108 121 3
109 122 2
109 123 5
110 124 2
111 125 2
112 126 3
113 127 1
114 128 1
115 129 1
116 129 2
117 130 1
118 131 5
119 132 2
120 132 3
121 133 5
122 134 1
123 134 4
124 135 1
125 136 4
126 137 1
127 138 2
128 139 1
129 140 5
130 141 1
131 142 2
132 143 2
133 143 3
134 144 1
135 145 2
136 146 1
137 146 2
138 147 1
139 148 2
140 148 4
141 149 5
142 150 5
143 151 4
144 152 2
145 153 3
146 154 4
147 154 4
148 155 1
149 156 3
150 156 5
151 156 1
152 157 2
153 158 5
153 159 2
153 160 2
153 161 4
154 162 1
155 163 5
155 164 1
156 165 4
157 166 5
158 167 1
159 168 4
160 169 5
161 170 1
162 171 1
163 171 4
164 172 1
165 172 5
166 173 3
167 174 2
168 175 1
169 176 1
170 177 2
171 178 5
172 179 4
173 180 3
174 181 2
175 181 5
176 182 4
177 183 3
178 184 1
179 184 1
180 185 3
181 186 3
182 187 5
183 188 4
184 189 1
184 190 3
185 191 4
186 192 5
186 193 3
187 194 5
187 195 3
188 196 1
189 197 5
190 198 4
191 199 5
192 200 1
193 200 5
194 200 2
195 200 5
196 200 3
197 200 1
198 200 3
199 200 3
