1 2 40
1 3 109
1 4 99
2 5 40
2 6 61
2 7 78
3 8 104
3 9 31
3 10 117
3 11 86
4 12 35
4 13 130
4 14 8
4 15 45
4 16 48
5 17 83
6 17 92
7 18 52
8 19 83
9 20 110
10 21 42
11 22 91
12 23 49
13 24 129
14 25 100
15 26 94
16 27 12
17 28 84
18 29 87
18 30 102
19 31 38
20 32 108
21 33 106
21 34 12
22 35 81
22 36 119
23 37 48
24 38 53
25 39 92
26 40 80
27 41 34
27 42 97
27 43 122
28 44 91
29 44 123
30 45 73
31 46 36
32 46 4
33 47 139
34 48 104
35 49 34
36 50 67
37 50 123
38 51 70
39 51 87
40 52 18
41 53 122
42 53 115
43 54 136
44 55 17
45 56 74
46 57 130
47 58 25
48 59 52
49 60 13
50 61 74
51 62 87
52 63 122
53 64 135
54 65 113
55 66 110
55 67 53
56 68 25
57 69 118
58 70 108
59 71 118
60 72 128
60 73 101
61 74 86
61 75 32
62 76 25
62 77 14
63 78 106
63 79 103
64 80 44
65 81 125
66 82 15
67 83 18
68 84 13
69 85 117
70 86 76
71 87 98
72 88 76
73 89 101
74 90 54
75 91 110
76 91 51
77 91 85
78 92 112
79 92 81
80 93 63
81 93 6
82 94 42
83 95 27
83 96 128
84 97 78
85 98 137
86 99 106
87 100 8
87 101 88
88 102 82
89 103 23
90 104 21
91 105 14
91 106 1
92 107 102
92 108 3
93 109 131
94 110 72
95 111 13
96 111 28
97 112 110
98 113 7
99 113 46
100 114 112
101 115 22
102 116 67
103 117 23
104 118 13
105 119 121
106 120 11
107 120 82
108 121 80
109 122 137
110 123 111
111 124 31
112 125 88
113 126 104
114 127 29
115 128 95
116 129 54
117 130 83
118 131 83
119 131 55
120 132 37
121 133 117
122 134 96
123 135 50
123 136 54
124 137 132
124 138 24
125 139 23
126 140 74
127 141 21
128 142 53
129 143 71
130 144 17
131 145 5
131 146 100
132 147 117
133 148 20
134 149 4
135 150 134
136 151 50
137 152 121
138 153 105
139 154 101
140 155 3
141 156 58
142 157 84
143 158 57
144 159 49
144 160 9
145 161 105
146 162 99
147 163 133
148 164 83
149 165 124
150 166 28
151 167 28
152 168 60
153 169 58
154 170 39
155 170 123
156 171 71
157 172 85
158 172 13
159 173 70
160 173 124
161 174 106
162 175 9
163 175 63
164 176 99
165 176 126
166 177 117
167 178 103
168 179 2
169 180 57
170 181 73
171 182 80
172 183 131
173 184 103
174 185 67
175 186 74
175 187 48
176 188 18
177 189 22
178 190 46
179 191 104
180 192 115
181 193 11
182 194 132
183 194 58
184 195 66
185 196 56
186 197 9
187 198 59
188 199 83
189 200 84
190 200 80
191 200 7
192 200 21
193 200 45
194 200 49
195 200 103
196 200 23
197 200 32
198 200 106
199 200 113
