2 1 1 3 2 1 3 0
35 19 12 25 32 27 34 2
3 3 6 5 5 0 2 1
7 2 6 5 4 6 2 1
9 18 23 15 13 4 19 24
13 3 14 17 18 20 6 2
2 2 5 4 5 0 0 1
8 10 3 9 14 7 14 4
24 13 13 22 8 17 32 9
12 16 6 8 18 3 13 0
33 3 28 33 22 16 12 12
1 2 2 1 0 4 4 1
9 16 11 18 4 18 15 15
31 18 3 25 15 18 34 0
25 1 29 7 9 26 22 4
22 19 21 24 21 10 2 11
28 27 26 19 21 1 33 10
10 10 3 5 12 0 11 8
2 5 21 19 35 12 31 24
11 11 0 11 15 16 11 1
5 19 30 18 0 1 31 1
20 13 0 15 5 4 23 8
2 19 14 11 4 29 16 22
11 3 15 2 12 11 13 33
12 32 5 21 25 3 18 5
32 33 4 26 12 24 10 8
17 1 30 31 8 8 5 33
21 24 17 30 19 8 10 30
3 4 3 4 0 4 1 1
12 9 14 16 14 15 2 15
23 23 28 0 8 26 16 6
12 19 10 30 27 29 13 32
6 2 4 0 5 0 6 3
0 11 9 16 8 10 12 13
13 18 1 4 15 16 2 22
19 12 19 2 19 3 1 13
14 9 0 23 32 0 23 31
3 2 3 8 3 7 6 0
6 1 6 8 5 9 3 3
9 21 2 17 12 14 16 17
15 8 5 11 7 10 2 15
2 4 4 1 1 4 0 1
9 29 5 8 32 18 20 9
7 16 15 9 2 6 3 1
31 4 19 23 31 33 3 38
28 21 24 14 1 20 17 1
17 2 20 9 6 2 22 17
6 0 4 6 2 4 0 3
2 12 13 0 5 7 11 10
29 24 3 23 33 5 15 3
4 19 38 21 1 39 36 4
23 21 16 5 16 17 14 22
12 13 12 24 0 7 3 14
1 5 14 24 8 3 15 4
2 2 2 4 3 0 4 4
15 8 2 32 35 13 1 11
7 8 6 6 3 6 6 1
0 7 3 0 3 1 4 9
6 6 7 6 7 0 2 8
6 4 3 2 1 0 5 5
15 11 7 4 7 8 0 11
0 1 4 6 3 1 0 3
27 0 14 30 21 25 10 23
3 4 0 0 0 3 3 3
4 2 4 5 3 4 5 5
23 7 2 10 21 19 6 11
8 1 1 15 6 6 4 17
1 2 6 7 10 12 4 0
5 18 15 13 2 16 29 30
1 14 19 3 6 12 5 7
12 12 8 3 5 13 16 12
10 9 15 13 2 14 3 2
3 8 2 6 4 8 1 0
33 4 26 28 0 21 38 35
6 30 7 24 12 28 4 8
8 17 16 0 26 20 6 21
2 10 5 0 7 8 5 1
5 9 8 5 14 12 17 7
1 2 1 6 3 4 1 6
30 3 9 29 20 7 27 28
8 9 1 0 0 5 3 3
4 0 3 0 1 4 2 2
18 10 18 14 22 6 8 14
30 15 9 28 30 4 14 30
14 14 3 10 4 11 0 7
15 24 20 14 11 8 5 3
22 15 14 0 24 33 16 29
13 13 2 10 3 0 2 11
1 2 1 1 1 0 2 1
20 30 24 19 1 3 24 6
8 4 1 1 8 6 6 7
10 11 29 11 24 5 12 25
11 0 16 8 10 4 16 3
0 2 1 1 2 2 2 2
8 21 16 14 23 8 4 4
13 15 24 13 17 26 6 15
18 12 8 10 10 12 3 15
2 7 1 2 1 1 5 9
8 13 13 4 6 1 8 7
9 9 6 6 5 7 3 6
3 2 9 1 0 8 0 12
1 2 5 6 5 6 0 3
1 2 1 0 6 5 6 4
5 7 8 7 10 1 3 3
16 29 19 35 13 30 11 25
15 14 11 19 28 36 36 3
2 19 21 6 13 14 22 17
4 4 5 2 6 2 5 5
3 5 5 7 8 1 4 5
0 2 26 26 30 28 16 24
1 1 2 2 4 0 3 3
22 12 2 11 0 38 27 20
2 3 4 3 1 3 3 4
13 7 2 10 12 13 11 9
40 33 13 13 26 3 1 39
11 13 21 10 22 9 7 7
7 1 3 3 2 6 7 2
2 0 1 2 0 0 0 2
14 8 12 11 7 12 10 11
1 4 3 4 3 2 2 0
9 9 3 2 5 4 3 8
0 0 3 2 4 4 0 1
7 7 9 6 10 7 4 3
5 2 0 1 6 2 4 4
1 5 19 6 20 16 8 12
4 11 27 0 26 5 18 2
2 0 0 1 2 0 0 2
7 33 2 24 1 23 1 30
6 6 6 1 2 3 1 6
16 28 23 19 10 7 25 23
26 6 17 19 20 2 24 22
23 24 6 8 23 11 26 22
16 15 16 12 2 12 2 17
4 6 6 3 0 16 5 10
14 27 19 15 17 23 25 25
13 8 13 24 10 0 23 3
5 4 2 5 3 6 6 2
10 3 5 2 9 3 4 8
1 13 28 7 1 30 29 12
18 17 5 7 5 2 15 12
1 2 1 2 2 0 2 1
31 17 16 30 6 14 13 4
3 29 1 35 8 22 9 36
2 8 8 5 2 8 8 0
3 30 31 10 13 24 30 21
32 16 15 2 31 6 4 24
2 13 34 6 35 5 1 2
8 9 10 14 2 1 15 14
18 31 19 22 2 32 20 26
4 1 5 5 5 1 3 6
13 32 33 29 7 21 18 4
23 15 37 0 1 16 7 13
8 8 12 17 13 10 9 15
17 15 7 22 22 6 12 1
10 3 16 5 30 13 31 19
23 0 11 1 36 17 11 32
36 36 6 16 17 8 23 37
7 11 12 2 1 3 3 10
6 3 2 5 2 3 3 4
2 0 3 2 3 0 3 2
29 3 0 30 20 19 23 30
33 18 22 31 16 29 12 0
22 14 12 6 5 13 6 27
8 5 14 15 13 11 25 4
3 2 10 11 12 12 11 2
6 17 17 10 2 10 10 1
2 1 15 12 13 13 12 7
5 7 6 7 7 1 3 7
12 14 15 22 5 6 17 11
5 38 3 9 26 28 9 31
4 5 0 9 3 7 10 2
1 3 0 6 3 3 1 3
7 1 4 2 1 5 8 8
8 10 4 5 5 0 7 7
6 5 0 6 2 5 10 4
4 24 15 20 5 24 28 13
0 26 14 8 32 38 10 9
1 0 1 2 1 2 0 2
0 0 3 0 4 3 1 0
26 19 21 12 9 30 23 3
0 8 12 9 13 4 9 8
1 3 0 6 2 0 4 4
11 4 11 6 9 7 1 11
16 22 9 21 1 7 19 16
24 6 14 19 14 18 16 15
7 3 8 6 8 1 1 4
7 10 5 11 4 3 12 6
23 10 18 12 17 5 5 23
1 3 6 6 2 3 6 4
0 6 14 10 8 14 4 3
4 2 6 7 1 8 2 4
5 19 3 5 13 32 32 10
1 4 0 10 9 2 5 1
8 21 12 19 6 6 7 9
6 3 4 6 2 3 0 4
9 10 35 15 3 23 1 9
1 8 25 13 4 6 3 25
18 21 20 14 12 5 15 1
13 0 14 4 8 0 5 6
21 18 17 19 13 9 6 3
