1 2 14
1 3 11
1 4 9
1 5 2
2 6 4
2 7 10
2 8 13
2 9 6
3 10 13
3 11 4
3 12 12
3 13 10
3 14 2
4 15 2
4 16 15
4 17 12
5 18 14
5 19 9
5 20 9
5 21 15
5 22 9
6 23 14
7 24 3
8 25 5
9 26 8
10 27 10
11 28 4
12 29 11
13 30 3
14 31 15
15 32 2
16 33 12
17 34 6
18 35 13
19 36 15
20 37 6
21 38 6
22 39 10
23 40 7
24 41 7
24 42 15
24 43 2
25 44 1
26 45 5
27 46 5
28 47 11
29 48 9
30 49 13
31 50 15
31 51 6
32 52 5
33 53 10
33 54 5
34 55 15
35 56 9
36 57 4
37 58 11
38 59 10
39 60 11
40 61 4
41 62 1
42 63 12
43 64 6
44 65 7
45 66 7
46 67 11
47 67 4
48 68 13
49 69 13
50 70 15
51 71 9
52 72 12
53 73 4
54 74 2
55 75 15
56 75 9
57 76 2
58 76 14
59 77 7
60 77 15
61 78 12
62 79 3
63 80 3
63 81 7
64 82 6
65 83 6
66 84 13
67 85 3
67 86 6
68 87 10
69 88 9
70 89 1
71 90 3
72 91 12
73 92 8
74 93 15
75 94 13
75 95 9
76 96 11
77 97 2
78 98 9
79 98 12
80 99 1
81 100 7
82 101 3
83 102 14
84 103 4
85 104 11
86 105 2
87 106 9
88 106 8
89 107 5
90 108 6
91 109 6
92 110 11
93 111 6
94 112 12
95 113 10
96 114 15
97 115 10
98 116 15
99 117 15
99 118 14
100 119 14
101 120 8
102 121 7
103 122 10
104 123 15
104 124 13
105 125 5
106 126 12
107 127 1
108 128 2
108 129 9
109 130 10
110 131 11
111 132 5
112 133 14
112 134 8
113 135 5
114 136 15
115 137 5
116 138 2
117 139 12
118 140 5
119 141 6
120 142 8
121 143 6
122 144 13
123 144 6
124 145 11
125 146 7
126 146 3
127 147 5
128 147 6
129 148 12
130 149 9
131 150 5
132 151 13
133 151 8
134 152 2
135 152 2
136 153 9
137 154 13
138 155 3
139 155 4
140 156 4
141 157 13
142 158 7
143 159 1
144 160 10
145 161 6
146 162 4
147 163 8
148 164 9
149 165 1
150 166 6
151 167 1
152 168 15
153 169 6
154 170 2
155 171 1
156 172 1
157 173 12
157 174 6
158 175 11
158 176 7
159 177 12
160 178 11
161 179 10
161 180 9
162 181 3
162 182 14
163 183 15
164 184 5
165 185 12
166 186 14
167 187 9
168 188 13
168 189 11
169 190 3
170 191 7
170 192 14
171 193 13
172 194 9
173 195 3
174 196 9
175 197 13
176 198 2
177 199 1
178 200 15
179 201 1
180 202 12
181 203 2
182 204 9
183 205 11
184 206 11
185 207 7
186 208 15
187 209 13
188 210 13
189 211 5
190 212 5
191 213 12
192 214 11
193 215 8
194 216 10
195 217 13
196 218 5
197 219 12
198 220 4
199 221 7
200 222 8
201 223 14
202 224 10
203 225 5
204 226 13
205 227 10
206 228 6
207 229 10
208 230 6
209 231 3
210 232 4
211 232 14
212 233 6
213 234 7
214 235 11
215 236 4
216 237 7
217 238 7
218 239 5
219 240 10
220 241 9
221 242 15
222 243 2
223 244 11
224 245 7
225 246 4
226 246 7
227 246 11
228 246 3
229 247 11
230 247 12
231 248 15
232 249 14
233 250 2
234 251 3
235 251 2
236 252 8
237 253 8
238 254 5
239 255 14
240 256 1
241 257 15
242 258 3
243 259 1
244 260 1
245 261 4
245 262 7
246 263 11
247 264 12
248 265 14
249 266 15
250 267 11
250 268 8
251 269 6
251 270 13
252 271 5
253 272 9
254 272 9
255 273 11
256 274 7
257 275 13
258 276 3
259 277 2
260 278 7
261 278 9
262 279 10
263 280 2
264 281 8
265 281 4
266 282 12
267 283 5
268 284 14
269 285 13
270 286 7
271 287 2
272 288 15
272 289 1
272 290 8
273 291 13
274 292 5
275 293 9
275 294 10
276 295 13
276 296 3
277 297 15
278 298 15
278 299 2
279 300 6
280 301 6
281 302 14
282 303 1
283 304 8
284 305 15
285 306 14
286 307 3
286 308 6
287 309 6
288 310 6
289 310 6
290 311 13
291 312 7
292 313 10
293 314 9
294 315 13
295 316 4
296 317 15
297 318 4
298 319 5
299 320 5
300 321 8
301 322 12
302 322 1
303 323 9
304 324 9
305 325 9
306 326 4
307 327 14
308 328 4
309 329 10
310 330 6
311 331 7
312 332 13
312 333 7
313 334 4
314 335 11
315 336 1
316 337 4
317 338 12
318 339 9
319 340 14
320 341 10
321 342 1
321 343 13
322 344 2
323 345 10
324 346 3
325 347 7
326 348 15
327 349 1
328 350 6
329 351 9
330 352 2
331 353 12
332 354 3
333 355 15
334 356 10
335 357 1
336 358 6
337 358 7
338 359 15
339 360 10
340 361 1
341 362 9
342 363 6
343 364 7
344 365 14
345 366 13
346 367 2
347 368 4
348 369 12
349 370 14
350 370 12
351 371 5
352 372 3
353 373 14
354 374 9
355 374 4
356 375 3
357 376 5
358 376 12
359 377 10
360 378 12
361 379 6
362 380 2
363 381 9
364 382 1
365 383 6
366 384 10
367 385 13
368 385 1
369 385 12
370 386 5
371 387 14
372 388 1
373 389 7
373 390 13
373 391 11
374 392 7
375 393 8
376 394 1
376 395 11
377 396 7
378 397 5
378 398 7
379 399 14
380 400 5
381 401 12
382 402 12
382 403 5
382 404 7
383 405 10
384 406 6
385 407 2
386 408 7
387 409 5
388 410 3
389 410 15
390 411 13
391 411 2
392 412 5
393 412 8
394 413 4
395 414 4
396 415 10
397 415 2
398 416 15
399 417 4
400 418 3
401 419 2
402 420 8
403 421 9
404 422 2
405 422 8
406 423 13
407 423 15
408 424 7
409 425 9
410 426 7
411 427 3
412 428 6
412 429 15
413 430 10
413 431 5
414 432 6
415 433 1
416 434 11
417 435 12
418 436 10
419 437 12
420 438 14
421 439 1
422 440 4
423 441 10
424 442 11
425 443 11
426 444 1
427 445 2
428 446 8
429 447 1
430 448 15
431 449 11
432 450 12
433 451 13
434 452 8
435 453 11
436 454 7
437 455 8
438 455 12
439 456 11
440 457 7
441 458 7
442 459 7
443 460 3
444 461 5
445 462 4
446 463 1
447 464 9
448 465 12
449 466 8
450 467 12
450 468 15
451 469 3
452 470 11
452 471 8
453 472 2
454 473 8
455 474 3
456 475 14
456 476 1
457 477 10
457 478 13
458 479 3
459 480 11
459 481 12
460 482 8
461 483 8
462 484 7
463 485 13
464 485 15
465 485 15
466 486 9
467 487 8
468 488 12
469 489 2
470 490 11
471 491 8
472 492 3
473 493 15
474 494 9
475 495 11
476 496 12
477 497 15
478 498 11
479 499 9
480 500 14
481 501 3
482 502 12
483 503 4
484 504 11
485 505 14
486 506 8
487 507 8
488 508 11
489 509 8
490 510 11
491 511 13
492 512 15
493 512 14
494 513 9
495 513 14
496 514 1
497 515 12
498 516 11
499 516 15
500 517 15
501 518 5
502 519 4
503 520 8
504 521 12
505 522 12
506 523 3
507 524 3
508 524 6
509 525 13
510 526 9
511 527 3
512 528 14
513 529 5
514 530 15
515 531 12
516 532 5
517 533 15
518 534 6
519 535 12
519 536 4
520 537 5
521 538 8
522 539 11
523 540 2
524 541 7
525 542 3
526 543 14
526 544 3
527 545 9
527 546 3
528 547 12
529 548 13
529 549 2
530 550 6
530 551 12
530 552 9
531 553 5
532 554 3
533 555 4
534 556 2
535 557 12
536 558 11
537 559 5
538 560 10
539 561 10
540 562 14
541 563 2
542 563 11
543 564 9
544 565 4
545 566 15
546 567 2
547 568 13
548 569 9
549 570 2
550 571 7
551 572 7
552 573 13
553 574 7
554 575 9
555 576 15
556 577 5
557 578 12
558 579 11
559 580 10
560 581 6
561 582 9
562 583 14
562 584 3
563 585 11
564 586 8
565 587 13
566 588 2
567 589 15
568 590 5
569 591 5
570 592 4
571 593 15
572 594 7
573 595 2
574 596 12
575 597 7
576 598 4
577 599 7
578 600 9
579 600 3
580 600 8
581 600 12
582 600 14
583 600 3
584 600 8
585 600 3
586 600 4
587 600 10
588 600 13
589 600 15
590 600 11
591 600 11
592 600 8
593 600 14
594 600 12
595 600 5
596 600 4
597 600 2
598 600 6
599 600 13
