1 2 2
1 3 13
1 4 13
1 5 9
2 6 5
2 7 8
2 8 1
3 9 2
3 10 6
3 11 11
3 12 6
4 13 15
4 14 12
4 15 1
5 16 8
5 17 14
5 18 15
5 19 2
6 20 10
6 21 1
7 22 2
7 23 5
8 24 10
8 25 12
9 26 14
10 27 2
10 28 8
11 29 3
12 30 15
13 31 7
14 32 13
15 33 8
16 34 8
17 35 5
17 36 15
18 37 10
19 38 15
19 39 1
20 40 1
21 41 1
22 42 2
23 43 15
24 44 2
25 44 9
26 45 9
27 46 10
28 46 15
29 47 4
30 48 2
31 49 9
32 49 6
33 50 12
34 51 12
35 51 10
36 52 6
37 53 9
38 54 10
39 55 9
40 56 13
41 57 14
42 57 11
43 58 2
44 59 3
45 60 3
46 61 1
47 62 7
48 62 2
49 63 1
50 64 1
51 65 3
52 66 13
53 67 12
54 68 5
55 69 3
56 70 10
56 71 1
57 72 5
58 73 1
59 74 8
59 75 7
60 76 14
61 77 4
62 78 7
63 79 12
63 80 13
64 81 11
64 82 7
65 83 13
66 84 8
67 85 8
68 86 14
69 87 15
70 88 13
70 89 14
71 90 8
72 91 11
73 92 10
74 93 3
75 94 3
75 95 5
76 96 13
77 97 14
78 98 14
79 99 3
80 100 10
81 101 7
81 102 6
82 103 1
83 104 1
84 105 1
84 106 8
85 107 1
86 108 9
86 109 4
87 110 9
88 111 10
89 112 7
90 112 1
91 112 4
92 112 1
93 113 11
94 114 7
95 115 11
96 116 9
97 116 14
98 117 15
99 117 7
100 118 9
101 118 3
102 118 14
103 119 10
104 119 12
105 120 9
106 121 9
107 122 12
108 123 14
109 124 2
110 124 13
111 125 4
111 126 7
111 127 5
112 128 6
112 129 5
113 130 3
113 131 2
113 132 2
114 133 10
114 134 6
114 135 9
115 136 1
115 137 2
116 138 6
116 139 1
117 140 1
117 141 15
117 142 11
118 143 10
118 144 4
118 145 15
119 146 7
119 147 12
120 148 7
121 149 3
122 150 12
122 151 4
122 152 5
123 153 7
124 154 9
124 155 4
125 156 10
126 156 5
127 157 2
128 158 1
129 159 4
130 160 11
131 161 4
132 161 1
133 162 4
134 163 15
135 163 7
136 164 10
137 165 8
138 166 7
139 166 7
140 167 3
141 168 15
142 169 1
143 169 1
144 169 15
145 170 13
146 170 3
147 170 8
148 171 9
149 171 8
150 171 12
151 172 3
152 173 6
153 173 14
154 173 3
155 174 10
156 175 15
157 176 8
158 177 4
159 178 8
160 179 7
161 180 9
162 181 15
163 182 13
164 182 15
165 182 5
166 183 8
167 184 1
168 185 5
169 186 14
170 186 1
171 187 15
172 188 6
173 189 6
174 190 13
175 191 10
175 192 7
176 193 3
177 194 4
178 195 6
178 196 4
179 197 4
179 198 9
180 199 6
181 200 7
182 201 15
183 202 8
183 203 3
184 204 7
184 205 14
185 206 3
185 207 11
186 208 8
187 209 8
188 210 8
189 211 1
190 212 4
190 213 2
191 214 6
192 214 14
193 215 4
194 215 13
195 216 14
196 217 12
197 218 14
198 219 11
199 219 10
200 219 9
201 219 6
202 219 11
203 220 15
204 220 2
205 221 14
206 221 9
207 221 12
208 222 8
209 223 11
210 223 5
211 223 5
212 224 4
213 224 8
214 225 3
215 226 11
216 226 4
217 227 14
218 227 10
219 228 6
220 228 11
221 229 6
222 229 10
223 230 13
224 231 13
225 232 11
226 233 3
226 234 9
226 235 1
227 236 15
227 237 8
227 238 10
228 239 9
229 240 7
229 241 10
229 242 11
230 243 3
230 244 15
230 245 8
231 246 6
231 247 4
231 248 7
232 249 7
232 250 4
233 251 2
233 252 9
234 253 13
235 254 2
235 255 12
236 256 12
237 257 2
238 258 2
238 259 5
239 260 4
240 261 12
240 262 8
241 263 15
242 264 1
243 265 14
244 266 2
244 267 11
245 268 2
245 269 8
245 270 8
246 271 15
247 272 7
248 273 4
249 274 10
250 275 3
251 276 1
252 277 5
253 278 15
254 279 13
255 280 9
256 281 8
257 282 11
258 283 1
259 284 12
260 285 12
261 286 15
262 287 5
263 288 1
264 289 9
265 290 9
266 291 11
267 292 14
268 293 8
269 294 14
270 295 2
271 296 7
272 297 15
273 298 13
274 299 13
275 299 6
276 300 5
277 301 13
278 302 8
279 303 14
280 304 12
281 304 13
282 305 11
283 306 10
284 306 3
285 307 8
286 308 11
287 309 15
288 310 2
289 310 4
290 311 12
291 311 15
292 312 12
293 313 4
294 313 1
295 314 4
296 314 14
297 315 9
298 316 9
299 317 6
300 318 4
301 319 10
302 320 8
303 321 14
304 322 11
305 323 2
306 324 9
307 324 12
308 325 4
309 326 9
310 327 14
311 327 2
312 328 8
313 329 10
314 330 11
315 331 15
316 332 6
317 333 10
318 334 4
319 335 3
320 336 11
321 337 1
322 338 6
323 339 9
323 340 1
324 341 4
324 342 13
325 343 5
326 344 12
327 345 9
327 346 4
327 347 15
328 348 15
329 349 2
330 350 5
331 351 11
332 352 7
333 353 4
333 354 9
334 355 8
335 356 8
336 357 1
337 358 4
338 359 15
339 360 6
340 361 1
341 362 11
341 363 10
342 364 8
342 365 2
343 366 13
343 367 3
344 368 6
344 369 5
344 370 8
345 371 12
346 372 4
347 373 1
348 374 5
349 375 8
349 376 15
350 377 8
351 378 6
352 379 14
353 380 6
354 381 5
355 382 5
356 383 2
357 384 7
358 385 3
359 386 9
360 387 8
361 388 4
362 388 6
363 389 6
364 390 14
365 391 6
366 391 3
367 392 10
368 393 7
369 393 2
370 394 1
371 394 3
372 395 11
373 396 9
374 396 5
375 397 6
376 398 3
377 398 13
378 399 5
379 399 7
380 400 10
381 401 15
382 402 7
382 403 8
383 404 8
384 405 15
385 406 4
386 407 9
387 408 1
388 409 1
388 410 2
389 411 13
390 412 4
391 413 5
392 414 8
393 415 6
394 416 8
395 417 5
396 418 6
397 419 15
398 420 12
399 421 9
400 422 11
400 423 14
401 424 1
401 425 3
402 426 3
403 427 13
404 428 1
404 429 6
404 430 7
405 431 10
405 432 14
406 433 1
407 434 7
408 435 2
409 436 1
409 437 15
410 438 6
411 439 1
411 440 15
412 441 9
413 442 6
413 443 3
414 444 4
414 445 6
414 446 12
415 447 12
416 448 8
417 449 8
417 450 15
418 451 15
419 452 2
420 453 9
420 454 5
421 455 7
422 456 13
423 457 13
424 457 11
425 458 3
426 459 7
427 460 9
428 460 1
429 460 10
430 460 9
431 461 1
432 462 2
433 463 7
434 464 11
435 465 15
436 465 8
437 466 12
438 467 1
439 468 14
440 468 13
441 469 3
442 470 7
443 471 13
444 472 14
445 473 7
446 474 15
447 474 9
448 475 5
449 476 1
450 477 3
451 478 12
452 479 10
453 480 15
454 481 9
455 482 9
456 483 14
457 484 8
458 485 14
459 486 8
460 487 14
461 488 1
462 489 5
463 490 8
464 491 12
465 492 9
466 493 2
467 494 1
468 495 7
469 496 1
470 497 2
471 498 10
472 499 15
473 500 11
474 501 11
474 502 15
475 503 10
476 504 6
477 505 12
478 506 6
479 507 7
480 508 4
481 509 15
482 510 6
483 511 14
484 512 3
485 513 9
486 514 12
487 515 6
488 515 11
489 516 15
490 517 8
491 518 10
492 519 3
493 520 8
494 520 5
495 520 1
496 521 15
497 522 10
498 523 14
499 523 11
500 524 12
501 525 8
502 525 8
503 525 12
504 526 6
505 527 14
506 528 12
507 529 6
508 530 2
509 530 8
510 530 8
511 531 2
512 532 10
513 533 7
514 534 11
515 535 1
516 536 3
517 537 8
518 538 3
519 539 12
520 540 14
521 541 14
522 542 3
523 543 11
524 544 10
525 545 6
526 546 1
527 547 14
528 548 2
529 549 9
530 549 9
531 550 14
532 551 5
532 552 7
533 553 7
534 554 3
535 555 9
536 556 4
537 557 4
538 558 13
539 559 10
540 560 11
541 561 6
542 562 11
543 563 9
544 564 5
545 565 11
546 566 4
547 567 11
548 568 7
549 569 13
550 570 3
551 571 9
552 572 8
553 572 1
554 573 9
555 574 14
556 575 10
557 576 5
558 577 14
559 578 7
560 578 6
561 578 3
562 579 1
563 580 3
564 581 7
565 582 6
566 583 2
567 584 14
568 585 8
569 586 5
570 587 7
570 588 4
571 589 14
572 590 7
573 591 7
574 592 4
574 593 7
575 594 14
576 595 8
577 596 7
577 597 10
578 598 11
579 599 10
579 600 4
580 601 2
581 602 9
582 603 15
583 604 11
584 605 5
584 606 6
585 607 1
586 608 10
587 609 6
588 610 12
589 611 2
590 612 3
591 612 11
592 613 14
593 614 8
594 615 15
595 616 8
596 617 11
597 617 7
598 618 11
599 619 2
600 620 5
601 621 2
602 622 5
603 623 5
604 624 8
605 625 6
606 626 5
607 627 4
608 628 9
609 629 4
610 630 4
611 631 5
612 632 13
613 633 1
614 634 4
615 635 2
616 636 9
617 637 8
618 638 6
619 639 2
620 640 15
621 641 12
622 641 3
623 642 8
624 643 6
625 644 14
626 645 5
627 646 3
628 647 6
629 648 14
630 649 13
631 649 9
632 650 15
633 650 13
634 651 9
635 651 12
636 652 9
637 653 7
638 654 4
639 654 11
640 655 12
641 655 3
642 656 1
643 657 10
644 658 7
645 659 1
646 660 12
647 660 2
648 661 13
649 662 12
650 663 15
651 664 1
651 665 5
652 666 3
652 667 1
653 668 9
653 669 13
654 670 6
655 671 9
655 672 14
656 673 1
656 674 4
656 675 15
657 676 6
657 677 2
658 678 3
659 679 10
659 680 1
660 681 4
661 682 12
662 683 2
663 684 8
664 685 4
665 686 11
666 686 12
667 686 14
668 686 15
669 687 12
670 688 8
671 689 6
672 690 14
673 690 7
674 691 7
675 692 9
676 693 14
677 693 6
678 694 4
679 695 6
680 696 15
681 696 14
682 697 12
682 698 5
683 699 14
683 700 6
684 701 13
685 702 6
686 703 7
687 704 7
688 705 7
689 706 13
690 707 11
690 708 3
690 709 8
691 710 2
691 711 1
691 712 12
692 713 13
693 714 9
693 715 10
694 716 11
694 717 3
695 718 13
696 719 5
697 720 6
698 721 1
699 722 2
700 723 1
701 724 15
702 725 7
703 726 12
704 727 10
704 728 11
705 729 10
706 730 11
707 731 6
708 732 1
708 733 5
709 734 3
710 735 6
711 736 7
712 737 13
713 738 3
714 739 7
715 740 6
715 741 10
716 742 2
717 743 9
718 744 12
719 745 5
720 746 13
721 746 14
722 747 1
723 747 14
724 748 12
725 748 14
726 749 1
727 750 6
728 750 9
729 751 2
730 751 4
731 751 1
732 752 15
733 752 7
734 753 15
735 754 6
736 755 6
737 756 6
738 757 6
739 758 2
740 759 13
741 760 13
742 761 15
743 761 5
744 762 3
745 763 14
746 764 1
746 765 4
747 766 7
747 767 11
748 768 6
749 769 8
750 770 14
750 771 13
751 772 13
752 773 12
753 774 10
754 775 10
755 776 2
756 777 7
756 778 8
757 779 10
757 780 13
758 781 13
758 782 6
758 783 14
759 784 7
759 785 9
760 786 5
761 787 15
761 788 4
762 789 7
763 790 3
763 791 14
764 792 15
765 793 12
766 794 14
767 795 7
768 795 6
769 796 15
770 796 1
771 797 5
772 797 9
773 798 10
774 798 2
775 799 1
776 800 6
777 801 11
778 802 4
779 803 12
780 803 8
781 804 11
782 805 14
783 806 9
784 807 6
785 807 2
786 808 5
787 809 5
788 809 4
789 810 12
790 810 10
791 811 5
792 812 13
793 812 9
794 813 4
795 814 10
796 815 14
797 815 15
798 815 4
799 816 10
800 817 15
801 818 14
802 819 13
803 820 8
804 821 8
805 822 13
806 823 12
807 824 2
808 825 14
809 826 15
810 827 4
811 828 12
812 829 14
813 830 14
814 831 9
815 832 3
816 833 6
817 834 8
818 835 14
819 836 5
820 837 6
820 838 7
821 839 15
822 840 2
823 841 1
824 842 4
825 843 13
826 844 15
827 845 1
828 846 3
829 847 15
830 847 9
831 847 8
832 847 9
833 847 2
834 848 6
835 849 6
836 849 1
837 850 14
838 851 5
839 852 9
840 853 15
841 854 12
842 855 4
843 856 15
844 856 9
845 857 7
846 858 3
847 859 2
848 860 9
849 861 5
849 862 3
850 863 7
850 864 6
851 865 5
852 866 12
852 867 1
853 868 10
854 869 14
855 870 6
856 871 15
857 872 14
857 873 8
858 874 12
858 875 12
859 876 3
860 877 1
861 878 5
861 879 3
862 880 12
863 881 9
864 882 5
865 883 12
865 884 15
866 885 3
866 886 7
867 887 8
868 888 14
868 889 6
869 890 6
870 891 1
870 892 12
870 893 4
871 894 15
871 895 5
872 896 2
873 897 14
874 898 8
875 899 6
876 900 11
877 900 15
878 900 7
879 900 3
880 900 13
881 900 9
882 900 12
883 900 9
884 900 1
885 900 9
886 900 1
887 900 8
888 900 2
889 900 14
890 900 10
891 900 13
892 900 10
893 900 3
894 900 14
895 900 8
896 900 2
897 900 2
898 900 15
899 900 1
