1 2 1
1 3 1
1 4 1
1 5 1
1 6 1
2 7 1
2 8 1
3 9 1
3 10 1
3 11 1
4 12 1
4 13 1
4 14 1
5 15 1
6 16 1
7 17 1
8 18 1
8 19 1
9 20 1
9 21 1
10 22 1
10 23 1
11 24 1
11 25 1
12 26 1
12 27 1
13 28 1
14 29 1
15 30 1
16 31 1
16 32 1
17 33 1
18 33 1
19 34 1
20 35 1
21 36 1
22 36 1
23 36 1
24 37 1
25 38 1
26 38 1
27 39 1
28 40 1
29 41 1
30 42 1
31 43 1
32 44 1
33 45 1
34 46 1
35 47 1
36 48 1
37 49 1
38 50 1
39 51 1
40 52 1
41 53 1
42 54 1
43 55 1
44 56 1
45 57 1
45 58 1
45 59 1
46 60 1
47 61 1
48 62 1
49 63 1
50 64 1
50 65 1
51 66 1
52 67 1
53 68 1
54 69 1
55 70 1
55 71 1
56 72 1
57 73 1
58 73 1
59 74 1
60 74 1
61 75 1
62 75 1
63 75 1
64 76 1
65 77 1
66 78 1
67 79 1
68 79 1
69 80 1
70 81 1
71 82 1
72 83 1
73 84 1
74 85 1
74 86 1
75 87 1
76 88 1
77 89 1
78 90 1
79 91 1
80 92 1
81 93 1
82 94 1
83 95 1
83 96 1
84 97 1
85 98 1
86 99 1
87 100 1
88 101 1
88 102 1
88 103 1
89 104 1
90 105 1
91 106 1
92 107 1
92 108 1
92 109 1
93 110 1
93 111 1
93 112 1
94 113 1
95 114 1
96 115 1
97 116 1
98 116 1
99 117 1
100 118 1
101 118 1
102 119 1
103 120 1
104 120 1
105 121 1
106 122 1
107 122 1
108 122 1
109 123 1
110 123 1
111 124 1
112 124 1
113 125 1
114 126 1
115 127 1
116 128 1
117 129 1
118 130 1
119 131 1
120 132 1
121 132 1
122 133 1
123 134 1
124 135 1
125 136 1
126 136 1
127 137 1
128 138 1
129 139 1
130 140 1
130 141 1
131 142 1
132 143 1
133 144 1
133 145 1
134 146 1
135 147 1
135 148 1
136 149 1
137 150 1
138 151 1
139 152 1
140 153 1
141 154 1
142 155 1
143 156 1
144 157 1
145 158 1
146 159 1
147 160 1
148 161 1
149 162 1
150 163 1
151 164 1
152 165 1
153 166 1
153 167 1
154 168 1
154 169 1
155 170 1
155 171 1
155 172 1
156 173 1
157 174 1
158 175 1
159 176 1
159 177 1
160 178 1
161 179 1
162 180 1
162 181 1
163 182 1
163 183 1
164 184 1
165 185 1
166 185 1
167 186 1
168 186 1
169 187 1
170 187 1
171 188 1
172 188 1
173 188 1
174 189 1
175 189 1
176 190 1
177 191 1
178 192 1
179 193 1
180 194 1
181 195 1
182 196 1
183 197 1
184 198 1
185 199 1
185 200 1
186 201 1
187 202 1
187 203 1
188 204 1
189 205 1
190 206 1
190 207 1
191 208 1
192 209 1
193 210 1
194 211 1
195 212 1
196 213 1
196 214 1
197 215 1
198 216 1
199 216 1
200 217 1
201 218 1
202 218 1
203 218 1
204 219 1
205 220 1
206 220 1
207 221 1
208 221 1
209 222 1
210 222 1
211 223 1
212 223 1
213 224 1
214 225 1
215 225 1
216 226 1
217 227 1
218 228 1
218 229 1
219 230 1
220 231 1
221 232 1
221 233 1
222 234 1
223 235 1
224 236 1
225 237 1
226 238 1
227 239 1
228 240 1
229 241 1
229 242 1
230 243 1
231 244 1
232 245 1
232 246 1
233 247 1
233 248 1
234 249 1
235 250 1
235 251 1
236 252 1
237 253 1
238 254 1
239 255 1
240 256 1
241 256 1
242 257 1
243 258 1
244 259 1
245 259 1
246 260 1
247 261 1
248 262 1
249 263 1
250 264 1
251 265 1
252 266 1
253 267 1
254 268 1
255 269 1
256 270 1
257 271 1
258 272 1
259 273 1
260 274 1
261 275 1
262 276 1
263 277 1
264 277 1
265 278 1
266 279 1
267 279 1
268 280 1
268 281 1
269 282 1
269 283 1
269 284 1
269 285 1
270 286 1
270 287 1
271 288 1
271 289 1
271 290 1
271 291 1
271 292 1
272 293 1
272 294 1
272 295 1
273 296 1
273 297 1
274 298 1
274 299 1
275 300 1
275 301 1
275 302 1
276 303 1
276 304 1
276 305 1
277 306 1
278 307 1
278 308 1
278 309 1
278 310 1
278 311 1
279 312 1
279 313 1
279 314 1
280 315 1
281 315 1
282 315 1
283 316 1
284 317 1
285 317 1
286 317 1
287 318 1
288 319 1
289 319 1
290 320 1
291 320 1
292 320 1
293 321 1
294 321 1
295 321 1
296 321 1
297 322 1
298 322 1
299 322 1
300 322 1
301 323 1
302 324 1
303 325 1
304 325 1
305 325 1
306 326 1
307 326 1
308 327 1
309 327 1
310 327 1
311 328 1
312 329 1
313 329 1
314 330 1
315 331 1
316 332 1
317 333 1
318 334 1
319 335 1
320 335 1
321 336 1
322 336 1
323 337 1
324 337 1
325 337 1
326 338 1
327 339 1
328 339 1
329 340 1
330 341 1
331 342 1
332 343 1
333 344 1
334 345 1
335 346 1
336 347 1
337 348 1
338 349 1
339 350 1
340 351 1
341 352 1
341 353 1
342 354 1
343 355 1
344 356 1
345 357 1
346 358 1
347 359 1
348 360 1
349 361 1
350 362 1
351 363 1
352 363 1
353 364 1
354 365 1
354 366 1
355 367 1
356 368 1
356 369 1
357 370 1
358 371 1
358 372 1
359 373 1
360 374 1
360 375 1
361 376 1
362 377 1
363 378 1
364 379 1
365 380 1
366 381 1
367 382 1
368 383 1
368 384 1
369 385 1
370 386 1
371 387 1
372 388 1
373 389 1
374 390 1
375 391 1
376 392 1
377 393 1
378 394 1
379 395 1
380 396 1
381 397 1
382 398 1
383 398 1
384 398 1
385 399 1
386 400 1
387 401 1
388 402 1
389 402 1
390 403 1
391 403 1
392 404 1
393 405 1
394 406 1
395 407 1
396 408 1
397 409 1
398 410 1
399 411 1
400 412 1
401 413 1
402 414 1
403 415 1
404 416 1
405 417 1
406 418 1
407 419 1
408 420 1
409 421 1
410 422 1
410 423 1
410 424 1
411 425 1
412 426 1
413 427 1
413 428 1
414 429 1
415 430 1
416 431 1
417 432 1
417 433 1
418 434 1
419 435 1
420 436 1
421 437 1
422 438 1
423 439 1
424 440 1
425 441 1
426 442 1
427 443 1
428 444 1
429 445 1
430 446 1
431 447 1
432 448 1
433 449 1
434 450 1
435 451 1
436 452 1
437 453 1
438 454 1
439 455 1
440 456 1
440 457 1
441 458 1
442 459 1
443 460 1
444 461 1
445 462 1
446 463 1
447 464 1
448 465 1
449 466 1
450 467 1
451 468 1
451 469 1
452 470 1
453 471 1
454 472 1
455 472 1
456 473 1
457 473 1
458 474 1
459 475 1
460 475 1
461 476 1
462 476 1
463 477 1
464 478 1
465 479 1
466 480 1
467 481 1
468 481 1
469 482 1
470 483 1
471 484 1
472 485 1
473 486 1
474 487 1
475 488 1
476 489 1
477 490 1
478 491 1
479 492 1
480 493 1
481 494 1
482 495 1
483 496 1
484 497 1
485 498 1
486 499 1
487 500 1
488 501 1
489 502 1
489 503 1
490 504 1
491 505 1
492 506 1
493 507 1
494 508 1
495 509 1
496 510 1
497 511 1
498 512 1
499 512 1
500 513 1
501 514 1
502 514 1
503 515 1
504 516 1
505 516 1
506 517 1
507 518 1
508 518 1
509 519 1
510 520 1
511 521 1
512 522 1
512 523 1
513 524 1
514 525 1
515 526 1
515 527 1
515 528 1
516 529 1
517 530 1
518 531 1
519 532 1
520 533 1
521 533 1
522 533 1
523 534 1
524 535 1
525 536 1
526 537 1
527 537 1
528 537 1
529 538 1
530 539 1
531 540 1
532 541 1
533 542 1
534 543 1
534 544 1
535 545 1
536 546 1
536 547 1
537 548 1
538 549 1
539 550 1
540 551 1
541 552 1
542 553 1
543 554 1
544 555 1
544 556 1
545 557 1
546 558 1
547 559 1
547 560 1
548 561 1
549 562 1
550 563 1
550 564 1
551 565 1
551 566 1
552 567 1
552 568 1
553 569 1
554 570 1
555 571 1
556 571 1
557 572 1
558 573 1
559 574 1
560 575 1
561 576 1
562 577 1
563 577 1
564 578 1
565 579 1
566 580 1
567 581 1
568 582 1
569 583 1
570 584 1
571 585 1
571 586 1
571 587 1
572 588 1
573 589 1
574 590 1
575 591 1
576 592 1
577 593 1
577 594 1
578 595 1
579 596 1
580 597 1
581 598 1
582 599 1
583 600 1
584 600 1
585 600 1
586 600 1
587 600 1
588 600 1
589 600 1
590 600 1
591 600 1
592 600 1
593 600 1
594 600 1
595 600 1
596 600 1
597 600 1
598 600 1
599 600 1
