1 2 1
1 3 1
1 4 1
1 5 1
2 6 1
2 7 1
2 8 1
2 9 1
2 10 1
3 11 1
3 12 1
3 13 1
3 14 1
3 15 1
4 16 1
4 17 1
4 18 1
4 19 1
4 20 1
5 21 1
5 22 1
5 23 1
5 24 1
5 25 1
6 26 1
7 27 1
8 27 1
9 28 1
10 29 1
11 30 1
12 30 1
13 31 1
14 32 1
15 33 1
16 34 1
17 35 1
18 35 1
19 35 1
20 35 1
21 36 1
22 37 1
23 37 1
24 38 1
25 39 1
26 40 1
27 41 1
28 42 1
29 43 1
30 44 1
31 45 1
32 46 1
33 47 1
34 48 1
35 49 1
36 50 1
37 51 1
38 52 1
38 53 1
39 54 1
40 55 1
41 56 1
42 57 1
43 58 1
44 59 1
45 60 1
46 60 1
47 60 1
48 61 1
49 62 1
50 63 1
51 64 1
52 65 1
53 66 1
54 67 1
55 68 1
56 69 1
57 70 1
58 71 1
59 72 1
60 73 1
61 74 1
62 75 1
63 76 1
64 77 1
65 78 1
66 79 1
67 79 1
68 80 1
69 81 1
70 82 1
71 83 1
72 84 1
73 85 1
74 86 1
75 87 1
76 88 1
77 89 1
78 90 1
79 91 1
80 92 1
81 93 1
82 94 1
82 95 1
83 96 1
83 97 1
84 98 1
84 99 1
85 100 1
86 101 1
87 102 1
87 103 1
87 104 1
88 105 1
89 106 1
90 107 1
91 108 1
92 109 1
93 110 1
94 111 1
95 112 1
96 113 1
97 114 1
97 115 1
98 116 1
99 117 1
100 118 1
101 119 1
102 120 1
103 121 1
104 122 1
105 123 1
106 124 1
107 125 1
108 126 1
109 127 1
110 128 1
111 129 1
111 130 1
112 131 1
113 132 1
114 133 1
115 134 1
116 135 1
117 136 1
118 137 1
119 138 1
120 139 1
121 140 1
122 141 1
123 142 1
124 143 1
125 144 1
126 145 1
127 146 1
128 147 1
129 148 1
130 149 1
131 150 1
132 151 1
133 152 1
134 153 1
135 154 1
136 154 1
137 155 1
138 155 1
139 156 1
140 157 1
141 158 1
142 159 1
143 160 1
144 160 1
145 160 1
146 161 1
147 162 1
148 163 1
149 163 1
150 164 1
151 165 1
152 166 1
153 167 1
154 167 1
155 168 1
156 169 1
157 169 1
158 170 1
159 171 1
160 171 1
161 172 1
161 173 1
162 174 1
163 175 1
164 176 1
164 177 1
165 178 1
165 179 1
166 180 1
166 181 1
167 182 1
167 183 1
168 184 1
169 185 1
170 186 1
170 187 1
171 188 1
171 189 1
172 190 1
173 190 1
174 191 1
175 192 1
176 193 1
177 194 1
178 195 1
179 196 1
180 197 1
181 198 1
182 199 1
183 200 1
184 201 1
185 202 1
186 203 1
187 204 1
188 205 1
189 206 1
190 207 1
191 208 1
192 208 1
193 208 1
194 209 1
195 210 1
196 210 1
197 211 1
198 211 1
199 212 1
200 212 1
201 212 1
202 213 1
203 213 1
204 213 1
205 213 1
206 214 1
207 215 1
208 216 1
208 217 1
208 218 1
208 219 1
209 220 1
210 221 1
210 222 1
211 223 1
211 224 1
212 225 1
212 226 1
212 227 1
213 228 1
213 229 1
214 230 1
214 231 1
215 232 1
216 233 1
217 234 1
218 234 1
219 235 1
220 236 1
221 237 1
222 237 1
223 237 1
224 238 1
225 239 1
226 240 1
227 241 1
228 241 1
229 242 1
230 243 1
231 244 1
232 245 1
233 246 1
234 247 1
235 248 1
235 249 1
235 250 1
236 251 1
237 252 1
238 253 1
239 254 1
240 255 1
241 256 1
242 257 1
243 258 1
244 259 1
245 260 1
245 261 1
246 262 1
246 263 1
247 264 1
247 265 1
247 266 1
247 267 1
248 268 1
249 269 1
249 270 1
249 271 1
250 272 1
250 273 1
251 274 1
251 275 1
252 276 1
252 277 1
252 278 1
253 279 1
253 280 1
254 281 1
254 282 1
255 283 1
256 284 1
256 285 1
256 286 1
257 287 1
257 288 1
258 289 1
258 290 1
259 291 1
260 292 1
261 292 1
262 293 1
263 293 1
264 293 1
265 294 1
266 294 1
267 295 1
268 295 1
269 296 1
270 296 1
271 296 1
272 297 1
273 297 1
274 297 1
275 298 1
276 298 1
277 299 1
278 300 1
279 300 1
280 300 1
281 301 1
282 301 1
283 302 1
284 302 1
285 302 1
286 302 1
287 303 1
288 304 1
289 305 1
290 305 1
291 305 1
292 306 1
293 307 1
293 308 1
294 309 1
295 310 1
296 311 1
296 312 1
297 313 1
298 314 1
298 315 1
298 316 1
299 317 1
299 318 1
299 319 1
300 320 1
301 321 1
302 322 1
303 323 1
304 324 1
305 325 1
306 326 1
307 327 1
308 327 1
309 328 1
310 328 1
311 329 1
312 329 1
313 330 1
314 330 1
315 331 1
316 332 1
317 333 1
318 334 1
319 334 1
320 335 1
321 335 1
322 336 1
323 337 1
324 338 1
325 339 1
326 340 1
327 341 1
328 342 1
329 343 1
330 344 1
331 345 1
332 346 1
333 347 1
334 348 1
335 349 1
336 350 1
337 351 1
338 352 1
339 353 1
340 354 1
341 355 1
342 356 1
343 357 1
344 358 1
345 359 1
346 360 1
347 361 1
348 362 1
349 362 1
350 363 1
351 363 1
352 364 1
353 365 1
354 366 1
354 367 1
355 368 1
355 369 1
356 370 1
356 371 1
356 372 1
356 373 1
356 374 1
357 375 1
358 376 1
359 377 1
359 378 1
360 379 1
360 380 1
360 381 1
361 382 1
362 383 1
362 384 1
363 385 1
363 386 1
364 387 1
364 388 1
364 389 1
365 390 1
365 391 1
366 392 1
367 392 1
368 393 1
369 394 1
370 395 1
371 396 1
372 397 1
373 398 1
374 399 1
375 399 1
376 400 1
377 401 1
378 402 1
379 403 1
380 404 1
381 404 1
382 405 1
383 405 1
384 406 1
385 407 1
386 407 1
387 408 1
388 409 1
389 410 1
390 411 1
391 412 1
392 413 1
393 414 1
394 415 1
395 416 1
396 417 1
397 417 1
398 418 1
399 419 1
400 420 1
401 420 1
402 421 1
403 421 1
404 421 1
405 422 1
406 422 1
407 422 1
408 423 1
409 423 1
410 424 1
411 425 1
412 426 1
413 427 1
414 428 1
415 429 1
416 430 1
417 431 1
418 432 1
419 433 1
420 434 1
421 435 1
422 436 1
423 437 1
424 438 1
425 439 1
426 440 1
426 441 1
427 442 1
428 443 1
429 444 1
430 445 1
431 446 1
432 447 1
433 448 1
433 449 1
434 450 1
435 451 1
436 452 1
437 453 1
438 454 1
439 455 1
440 456 1
441 457 1
442 458 1
443 459 1
443 460 1
444 461 1
445 462 1
445 463 1
445 464 1
446 465 1
447 466 1
448 467 1
449 468 1
450 469 1
451 470 1
452 471 1
453 472 1
454 473 1
455 474 1
456 475 1
457 476 1
458 477 1
459 477 1
460 478 1
461 478 1
462 479 1
463 480 1
464 481 1
465 482 1
466 483 1
467 483 1
468 484 1
469 485 1
470 486 1
471 487 1
472 488 1
473 488 1
474 489 1
475 489 1
476 490 1
477 491 1
478 492 1
478 493 1
479 494 1
480 495 1
481 496 1
481 497 1
482 498 1
483 499 1
483 500 1
484 501 1
485 502 1
485 503 1
485 504 1
486 505 1
486 506 1
486 507 1
486 508 1
487 509 1
487 510 1
488 511 1
489 512 1
489 513 1
490 514 1
490 515 1
490 516 1
491 517 1
492 517 1
493 518 1
494 518 1
495 518 1
496 519 1
497 519 1
498 520 1
499 520 1
500 521 1
501 522 1
502 522 1
503 523 1
504 523 1
505 523 1
506 524 1
507 525 1
508 526 1
509 527 1
510 528 1
511 529 1
512 530 1
513 531 1
514 531 1
515 532 1
516 533 1
517 534 1
518 535 1
519 536 1
520 537 1
521 538 1
522 539 1
523 539 1
524 540 1
525 541 1
526 542 1
527 543 1
528 544 1
529 545 1
530 546 1
531 547 1
532 548 1
533 549 1
534 550 1
535 551 1
536 552 1
537 553 1
538 554 1
539 555 1
540 556 1
541 557 1
542 558 1
543 559 1
544 560 1
545 561 1
546 562 1
547 563 1
548 564 1
549 565 1
550 566 1
551 567 1
551 568 1
552 569 1
553 570 1
553 571 1
553 572 1
554 573 1
554 574 1
555 575 1
556 576 1
556 577 1
557 578 1
558 579 1
559 580 1
560 581 1
561 582 1
561 583 1
562 584 1
563 585 1
564 586 1
565 587 1
566 588 1
567 588 1
568 589 1
569 589 1
570 589 1
571 590 1
572 590 1
573 590 1
574 591 1
575 592 1
576 593 1
577 593 1
578 593 1
579 594 1
580 594 1
581 595 1
582 596 1
583 597 1
584 598 1
585 599 1
586 599 1
587 599 1
588 600 1
589 600 1
590 600 1
591 600 1
592 600 1
593 600 1
594 600 1
595 600 1
596 600 1
597 600 1
598 600 1
599 600 1
