6 6 7 6
4 3 4 4
12 12 13 13
5 5 4 5
5 4 4 5
8 7 8 8
13 13 13 12
4 3 4 3
4 4 4 3
8 7 8 8
2 2 2 1
4 4 3 3
12 12 12 12
11 10 11 11
1 2 1 2
6 6 6 5
10 9 9 9
10 11 10 10
9 9 8 9
6 6 7 7
5 4 5 4
1 2 1 2
9 10 9 10
4 4 4 5
10 10 9 10
9 10 10 10
7 7 6 7
10 9 10 9
10 10 9 9
12 12 12 12
6 6 6 6
2 2 1 2
9 9 8 8
6 6 7 7
6 6 5 6
8 8 7 7
9 10 9 9
2 1 1 2
5 5 6 5
12 12 11 12
12 12 12 13
3 2 2 2
7 7 6 6
6 7 6 7
7 8 7 8
6 6 6 7
7 7 6 6
9 9 10 10
2 3 2 3
2 2 3 3
11 11 11 11
12 11 12 12
10 9 10 9
7 7 7 8
3 3 4 4
13 13 12 13
5 5 4 4
3 2 3 2
10 10 10 9
10 11 11 11
8 7 7 8
4 4 4 5
6 6 6 6
11 12 11 12
7 7 6 7
4 4 3 3
10 9 10 10
11 11 11 11
2 2 2 2
4 4 4 4
7 7 6 7
4 4 5 5
6 6 7 7
13 12 13 12
10 10 11 10
12 12 13 12
2 2 2 1
4 3 3 4
7 7 7 7
5 4 5 4
4 4 4 4
3 3 2 2
1 1 2 1
8 7 8 7
5 6 5 5
13 12 12 13
6 6 6 5
7 7 7 7
9 9 8 9
2 2 2 2
6 7 6 6
3 2 3 3
6 6 5 6
3 2 2 3
12 11 11 12
13 12 12 12
10 9 9 9
10 10 11 11
8 8 8 9
1 1 1 1
