1 2 47
1 3 51
2 4 12
3 5 67
3 6 53
3 7 1
3 8 8
3 9 54
4 10 61
5 11 56
5 12 50
6 13 61
7 14 56
8 15 40
9 16 21
9 17 6
9 18 52
10 19 63
10 20 14
10 21 19
11 22 12
11 23 39
12 24 14
13 25 59
13 26 16
14 27 59
15 28 43
16 29 20
17 30 46
18 31 37
18 32 25
19 33 18
20 34 33
21 34 23
22 35 39
23 35 24
24 36 20
25 36 63
26 36 54
27 37 40
28 37 13
29 38 14
30 38 58
31 38 4
32 38 7
33 39 17
34 40 53
34 41 38
35 42 14
35 43 6
36 44 29
36 45 2
36 46 1
37 47 37
37 48 56
38 49 4
39 50 31
40 50 28
41 50 69
42 50 69
43 50 51
44 50 35
45 50 4
46 50 39
47 50 66
48 50 17
49 50 44
