4 3 3 4 3 3 4 4
13 12 15 15 15 14 14 14
8 7 7 8 7 8 7 8
15 15 14 15 14 16 15 14
2 3 2 3 3 2 2 3
6 6 6 5 6 5 6 5
4 5 4 4 4 5 4 5
2 3 3 3 2 2 3 2
5 6 6 5 6 6 5 5
14 13 12 12 13 14 14 12
20 20 18 17 15 18 19 15
15 14 13 16 15 14 15 13
5 5 6 6 5 6 5 6
12 14 14 12 13 13 13 12
16 18 15 18 18 16 17 16
11 13 10 11 11 13 12 11
14 15 16 14 15 13 16 15
8 8 7 8 7 8 7 8
7 9 9 7 7 9 9 9
12 12 13 14 14 11 14 12
12 11 10 12 13 12 10 10
15 18 18 14 17 14 14 18
6 7 7 7 7 7 7 6
7 7 6 7 7 6 7 7
5 5 5 4 5 4 5 4
6 6 7 6 7 6 6 7
7 7 7 8 7 8 7 8
7 6 6 7 7 6 7 6
10 11 8 11 9 10 9 8
7 8 7 7 7 7 8 7
13 13 15 15 13 14 16 15
9 11 12 11 10 12 11 12
7 6 7 7 6 7 6 6
15 17 14 17 15 17 15 14
4 4 5 5 4 5 4 5
4 5 4 5 4 5 5 5
13 13 13 11 12 13 10 12
8 8 8 8 8 8 8 8
18 14 18 18 14 17 17 18
2 3 3 3 2 2 3 3
15 15 13 13 15 16 16 14
15 18 15 15 19 17 19 18
20 19 16 15 18 17 18 19
7 6 7 6 6 6 7 6
8 8 8 8 7 8 7 7
8 8 7 7 7 8 8 7
12 15 14 12 12 13 15 13
7 7 7 7 7 9 9 9
5 5 4 5 4 4 5 4
9 9 9 8 8 9 9 7
3 3 2 2 3 2 3 2
10 11 11 10 10 10 12 11
13 12 14 14 13 11 13 14
19 20 18 19 19 20 19 19
20 17 19 21 17 21 20 20
11 10 11 9 10 11 11 9
9 12 11 12 11 12 11 10
5 5 5 6 5 6 6 5
20 17 21 17 17 21 20 21
17 18 16 17 20 19 16 17
6 6 5 6 5 6 6 6
13 12 15 15 12 15 15 13
2 3 2 3 3 2 3 3
4 5 4 4 4 4 4 4
17 14 14 14 15 14 14 14
15 17 14 14 18 16 18 15
6 6 7 6 7 7 7 6
9 9 9 10 10 9 11 11
1 1 1 2 1 2 1 2
4 3 4 3 3 3 4 4
1 2 2 1 1 2 2 1
14 14 16 13 16 15 13 14
5 6 5 5 5 6 6 6
14 18 14 18 16 18 16 18
2 3 2 2 3 2 3 2
15 18 14 16 15 15 16 14
20 20 19 16 21 16 17 20
5 6 5 5 5 5 6 5
14 14 13 13 11 13 12 14
6 5 6 6 6 5 5 6
11 11 10 13 13 13 11 12
18 14 17 17 18 18 18 15
5 6 5 6 5 6 6 6
10 12 10 10 13 13 11 12
7 6 7 6 6 7 6 7
11 13 10 13 12 11 11 11
10 11 10 10 10 12 10 10
11 9 8 8 11 8 11 10
16 15 15 18 15 18 16 15
16 15 14 14 14 14 15 14
10 12 10 9 11 12 9 12
7 7 6 6 6 7 7 7
6 6 7 7 7 7 6 6
2 1 2 1 1 2 1 2
6 6 6 7 6 6 6 6
11 12 10 12 12 11 12 10
14 15 16 13 14 16 15 14
6 6 5 6 6 6 6 6
1 1 1 1 1 2 1 2
11 10 12 13 13 13 10 13
