1 2 11
1 3 12
1 4 21
2 5 31
2 6 34
3 7 10
3 8 9
3 9 36
3 10 39
4 11 32
4 12 14
4 13 22
4 14 5
5 15 37
6 16 32
7 17 1
7 18 6
8 19 8
9 20 18
10 21 2
11 22 7
12 23 36
12 24 16
13 25 5
14 26 4
14 27 11
15 28 21
16 28 12
17 28 1
18 29 17
19 29 10
20 30 26
21 31 32
22 31 23
23 32 28
24 33 10
25 34 26
26 35 29
27 36 36
28 37 34
29 38 13
30 39 12
30 40 13
30 41 8
31 42 20
32 43 16
33 44 20
34 45 8
34 46 17
35 47 15
35 48 37
36 49 14
37 50 36
38 50 10
39 51 18
40 52 19
41 53 33
42 53 33
43 53 21
44 53 27
45 54 23
46 55 19
47 56 4
48 57 3
49 58 6
50 59 34
50 60 34
51 61 10
52 62 33
53 63 27
53 64 3
53 65 9
53 66 25
54 67 33
54 68 30
55 69 39
55 70 39
56 71 29
56 72 8
57 73 7
57 74 31
58 75 19
58 76 11
59 77 33
60 78 16
61 79 34
62 79 10
63 80 29
64 81 10
65 81 37
66 82 13
67 82 36
68 83 38
69 83 34
70 83 5
71 84 23
72 84 1
73 85 10
74 86 4
75 87 17
76 88 24
77 89 1
78 90 21
79 91 17
80 92 29
81 93 24
82 94 16
83 94 19
84 95 25
85 95 21
86 96 10
87 96 4
88 97 21
89 98 38
89 99 4
89 100 11
89 101 29
90 102 34
91 103 21
91 104 14
92 105 22
92 106 1
93 107 12
94 108 26
95 109 35
96 110 14
97 111 28
98 112 21
99 113 4
100 114 18
100 115 20
100 116 9
101 117 30
101 118 33
102 119 28
103 120 27
104 121 8
105 122 29
106 123 19
107 124 4
108 125 10
109 126 10
110 127 37
111 128 30
111 129 14
112 130 38
113 131 1
114 132 27
115 133 30
116 134 8
117 134 29
118 135 26
119 135 32
120 136 16
121 137 10
122 138 20
123 139 16
124 140 11
125 141 31
126 142 34
127 143 16
128 143 34
129 143 16
130 144 15
131 145 2
132 146 13
133 147 19
134 148 30
135 149 5
136 150 19
137 151 3
138 152 27
139 153 15
140 154 4
141 155 13
142 156 38
143 157 7
143 158 26
143 159 24
144 160 26
145 161 1
146 162 14
147 163 9
148 164 29
149 165 2
150 166 39
151 167 26
152 168 39
153 169 6
154 170 9
154 171 2
155 172 23
156 173 28
157 174 2
158 175 27
159 176 14
160 177 18
161 177 15
162 177 36
163 178 25
164 178 14
165 179 28
166 179 31
167 180 1
168 181 16
169 181 23
170 182 26
171 183 9
172 184 24
173 184 32
174 184 1
175 185 14
176 185 33
177 186 22
177 187 10
178 188 39
179 189 10
180 190 34
181 191 20
182 192 14
183 193 26
184 194 14
185 195 16
186 196 7
187 197 4
188 198 14
189 199 20
190 200 6
191 201 21
192 202 29
193 203 17
194 204 19
195 205 22
196 206 35
197 207 36
198 208 16
199 209 36
200 210 3
201 211 9
202 212 39
203 213 31
204 214 38
205 215 24
206 216 15
207 217 19
208 218 32
209 219 9
210 220 25
211 221 20
212 222 36
213 223 4
214 224 3
215 225 25
216 226 28
217 227 9
218 228 3
219 229 39
220 230 38
221 231 9
222 232 10
223 233 26
224 234 6
225 235 37
225 236 5
226 237 5
227 238 7
228 239 10
229 240 24
230 241 29
231 242 5
231 243 19
232 244 36
233 245 10
234 246 6
235 247 39
235 248 7
236 249 16
237 250 9
238 250 15
239 251 35
240 252 19
241 253 29
242 254 20
243 254 27
244 255 31
245 256 20
246 257 2
247 258 18
248 259 3
249 259 10
250 260 6
250 261 32
250 262 36
250 263 5
250 264 20
251 265 36
251 266 37
251 267 11
251 268 9
251 269 21
252 270 28
252 271 1
252 272 12
252 273 3
252 274 18
253 275 30
253 276 21
253 277 11
253 278 39
253 279 30
254 280 7
254 281 16
254 282 25
254 283 35
254 284 10
255 285 11
255 286 4
255 287 4
255 288 17
256 289 25
256 290 32
256 291 2
256 292 18
257 293 11
257 294 33
257 295 34
257 296 26
258 297 14
258 298 15
258 299 5
258 300 22
258 301 15
259 302 9
259 303 7
259 304 9
259 305 12
260 306 32
261 306 24
262 306 30
263 307 14
264 307 17
265 308 8
266 308 39
267 308 30
268 309 28
269 309 28
270 310 35
271 310 10
272 311 15
273 311 24
274 311 19
275 311 32
276 312 35
277 312 7
278 312 31
279 312 7
280 313 20
281 313 17
282 314 18
283 314 2
284 315 22
285 315 21
286 315 27
287 315 3
288 315 8
289 315 18
290 315 27
291 316 31
292 316 23
293 316 32
294 316 25
295 316 33
296 317 18
297 317 13
298 317 30
299 317 12
300 317 7
301 317 5
302 317 4
303 317 20
304 317 20
305 317 2
306 318 33
306 319 1
307 320 2
307 321 23
308 322 3
308 323 20
309 324 21
310 325 13
310 326 3
311 327 4
312 328 20
313 329 5
314 330 39
315 331 35
315 332 5
316 333 22
317 334 29
318 335 33
319 336 6
320 336 5
321 337 6
322 338 18
323 339 29
324 340 16
325 341 4
326 342 8
327 343 16
328 344 15
329 345 35
330 346 3
331 347 20
332 348 7
333 349 24
334 350 24
335 351 26
336 352 29
337 353 26
338 354 4
339 355 33
340 356 22
341 357 36
342 357 33
343 358 27
344 359 29
345 360 36
346 360 16
347 360 8
348 361 28
349 361 7
350 362 34
351 363 37
351 364 19
352 365 22
353 366 8
353 367 38
354 368 17
355 369 12
356 370 35
356 371 33
357 372 28
358 373 37
358 374 28
359 375 8
360 376 22
361 377 37
361 378 14
362 379 35
363 380 22
364 381 22
365 382 15
366 383 13
367 384 26
368 385 9
369 386 24
370 387 28
371 388 18
372 389 38
373 390 9
374 391 8
375 392 17
376 393 6
377 394 4
378 395 35
379 396 20
380 397 14
381 398 39
382 399 9
383 399 25
384 400 29
385 401 17
386 401 24
387 402 22
388 403 27
389 404 32
390 405 19
391 406 39
392 406 22
393 407 34
394 408 27
395 408 21
396 409 22
397 410 31
398 410 34
399 411 16
400 412 6
401 413 30
402 413 39
403 413 2
404 414 32
405 415 13
406 416 27
407 417 27
408 417 30
409 418 25
410 419 11
410 420 5
411 421 20
411 422 14
412 423 11
412 424 30
413 425 38
413 426 18
413 427 29
414 428 17
414 429 27
415 430 12
416 431 12
417 432 15
418 433 36
418 434 25
419 435 33
420 436 25
421 437 16
422 438 35
423 439 27
424 440 36
425 441 35
426 442 13
427 443 10
428 444 23
429 445 6
430 446 32
431 447 7
432 447 15
433 447 1
434 447 5
435 448 20
436 449 13
437 450 22
438 451 39
438 452 5
439 453 38
440 454 13
441 455 17
441 456 22
442 457 12
443 458 4
443 459 23
444 460 12
445 461 38
446 462 35
446 463 17
447 464 35
448 465 19
449 465 27
450 465 8
451 466 15
452 466 9
453 466 23
454 467 35
455 467 33
456 467 4
457 468 11
458 468 17
459 468 3
460 468 33
461 469 4
462 470 6
463 470 39
464 470 32
465 471 27
466 472 22
467 473 9
467 474 29
468 475 10
469 476 5
469 477 24
469 478 3
470 479 13
470 480 14
470 481 7
471 482 31
472 483 5
472 484 17
473 485 6
473 486 25
474 487 30
475 488 32
475 489 19
476 490 35
477 491 5
478 492 37
478 493 18
479 494 3
480 495 9
480 496 10
481 497 12
482 498 1
483 499 12
484 500 37
485 501 20
486 502 8
487 503 22
488 504 7
489 505 18
490 506 4
491 507 24
492 508 1
493 509 27
494 510 31
495 511 5
496 512 6
497 513 14
498 514 22
499 515 27
500 515 31
501 516 18
502 516 1
503 517 15
504 518 13
505 519 13
506 520 14
507 521 29
508 521 33
509 522 10
510 523 39
511 523 21
512 524 29
513 525 14
514 526 24
514 527 24
515 528 17
516 529 35
517 530 33
518 531 9
519 532 29
520 533 16
520 534 1
521 535 36
522 536 8
522 537 9
523 538 10
524 539 21
525 540 20
526 541 31
527 542 15
528 543 30
528 544 32
529 545 26
530 546 13
531 547 23
532 548 4
533 549 7
533 550 20
534 551 11
535 552 31
535 553 21
535 554 38
535 555 9
536 556 6
537 557 31
538 558 22
539 559 25
539 560 14
540 561 36
540 562 28
541 563 31
542 564 14
543 565 21
544 566 5
545 567 29
546 567 37
547 568 32
548 569 24
549 570 35
550 571 18
551 572 17
552 573 9
553 574 1
554 575 32
555 575 12
556 576 30
557 577 7
558 578 21
559 579 34
560 579 33
561 580 8
562 581 30
563 582 36
564 582 1
565 582 28
566 582 14
567 583 18
568 583 11
569 583 4
570 584 3
571 584 2
572 584 21
573 585 8
574 585 6
575 585 3
576 586 32
577 586 12
578 587 6
579 587 8
580 587 27
581 587 22
582 588 19
582 589 19
583 590 20
583 591 33
584 592 15
584 593 19
585 594 38
586 595 28
586 596 26
587 597 31
587 598 24
587 599 1
588 600 30
589 600 23
590 600 28
591 600 34
592 600 33
593 600 18
594 600 39
595 600 1
596 600 19
597 600 15
598 600 2
599 600 27
