1 2 15
1 3 71
1 4 6
1 5 8
1 6 19
2 7 32
2 8 34
2 9 46
2 10 64
2 11 49
3 12 46
3 13 56
3 14 36
3 15 79
3 16 3
4 17 55
4 18 28
4 19 65
4 20 75
4 21 67
5 22 33
5 23 37
5 24 34
5 25 41
5 26 23
6 27 10
6 28 54
6 29 78
6 30 57
7 31 19
8 32 31
9 33 3
10 34 53
11 35 17
12 36 51
13 36 13
14 37 52
15 38 69
16 38 35
17 39 68
18 40 59
19 41 55
20 42 32
21 42 43
22 43 17
23 44 4
24 45 70
25 46 75
26 46 70
27 47 77
28 48 16
29 49 65
30 50 42
31 51 11
32 52 11
33 53 18
34 54 40
35 55 73
36 56 10
37 57 9
38 58 46
39 59 16
40 60 6
41 61 46
42 62 19
43 63 3
44 64 47
45 65 43
46 66 58
47 67 53
48 68 57
49 69 40
49 70 43
50 71 28
51 72 74
52 73 16
53 74 5
54 75 57
55 76 54
56 76 77
57 76 16
58 76 68
59 77 7
60 78 38
61 79 3
62 80 50
63 80 62
64 81 5
65 81 43
66 82 71
67 82 12
68 83 40
69 84 29
70 84 26
71 84 78
72 85 62
73 86 75
73 87 67
74 88 24
74 89 45
75 90 1
76 91 26
77 92 20
78 93 17
78 94 74
78 95 32
79 96 42
80 97 22
81 98 75
81 99 15
81 100 31
82 101 35
83 102 68
84 103 60
84 104 36
85 105 58
86 106 13
87 106 60
88 106 4
89 107 69
90 108 51
91 108 77
92 109 22
93 109 11
94 109 79
95 110 68
96 111 70
97 111 56
98 112 10
99 112 67
100 113 19
101 114 51
102 115 23
103 116 35
104 117 31
105 118 6
106 119 19
106 120 25
106 121 2
107 122 17
107 123 24
108 124 13
108 125 71
108 126 38
108 127 78
109 128 39
110 129 43
111 130 43
111 131 11
112 132 78
113 133 28
114 134 35
115 135 28
115 136 22
115 137 12
115 138 16
116 139 31
116 140 45
117 141 70
118 142 28
119 143 70
120 144 10
121 144 16
122 145 1
123 145 74
124 146 70
125 146 58
126 147 56
127 148 9
128 149 1
129 150 12
130 151 49
131 152 61
132 152 66
133 153 55
134 154 61
135 154 66
136 155 37
137 156 16
138 157 5
139 157 26
140 158 39
141 159 34
142 160 74
143 161 50
144 162 24
145 163 54
146 164 2
147 165 63
148 166 79
149 167 55
150 168 59
151 169 71
152 170 67
153 170 54
154 171 43
155 172 23
156 173 9
157 174 26
158 175 3
159 175 3
160 176 4
161 177 52
162 178 23
163 179 26
164 180 16
165 181 41
166 182 1
167 183 72
168 184 24
168 185 36
169 186 38
170 187 73
171 188 43
172 189 38
173 190 8
173 191 73
174 192 44
175 193 49
176 194 2
177 195 28
178 196 1
179 197 38
180 198 69
181 199 44
182 200 60
182 201 66
183 202 58
184 203 42
185 204 1
186 205 72
187 206 8
188 207 70
188 208 52
189 209 45
190 210 73
191 211 79
192 212 37
193 213 30
194 214 20
195 214 64
196 215 27
197 215 21
198 216 43
199 217 29
200 218 13
201 219 67
202 219 70
203 220 18
204 220 15
205 221 18
206 222 30
207 223 12
208 224 29
209 225 5
210 226 40
211 226 63
212 227 10
213 227 28
214 228 40
215 229 57
215 230 58
216 231 58
216 232 71
217 233 32
218 234 38
219 235 9
220 236 67
221 237 62
222 238 24
223 239 20
224 240 40
224 241 22
224 242 76
225 243 14
226 244 75
227 245 3
228 246 38
229 247 2
230 248 78
231 249 68
231 250 17
232 251 41
233 252 39
234 253 57
235 254 35
236 255 71
237 256 56
238 257 18
239 258 45
240 259 39
241 260 44
242 261 72
243 262 22
244 263 31
244 264 70
245 265 16
246 266 78
247 267 9
248 268 76
249 269 40
250 269 65
251 270 66
252 271 27
253 272 55
254 273 36
255 274 4
256 275 24
257 276 17
258 277 42
259 278 17
260 279 62
261 279 36
262 280 8
263 281 58
264 282 53
265 283 28
266 284 62
267 285 8
267 286 77
267 287 1
268 288 42
268 289 9
269 290 77
269 291 66
270 292 23
270 293 45
271 294 50
271 295 72
272 296 15
272 297 61
272 298 57
272 299 31
273 300 4
273 301 72
273 302 24
273 303 76
274 304 51
275 305 47
275 306 11
275 307 44
276 308 30
277 309 6
277 310 47
277 311 44
278 312 14
278 313 73
279 314 54
279 315 71
279 316 78
280 317 8
280 318 64
280 319 41
280 320 56
280 321 45
281 322 46
282 323 26
282 324 2
283 325 49
284 326 6
285 326 26
286 327 78
287 327 68
288 328 17
289 328 17
290 329 34
291 330 42
292 330 54
293 331 61
294 331 26
295 332 74
296 333 66
297 333 56
298 334 28
299 335 35
300 335 39
301 335 31
302 336 46
303 336 46
304 336 44
305 337 21
306 337 52
307 338 6
308 338 54
309 339 10
310 339 13
311 340 48
312 340 24
313 340 73
314 341 38
315 341 8
316 342 13
317 342 79
318 343 1
319 344 29
320 344 48
321 344 54
322 345 33
323 346 61
324 346 33
325 346 47
326 347 25
327 348 20
328 349 62
329 350 16
330 351 77
331 352 60
332 353 43
333 354 60
334 354 24
335 355 55
336 356 61
337 357 31
338 357 9
339 358 8
340 359 66
341 360 14
342 361 73
343 362 14
344 363 2
345 364 39
346 365 38
347 366 69
348 367 41
349 368 8
350 369 77
351 370 8
352 370 11
353 371 53
354 372 16
355 372 18
356 373 47
357 374 51
358 374 11
359 374 6
360 375 18
361 376 71
362 377 13
363 378 53
364 379 47
365 380 15
366 381 1
367 382 48
368 382 36
369 383 4
370 384 12
371 385 9
372 386 70
373 387 46
374 388 56
375 389 28
376 390 65
377 391 20
378 392 48
379 393 29
380 394 25
381 395 61
381 396 50
382 397 63
383 398 27
384 399 60
385 400 78
385 401 68
386 402 38
387 403 63
388 404 35
389 405 9
390 406 26
391 407 39
392 408 6
393 409 67
393 410 79
394 411 59
394 412 19
395 413 14
396 414 12
397 415 43
398 416 42
399 416 37
400 417 20
401 418 78
402 419 55
403 420 24
404 421 17
405 422 43
406 423 5
407 424 56
408 425 50
409 425 46
410 426 58
411 427 44
412 428 1
413 429 15
414 430 51
415 431 40
416 432 40
417 433 37
418 434 11
419 435 11
420 436 12
421 437 52
422 438 73
423 439 8
424 440 29
425 441 51
426 442 26
427 443 51
428 444 62
429 445 47
430 446 65
430 447 10
431 448 52
431 449 57
432 450 9
433 451 74
434 452 44
435 453 78
436 454 49
436 455 68
436 456 2
437 457 53
438 458 28
439 459 17
440 460 55
440 461 74
441 462 57
442 463 51
443 464 28
443 465 66
444 466 2
445 467 6
446 467 41
447 468 26
448 468 64
449 469 22
450 470 11
451 470 50
452 471 1
453 471 62
454 472 72
455 472 5
456 473 21
457 474 18
458 474 17
459 474 25
460 475 55
461 475 59
462 476 38
463 476 43
464 476 22
465 477 5
466 478 67
467 479 13
468 480 33
469 481 52
470 482 50
471 483 69
471 484 45
471 485 38
472 486 20
472 487 8
473 488 21
474 489 79
475 490 42
476 491 47
476 492 30
477 493 28
477 494 55
478 495 29
478 496 65
479 497 32
479 498 23
480 499 42
481 500 16
482 501 17
483 502 46
483 503 36
484 504 9
484 505 57
485 506 2
485 507 79
486 508 25
486 509 27
487 510 62
488 511 58
489 512 25
490 513 17
491 514 33
492 515 60
493 516 69
494 517 19
495 518 69
496 519 58
497 520 51
498 521 62
499 522 63
500 523 62
501 524 65
502 525 44
503 526 45
504 527 26
505 528 39
506 529 74
507 530 30
508 531 46
509 532 51
510 533 76
511 534 21
512 535 15
513 536 14
514 537 19
515 538 51
516 539 74
517 540 72
518 541 25
519 542 6
520 543 76
521 544 39
522 545 64
523 546 6
524 547 1
525 548 19
526 549 69
527 550 79
528 551 44
529 551 67
530 552 69
531 553 70
532 554 20
533 555 50
534 556 62
535 557 53
536 558 38
537 559 23
538 560 6
539 561 36
540 562 41
541 563 59
542 564 18
543 565 38
544 566 18
545 567 11
546 568 26
547 569 39
548 570 26
549 571 64
550 571 26
551 572 28
552 573 4
553 574 29
554 575 3
555 576 53
556 577 52
557 578 42
558 579 63
559 580 6
560 580 31
561 581 72
562 582 75
563 583 31
564 584 65
565 585 24
566 586 37
567 587 66
568 588 14
569 589 35
570 590 13
571 591 65
572 592 61
573 592 18
574 593 79
575 594 72
576 594 33
577 595 5
578 595 5
579 596 19
580 597 44
581 597 78
582 598 74
583 598 66
584 599 49
585 600 21
586 600 48
587 600 8
588 600 60
589 600 16
590 600 13
591 600 55
592 600 76
593 600 69
594 600 10
595 600 13
596 600 46
597 600 8
598 600 1
599 600 39
