1 2 17
1 3 32
1 4 41
1 5 1
2 6 15
2 7 42
2 8 55
3 9 40
3 10 18
3 11 44
4 12 59
4 13 58
4 14 18
5 15 53
5 16 21
5 17 59
6 18 38
7 19 8
8 19 43
9 20 4
10 20 52
11 21 34
12 22 7
13 23 42
14 24 9
15 25 11
16 26 18
17 27 53
18 28 30
19 29 42
20 30 45
20 31 57
20 32 57
21 33 33
21 34 42
22 35 59
22 36 15
22 37 29
23 38 31
24 39 25
24 40 22
25 41 18
25 42 14
25 43 43
26 44 36
27 45 26
28 46 4
29 47 8
30 48 21
31 49 2
32 49 6
33 50 59
34 50 21
35 51 23
36 52 56
37 52 19
38 53 6
39 54 6
40 55 38
41 56 42
42 57 23
43 57 23
44 58 29
45 59 16
46 60 57
47 61 4
48 62 31
49 63 55
49 64 58
49 65 28
50 66 31
51 67 58
52 68 28
53 69 49
54 70 13
55 71 31
56 72 12
57 73 22
58 74 55
58 75 53
59 76 27
60 77 2
61 78 5
62 79 25
63 80 49
64 80 6
65 80 16
66 81 40
67 82 43
68 83 23
69 84 47
70 84 52
71 85 29
72 85 34
73 86 27
74 87 17
75 88 13
76 88 31
77 89 9
78 90 44
79 91 44
80 92 59
80 93 54
81 94 32
82 95 30
83 96 37
84 97 44
84 98 7
85 99 26
86 100 9
87 101 20
87 102 49
88 103 36
89 104 26
90 105 47
91 106 24
92 107 18
93 108 21
94 109 27
95 110 42
95 111 16
96 112 56
97 113 11
98 114 15
99 115 28
100 116 3
101 117 20
102 118 31
103 119 57
104 120 15
105 121 28
106 122 5
107 122 6
108 123 14
109 123 9
110 124 12
111 124 45
112 125 12
113 125 2
114 126 11
115 127 2
116 127 58
117 127 42
118 127 42
119 128 27
120 129 54
120 130 54
121 131 55
121 132 21
121 133 59
121 134 14
122 135 28
122 136 59
123 137 14
123 138 26
124 139 46
125 140 30
126 141 45
126 142 42
126 143 22
126 144 24
127 145 15
127 146 2
127 147 4
128 148 49
129 149 33
130 150 30
131 150 59
132 151 9
133 152 14
134 152 44
135 152 16
136 153 8
137 153 38
138 154 12
139 155 40
140 155 40
141 156 51
142 156 33
143 157 55
144 158 26
145 158 42
146 158 53
147 159 34
148 160 48
149 161 4
150 162 21
151 163 28
152 164 31
153 165 27
153 166 26
153 167 45
154 168 36
155 169 17
155 170 56
156 171 35
156 172 17
157 173 33
158 174 14
158 175 57
158 176 34
159 177 10
160 178 39
161 179 6
162 180 41
163 181 39
164 182 36
165 182 15
166 183 40
167 184 28
168 184 18
169 185 19
170 186 54
171 187 58
172 188 47
173 188 28
174 189 43
175 190 13
176 190 55
177 191 27
178 192 41
179 193 50
180 193 26
181 194 19
182 194 17
183 195 2
184 196 44
185 197 54
186 198 23
187 199 30
188 200 11
189 200 26
190 201 55
191 202 34
192 203 28
193 204 9
194 205 23
195 206 33
196 206 26
197 207 21
198 208 35
199 209 55
200 210 39
201 211 20
202 212 17
203 213 1
204 214 34
205 215 7
205 216 58
206 217 26
206 218 23
207 219 15
208 220 51
209 221 10
210 222 41
211 223 25
212 224 29
212 225 50
213 226 26
213 227 3
214 228 10
215 229 8
216 229 12
217 229 24
218 230 37
219 231 19
220 232 40
221 233 40
222 233 6
223 234 39
224 235 32
225 235 22
226 236 54
227 237 59
228 238 19
228 239 47
229 240 52
229 241 45
230 242 13
230 243 49
231 244 59
232 245 39
233 246 30
234 247 42
235 248 46
236 249 50
237 250 19
237 251 46
238 252 44
239 252 54
240 253 2
241 254 6
242 255 16
243 256 44
244 257 40
245 258 6
246 259 55
247 260 28
248 260 4
249 260 44
250 261 46
251 261 36
252 262 39
252 263 30
253 264 29
253 265 31
254 266 35
254 267 49
255 268 48
255 269 43
256 270 22
256 271 56
257 272 9
257 273 41
258 274 32
258 275 2
259 276 23
259 277 40
260 278 6
261 279 14
262 280 34
263 281 43
264 282 18
265 283 37
266 284 9
267 284 11
268 285 36
269 285 6
270 286 39
271 286 19
272 287 49
273 288 11
274 289 43
275 290 5
276 291 43
277 292 18
278 292 17
279 293 27
280 294 25
281 295 10
282 296 13
283 297 58
283 298 15
284 299 23
285 300 40
286 301 20
287 302 17
288 303 19
289 304 36
290 305 56
290 306 16
291 307 56
291 308 4
291 309 18
292 310 25
292 311 54
293 312 55
293 313 14
294 314 3
295 315 46
296 316 47
297 316 20
298 317 6
299 317 48
300 318 20
301 318 59
302 319 8
303 320 28
304 320 45
305 321 13
306 322 55
307 323 8
308 324 28
309 325 17
310 325 39
311 325 12
312 326 54
313 326 59
314 327 5
315 328 51
316 329 57
317 330 11
318 331 50
319 332 11
320 333 26
321 334 38
322 335 2
323 335 37
324 336 11
325 337 27
326 338 38
327 339 35
328 340 28
329 340 44
330 341 1
331 342 59
332 343 23
333 344 49
334 345 53
335 346 59
336 346 42
337 347 29
338 347 48
339 348 15
339 349 40
340 350 11
340 351 59
340 352 34
341 353 55
342 354 50
343 355 17
344 356 57
345 357 23
345 358 22
345 359 17
346 360 56
347 361 54
348 362 14
349 363 54
350 364 32
350 365 28
351 366 9
352 367 50
353 368 58
354 369 47
355 370 6
356 371 38
357 372 57
357 373 19
358 374 51
359 375 1
360 376 51
361 377 48
362 378 16
363 378 55
364 378 24
365 379 40
366 380 27
367 381 8
368 382 23
369 383 15
370 384 58
371 384 10
372 385 54
373 386 5
374 387 1
375 388 58
376 389 47
377 390 46
378 391 25
379 392 10
380 393 4
381 394 51
382 394 50
383 395 21
384 396 56
385 397 47
386 398 8
387 399 18
388 400 3
389 400 29
390 401 15
391 402 6
392 403 33
393 404 13
393 405 31
394 406 14
395 407 51
396 408 43
397 409 48
398 410 2
398 411 58
398 412 43
399 413 12
399 414 33
400 415 52
400 416 3
401 417 4
401 418 57
401 419 59
402 420 19
403 421 18
404 422 57
405 423 16
406 424 9
407 424 37
408 425 24
409 425 34
410 426 40
411 427 18
412 427 24
413 428 1
414 429 20
415 430 55
416 431 24
417 431 47
418 432 12
419 433 1
420 434 27
421 435 41
422 436 31
423 437 14
424 438 21
425 439 4
426 440 53
427 441 53
428 441 39
429 442 50
430 442 48
431 443 3
432 444 55
433 445 27
434 446 14
435 447 24
436 447 29
437 448 39
438 449 42
439 449 3
440 450 40
441 451 23
442 452 47
443 453 8
444 454 41
445 455 41
446 456 29
447 457 31
448 458 41
449 459 36
450 460 10
451 461 39
452 462 16
453 463 58
453 464 31
454 465 55
455 466 39
456 467 33
457 468 15
458 469 38
458 470 15
459 471 5
460 472 20
460 473 23
461 474 27
462 475 38
463 476 47
463 477 8
463 478 6
464 479 52
465 480 58
465 481 56
466 482 17
467 483 47
468 484 53
469 484 17
470 485 49
471 486 48
472 487 7
473 488 25
474 489 10
475 490 38
476 491 51
477 492 36
478 492 6
479 493 39
480 494 51
481 495 17
482 496 17
483 497 53
484 498 47
484 499 45
485 500 57
486 501 30
486 502 20
487 503 25
487 504 42
487 505 29
488 506 34
489 507 4
490 508 2
491 509 10
492 510 42
492 511 56
493 512 37
494 513 42
495 514 24
496 515 48
497 516 42
498 516 4
499 517 21
500 517 58
501 517 15
502 517 42
503 517 10
504 518 26
505 519 40
506 520 25
507 520 49
508 521 34
509 522 39
510 522 19
511 522 51
512 523 25
513 524 13
514 525 15
515 526 7
516 527 33
517 528 31
518 529 32
518 530 14
519 531 58
519 532 7
520 533 53
521 534 57
521 535 8
522 536 23
523 537 57
524 538 8
525 539 43
526 540 24
526 541 16
526 542 6
527 543 54
528 544 37
529 545 51
530 546 42
531 547 56
532 548 49
533 549 18
534 550 41
535 551 40
536 552 37
537 553 58
538 554 54
539 554 18
540 555 4
541 556 26
542 557 51
543 558 53
544 559 7
544 560 11
545 561 23
546 562 28
547 563 34
548 564 29
549 565 27
549 566 2
550 567 57
551 568 44
552 569 27
553 570 18
553 571 22
554 572 32
555 573 58
556 574 57
557 575 37
558 576 2
559 576 26
560 577 54
561 578 11
562 578 3
563 578 15
564 579 26
565 580 57
566 580 31
567 580 58
568 581 37
569 581 2
570 581 29
571 582 16
572 582 21
573 583 23
574 583 27
575 584 10
576 585 23
576 586 53
576 587 55
577 588 8
578 589 14
578 590 43
578 591 1
579 592 54
580 593 53
581 594 12
581 595 16
582 596 12
583 597 37
584 598 40
584 599 51
585 600 9
586 600 10
587 600 56
588 600 12
589 600 27
590 600 35
591 600 48
592 600 3
593 600 21
594 600 9
595 600 36
596 600 4
597 600 53
598 600 26
599 600 13
