1 2 4
1 3 2
1 4 14
1 5 5
2 6 12
2 7 10
2 8 7
3 9 7
3 10 1
4 11 7
4 12 17
5 13 16
5 14 10
6 15 11
6 16 3
7 17 2
8 18 7
9 19 6
9 20 11
10 21 3
11 22 19
11 23 1
12 24 5
13 25 10
14 26 19
14 27 18
15 28 14
16 29 18
17 30 19
18 31 16
19 32 1
20 32 18
21 33 2
22 34 5
23 35 1
24 36 1
25 37 4
26 38 13
27 39 5
28 40 1
28 41 13
29 42 16
30 43 18
30 44 9
30 45 10
31 46 18
32 47 5
33 48 2
33 49 6
34 50 4
35 51 9
35 52 15
36 53 16
36 54 17
36 55 7
37 56 3
38 57 14
38 58 8
39 59 9
40 60 2
41 60 6
42 60 13
43 61 2
44 62 6
45 63 13
46 63 17
47 64 15
48 64 15
49 64 19
50 65 1
51 65 8
52 65 1
53 65 9
54 66 11
55 66 6
56 66 17
57 67 17
58 67 2
59 67 14
60 68 12
61 69 7
62 70 4
62 71 11
63 72 7
64 73 14
65 74 8
66 75 17
67 76 18
68 77 15
69 78 19
70 79 10
71 80 10
71 81 12
72 82 17
73 83 3
74 84 16
75 85 7
75 86 17
76 87 5
77 88 12
78 89 19
79 90 5
79 91 7
80 92 17
80 93 16
81 94 11
82 95 11
82 96 18
83 97 4
84 98 3
85 99 6
86 100 2
86 101 17
87 102 2
88 103 5
89 103 10
90 103 5
91 104 1
92 104 5
93 104 18
94 104 14
95 104 5
96 104 16
97 105 8
98 105 15
99 105 6
100 105 3
101 106 13
102 107 4
103 108 19
103 109 10
103 110 4
103 111 8
104 112 12
104 113 1
104 114 2
105 115 16
105 116 5
105 117 16
106 118 12
106 119 12
106 120 5
107 121 19
108 122 6
109 122 12
110 123 19
111 123 15
112 124 19
113 125 14
114 125 3
115 125 1
116 125 8
117 126 17
118 127 18
119 127 6
120 127 6
121 128 19
122 129 1
122 130 17
122 131 14
123 132 14
123 133 6
123 134 14
123 135 1
124 136 15
125 137 5
126 138 2
127 139 9
127 140 2
128 141 9
129 142 11
130 143 2
131 144 12
132 145 13
133 146 17
134 147 5
135 148 16
136 149 14
137 150 6
138 151 1
139 152 7
140 153 13
141 154 8
142 155 13
143 156 5
144 157 1
145 158 7
146 159 9
147 159 13
148 160 6
149 161 9
150 162 3
151 163 12
152 164 2
153 165 8
154 165 6
155 166 1
156 167 17
157 168 3
158 169 12
159 170 17
160 171 3
161 172 15
162 172 9
163 173 1
164 174 18
165 175 5
166 176 6
166 177 2
166 178 8
167 179 16
167 180 19
167 181 11
167 182 12
168 183 16
168 184 12
168 185 19
168 186 18
169 187 12
169 188 6
169 189 14
169 190 18
170 191 7
170 192 11
170 193 18
171 194 3
171 195 19
171 196 3
171 197 7
172 198 16
172 199 19
173 200 5
173 201 4
174 202 12
174 203 11
174 204 18
174 205 1
175 206 12
175 207 4
176 208 10
177 208 17
178 209 8
179 209 5
180 209 3
181 209 15
182 210 18
183 210 2
184 210 7
185 210 15
186 210 15
187 211 1
188 211 17
189 212 13
190 212 9
191 212 11
192 212 1
193 212 2
194 212 14
195 213 19
196 213 17
197 213 5
198 213 19
199 214 3
200 214 7
201 214 17
202 215 8
203 215 6
204 216 14
205 216 15
206 216 7
207 216 13
208 217 4
209 218 3
210 219 19
211 220 2
211 221 11
211 222 13
212 223 13
212 224 7
213 225 19
214 226 9
215 227 17
216 228 3
217 229 1
218 230 12
219 231 11
220 232 4
221 233 11
222 234 2
223 235 2
224 236 10
225 237 18
226 238 19
227 239 18
228 240 9
229 241 16
230 242 19
231 243 7
231 244 14
232 245 11
233 246 15
234 247 6
235 248 2
235 249 8
236 250 6
237 251 14
238 252 8
239 253 10
239 254 1
240 255 3
240 256 10
241 257 11
242 258 16
243 259 6
244 260 3
245 261 10
246 262 9
247 263 12
248 264 8
249 265 1
250 266 17
251 267 8
252 268 11
253 269 15
254 270 4
255 271 10
256 272 2
257 273 12
258 274 17
259 275 13
260 276 2
261 277 5
262 278 10
263 279 13
264 280 10
265 281 17
266 282 5
267 283 8
268 284 3
269 285 10
270 285 6
271 285 12
272 285 15
273 286 2
274 287 11
275 288 12
276 289 19
277 290 3
278 291 17
279 292 7
280 293 13
281 294 6
282 295 17
283 296 13
284 297 2
285 298 4
285 299 13
286 300 3
287 300 18
288 301 19
289 302 14
290 303 14
291 304 2
292 305 6
293 306 19
294 307 15
295 307 6
296 307 11
297 308 19
298 309 16
299 309 10
300 310 13
301 311 15
302 312 11
303 313 3
304 314 5
305 315 12
306 316 11
307 317 10
308 318 18
309 319 10
310 320 2
311 321 11
312 322 11
313 323 17
314 324 8
315 325 19
316 326 1
316 327 17
316 328 9
317 329 6
318 330 6
319 331 16
320 332 8
321 333 7
322 334 2
323 335 11
324 336 4
325 337 14
325 338 2
326 339 14
326 340 12
327 341 8
328 342 18
329 343 8
330 344 3
330 345 13
331 346 17
332 347 12
333 348 7
334 348 8
335 349 4
336 349 19
337 350 10
338 351 6
339 352 18
340 353 16
341 354 12
342 354 5
343 355 16
344 356 18
345 357 10
346 358 12
347 359 12
348 360 1
349 361 4
350 361 13
351 362 2
352 363 17
353 363 19
354 364 17
355 364 9
356 365 10
357 366 2
358 366 16
359 367 4
359 368 11
360 369 11
361 370 11
362 371 11
362 372 12
363 373 16
363 374 13
364 375 18
365 376 15
366 377 17
366 378 13
367 379 6
368 380 5
369 380 15
370 381 14
371 381 19
372 381 16
373 382 4
374 383 12
375 384 19
376 385 6
377 386 13
378 387 1
379 388 6
380 389 14
380 390 12
381 391 18
381 392 17
381 393 6
382 394 3
383 395 13
384 396 11
385 397 17
386 398 4
387 399 6
388 400 7
389 400 10
390 400 6
391 400 13
392 400 19
393 400 5
394 400 13
395 400 14
396 400 6
397 400 19
398 400 10
399 400 11
