1 2 13
1 3 4
1 4 5
1 5 2
2 6 1
2 7 5
2 8 6
3 9 7
3 10 10
4 11 15
4 12 9
5 13 15
5 14 9
5 15 3
5 16 7
6 17 7
6 18 10
7 19 4
8 20 2
9 21 13
10 22 5
11 23 5
12 24 12
12 25 11
13 26 9
14 27 2
15 28 12
16 29 14
17 30 15
18 30 3
19 31 15
20 32 6
21 33 2
22 34 12
23 34 13
24 34 2
25 35 6
26 36 1
27 37 1
28 37 12
29 38 12
30 39 5
30 40 3
30 41 4
31 42 1
31 43 11
31 44 3
32 45 2
33 46 7
34 47 13
35 48 2
36 49 5
37 50 11
37 51 3
38 52 5
38 53 9
39 54 6
40 54 8
41 55 7
42 56 10
43 57 9
44 58 5
45 59 14
46 59 10
47 60 11
48 61 6
49 62 11
50 62 9
51 63 4
52 63 1
53 64 1
54 65 2
55 66 4
56 67 3
57 68 2
58 69 5
59 70 4
60 71 10
61 72 9
62 73 5
62 74 7
63 75 2
64 76 1
65 77 14
66 78 12
67 79 5
68 80 7
69 81 12
69 82 3
70 83 6
71 84 1
72 85 3
73 86 10
73 87 4
73 88 4
74 89 9
75 90 4
76 91 6
77 92 7
78 92 3
79 93 11
80 93 9
81 93 15
82 94 5
83 94 13
84 95 15
85 96 4
86 96 12
87 96 7
88 97 12
89 97 4
90 97 10
91 97 1
92 98 8
93 99 3
93 100 15
94 101 14
95 102 11
95 103 7
95 104 10
96 105 6
97 106 5
97 107 4
97 108 1
98 109 14
99 110 10
100 111 6
101 112 2
102 113 8
103 114 3
103 115 13
104 116 15
105 117 13
105 118 3
106 119 11
106 120 7
106 121 13
107 122 4
107 123 4
108 124 1
108 125 3
108 126 7
109 127 8
110 128 15
111 129 10
112 130 14
113 131 9
114 132 4
115 133 11
116 133 11
117 134 8
118 135 10
119 136 15
120 137 6
121 138 10
122 139 15
123 140 6
124 141 7
125 142 8
126 143 2
127 144 13
128 145 14
129 146 8
130 147 1
131 148 7
132 149 8
133 150 4
134 151 13
135 152 9
136 152 6
137 152 9
138 153 9
139 154 13
140 155 7
141 156 11
142 156 13
143 157 9
144 158 3
144 159 13
145 160 2
145 161 11
145 162 15
146 163 3
146 164 7
147 165 4
148 166 4
148 167 5
149 168 9
150 169 6
151 170 13
151 171 5
151 172 14
151 173 11
151 174 13
152 175 7
153 176 9
153 177 6
154 178 7
155 179 13
156 180 11
157 181 7
158 182 15
159 182 8
160 183 5
161 183 10
162 184 7
163 184 8
164 185 9
165 186 4
166 187 15
167 187 4
168 188 11
169 188 11
170 188 10
171 189 5
172 189 3
173 189 2
174 190 12
175 191 14
176 191 10
177 192 6
178 192 2
179 193 7
180 193 10
181 193 14
182 194 6
183 195 10
183 196 15
184 197 11
185 198 11
186 199 11
187 200 6
188 201 8
188 202 3
188 203 14
188 204 5
189 205 6
189 206 5
190 207 1
190 208 1
191 209 3
192 210 4
193 211 3
194 212 2
195 213 10
196 214 1
197 214 2
198 215 14
199 216 2
200 217 11
201 218 8
202 219 13
203 220 5
204 221 11
205 222 6
206 223 7
207 224 9
208 225 5
209 226 6
210 227 12
211 228 2
212 229 11
213 229 13
214 230 1
215 231 1
216 232 9
217 233 5
218 234 8
219 235 12
220 236 11
221 236 13
222 237 12
223 238 5
224 239 5
225 240 5
226 241 2
227 242 8
228 243 10
229 244 7
230 244 7
231 245 3
232 246 4
233 247 4
234 248 5
235 248 2
236 248 13
237 248 8
238 248 6
239 249 12
240 250 12
241 250 2
242 251 9
243 251 1
244 252 15
244 253 9
244 254 1
245 255 9
245 256 1
246 257 15
247 258 10
247 259 10
248 260 3
249 261 7
249 262 3
249 263 4
250 264 8
251 265 7
251 266 8
252 267 4
253 268 4
254 269 6
255 270 13
256 271 6
257 272 2
257 273 15
258 274 11
259 275 5
259 276 10
260 277 3
261 278 6
262 279 5
262 280 14
263 281 4
264 282 4
264 283 3
265 284 5
266 285 5
267 286 10
268 286 12
269 287 3
270 288 10
271 289 12
272 290 7
273 291 3
274 291 5
275 292 14
276 293 2
277 294 8
278 294 1
279 295 11
280 296 11
281 297 11
282 298 3
283 298 8
284 299 5
285 299 13
286 300 6
286 301 8
286 302 5
286 303 4
287 304 5
287 305 2
288 306 6
288 307 3
288 308 4
288 309 12
289 310 14
289 311 13
289 312 3
289 313 7
289 314 15
290 315 5
290 316 7
291 317 4
291 318 12
291 319 13
291 320 15
292 321 2
293 322 1
293 323 3
294 324 9
294 325 12
295 326 11
295 327 12
296 328 7
297 329 14
297 330 14
298 331 10
298 332 3
298 333 14
299 334 4
299 335 11
300 336 13
301 336 12
302 337 3
303 337 15
304 338 11
305 338 9
306 338 5
307 339 13
308 339 7
309 339 6
310 340 7
311 341 7
312 342 13
313 343 13
314 343 11
315 344 11
316 344 15
317 345 5
318 345 15
319 346 13
320 347 3
321 347 12
322 348 4
323 348 3
324 349 11
325 349 8
326 349 1
327 350 14
328 350 14
329 350 9
330 351 10
331 352 8
332 352 1
333 353 1
334 353 9
335 354 9
336 355 9
337 356 7
338 356 4
339 357 11
340 358 9
341 359 14
342 360 4
343 361 4
344 362 6
345 362 2
346 363 12
347 363 10
348 364 8
349 365 13
350 365 11
351 366 6
352 367 2
353 367 8
354 367 2
355 368 1
356 369 6
357 370 4
358 371 2
359 372 10
360 372 1
361 373 8
362 374 10
363 375 7
364 376 7
365 377 8
366 378 3
367 379 6
368 380 3
369 381 2
370 382 10
371 382 6
372 383 10
373 384 15
374 385 2
375 386 15
376 386 2
377 387 7
378 387 1
379 388 3
380 389 13
381 390 4
382 390 8
383 391 7
384 392 14
385 393 1
386 394 9
387 395 3
388 396 3
389 397 15
390 398 9
391 399 3
391 400 3
392 401 8
392 402 14
393 403 13
394 404 10
394 405 6
395 406 6
395 407 10
396 408 11
396 409 12
397 410 14
398 411 2
399 412 1
400 413 3
401 414 1
402 415 2
403 416 7
404 417 13
405 418 9
406 419 7
407 420 2
407 421 3
408 422 10
409 423 6
410 424 6
411 425 2
412 426 3
413 427 4
414 428 9
415 428 4
416 428 11
417 429 8
418 430 9
419 431 5
420 432 5
421 433 6
422 434 6
423 434 5
424 435 9
425 436 7
426 437 12
426 438 9
427 439 13
427 440 13
428 441 15
428 442 11
429 443 3
429 444 14
430 445 6
431 446 5
432 447 7
433 448 6
434 449 1
434 450 5
435 451 1
436 452 15
437 453 8
438 454 7
439 455 9
440 456 1
441 457 13
442 458 13
443 458 13
444 459 7
445 460 14
446 461 12
447 462 4
448 463 4
449 464 10
450 465 5
451 466 11
452 467 5
453 468 12
454 469 11
455 469 3
456 470 12
457 471 3
458 472 7
459 473 4
460 474 9
461 475 10
462 476 7
463 477 14
464 478 10
465 479 7
466 480 2
467 481 2
468 482 13
469 483 3
470 484 11
471 484 3
472 485 15
473 486 7
474 487 12
475 488 2
476 489 6
477 490 1
478 491 10
479 492 12
480 493 14
481 494 8
482 495 4
482 496 11
483 497 8
484 498 15
485 499 7
486 500 12
487 501 12
488 502 4
489 503 8
490 504 14
491 505 7
492 506 12
493 507 13
494 507 4
495 508 15
496 508 11
497 509 14
498 509 14
499 510 11
500 511 13
501 511 8
502 512 14
503 513 11
504 513 7
505 513 10
506 514 1
507 515 9
508 516 8
509 517 1
510 518 14
511 519 1
511 520 15
511 521 15
512 522 4
512 523 15
512 524 10
513 525 14
513 526 13
514 527 15
515 528 6
516 528 10
517 529 11
518 530 12
519 531 10
520 532 5
521 533 10
522 533 2
523 534 14
524 534 11
525 535 14
526 536 14
527 536 14
528 537 10
529 538 2
530 539 13
531 540 4
531 541 1
532 542 7
533 543 12
533 544 8
534 545 12
534 546 5
535 547 5
536 548 8
537 549 10
538 550 1
539 551 13
540 552 9
541 553 8
542 554 9
543 555 13
544 555 10
545 556 8
546 557 7
547 558 8
548 559 4
549 560 12
550 561 9
551 562 1
552 563 6
553 564 3
554 565 6
555 566 2
556 567 5
557 568 2
558 569 15
558 570 11
559 571 11
560 572 5
561 572 2
562 573 3
563 574 8
564 575 14
565 575 2
566 576 7
567 577 13
568 578 1
569 579 6
570 579 7
571 580 14
572 581 2
572 582 8
573 583 6
573 584 15
574 585 2
575 586 12
575 587 4
575 588 9
575 589 12
576 590 14
576 591 12
577 592 3
577 593 9
577 594 11
578 595 14
578 596 9
579 597 12
580 598 5
580 599 8
581 600 15
582 600 14
583 600 15
584 600 15
585 600 14
586 600 8
587 600 13
588 600 12
589 600 7
590 600 3
591 600 15
592 600 1
593 600 3
594 600 15
595 600 6
596 600 15
597 600 15
598 600 4
599 600 15
