1 2 133
1 3 102
1 4 65
1 5 121
2 6 54
2 7 90
2 8 71
3 9 91
3 10 70
4 11 103
4 12 7
5 13 10
5 14 24
5 15 15
5 16 107
6 17 52
7 18 109
8 19 65
9 20 11
10 21 98
11 22 56
12 23 5
13 24 138
14 25 45
15 26 119
16 27 1
17 28 40
18 29 89
19 30 19
20 31 6
21 32 98
22 33 69
23 34 120
24 35 108
25 36 135
26 37 110
27 38 129
28 39 40
29 40 94
30 41 19
31 42 117
32 43 104
33 44 11
34 45 37
35 46 15
36 47 65
37 48 121
38 49 135
39 50 7
40 50 26
41 50 127
42 50 80
43 50 84
44 50 42
45 50 75
46 50 8
47 50 133
48 50 46
49 50 99
