1 2 152
1 3 139
1 4 113
2 5 166
2 6 172
2 7 147
3 8 82
4 9 172
4 10 77
5 11 165
5 12 48
5 13 119
5 14 5
5 15 46
6 16 100
6 17 27
6 18 172
6 19 55
7 20 40
7 21 123
7 22 110
7 23 52
8 24 152
8 25 36
8 26 130
9 27 19
9 28 158
10 29 133
10 30 167
10 31 63
10 32 52
11 33 78
12 33 26
13 33 66
14 33 57
15 33 116
16 34 61
17 34 45
18 34 104
19 35 55
20 35 161
21 35 86
22 35 90
23 36 149
24 36 52
25 37 87
26 37 60
27 38 20
28 38 66
29 39 161
30 39 146
31 39 36
32 39 52
33 40 143
34 41 121
35 42 67
36 43 17
37 44 108
37 45 170
38 46 101
38 47 21
39 48 49
39 49 104
40 50 103
41 50 62
42 50 115
43 50 83
44 50 148
45 50 161
46 50 78
47 50 71
48 50 133
49 50 14
