1 2 48
1 3 90
1 4 93
2 5 28
2 6 7
2 7 11
2 8 33
3 9 60
3 10 99
3 11 93
4 12 45
4 13 76
4 14 9
5 15 25
6 16 52
7 16 56
8 17 58
9 18 59
10 19 32
11 20 38
12 21 99
13 22 27
14 23 42
15 24 1
15 25 25
16 26 2
17 27 90
17 28 73
18 29 19
19 30 69
20 31 99
21 32 44
22 33 43
22 34 24
23 35 9
24 36 38
25 37 91
26 38 3
27 39 23
28 40 33
29 41 67
30 42 2
31 43 56
32 44 58
33 45 87
34 46 74
35 47 23
36 48 98
37 48 56
38 49 11
39 49 19
40 49 96
41 50 18
42 50 13
43 51 14
44 52 39
45 53 96
46 54 95
47 54 49
48 55 4
49 56 65
50 57 28
51 58 36
52 59 21
53 60 93
54 61 14
55 62 32
56 63 59
57 64 57
58 65 83
59 66 73
60 67 21
60 68 83
61 69 14
62 70 33
63 71 5
64 72 1
65 73 70
66 74 86
67 75 87
67 76 1
68 77 22
68 78 43
69 79 98
70 80 23
71 81 93
72 82 5
73 83 31
74 84 91
75 85 36
76 86 92
77 87 54
78 88 78
79 89 28
80 90 93
81 91 4
82 92 56
83 92 46
84 93 27
85 94 33
86 95 14
87 96 5
88 97 47
89 98 18
90 99 83
90 100 29
90 101 66
90 102 20
91 103 23
92 104 43
92 105 79
93 106 66
93 107 9
94 108 93
94 109 63
95 110 43
96 111 23
97 112 20
98 113 37
99 114 67
100 115 37
101 115 13
102 116 99
103 116 60
104 116 28
105 117 46
106 118 2
107 119 50
108 119 65
109 119 78
110 120 49
111 121 51
112 121 79
113 121 12
114 122 56
114 123 65
115 124 92
115 125 55
116 126 48
117 127 74
118 128 44
119 129 11
120 130 83
121 131 99
122 132 83
123 133 3
124 134 39
125 134 48
126 135 22
127 136 77
128 137 36
129 138 91
130 138 49
131 138 60
132 139 59
133 140 75
134 141 69
135 142 58
136 143 58
137 144 63
138 145 52
139 146 82
139 147 12
140 148 95
141 149 9
142 150 72
143 151 72
143 152 37
144 153 96
145 154 1
146 155 74
147 156 99
148 157 13
149 158 87
150 159 85
151 160 53
151 161 82
152 162 65
152 163 46
153 164 15
153 165 79
154 166 94
155 167 24
156 168 61
157 169 38
158 169 9
159 170 72
160 171 69
161 171 37
162 172 57
163 172 87
164 173 3
165 173 60
166 174 89
167 175 70
168 176 22
169 177 49
170 178 87
171 179 70
172 180 49
173 181 1
174 182 21
175 183 36
176 183 39
177 184 80
178 185 90
179 186 50
180 187 42
181 188 76
182 189 35
183 190 89
183 191 74
184 192 98
184 193 6
185 194 84
186 195 19
187 196 40
188 197 33
189 198 82
189 199 70
190 200 86
191 200 77
192 200 75
193 200 51
194 200 63
195 200 38
196 200 68
197 200 32
198 200 8
199 200 92
