1 2 1
1 3 1
1 4 1
1 5 1
1 6 1
2 7 1
2 8 1
2 9 1
2 10 1
2 11 1
3 12 1
3 13 1
3 14 1
3 15 1
3 16 1
4 17 1
4 18 1
4 19 1
4 20 1
5 21 1
5 22 1
5 23 1
5 24 1
5 25 1
6 26 1
6 27 1
6 28 1
6 29 1
7 30 1
8 31 1
9 32 1
10 32 1
11 33 1
12 33 1
13 34 1
14 35 1
15 35 1
16 36 1
17 37 1
18 38 1
19 39 1
20 40 1
21 40 1
22 41 1
23 42 1
24 42 1
25 43 1
26 44 1
27 45 1
28 46 1
29 47 1
30 48 1
30 49 1
31 50 1
32 51 1
33 52 1
34 53 1
34 54 1
35 55 1
36 56 1
37 57 1
38 58 1
39 59 1
40 60 1
40 61 1
41 62 1
42 63 1
43 64 1
43 65 1
44 66 1
45 67 1
46 68 1
47 69 1
48 70 1
49 71 1
50 72 1
51 73 1
52 74 1
53 75 1
54 76 1
55 77 1
56 78 1
57 79 1
58 80 1
59 80 1
60 81 1
61 81 1
62 82 1
63 83 1
64 83 1
65 84 1
66 84 1
67 85 1
68 85 1
69 85 1
70 86 1
71 87 1
72 88 1
72 89 1
72 90 1
72 91 1
73 92 1
74 93 1
74 94 1
74 95 1
75 96 1
76 97 1
76 98 1
76 99 1
77 100 1
78 101 1
79 102 1
79 103 1
80 104 1
81 105 1
82 106 1
83 107 1
83 108 1
84 109 1
85 110 1
85 111 1
86 112 1
87 112 1
88 113 1
89 113 1
90 113 1
91 114 1
92 114 1
93 115 1
94 116 1
95 116 1
96 116 1
97 117 1
98 118 1
99 119 1
100 120 1
101 121 1
102 121 1
103 122 1
104 123 1
105 123 1
106 124 1
107 125 1
108 125 1
109 125 1
110 126 1
111 127 1
112 128 1
113 129 1
114 130 1
115 131 1
116 132 1
117 132 1
118 133 1
119 134 1
120 135 1
121 135 1
122 135 1
123 136 1
124 137 1
125 138 1
126 139 1
127 140 1
128 141 1
129 142 1
129 143 1
130 144 1
131 145 1
132 146 1
132 147 1
133 148 1
134 149 1
135 150 1
135 151 1
135 152 1
136 153 1
136 154 1
137 155 1
138 156 1
138 157 1
138 158 1
139 159 1
140 160 1
141 161 1
142 162 1
143 163 1
144 164 1
145 165 1
146 166 1
147 167 1
148 167 1
149 168 1
150 169 1
151 169 1
152 170 1
153 170 1
154 171 1
155 172 1
156 173 1
157 174 1
158 174 1
159 175 1
160 176 1
161 177 1
162 178 1
162 179 1
163 180 1
164 181 1
164 182 1
165 183 1
166 184 1
167 185 1
168 186 1
168 187 1
168 188 1
169 189 1
169 190 1
170 191 1
171 192 1
172 193 1
172 194 1
173 195 1
174 196 1
175 197 1
176 198 1
176 199 1
177 200 1
178 200 1
179 200 1
180 200 1
181 200 1
182 200 1
183 200 1
184 200 1
185 200 1
186 200 1
187 200 1
188 200 1
189 200 1
190 200 1
191 200 1
192 200 1
193 200 1
194 200 1
195 200 1
196 200 1
197 200 1
198 200 1
199 200 1
