1 2 40
1 3 52
1 4 13
1 5 47
1 6 8
2 7 60
3 8 26
3 9 66
3 10 25
3 11 3
4 12 51
4 13 8
5 14 26
5 15 20
6 16 35
6 17 62
6 18 1
7 19 42
8 20 21
9 21 68
10 22 40
11 23 48
12 23 60
13 24 46
14 25 12
15 26 47
16 27 32
17 28 49
18 29 43
19 30 45
20 31 49
21 32 30
21 33 52
22 34 47
23 35 30
24 36 11
25 37 67
26 38 46
27 39 37
27 40 8
28 41 10
29 42 53
30 43 68
31 43 30
32 44 5
33 44 32
34 45 57
35 46 37
36 47 65
37 48 1
38 49 44
39 50 54
40 51 40
41 52 57
42 53 34
43 54 3
43 55 19
44 56 3
44 57 46
45 58 57
46 59 26
46 60 57
47 61 29
47 62 57
48 63 44
48 64 68
48 65 47
49 66 4
49 67 27
50 68 62
50 69 17
51 70 38
52 71 51
52 72 63
53 73 66
53 74 54
54 75 66
55 75 66
56 75 26
57 76 48
58 76 64
59 77 44
60 77 59
61 77 17
62 78 63
63 78 2
64 79 4
65 80 32
66 81 31
67 81 15
68 81 30
69 82 21
70 83 47
71 84 47
72 85 9
73 86 24
74 86 63
75 87 13
76 88 17
77 89 5
77 90 58
78 91 47
79 92 7
80 93 40
81 94 68
82 95 3
83 96 23
84 97 29
85 98 39
85 99 8
86 100 54
86 101 33
87 102 1
88 103 57
89 104 20
90 105 6
91 106 21
92 107 53
93 108 22
94 109 63
95 110 28
96 111 64
97 112 28
98 113 64
99 114 63
100 115 6
101 116 55
102 117 3
102 118 17
102 119 49
103 120 27
104 121 25
105 122 36
106 123 29
107 124 32
108 125 19
109 126 9
109 127 9
110 128 24
111 129 45
111 130 4
112 131 18
112 132 2
113 133 5
113 134 48
114 135 2
114 136 56
115 137 11
116 138 54
117 139 16
118 139 57
119 140 43
120 140 3
121 141 35
122 141 1
123 142 65
124 142 9
125 142 61
126 143 63
127 143 54
128 144 47
129 144 43
130 145 8
131 146 46
132 146 51
133 147 67
134 147 61
135 147 59
136 148 7
137 149 25
138 150 54
139 151 44
140 152 7
141 153 64
142 154 60
143 154 50
144 155 65
145 155 46
146 156 14
147 157 57
148 158 7
149 159 51
150 159 28
151 160 25
151 161 8
152 162 12
152 163 7
152 164 20
152 165 52
153 166 1
153 167 19
153 168 6
153 169 6
154 170 62
154 171 59
155 172 57
155 173 53
155 174 49
156 175 62
156 176 20
157 177 65
157 178 28
158 179 36
158 180 42
159 181 67
159 182 4
159 183 28
159 184 34
160 185 15
161 185 2
162 186 9
163 186 53
164 187 55
165 188 69
166 188 7
167 189 67
168 189 59
169 189 16
170 189 49
171 190 28
172 190 33
173 190 7
174 190 6
175 190 53
176 190 68
177 191 14
178 191 52
179 192 8
180 192 56
181 193 48
182 193 34
183 193 4
184 194 62
185 195 55
185 196 26
186 197 38
186 198 11
187 199 45
187 200 6
188 201 24
189 202 43
190 203 35
190 204 29
190 205 35
191 206 25
191 207 13
192 208 62
193 209 60
193 210 56
194 211 14
194 212 44
195 213 34
196 214 64
197 215 49
198 216 4
199 217 69
200 218 19
201 219 16
202 220 42
203 221 56
204 222 34
205 223 23
206 224 6
206 225 50
207 226 32
208 227 20
209 228 37
210 229 38
211 230 19
212 231 63
213 232 19
214 233 14
215 234 38
216 235 69
217 236 44
218 237 18
218 238 3
218 239 23
219 240 59
220 241 37
221 242 30
221 243 16
222 244 42
223 245 25
224 246 49
225 247 29
226 248 40
226 249 28
226 250 39
227 251 2
227 252 24
228 253 8
229 254 61
230 255 6
231 256 18
232 257 39
233 258 52
234 259 15
235 260 47
236 261 43
237 262 3
238 263 1
239 264 5
240 265 23
241 266 31
242 267 1
243 268 65
244 268 60
245 268 12
246 269 47
247 269 22
248 270 63
249 271 64
250 272 44
251 273 22
252 274 14
253 274 48
254 275 33
255 275 42
256 276 24
257 277 11
258 278 38
259 279 61
260 280 48
261 281 21
262 282 42
263 283 1
264 284 13
265 285 29
266 286 47
267 287 31
268 288 16
269 289 11
270 290 65
271 291 65
272 292 4
273 293 6
274 294 21
275 295 25
276 296 12
277 297 50
278 298 9
279 298 29
280 299 21
281 300 57
282 301 52
283 301 35
284 302 19
285 302 2
286 303 60
287 304 47
288 305 47
289 306 34
290 307 53
291 308 2
292 309 46
293 310 44
294 311 26
295 312 32
296 313 40
297 314 20
298 315 14
299 315 60
300 316 64
301 316 41
302 317 16
303 318 34
304 319 49
305 319 23
306 320 69
307 321 32
308 322 55
309 323 22
310 324 55
311 324 3
312 325 66
313 326 61
314 327 17
315 328 37
316 329 53
317 330 49
317 331 40
318 332 31
319 333 63
319 334 29
320 335 15
321 336 2
322 337 6
323 338 11
324 339 13
325 340 25
326 341 55
327 342 8
327 343 53
328 344 2
328 345 38
329 346 31
329 347 3
330 348 38
330 349 42
331 350 57
332 351 65
333 352 28
334 353 68
335 354 47
336 355 2
337 356 44
337 357 56
338 358 37
339 359 64
340 360 8
341 361 32
342 362 36
343 363 43
344 364 67
345 364 32
346 364 8
347 365 11
348 366 6
349 367 17
350 367 61
351 368 25
352 369 50
353 369 1
354 370 15
355 371 12
356 371 48
357 372 14
358 373 45
359 374 6
360 375 37
361 376 18
362 377 7
363 378 60
364 379 11
365 380 37
366 381 43
367 382 7
368 383 39
369 384 19
370 385 15
371 386 5
372 387 13
373 388 67
374 389 34
375 390 62
376 391 58
377 392 37
378 393 18
379 394 57
380 395 35
381 396 6
382 397 25
383 398 54
384 399 39
385 400 49
386 400 41
387 401 54
388 402 44
389 403 4
390 404 52
391 405 41
392 406 51
392 407 5
393 408 3
393 409 66
394 410 35
394 411 38
395 412 34
395 413 51
396 414 26
396 415 44
397 416 25
398 417 44
399 418 41
400 419 47
400 420 9
401 421 2
401 422 17
402 423 24
403 424 68
404 425 28
405 426 43
405 427 27
405 428 26
406 429 49
407 430 34
408 430 51
409 431 19
410 432 14
411 432 16
412 433 59
413 433 51
414 434 62
415 434 55
416 434 67
417 434 65
418 435 60
419 436 69
420 437 66
421 438 66
422 439 19
423 439 33
424 440 2
425 440 5
426 441 37
427 441 41
428 441 22
429 442 53
430 443 67
431 444 10
432 445 19
433 446 16
433 447 31
434 448 13
435 449 46
436 450 69
437 451 7
438 452 2
439 453 17
440 454 28
441 455 9
442 456 56
443 457 61
444 458 3
445 459 32
446 460 26
447 461 46
448 462 42
449 463 43
450 464 61
451 465 60
452 466 29
452 467 41
453 468 67
454 469 46
454 470 12
455 471 65
456 472 32
457 473 5
458 474 12
459 475 54
460 476 19
461 477 3
462 478 66
463 479 6
464 479 54
465 480 39
466 481 44
467 482 68
468 482 50
469 483 18
470 484 44
471 485 19
472 486 48
473 487 33
474 488 61
475 489 33
476 490 4
477 491 21
478 492 45
479 493 23
480 494 9
481 495 35
482 496 34
483 497 35
484 498 67
485 499 45
486 500 11
487 500 37
488 500 2
489 500 65
490 500 10
491 500 58
492 500 53
493 500 21
494 500 3
495 500 12
496 500 28
497 500 59
498 500 54
499 500 10
