1 2 1
1 3 1
1 4 1
2 5 1
2 6 1
2 7 1
3 8 1
3 9 1
3 10 1
4 11 1
4 12 1
4 13 1
4 14 1
4 15 1
5 16 1
6 17 1
7 17 1
8 18 1
9 19 1
10 20 1
11 20 1
12 21 1
13 22 1
14 23 1
15 24 1
16 25 1
17 26 1
18 27 1
19 28 1
20 29 1
20 30 1
21 31 1
22 32 1
23 33 1
24 34 1
25 35 1
26 36 1
27 37 1
28 38 1
28 39 1
29 40 1
30 41 1
31 42 1
31 43 1
32 44 1
32 45 1
33 46 1
33 47 1
34 48 1
35 49 1
36 50 1
37 51 1
38 51 1
39 52 1
40 53 1
41 54 1
42 55 1
43 56 1
44 56 1
45 57 1
46 57 1
47 58 1
48 58 1
49 59 1
50 60 1
51 60 1
52 61 1
53 62 1
54 63 1
55 64 1
56 64 1
57 64 1
58 65 1
59 66 1
60 67 1
61 68 1
62 69 1
63 70 1
64 71 1
65 72 1
65 73 1
66 74 1
67 75 1
68 76 1
69 77 1
70 78 1
71 79 1
71 80 1
72 81 1
73 82 1
74 83 1
75 84 1
76 85 1
77 86 1
78 87 1
79 88 1
80 89 1
81 89 1
82 89 1
83 90 1
84 91 1
84 92 1
85 93 1
85 94 1
86 95 1
87 96 1
87 97 1
88 98 1
89 99 1
89 100 1
89 101 1
90 102 1
91 103 1
92 104 1
93 105 1
94 106 1
95 107 1
96 108 1
97 109 1
98 110 1
99 111 1
100 112 1
101 113 1
102 114 1
103 114 1
104 115 1
105 115 1
106 115 1
107 116 1
108 116 1
109 117 1
110 118 1
111 118 1
112 118 1
113 118 1
114 119 1
115 120 1
115 121 1
116 122 1
116 123 1
117 124 1
117 125 1
118 126 1
119 127 1
119 128 1
119 129 1
119 130 1
119 131 1
120 132 1
120 133 1
120 134 1
120 135 1
121 136 1
121 137 1
121 138 1
121 139 1
121 140 1
122 141 1
122 142 1
122 143 1
123 144 1
123 145 1
123 146 1
124 147 1
124 148 1
124 149 1
124 150 1
124 151 1
125 152 1
125 153 1
125 154 1
125 155 1
125 156 1
126 157 1
126 158 1
126 159 1
126 160 1
127 161 1
128 161 1
129 161 1
130 161 1
131 161 1
132 162 1
133 162 1
134 162 1
135 162 1
136 162 1
137 162 1
138 162 1
139 163 1
140 163 1
141 163 1
142 163 1
143 164 1
144 164 1
145 164 1
146 164 1
147 165 1
148 165 1
149 165 1
150 165 1
151 165 1
152 165 1
153 166 1
154 166 1
155 166 1
156 166 1
157 166 1
158 166 1
159 166 1
160 166 1
161 167 1
161 168 1
162 169 1
162 170 1
163 171 1
163 172 1
163 173 1
163 174 1
164 175 1
164 176 1
165 177 1
166 178 1
167 179 1
168 180 1
169 181 1
170 182 1
171 183 1
172 183 1
173 184 1
174 185 1
175 186 1
176 187 1
177 188 1
178 189 1
179 190 1
180 191 1
181 192 1
182 193 1
183 194 1
184 195 1
185 196 1
186 197 1
187 197 1
188 198 1
189 198 1
190 199 1
191 200 1
192 201 1
192 202 1
193 203 1
194 204 1
195 205 1
195 206 1
196 207 1
197 208 1
198 209 1
198 210 1
199 211 1
200 212 1
201 212 1
202 212 1
203 213 1
204 213 1
205 213 1
206 214 1
207 214 1
208 215 1
209 216 1
210 216 1
211 217 1
211 218 1
212 219 1
212 220 1
213 221 1
213 222 1
213 223 1
213 224 1
214 225 1
215 226 1
216 227 1
216 228 1
217 229 1
218 229 1
219 229 1
220 230 1
221 231 1
222 231 1
223 231 1
224 231 1
225 232 1
226 233 1
227 233 1
228 234 1
229 235 1
230 236 1
231 237 1
232 238 1
233 239 1
233 240 1
234 241 1
234 242 1
235 243 1
236 244 1
237 245 1
238 246 1
239 247 1
240 247 1
241 248 1
242 249 1
243 250 1
244 251 1
245 252 1
246 253 1
247 254 1
248 255 1
249 256 1
249 257 1
250 258 1
251 259 1
251 260 1
252 261 1
253 262 1
254 263 1
255 264 1
256 265 1
257 266 1
258 267 1
259 268 1
260 268 1
261 269 1
262 270 1
263 271 1
264 272 1
265 273 1
266 274 1
267 275 1
268 276 1
269 277 1
269 278 1
270 279 1
271 280 1
272 281 1
273 282 1
274 283 1
275 284 1
276 285 1
277 286 1
278 287 1
279 288 1
280 289 1
281 290 1
282 291 1
283 292 1
284 293 1
285 294 1
286 294 1
287 295 1
288 296 1
289 297 1
290 298 1
291 298 1
292 299 1
293 300 1
294 300 1
295 300 1
296 300 1
297 300 1
298 300 1
299 300 1
