1 1 2 1
8 7 8 8
3 4 5 4
7 8 6 8
5 7 5 6
9 7 10 7
6 6 9 8
2 3 3 3
11 10 12 12
6 6 8 8
11 8 8 7
9 15 15 14
4 6 4 4
6 7 9 9
12 14 12 14
3 3 4 3
12 14 13 14
3 4 4 4
4 4 6 7
9 7 7 7
7 6 8 8
5 5 4 4
3 3 4 4
13 11 12 15
12 9 13 9
3 3 3 4
6 10 10 10
8 7 10 7
9 7 7 9
12 11 10 12
6 5 6 5
8 9 9 7
7 9 10 10
5 6 6 7
9 12 9 15
11 12 15 15
3 4 4 4
11 9 11 11
4 3 4 3
4 5 4 3
11 11 11 10
3 3 2 2
4 6 7 5
3 2 2 2
5 5 6 5
2 3 2 3
2 2 1 1
10 11 13 12
7 12 7 9
1 2 1 2
9 7 10 8
3 3 3 2
13 10 9 8
4 5 3 5
3 5 3 5
6 6 6 5
12 8 12 8
9 15 12 12
12 7 8 9
2 1 2 1
6 4 5 6
2 2 2 2
8 9 13 10
9 6 8 9
3 3 4 4
13 9 10 9
3 3 3 2
10 10 9 9
4 6 7 5
11 11 11 12
14 12 14 10
11 9 13 12
3 3 3 3
6 10 10 6
12 9 10 9
12 7 9 11
1 2 2 1
8 6 5 8
3 2 2 2
4 4 4 3
6 6 5 5
1 1 2 1
8 8 6 7
2 2 1 1
1 2 2 1
8 8 9 7
7 10 10 7
13 10 13 12
8 9 7 9
2 2 1 2
1 2 2 2
2 2 2 2
9 8 11 10
7 9 6 6
1 1 1 1
2 2 1 1
8 9 9 9
7 8 10 8
11 13 9 10
2 2 2 3
8 7 8 8
11 9 7 11
7 6 6 7
3 5 3 5
5 3 4 5
4 7 7 6
4 3 3 3
14 12 13 11
10 12 10 8
1 1 2 1
12 13 11 9
2 1 1 1
4 4 5 5
7 4 4 5
4 4 3 5
6 6 5 7
3 4 5 4
1 2 2 1
1 2 1 1
7 7 6 8
2 3 2 3
10 9 12 7
12 15 11 13
14 9 9 14
12 13 13 10
6 10 9 8
6 5 8 6
1 1 2 1
12 13 13 13
1 1 1 2
4 3 3 4
11 12 14 13
2 2 2 2
7 7 6 8
11 8 11 9
7 7 9 7
11 9 12 11
6 6 6 8
7 5 6 8
11 10 10 12
4 3 4 5
9 7 7 7
7 12 7 9
9 9 7 9
13 10 9 12
4 4 3 4
11 11 9 14
9 15 15 10
9 14 14 10
7 8 5 6
13 14 10 12
2 2 1 2
8 5 6 5
4 4 5 4
9 12 13 9
3 4 3 4
8 9 7 8
9 10 8 7
9 12 10 10
2 2 3 2
9 7 8 8
7 7 5 6
10 7 10 7
5 7 8 6
7 10 9 11
9 11 8 12
7 6 9 7
8 6 5 6
2 2 2 2
7 8 8 6
8 7 9 9
12 12 13 10
10 7 7 10
2 2 2 3
7 10 7 8
12 12 12 11
8 9 6 8
9 7 12 12
3 2 3 3
14 13 10 12
13 11 13 11
3 3 3 4
10 8 10 12
9 7 8 6
11 12 11 13
9 9 11 8
3 3 3 4
5 4 3 5
4 4 4 3
3 3 2 3
11 9 11 13
13 14 13 14
5 3 4 3
12 13 12 11
10 11 11 11
12 14 13 13
1 2 2 1
8 7 11 9
5 4 3 3
4 4 4 3
12 10 12 9
11 13 13 9
10 8 12 9
9 13 13 14
5 5 7 5
2 1 1 1
13 12 11 9
14 13 10 10
9 7 7 6
4 5 5 4
4 3 4 3
9 10 8 7
6 10 6 10
1 2 2 2
11 9 9 10
7 6 8 9
10 12 11 9
13 15 13 14
10 9 8 13
4 3 4 3
9 12 13 13
7 8 9 9
11 8 12 10
6 7 9 9
3 3 3 3
9 6 8 9
2 2 1 2
10 10 13 11
14 9 10 13
7 5 7 5
5 6 6 7
4 4 3 4
3 3 3 4
4 3 4 4
2 2 1 2
13 10 10 14
8 9 13 11
8 8 9 9
4 3 4 3
3 5 3 4
4 4 3 4
6 10 9 9
3 3 3 2
4 3 4 4
9 8 6 8
8 8 5 7
9 10 10 14
9 13 13 13
8 6 6 6
4 3 4 4
8 5 6 6
5 7 6 4
1 2 1 2
6 6 7 4
5 5 3 4
3 4 4 4
7 4 4 6
10 14 13 9
9 7 6 8
12 9 13 8
13 12 12 14
8 6 9 9
9 9 7 7
1 2 1 1
11 7 7 11
12 12 10 9
4 4 4 4
4 3 3 4
3 4 3 3
12 13 9 10
1 1 1 1
7 8 9 7
3 2 2 3
5 8 7 7
6 6 9 9
4 4 4 3
3 3 3 3
6 8 8 8
7 10 8 8
9 9 9 8
7 8 9 7
1 2 1 2
3 4 3 3
8 10 8 12
12 11 14 14
8 7 9 6
8 8 8 8
9 14 13 9
9 10 13 11
8 8 7 6
1 2 2 1
2 3 3 3
7 9 6 9
9 8 11 12
3 4 4 3
6 7 7 6
13 12 15 10
4 3 3 3
13 11 10 11
12 11 11 12
