1 2 8
1 3 10
2 4 13
2 5 9
3 6 3
3 7 10
4 8 1
4 9 7
5 10 10
5 11 7
6 12 7
6 13 12
7 14 3
7 15 2
8 16 11
9 17 3
10 18 11
11 19 12
12 20 8
13 21 12
14 22 7
14 23 1
15 24 5
16 25 4
17 26 10
18 27 4
19 28 3
20 29 12
21 30 7
22 31 12
23 32 10
24 33 7
25 34 2
25 35 4
26 36 13
26 37 13
27 38 9
28 39 10
28 40 10
29 41 5
30 42 1
31 43 7
32 44 13
33 45 7
34 46 12
34 47 3
35 48 5
36 49 3
37 50 8
38 51 7
39 52 8
40 53 2
41 54 11
41 55 2
42 56 10
43 57 9
43 58 13
44 59 7
45 60 6
45 61 11
46 62 3
47 62 2
48 62 8
49 63 1
50 64 6
51 65 3
52 65 12
53 66 10
54 67 8
55 67 7
56 67 7
57 67 5
58 68 1
59 69 10
60 69 7
61 70 12
62 71 13
63 72 10
64 73 8
65 74 1
66 75 9
67 76 10
68 77 6
69 77 5
70 78 6
71 79 8
72 80 2
73 81 5
74 82 12
75 83 9
76 84 3
77 85 10
77 86 8
78 87 3
79 88 13
80 89 9
81 90 2
82 91 6
83 92 1
84 93 10
85 93 13
86 94 5
87 94 4
88 95 1
89 96 10
90 96 4
91 97 8
92 97 11
93 98 2
94 99 1
95 100 10
96 100 10
97 100 12
98 100 13
99 100 13
