1 2 27
1 3 20
1 4 11
1 5 28
2 6 57
2 7 45
2 8 17
2 9 48
2 10 69
3 11 70
3 12 37
3 13 46
3 14 55
3 15 30
4 16 63
4 17 41
4 18 48
4 19 26
4 20 6
5 21 66
5 22 76
5 23 13
5 24 58
5 25 48
6 26 40
7 27 65
8 27 60
9 28 45
10 29 19
11 30 58
12 31 66
13 32 23
14 33 12
15 34 52
16 35 6
17 36 20
18 37 52
19 37 70
20 38 49
21 38 48
22 38 47
23 39 31
24 40 42
25 41 38
26 42 27
27 43 74
28 44 41
29 45 31
30 46 52
31 47 76
32 48 7
32 49 70
33 50 57
34 51 10
35 52 16
36 53 47
37 54 3
38 55 59
39 56 20
40 57 14
41 58 14
42 59 77
42 60 72
43 61 42
44 62 42
44 63 66
45 64 59
46 65 25
47 66 59
48 67 75
49 68 24
50 69 35
50 70 49
51 71 34
51 72 28
52 73 5
53 74 20
54 75 24
55 76 34
56 77 58
57 78 48
58 79 41
59 80 67
60 80 16
61 81 49
62 81 61
63 82 25
64 82 7
65 82 10
66 83 67
67 83 53
68 84 34
69 85 15
70 86 16
71 87 40
72 88 32
73 88 29
74 89 45
75 90 71
76 90 51
77 91 29
78 92 20
79 93 56
80 94 58
81 95 36
82 96 19
83 97 73
84 98 35
84 99 58
85 100 20
86 101 72
87 102 69
88 103 25
89 104 53
90 105 67
91 106 6
92 107 78
93 108 9
94 109 33
95 110 4
95 111 26
96 112 6
96 113 53
97 114 24
98 115 25
98 116 11
99 117 45
100 118 8
101 119 17
102 120 64
102 121 64
103 122 23
104 123 33
104 124 69
104 125 3
105 126 48
106 127 44
106 128 25
107 129 3
107 130 24
108 131 50
109 132 36
110 133 61
111 133 3
112 134 50
113 134 65
114 135 54
115 136 34
116 136 6
117 137 29
118 137 11
119 138 10
120 139 79
121 139 68
122 140 34
123 141 45
124 142 7
125 143 16
126 144 5
127 145 24
128 146 14
129 147 2
130 148 44
131 148 10
132 149 30
133 150 77
134 151 69
135 152 64
135 153 41
136 154 57
137 155 77
138 156 29
138 157 9
138 158 72
139 159 50
140 160 42
141 161 11
141 162 51
142 163 36
142 164 14
143 165 7
144 166 61
145 167 42
145 168 46
146 169 60
146 170 6
147 171 13
147 172 71
148 173 32
148 174 10
149 175 40
150 175 71
151 176 30
152 176 67
153 176 70
154 177 48
155 177 23
156 178 31
157 178 51
158 179 50
159 180 63
160 181 49
161 182 52
162 182 62
163 183 27
164 184 40
165 185 72
166 186 1
167 187 36
168 188 56
169 189 7
170 190 7
171 191 26
172 192 57
173 193 75
174 194 32
175 195 43
176 196 16
177 197 19
178 198 79
179 199 56
180 200 53
181 201 11
182 202 36
183 203 55
183 204 34
184 205 29
185 206 51
186 207 21
187 208 5
188 209 18
189 210 56
190 211 10
191 212 39
192 213 65
193 214 53
194 215 40
195 216 10
196 217 40
197 218 54
198 219 23
199 219 7
200 220 27
201 221 42
202 222 62
203 222 26
204 223 44
205 224 5
206 225 67
207 226 39
208 226 50
209 227 78
210 228 45
211 229 66
212 230 14
213 231 56
214 232 27
215 232 38
216 233 71
217 234 56
218 235 74
219 235 12
220 236 26
221 237 4
222 237 42
223 238 13
224 239 58
225 240 15
226 241 53
227 242 1
228 243 7
229 244 4
230 245 26
231 246 41
232 247 57
233 248 17
234 249 58
235 250 2
236 251 27
237 252 52
238 253 44
239 254 67
240 255 31
241 256 71
242 257 50
243 258 12
243 259 30
244 260 63
244 261 1
245 262 69
246 263 71
247 264 73
247 265 2
247 266 13
248 267 36
249 268 71
249 269 29
250 270 75
250 271 58
251 272 15
252 273 67
253 274 28
254 275 45
255 276 26
255 277 21
256 278 33
257 279 58
258 280 42
258 281 76
259 282 10
260 283 66
261 284 64
262 285 37
263 286 62
264 287 55
265 288 4
266 289 75
267 290 70
268 291 63
269 292 42
270 293 33
271 294 5
271 295 63
271 296 9
272 297 63
273 298 48
274 299 5
274 300 52
274 301 7
275 302 26
275 303 53
275 304 62
276 305 61
277 306 27
277 307 23
278 308 30
279 309 79
279 310 12
280 311 47
280 312 68
281 313 78
282 314 22
283 315 46
283 316 12
283 317 65
283 318 3
284 319 61
285 320 54
286 321 47
286 322 26
287 323 38
287 324 13
287 325 25
287 326 6
288 327 42
289 328 42
290 329 53
291 330 43
292 331 35
293 332 39
294 333 79
295 333 37
296 334 20
297 335 66
298 336 39
299 337 75
300 337 39
301 338 66
302 338 27
303 338 1
304 339 28
305 340 79
306 341 45
307 342 15
308 342 34
309 342 51
310 343 1
311 343 66
312 344 70
313 345 59
314 346 8
315 346 27
316 346 54
317 347 63
318 348 54
319 349 21
320 349 58
321 349 71
322 350 5
323 350 63
324 351 78
325 351 27
326 352 29
327 352 72
328 353 78
329 354 63
330 355 61
331 356 72
332 357 29
333 358 66
334 359 10
335 359 29
336 360 27
337 361 11
338 362 47
339 363 69
340 364 71
341 365 20
342 366 66
343 367 69
344 368 1
345 368 33
346 368 30
347 369 61
348 369 77
349 370 26
350 371 71
351 372 67
352 372 51
353 373 51
354 374 2
355 375 31
356 376 1
357 377 60
358 378 22
359 379 7
360 380 28
361 381 63
362 382 2
363 383 34
364 384 27
365 385 48
365 386 62
366 387 59
367 388 18
368 389 36
369 390 57
370 391 61
371 392 74
372 393 58
373 394 58
374 395 21
374 396 7
374 397 11
375 398 77
376 399 53
377 400 36
378 401 44
379 402 14
380 403 64
380 404 79
381 405 21
382 406 60
382 407 46
383 408 33
384 409 20
384 410 26
385 411 49
386 412 52
386 413 4
387 414 16
388 415 26
389 416 73
390 417 75
391 418 52
392 419 26
392 420 20
393 421 3
394 422 43
395 423 18
396 424 35
397 425 41
398 426 78
399 427 42
400 428 28
401 428 29
402 429 5
403 430 1
404 431 78
405 432 77
406 433 41
407 434 62
408 435 3
409 436 21
410 437 78
411 438 44
412 439 39
413 439 31
414 440 33
415 440 51
416 441 70
417 442 24
418 443 76
419 443 32
420 444 79
421 445 67
422 446 47
423 447 46
424 448 72
425 449 62
426 450 28
427 451 37
428 452 61
429 453 67
430 454 72
431 455 33
432 456 31
433 457 30
434 458 36
435 459 79
436 460 20
437 461 2
438 462 22
439 463 11
440 464 42
441 465 4
442 466 73
443 467 27
444 468 13
445 469 68
446 470 35
447 471 42
448 472 45
449 473 19
450 474 31
451 475 42
452 476 32
453 476 19
454 477 40
455 478 79
456 479 23
457 480 46
458 481 31
459 482 2
460 483 47
461 483 23
462 484 35
463 484 10
464 485 79
465 485 47
466 486 72
467 487 18
468 488 28
469 489 18
470 489 10
471 490 69
472 491 72
473 492 12
474 493 44
475 493 20
476 494 46
477 495 75
478 496 39
479 497 41
480 497 24
481 498 7
482 498 3
483 498 24
484 499 16
485 500 27
486 501 5
487 502 20
488 503 26
489 504 5
490 505 74
491 506 62
492 507 53
492 508 13
492 509 75
493 510 69
494 511 62
495 512 28
496 513 77
497 514 72
498 515 44
499 516 76
500 517 4
501 518 18
502 519 32
503 520 31
503 521 33
504 522 77
505 523 49
506 524 9
507 525 69
507 526 57
507 527 53
508 528 58
508 529 75
509 530 74
510 531 67
510 532 58
511 533 52
511 534 35
512 535 6
513 536 43
514 537 65
515 538 15
516 539 53
516 540 6
517 541 48
517 542 9
518 543 68
518 544 70
519 545 32
519 546 70
520 547 29
521 548 35
522 549 6
522 550 71
523 551 8
524 551 79
525 552 67
526 552 1
527 553 58
528 554 21
529 555 68
530 556 54
531 557 67
532 558 77
533 559 24
534 559 47
535 560 75
536 560 45
537 561 37
538 562 69
539 562 77
540 563 9
541 564 46
542 565 62
543 565 18
544 566 36
545 567 28
546 568 20
547 569 50
548 570 1
549 571 65
550 571 46
551 572 36
551 573 55
552 574 52
553 575 1
554 576 1
554 577 39
555 578 67
555 579 65
556 580 65
556 581 59
557 582 38
558 583 63
559 584 29
560 585 34
560 586 56
561 587 45
562 588 7
563 589 31
564 590 51
564 591 17
565 592 75
566 593 55
567 594 66
567 595 73
568 596 21
569 597 26
569 598 13
570 599 57
571 600 19
572 601 33
573 602 27
574 603 14
575 603 32
576 604 55
577 604 29
578 605 20
579 606 37
580 607 52
581 607 47
582 607 23
583 608 53
584 609 1
585 610 21
586 610 52
587 611 38
588 611 58
589 612 16
590 613 66
591 614 35
592 614 78
593 614 41
594 615 57
595 616 50
596 616 2
597 616 1
598 616 32
599 617 44
600 618 76
601 619 41
602 620 36
603 621 51
603 622 57
604 623 40
605 624 29
605 625 41
605 626 33
606 627 53
607 628 39
608 629 69
609 630 33
610 631 9
611 632 8
611 633 31
612 634 74
612 635 40
613 636 22
614 637 57
615 638 71
616 639 17
617 640 66
618 641 52
618 642 30
619 643 7
620 644 22
621 645 24
622 646 26
623 647 39
624 648 67
625 649 53
626 650 16
627 651 64
628 652 3
629 653 35
630 653 67
631 654 70
632 655 78
633 656 52
634 657 30
635 657 55
636 658 43
637 659 36
638 659 65
639 660 70
640 661 5
641 662 19
642 663 51
643 664 3
643 665 54
644 666 67
645 667 59
645 668 69
646 669 49
646 670 26
647 671 62
648 672 60
648 673 26
648 674 79
649 675 77
649 676 34
650 677 31
650 678 46
651 679 53
652 680 14
653 681 68
654 682 9
655 683 6
655 684 75
656 685 60
656 686 24
656 687 18
657 688 71
658 689 33
658 690 8
658 691 72
659 692 11
660 693 10
660 694 17
661 695 22
662 696 70
663 697 61
663 698 4
663 699 2
664 700 47
665 700 25
666 700 75
667 700 29
668 700 7
669 700 23
670 700 62
671 700 75
672 700 49
673 700 57
674 700 30
675 700 52
676 700 21
677 700 25
678 700 31
679 700 43
680 700 50
681 700 8
682 700 24
683 700 73
684 700 23
685 700 64
686 700 42
687 700 58
688 700 21
689 700 32
690 700 21
691 700 24
692 700 7
693 700 71
694 700 51
695 700 6
696 700 29
697 700 21
698 700 3
699 700 7
