3 1 0 1 2 0 3 2
1 1 0 0 0 1 2 2
4 1 0 6 2 0 3 6
16 9 12 7 14 11 5 11
4 11 16 10 4 8 9 13
0 2 0 2 2 0 0 1
7 0 5 1 0 0 7 0
8 8 5 22 22 2 15 3
8 1 11 22 14 21 16 23
8 9 2 16 1 15 11 4
4 11 11 6 6 1 0 9
0 20 20 15 13 7 15 0
4 0 5 6 2 9 5 8
12 17 6 8 14 21 5 2
1 2 1 1 0 2 1 1
13 5 10 11 15 10 21 24
2 10 1 13 15 1 13 0
10 3 1 2 7 2 8 5
3 4 2 4 0 1 4 1
3 2 7 7 0 0 11 8
7 17 18 5 4 9 12 10
13 26 12 11 3 6 8 2
5 0 5 1 7 0 10 0
10 4 7 3 7 9 9 3
0 2 2 2 0 0 0 2
9 17 10 27 27 4 6 13
6 0 5 4 0 1 4 4
16 22 13 18 16 17 0 3
14 8 16 0 10 4 13 0
0 2 2 2 1 0 1 0
13 17 20 8 17 3 3 12
0 4 3 1 0 2 4 2
2 3 0 0 3 2 4 4
5 0 10 4 3 0 7 0
4 4 4 6 6 6 4 5
11 0 0 3 0 8 13 4
3 12 7 23 15 19 16 3
9 17 8 14 4 6 5 3
2 1 1 1 2 2 0 2
10 8 10 2 7 9 10 6
7 6 7 9 4 5 14 3
11 6 4 13 0 3 3 6
7 9 0 2 3 16 9 8
21 26 7 14 10 20 14 17
12 23 16 10 1 5 22 22
22 3 13 21 21 17 17 19
7 6 8 6 6 1 1 0
2 0 1 3 5 0 5 0
8 3 6 2 5 13 6 0
4 4 2 3 3 0 4 1
11 10 12 22 8 1 15 3
9 4 7 6 10 11 2 12
15 6 15 8 5 16 3 15
16 4 4 0 13 2 12 2
7 4 7 1 8 7 8 8
2 1 10 0 2 3 1 9
8 0 2 4 3 8 6 3
2 9 18 8 21 23 3 9
2 8 7 10 7 10 1 0
4 1 2 1 4 0 1 2
11 5 2 6 15 8 12 3
8 16 0 5 14 2 2 0
14 19 16 25 19 0 2 15
0 6 3 1 3 4 5 6
5 2 5 4 3 1 3 5
11 11 12 13 8 10 4 9
1 0 1 1 2 1 2 1
2 12 19 7 17 18 7 3
4 1 5 7 0 6 8 8
3 8 10 14 9 10 0 7
6 10 8 6 8 9 4 12
15 13 16 12 9 11 10 16
16 16 5 3 10 6 9 13
2 1 25 13 13 3 14 28
2 10 6 5 16 10 4 16
0 0 0 0 0 2 2 1
9 0 0 1 9 2 7 3
4 3 0 1 2 4 4 1
16 6 10 25 14 3 24 11
3 3 2 9 9 7 5 8
25 25 26 6 17 21 21 13
4 6 6 1 4 1 6 6
0 22 0 6 7 23 2 20
0 1 2 1 2 1 0 1
3 7 6 1 2 7 3 6
1 5 5 2 9 4 2 9
3 7 8 7 6 8 4 7
10 0 5 6 0 3 5 0
0 0 2 2 2 0 2 2
8 8 16 17 21 2 20 20
7 9 8 0 6 13 1 14
9 4 7 3 9 3 0 7
2 20 27 23 3 17 21 26
8 3 10 0 4 9 11 6
1 3 3 5 3 6 12 9
16 12 0 18 2 14 7 15
2 12 3 7 10 4 5 5
17 20 6 13 18 9 5 10
9 3 7 8 0 10 11 9
8 12 4 12 4 0 10 12
9 8 17 15 6 13 4 20
2 0 11 23 23 21 1 3
12 13 0 7 4 7 11 14
10 2 7 9 6 2 2 13
7 1 2 5 8 4 5 9
9 15 6 7 21 13 11 20
13 7 16 8 16 6 7 2
0 2 3 1 3 2 4 3
12 20 4 19 13 2 22 0
16 10 6 7 13 2 15 1
1 2 0 4 0 2 6 4
21 22 11 2 0 20 9 8
1 1 1 2 2 2 2 0
9 2 0 6 12 2 12 9
10 3 0 4 9 6 8 7
1 1 1 2 0 1 1 0
2 9 15 12 2 12 5 15
13 10 0 2 22 20 26 9
0 0 2 1 2 1 0 0
1 1 2 0 0 2 0 0
3 6 4 0 10 0 7 3
17 20 19 13 6 12 12 20
12 11 13 15 9 12 15 1
12 13 18 10 0 19 7 3
19 8 26 5 16 23 7 23
19 25 8 19 17 27 18 25
10 4 0 10 1 11 2 18
0 5 4 0 0 0 6 4
0 12 16 17 16 24 7 15
16 5 9 9 8 19 14 19
1 12 4 11 11 8 3 10
20 12 23 20 17 19 12 7
3 0 7 1 7 5 7 7
0 2 0 0 4 1 1 3
17 18 18 6 19 24 23 25
3 10 9 1 7 10 4 5
11 17 8 20 15 16 18 1
20 5 20 14 10 21 14 8
10 8 10 20 15 21 21 17
3 0 6 4 8 1 8 2
9 12 4 2 13 2 13 5
4 4 2 3 5 2 0 4
16 10 11 6 3 1 3 11
9 9 4 5 11 6 9 10
19 1 6 10 3 20 2 8
13 7 7 3 17 6 14 0
9 9 6 1 9 12 6 20
4 9 6 11 9 14 11 1
4 6 9 0 6 5 6 6
2 13 14 2 24 4 2 18
25 14 14 4 8 22 11 2
4 8 0 4 7 1 2 0
12 10 24 6 0 15 24 9
3 3 3 4 0 1 4 4
10 16 14 1 1 9 16 4
17 17 9 16 3 7 6 6
0 1 17 17 2 9 6 8
9 11 5 12 13 9 8 0
6 12 6 8 12 7 4 3
2 7 11 7 14 5 6 8
2 1 2 1 2 0 2 1
0 0 6 10 13 16 3 9
5 4 1 1 1 9 3 11
1 1 2 0 3 4 1 3
7 8 1 8 2 7 2 4
5 3 12 3 6 7 8 5
15 3 9 5 0 5 4 4
2 4 3 3 0 0 1 8
8 0 8 1 19 14 0 15
8 7 2 11 13 8 4 5
2 1 2 0 2 1 2 2
7 7 4 8 3 2 4 2
3 3 4 1 4 1 4 4
0 2 2 1 0 0 1 1
24 12 15 25 24 25 12 21
2 4 0 0 16 9 3 5
11 9 1 11 3 3 3 13
13 10 8 21 5 22 26 2
2 1 2 0 1 2 0 0
4 1 3 1 0 2 0 0
6 3 6 3 1 7 7 15
0 0 2 0 2 1 2 0
13 10 18 19 12 8 5 18
21 20 19 10 21 7 13 1
5 2 2 1 10 11 9 10
13 2 10 9 14 2 13 5
3 19 11 1 18 19 1 15
0 0 2 0 3 0 0 1
0 2 2 3 0 2 3 3
9 5 4 2 6 8 8 10
3 22 16 24 8 25 18 6
7 1 0 8 7 2 2 2
14 16 1 10 12 3 3 0
2 17 17 16 3 17 23 5
0 13 11 4 2 5 14 0
4 3 0 6 4 6 6 2
13 10 14 18 2 14 0 8
4 22 14 1 16 11 9 7
5 10 9 6 6 17 1 7
6 5 4 2 3 11 5 0
15 18 6 4 3 0 1 16
13 21 6 1 25 1 3 28
15 21 12 18 19 0 28 21
0 2 2 0 2 1 3 2
4 1 1 1 3 4 3 3
2 3 6 0 11 2 7 11
0 6 6 4 0 5 5 5
7 9 17 2 10 0 9 5
22 22 3 15 18 4 1 17
21 8 4 10 22 11 4 5
2 24 5 26 7 3 27 27
11 2 4 4 6 20 4 17
6 0 1 3 7 7 7 8
8 10 1 5 4 7 10 3
4 8 9 5 4 10 5 0
5 1 5 24 3 2 16 8
18 9 18 8 22 6 4 25
1 1 2 1 1 2 0 2
6 23 15 21 3 25 16 16
5 1 2 4 3 0 2 3
8 6 7 4 2 5 12 4
1 10 14 9 9 12 14 13
11 8 5 6 6 8 6 15
17 24 8 12 3 7 0 15
3 3 8 21 23 15 20 22
12 19 0 2 5 2 15 23
8 2 3 6 6 10 7 2
10 9 11 5 0 26 16 8
14 15 9 0 0 13 6 12
10 7 9 5 4 6 2 8
18 1 19 7 14 7 10 14
6 5 4 0 0 2 2 5
1 6 5 4 1 5 6 5
3 8 14 20 13 15 18 4
0 4 3 3 2 4 6 4
8 0 1 1 6 8 6 1
16 11 2 19 16 10 14 4
14 10 2 3 11 7 25 14
1 1 0 2 1 1 2 0
18 9 3 12 14 8 11 6
17 5 2 13 8 21 4 1
6 20 17 24 19 11 18 20
7 19 9 21 7 5 15 21
2 0 2 2 2 1 3 3
10 7 0 10 6 4 2 8
15 2 7 8 17 2 23 17
6 7 5 4 15 4 4 6
8 3 6 8 3 8 0 4
1 3 4 2 1 4 0 0
6 5 4 7 7 0 2 2
1 0 2 0 1 1 1 1
4 8 11 0 11 8 1 2
21 1 13 5 13 1 8 8
4 9 0 2 1 9 6 9
5 9 8 0 19 21 5 22
3 1 0 2 1 0 2 0
6 3 2 19 5 16 0 14
8 1 18 18 15 7 0 17
5 0 6 0 8 7 0 0
12 4 8 4 26 7 24 19
7 18 3 12 17 14 10 16
0 12 15 27 7 20 8 7
18 1 12 14 1 14 3 2
1 0 1 0 0 2 0 2
3 10 3 8 14 13 1 12
6 7 4 2 12 12 10 9
3 6 6 5 4 7 14 6
2 8 1 3 4 6 3 5
0 6 7 0 11 16 5 14
0 2 4 2 4 0 2 4
3 0 4 1 1 8 0 3
12 9 5 13 2 5 14 6
2 12 12 21 22 6 17 13
0 12 11 11 12 1 8 9
13 23 8 22 16 22 10 0
11 11 12 3 18 9 20 12
0 2 4 2 3 3 4 0
14 11 15 7 6 16 17 4
6 1 1 2 5 1 14 11
11 19 16 2 14 7 19 17
11 12 0 4 7 6 18 17
18 0 5 6 7 11 6 4
4 3 1 4 3 4 4 4
0 2 1 0 0 1 0 2
0 4 2 1 0 0 2 3
9 8 5 3 10 10 3 2
5 1 3 6 5 4 1 0
25 3 6 13 17 22 18 6
2 1 0 2 0 2 0 1
10 22 13 23 16 10 7 9
2 2 2 2 0 2 1 2
8 0 0 6 3 3 5 7
4 3 0 4 3 0 2 2
5 9 10 1 8 3 10 0
3 26 6 5 22 0 16 20
1 13 14 16 2 11 18 2
10 9 2 2 2 9 5 1
8 3 0 0 5 3 5 3
4 3 5 0 0 1 1 6
3 3 1 0 4 0 4 5
0 2 2 2 0 2 2 2
13 22 2 24 6 22 4 15
14 11 8 1 0 6 1 3
7 0 3 16 21 0 15 16
10 24 4 17 20 14 12 1
27 1 27 14 18 0 1 8
3 1 3 2 5 0 6 4
4 11 8 5 9 14 13 14
12 11 17 9 11 8 7 1
4 8 2 5 0 6 2 5
4 3 3 2 2 2 2 3
2 2 0 1 1 0 1 2
2 5 2 8 8 7 1 8
13 4 4 6 3 14 12 14
6 17 2 9 13 0 4 18
1 1 0 1 2 0 2 1
5 3 4 4 2 0 4 6
16 24 20 14 28 22 19 25
5 15 0 15 9 14 14 1
1 3 2 0 3 0 3 0
12 6 12 7 8 20 14 3
16 12 11 26 27 3 25 23
1 12 0 15 0 2 12 3
18 17 1 18 4 18 0 16
5 3 11 0 2 11 2 11
7 10 6 1 4 1 9 1
7 3 0 4 6 5 10 3
14 4 21 11 12 25 8 14
21 1 28 2 5 8 28 0
15 3 1 13 2 7 2 14
1 10 6 9 14 8 0 18
12 0 9 4 5 0 6 13
13 5 4 5 14 13 6 12
17 11 19 4 19 20 10 15
3 11 3 4 16 13 11 0
0 0 16 3 5 9 4 6
8 1 1 1 2 6 0 2
1 2 0 4 2 4 3 1
17 9 16 0 0 1 8 4
15 7 0 3 16 11 8 6
13 7 16 15 13 3 10 2
6 10 5 9 8 2 6 6
7 17 1 8 9 16 13 20
22 3 22 0 3 1 19 5
8 6 2 2 3 0 1 2
2 7 10 1 12 2 10 3
14 15 15 13 14 18 11 5
17 25 1 23 1 24 13 2
24 23 18 19 8 23 15 14
1 3 4 1 1 1 4 1
2 5 12 0 11 2 12 0
26 17 4 4 0 15 21 2
4 8 2 14 0 4 17 11
15 10 1 1 9 0 1 0
2 7 7 7 4 2 8 8
4 0 2 3 0 1 2 2
28 16 18 15 17 21 4 11
17 14 3 14 17 13 11 15
0 2 19 18 8 14 14 19
28 13 18 12 3 13 0 11
3 1 3 3 0 4 3 0
2 7 5 8 6 5 5 8
5 0 9 6 1 6 0 5
7 19 12 0 14 8 17 14
4 9 14 4 8 15 9 6
1 0 2 0 3 1 0 4
8 6 0 6 4 6 0 1
4 0 11 12 17 14 22 5
7 6 0 8 0 1 8 0
3 11 15 6 24 4 14 19
4 22 22 5 2 1 22 6
9 9 7 4 1 5 4 8
0 3 3 10 12 9 16 9
2 1 1 0 0 1 0 0
18 21 18 9 6 4 12 0
2 0 2 2 1 2 2 2
0 6 3 6 5 0 5 6
0 2 1 4 3 3 4 3
3 13 10 9 11 11 9 1
14 7 12 8 2 10 5 6
10 10 10 10 12 0 4 11
20 26 4 26 28 14 13 4
10 5 18 19 2 0 7 1
6 14 12 8 9 0 19 20
1 4 4 3 3 1 0 0
14 7 7 8 15 10 16 11
5 1 2 13 7 16 15 1
2 0 0 0 0 2 2 0
12 16 7 7 7 18 0 5
3 6 6 0 1 5 3 1
3 10 14 3 9 7 2 7
2 1 10 3 10 10 10 14
10 4 13 1 0 2 8 8
2 3 4 1 0 1 0 4
3 0 2 0 4 1 1 3
4 9 10 20 19 11 12 8
2 3 2 8 7 5 0 7
2 1 2 1 0 0 2 1
1 5 16 0 1 4 13 2
5 3 3 3 7 2 4 2
15 6 3 19 15 8 7 1
4 2 0 4 2 5 4 2
4 5 7 0 7 4 10 1
12 6 12 0 24 25 20 3
15 6 0 14 5 13 12 11
0 2 1 0 1 0 2 0
0 6 15 12 14 6 18 5
3 4 1 3 1 1 4 6
1 9 9 7 14 14 5 0
4 4 7 8 4 2 1 7
18 8 10 9 12 6 18 8
0 3 0 5 3 2 9 8
3 4 1 4 6 6 6 2
0 2 4 0 4 1 0 3
10 11 7 1 5 1 6 2
19 9 15 9 8 3 16 15
4 4 1 2 4 7 8 6
4 4 3 0 1 3 2 4
8 6 2 8 1 7 7 2
4 3 0 2 2 3 5 5
18 12 0 3 3 10 3 5
8 2 10 1 2 9 10 1
10 3 6 8 2 0 0 9
2 0 4 2 4 3 3 1
3 1 24 22 6 22 11 24
6 0 4 6 2 2 6 6
15 4 25 4 0 9 16 3
5 8 20 6 10 25 11 24
13 8 0 10 12 15 10 16
20 13 18 15 1 18 14 1
1 8 9 1 7 4 1 2
3 12 1 10 0 13 13 5
10 20 22 11 14 14 0 0
16 12 14 11 4 6 12 3
1 0 4 2 0 1 4 1
1 3 3 3 0 3 4 2
13 18 17 22 1 22 18 4
1 24 17 22 19 24 5 25
3 13 9 6 6 17 16 13
3 0 4 1 3 4 4 4
10 12 6 9 14 3 15 26
3 3 1 3 6 5 5 0
10 15 17 12 6 17 7 7
10 24 24 7 12 1 22 15
12 13 2 16 0 18 7 21
15 20 11 20 23 14 20 6
3 7 5 4 7 8 6 6
19 20 18 16 15 5 22 5
22 1 12 0 19 11 19 2
9 6 14 2 1 2 9 14
8 1 6 19 2 9 14 9
12 14 9 9 10 18 17 20
24 7 1 24 15 24 22 8
0 0 1 2 2 0 2 1
15 18 11 4 9 3 15 6
23 20 2 20 5 3 13 19
10 16 11 14 8 23 0 5
5 16 9 22 21 4 15 13
0 7 19 2 0 22 17 10
17 1 18 12 5 15 17 11
3 3 3 5 19 9 13 1
15 8 4 17 22 20 7 24
7 0 4 8 5 0 1 6
0 11 5 1 6 3 1 12
1 3 2 4 1 0 3 1
3 1 1 5 5 2 1 3
22 3 17 18 6 3 10 27
6 2 4 6 0 0 5 6
6 12 12 1 13 16 2 13
3 2 3 2 1 4 8 3
17 3 2 6 14 3 10 19
16 7 0 6 12 11 4 5
8 10 2 7 5 12 4 9
7 8 0 7 8 3 4 2
19 19 16 9 22 3 11 13
3 0 1 0 3 1 4 2
18 27 12 19 28 9 10 3
6 17 6 1 20 9 7 7
22 14 12 9 2 5 16 16
10 12 5 9 8 0 10 0
5 15 8 19 14 5 1 13
0 2 4 4 0 5 0 4
0 13 27 3 12 1 18 11
3 13 17 11 9 26 11 19
18 20 5 0 17 22 13 16
1 0 2 0 0 1 2 0
16 11 7 8 0 23 3 16
16 11 2 20 5 19 4 4
26 21 7 9 19 7 2 18
20 7 12 9 3 1 17 17
4 2 3 2 1 2 3 4
4 6 6 14 8 5 1 1
10 5 8 9 9 7 0 2
14 8 18 13 5 7 11 20
8 7 9 11 7 13 14 5
3 4 20 15 12 10 14 7
24 25 0 4 15 6 15 10
21 13 15 10 15 20 23 21
20 15 12 3 9 19 7 5
17 10 4 2 8 15 5 10
17 1 19 14 0 8 5 6
10 12 21 3 9 6 20 1
9 3 25 19 21 24 17 24
13 22 12 16 1 21 18 22
0 9 14 12 13 0 7 10
19 1 20 16 22 21 21 16
5 0 4 6 1 1 0 3
6 7 8 8 2 4 5 3
7 4 5 5 8 4 6 2
4 3 1 4 0 2 3 3
4 3 4 4 1 0 4 4
9 0 3 10 6 7 14 1
5 3 2 0 7 8 1 8
7 0 3 5 7 9 0 9
15 8 8 15 17 17 1 3
4 0 0 2 3 3 0 0
23 13 18 23 27 25 3 10
1 3 8 15 21 21 14 17
1 8 1 0 7 7 4 5
19 14 1 5 11 14 5 6
20 1 18 12 22 13 8 20
10 24 15 16 1 0 11 19
23 19 5 8 20 6 25 14
5 2 4 1 5 2 5 1
2 7 5 0 0 0 8 6
2 11 10 19 17 18 8 14
4 3 7 2 4 5 5 1
5 5 0 1 3 4 6 3
2 2 1 1 4 2 3 1
8 8 25 8 15 21 22 3
3 3 2 1 3 4 4 0
13 3 19 8 10 0 21 16
10 3 18 9 12 7 20 1
1 3 3 3 3 1 0 3
21 9 1 12 3 16 3 21
3 4 11 5 10 8 7 13
0 16 16 8 20 0 13 11
8 4 7 3 2 10 0 5
0 0 1 4 0 2 2 0
2 1 12 2 14 5 17 1
0 22 3 18 22 18 27 3
14 21 17 4 1 11 24 14
7 0 10 3 2 6 4 7
6 2 5 1 1 1 4 5
0 20 18 14 4 20 11 8
0 2 0 2 1 0 2 0
4 4 8 10 5 2 0 12
8 2 8 12 9 19 2 24
9 14 18 10 7 19 18 20
12 11 17 13 2 6 10 0
4 20 1 14 23 11 26 7
0 0 8 4 8 7 2 6
3 2 1 4 5 0 0 4
1 0 2 2 0 1 1 2
0 2 2 0 0 1 1 1
17 2 0 19 6 17 3 20
12 2 25 5 7 1 18 16
1 8 8 13 5 20 11 13
5 4 3 8 2 5 8 4
1 4 3 3 4 2 3 4
4 1 0 4 0 4 2 4
11 23 10 0 7 20 13 16
1 2 1 0 1 2 2 1
2 1 2 0 1 0 2 0
18 2 17 11 13 10 2 18
3 4 2 9 15 12 10 16
2 0 3 0 10 6 8 6
1 3 4 2 1 6 3 6
13 11 6 14 4 12 5 3
10 7 10 1 4 9 5 10
15 6 6 3 7 12 16 14
3 3 0 4 7 2 3 8
5 10 8 8 6 3 6 5
15 23 1 3 15 10 12 22
6 11 3 9 0 9 11 1
0 3 1 2 2 0 0 0
1 6 3 1 3 1 3 5
6 3 4 1 3 0 6 6
1 6 6 1 2 0 2 4
10 11 7 6 6 0 14 6
8 3 5 2 3 8 6 0
1 3 6 6 4 3 6 2
3 10 26 18 13 0 18 23
11 1 13 2 6 10 13 9
1 7 3 12 2 1 11 7
1 8 9 7 7 5 4 11
6 21 2 5 12 0 2 15
15 8 10 10 13 13 11 4
4 3 0 1 2 3 2 0
15 6 14 11 11 10 10 19
5 8 5 10 2 10 5 3
13 14 20 20 5 17 12 11
8 6 2 1 2 6 6 0
1 13 11 4 1 7 9 11
18 7 3 19 5 6 26 6
1 10 4 3 5 9 0 3
4 1 9 1 3 5 7 9
19 5 14 16 22 1 19 13
11 8 0 8 9 13 19 26
2 14 7 6 1 12 3 9
1 2 0 1 0 0 0 2
0 6 0 4 9 7 2 5
3 0 0 0 8 3 4 1
9 4 1 12 11 9 7 7
7 5 5 3 1 9 2 10
0 6 6 6 1 4 6 6
2 3 4 0 2 4 3 3
0 4 3 1 2 8 0 2
13 0 21 8 2 22 12 12
3 19 28 5 22 25 26 19
14 22 1 17 11 14 20 9
3 2 5 1 1 6 1 7
1 14 11 13 13 11 12 12
13 13 3 7 10 8 6 0
3 2 7 8 7 2 5 6
2 6 1 4 3 2 2 4
4 6 8 2 7 7 3 6
25 19 12 9 18 9 2 22
1 2 3 4 1 0 0 1
13 12 5 7 5 13 8 8
2 2 1 0 0 2 0 0
5 0 5 18 2 4 3 17
0 7 9 4 10 7 6 1
11 18 14 19 8 5 3 7
1 2 8 0 5 6 6 10
6 2 11 15 4 12 10 14
5 8 5 8 6 4 1 5
1 3 1 0 3 4 4 1
0 6 1 11 8 12 8 10
12 0 22 6 2 22 24 24
4 2 8 10 11 10 2 9
0 4 5 8 5 0 7 4
1 3 4 7 5 5 3 3
1 0 0 0 2 2 0 2
0 2 6 4 6 4 3 5
8 2 8 2 7 4 3 0
6 5 5 5 2 2 3 2
8 0 4 2 4 2 3 5
6 15 17 6 10 24 8 16
14 23 9 8 15 15 0 17
13 17 2 7 19 20 16 24
2 18 18 11 10 13 4 13
7 18 13 0 8 10 8 2
9 20 20 9 10 17 19 22
18 1 18 14 15 13 21 10
5 4 4 7 1 5 3 6
6 7 11 7 1 5 4 8
0 0 3 3 4 4 4 1
0 5 8 5 6 10 4 18
22 19 0 18 19 0 13 5
3 13 1 8 0 1 12 14
5 8 6 2 2 0 3 7
1 6 0 4 3 3 5 3
2 5 13 14 0 3 5 8
0 4 4 12 3 8 2 0
24 17 14 21 21 9 5 27
4 5 5 11 9 16 1 14
1 2 0 0 2 1 2 1
20 17 14 1 18 20 18 13
3 3 0 2 1 3 4 4
0 0 0 0 2 2 1 2
4 2 16 9 17 6 0 10
0 0 3 1 0 2 2 0
3 2 9 1 5 3 13 6
1 7 6 1 1 2 8 0
23 18 14 2 5 4 13 21
7 5 3 2 2 3 4 3
4 8 4 3 1 8 8 8
14 17 3 22 21 6 23 11
10 25 18 18 19 25 12 6
3 5 0 12 9 20 16 9
6 1 2 2 4 4 1 1
6 6 3 6 1 0 4 0
6 1 2 7 7 1 2 0
6 0 0 3 3 2 0 5
2 3 6 2 2 0 5 5
2 0 0 0 1 2 0 0
10 4 5 12 8 6 4 9
22 16 16 24 4 0 21 14
7 9 12 15 7 0 8 3
0 5 6 0 4 0 6 0
0 5 9 4 1 7 8 4
10 1 8 7 10 4 3 3
7 0 8 8 6 11 0 12
26 18 7 26 12 6 10 15
2 3 1 4 1 6 4 6
6 0 12 12 10 8 16 1
0 6 4 3 4 0 6 4
3 16 15 10 18 2 2 20
4 10 0 10 5 3 8 9
8 19 10 11 21 15 10 1
20 9 14 3 2 17 26 13
6 3 1 1 3 3 6 2
0 2 2 2 0 2 2 2
2 1 1 1 1 1 0 1
3 21 19 7 9 3 1 2
12 10 1 18 11 13 22 24
20 8 14 12 17 4 14 3
1 1 4 2 0 1 4 4
1 8 9 0 11 0 12 3
