1 2 2
1 3 6
1 4 2
1 5 2
2 6 6
2 7 5
2 8 8
2 9 5
3 10 13
3 11 10
3 12 4
4 13 9
4 14 10
4 15 7
4 16 11
5 17 9
5 18 8
5 19 7
5 20 3
6 21 9
7 22 5
8 23 5
9 24 4
10 25 1
11 26 3
12 27 12
13 28 12
14 29 5
15 30 4
16 31 12
16 32 1
17 33 9
18 34 1
19 35 3
20 36 9
21 37 2
22 38 4
23 39 11
24 40 6
25 41 3
26 42 8
27 43 10
28 44 13
29 45 8
30 46 1
31 47 6
32 48 13
33 49 9
34 50 4
35 51 3
36 52 4
37 53 8
38 54 2
39 55 12
40 56 10
41 57 11
42 58 9
43 59 5
44 60 12
45 61 12
46 62 5
47 63 12
48 64 1
49 65 4
50 65 2
51 66 10
52 67 3
53 68 6
54 69 8
55 70 2
56 71 8
57 72 10
58 73 7
59 74 1
60 75 13
61 76 11
62 77 3
63 78 7
64 79 8
65 80 4
65 81 11
66 82 6
67 83 10
68 84 7
69 85 2
70 86 9
71 87 1
72 88 13
73 89 1
74 90 13
75 91 2
76 92 12
77 93 10
78 94 13
79 95 7
80 96 3
81 97 7
82 98 11
83 99 11
84 100 13
85 100 3
86 100 5
87 100 5
88 100 3
89 100 7
90 100 13
91 100 6
92 100 11
93 100 10
94 100 4
95 100 12
96 100 9
97 100 1
98 100 9
99 100 1
