1 2 12
1 3 6
2 4 5
2 5 11
3 6 12
4 7 6
4 8 11
5 9 9
6 10 1
7 11 11
7 12 11
8 13 9
9 14 11
10 15 9
11 16 8
12 17 13
13 18 1
14 19 3
15 20 12
16 21 1
16 22 8
17 23 8
17 24 6
18 25 2
18 26 1
19 27 7
19 28 2
20 29 7
20 30 12
21 31 7
21 32 8
22 33 10
22 34 10
23 35 9
23 36 2
24 37 3
24 38 8
25 39 10
26 40 12
26 41 3
27 42 12
28 43 1
28 44 3
29 45 7
30 46 13
30 47 13
31 48 10
32 48 2
33 48 11
34 49 3
35 49 2
36 50 3
37 50 7
38 51 9
39 51 8
40 51 11
41 52 11
42 52 13
43 53 8
44 53 13
45 53 7
46 54 9
47 54 6
48 55 1
49 56 2
50 57 8
51 58 4
52 59 9
53 60 1
54 61 9
55 62 2
56 63 2
56 64 13
57 65 11
58 66 10
59 67 13
60 68 10
61 69 12
61 70 6
62 71 7
63 72 4
64 73 4
65 74 8
66 75 9
67 76 12
68 77 4
69 78 3
70 79 1
71 80 7
72 81 10
73 82 4
74 82 3
75 82 2
76 83 13
77 83 6
78 84 6
79 85 10
80 86 12
81 87 1
82 88 7
83 89 2
84 89 7
85 90 1
86 91 7
86 92 1
87 93 3
87 94 8
88 95 8
88 96 2
89 97 12
89 98 4
90 99 3
91 100 10
92 100 3
93 100 13
94 100 5
95 100 11
96 100 4
97 100 7
98 100 6
99 100 7
