1 2 1
1 3 1
1 4 1
1 5 1
2 6 1
2 7 1
2 8 1
2 9 1
3 10 1
3 11 1
3 12 1
3 13 1
3 14 1
4 15 1
4 16 1
4 17 1
4 18 1
5 19 1
5 20 1
5 21 1
5 22 1
5 23 1
6 24 1
7 25 1
8 26 1
9 27 1
10 28 1
11 29 1
12 30 1
13 30 1
14 30 1
15 31 1
16 32 1
17 33 1
18 34 1
19 35 1
20 36 1
21 36 1
22 37 1
23 38 1
24 39 1
25 40 1
25 41 1
26 42 1
27 43 1
28 44 1
29 45 1
30 46 1
31 47 1
32 48 1
33 49 1
34 50 1
34 51 1
35 52 1
36 53 1
36 54 1
37 55 1
37 56 1
38 57 1
39 58 1
40 59 1
40 60 1
41 61 1
42 62 1
43 63 1
44 64 1
45 65 1
46 66 1
47 67 1
48 68 1
49 69 1
50 70 1
51 71 1
52 72 1
53 73 1
54 74 1
54 75 1
55 76 1
56 77 1
57 78 1
58 79 1
59 80 1
60 81 1
61 82 1
62 83 1
63 84 1
64 84 1
65 85 1
66 86 1
67 87 1
68 88 1
69 89 1
70 90 1
71 91 1
72 92 1
73 93 1
74 94 1
75 95 1
76 96 1
77 96 1
78 97 1
79 98 1
80 99 1
81 99 1
82 99 1
83 100 1
84 101 1
85 102 1
86 102 1
87 103 1
88 104 1
89 105 1
90 105 1
91 106 1
92 107 1
93 108 1
94 109 1
95 109 1
96 110 1
97 111 1
98 112 1
98 113 1
99 114 1
100 115 1
101 116 1
101 117 1
102 118 1
103 119 1
103 120 1
103 121 1
103 122 1
104 123 1
105 124 1
106 125 1
106 126 1
107 127 1
107 128 1
108 129 1
108 130 1
108 131 1
109 132 1
110 133 1
111 134 1
112 135 1
113 136 1
114 136 1
115 137 1
116 138 1
117 138 1
118 139 1
119 139 1
120 139 1
121 140 1
122 140 1
123 141 1
124 141 1
125 142 1
126 143 1
127 143 1
128 143 1
129 144 1
130 145 1
131 145 1
132 145 1
133 145 1
134 146 1
135 147 1
135 148 1
136 149 1
136 150 1
137 151 1
138 152 1
138 153 1
138 154 1
139 155 1
140 156 1
141 157 1
141 158 1
142 159 1
143 160 1
143 161 1
144 162 1
145 163 1
146 164 1
146 165 1
147 166 1
148 167 1
149 168 1
150 169 1
151 170 1
152 171 1
153 172 1
154 173 1
155 174 1
156 175 1
157 176 1
158 176 1
159 177 1
160 178 1
161 179 1
162 180 1
163 180 1
164 181 1
165 182 1
166 183 1
167 184 1
167 185 1
168 186 1
168 187 1
169 188 1
170 189 1
170 190 1
171 191 1
171 192 1
172 193 1
172 194 1
172 195 1
173 196 1
174 197 1
175 198 1
176 199 1
176 200 1
177 201 1
177 202 1
178 203 1
178 204 1
179 205 1
179 206 1
180 207 1
181 208 1
182 209 1
183 210 1
184 211 1
185 211 1
186 212 1
187 212 1
188 213 1
189 214 1
190 215 1
191 215 1
192 215 1
193 216 1
194 216 1
195 217 1
196 218 1
197 218 1
198 219 1
199 219 1
200 219 1
201 220 1
202 221 1
203 221 1
204 222 1
205 223 1
206 224 1
207 225 1
208 226 1
209 227 1
210 228 1
211 229 1
212 230 1
213 231 1
214 232 1
215 233 1
216 234 1
217 235 1
218 236 1
219 237 1
220 238 1
221 239 1
222 240 1
223 241 1
224 242 1
225 243 1
226 244 1
227 245 1
228 246 1
229 247 1
230 248 1
231 249 1
232 250 1
233 251 1
234 252 1
235 253 1
236 254 1
237 255 1
238 256 1
239 257 1
240 258 1
241 258 1
242 259 1
243 260 1
244 261 1
245 262 1
246 263 1
247 264 1
248 265 1
249 266 1
250 267 1
251 268 1
252 269 1
253 270 1
254 271 1
255 272 1
256 273 1
257 274 1
258 274 1
259 275 1
260 276 1
261 277 1
262 278 1
263 279 1
264 280 1
265 280 1
266 281 1
267 282 1
268 283 1
269 284 1
270 285 1
271 286 1
272 287 1
273 288 1
274 289 1
275 290 1
276 291 1
277 292 1
278 293 1
279 294 1
279 295 1
280 296 1
280 297 1
280 298 1
280 299 1
280 300 1
281 301 1
281 302 1
282 303 1
282 304 1
283 305 1
283 306 1
284 307 1
284 308 1
285 309 1
285 310 1
285 311 1
285 312 1
285 313 1
286 314 1
286 315 1
286 316 1
286 317 1
287 318 1
287 319 1
287 320 1
288 321 1
288 322 1
289 323 1
289 324 1
290 325 1
290 326 1
290 327 1
290 328 1
291 329 1
292 330 1
292 331 1
293 332 1
293 333 1
293 334 1
294 335 1
295 335 1
296 335 1
297 335 1
298 335 1
299 336 1
300 336 1
301 336 1
302 337 1
303 338 1
304 338 1
305 338 1
306 338 1
307 339 1
308 339 1
309 339 1
310 340 1
311 340 1
312 341 1
313 341 1
314 341 1
315 342 1
316 342 1
317 342 1
318 342 1
319 343 1
320 343 1
321 343 1
322 343 1
323 343 1
324 344 1
325 344 1
326 344 1
327 345 1
328 345 1
329 345 1
330 345 1
331 345 1
332 345 1
333 346 1
334 346 1
335 347 1
336 348 1
337 349 1
338 350 1
339 351 1
340 352 1
341 353 1
342 354 1
342 355 1
343 356 1
344 357 1
345 358 1
346 359 1
347 360 1
348 361 1
349 362 1
350 363 1
351 364 1
351 365 1
352 366 1
353 367 1
353 368 1
353 369 1
354 370 1
354 371 1
355 372 1
355 373 1
356 374 1
357 375 1
358 376 1
358 377 1
359 378 1
360 379 1
361 380 1
362 381 1
363 382 1
364 383 1
365 384 1
366 385 1
367 386 1
368 387 1
369 388 1
370 389 1
371 390 1
372 391 1
373 392 1
374 393 1
375 394 1
376 395 1
377 396 1
378 397 1
379 398 1
380 399 1
381 400 1
382 401 1
383 402 1
383 403 1
384 404 1
385 405 1
386 406 1
387 407 1
388 408 1
389 409 1
390 410 1
391 411 1
392 412 1
393 413 1
394 414 1
395 415 1
395 416 1
396 417 1
397 418 1
398 419 1
399 420 1
400 420 1
401 420 1
402 421 1
403 422 1
404 422 1
405 423 1
406 424 1
407 425 1
408 426 1
409 427 1
410 428 1
411 429 1
412 430 1
413 431 1
414 432 1
415 433 1
416 434 1
417 435 1
418 436 1
419 437 1
420 438 1
420 439 1
420 440 1
421 441 1
422 442 1
423 443 1
424 444 1
424 445 1
425 446 1
426 447 1
426 448 1
427 449 1
428 450 1
429 451 1
429 452 1
430 453 1
431 454 1
432 455 1
433 456 1
434 457 1
435 458 1
436 459 1
437 460 1
438 461 1
439 461 1
440 462 1
441 463 1
442 464 1
443 465 1
444 466 1
445 467 1
446 467 1
447 468 1
448 468 1
449 469 1
450 470 1
451 471 1
452 472 1
453 473 1
454 474 1
455 475 1
456 475 1
457 475 1
458 476 1
459 476 1
460 477 1
461 477 1
462 477 1
463 478 1
464 479 1
465 480 1
466 481 1
467 482 1
468 483 1
469 484 1
470 484 1
471 485 1
472 485 1
473 486 1
474 486 1
475 487 1
476 487 1
477 488 1
478 489 1
479 490 1
480 491 1
481 492 1
482 493 1
482 494 1
483 495 1
483 496 1
484 497 1
485 498 1
486 499 1
486 500 1
486 501 1
487 502 1
488 503 1
489 504 1
490 505 1
491 506 1
492 507 1
493 508 1
494 509 1
495 510 1
495 511 1
496 512 1
497 513 1
498 514 1
499 515 1
499 516 1
500 517 1
501 518 1
502 519 1
503 520 1
504 521 1
505 522 1
506 523 1
507 524 1
508 525 1
509 526 1
510 527 1
511 528 1
512 529 1
513 530 1
514 531 1
515 531 1
516 532 1
517 532 1
518 533 1
519 534 1
520 535 1
521 535 1
522 536 1
523 537 1
524 538 1
525 539 1
526 540 1
527 541 1
528 542 1
529 543 1
530 544 1
531 545 1
532 546 1
533 547 1
534 548 1
535 549 1
536 550 1
537 551 1
537 552 1
538 553 1
538 554 1
539 555 1
540 556 1
540 557 1
541 558 1
541 559 1
542 560 1
543 561 1
544 562 1
545 563 1
546 564 1
547 565 1
548 566 1
549 567 1
550 568 1
551 569 1
552 570 1
553 571 1
554 572 1
555 573 1
556 574 1
557 575 1
558 576 1
559 577 1
560 578 1
561 579 1
562 580 1
563 581 1
564 582 1
565 583 1
566 584 1
567 585 1
568 586 1
569 587 1
570 587 1
571 588 1
572 589 1
573 590 1
574 591 1
575 592 1
576 593 1
577 593 1
578 594 1
579 595 1
580 596 1
581 597 1
582 598 1
583 598 1
584 599 1
585 600 1
586 600 1
587 600 1
588 600 1
589 600 1
590 600 1
591 600 1
592 600 1
593 600 1
594 600 1
595 600 1
596 600 1
597 600 1
598 600 1
599 600 1
