3 3 2 4
6 6 2 4
16 12 18 8
6 5 3 3
21 20 10 21
6 8 12 5
3 2 6 3
17 11 15 15
7 8 8 9
7 4 7 10
21 20 14 17
16 12 6 18
19 19 10 11
21 10 12 25
5 12 12 8
19 13 24 18
7 8 7 4
13 27 21 30
1 1 1 2
19 28 22 21
21 12 18 24
26 12 18 22
2 3 4 4
17 14 23 22
15 15 8 10
5 7 3 5
20 18 7 15
9 8 5 6
5 2 5 4
9 11 14 15
20 22 26 11
12 9 12 6
13 15 17 12
2 1 2 2
6 4 5 9
12 16 10 16
1 1 1 1
9 7 17 9
4 11 5 9
8 14 22 16
1 1 2 2
15 16 26 13
26 24 10 17
12 21 12 8
17 13 11 18
8 5 10 9
4 8 8 9
4 3 3 2
21 13 19 10
15 8 17 17
7 12 15 8
6 4 5 5
6 6 5 4
1 2 2 1
23 27 14 23
5 11 12 12
15 14 17 8
12 8 20 8
17 9 16 8
17 10 10 11
4 4 4 6
16 9 15 17
13 10 8 16
4 6 5 8
12 20 10 19
6 7 10 10
18 26 16 29
6 14 6 16
10 12 15 10
11 21 23 21
11 14 18 17
2 5 4 2
14 8 10 7
18 13 11 17
1 2 1 2
17 25 11 24
1 1 3 2
20 8 18 21
11 16 9 14
13 10 11 12
11 13 10 8
6 8 9 14
19 15 11 11
13 5 9 13
9 8 6 3
12 12 13 29
11 8 8 4
20 12 14 17
1 2 2 1
12 11 4 6
10 13 14 7
6 6 5 5
18 23 28 10
13 13 15 13
1 1 1 1
22 22 24 22
14 13 12 7
13 13 20 13
11 13 11 13
7 6 6 4
1 1 2 2
3 1 3 2
6 3 5 2
11 7 6 10
2 1 1 2
29 20 30 25
7 4 9 8
7 8 7 5
18 14 18 18
23 14 19 9
5 8 5 6
9 18 16 10
20 18 21 27
11 8 16 17
27 26 13 13
15 10 11 15
7 10 10 11
15 7 11 5
13 14 9 10
5 6 5 4
19 8 18 20
5 6 11 7
14 13 8 11
11 11 8 11
12 12 5 12
13 8 11 9
18 6 7 10
18 11 11 16
25 10 9 20
17 10 6 15
8 7 15 21
10 5 14 11
13 17 18 12
7 4 3 3
10 9 6 10
25 12 14 23
2 1 3 3
2 2 3 5
18 15 13 9
10 15 24 13
4 9 7 9
11 14 12 14
8 8 9 9
10 17 18 12
6 8 15 17
20 22 17 20
19 22 13 25
23 9 19 10
2 1 1 1
2 1 2 1
6 8 6 10
15 12 7 18
7 3 5 3
12 9 10 11
5 14 7 9
2 1 2 1
6 15 8 16
2 2 1 1
8 8 7 4
27 11 9 25
1 3 3 3
11 11 21 10
13 13 7 13
20 20 11 12
5 9 11 10
12 6 7 14
7 17 6 6
13 27 13 13
6 15 14 7
5 2 2 3
12 12 13 13
27 14 13 23
1 2 1 2
15 14 18 10
12 19 27 20
21 26 14 23
12 6 6 13
21 16 17 17
4 5 3 6
1 1 2 1
18 20 19 20
16 15 13 14
14 20 13 17
7 15 11 15
10 11 6 9
15 20 13 13
9 9 7 14
2 2 2 3
5 2 3 3
4 4 5 4
5 2 4 3
7 3 4 5
5 6 8 4
10 4 8 8
5 7 4 5
6 4 4 5
5 2 3 2
1 1 2 1
1 1 1 2
2 2 4 3
10 12 16 10
20 17 21 7
18 14 18 22
3 5 2 3
8 7 6 8
12 12 19 12
17 22 19 9
2 1 1 2
16 21 20 11
9 7 9 5
25 23 14 12
2 2 1 2
10 10 7 10
10 12 10 10
13 10 10 12
9 6 10 5
21 19 15 17
8 18 7 10
9 18 19 13
11 4 4 12
22 20 29 12
17 10 22 21
2 2 1 3
15 12 6 7
20 14 14 20
11 7 9 5
18 10 26 18
25 28 21 24
3 6 7 6
10 6 6 10
19 16 15 8
3 9 3 3
7 3 5 9
9 8 6 15
13 9 9 13
20 8 12 7
11 13 10 7
12 24 10 20
5 4 9 9
25 18 24 22
20 7 15 20
21 16 21 19
1 1 2 1
10 5 10 6
10 16 10 15
18 24 18 26
14 7 13 6
22 23 12 23
7 3 8 3
10 8 20 15
17 19 20 30
23 9 10 9
2 2 1 1
8 3 7 8
24 20 18 10
14 17 9 7
1 3 1 3
1 2 2 2
15 18 21 18
29 25 19 10
8 23 17 15
22 20 14 12
10 27 20 24
17 7 14 17
15 16 20 10
17 14 8 6
18 12 11 14
8 10 14 16
1 3 1 2
5 4 4 5
28 13 17 29
3 7 8 3
4 8 6 6
13 14 10 16
9 6 8 4
3 1 2 1
7 11 8 6
20 24 17 9
3 5 2 5
7 5 9 8
4 4 3 5
5 11 11 7
15 7 21 16
8 15 9 8
2 1 1 2
3 9 4 4
2 1 2 1
16 21 13 13
11 17 8 21
13 9 20 15
4 3 2 2
11 14 8 6
23 20 27 20
23 8 24 23
5 6 3 4
8 16 8 8
12 18 24 17
19 9 16 15
8 6 5 15
11 9 7 8
19 13 16 12
16 17 14 8
13 13 17 12
8 7 5 13
12 11 16 20
9 6 13 6
13 21 11 25
3 7 7 5
1 1 3 2
17 18 19 17
8 7 16 10
3 5 5 2
23 18 13 13
13 10 15 16
13 21 23 12
10 14 12 13
4 9 11 8
4 2 3 5
9 18 17 9
10 6 5 9
15 19 17 15
14 25 13 10
14 7 13 10
13 10 15 23
2 1 1 1
8 9 6 5
4 7 8 5
8 6 7 10
11 4 9 9
19 26 25 23
5 8 4 5
2 2 2 2
19 17 12 17
11 14 17 25
6 4 9 9
9 6 4 10
1 1 2 1
2 5 4 2
4 3 5 2
17 12 17 9
20 9 9 21
18 16 11 17
3 8 7 6
8 13 20 20
9 11 10 22
12 18 11 18
20 8 16 14
4 8 5 4
5 9 9 5
1 1 1 2
13 11 17 25
11 10 12 8
2 2 2 1
2 2 1 1
2 3 2 3
18 13 11 14
5 2 2 2
18 19 18 22
2 1 2 1
10 5 9 4
19 14 11 19
5 2 3 5
4 3 8 7
1 1 1 2
7 4 7 8
9 17 14 11
7 12 9 16
2 1 2 2
24 27 17 27
7 9 8 7
18 18 10 9
12 6 7 13
18 8 17 18
14 8 10 18
19 23 21 12
17 16 8 9
11 18 6 6
6 7 9 3
13 19 14 8
2 5 5 5
6 9 12 6
9 7 19 16
1 2 2 1
9 6 8 14
12 16 15 10
5 3 4 5
2 1 2 1
3 3 7 4
5 4 2 2
7 8 6 5
13 11 6 9
9 23 17 24
11 11 7 17
19 17 7 8
10 12 6 17
4 4 8 10
4 4 3 4
14 10 15 14
9 15 9 10
21 24 24 14
3 3 3 1
21 27 18 23
5 10 6 10
4 3 5 5
3 6 5 5
9 18 10 17
6 7 3 7
5 4 2 2
1 2 2 1
16 14 30 18
10 20 11 19
8 9 11 10
8 15 24 18
18 15 18 21
9 7 9 6
22 18 22 23
2 3 2 4
17 18 11 15
12 11 5 9
2 1 1 1
9 9 7 6
18 11 16 15
25 24 10 14
14 7 6 6
7 8 9 9
7 18 11 16
19 16 25 25
17 14 12 15
10 4 6 6
5 6 3 4
14 11 21 20
17 12 21 18
26 13 16 17
20 19 16 8
17 18 13 8
5 5 7 8
1 1 2 1
21 19 18 19
24 29 12 28
9 14 10 16
8 6 7 4
8 5 4 4
7 12 12 11
15 23 21 9
4 7 3 5
8 7 7 7
21 15 10 18
9 5 5 8
27 14 24 14
5 3 4 5
18 8 9 12
27 9 15 9
10 9 16 18
7 9 14 14
4 3 5 5
17 7 11 14
10 16 11 14
3 5 3 2
28 28 17 24
12 14 13 10
13 7 9 20
11 4 10 11
22 26 13 28
7 14 15 9
2 3 3 1
13 7 6 9
18 15 10 21
1 2 2 3
8 8 11 6
2 4 3 2
3 5 8 7
4 11 4 10
13 12 14 15
12 9 21 8
4 3 7 5
11 17 16 14
13 11 15 16
2 3 1 1
14 18 9 12
14 11 5 11
23 9 17 14
4 7 5 5
7 10 7 5
17 13 13 12
4 5 5 2
10 7 7 11
2 6 5 4
19 16 12 10
9 7 8 8
15 14 9 8
1 2 2 1
13 10 10 16
9 7 6 6
11 17 22 15
7 4 4 6
23 13 9 16
2 1 1 1
27 28 25 14
15 9 7 8
3 2 4 4
