15 16 6 5
13 20 8 3
3 7 7 22
5 21 18 8
0 3 0 3
16 6 17 10
6 34 33 0
8 15 0 5
18 5 3 3
5 9 10 2
1 4 0 1
20 27 34 20
16 0 13 17
12 1 17 15
0 0 9 20
0 14 2 6
3 5 2 9
2 8 7 7
6 9 7 2
0 6 1 4
19 5 20 12
2 0 1 4
10 12 2 10
14 8 12 5
13 7 9 6
11 4 9 8
12 9 4 8
7 12 11 6
27 29 18 3
3 0 0 2
4 0 10 12
9 13 0 4
14 7 13 7
8 20 2 12
0 2 2 0
5 10 10 2
29 27 31 5
22 15 19 18
3 7 1 2
14 15 14 13
16 21 6 25
5 11 5 1
6 10 14 11
18 25 23 29
0 3 4 0
7 22 16 11
20 24 27 9
6 1 8 6
7 1 5 4
3 8 10 14
4 2 4 2
9 21 14 27
10 5 10 9
26 23 24 12
17 27 18 15
16 13 18 8
4 20 2 0
2 4 7 0
12 6 7 2
13 11 16 8
14 5 8 7
11 7 26 13
6 6 4 0
3 2 2 2
2 0 0 0
31 14 11 11
3 6 8 6
4 5 7 2
0 16 12 15
20 13 1 10
10 7 7 9
0 6 8 3
11 8 23 26
5 13 12 8
13 15 14 2
1 2 4 4
17 3 4 21
0 8 1 17
1 7 8 0
35 34 3 8
15 23 23 4
3 8 21 7
1 0 4 1
5 15 2 15
17 4 11 3
5 5 3 0
5 14 9 22
1 7 7 0
17 7 14 2
11 11 13 13
14 14 13 18
12 5 7 1
0 7 3 4
11 18 4 3
3 19 14 19
6 0 5 6
6 4 5 0
9 4 7 0
5 6 3 9
0 0 1 0
0 20 27 21
1 2 2 0
4 3 2 23
15 17 18 17
20 11 33 24
35 27 33 28
19 9 15 1
7 2 6 1
3 3 25 20
19 21 22 4
36 0 17 26
12 32 23 25
24 6 10 5
9 8 14 22
5 0 24 23
30 31 5 2
5 0 6 4
21 20 14 19
4 7 7 1
20 0 18 5
28 26 21 19
29 21 29 20
1 0 0 1
0 1 1 0
18 19 10 3
12 17 3 5
10 29 9 21
2 9 0 21
20 12 24 14
20 7 3 20
4 22 12 3
2 17 22 0
8 7 10 7
22 6 9 10
3 1 2 6
7 12 19 18
3 17 11 5
0 1 1 1
2 6 2 2
14 1 0 21
2 2 4 3
16 13 16 18
0 2 13 10
20 18 27 11
1 1 3 4
26 14 19 20
11 14 1 12
7 17 5 0
16 7 13 8
6 8 11 5
2 4 3 3
6 7 5 1
14 2 13 23
15 8 0 14
18 0 13 14
3 0 2 2
2 2 2 1
16 0 6 0
26 23 10 7
5 24 8 21
11 2 9 5
24 13 24 31
23 11 15 25
4 4 5 2
4 0 18 3
0 6 0 3
8 5 7 1
20 25 2 18
16 15 26 15
17 26 15 21
18 14 12 6
10 23 1 10
5 13 13 6
6 20 10 23
12 6 10 7
18 31 15 13
3 0 2 5
8 6 0 4
22 16 12 26
1 22 7 12
20 29 33 26
21 0 20 20
32 31 4 33
0 7 2 3
12 12 23 1
28 7 32 0
18 9 4 20
8 10 5 5
0 19 16 3
0 1 2 2
19 21 15 1
29 25 20 9
15 23 5 16
0 1 2 1
10 12 15 2
0 0 1 4
17 14 18 8
19 21 5 21
5 2 5 1
19 10 8 20
8 1 2 8
1 2 5 0
2 8 4 13
5 16 21 12
9 0 7 10
9 7 12 11
11 3 4 3
16 12 11 9
4 1 2 0
14 13 8 17
2 0 6 1
8 1 8 1
0 5 4 12
7 6 5 9
8 0 8 6
16 0 17 15
7 29 23 20
9 8 7 10
10 0 7 6
3 2 6 0
10 10 12 0
1 2 9 2
19 3 1 7
14 11 8 6
6 2 3 6
17 0 17 0
4 3 1 2
4 2 0 4
26 15 26 7
2 5 6 6
19 10 6 2
4 3 4 2
0 2 9 14
14 10 9 3
10 0 23 23
0 2 0 2
8 21 5 3
2 0 1 2
19 11 15 15
24 13 25 4
4 1 3 0
6 9 13 17
9 9 6 7
25 16 9 2
11 11 17 12
5 9 10 2
35 20 30 20
7 14 10 2
10 16 8 15
15 13 25 6
3 12 24 4
20 19 16 11
34 30 28 34
5 25 16 1
4 3 5 6
10 26 10 28
0 2 1 0
12 4 23 1
5 8 5 0
0 0 2 1
3 2 5 5
2 0 2 1
2 4 4 2
1 0 1 0
11 4 1 14
9 10 3 12
7 13 29 24
12 15 0 22
4 11 13 16
5 3 5 2
3 3 2 2
13 14 18 26
6 7 2 30
34 30 27 24
0 19 23 1
3 6 8 7
11 6 26 19
10 0 9 11
5 2 6 6
14 2 11 13
6 0 3 4
11 7 4 5
4 0 4 0
21 22 7 18
2 3 0 1
1 5 12 3
6 15 11 10
12 5 10 8
7 8 1 6
28 30 24 7
2 2 1 2
0 2 4 0
2 4 3 0
19 15 1 24
2 2 2 3
4 16 2 6
3 4 1 4
3 2 1 3
11 0 4 12
7 0 6 6
1 1 0 1
7 4 2 8
15 9 6 5
6 5 1 8
34 13 10 21
13 27 23 4
4 4 2 1
7 4 2 2
6 3 2 2
26 10 28 25
6 5 11 9
2 3 18 15
5 9 7 3
9 6 10 6
6 21 22 24
2 4 2 2
5 7 12 5
26 26 24 17
20 7 2 18
2 14 14 10
14 26 13 25
18 19 33 27
14 13 16 8
11 18 13 16
3 9 13 8
6 0 9 36
11 3 5 3
9 12 3 0
0 2 1 2
15 19 8 18
5 3 7 12
15 0 6 13
7 0 3 1
3 6 10 9
1 13 1 10
2 6 19 4
36 22 34 4
6 0 12 3
2 2 6 6
20 8 7 23
1 8 9 12
15 9 12 16
16 20 10 10
24 4 10 5
7 6 15 18
23 18 5 3
4 3 4 1
23 18 26 12
10 6 1 4
8 9 3 28
7 4 10 10
16 13 1 12
10 8 19 0
10 5 8 17
0 3 1 4
33 30 11 5
14 6 3 4
18 10 7 11
8 1 2 12
3 10 3 10
1 3 2 2
12 6 8 0
2 4 4 3
5 13 13 10
1 7 7 6
0 1 5 5
0 5 3 4
10 24 23 5
1 2 0 2
23 17 12 25
9 0 14 10
5 4 1 3
4 8 8 13
0 2 2 1
3 0 6 0
8 19 4 15
14 10 18 1
29 9 2 14
14 1 6 4
22 16 11 33
13 5 1 3
23 17 14 19
5 9 8 4
6 14 8 15
5 0 3 5
7 5 7 12
2 5 16 13
10 17 23 24
11 10 6 0
22 21 17 8
5 6 13 19
4 2 26 8
0 9 10 4
6 1 5 6
11 6 21 14
5 10 7 9
6 14 5 7
2 29 6 29
1 3 3 0
6 7 3 8
4 10 15 22
0 2 3 4
32 29 7 3
13 0 20 2
5 1 0 4
14 35 0 31
4 0 2 5
7 3 0 8
22 1 24 3
16 25 25 10
28 21 19 5
35 29 7 26
7 9 5 3
13 28 15 26
1 11 4 9
7 23 9 7
4 12 13 8
0 4 4 1
14 17 17 25
5 3 12 20
5 5 0 0
0 5 5 1
6 1 4 4
2 2 0 0
1 4 10 2
33 26 1 12
0 24 18 3
14 2 4 10
1 18 21 20
1 4 2 1
30 10 30 8
2 4 0 7
2 0 3 3
15 21 27 21
2 10 16 13
9 21 14 17
4 6 0 4
7 13 9 5
11 11 7 0
11 19 26 27
7 12 8 20
25 34 0 22
0 6 6 16
13 15 0 13
0 0 8 16
15 3 17 25
1 4 10 0
5 16 9 0
3 6 3 6
2 5 14 5
2 17 18 5
8 22 4 33
4 0 2 2
17 9 13 2
14 13 14 13
10 10 16 12
28 22 22 0
10 13 21 11
7 4 8 4
10 11 13 12
10 18 20 10
11 25 8 23
9 23 25 25
2 8 5 3
17 22 31 24
3 2 2 0
25 3 20 23
18 7 0 0
26 0 3 22
14 1 9 10
11 2 6 6
20 0 3 7
15 8 31 13
0 1 0 4
22 13 16 5
35 22 1 36
11 1 1 14
3 25 17 21
5 4 2 6
12 29 24 33
10 6 8 0
5 10 17 8
8 12 11 7
8 28 1 28
15 10 15 12
29 25 0 28
13 6 1 3
26 10 24 14
7 24 3 2
1 7 4 28
7 9 3 0
4 2 3 1
13 10 9 27
16 17 29 9
9 19 22 34
27 27 8 21
1 1 0 0
7 12 7 7
5 10 0 10
0 7 6 7
