1 2 24
1 3 23
1 4 3
1 5 26
2 6 21
3 7 1
3 8 4
3 9 22
4 10 28
4 11 22
5 12 18
6 13 15
6 14 11
6 15 17
7 16 29
8 17 5
8 18 13
9 19 1
10 20 20
11 21 28
11 22 25
11 23 17
11 24 25
12 25 3
12 26 18
13 27 8
14 27 8
15 27 4
16 28 19
17 29 5
18 30 29
19 31 21
20 31 2
21 32 27
22 33 13
23 33 16
24 34 20
25 35 1
26 35 16
27 36 15
27 37 10
27 38 4
28 39 6
29 40 28
30 41 22
31 42 6
32 43 1
33 44 4
34 45 21
34 46 15
35 47 3
36 48 5
37 49 29
38 50 3
39 51 19
40 52 29
41 53 23
42 54 9
43 55 5
44 56 7
45 57 26
46 58 8
47 59 14
48 60 13
48 61 1
49 62 18
50 63 5
51 64 10
52 65 2
53 66 22
54 67 13
55 68 3
55 69 18
56 70 23
57 71 14
58 72 14
59 73 27
60 74 15
60 75 25
61 76 28
62 77 20
63 78 28
63 79 11
64 80 12
65 81 5
66 82 26
67 83 8
67 84 24
68 85 28
69 86 13
70 87 1
71 88 29
72 89 28
72 90 28
73 91 26
74 92 29
75 93 16
76 94 20
77 95 28
78 95 26
79 96 16
80 97 12
81 98 1
82 99 16
83 100 8
84 100 25
85 101 28
86 101 26
87 102 14
88 103 24
89 104 18
90 105 16
91 106 26
92 107 10
93 108 3
94 109 12
95 109 28
96 110 9
97 110 9
98 111 13
99 112 13
100 112 2
101 113 20
102 114 29
103 115 24
104 116 16
105 117 10
106 117 4
107 118 4
108 119 21
109 120 3
110 121 18
111 122 10
112 123 7
113 124 20
114 125 1
115 126 12
116 127 9
117 128 2
118 129 18
119 130 22
120 131 5
121 132 29
122 133 5
123 134 23
124 135 15
125 136 20
126 136 17
127 137 28
128 138 22
129 139 10
130 140 9
131 141 26
132 142 27
133 143 22
134 144 29
135 145 25
136 146 10
137 146 19
138 147 18
139 148 9
140 149 25
141 150 9
142 150 14
143 151 1
144 151 24
145 152 24
146 153 6
147 153 4
148 154 21
149 155 27
150 156 3
151 157 17
152 158 3
152 159 13
153 160 1
153 161 20
153 162 29
154 163 25
154 164 13
155 165 18
156 166 7
156 167 12
157 168 23
157 169 26
158 170 19
158 171 9
158 172 6
159 173 13
160 174 23
160 175 27
160 176 29
161 177 5
162 178 13
163 179 1
164 180 22
165 181 18
166 182 28
167 183 27
168 184 3
169 184 20
170 185 8
171 185 1
172 186 1
173 186 8
174 187 10
175 188 13
176 189 17
177 190 8
178 191 21
179 192 4
180 193 3
180 194 12
181 195 29
181 196 20
182 197 19
183 198 2
184 199 7
185 200 5
186 201 1
186 202 1
187 203 7
187 204 26
188 205 21
189 206 11
190 207 17
191 208 11
192 209 7
193 209 16
194 210 10
195 210 25
196 211 26
197 211 22
198 211 5
199 211 17
200 212 28
201 213 2
202 214 9
203 215 28
204 216 4
205 216 14
206 217 14
207 217 5
208 217 5
209 218 23
210 219 25
211 219 26
212 220 10
213 221 6
214 222 9
215 223 21
216 224 25
217 225 1
218 226 27
219 227 13
219 228 7
219 229 26
220 230 5
220 231 28
221 232 7
221 233 14
222 234 5
222 235 10
223 236 1
224 237 4
225 238 7
226 239 14
227 240 1
228 241 18
229 242 20
230 243 13
230 244 27
231 245 6
232 246 3
232 247 20
232 248 19
233 249 5
234 250 17
235 251 22
236 252 23
237 253 15
238 254 25
239 255 13
240 256 29
241 257 23
242 258 20
243 259 21
244 260 13
245 261 12
246 262 21
247 263 20
248 264 8
249 265 29
250 266 8
250 267 8
251 268 13
251 269 17
251 270 9
252 271 22
253 272 20
253 273 23
254 274 11
255 275 13
255 276 10
256 277 4
257 278 12
258 279 18
259 280 4
259 281 4
260 282 14
260 283 23
260 284 10
261 285 16
262 286 17
263 287 26
264 288 25
265 289 3
266 290 23
267 291 24
267 292 20
268 293 17
269 294 18
270 295 28
271 296 24
272 297 7
273 298 17
274 299 18
274 300 20
274 301 14
275 302 26
276 302 12
277 302 27
278 302 18
279 302 21
280 303 13
281 303 12
282 303 13
283 303 8
284 303 19
285 304 23
286 304 25
287 304 24
288 304 3
289 304 10
290 304 26
291 304 26
292 304 2
293 304 16
294 304 16
295 305 9
296 305 9
297 305 10
298 305 16
299 306 27
300 306 2
301 306 15
302 307 15
302 308 6
302 309 5
303 310 6
303 311 13
303 312 7
304 313 28
304 314 9
304 315 21
304 316 16
305 317 9
306 318 4
306 319 9
306 320 22
306 321 9
307 322 25
308 322 28
309 323 8
310 323 29
311 324 10
312 325 27
313 325 8
314 326 20
315 327 1
316 327 22
317 327 4
318 328 8
319 328 26
320 329 13
321 330 9
322 331 10
323 332 1
324 333 5
324 334 25
324 335 4
325 336 16
325 337 10
325 338 13
325 339 21
326 340 12
326 341 25
326 342 13
327 343 7
327 344 3
328 345 22
328 346 24
329 347 19
330 348 27
330 349 8
331 350 8
332 350 8
333 350 5
334 351 1
335 351 18
336 352 4
337 353 15
338 353 12
339 354 9
340 354 6
341 354 27
342 355 21
343 356 11
344 356 22
345 356 25
346 357 20
347 358 11
348 358 25
349 359 18
350 360 23
351 361 15
352 362 12
353 363 21
353 364 3
354 365 24
355 366 14
356 367 28
356 368 5
357 369 16
358 370 19
359 371 3
360 372 6
361 373 6
362 374 12
363 375 24
364 376 18
365 377 11
366 378 13
367 379 3
368 380 14
369 381 8
370 382 19
371 383 13
372 384 5
373 385 24
374 385 18
375 386 16
376 386 25
377 387 10
378 388 26
379 389 14
380 390 2
381 390 12
382 391 29
383 392 16
384 393 26
385 394 7
386 395 4
386 396 24
387 397 9
388 398 20
389 399 22
390 400 9
390 401 6
391 402 6
392 403 10
393 404 2
394 405 3
394 406 23
395 407 25
396 408 17
396 409 29
397 410 16
397 411 6
398 412 27
398 413 3
399 414 11
400 415 2
400 416 27
400 417 19
401 418 9
402 419 1
402 420 13
403 421 27
403 422 21
404 423 10
405 423 10
406 424 5
407 425 2
408 426 19
409 427 15
410 427 1
411 428 27
412 429 17
413 429 20
414 430 14
415 430 14
416 431 27
417 432 12
418 433 25
419 434 15
420 434 23
421 435 6
422 436 5
423 437 14
424 438 17
425 439 1
426 440 5
427 441 5
427 442 23
428 443 8
429 444 20
430 445 15
431 446 5
432 447 27
433 448 2
434 449 8
435 450 17
436 451 2
437 452 7
438 453 13
439 454 24
440 455 26
441 456 5
442 457 23
443 458 10
444 459 17
445 460 20
446 461 13
446 462 19
447 463 7
448 464 15
449 465 28
450 466 5
451 467 17
452 468 7
453 469 28
454 470 19
455 471 28
456 472 28
457 473 29
458 474 14
459 475 13
460 476 16
461 477 3
462 478 28
463 479 13
464 480 24
465 481 12
466 482 24
467 483 12
468 484 12
469 485 3
470 486 13
471 486 12
472 486 26
473 487 21
474 487 25
475 488 9
476 489 12
477 490 14
478 491 7
479 491 19
480 492 9
481 492 24
482 493 12
483 494 25
484 495 5
484 496 18
485 497 25
486 498 7
487 499 25
488 500 14
489 501 22
490 502 10
490 503 26
491 504 25
492 505 15
493 506 18
494 507 7
495 508 13
496 508 25
497 509 8
498 510 3
499 511 5
500 512 16
501 513 16
502 514 19
503 514 8
504 515 4
505 516 2
506 517 22
507 518 19
508 519 1
509 520 14
510 521 13
511 522 24
512 523 10
513 524 7
514 525 25
515 526 4
516 527 6
517 528 1
518 529 5
519 530 25
520 531 6
521 531 8
522 532 8
523 532 5
524 533 4
525 534 22
526 535 19
527 536 26
528 537 22
529 538 26
530 539 18
530 540 9
531 541 9
531 542 7
531 543 27
531 544 17
532 545 10
532 546 3
532 547 12
532 548 11
533 549 6
533 550 8
534 551 11
534 552 26
535 553 28
535 554 13
535 555 29
535 556 22
536 557 20
536 558 6
536 559 27
536 560 14
537 561 19
537 562 21
538 563 2
538 564 13
538 565 26
539 566 20
540 567 21
541 568 7
542 568 23
543 569 7
544 569 4
545 569 27
546 570 4
547 570 15
548 571 28
549 571 9
550 572 22
551 573 3
552 574 10
553 574 10
554 575 27
555 576 3
556 577 8
557 578 21
558 578 16
559 579 9
560 580 26
561 580 18
562 580 25
563 580 12
564 581 17
565 582 5
566 583 14
567 584 27
568 584 24
569 585 17
570 586 15
571 587 19
572 587 13
573 588 25
574 589 9
575 589 12
576 590 4
577 590 11
578 591 7
579 592 28
580 592 11
581 593 11
582 593 20
583 594 1
584 594 15
585 595 5
586 595 18
587 595 22
588 596 19
589 596 2
590 597 14
591 598 21
592 598 26
593 599 27
594 600 26
595 600 2
596 600 11
597 600 4
598 600 6
599 600 17
