1 2 25
1 3 46
1 4 22
2 5 19
2 6 43
2 7 11
3 8 16
3 9 16
4 10 36
4 11 26
5 12 47
6 13 13
7 14 7
8 15 24
9 16 5
10 17 16
11 18 7
12 19 36
13 20 2
14 21 37
15 22 37
16 23 31
17 24 27
18 25 1
19 26 4
20 27 17
20 28 23
21 29 37
22 30 48
23 31 8
23 32 11
24 33 13
25 34 34
25 35 37
25 36 7
26 37 6
27 38 22
28 38 25
29 38 38
30 39 22
31 39 17
32 40 35
33 40 49
34 40 34
35 41 31
36 42 40
37 43 24
37 44 25
38 45 45
39 46 36
40 47 25
41 48 47
41 49 38
42 50 27
42 51 7
43 52 23
44 53 19
45 54 40
46 54 9
47 55 35
48 56 40
49 57 23
50 58 49
51 58 7
52 59 25
53 59 44
54 59 38
55 60 28
56 60 47
57 61 35
58 62 36
59 63 48
59 64 39
60 65 36
60 66 4
60 67 25
61 68 29
61 69 37
62 70 43
63 71 12
64 72 39
65 73 12
66 74 48
67 75 11
68 76 37
69 77 33
69 78 22
70 79 18
71 80 18
72 81 43
72 82 38
73 83 42
74 84 46
74 85 9
75 86 6
76 87 14
77 88 3
78 89 1
79 90 32
80 91 12
81 92 47
81 93 24
82 94 40
83 95 36
84 96 40
84 97 5
85 98 33
85 99 37
86 100 23
87 101 24
87 102 3
88 103 40
89 104 40
90 105 41
91 106 31
92 107 5
93 108 33
94 108 38
95 108 32
96 109 6
97 109 38
98 110 28
99 110 36
100 111 46
101 111 44
102 112 31
103 112 19
104 112 25
105 113 4
106 114 23
107 114 38
108 115 40
109 116 23
110 117 12
111 118 5
112 119 17
113 120 36
114 121 2
115 121 42
116 122 19
117 122 11
118 123 12
119 124 40
120 124 40
121 125 14
122 126 36
122 127 36
122 128 19
123 129 37
123 130 16
124 131 46
124 132 8
125 133 30
126 134 18
127 135 27
128 136 39
129 137 40
130 138 14
131 139 22
132 139 48
133 140 7
134 141 45
135 142 26
136 143 27
136 144 1
137 145 24
138 146 30
138 147 48
138 148 37
139 149 22
139 150 41
140 151 17
141 152 18
142 152 23
143 152 26
144 153 44
145 154 47
146 154 15
147 155 20
148 155 15
149 156 21
150 157 5
151 158 46
152 159 5
153 160 23
154 161 39
155 162 11
156 163 29
157 164 33
158 165 49
159 166 24
160 167 19
161 168 37
162 169 44
163 170 43
164 171 33
165 172 5
166 173 3
167 174 25
168 175 36
169 176 12
170 177 18
171 178 32
172 179 29
172 180 16
173 181 11
174 182 26
175 183 32
176 184 21
177 185 41
178 186 29
179 187 37
179 188 9
179 189 32
179 190 41
180 191 25
181 192 22
182 193 9
183 194 46
183 195 42
184 196 48
184 197 14
185 198 48
186 199 1
187 200 15
188 200 13
189 200 43
190 200 32
191 200 24
192 200 36
193 200 42
194 200 13
195 200 15
196 200 12
197 200 2
198 200 33
199 200 2
