1 2 71
1 3 95
1 4 22
1 5 72
2 6 55
2 7 86
2 8 24
3 9 53
4 10 42
5 11 94
6 12 45
7 13 48
8 14 3
9 15 8
9 16 7
10 17 88
11 18 94
12 19 83
13 20 23
14 21 59
15 22 13
16 23 43
17 24 72
17 25 74
18 26 26
19 27 66
19 28 18
20 29 71
21 30 31
22 31 29
22 32 96
23 33 84
23 34 94
24 35 18
25 36 36
25 37 56
26 38 64
26 39 96
27 40 10
28 40 31
29 40 95
30 40 94
31 41 23
32 42 14
33 43 5
34 43 95
35 43 40
36 43 59
37 43 43
38 43 61
39 43 88
40 44 32
40 45 80
41 46 75
41 47 73
41 48 71
42 49 76
42 50 76
43 51 77
43 52 5
44 53 7
45 54 80
46 55 62
47 55 42
48 56 58
49 57 94
50 58 53
51 59 38
52 60 91
53 61 11
54 61 7
55 61 36
56 61 8
57 62 52
58 62 1
59 62 43
60 62 92
61 63 74
61 64 91
61 65 32
61 66 94
62 67 53
62 68 31
62 69 31
62 70 51
63 71 57
64 72 85
65 73 72
66 74 51
67 75 67
68 76 15
69 77 36
70 78 80
71 79 44
72 80 88
73 81 78
74 82 23
75 83 16
76 83 14
77 84 15
78 84 43
79 85 75
79 86 16
79 87 24
79 88 59
80 89 23
80 90 12
80 91 11
80 92 62
81 93 37
81 94 82
81 95 73
82 96 27
82 97 73
82 98 31
83 99 98
83 100 64
83 101 35
83 102 9
84 103 39
84 104 3
84 105 45
84 106 78
85 107 64
86 107 79
87 107 59
88 107 57
89 108 73
90 108 94
91 108 7
92 108 54
93 108 69
94 108 1
95 108 78
96 108 66
97 109 90
98 109 61
99 109 88
100 109 80
101 109 49
102 109 77
103 110 65
104 110 18
105 110 88
106 110 15
107 111 66
107 112 62
108 113 65
108 114 77
108 115 77
109 116 6
109 117 45
109 118 73
110 119 7
111 120 15
112 121 12
113 121 30
114 122 15
115 123 62
116 124 51
117 125 10
118 126 62
119 127 73
120 128 95
121 128 54
122 128 2
123 129 14
124 130 64
125 131 60
126 132 6
127 132 61
128 133 93
129 134 50
130 135 83
130 136 19
131 137 20
132 138 81
132 139 71
133 140 67
134 141 13
135 142 75
136 143 41
137 144 74
138 145 3
139 146 21
140 147 10
141 148 9
142 149 77
143 150 6
144 151 22
145 151 20
146 152 3
147 153 17
147 154 31
148 155 80
149 156 24
150 157 48
151 158 18
152 159 13
153 160 39
154 161 20
155 162 57
156 163 32
157 164 76
158 165 67
159 166 15
160 167 40
161 168 86
162 169 76
163 170 82
164 171 16
165 172 66
166 173 77
167 174 68
168 175 27
169 176 89
170 177 92
171 177 83
172 178 83
173 179 27
174 180 94
175 181 69
176 182 11
177 183 73
178 184 50
179 185 34
180 186 4
181 187 24
182 187 12
183 188 11
184 189 79
185 190 46
186 191 40
187 192 84
187 193 3
187 194 7
188 195 93
189 196 4
190 197 65
190 198 19
190 199 38
191 200 70
192 200 69
193 200 12
194 200 89
195 200 32
196 200 53
197 200 62
198 200 65
199 200 24
