1 2 2
1 3 7
1 4 6
2 5 4
2 6 1
2 7 1
2 8 3
3 9 3
3 10 6
3 11 5
4 12 7
4 13 4
4 14 4
5 15 3
6 16 1
7 17 7
8 18 1
8 19 3
8 20 6
9 21 4
10 22 6
10 23 7
11 24 1
11 25 2
12 26 4
13 27 6
13 28 2
14 29 6
15 30 4
16 30 4
17 31 5
18 32 5
19 32 3
20 32 3
21 32 5
22 33 6
23 33 5
24 34 6
25 35 1
26 36 5
27 36 2
28 36 4
29 36 7
30 37 1
30 38 5
31 39 2
31 40 1
32 41 6
32 42 2
33 43 6
33 44 2
34 45 5
34 46 1
35 47 4
35 48 6
36 49 2
36 50 5
37 51 5
38 51 3
39 51 4
40 51 2
41 51 7
42 52 4
43 53 5
44 53 4
45 54 5
46 54 1
47 55 4
48 55 3
49 56 6
50 56 3
51 57 3
51 58 2
51 59 4
51 60 3
52 61 5
53 62 5
54 63 5
54 64 5
55 65 3
55 66 1
55 67 3
56 68 6
57 69 5
58 70 1
59 71 3
59 72 4
60 73 5
61 74 3
62 75 6
63 76 2
64 77 1
65 78 7
66 79 3
67 80 4
67 81 1
68 82 5
69 83 4
70 84 2
71 85 3
72 86 1
73 87 2
73 88 6
74 89 4
75 90 6
76 91 7
77 92 6
77 93 2
78 94 4
78 95 2
79 96 6
79 97 2
80 98 2
81 99 2
82 100 7
83 101 7
84 102 3
85 103 3
86 103 5
87 103 2
88 104 1
89 105 7
90 106 4
91 106 3
92 106 1
93 106 7
94 106 7
95 107 4
96 107 4
97 107 4
98 107 7
99 108 5
100 109 1
101 110 3
101 111 1
102 112 7
103 113 7
103 114 4
104 115 1
105 116 5
106 117 1
106 118 7
107 119 1
108 120 5
109 121 4
110 122 2
111 122 2
112 123 4
113 124 5
114 125 2
115 125 2
116 125 6
117 126 5
118 127 5
119 128 4
120 128 1
121 129 2
122 130 2
123 131 3
124 132 6
125 133 5
126 134 2
127 135 1
128 136 7
128 137 2
129 138 3
129 139 2
130 140 3
130 141 7
131 142 1
132 143 4
133 144 7
134 145 4
135 146 1
136 147 4
137 148 1
138 149 5
139 150 2
139 151 4
140 152 5
141 152 1
142 152 5
143 153 7
144 154 1
145 154 2
146 155 3
147 156 4
148 157 7
149 158 2
150 159 6
151 159 5
152 160 4
152 161 3
153 162 1
153 163 4
154 164 7
154 165 1
155 166 7
155 167 3
155 168 1
156 169 1
156 170 7
157 171 6
157 172 7
158 173 3
159 174 7
160 175 5
161 176 3
162 177 3
163 178 7
164 179 4
165 180 7
165 181 1
166 182 5
167 183 6
167 184 6
168 185 6
169 186 3
170 187 5
171 188 4
172 189 6
173 190 4
174 191 7
175 192 3
176 193 6
177 193 3
178 194 4
179 194 6
180 195 7
181 196 7
182 197 5
183 198 4
184 199 5
185 199 4
186 200 3
187 201 6
188 202 5
189 202 6
190 203 4
191 203 5
192 204 4
192 205 2
193 206 3
193 207 5
194 208 4
195 209 3
196 210 3
196 211 2
197 212 6
198 213 7
199 214 3
200 215 7
200 216 1
200 217 6
201 218 2
201 219 7
201 220 3
201 221 4
202 222 7
202 223 3
202 224 2
203 225 4
204 226 1
205 226 2
206 226 2
207 226 5
208 227 1
209 227 5
210 227 4
211 227 2
212 227 7
213 228 7
214 228 6
215 228 1
216 229 6
217 229 3
218 229 1
219 229 7
220 229 4
221 230 6
222 230 3
223 230 3
224 230 1
225 230 3
226 231 1
226 232 4
226 233 4
227 234 2
227 235 6
228 236 4
228 237 1
228 238 4
228 239 5
229 240 1
229 241 3
229 242 1
230 243 5
230 244 7
231 245 6
232 245 7
233 246 5
234 246 3
235 247 5
236 247 2
237 248 6
238 249 2
239 249 1
240 249 5
241 249 3
242 250 2
243 250 1
244 250 2
245 251 5
246 252 4
247 253 3
248 254 7
249 255 4
250 256 4
251 257 6
252 258 5
253 259 4
253 260 1
253 261 5
254 262 5
254 263 3
255 264 7
255 265 4
255 266 7
256 267 1
256 268 3
256 269 7
257 270 2
258 270 4
259 271 1
260 272 7
261 273 3
262 274 4
263 275 3
264 276 3
265 277 2
266 278 3
267 279 2
268 280 1
269 281 2
270 282 7
271 283 7
272 284 1
273 284 7
274 285 1
275 285 1
276 285 3
277 286 2
278 287 3
279 288 5
280 289 5
281 289 2
282 290 5
283 291 5
284 292 7
285 293 6
286 294 4
287 295 4
288 296 7
289 297 5
290 298 5
291 299 2
291 300 3
292 301 3
292 302 5
293 303 7
294 304 3
295 305 2
296 306 7
297 307 6
298 308 1
299 309 5
300 310 4
301 311 3
302 312 3
303 313 5
304 314 1
305 314 1
306 315 7
307 315 3
308 316 7
309 317 4
310 318 5
311 319 3
312 320 4
313 321 7
314 322 5
315 323 5
315 324 4
315 325 7
316 326 5
317 327 4
318 328 3
319 329 3
320 330 5
321 331 4
322 332 5
323 333 4
324 334 7
325 335 2
326 336 3
327 337 1
328 337 6
329 338 6
330 339 3
331 340 6
332 340 6
333 341 3
334 342 2
335 343 7
336 344 4
337 345 4
338 346 5
339 347 3
339 348 1
339 349 1
340 350 1
341 351 4
342 352 4
343 353 7
344 354 2
345 355 3
346 356 2
347 357 5
348 358 1
349 359 6
350 360 3
351 361 5
352 362 3
353 363 1
354 364 5
354 365 3
355 366 6
356 367 7
357 368 5
358 369 5
358 370 7
359 371 3
360 372 2
360 373 5
361 374 5
361 375 5
362 376 3
363 377 4
364 378 4
365 378 6
366 378 6
367 379 3
368 379 1
369 380 4
370 381 4
371 381 7
372 382 4
373 382 7
374 382 7
375 383 7
376 384 1
377 385 5
378 386 3
379 387 1
379 388 7
380 389 7
381 390 2
382 391 5
382 392 6
382 393 6
383 394 5
383 395 6
384 396 1
384 397 5
384 398 1
385 399 7
386 400 6
387 400 1
388 400 4
389 400 4
390 400 2
391 400 5
392 400 5
393 400 1
394 400 5
395 400 1
396 400 6
397 400 3
398 400 5
399 400 4
