3 2 2 6 1 2 5 7
18 3 9 1 7 24 11 11
3 13 21 9 21 15 6 11
2 1 2 2 0 2 1 0
19 0 11 8 20 5 19 18
14 5 0 13 4 6 13 14
14 3 15 16 20 20 0 5
5 6 9 8 11 1 1 11
16 3 12 7 9 6 18 12
10 4 10 1 8 6 18 11
8 2 9 9 5 1 14 2
18 20 1 6 17 16 14 20
0 14 0 7 9 4 1 6
20 16 10 16 12 13 15 20
10 4 7 8 1 5 2 6
4 4 6 0 4 2 0 3
11 9 2 14 1 0 14 16
7 16 14 1 1 8 15 11
3 2 19 20 12 10 11 10
4 7 6 10 10 3 7 10
13 3 6 6 4 8 5 8
6 5 6 3 4 3 2 3
7 0 4 2 2 7 9 12
3 7 2 5 0 7 10 5
0 11 9 0 6 6 1 5
9 9 0 2 10 0 3 7
6 11 13 14 17 11 14 17
4 14 14 2 3 4 1 4
14 10 19 14 16 11 0 9
1 20 14 2 17 14 14 11
11 20 17 4 8 20 16 16
5 10 2 1 3 5 2 2
6 10 4 6 9 1 4 9
5 17 7 16 0 10 22 21
3 5 1 4 5 4 0 3
1 1 3 9 4 16 5 1
18 5 10 4 4 7 3 2
7 1 14 11 1 11 7 0
0 12 6 10 9 7 11 5
6 5 12 11 5 11 1 12
15 9 9 4 8 14 3 5
3 3 9 10 0 5 13 8
15 18 7 16 2 14 7 4
1 3 4 10 3 4 7 0
5 5 6 0 10 9 7 0
1 2 16 5 13 10 7 13
6 20 10 9 22 0 19 3
5 1 2 1 2 6 4 5
9 6 8 0 7 8 1 7
16 3 2 15 0 10 8 9
1 4 1 6 0 6 4 6
2 4 1 2 1 0 2 3
3 21 21 6 2 11 12 16
2 0 1 2 1 1 1 1
6 9 8 12 10 11 6 0
8 0 5 0 7 8 7 1
16 5 17 3 10 0 11 9
15 3 15 24 12 17 19 20
10 5 15 3 3 0 13 0
8 5 10 0 0 9 9 8
8 10 11 2 11 5 3 5
13 11 14 13 11 13 10 15
2 5 2 2 6 1 1 2
1 6 6 1 1 5 0 3
11 0 3 7 7 12 1 5
1 1 1 2 2 0 1 1
7 10 2 6 8 10 9 6
23 1 22 10 0 10 20 0
0 1 0 1 1 1 1 1
1 0 2 4 2 1 1 1
4 0 9 8 10 9 14 0
12 19 15 21 21 7 8 5
8 3 11 20 1 14 16 20
0 12 16 10 8 8 10 7
2 2 0 4 0 1 4 0
4 0 3 11 6 11 0 0
3 18 6 13 4 7 3 14
14 10 2 4 10 0 1 7
0 4 0 0 2 4 2 4
2 1 3 0 3 3 4 0
22 11 24 7 3 6 18 21
0 2 1 2 2 0 4 3
3 4 15 10 22 12 7 21
6 2 4 6 2 5 4 3
12 17 16 12 7 19 7 5
2 6 4 2 2 8 0 8
2 0 4 4 3 2 3 2
9 10 8 16 6 0 12 10
21 9 14 13 5 1 0 8
17 5 1 7 10 13 16 17
6 11 14 5 16 14 0 10
0 2 1 1 0 0 2 1
0 2 2 1 2 0 1 2
7 1 8 18 2 7 5 4
7 6 6 6 3 4 2 4
1 0 9 8 4 2 8 4
0 2 0 3 2 1 0 2
0 4 5 2 7 6 6 4
16 11 5 11 7 11 8 1
6 6 10 9 3 4 1 10
20 21 1 12 18 21 5 15
6 14 13 14 14 0 4 9
14 12 17 14 0 16 19 8
1 2 12 2 5 13 2 13
15 14 18 1 10 18 20 14
5 12 4 14 12 10 13 9
1 8 3 6 6 4 7 4
11 7 19 16 4 14 5 2
2 4 2 1 6 3 3 1
22 0 11 15 11 9 16 17
11 4 2 2 3 5 4 6
0 3 2 6 1 3 6 4
1 2 2 1 2 2 0 0
6 19 13 17 12 18 1 8
17 11 11 18 9 2 9 13
2 4 7 8 0 4 6 5
3 1 3 3 2 4 3 1
17 4 12 13 13 22 21 12
8 7 2 7 10 7 7 5
4 5 0 2 4 4 4 1
20 15 14 11 14 7 0 12
2 2 0 1 0 1 0 0
3 0 6 0 7 7 8 6
3 11 6 6 11 14 6 14
3 19 13 9 3 16 13 6
0 4 0 8 6 0 12 10
0 0 5 4 3 5 6 3
20 23 9 13 9 20 4 0
7 12 10 11 12 6 10 11
13 3 7 13 4 14 5 7
6 4 4 16 0 5 10 0
0 0 1 1 0 1 4 1
0 2 1 1 0 0 0 2
0 1 6 6 1 1 1 6
6 1 7 10 10 8 4 5
0 0 1 4 1 4 0 3
3 2 2 1 3 4 2 4
5 20 4 16 12 17 4 9
15 2 20 4 20 1 11 10
2 0 3 4 1 2 2 2
18 14 12 19 20 9 19 19
0 2 5 1 5 4 4 2
15 8 4 12 5 9 21 15
1 3 4 3 0 4 2 2
9 11 1 13 17 5 2 0
1 2 0 3 2 2 1 0
18 17 20 0 10 18 16 16
0 5 2 1 3 0 0 6
5 7 7 17 2 15 7 8
6 9 8 9 1 12 7 15
3 5 0 1 3 8 3 5
1 11 8 8 1 16 10 2
8 0 8 0 0 6 0 4
2 1 0 2 0 1 2 2
12 8 15 13 6 15 3 15
5 18 19 18 9 22 20 21
0 2 0 2 0 0 2 2
1 2 8 0 5 7 8 3
4 11 7 0 1 6 8 9
0 11 7 2 3 18 2 0
0 8 12 14 2 14 4 13
10 10 14 6 1 22 14 7
17 3 9 16 11 1 15 17
3 9 10 7 5 1 4 3
10 2 9 3 9 7 3 8
3 8 18 11 3 5 8 5
4 7 4 7 6 20 4 15
6 7 10 10 8 5 11 9
12 12 4 1 12 11 5 2
2 13 9 3 14 3 7 2
1 5 1 8 1 10 6 2
0 0 2 1 1 2 1 2
9 3 12 19 11 13 8 18
4 14 16 4 4 14 1 5
4 9 5 6 1 7 1 6
1 2 1 2 1 2 1 2
3 6 10 6 6 9 11 7
1 1 2 1 1 0 2 2
1 3 4 0 3 1 1 4
5 11 11 8 10 16 5 2
0 8 1 1 6 4 0 7
1 3 12 6 5 12 11 10
3 11 9 9 1 5 2 2
5 4 0 3 1 7 9 6
15 4 13 1 21 14 19 4
6 8 2 1 9 3 3 1
23 10 11 17 2 8 5 21
9 12 18 8 16 14 16 3
8 2 5 9 9 5 0 11
2 0 3 3 0 0 0 1
6 4 0 6 0 5 2 6
3 5 0 6 2 1 5 3
13 20 0 9 11 8 19 20
1 17 2 21 13 9 15 14
0 0 1 2 2 0 0 2
1 10 0 10 10 10 7 8
21 6 14 16 21 13 18 12
10 13 2 15 20 12 4 21
12 5 14 9 9 8 4 3
1 2 5 5 8 2 7 0
3 15 1 21 9 11 21 8
6 6 5 3 5 1 2 5
5 13 8 12 3 13 13 7
4 3 4 0 1 4 4 2
3 6 1 2 0 7 2 8
0 3 10 7 11 2 5 8
16 4 8 12 17 3 10 16
12 8 11 9 12 1 0 3
10 20 13 19 14 0 4 5
17 1 11 2 3 16 4 3
7 6 18 18 4 6 7 13
6 3 2 3 5 5 1 0
7 4 12 7 4 1 5 12
2 0 2 2 2 0 2 2
2 0 1 1 0 3 0 1
14 0 11 12 7 4 7 4
4 2 19 14 15 5 18 18
2 0 2 1 2 2 0 1
1 4 0 1 6 4 13 0
2 4 7 12 2 5 6 4
11 10 9 6 16 4 18 21
2 0 2 2 2 0 2 2
10 8 3 7 2 9 5 10
12 3 2 11 9 10 11 0
1 8 5 7 6 6 5 7
0 4 12 9 10 10 14 6
0 0 1 0 0 1 2 2
6 1 5 6 2 6 4 6
11 1 15 2 22 14 4 17
14 5 15 19 22 3 21 8
1 3 4 6 4 1 3 4
5 5 2 5 4 6 4 6
8 9 3 5 7 10 2 6
4 4 6 1 7 6 10 9
3 7 4 0 7 5 9 4
7 14 14 12 7 6 3 3
6 1 1 8 7 2 5 4
1 14 3 8 13 6 10 14
2 1 0 0 1 2 0 2
1 1 1 2 1 2 0 2
8 9 1 8 2 14 2 4
7 7 7 6 2 7 7 0
4 4 6 2 0 4 1 3
2 12 1 3 6 9 5 13
7 1 3 2 8 6 0 2
2 1 0 1 0 2 0 1
0 6 7 1 4 0 2 3
5 20 1 14 14 18 14 8
0 12 2 11 18 8 0 9
17 14 18 14 17 14 15 15
5 9 10 9 13 10 10 6
6 2 5 0 5 2 0 0
15 8 11 11 1 2 11 8
1 11 7 3 15 2 8 15
0 4 4 2 6 3 6 0
11 5 6 6 9 10 11 12
24 1 11 4 14 5 23 6
3 16 23 12 18 8 11 4
9 8 13 3 6 11 0 7
0 0 4 4 3 7 6 1
14 3 0 2 12 4 16 1
16 14 9 16 11 0 7 12
2 2 17 2 13 9 11 2
3 1 2 4 2 3 4 0
9 5 5 9 2 1 2 3
0 5 3 0 7 0 5 8
5 3 2 1 4 8 2 8
14 9 20 8 18 7 2 20
1 0 1 2 4 2 3 3
18 1 7 11 4 10 2 4
1 4 4 0 2 3 1 2
14 9 12 6 5 9 1 13
11 13 13 6 18 8 9 18
3 1 1 3 2 1 0 4
9 15 16 10 18 14 0 17
2 2 1 2 1 2 2 2
16 12 3 11 11 6 15 15
1 2 2 4 0 2 7 8
2 10 1 13 6 7 3 6
2 0 0 2 0 2 0 2
2 1 2 0 2 0 2 2
8 13 5 5 10 20 9 0
19 14 1 7 6 10 21 7
3 11 1 4 1 5 14 1
2 3 10 0 6 9 9 6
15 10 9 20 3 20 14 5
14 19 10 7 17 1 4 11
3 14 12 23 24 15 2 7
0 1 2 1 1 1 0 0
17 6 12 15 9 17 6 11
15 3 11 0 10 3 3 12
3 6 6 2 1 6 3 3
9 7 8 3 5 10 7 2
0 0 10 11 10 10 5 4
16 1 7 9 11 7 8 4
10 3 0 1 10 9 7 1
9 5 6 4 4 0 19 4
2 3 2 3 6 4 4 2
2 7 7 6 0 1 7 5
0 12 2 10 1 6 0 5
1 2 0 0 0 0 2 0
5 8 8 5 8 4 13 6
0 0 1 0 0 1 0 0
2 1 6 4 5 0 6 1
0 7 12 16 0 4 14 10
1 1 0 2 1 3 4 2
5 11 5 2 9 0 4 11
6 19 13 10 18 11 16 14
14 0 0 8 15 12 1 9
6 14 0 11 1 8 15 9
5 7 12 0 6 2 16 18
4 10 7 1 5 8 0 2
18 10 6 12 17 1 18 9
6 10 18 7 24 0 6 13
5 4 2 2 2 8 8 3
16 5 18 6 9 1 13 0
6 0 3 15 2 12 7 16
4 9 7 0 16 13 13 12
16 13 10 4 9 6 4 13
24 11 2 24 4 19 3 19
3 10 1 9 4 0 15 14
4 6 7 20 6 11 16 11
9 1 0 4 4 2 4 2
8 5 5 10 1 2 3 9
16 10 16 15 2 16 15 5
5 10 16 16 13 17 9 18
5 1 3 4 2 5 6 6
0 1 4 2 0 4 0 1
4 13 13 5 11 16 15 8
6 0 8 12 2 10 1 7
1 12 2 9 15 2 16 3
13 12 17 2 14 8 8 19
4 4 5 4 2 4 3 8
2 5 2 5 8 8 5 9
11 20 13 0 11 6 8 12
9 2 3 2 10 12 13 12
4 14 17 12 14 17 3 11
2 8 18 0 16 4 5 6
8 6 6 8 2 12 12 1
3 10 17 2 4 3 4 17
2 3 1 6 1 6 3 6
7 12 5 11 10 11 1 2
17 18 17 6 4 18 6 4
5 15 11 12 17 17 11 12
0 8 14 14 8 2 3 7
20 21 17 10 2 10 12 10
2 1 7 17 3 16 6 12
2 0 8 7 7 2 1 2
0 2 1 7 6 3 6 3
9 7 0 15 15 1 13 3
19 15 3 1 17 6 20 20
0 3 0 7 10 6 10 9
2 1 1 1 2 2 1 1
12 6 22 8 14 2 8 20
3 14 9 7 6 16 2 5
6 9 8 9 14 11 10 5
8 5 13 8 11 11 14 5
9 0 3 12 5 2 10 4
2 9 3 10 2 4 9 9
2 0 2 0 2 1 2 1
1 20 0 7 7 4 11 19
5 4 5 3 1 6 4 0
12 10 9 13 9 14 11 7
0 12 18 19 8 19 8 5
9 2 9 5 21 10 20 20
4 3 3 1 5 5 1 1
3 6 0 5 6 6 0 3
11 3 18 12 17 18 10 0
2 2 2 1 0 0 1 2
3 0 0 3 2 5 2 3
10 0 4 3 7 6 6 0
9 2 7 16 11 8 1 0
7 1 18 0 17 1 3 9
7 5 3 0 4 2 0 7
5 1 5 11 6 6 12 4
8 13 6 9 15 11 3 8
0 2 2 1 2 2 2 1
9 4 11 21 15 14 16 3
18 3 7 7 4 15 16 12
5 5 3 4 10 1 7 9
8 9 11 9 3 1 9 1
4 7 5 10 0 11 8 11
16 8 8 1 3 14 0 0
8 3 9 12 11 12 9 1
0 0 0 0 1 0 2 2
21 15 9 22 2 8 2 8
4 14 10 13 6 13 7 1
11 10 14 13 10 1 3 5
2 3 2 1 4 0 2 3
3 4 1 1 2 0 0 1
12 0 7 9 1 6 6 8
6 6 1 2 5 2 5 1
12 19 15 12 17 4 3 4
14 14 22 0 17 18 19 20
3 3 13 7 5 4 7 2
5 9 15 3 2 20 9 18
0 5 6 3 5 1 6 5
17 13 20 16 17 9 15 17
1 0 2 2 0 0 0 2
8 10 12 9 0 11 9 10
