7 0 11 3 2 11 15 10 10 18 1 10 21 0 5 7
1 21 28 23 23 3 10 5 14 18 33 27 33 7 21 10
25 31 9 0 10 5 22 1 25 11 27 14 26 10 8 32
18 26 0 24 24 16 20 11 7 14 26 10 13 18 11 31
14 0 16 10 5 7 12 3 15 16 7 6 13 6 0 1
12 11 5 16 19 9 5 18 0 17 10 10 7 9 2 0
0 2 4 5 5 2 1 6 5 3 1 0 5 4 5 4
9 5 20 35 6 16 34 33 12 9 7 19 33 34 20 24
0 9 13 0 7 9 3 7 4 14 1 3 6 7 0 7
12 7 9 5 1 11 6 0 10 13 7 13 14 6 8 4
33 30 15 30 4 21 8 11 13 9 5 32 11 6 29 26
31 4 8 11 29 10 9 34 8 24 1 14 12 19 21 35
2 1 3 1 2 2 0 0 2 3 2 1 2 2 1 1
31 19 12 11 34 16 2 5 12 7 1 13 20 11 32 0
1 1 2 1 1 0 0 2 1 0 0 2 1 1 1 0
10 3 11 4 3 10 6 2 10 3 10 12 7 10 3 12
17 18 5 0 15 7 5 2 7 15 12 19 15 0 20 9
12 12 4 12 11 6 11 11 10 2 7 4 9 10 5 5
12 6 16 10 17 0 18 11 25 12 26 9 9 13 14 17
30 4 15 21 12 2 17 1 11 5 17 25 14 18 17 4
4 5 5 10 2 11 6 20 2 17 1 3 17 17 19 9
3 0 8 5 8 3 2 7 8 4 7 3 6 2 4 2
2 2 1 6 2 4 6 1 3 4 4 3 3 1 6 5
9 2 5 4 11 10 4 14 15 16 12 6 13 6 11 3
8 2 5 7 6 4 2 4 8 6 3 0 1 2 0 4
18 0 16 5 18 6 5 8 7 16 14 11 9 7 4 18
25 23 22 6 11 12 21 8 28 25 26 19 14 5 18 21
6 3 0 4 2 2 3 1 1 4 4 5 6 1 3 3
0 1 0 2 0 1 2 0 0 1 2 0 0 1 2 1
2 1 3 0 4 1 0 4 2 4 0 2 2 4 1 1
2 2 6 0 0 5 2 2 4 2 6 6 1 5 0 1
6 4 3 4 5 0 2 1 6 1 1 1 2 0 3 5
2 5 12 13 12 4 13 13 0 4 9 3 2 7 8 14
2 18 18 1 1 13 13 19 11 1 17 22 0 13 10 4
4 0 10 6 6 0 7 8 5 10 9 6 0 4 2 7
1 0 2 0 2 2 0 3 1 0 2 0 1 3 4 1
20 32 36 9 33 13 19 7 3 35 35 9 34 4 6 5
17 21 33 32 0 26 15 3 27 6 6 30 23 28 17 5
7 3 13 1 8 20 7 21 31 27 6 8 31 4 28 22
24 12 27 3 25 27 16 27 3 5 4 27 25 6 0 7
12 1 8 11 2 5 4 4 1 3 1 9 2 1 3 8
9 22 23 26 23 18 4 31 2 28 25 28 26 13 30 19
24 25 23 2 23 31 6 14 18 4 17 22 3 27 29 17
20 16 18 24 26 1 25 11 24 26 27 6 13 24 20 5
16 0 4 13 3 13 10 16 16 4 9 15 2 5 1 12
3 4 7 5 3 1 7 1 5 3 6 2 2 2 1 3
8 19 10 17 4 2 1 11 1 2 0 9 17 10 13 13
10 5 14 18 12 6 16 10 11 9 3 10 2 12 18 6
25 13 27 5 13 20 10 24 21 5 31 29 13 24 21 8
2 0 0 2 1 1 4 5 4 5 4 4 4 4 4 0
25 28 27 29 6 16 2 6 10 8 32 12 25 2 25 22
13 15 9 12 22 1 17 26 26 19 12 21 17 12 3 14
21 19 28 18 16 35 7 8 9 20 28 29 14 34 26 25
14 5 3 7 20 3 17 8 7 7 7 18 20 5 19 7
34 29 12 12 27 36 33 31 28 14 30 19 12 34 2 13
8 3 2 7 8 3 3 4 8 1 0 0 6 7 5 5
6 13 15 4 26 9 2 11 3 23 1 1 13 15 2 22
13 24 12 8 19 23 22 5 19 3 20 11 13 17 11 21
0 4 5 6 4 0 6 0 5 4 2 0 6 1 6 4
2 1 0 0 3 1 0 2 0 2 0 0 2 1 4 4
10 3 5 30 14 1 30 14 1 11 24 16 13 16 3 20
4 11 6 13 6 7 8 0 14 8 1 11 10 12 6 9
0 7 1 12 6 18 10 16 17 2 6 14 22 7 12 9
0 6 9 9 11 1 6 12 6 0 11 8 4 3 10 0
6 13 5 8 5 10 2 14 8 1 13 9 11 13 14 4
4 3 7 14 17 7 5 3 0 16 4 19 4 1 8 13
12 8 9 11 11 3 4 4 5 6 2 11 0 9 1 5
23 27 2 6 6 8 14 17 11 6 19 5 6 6 26 21
12 1 0 6 6 13 14 11 3 13 3 9 11 12 1 8
9 23 32 13 10 6 18 9 16 8 3 8 17 16 0 32
8 15 15 23 14 17 7 15 8 21 11 23 8 0 19 3
3 19 20 9 1 17 9 10 13 5 15 4 5 3 13 3
1 1 2 7 9 8 10 3 6 6 7 9 2 9 5 0
13 29 21 18 17 29 23 3 16 2 12 9 31 32 20 21
1 1 2 1 0 0 1 1 1 1 1 2 0 2 0 2
19 11 10 19 1 15 13 1 1 20 6 7 3 16 0 15
8 9 10 13 10 9 20 18 19 0 14 2 10 2 13 13
27 22 25 34 6 2 13 26 9 33 17 31 29 32 30 6
15 7 3 12 4 0 16 2 17 2 15 15 13 4 10 12
3 1 2 1 0 0 4 2 4 6 5 4 0 0 0 4
1 5 2 9 3 6 6 13 14 6 12 5 7 3 5 12
8 0 6 7 2 6 5 4 0 3 4 3 4 8 0 3
0 2 0 0 1 4 0 3 0 1 2 4 3 2 2 0
9 15 18 16 13 20 18 5 0 16 0 0 3 0 4 18
0 5 17 10 11 15 3 9 5 10 14 4 1 3 17 11
3 3 5 12 11 9 8 5 9 11 5 11 7 1 4 9
0 1 0 2 2 0 1 1 0 0 2 1 2 0 1 2
7 6 6 7 2 9 22 24 23 24 3 11 20 17 20 6
24 8 9 32 33 20 8 3 34 21 27 24 12 20 36 7
9 31 30 1 9 27 27 33 1 16 19 19 22 7 34 13
6 8 3 3 7 0 11 8 0 3 12 8 3 4 3 8
1 6 1 5 0 5 10 0 2 5 10 6 0 9 3 7
21 0 20 7 12 7 7 17 28 20 15 6 13 22 5 9
9 0 1 7 9 6 7 8 1 7 2 2 5 0 6 1
23 12 9 20 4 4 20 3 11 15 18 16 21 19 10 12
1 2 13 6 0 5 11 14 16 14 16 2 15 8 4 3
4 2 5 0 3 2 3 6 5 5 0 4 6 0 4 6
5 13 7 36 10 31 25 25 27 11 3 1 28 29 1 34
12 26 13 24 16 7 10 25 11 10 0 24 24 8 21 22
6 6 8 7 4 5 6 2 4 5 2 8 3 0 8 7
26 31 21 8 32 15 29 13 8 21 16 14 17 23 1 12
16 18 15 3 4 36 4 18 2 0 19 4 19 16 6 2
11 12 2 12 16 19 1 20 18 20 16 10 12 3 3 20
13 0 0 10 19 7 2 6 5 20 12 19 5 1 10 4
26 2 6 18 28 19 16 11 22 11 12 11 5 25 28 15
1 3 9 22 5 13 26 21 13 19 4 2 1 25 25 15
3 7 0 4 8 4 14 4 2 10 0 12 8 13 7 8
0 2 5 9 10 10 25 11 9 18 10 15 21 24 24 4
4 18 7 9 11 3 2 2 4 8 14 14 7 15 12 12
5 14 12 12 14 11 7 14 11 15 5 16 4 9 1 10
19 10 27 2 27 19 16 28 25 5 15 23 15 2 5 29
7 5 11 6 10 9 1 9 0 7 4 7 4 3 2 4
6 22 25 23 13 24 13 26 0 17 3 11 14 24 8 10
7 2 8 11 13 2 10 8 5 7 1 2 4 0 5 0
17 32 16 6 26 29 16 17 18 6 33 18 22 26 16 16
16 12 17 34 12 4 23 16 7 3 10 1 30 35 9 34
17 1 16 20 4 1 18 14 9 24 13 3 18 23 26 28
5 10 1 26 14 21 19 19 1 13 18 20 20 22 10 18
18 22 13 0 3 4 19 7 22 5 5 16 6 3 9 8
6 2 3 0 0 5 5 2 5 0 5 4 3 6 2 3
2 2 1 0 1 1 0 2 0 1 2 1 0 0 2 2
2 18 5 7 8 3 29 8 28 9 1 29 12 13 33 25
11 4 1 8 3 2 2 11 10 8 0 0 11 5 4 3
2 12 6 4 12 20 5 12 3 3 15 8 1 8 13 6
1 6 5 4 0 1 2 1 4 3 4 4 6 0 0 1
9 8 4 2 9 9 4 2 3 1 9 8 10 6 7 7
1 34 0 36 0 23 31 22 3 7 21 27 24 3 36 32
4 7 7 6 20 11 18 24 1 25 30 25 30 9 15 8
9 6 8 7 10 12 12 4 2 7 13 11 6 5 8 4
26 2 7 2 5 18 16 5 11 13 6 5 13 6 17 14
13 9 9 12 11 10 7 2 0 2 2 1 3 0 9 8
2 1 4 4 5 2 4 0 4 8 6 7 4 6 6 0
6 2 7 1 2 9 7 10 1 0 9 1 10 3 8 4
1 2 1 17 6 0 21 6 17 14 23 6 3 14 16 27
3 23 12 8 19 11 11 19 2 5 12 14 0 16 9 1
17 0 2 14 23 6 22 13 12 4 12 13 18 13 19 21
0 3 0 3 1 5 6 3 1 0 2 4 4 2 1 0
0 8 6 4 1 8 3 5 2 5 0 3 2 4 4 2
6 2 10 1 1 3 1 1 9 5 8 12 11 4 7 1
6 9 0 2 11 7 0 3 3 6 9 3 1 1 10 9
25 27 13 30 12 28 22 31 25 23 8 13 9 9 5 18
2 5 4 1 6 6 3 4 8 7 1 1 5 0 10 2
8 1 5 9 9 5 4 5 4 6 0 5 9 6 6 8
0 2 16 2 21 23 8 3 11 17 11 6 19 0 19 19
11 9 4 8 21 23 21 23 20 0 19 6 12 21 21 1
11 12 22 10 1 11 24 11 29 6 18 32 7 20 6 3
21 0 13 6 35 10 30 6 27 7 6 32 5 31 20 20
13 6 6 22 19 0 20 15 19 2 7 15 13 10 14 1
16 16 8 3 1 15 18 4 14 16 4 8 6 0 8 3
4 23 18 13 15 14 28 11 3 3 3 7 21 15 4 25
10 11 8 0 1 3 7 1 1 1 9 3 2 1 7 6
12 8 11 10 29 2 21 16 20 14 6 13 3 0 3 26
5 2 5 6 3 3 2 0 0 2 6 1 0 2 4 1
8 33 31 16 6 12 28 22 14 25 10 17 13 21 14 34
0 14 7 19 15 12 22 22 16 10 0 8 24 4 10 17
0 0 2 2 1 1 1 0 1 2 2 0 1 1 0 0
2 1 4 1 4 4 0 0 1 1 4 2 1 4 0 4
2 2 2 2 2 1 1 0 1 2 1 0 2 1 1 2
16 19 8 19 18 13 6 12 19 8 15 5 20 6 11 4
1 15 17 13 14 0 13 14 4 8 13 15 9 9 9 11
24 12 13 31 9 12 16 4 11 13 5 12 22 20 4 16
2 6 4 1 1 3 3 5 6 4 3 1 0 3 4 1
14 8 3 15 1 4 9 12 0 14 5 13 0 8 6 10
12 8 14 20 1 21 19 6 11 0 9 18 13 19 23 20
2 2 6 0 2 5 0 1 6 6 1 1 2 1 0 0
8 5 6 2 15 10 15 0 10 9 6 7 3 9 16 1
11 4 12 12 7 6 4 8 1 1 3 8 2 12 6 12
13 4 18 16 14 5 14 1 4 8 2 4 20 18 20 5
1 2 0 2 4 0 2 3 6 0 6 6 0 4 3 2
9 13 2 8 10 4 21 5 16 9 20 12 7 20 7 10
3 4 6 4 2 10 8 9 6 4 7 1 7 10 2 4
2 10 11 12 0 2 14 8 15 6 7 0 0 16 3 1
1 8 2 6 9 1 9 9 7 7 12 1 9 2 6 7
10 13 14 11 8 20 32 19 12 6 26 5 25 0 12 6
18 20 17 4 10 9 6 18 7 16 11 13 5 17 8 4
3 11 35 14 23 4 15 6 33 1 13 19 2 9 15 31
11 4 9 10 24 17 19 20 9 4 4 17 9 7 1 10
17 22 14 6 11 16 11 11 3 11 20 11 12 22 4 15
8 10 6 0 8 9 0 8 5 3 5 5 6 2 9 5
17 4 21 17 1 10 17 20 21 0 2 13 24 21 0 12
13 8 4 7 13 3 5 13 7 9 14 5 4 5 2 6
2 2 3 4 1 3 4 0 4 0 4 3 5 2 6 6
2 2 1 0 3 1 3 2 2 0 0 4 1 2 0 1
14 14 9 10 2 21 18 3 1 7 10 3 5 0 6 13
5 0 3 4 3 4 2 4 3 2 2 5 5 2 2 0
10 15 7 14 8 5 13 1 18 5 1 17 2 13 13 3
0 0 3 1 3 4 1 3 2 3 2 3 2 0 2 0
3 3 0 4 5 5 2 0 5 4 2 3 3 4 5 6
2 27 10 21 26 1 9 16 21 19 11 2 6 10 16 22
3 2 1 8 7 2 6 2 7 1 6 7 1 6 3 12
21 26 32 10 26 8 13 13 1 8 7 29 25 9 29 26
1 0 2 2 2 2 0 0 2 1 2 0 2 1 2 2
1 9 7 1 1 2 7 8 1 4 3 3 7 8 4 5
21 13 14 11 16 4 8 21 3 7 9 24 19 5 9 8
6 5 19 15 20 1 13 13 14 11 3 6 18 10 2 20
20 14 0 6 24 12 1 3 4 9 4 4 13 16 6 2
9 6 0 9 4 6 5 0 4 6 12 6 1 3 6 12
0 0 14 7 10 3 6 4 8 5 3 4 10 2 6 0
1 2 1 1 2 1 2 2 1 2 1 1 0 0 1 1
24 25 7 6 13 31 34 10 1 30 21 15 6 23 18 4
23 23 0 16 7 19 22 22 9 12 18 27 21 17 0 15
7 3 25 1 25 15 13 26 2 12 5 17 4 8 16 10
5 4 4 7 0 3 5 2 8 6 8 1 6 2 1 3
4 10 12 7 12 15 16 12 11 14 10 12 16 0 6 9
4 4 10 22 32 0 17 7 20 16 25 16 7 29 3 32
17 0 26 20 8 22 6 15 13 17 16 10 13 4 24 7
23 6 20 23 9 12 0 19 16 19 17 23 11 8 11 17
7 3 11 19 7 16 7 1 20 18 2 15 9 14 14 1
2 4 0 1 4 4 2 1 4 0 4 1 2 2 3 3
4 7 19 16 1 5 6 10 2 11 23 13 7 11 13 18
23 10 18 4 2 18 5 12 4 18 7 17 28 13 12 10
20 15 1 10 3 9 14 2 19 20 12 6 10 3 18 22
8 10 12 21 2 2 18 16 5 16 2 21 15 21 13 4
19 2 14 18 19 0 20 1 17 19 15 6 18 13 10 7
10 8 3 13 25 13 13 7 11 17 28 3 33 21 16 24
23 14 6 11 4 18 5 10 18 21 4 5 15 4 21 21
13 7 32 21 13 4 33 11 12 22 30 22 34 21 28 8
4 2 5 4 2 5 5 6 0 2 3 6 2 5 3 6
13 11 12 21 21 8 9 14 18 2 15 10 12 11 17 12
13 9 0 9 16 6 16 11 5 0 9 4 12 16 3 4
1 4 3 3 0 0 1 1 0 1 3 1 1 3 2 1
2 1 0 4 3 1 2 4 2 1 3 4 2 0 0 4
7 6 20 33 20 34 19 6 14 2 28 18 33 11 10 10
14 1 0 1 7 9 13 3 12 16 0 15 4 11 6 14
9 3 6 2 5 15 9 24 9 7 20 9 11 23 24 10
0 2 6 5 5 4 0 1 2 6 5 5 7 4 7 4
13 25 18 27 4 1 22 21 12 3 10 4 12 10 9 6
2 1 0 0 2 3 2 4 2 4 2 3 2 2 0 4
7 4 5 1 5 10 4 8 2 5 6 10 6 8 3 3
2 23 21 20 10 8 2 10 18 1 21 1 17 11 6 8
25 34 16 34 25 1 20 20 16 15 25 2 30 13 34 10
5 19 23 2 16 25 5 29 2 10 10 10 9 8 26 0
14 23 22 14 14 32 25 33 19 25 21 32 27 24 10 27
2 10 5 8 7 4 10 7 1 6 8 5 10 3 5 0
17 4 31 7 19 23 27 4 19 14 29 12 12 7 2 25
0 1 1 0 2 0 2 1 1 1 2 2 0 0 2 2
6 21 23 9 17 20 24 1 24 24 3 21 2 7 6 3
7 15 15 15 4 7 7 5 7 11 3 1 3 16 10 16
15 23 14 5 27 4 23 10 26 19 28 20 5 2 6 8
18 16 5 16 0 5 18 6 1 13 4 14 0 10 0 1
0 0 4 0 1 3 4 2 2 2 1 3 3 2 1 2
9 6 25 9 7 24 21 22 13 8 10 2 11 13 1 10
8 8 7 3 8 0 5 3 1 0 0 7 1 2 6 1
13 0 12 4 17 8 20 12 2 4 7 7 13 20 3 3
14 21 23 4 2 1 6 8 16 0 8 20 17 1 10 22
17 9 1 16 1 16 3 16 2 10 0 16 0 9 16 2
3 14 4 9 11 12 18 9 0 14 2 7 7 15 0 16
2 0 1 0 2 2 1 1 1 2 0 1 2 0 0 0
0 4 1 3 3 2 0 4 4 6 3 2 1 2 0 2
20 13 24 8 5 29 30 4 33 2 12 13 34 20 10 2
3 30 12 17 28 28 6 4 32 17 18 26 1 5 28 32
14 7 8 2 8 10 11 19 7 11 18 12 13 3 6 7
9 3 9 11 14 2 2 3 0 8 3 4 14 13 9 5
5 5 5 11 0 8 7 12 8 2 7 11 0 6 2 5
12 8 5 13 9 14 14 2 2 2 15 5 2 1 15 6
12 26 23 8 10 29 15 10 12 29 8 15 24 7 27 6
13 28 31 1 30 14 14 27 19 10 21 17 10 3 12 29
0 1 2 4 2 1 4 4 4 4 1 4 2 1 3 3
5 18 10 20 14 1 7 9 20 18 11 9 9 15 4 15
10 17 4 8 14 16 15 12 18 2 17 14 6 2 13 11
3 7 2 4 1 7 3 5 0 4 0 7 6 6 0 2
2 0 2 2 0 3 3 0 3 1 1 0 3 0 0 4
5 11 2 10 5 11 4 12 10 1 11 2 6 5 3 3
2 2 1 0 1 2 0 1 1 2 2 0 0 0 2 1
7 8 3 0 1 2 5 2 6 3 8 2 5 3 0 5
0 4 3 0 0 3 4 2 3 8 5 11 2 2 2 12
15 1 19 13 10 6 8 21 28 15 16 14 0 5 26 4
4 12 0 15 16 17 2 18 15 6 9 11 12 18 1 2
3 17 11 15 1 5 7 8 20 10 4 19 14 2 19 0
1 1 4 0 2 1 1 5 1 3 6 5 8 8 0 6
25 17 2 31 13 12 29 11 8 19 29 10 27 12 0 10
9 16 7 9 3 10 9 14 3 4 10 10 2 18 5 2
1 3 1 4 2 0 2 3 2 2 3 3 2 1 0 2
29 30 34 16 28 34 33 2 23 20 16 18 8 18 14 6
12 19 7 16 8 13 5 15 23 5 17 7 7 10 18 6
24 23 26 5 24 11 9 4 28 25 11 8 24 0 2 14
16 36 8 32 31 18 11 19 1 19 3 17 24 15 22 2
5 19 13 9 21 16 14 15 13 13 8 22 3 24 1 11
3 16 10 18 10 9 20 12 4 10 22 2 15 20 6 16
0 1 2 2 1 1 2 2 2 2 0 1 0 1 2 2
0 1 0 1 0 2 0 0 0 1 2 1 2 1 0 2
1 14 9 0 2 20 19 8 15 4 2 4 17 19 2 17
4 1 5 4 1 4 2 5 3 0 2 0 4 1 2 1
6 17 2 4 0 0 13 12 1 1 8 19 16 20 12 8
9 10 9 1 10 2 6 2 3 4 8 6 1 10 8 8
13 19 29 14 2 25 14 30 9 26 4 15 1 0 9 11
5 4 4 0 4 6 10 3 7 8 2 10 1 6 8 10
20 32 16 27 15 12 26 35 30 18 0 3 25 2 10 33
19 16 18 5 29 13 3 2 3 24 8 14 8 9 28 8
5 4 2 5 3 3 3 2 4 5 2 2 2 4 6 2
12 0 1 1 10 3 12 5 13 12 13 8 7 6 12 12
19 4 11 22 20 20 20 18 6 17 12 6 4 11 15 16
4 2 2 0 4 6 5 4 2 5 1 0 4 1 5 4
17 8 15 13 6 5 17 12 15 11 7 17 18 0 18 9
9 1 1 9 3 15 14 10 15 8 17 6 0 6 10 9
1 2 2 0 0 0 1 2 2 1 1 1 2 1 2 0
3 5 1 4 1 0 2 2 2 5 0 4 3 4 3 1
3 19 4 1 7 13 1 12 16 12 6 21 25 24 20 15
4 13 30 34 25 12 13 5 17 26 32 9 21 24 15 33
23 23 3 6 13 24 17 23 15 24 22 10 13 12 3 5
0 2 2 0 6 5 3 0 0 3 5 4 1 1 6 2
22 5 16 9 17 0 2 4 17 10 9 21 13 14 11 0
11 7 13 8 9 13 6 9 8 2 7 2 14 2 8 9
32 13 8 18 9 35 16 33 1 13 1 8 25 29 5 29
20 21 13 14 22 18 17 17 17 22 22 21 0 23 26 25
12 26 7 8 3 1 12 6 3 14 17 20 3 25 9 23
18 3 11 18 3 10 15 13 10 11 7 2 6 12 16 12
4 0 1 6 2 2 2 3 8 7 5 8 2 7 7 0
4 7 17 16 7 3 23 23 16 17 2 10 21 24 23 13
10 8 0 5 3 7 2 6 0 9 5 1 4 0 9 5
0 2 1 8 0 1 3 7 0 6 5 1 4 7 6 5
2 4 12 5 26 23 22 30 6 12 23 30 18 1 14 24
25 2 27 18 9 23 9 26 22 9 21 19 11 16 21 19
2 10 2 4 14 14 10 16 7 1 1 17 18 3 13 14
6 4 3 4 4 3 1 1 3 3 3 1 0 3 1 1
7 9 3 4 10 3 0 12 5 6 2 1 4 6 3 11
11 13 11 14 7 4 10 5 2 4 6 3 12 5 8 1
8 9 14 11 11 0 5 7 6 11 7 6 10 5 4 13
17 7 22 18 0 27 28 16 8 28 10 6 9 21 5 9
2 5 6 5 5 1 6 6 3 4 1 3 4 6 4 4
2 2 4 7 18 9 3 7 18 12 16 6 17 0 4 17
25 16 28 25 20 15 16 2 18 2 9 6 20 16 1 25
5 4 3 9 6 13 2 1 16 0 9 0 6 1 6 3
22 18 32 2 1 14 22 10 1 26 16 8 20 14 26 31
0 14 22 0 22 25 26 9 19 4 26 7 6 0 11 21
17 17 2 22 4 16 20 12 14 16 21 10 17 7 8 6
0 0 9 0 4 10 7 4 8 4 9 7 2 0 0 9
20 28 30 16 7 11 24 5 5 9 0 28 23 27 24 19
30 3 16 20 29 17 8 16 25 14 12 12 8 5 16 28
2 5 4 5 13 4 10 0 4 16 14 8 13 17 14 5
0 5 11 1 7 11 5 11 1 6 12 12 1 6 3 7
13 4 1 7 1 15 21 5 8 11 19 14 9 5 16 16
24 16 34 34 6 18 0 25 21 3 7 9 25 22 0 14
23 15 16 26 1 26 6 12 9 13 16 13 23 11 12 9
0 1 2 0 0 2 0 0 0 1 1 1 2 0 0 0
6 11 26 17 9 10 11 9 15 13 27 20 8 20 22 7
3 5 0 2 7 1 5 2 1 2 6 7 2 7 0 0
10 12 28 7 16 1 8 1 19 6 19 26 1 26 17 25
7 2 0 0 14 5 12 17 8 20 2 0 21 18 20 22
5 8 10 6 9 1 0 5 8 7 7 4 8 3 10 6
25 22 3 19 28 29 18 7 27 21 5 11 10 5 30 12
4 1 17 2 24 14 23 16 2 5 8 25 2 6 17 23
26 1 5 12 27 7 23 14 25 27 3 12 5 24 17 8
1 1 0 2 0 2 2 1 0 1 1 0 0 2 0 1
1 11 3 1 3 3 16 1 21 18 11 18 20 12 11 16
3 1 3 2 3 3 6 6 7 4 6 6 0 2 8 5
1 0 0 0 2 0 1 1 2 2 2 0 2 2 0 1
7 28 8 12 18 23 8 25 6 28 21 28 8 23 21 23
2 7 8 2 7 5 11 13 9 13 9 8 8 14 9 1
12 11 14 10 18 17 15 19 0 4 9 7 21 20 9 10
8 20 3 2 13 9 16 9 23 25 11 4 10 21 7 8
25 20 21 4 21 24 10 7 25 27 7 2 24 6 5 27
2 1 2 3 2 1 3 1 0 2 4 4 2 4 1 3
2 3 2 6 8 3 7 1 6 3 8 5 2 7 6 0
2 2 5 4 6 2 2 1 6 4 3 3 0 0 4 0
10 1 0 9 2 12 3 4 10 0 6 12 9 5 3 7
6 8 8 21 3 3 11 17 7 15 16 3 4 10 18 9
2 22 1 2 14 10 12 18 17 1 20 22 10 14 11 20
29 16 1 17 15 5 11 26 2 2 7 19 5 30 10 8
8 17 12 11 19 6 5 10 12 8 19 20 13 13 6 9
2 2 0 1 0 0 1 0 2 1 1 1 0 2 1 0
18 19 15 16 17 3 20 22 20 11 26 21 26 21 7 14
16 9 1 14 4 12 10 10 16 11 6 16 13 5 0 0
6 10 1 7 13 11 6 3 4 6 14 2 1 1 9 1
8 0 6 7 4 0 7 3 4 6 7 5 6 1 0 6
6 1 1 5 3 4 1 2 2 3 0 6 2 3 1 0
27 6 27 9 17 13 5 29 21 15 1 15 23 16 12 20
14 18 7 10 11 23 16 5 23 20 3 12 24 11 3 11
11 18 15 20 13 1 9 17 15 3 20 5 12 18 9 10
0 6 5 13 9 7 4 13 11 4 7 5 9 0 5 11
5 14 2 7 2 7 16 18 3 17 8 16 0 9 6 4
6 6 0 1 3 3 2 4 7 6 3 7 9 4 7 7
4 3 1 5 4 10 7 7 10 4 10 10 7 6 10 3
21 16 16 30 23 13 26 19 14 28 14 15 11 11 28 22
30 29 34 2 6 31 23 12 11 9 13 20 30 11 24 7
0 2 0 2 0 1 0 0 6 3 4 5 4 5 0 2
4 0 2 1 6 2 0 0 3 6 4 2 6 4 3 3
19 13 29 29 28 27 20 7 11 4 10 5 29 24 11 26
22 16 10 5 16 17 18 10 0 19 6 7 14 13 12 9
7 3 4 6 1 2 6 2 6 1 6 4 8 8 1 7
34 11 14 19 28 22 21 7 10 34 31 23 15 28 10 36
27 9 18 16 4 2 10 31 3 32 3 17 19 26 12 11
15 12 24 24 19 7 19 17 10 20 6 15 12 0 22 18
2 9 2 1 10 2 5 0 0 3 4 1 9 7 0 8
4 4 3 1 2 1 3 3 4 2 1 2 3 2 4 4
8 28 2 3 1 22 13 23 23 32 32 13 19 5 24 1
10 10 0 1 5 2 0 6 1 0 5 0 4 7 9 0
20 24 4 2 12 14 13 1 17 21 15 17 0 6 23 6
3 1 1 2 2 1 5 4 1 0 3 2 5 6 2 5
2 22 23 0 33 5 35 0 22 8 36 14 14 23 22 23
28 19 25 17 9 20 1 31 33 23 26 2 26 4 18 30
11 12 14 12 13 1 4 10 13 7 8 11 12 0 11 2
11 3 12 17 1 4 2 3 4 7 20 0 20 12 18 19
6 0 5 6 1 5 0 3 7 0 2 8 11 9 1 6
12 5 1 4 14 16 3 7 9 5 7 15 7 10 9 12
10 18 7 4 7 12 18 12 5 2 15 12 11 0 8 14
14 14 18 16 13 6 18 7 0 14 5 4 16 5 1 11
8 14 24 11 1 12 25 24 7 2 5 8 3 16 7 8
4 9 7 7 23 22 24 4 15 8 24 10 24 24 14 14
14 15 18 22 7 19 4 13 4 26 22 12 10 20 16 25
15 5 7 11 22 11 20 16 17 18 11 13 2 16 0 14
2 1 2 1 1 0 2 0 1 1 0 1 1 1 0 0
7 2 19 21 5 6 18 11 0 22 15 1 15 9 20 13
0 11 13 14 1 1 3 11 10 5 10 9 2 6 9 6
2 21 1 27 24 21 16 12 7 4 3 19 7 2 12 0
0 13 9 20 8 24 6 5 20 29 20 5 21 15 9 20
3 5 11 5 10 2 0 12 6 4 8 12 4 13 14 6
20 2 18 15 0 11 5 12 8 6 6 22 12 0 21 5
20 26 18 7 9 20 14 2 4 25 12 1 21 20 24 10
12 3 15 8 17 16 7 1 7 2 12 9 11 14 11 9
8 1 1 2 5 4 6 1 1 7 0 4 4 7 4 5
1 3 1 2 2 1 3 2 1 0 3 0 0 1 0 0
32 2 24 5 4 2 8 23 17 9 17 19 12 10 14 13
0 0 0 0 2 0 1 0 0 1 1 1 0 0 2 1
13 28 8 5 7 20 30 25 13 20 14 15 16 14 29 1
16 19 22 24 5 6 14 21 22 24 24 6 16 10 8 17
0 0 7 2 4 10 9 9 6 0 6 0 8 4 1 8
1 1 19 16 12 13 19 11 16 5 13 17 9 23 20 14
1 1 1 0 0 0 0 2 1 1 1 0 2 1 0 1
19 5 7 10 7 6 0 0 14 16 19 12 13 17 0 18
2 6 5 5 6 1 2 4 6 2 1 1 4 5 2 6
6 1 1 1 7 9 0 3 5 0 3 8 9 8 4 6
12 0 7 13 11 6 0 4 12 7 12 13 9 10 5 13
0 10 11 3 4 8 0 10 5 17 11 5 9 4 3 4
3 17 12 20 0 2 6 12 16 16 2 19 18 18 2 8
8 1 2 5 2 5 1 10 2 2 5 2 3 11 6 12
8 10 14 12 6 21 16 5 26 22 2 17 14 28 28 25
6 7 9 1 1 3 6 10 8 8 5 0 7 4 3 0
5 12 10 16 2 10 5 8 1 3 15 8 13 1 5 13
30 26 19 13 14 30 22 31 8 26 10 33 25 0 10 9
27 20 0 18 29 11 2 5 0 31 13 2 7 19 1 8
21 12 12 27 25 19 17 13 27 1 35 16 18 22 3 12
0 10 12 12 7 18 20 5 14 17 2 9 11 12 22 8
10 5 7 12 16 3 0 26 17 6 9 3 8 25 17 17
0 3 8 3 8 4 0 4 4 3 6 3 8 8 6 3
18 1 6 14 18 11 0 11 16 7 19 24 20 9 5 10
21 29 23 25 16 3 3 6 28 1 10 13 27 1 3 18
22 4 0 2 5 18 8 2 23 34 14 29 16 8 20 6
2 1 1 3 1 3 1 0 4 3 2 0 2 0 1 3
4 2 2 2 4 4 1 1 4 4 1 0 0 3 1 0
0 6 7 10 0 0 1 9 1 10 0 6 8 10 4 0
15 26 24 7 15 23 15 4 3 4 20 7 25 2 0 11
16 0 28 22 13 18 8 4 11 2 29 12 5 7 14 1
9 12 11 5 7 1 1 0 8 7 11 10 4 4 0 9
2 11 11 14 7 13 5 14 8 11 0 2 13 0 9 1
1 10 5 1 10 2 7 5 8 5 10 10 4 5 9 10
5 14 14 16 25 2 24 27 18 11 5 6 18 22 3 14
23 30 24 28 3 23 9 18 13 11 4 11 21 16 29 15
9 21 3 2 22 14 4 21 17 19 11 0 15 21 13 5
4 1 3 4 0 4 0 2 0 4 1 1 3 1 3 1
4 11 9 2 7 4 11 3 8 6 8 12 5 8 6 11
19 6 19 6 6 16 4 8 5 10 3 11 9 20 14 9
6 6 4 3 5 1 2 1 3 6 2 1 4 6 5 3
2 20 29 20 6 36 36 22 14 17 18 30 32 17 21 19
6 7 13 0 5 8 4 0 6 10 4 13 9 1 8 3
24 30 4 24 27 12 11 6 12 20 25 8 0 1 18 15
2 6 5 0 4 2 6 3 6 4 6 0 1 4 4 5
3 0 1 2 2 1 0 0 3 0 3 4 0 1 3 1
10 5 11 1 10 8 8 1 12 6 5 7 10 6 8 0
9 0 0 11 20 15 3 7 9 21 14 4 7 0 22 21
12 24 12 15 24 23 1 19 9 31 27 15 25 28 34 31
8 23 14 18 2 10 14 8 26 20 21 19 9 10 3 14
10 6 10 4 1 5 5 7 2 5 5 10 7 5 1 9
2 2 4 4 3 3 3 4 4 3 0 3 2 6 6 1
1 0 1 2 2 0 2 0 2 2 1 0 2 2 0 1
2 8 4 5 8 11 16 16 6 0 6 14 15 5 6 12
11 32 32 14 27 26 21 4 9 3 19 13 18 23 14 22
15 8 1 7 20 25 24 33 18 26 29 8 13 0 2 17
5 11 18 16 10 17 14 12 18 9 1 15 4 3 9 14
4 12 7 1 3 15 7 0 16 7 13 12 16 3 1 15
28 15 0 20 0 3 6 15 28 7 11 19 13 28 9 5
5 5 5 8 0 1 0 3 0 0 7 7 3 4 4 8
0 3 2 0 4 0 0 1 2 0 2 0 3 0 0 0
1 0 0 0 0 2 2 0 2 1 1 0 1 0 1 2
21 2 20 28 30 0 0 22 8 12 10 6 23 10 9 0
9 4 13 2 11 7 0 14 7 4 3 13 12 13 1 10
3 3 6 7 5 1 8 5 3 2 2 1 5 2 8 5
0 6 11 10 13 11 10 8 13 1 5 11 1 9 17 4
0 9 28 17 8 24 14 18 10 16 36 32 23 3 3 19
16 32 36 32 25 11 36 23 27 13 31 14 23 24 12 9
8 11 23 8 28 34 13 3 27 14 4 32 23 17 6 36
1 2 2 2 1 1 0 2 0 0 2 1 1 0 2 2
1 1 4 0 1 2 3 0 0 1 2 0 2 1 1 1
0 1 1 2 1 2 0 1 0 0 1 2 2 1 2 0
7 3 2 9 5 7 3 5 9 4 2 10 4 9 8 3
23 1 28 13 25 20 30 18 8 2 6 16 19 17 30 10
1 1 1 1 0 1 2 1 2 1 0 1 2 0 0 1
4 4 0 4 6 3 1 6 5 0 2 6 5 2 3 5
25 15 19 21 27 16 23 21 30 21 0 29 3 7 27 16
1 0 0 2 1 0 2 2 1 0 2 1 0 1 1 2
5 1 2 1 5 1 6 1 0 6 2 6 6 2 6 3
29 5 30 6 17 26 16 34 12 22 13 29 17 19 19 5
28 22 10 17 16 33 34 19 9 23 28 0 30 11 31 0
0 7 7 5 0 5 5 0 8 5 1 3 1 3 9 10
28 22 12 34 13 28 18 3 26 21 0 33 24 2 12 5
3 16 15 1 4 15 2 12 8 1 5 3 16 12 0 9
13 2 4 11 10 18 4 17 4 11 11 9 13 14 11 7
0 22 25 6 6 1 29 5 4 7 6 17 6 23 13 14
3 7 5 6 8 10 4 8 4 10 5 10 6 2 10 3
10 7 7 11 14 2 14 0 16 6 16 4 18 16 11 4
