1 2 38
1 3 33
1 4 51
2 5 139
2 6 132
2 7 48
2 8 56
2 9 1
3 10 81
3 11 111
3 12 45
3 13 117
3 14 38
4 15 26
4 16 130
4 17 97
4 18 136
4 19 72
5 20 54
5 21 79
6 22 91
7 23 131
7 24 56
8 25 7
8 26 48
9 27 16
9 28 110
10 29 98
10 30 4
11 31 82
11 32 139
12 33 33
13 34 56
13 35 29
14 36 25
14 37 74
15 38 74
16 39 99
16 40 69
17 41 132
17 42 49
18 43 96
19 44 36
19 45 124
19 46 132
20 47 60
21 47 38
22 48 23
23 48 61
24 49 4
25 49 8
26 50 40
27 51 5
28 51 92
29 52 129
30 53 57
31 53 15
32 54 118
33 54 83
34 54 87
35 55 101
36 55 127
37 55 19
38 56 4
39 56 113
40 57 14
41 57 95
42 58 31
43 59 139
44 60 70
45 60 62
46 60 2
47 61 119
48 62 24
49 63 66
50 64 133
51 65 85
52 66 83
53 67 85
54 68 101
55 69 65
56 70 19
57 71 75
58 72 117
59 73 90
60 74 68
61 75 125
62 76 3
63 77 10
64 78 112
65 79 13
66 80 123
67 81 7
68 82 124
69 83 8
70 83 76
71 84 89
72 85 16
73 86 115
74 87 12
75 88 94
76 89 122
77 90 72
77 91 121
78 92 131
79 93 126
79 94 137
80 95 121
80 96 46
81 97 133
81 98 112
82 99 123
83 100 104
83 101 64
84 102 45
84 103 97
85 104 133
86 105 46
87 106 53
87 107 86
88 108 79
89 109 110
90 109 129
91 110 14
92 111 17
93 112 56
94 112 6
95 113 10
96 113 3
97 114 46
98 115 56
99 116 36
100 117 87
101 118 61
102 119 19
103 120 92
104 120 92
105 121 27
106 121 41
107 122 88
108 123 32
109 124 19
110 125 70
111 125 36
112 126 48
113 126 1
114 127 18
115 127 72
116 127 44
117 127 54
118 128 7
119 129 101
120 130 82
121 131 117
122 132 65
123 133 62
124 134 131
125 135 77
125 136 130
125 137 9
126 138 27
127 139 97
128 140 18
129 141 12
130 142 94
131 143 102
132 144 69
133 145 81
134 146 129
135 147 26
136 148 98
137 149 95
138 150 53
139 151 86
140 152 4
141 153 117
142 154 78
143 155 97
144 155 128
145 156 10
146 157 42
147 158 56
148 159 24
149 160 91
149 161 61
150 162 100
151 163 103
151 164 43
152 165 109
152 166 3
153 167 51
154 168 27
155 169 96
155 170 116
156 171 34
157 172 31
158 172 24
159 173 10
160 174 46
161 175 125
162 175 99
163 176 43
164 177 37
165 178 6
166 179 98
167 180 62
168 181 52
169 182 83
170 183 125
171 184 62
171 185 115
172 186 36
172 187 64
173 188 97
174 189 38
175 190 64
176 191 91
177 192 114
178 193 93
179 194 57
180 195 95
181 196 105
181 197 87
182 198 53
182 199 94
183 200 4
183 201 84
184 202 1
185 203 92
186 204 13
187 205 117
188 206 28
189 207 86
190 208 87
190 209 22
191 210 71
192 211 98
193 212 118
194 213 76
195 214 120
196 215 23
196 216 93
197 217 132
198 218 119
199 219 19
200 220 91
201 221 21
202 222 73
203 223 33
204 224 35
205 224 29
206 225 13
207 225 93
208 226 4
209 227 12
210 228 40
211 229 114
212 230 72
213 230 119
214 231 63
215 232 95
216 233 90
217 234 102
218 235 64
219 235 80
220 236 61
221 237 113
222 238 96
223 239 28
224 239 2
225 239 11
226 240 98
227 240 79
228 240 54
229 241 126
230 242 106
231 243 74
232 244 43
233 245 79
234 246 134
235 246 123
236 247 77
237 247 35
238 248 80
239 249 81
239 250 66
240 251 130
240 252 121
240 253 54
240 254 70
241 255 94
241 256 4
241 257 49
242 258 42
242 259 50
242 260 103
243 261 127
243 262 80
243 263 31
244 264 93
244 265 89
245 266 45
245 267 55
245 268 4
246 269 124
246 270 139
247 271 33
247 272 134
248 273 6
249 274 7
250 275 54
251 275 51
252 276 76
253 277 73
254 277 26
255 277 119
256 278 63
257 279 13
258 279 2
259 280 103
260 280 127
261 281 119
262 282 12
263 283 35
264 284 29
265 285 98
266 285 51
267 285 89
268 285 32
269 286 76
270 286 69
271 286 60
272 286 120
273 287 46
274 288 77
275 289 33
276 290 139
277 291 103
278 292 80
279 293 46
280 294 30
281 295 120
282 296 4
283 297 46
284 298 128
285 299 39
286 300 19
287 301 125
288 302 16
289 303 53
289 304 42
290 305 99
291 306 68
292 307 135
293 308 122
294 309 70
294 310 105
295 311 37
295 312 105
296 313 79
297 314 110
297 315 5
298 316 88
299 317 50
300 318 33
301 319 17
302 320 88
303 321 52
304 321 136
305 322 18
306 322 13
307 322 88
308 322 1
309 323 13
310 324 57
311 324 101
312 325 136
313 326 113
314 327 67
315 328 139
316 328 99
317 329 4
318 330 25
319 331 33
320 332 84
321 333 68
322 334 81
323 335 138
324 336 2
325 336 43
326 337 126
327 338 127
328 338 21
329 339 78
330 340 123
331 341 89
331 342 95
332 343 43
333 344 93
333 345 34
333 346 99
334 347 106
335 348 95
336 349 89
336 350 118
336 351 14
337 352 30
338 353 72
338 354 135
338 355 96
339 356 81
340 357 19
341 358 32
342 359 22
343 360 98
344 361 95
345 362 103
346 363 112
347 364 134
348 365 26
349 366 100
350 367 132
351 368 75
352 368 127
353 369 35
354 370 91
355 371 76
356 371 105
357 372 94
358 373 43
359 374 51
360 375 138
361 376 45
362 377 35
363 378 6
364 379 134
365 380 60
366 381 39
367 382 70
368 383 20
369 384 26
370 385 37
371 386 96
372 387 117
373 388 70
374 389 89
374 390 130
374 391 33
375 392 53
375 393 5
376 394 73
376 395 57
377 396 65
378 397 117
379 398 19
380 399 43
381 400 123
382 401 85
383 402 88
383 403 109
383 404 21
384 405 31
385 406 75
386 407 2
387 408 44
387 409 11
388 410 50
389 411 20
390 412 54
391 412 129
392 413 63
393 413 127
394 414 31
395 414 17
396 415 121
397 415 101
398 416 56
399 417 82
400 418 12
401 418 24
402 418 7
403 419 67
404 419 119
405 419 14
406 420 119
407 421 125
408 422 39
409 423 90
410 424 15
410 425 10
410 426 50
411 427 120
411 428 48
412 429 96
413 430 84
414 431 47
414 432 14
415 433 117
416 434 28
416 435 7
416 436 96
416 437 8
417 438 45
417 439 77
418 440 114
418 441 30
419 442 36
419 443 113
419 444 53
420 445 1
420 446 125
421 447 117
421 448 99
422 449 28
422 450 40
422 451 25
422 452 81
422 453 56
423 454 88
423 455 27
424 456 91
425 457 132
426 457 86
427 457 43
428 457 101
429 457 90
430 458 102
431 458 6
432 458 130
433 459 5
434 459 134
435 460 89
436 461 98
437 461 108
438 462 15
439 463 42
440 464 120
441 464 122
442 464 93
443 465 67
444 466 22
445 467 35
446 468 121
447 468 110
448 469 96
449 470 4
450 470 71
451 471 102
452 472 105
453 472 137
454 473 129
455 474 2
456 475 129
457 475 6
458 476 16
459 477 79
460 478 106
461 479 29
462 480 27
463 481 129
464 481 92
465 482 26
466 483 77
467 484 77
468 485 22
469 485 74
470 486 56
471 486 5
472 487 27
473 488 101
474 489 37
475 490 17
475 491 99
475 492 89
476 493 99
477 494 107
478 495 68
479 496 11
480 497 58
481 498 72
482 499 28
483 500 135
483 501 72
483 502 48
484 503 20
484 504 52
485 505 72
486 506 73
487 507 75
488 508 108
488 509 116
489 510 104
490 511 2
491 511 76
492 511 60
493 511 52
494 512 45
495 512 117
496 512 44
497 512 54
498 512 54
499 513 104
500 514 40
501 514 114
502 515 79
503 516 12
504 517 53
505 517 16
506 518 44
507 519 7
508 520 66
509 521 94
510 521 23
511 522 16
512 523 83
513 524 12
514 525 24
515 526 119
516 527 120
516 528 65
516 529 17
516 530 57
517 531 108
518 532 112
518 533 38
519 534 51
520 535 103
521 536 138
521 537 102
521 538 129
522 539 66
523 540 22
524 541 45
525 542 95
526 543 109
527 544 18
528 545 106
529 546 111
530 547 130
531 548 18
532 549 111
533 550 136
534 550 23
535 551 115
536 552 120
537 553 58
538 554 18
539 555 102
540 556 74
541 557 101
542 558 103
543 559 82
544 559 74
545 560 86
546 561 136
547 562 37
548 563 83
549 564 77
550 565 69
551 566 126
552 566 69
553 567 133
554 568 131
555 569 3
556 570 2
557 571 100
558 572 106
558 573 102
559 574 132
560 575 105
561 576 74
561 577 1
562 578 81
563 579 38
564 580 77
565 581 116
566 582 79
566 583 57
567 584 135
568 585 60
569 586 85
570 587 56
571 587 67
572 588 67
573 589 121
574 590 126
575 591 59
576 592 47
577 593 72
578 594 24
579 595 114
580 596 121
581 597 126
582 598 90
583 598 69
584 599 67
585 600 49
586 601 139
587 602 100
587 603 116
588 604 76
589 605 105
590 606 21
591 607 26
592 608 83
593 609 100
594 610 126
595 611 134
595 612 37
595 613 34
596 614 3
597 615 119
597 616 78
598 617 115
599 618 64
599 619 54
600 620 1
601 621 42
602 621 46
603 621 71
604 622 78
605 623 4
606 623 118
607 623 67
608 623 50
609 624 107
610 624 30
611 625 105
612 625 132
613 626 69
614 626 49
615 626 116
616 627 8
617 627 109
618 628 37
619 628 98
620 628 105
621 629 60
622 630 120
623 631 25
623 632 41
623 633 78
623 634 91
624 635 138
624 636 74
624 637 135
625 638 95
626 639 101
626 640 122
626 641 5
626 642 40
627 643 72
628 644 46
628 645 98
628 646 105
629 647 47
630 648 83
631 649 69
632 649 81
633 650 73
634 650 1
635 651 99
636 651 106
637 652 55
638 653 78
639 653 137
640 653 51
641 654 12
642 655 84
643 656 47
644 656 4
645 657 25
646 658 105
647 659 130
648 660 132
649 661 51
650 662 29
651 663 119
652 664 78
653 665 19
654 666 104
655 667 100
656 668 62
657 669 54
658 670 29
659 671 116
660 672 122
661 673 71
662 674 118
663 675 118
664 676 42
665 677 50
666 678 135
666 679 67
666 680 32
667 681 93
668 682 115
669 683 73
670 684 133
671 685 44
672 686 3
673 687 88
674 688 67
675 689 121
676 690 43
677 691 132
677 692 94
678 693 59
679 694 31
680 695 22
681 696 52
682 697 92
683 698 85
683 699 120
684 700 26
685 701 104
686 702 132
687 703 114
688 704 14
689 705 18
690 706 46
690 707 127
691 708 20
692 709 1
693 710 88
694 711 1
695 712 72
696 713 73
697 714 21
698 715 124
699 716 17
700 717 1
701 718 85
701 719 47
702 720 110
703 721 67
704 722 92
705 723 55
706 724 99
707 725 111
708 726 119
709 727 86
710 728 21
711 729 8
712 730 126
712 731 81
713 732 76
714 733 38
715 734 41
716 735 7
717 736 96
718 737 83
719 738 26
720 738 55
721 738 43
722 739 86
723 740 63
724 740 75
725 740 33
726 741 136
727 741 59
728 741 5
729 741 23
730 741 118
731 741 6
732 742 2
733 742 78
734 742 5
735 743 138
736 743 4
737 744 66
737 745 118
738 746 38
738 747 64
739 748 5
739 749 88
740 750 38
740 751 68
741 752 133
741 753 63
742 754 39
743 755 100
744 756 125
744 757 114
745 758 63
745 759 31
746 760 89
746 761 36
747 762 35
747 763 29
748 764 95
748 765 136
748 766 33
749 767 80
749 768 118
749 769 15
750 770 26
750 771 48
750 772 69
750 773 38
751 774 37
751 775 41
752 776 25
753 777 64
753 778 100
754 779 91
754 780 41
755 781 91
756 782 131
757 782 52
758 782 31
759 783 127
760 784 92
761 785 106
762 786 51
763 787 30
764 788 134
765 788 43
766 789 34
767 789 99
768 789 119
769 789 46
770 789 2
771 789 109
772 790 49
773 790 113
774 790 132
775 791 9
776 791 50
777 792 26
778 793 62
779 793 48
780 794 107
781 794 99
782 795 135
783 796 47
784 797 17
785 798 41
786 799 19
787 800 73
788 801 39
789 802 25
790 803 138
791 804 111
792 804 126
793 805 19
794 806 105
795 807 60
795 808 81
796 809 41
797 810 46
798 811 44
799 812 128
800 813 35
801 814 139
801 815 78
801 816 21
801 817 12
802 818 61
802 819 134
803 820 89
803 821 108
803 822 4
804 823 115
805 824 103
805 825 43
806 826 82
807 827 78
808 828 125
809 829 138
810 830 111
811 831 91
811 832 52
812 833 67
813 834 86
814 835 62
815 836 55
816 837 23
817 838 83
818 839 94
819 840 81
820 841 26
821 842 96
822 843 43
823 844 132
824 845 46
825 846 72
826 847 28
827 848 98
828 848 95
829 849 113
830 850 92
831 850 85
832 851 28
833 851 17
834 852 53
835 852 113
836 853 39
837 854 49
838 854 94
839 855 2
840 856 124
841 857 78
842 858 62
843 859 73
844 860 42
845 861 42
846 862 49
847 863 9
848 864 75
849 865 20
849 866 21
850 867 65
851 868 139
851 869 52
852 870 32
853 871 72
854 872 32
854 873 38
855 874 138
856 875 114
857 876 25
858 877 9
858 878 39
858 879 65
859 880 126
860 881 69
861 882 91
861 883 130
862 884 63
863 885 5
864 886 139
865 886 37
866 886 57
867 887 22
868 888 68
869 889 133
870 890 137
871 891 4
872 891 81
873 891 48
874 892 133
875 893 48
876 894 79
877 894 102
878 895 16
879 896 107
880 897 60
881 898 105
882 898 2
883 898 48
884 898 133
885 899 133
886 900 126
887 900 46
888 900 68
889 900 49
890 900 88
891 900 77
892 900 38
893 900 59
894 900 92
895 900 100
896 900 82
897 900 100
898 900 23
899 900 80
