1 2 80
1 3 58
1 4 104
1 5 3
1 6 139
2 7 17
2 8 128
2 9 68
2 10 113
2 11 15
3 12 124
3 13 91
3 14 95
3 15 9
4 16 13
4 17 39
4 18 65
4 19 69
4 20 155
5 21 60
5 22 98
5 23 63
5 24 49
5 25 37
6 26 152
6 27 99
6 28 44
7 29 50
8 30 121
9 31 21
10 32 4
11 33 139
12 34 123
13 35 127
14 36 14
15 37 128
16 38 51
17 39 37
18 40 105
19 41 55
20 42 29
21 43 10
22 44 66
23 45 79
24 46 106
25 47 50
26 48 33
27 49 31
27 50 70
28 51 83
29 52 69
30 53 84
31 54 88
32 55 78
33 56 69
34 57 110
35 58 21
36 59 108
37 60 96
38 61 147
39 62 153
40 63 92
41 64 29
42 65 50
43 66 105
44 66 107
45 67 90
46 68 22
47 69 153
48 69 1
49 70 94
50 71 10
51 72 107
52 73 7
52 74 96
53 75 43
54 76 123
54 77 142
55 78 154
56 79 5
57 80 140
58 81 117
58 82 85
59 83 79
59 84 39
60 85 74
61 86 118
61 87 155
62 88 131
63 89 157
63 90 22
64 91 153
65 92 35
66 93 116
67 94 11
68 95 77
69 96 159
69 97 48
70 98 6
71 99 104
72 100 2
73 101 45
74 102 37
75 103 69
76 104 2
77 104 116
78 105 1
79 105 122
80 106 49
81 106 78
82 107 44
83 107 28
84 108 123
85 109 17
86 110 91
87 111 105
88 111 102
89 111 121
90 112 87
91 112 78
92 113 36
93 113 104
94 113 26
95 114 108
96 115 112
97 116 41
98 116 25
99 117 68
100 118 2
101 119 83
102 120 122
103 121 131
104 122 71
105 123 148
106 124 112
107 125 74
108 126 1
109 127 27
109 128 37
110 129 97
111 130 100
112 131 149
113 132 118
114 133 98
115 134 127
115 135 135
116 136 49
117 137 63
118 138 126
119 139 20
120 140 155
121 141 60
122 142 141
123 143 26
124 144 96
125 145 28
126 146 29
127 147 124
128 148 89
129 149 99
130 150 76
131 151 32
132 152 98
133 153 11
134 154 150
135 155 155
136 156 37
137 157 47
138 158 120
139 159 122
140 160 10
141 161 141
142 161 24
143 162 9
144 163 43
145 164 45
146 165 87
147 166 88
148 167 159
149 168 126
150 169 128
151 170 139
152 170 105
153 171 21
154 172 134
155 173 82
156 174 23
157 175 82
158 176 145
159 177 43
160 178 6
161 179 85
162 180 4
163 181 22
163 182 122
164 183 101
165 184 18
166 185 45
167 186 141
168 187 49
169 188 59
170 189 26
171 190 91
172 191 85
173 192 66
174 193 33
175 194 37
176 195 29
177 196 87
178 197 40
178 198 34
179 199 41
179 200 156
180 201 86
180 202 11
181 203 61
181 204 117
182 205 119
182 206 109
183 207 54
184 208 41
185 209 91
186 210 97
186 211 34
186 212 37
187 213 2
188 214 30
188 215 81
189 216 145
190 217 111
190 218 114
190 219 49
191 220 33
192 221 50
193 222 46
194 223 158
194 224 146
195 225 38
196 226 12
197 226 37
198 227 141
199 227 84
200 228 82
201 228 139
202 228 89
203 229 37
204 230 112
205 230 93
206 231 123
207 231 154
208 231 58
209 232 125
210 233 151
211 233 78
212 234 29
213 234 91
214 235 8
215 236 107
216 237 139
217 238 48
218 238 153
219 238 44
220 239 141
221 239 24
222 240 63
223 240 59
224 241 104
225 241 81
226 242 100
227 243 96
228 244 121
229 245 141
230 246 88
231 247 70
232 248 95
233 249 34
234 250 150
234 251 148
235 252 66
236 253 53
237 254 147
238 255 95
239 256 108
239 257 86
240 258 10
241 259 100
242 260 73
243 261 110
244 262 48
245 263 105
246 264 44
247 265 17
248 266 52
248 267 24
249 268 138
250 269 119
250 270 72
251 271 110
252 272 27
252 273 31
253 274 2
254 275 23
255 276 104
256 277 124
257 278 111
258 279 37
259 280 90
260 281 102
261 282 81
262 283 149
263 284 43
264 285 133
265 286 115
266 287 40
267 288 141
268 289 46
269 290 3
270 291 133
271 292 98
272 293 97
273 294 84
274 295 56
275 296 91
276 297 23
277 298 20
278 299 66
279 300 11
280 301 94
281 302 85
282 303 52
283 304 122
284 305 31
285 306 107
286 307 65
287 308 72
288 309 10
289 310 28
290 311 158
291 312 20
292 313 118
293 314 111
293 315 150
294 316 75
295 317 64
296 318 77
297 319 122
298 320 143
299 321 145
300 322 9
301 323 60
302 324 49
303 325 36
304 326 28
305 327 141
306 328 52
307 328 143
308 329 124
309 330 3
310 331 47
311 332 110
312 333 149
313 334 154
314 334 93
315 335 101
316 335 90
317 336 147
318 337 66
319 338 87
320 339 88
321 340 131
322 340 21
323 341 120
324 342 121
325 343 89
326 344 14
327 345 148
328 346 113
329 347 87
330 348 13
331 349 18
332 350 15
333 351 62
334 352 78
335 353 111
336 354 153
337 355 63
338 356 148
339 357 72
340 358 45
341 359 56
342 360 142
343 361 56
343 362 113
344 363 32
345 364 20
346 365 52
346 366 149
347 367 39
348 368 26
349 369 20
350 370 63
350 371 86
351 372 9
351 373 52
352 374 16
353 375 27
354 376 132
355 377 92
356 378 62
357 379 82
357 380 82
358 381 103
359 382 17
360 383 146
361 384 41
362 385 58
363 386 22
364 386 137
365 387 79
366 388 23
367 389 103
368 390 80
369 391 154
370 392 79
371 393 135
372 394 14
373 395 115
374 395 157
375 396 42
376 397 2
377 398 1
378 399 47
379 400 143
380 401 104
381 402 46
382 403 58
383 404 23
384 405 6
385 406 9
385 407 34
386 408 103
387 409 159
388 410 17
389 411 81
390 412 54
391 413 85
392 414 155
393 415 156
394 416 64
394 417 62
395 418 54
396 419 73
397 420 119
398 421 128
399 422 55
400 423 60
401 424 145
402 425 81
403 426 27
403 427 136
403 428 93
404 429 33
405 430 99
406 431 44
406 432 131
406 433 152
406 434 143
407 435 76
408 436 15
408 437 109
408 438 143
409 439 126
410 440 68
411 441 71
411 442 59
412 443 60
413 444 141
414 445 34
415 446 117
416 447 69
416 448 13
416 449 41
417 450 47
417 451 144
417 452 39
418 453 83
418 454 141
419 455 48
419 456 12
419 457 57
419 458 12
420 459 141
420 460 14
421 461 135
421 462 89
422 463 99
422 464 71
423 465 139
423 466 15
423 467 9
424 468 100
425 469 97
425 470 112
425 471 100
425 472 150
425 473 130
426 474 144
426 475 155
427 476 11
427 477 16
428 478 79
429 479 154
430 479 21
431 479 94
432 480 46
433 481 138
434 481 35
435 481 95
436 482 90
437 482 150
438 482 88
439 482 46
440 483 149
441 483 64
442 483 66
443 483 113
444 484 42
445 484 78
446 485 26
447 485 60
448 485 85
449 486 73
450 486 55
451 486 47
452 487 64
453 487 31
454 488 83
455 488 102
456 488 158
457 489 71
458 489 125
459 490 6
460 490 128
461 490 122
462 491 71
463 491 53
464 491 50
465 491 100
466 491 29
467 491 124
468 492 143
469 492 146
470 493 21
471 493 58
472 494 9
473 494 69
474 494 17
475 494 71
476 495 88
477 495 135
478 495 116
479 496 156
479 497 107
480 498 92
480 499 117
481 500 157
482 501 5
483 502 134
484 503 115
485 504 29
486 505 121
487 506 16
488 507 13
488 508 13
489 509 113
490 510 44
491 511 78
492 512 36
493 513 108
494 514 154
495 515 23
496 516 5
497 517 63
498 518 133
499 519 74
500 520 47
501 521 13
501 522 84
502 523 156
503 524 92
504 525 100
505 526 78
506 527 56
507 528 74
508 529 137
509 530 40
510 531 115
511 532 106
512 533 29
513 534 37
514 535 42
515 536 132
516 537 48
517 538 49
518 539 130
519 540 72
520 541 131
521 542 23
522 543 67
523 544 2
524 545 124
525 546 1
526 547 16
527 548 129
528 549 67
529 550 105
529 551 111
530 552 150
531 553 111
532 554 83
533 555 53
534 556 63
535 557 65
536 558 2
537 559 135
538 560 132
539 561 26
540 562 105
541 563 16
542 564 20
543 564 35
544 565 115
545 566 138
546 567 36
547 568 99
548 569 82
549 570 117
550 571 30
551 572 156
552 573 58
553 574 93
554 575 37
555 576 156
556 577 90
557 577 27
558 578 72
559 579 107
560 580 4
561 581 96
562 582 106
563 583 136
564 584 109
565 585 13
566 586 17
567 587 112
568 588 145
569 589 113
570 590 67
571 591 141
572 591 50
573 592 136
574 593 27
575 594 8
576 595 36
577 596 123
578 596 108
579 597 61
580 598 157
581 599 47
582 600 26
583 601 105
584 602 112
585 602 2
586 602 77
587 603 129
588 604 46
589 604 98
590 605 144
591 605 39
592 606 82
593 606 13
594 607 16
595 607 32
596 608 129
597 609 146
597 610 99
597 611 121
598 612 50
598 613 14
598 614 75
599 615 35
599 616 16
600 617 154
600 618 69
600 619 71
601 620 138
602 621 130
603 622 28
603 623 134
604 624 151
605 625 80
605 626 11
605 627 110
606 628 146
607 629 87
608 630 106
608 631 75
608 632 132
609 633 61
610 634 39
611 634 75
612 635 110
613 636 36
614 637 17
615 638 122
616 638 28
617 639 107
618 639 22
619 640 5
620 640 92
621 641 131
622 642 39
623 642 67
624 643 42
625 644 109
626 645 141
627 646 117
628 647 152
629 648 71
630 649 62
631 650 9
632 651 22
633 652 129
633 653 59
634 654 71
635 655 39
635 656 68
636 657 108
637 658 21
638 659 2
638 660 86
639 661 159
640 662 94
641 663 144
642 664 119
643 665 142
644 666 35
644 667 117
645 668 56
646 669 149
647 670 82
648 671 72
649 672 89
650 673 26
650 674 64
651 675 32
652 676 87
653 677 133
654 678 64
655 679 5
656 680 85
657 681 150
658 682 89
659 682 111
660 683 19
661 684 34
662 685 147
663 686 93
664 687 128
665 688 84
666 689 114
667 690 44
668 691 30
669 692 21
670 693 21
671 694 77
672 695 80
673 696 138
674 697 84
675 698 144
676 699 23
677 700 91
678 701 119
679 701 156
680 702 154
681 703 118
682 704 132
683 705 50
684 706 136
685 706 59
686 707 57
687 708 6
688 708 24
689 709 86
690 710 8
691 711 145
692 712 81
693 713 116
694 713 97
695 714 82
696 715 11
697 716 129
698 717 132
699 718 12
700 718 36
701 719 130
702 720 113
703 721 18
704 722 63
705 723 141
706 724 36
707 725 134
708 726 41
709 727 14
710 728 140
711 729 77
712 730 154
713 731 123
714 732 36
715 733 108
716 734 143
717 735 128
718 736 3
719 737 96
720 738 89
721 739 33
722 740 76
723 741 21
723 742 158
724 743 57
724 744 14
725 745 48
725 746 92
726 747 121
727 748 36
728 749 119
729 750 134
729 751 80
730 752 10
731 753 61
731 754 82
732 755 104
733 756 138
734 757 130
735 758 13
736 759 76
737 760 30
738 761 40
739 762 103
740 763 110
741 764 157
741 765 45
742 766 122
743 767 52
743 768 97
744 769 49
745 770 41
745 771 27
746 772 94
746 773 38
747 774 139
748 775 31
748 776 65
749 777 44
750 778 116
751 779 34
752 780 41
753 781 152
754 782 15
755 783 83
755 784 82
756 785 33
757 786 65
758 787 39
759 788 60
760 788 21
761 788 130
762 788 147
763 789 155
764 789 121
765 790 139
766 791 5
767 792 94
768 793 94
769 794 29
770 795 48
771 795 77
772 796 15
773 796 141
774 797 93
775 797 3
776 798 78
777 798 100
778 798 29
779 799 42
780 799 85
781 800 90
782 800 102
783 801 125
784 801 151
785 801 32
786 801 70
787 802 68
788 803 133
788 804 29
789 805 5
790 806 89
790 807 56
791 808 20
792 809 71
793 810 72
794 811 47
794 812 92
795 813 7
796 814 27
796 815 86
796 816 142
797 817 39
797 818 128
798 819 39
799 820 66
800 821 5
801 822 149
802 823 16
802 824 36
803 825 132
804 826 46
804 827 130
805 828 11
806 829 34
807 830 137
808 831 15
809 832 14
810 833 50
811 834 61
812 835 133
813 836 144
814 837 95
815 838 125
816 839 48
817 840 96
818 841 81
819 842 117
820 843 102
821 844 123
822 845 10
823 846 101
824 847 104
825 848 117
826 849 49
827 850 50
828 851 137
829 852 104
830 853 74
831 854 116
832 855 101
833 856 71
833 857 115
834 858 118
835 859 24
836 860 123
837 861 120
838 862 125
839 863 85
840 864 13
841 865 48
842 866 43
843 867 63
844 868 85
845 869 136
846 870 77
847 871 36
848 872 65
849 873 45
849 874 155
850 875 31
851 876 35
852 877 117
852 878 51
853 879 53
854 880 132
855 881 30
856 882 71
857 883 22
858 884 28
858 885 158
859 886 109
860 887 100
861 888 47
862 889 30
863 890 11
864 891 92
865 892 10
866 893 60
867 894 50
868 895 151
868 896 43
869 897 120
870 898 43
871 899 113
872 900 74
873 900 13
874 900 53
875 900 85
876 900 119
877 900 53
878 900 148
879 900 50
880 900 10
881 900 29
882 900 116
883 900 15
884 900 83
885 900 141
886 900 69
887 900 84
888 900 148
889 900 143
890 900 2
891 900 87
892 900 8
893 900 6
894 900 4
895 900 92
896 900 147
897 900 52
898 900 122
899 900 125
