20 16 0 7 15 2 14 9
17 19 2 3 8 15 2 1
20 15 5 13 7 0 2 13
18 13 5 11 8 1 8 8
18 8 18 4 13 14 14 13
16 21 5 7 18 23 13 12
0 13 3 2 14 11 15 12
0 9 12 9 6 6 11 4
16 1 26 0 11 3 28 13
0 4 4 3 5 6 3 4
2 1 0 0 2 0 0 0
1 21 13 10 10 2 27 4
4 30 25 22 25 17 0 12
13 17 13 17 6 16 0 7
1 20 4 13 5 4 3 6
6 8 18 0 1 6 0 19
0 1 6 2 0 5 5 6
27 7 23 26 14 0 19 1
14 11 7 8 0 11 14 7
23 4 26 8 24 19 27 27
12 16 5 18 6 4 38 33
19 10 30 27 18 14 17 2
12 18 18 14 6 8 11 2
9 2 0 1 3 2 5 6
0 0 1 1 0 4 0 3
24 20 6 10 22 20 12 4
0 3 2 0 0 4 0 0
2 5 8 6 7 9 8 5
30 13 32 27 32 9 28 16
2 3 6 4 5 1 0 4
2 6 0 0 1 7 2 9
4 5 2 4 2 2 1 6
8 22 5 17 27 10 32 5
22 10 13 0 20 11 3 13
4 18 9 8 0 9 17 2
13 2 27 30 29 30 4 29
4 16 14 6 4 8 4 14
19 26 26 38 25 5 13 11
19 18 29 31 36 37 10 7
22 5 21 0 5 8 17 2
8 23 6 14 14 9 23 16
7 9 7 11 22 14 10 0
26 28 25 26 31 10 33 38
4 20 11 6 9 10 1 18
11 5 0 3 13 3 11 5
0 2 0 1 1 2 0 2
36 3 0 26 2 34 15 0
8 4 15 4 3 3 5 16
1 1 0 1 0 2 2 2
14 14 0 4 5 13 4 14
5 10 12 2 8 4 3 3
18 26 17 5 35 20 29 4
12 3 23 19 14 8 23 18
19 9 12 14 4 12 13 5
0 2 2 2 0 2 2 0
19 17 22 5 5 6 0 17
8 2 14 2 18 18 21 4
8 19 18 12 18 8 31 28
0 1 0 1 2 1 0 2
3 0 2 12 6 12 5 2
2 8 7 22 8 6 13 21
6 21 1 24 37 22 19 24
9 1 4 6 10 8 4 6
24 35 6 6 21 19 17 15
20 25 10 16 20 18 10 34
1 3 3 1 0 0 1 3
4 5 7 13 18 1 8 18
7 5 10 10 6 7 3 9
2 12 1 16 26 5 19 16
2 7 2 6 0 2 8 2
8 1 5 6 9 7 1 13
6 6 12 0 7 20 18 0
19 19 21 11 11 18 19 17
0 1 2 2 3 4 2 2
5 4 6 6 4 4 5 6
14 10 8 7 9 13 9 5
33 13 7 15 17 21 1 19
1 1 3 4 3 0 6 6
6 2 0 4 0 5 8 4
1 8 6 2 24 27 20 23
0 6 6 14 15 20 2 21
13 1 14 25 0 7 27 29
2 9 2 10 7 3 2 1
4 13 5 11 6 9 6 5
23 21 23 16 2 8 35 1
4 1 12 18 12 8 12 1
0 8 10 21 14 19 21 16
2 2 1 5 0 0 8 4
19 1 5 19 13 17 5 20
10 19 20 4 12 8 10 8
1 0 16 21 26 19 12 10
24 6 21 2 20 30 10 9
21 22 23 2 15 16 14 18
1 1 0 2 2 1 1 1
9 0 9 17 14 23 28 13
0 16 13 6 9 3 17 18
8 6 2 1 9 4 9 10
1 1 0 0 4 1 4 4
21 17 6 21 21 18 9 22
27 15 14 7 27 7 2 14
