19 14 16 16 14 19 13 18 14 16 19 12 15 14 18 14 14 14 14 17 12 14 18 13 13 17 13 15 13 17 16 18
7 7 5 7 6 6 8 7 7 7 5 7 5 5 8 6 5 8 8 8 7 7 6 6 6 6 6 8 6 8 8 5
8 8 10 9 6 9 8 7 8 7 10 7 8 9 7 6 9 10 8 7 6 8 9 7 6 8 10 7 7 6 10 7
9 9 9 7 7 7 9 7 8 8 7 7 7 9 9 8 6 9 9 7 7 7 7 6 8 9 8 7 9 6 8 8
9 9 9 11 11 11 14 15 14 15 9 9 11 11 13 11 13 12 11 14 10 13 9 11 11 11 10 9 13 14 14 11
15 14 14 12 9 13 15 12 15 14 12 13 9 14 10 12 15 10 11 12 12 12 11 15 9 13 15 11 11 12 12 10
6 6 7 6 6 7 6 8 7 7 7 6 6 6 8 7 9 9 8 8 9 6 9 8 8 7 7 6 8 8 8 7
15 13 14 10 13 13 12 13 11 11 10 15 10 13 15 12 11 15 10 13 13 15 14 14 15 12 12 12 15 14 9 15
1 1 1 2 2 1 2 2 2 2 2 1 2 2 2 1 2 2 1 2 1 1 1 2 1 2 2 1 2 2 2 2
11 14 10 9 13 12 11 15 10 10 10 15 14 12 11 14 15 10 9 15 15 12 9 11 11 13 14 11 13 13 14 9
19 12 15 14 19 13 15 17 12 17 16 14 17 13 14 13 14 17 15 17 18 12 19 16 14 18 15 16 19 19 13 18
5 4 5 3 5 4 3 3 5 5 3 3 4 5 4 3 4 5 4 4 4 3 4 5 5 3 5 5 4 3 3 3
8 6 8 6 9 9 7 7 7 8 8 9 8 8 8 9 9 7 6 6 7 8 6 8 6 6 9 9 6 9 9 7
2 2 1 1 1 2 1 1 1 1 2 1 1 2 2 2 1 2 2 2 2 2 2 2 2 1 1 2 2 2 1 1
7 11 11 10 9 11 9 8 11 11 10 9 12 8 9 7 9 12 9 8 9 10 8 7 10 9 9 11 8 11 10 8
10 15 17 10 17 16 17 13 15 12 14 11 13 17 16 10 11 10 15 17 12 10 13 10 11 16 14 12 17 16 15 12
5 3 4 5 5 3 3 5 3 4 3 4 3 5 5 4 4 3 4 5 5 4 4 5 4 3 3 5 4 3 5 5
7 9 7 9 6 9 8 6 9 6 6 8 8 6 7 7 9 6 9 6 6 7 6 8 8 9 6 7 8 9 9 8
6 9 7 10 8 8 8 10 6 6 10 9 10 9 7 10 7 7 10 6 9 7 8 10 6 8 7 6 6 6 9 10
8 6 6 7 7 8 9 7 9 8 6 9 8 6 6 6 8 9 7 7 8 9 7 9 6 9 6 7 6 9 8 6
15 14 14 10 10 9 10 15 10 9 14 14 10 10 13 13 12 10 11 9 9 10 10 10 9 11 11 10 14 11 15 14
5 7 4 5 4 4 6 6 6 4 4 4 6 6 7 7 4 5 4 6 7 4 4 4 6 6 5 6 4 4 4 4
4 3 5 3 3 3 4 5 5 4 3 5 4 5 3 5 3 3 3 3 3 3 5 4 3 5 5 4 4 3 3 3
15 16 19 12 14 15 18 17 20 20 18 16 18 15 15 20 15 20 20 18 19 17 16 12 12 12 18 17 16 16 19 16
3 2 2 3 3 3 3 2 2 2 2 2 3 2 2 2 3 2 2 3 2 2 3 2 2 3 2 2 2 2 2 2
10 14 13 10 14 15 13 13 15 13 14 14 15 12 12 14 13 12 13 15 11 14 10 9 15 9 15 9 11 12 14 13
20 20 16 15 15 19 14 17 17 16 13 15 17 20 14 15 12 12 14 13 16 17 20 19 19 20 14 15 15 20 20 19
8 11 8 12 12 7 10 8 10 7 11 11 7 9 7 8 12 12 9 11 10 11 8 9 7 8 9 10 7 12 8 10
10 9 9 6 7 10 7 10 10 7 7 6 8 6 8 10 6 6 8 7 9 9 6 9 9 9 7 10 8 6 10 7
14 18 15 19 15 20 15 18 15 20 19 16 16 19 20 19 18 17 16 17 20 15 13 20 18 18 17 13 17 12 12 16
11 9 14 15 10 11 11 15 9 14 11 11 9 14 13 10 11 14 10 13 14 12 15 14 12 14 15 13 10 13 15 14
7 7 7 6 5 5 7 7 4 5 6 7 4 6 4 7 7 5 6 6 7 5 5 5 4 4 7 6 5 4 4 5
12 17 17 12 18 19 19 15 13 15 17 16 17 12 19 12 13 18 13 12 15 14 19 15 19 16 13 19 14 13 12 16
13 12 11 9 9 11 15 14 11 9 15 13 13 15 13 15 10 13 14 11 14 14 15 13 13 13 13 13 10 9 15 9
5 5 6 7 5 6 8 7 5 8 5 8 8 8 5 6 7 6 6 8 8 5 6 5 5 6 6 5 8 5 5 5
6 7 8 7 8 7 7 5 8 8 6 5 7 8 5 8 5 7 6 8 8 6 6 6 5 8 8 8 6 5 8 5
13 12 10 10 17 13 14 16 10 16 16 17 15 14 16 11 13 13 14 12 15 16 16 14 15 14 11 10 17 13 16 13
9 10 10 10 8 9 8 9 9 7 11 8 10 7 10 7 11 10 9 12 9 7 9 10 10 7 11 12 7 9 10 12
13 16 13 15 17 12 17 14 16 15 15 17 19 14 19 18 15 12 13 18 13 14 18 16 19 13 15 12 16 19 15 15
6 10 6 7 7 6 10 9 8 10 7 7 9 8 8 9 10 10 9 6 6 10 7 9 7 8 10 9 7 6 6 8
19 14 17 12 15 15 18 12 16 17 13 19 14 15 14 14 16 18 19 16 12 17 12 18 15 15 18 16 18 17 16 17
6 7 6 8 8 9 9 8 8 8 8 9 8 7 9 9 6 8 6 9 9 7 7 8 8 7 7 9 7 9 9 7
8 12 7 11 7 7 10 7 9 9 10 7 9 8 12 8 12 7 10 12 7 12 7 12 8 8 7 10 12 11 7 11
10 11 13 10 8 12 10 11 11 9 12 13 9 12 9 9 13 12 13 12 11 8 12 13 10 11 9 10 10 13 13 8
15 13 18 19 18 15 17 13 12 18 12 19 13 15 17 18 17 14 12 17 15 19 18 19 18 12 15 19 16 13 20 15
13 12 14 19 17 12 18 16 18 13 12 12 18 19 19 13 18 15 19 16 16 19 12 19 13 17 13 12 16 12 18 14
5 5 6 8 5 5 6 6 7 5 6 7 6 6 8 7 6 6 5 5 8 5 8 6 5 5 7 8 6 8 6 7
12 9 12 11 11 12 11 8 12 12 10 12 9 8 12 7 8 11 8 9 10 7 7 11 7 12 8 7 8 11 11 8
13 20 18 19 16 19 16 15 12 12 12 17 13 20 19 12 13 17 18 20 17 18 14 20 12 20 13 12 15 18 19 12
3 4 3 4 4 4 4 3 3 3 3 4 3 4 3 3 4 3 3 4 4 3 4 3 3 4 4 4 3 4 3 4
