1 2 5
1 3 3
1 4 5
1 5 4
2 6 3
3 7 6
3 8 3
4 9 2
4 10 3
5 11 6
6 12 1
7 13 7
8 14 4
9 15 1
10 16 7
11 16 5
12 17 2
12 18 3
12 19 3
12 20 4
13 21 3
14 22 3
15 23 1
15 24 6
16 25 6
16 26 1
17 27 2
18 28 1
18 29 5
19 30 6
20 31 3
21 32 3
22 33 6
23 34 1
24 35 2
25 36 1
26 37 6
27 38 6
28 38 3
29 39 2
30 40 3
31 41 5
32 42 2
33 43 5
34 44 7
35 45 4
36 46 7
37 46 1
38 47 5
38 48 6
39 49 2
40 50 3
41 51 1
41 52 1
41 53 4
42 54 3
43 55 2
44 56 3
44 57 6
45 58 7
46 59 6
47 60 6
48 61 2
49 62 4
50 63 1
51 63 5
52 64 3
53 64 1
54 65 4
55 65 5
56 65 5
57 66 4
58 67 2
59 67 2
60 68 4
61 69 2
62 70 7
63 71 4
64 72 6
65 72 4
66 73 6
67 74 6
68 75 4
68 76 3
69 77 5
70 78 4
71 79 1
71 80 2
72 81 7
73 82 6
74 83 6
75 84 2
76 84 5
77 85 2
78 86 7
79 87 4
80 88 7
81 89 5
82 90 2
83 91 2
84 92 4
84 93 5
85 94 1
85 95 2
85 96 4
86 97 3
87 98 6
88 99 5
88 100 1
88 101 7
88 102 5
89 103 4
89 104 6
90 105 1
91 106 2
91 107 5
91 108 2
92 109 1
93 109 5
94 109 7
95 109 2
96 110 4
97 110 7
98 110 1
99 111 6
100 111 3
101 111 2
102 111 7
103 111 6
104 112 4
105 112 2
106 112 2
107 112 1
108 112 5
109 113 2
109 114 4
110 115 4
110 116 7
111 117 7
111 118 3
112 119 3
113 120 4
114 121 5
115 122 4
116 123 1
117 123 5
118 123 4
119 124 1
120 125 6
121 126 3
122 127 1
123 128 6
123 129 1
124 130 1
125 131 5
126 132 6
127 133 5
128 134 5
128 135 4
129 136 1
130 137 2
131 138 3
131 139 4
132 140 6
133 141 5
134 142 6
134 143 2
135 144 5
136 145 4
136 146 5
137 147 5
138 148 3
139 148 2
140 148 3
141 148 7
142 149 1
143 149 3
144 150 5
145 150 2
146 151 5
147 151 4
148 152 7
148 153 3
149 154 7
149 155 4
150 156 1
151 157 3
152 158 4
153 159 2
154 160 7
155 161 4
156 162 2
157 163 2
158 164 2
159 165 5
159 166 7
159 167 5
160 168 6
161 169 5
162 170 3
162 171 5
163 172 5
164 173 1
165 174 1
166 174 6
167 175 1
168 175 1
169 175 1
170 176 1
171 176 6
172 177 2
173 178 6
173 179 5
174 180 5
174 181 4
174 182 1
174 183 5
175 184 2
175 185 5
175 186 4
176 187 3
176 188 4
176 189 2
177 190 5
178 191 7
179 191 1
180 192 1
181 193 3
182 194 3
183 194 4
184 195 4
185 195 2
186 196 5
187 196 6
188 197 2
189 198 3
190 199 4
191 200 4
192 200 7
193 200 7
194 200 2
195 200 4
196 200 3
197 200 7
198 200 4
199 200 3
