1 2 122
1 3 81
1 4 112
2 5 60
3 6 144
3 7 42
3 8 122
4 9 62
4 10 67
5 11 163
5 12 81
6 13 12
7 14 172
8 15 28
9 16 124
10 17 5
11 18 179
11 19 83
12 20 50
12 21 94
13 22 128
14 23 1
15 24 94
16 25 147
17 26 88
18 27 6
19 28 171
20 29 80
21 30 158
22 31 39
23 31 57
24 32 105
25 33 19
26 34 94
27 35 161
28 36 64
29 37 96
30 38 56
31 38 76
32 38 28
33 39 69
34 39 97
35 40 87
35 41 91
35 42 133
35 43 7
36 44 148
36 45 157
36 46 76
37 47 84
37 48 39
37 49 86
38 50 51
38 51 49
38 52 146
38 53 93
39 54 69
40 55 121
41 55 55
42 56 98
43 57 62
44 57 170
45 58 171
46 58 20
47 58 113
48 59 12
49 60 30
50 60 169
51 61 18
52 62 112
53 62 6
54 62 165
55 63 16
56 64 130
57 65 154
58 65 126
59 66 69
60 67 144
61 67 44
62 68 1
63 69 139
64 70 65
64 71 138
65 72 175
65 73 34
66 74 91
67 75 1
68 76 25
68 77 66
69 78 109
70 79 49
71 80 66
71 81 142
72 82 7
73 83 32
73 84 85
74 85 166
75 86 18
76 87 88
76 88 124
77 89 82
77 90 115
78 91 107
79 92 42
80 93 77
81 94 62
82 94 12
83 95 99
84 95 8
85 96 64
86 97 53
87 98 155
88 98 171
89 99 14
90 99 137
91 100 77
92 100 28
93 100 29
94 100 84
95 100 16
96 100 86
97 100 107
98 100 12
99 100 52
