1 2 16
1 3 35
1 4 54
1 5 60
1 6 9
2 7 66
2 8 69
2 9 41
2 10 9
2 11 74
3 12 22
3 13 26
3 14 32
3 15 10
4 16 16
4 17 42
4 18 16
4 19 70
5 20 31
5 21 14
5 22 25
6 23 26
6 24 59
6 25 71
6 26 65
6 27 59
7 28 65
8 29 40
9 30 47
10 31 58
11 31 8
12 32 56
13 33 33
14 34 69
15 34 11
16 35 22
17 36 20
18 37 73
19 38 68
20 39 21
21 40 9
22 41 6
23 42 57
24 43 10
25 44 23
26 45 67
27 46 42
28 47 50
28 48 36
29 49 62
30 50 61
30 51 25
30 52 6
31 53 64
31 54 78
32 55 2
33 56 63
33 57 59
34 58 48
34 59 33
35 60 5
36 61 27
37 62 59
38 63 47
39 64 23
40 65 23
41 66 70
42 67 7
42 68 1
43 69 1
44 70 13
44 71 44
45 72 41
46 73 73
47 74 62
48 75 79
48 76 4
49 77 58
49 78 65
49 79 69
50 80 71
50 81 72
51 82 59
52 83 70
53 84 39
53 85 17
54 86 3
54 87 12
54 88 27
55 89 34
55 90 30
56 91 13
56 92 38
57 93 55
57 94 50
58 95 2
59 96 78
59 97 63
60 98 11
61 99 51
61 100 13
62 101 18
63 102 18
64 103 31
65 104 57
66 105 13
67 106 73
68 107 62
68 108 60
69 109 73
70 110 63
70 111 23
71 112 74
72 113 72
73 114 35
74 115 53
75 115 58
76 115 41
77 116 20
78 117 55
79 118 22
80 119 57
81 119 50
82 120 53
83 120 58
84 121 48
85 121 1
86 122 30
87 122 57
88 123 7
89 124 65
90 125 34
91 126 22
92 126 24
93 127 56
94 128 76
95 128 42
96 129 9
97 129 56
98 130 55
99 130 42
100 131 39
101 131 76
102 132 76
103 133 38
104 134 50
105 135 35
106 135 5
107 136 15
108 137 73
109 137 9
110 138 11
111 138 61
112 139 32
113 140 12
114 140 51
115 141 31
116 142 39
117 143 11
118 144 16
118 145 12
119 146 44
120 147 22
121 148 45
122 149 62
123 150 14
124 151 27
124 152 66
125 153 57
126 154 5
127 155 43
128 156 78
129 157 74
129 158 43
130 159 61
130 160 58
131 161 7
132 162 75
133 163 61
134 164 43
135 165 62
136 166 47
136 167 3
137 168 23
138 169 51
138 170 14
139 171 26
140 172 24
141 173 49
142 174 15
143 175 60
144 175 74
145 176 16
146 177 5
147 178 51
148 179 54
149 179 9
150 180 63
151 180 55
152 181 68
153 182 11
154 183 2
155 184 43
156 185 24
157 186 11
158 187 5
159 187 14
160 188 16
161 189 49
162 190 25
163 191 58
164 192 19
165 193 79
166 194 20
167 195 7
168 195 73
169 196 12
170 197 53
171 198 14
172 198 3
173 199 71
174 200 60
175 201 42
175 202 24
176 203 72
176 204 47
177 205 5
178 206 45
179 207 4
180 208 22
181 209 14
181 210 61
182 211 77
182 212 72
183 213 38
183 214 60
184 215 3
185 216 39
186 217 53
186 218 30
186 219 65
187 220 45
187 221 67
188 222 49
189 223 34
189 224 69
189 225 60
190 226 77
191 227 39
192 228 39
193 229 55
194 230 7
194 231 73
194 232 71
195 233 23
195 234 21
196 235 69
196 236 42
197 237 77
197 238 67
198 239 9
199 240 17
200 241 25
201 242 64
202 243 40
203 244 3
204 245 48
205 246 18
206 247 48
207 248 21
208 249 26
209 250 40
210 251 48
211 252 27
212 253 35
213 254 58
214 255 1
215 256 44
216 257 26
217 258 55
218 259 30
219 260 47
220 261 42
221 262 35
222 263 21
223 264 66
224 265 58
225 266 68
226 267 75
227 268 46
228 269 13
229 270 58
230 271 56
231 272 61
232 273 33
233 274 29
234 275 23
235 276 74
236 277 55
237 278 32
238 279 53
239 280 29
240 281 9
241 282 75
242 282 45
243 283 28
244 284 75
245 285 55
246 286 46
247 286 77
248 287 71
249 288 59
250 289 6
251 290 2
252 291 15
253 292 47
254 293 75
255 294 65
256 295 26
257 296 14
258 297 17
259 298 35
260 299 29
261 300 59
262 301 79
263 302 64
264 303 16
265 304 73
266 305 12
267 306 11
268 307 20
269 308 65
270 309 47
271 310 14
272 310 27
273 311 15
274 312 16
275 312 20
276 313 35
277 314 43
278 315 31
279 316 67
280 317 26
281 318 63
282 319 51
283 320 73
283 321 43
284 322 49
285 323 20
285 324 35
286 325 57
286 326 77
287 327 12
288 328 7
289 329 16
290 330 57
291 331 70
292 332 75
292 333 30
293 334 2
293 335 71
294 336 9
295 337 79
296 338 18
296 339 14
297 340 27
298 341 52
299 342 73
300 343 29
301 344 19
302 345 31
303 346 39
304 347 30
305 348 33
306 349 46
307 350 46
308 351 46
309 352 31
310 353 3
311 354 11
312 355 78
313 356 2
313 357 12
314 358 4
315 359 53
316 360 47
316 361 24
317 362 32
318 363 48
319 364 20
320 364 59
321 365 12
322 365 5
323 366 49
324 366 68
325 367 56
326 368 61
327 368 34
328 369 16
329 369 33
330 369 52
331 370 44
332 371 10
333 372 65
334 373 18
335 373 42
336 374 8
337 375 50
338 375 5
339 375 74
340 375 58
341 376 45
342 377 62
343 377 2
344 378 1
345 379 32
346 380 48
347 381 20
348 382 43
349 382 14
350 382 72
351 383 6
352 384 9
353 384 23
354 385 7
355 386 18
356 387 49
357 388 20
358 389 63
359 390 49
360 391 53
361 391 35
362 392 12
363 393 26
363 394 13
363 395 41
364 396 26
364 397 57
364 398 36
365 399 68
365 400 56
365 401 46
365 402 2
365 403 5
366 404 40
366 405 44
366 406 10
366 407 26
367 408 39
367 409 44
367 410 56
368 411 61
368 412 76
368 413 72
369 414 15
369 415 65
369 416 17
369 417 53
370 418 72
370 419 35
370 420 26
371 421 66
371 422 75
371 423 4
371 424 39
372 425 55
372 426 13
373 427 11
373 428 56
373 429 22
374 430 21
374 431 59
374 432 32
374 433 6
375 434 69
375 435 79
376 436 61
376 437 56
376 438 41
377 439 5
377 440 74
378 441 36
378 442 15
379 443 53
379 444 43
379 445 66
379 446 74
379 447 2
380 448 42
380 449 56
380 450 55
381 451 10
381 452 29
381 453 55
381 454 44
382 455 21
382 456 66
382 457 11
383 458 67
383 459 9
383 460 36
384 461 40
384 462 66
385 463 26
385 464 40
385 465 34
385 466 27
385 467 32
386 468 13
386 469 69
387 470 41
387 471 12
387 472 33
387 473 13
388 474 70
388 475 24
388 476 50
388 477 26
389 478 55
389 479 30
389 480 4
390 481 65
390 482 73
391 483 29
391 484 47
391 485 74
392 486 30
392 487 49
392 488 2
393 489 21
394 490 74
395 490 34
396 490 32
397 491 9
398 491 55
399 491 72
400 491 28
401 492 28
402 492 70
403 493 60
404 493 79
405 493 11
406 493 66
407 493 35
408 493 60
409 493 5
410 494 29
411 494 69
412 494 37
413 494 71
414 494 51
415 494 44
416 495 27
417 495 42
418 495 53
419 495 40
420 495 65
421 496 54
422 496 27
423 496 38
424 497 42
425 497 54
426 497 39
427 498 1
428 498 4
429 498 76
430 499 7
431 499 16
432 499 47
433 499 61
434 499 47
435 500 40
436 500 32
437 501 5
438 501 7
439 502 61
440 502 17
441 503 68
442 503 75
443 503 47
444 504 14
445 504 79
446 505 11
447 505 22
448 505 41
449 506 2
450 506 53
451 507 30
452 507 58
453 508 67
454 508 38
455 509 61
456 509 10
457 509 3
458 510 6
459 510 76
460 511 19
461 512 18
462 512 68
463 512 13
464 513 74
465 513 10
466 513 27
467 513 55
468 513 68
469 513 35
470 514 68
471 514 55
472 514 52
473 514 6
474 515 77
475 515 54
476 515 65
477 516 31
478 516 24
479 516 1
480 516 55
481 517 55
482 517 40
483 517 66
484 517 79
485 518 1
486 518 54
487 518 41
488 518 33
489 519 34
490 520 48
491 521 74
492 521 53
493 522 40
494 522 63
495 523 24
496 524 16
497 525 76
498 526 54
499 526 75
500 527 4
501 528 11
502 529 33
503 529 67
504 530 79
505 531 15
506 531 14
507 532 37
508 533 17
509 534 25
510 535 52
511 536 63
512 537 71
513 538 36
514 539 29
515 540 38
516 541 16
517 541 66
518 542 63
519 543 3
520 544 40
521 545 23
522 546 53
523 547 51
524 548 48
525 549 73
526 550 56
527 551 11
528 552 2
529 553 24
529 554 24
530 555 59
530 556 76
531 557 77
532 558 42
533 559 57
534 560 74
535 561 57
536 562 51
536 563 41
537 564 60
538 565 18
539 566 41
540 567 23
541 568 45
542 569 24
543 570 40
544 571 77
545 572 4
545 573 63
546 574 47
547 575 76
548 576 9
549 577 71
550 578 74
550 579 1
550 580 6
551 581 38
552 582 27
553 583 3
554 584 20
555 585 46
556 586 41
557 587 28
557 588 50
557 589 27
558 590 39
559 591 78
560 592 74
561 593 64
562 594 38
563 595 68
564 596 37
565 597 32
566 598 11
567 599 49
568 600 9
569 601 46
570 602 76
571 603 70
572 604 40
573 605 49
574 606 65
575 607 9
576 607 20
577 608 4
578 609 45
579 610 47
580 611 37
581 611 53
582 612 72
583 613 36
584 614 47
585 615 32
586 616 15
587 617 47
588 618 41
589 619 33
590 620 73
591 621 79
592 622 7
593 623 74
594 624 15
595 625 28
596 626 26
597 627 17
598 628 1
599 629 62
600 630 2
601 631 14
602 632 72
603 633 26
604 634 69
605 635 16
605 636 73
605 637 13
606 638 44
607 639 50
608 640 35
609 641 68
610 642 21
611 643 75
612 644 37
613 645 45
614 646 37
615 647 72
616 648 21
617 649 4
618 650 35
619 651 60
620 652 39
621 653 35
622 654 18
623 655 43
624 656 58
625 657 62
625 658 3
626 659 76
627 660 64
628 661 75
629 662 29
630 663 60
631 664 69
632 665 12
633 666 67
634 667 36
635 668 21
636 669 2
637 670 11
637 671 68
638 672 1
639 673 72
640 674 41
641 675 59
642 676 61
643 677 69
644 678 30
645 679 11
646 680 32
647 681 58
648 682 71
649 683 54
650 684 79
651 685 22
652 686 70
653 687 37
654 688 47
655 689 35
656 690 34
657 691 17
658 692 3
659 693 2
660 694 37
660 695 51
661 696 2
662 697 26
663 698 37
664 699 75
665 700 9
666 701 56
667 702 20
668 703 7
669 704 15
670 705 68
671 706 62
672 707 76
673 708 10
674 709 74
675 710 5
676 711 49
677 712 22
678 713 59
679 714 67
680 715 79
681 716 66
682 717 73
683 718 73
684 719 77
684 720 10
685 721 54
686 722 76
687 723 12
688 724 29
689 725 39
690 726 74
690 727 38
691 728 20
692 729 56
692 730 21
693 731 10
694 732 79
695 733 79
696 734 47
697 735 2
698 736 16
699 737 52
700 738 79
701 739 2
702 740 72
703 740 60
704 741 9
705 741 49
706 742 54
707 743 2
708 744 75
709 745 9
710 746 78
711 747 55
712 748 40
713 749 31
714 750 9
715 751 55
716 752 57
717 753 41
718 754 6
719 755 26
720 756 34
721 757 62
722 758 6
723 759 10
724 760 1
725 761 76
726 762 65
727 763 41
728 764 53
729 765 76
730 766 64
731 767 35
732 768 51
733 769 40
734 770 35
735 771 5
736 772 28
737 773 13
738 774 78
739 775 10
740 776 64
741 777 69
742 777 24
743 778 37
744 779 72
745 780 11
746 781 40
747 781 53
748 782 26
749 783 69
750 783 68
751 783 66
752 784 17
753 785 34
754 786 55
755 787 55
756 788 15
757 789 57
758 790 32
759 791 25
760 792 22
761 793 73
762 793 18
763 794 53
764 795 3
765 796 15
766 797 10
767 798 74
768 799 32
769 800 55
770 801 38
771 802 67
772 803 12
773 804 15
774 805 13
775 805 54
776 806 12
777 807 1
778 808 46
779 809 4
780 810 34
781 810 73
782 811 57
783 812 57
784 813 61
785 814 15
786 815 76
787 816 30
788 817 31
789 817 71
790 818 10
791 819 37
792 820 44
793 821 45
794 822 13
795 823 64
796 824 17
797 825 17
798 825 12
799 826 56
800 827 66
801 828 60
802 829 10
803 830 51
804 831 19
805 832 68
806 833 50
806 834 69
807 835 12
808 836 47
809 837 60
810 838 43
811 839 2
812 840 21
813 841 59
814 842 46
815 843 12
816 844 79
817 845 78
818 846 36
819 847 41
819 848 45
820 849 44
821 850 61
822 851 43
823 852 18
824 853 18
825 854 2
826 855 7
827 856 60
828 857 10
829 858 70
830 859 30
831 860 78
832 861 66
833 862 57
834 863 10
835 864 71
835 865 21
836 866 17
836 867 44
837 868 23
838 869 62
839 870 13
839 871 15
840 872 43
841 873 10
841 874 57
842 875 8
843 876 73
844 877 4
845 878 3
846 879 20
847 880 18
847 881 4
848 882 2
849 883 12
849 884 79
850 885 2
850 886 36
851 887 4
852 888 1
852 889 62
853 890 39
854 891 42
855 892 44
855 893 69
856 894 11
857 895 60
858 896 7
858 897 74
859 898 7
860 899 76
861 900 68
862 900 5
863 900 27
864 900 42
865 900 43
866 900 55
867 900 42
868 900 9
869 900 55
870 900 9
871 900 57
872 900 43
873 900 33
874 900 24
875 900 45
876 900 50
877 900 21
878 900 72
879 900 8
880 900 29
881 900 6
882 900 56
883 900 3
884 900 61
885 900 20
886 900 40
887 900 19
888 900 13
889 900 22
890 900 59
891 900 72
892 900 63
893 900 40
894 900 51
895 900 37
896 900 78
897 900 73
898 900 27
899 900 38
