1 2 13
1 3 6
1 4 1
1 5 10
2 6 6
2 7 12
2 8 6
3 9 10
3 10 3
3 11 8
3 12 11
4 13 5
4 14 2
4 15 2
5 16 1
5 17 6
5 18 3
5 19 7
6 20 2
7 21 7
8 22 5
8 23 11
9 24 9
10 25 10
11 26 7
12 27 9
13 28 9
14 29 8
15 30 1
16 31 2
16 32 10
16 33 6
17 34 5
18 35 10
19 36 7
19 37 8
19 38 12
20 39 13
21 40 3
22 41 11
23 42 4
23 43 1
24 44 4
25 45 3
26 46 1
27 47 8
28 48 11
28 49 5
29 50 11
30 51 12
31 52 4
32 53 9
33 54 5
34 55 13
35 56 7
36 57 3
37 58 3
37 59 6
38 60 2
39 61 5
40 62 12
41 63 1
42 64 9
43 65 5
44 66 8
45 67 7
46 68 4
47 69 9
48 70 5
49 71 2
50 72 6
51 73 12
52 74 10
53 75 7
54 76 5
55 77 10
56 78 6
57 79 6
58 80 11
59 81 12
59 82 10
60 83 8
61 84 11
62 85 1
63 86 12
64 87 6
65 88 2
66 89 9
67 90 1
68 91 11
69 92 7
70 93 2
71 94 11
71 95 1
72 96 4
73 97 13
74 98 13
75 99 8
76 100 10
77 101 13
77 102 6
78 103 7
79 104 2
80 105 12
81 106 1
82 107 2
83 108 7
84 109 5
84 110 9
84 111 5
84 112 10
85 113 13
85 114 12
85 115 11
85 116 3
86 117 10
86 118 12
87 119 7
87 120 7
87 121 1
88 122 6
88 123 6
88 124 8
89 125 7
89 126 8
89 127 3
90 128 1
90 129 9
91 130 13
91 131 13
91 132 3
92 133 11
93 134 12
93 135 3
93 136 6
94 137 2
94 138 10
95 139 13
95 140 8
95 141 7
95 142 13
96 143 2
97 144 10
98 145 8
99 146 9
100 147 12
100 148 11
100 149 4
100 150 1
101 151 6
102 152 5
102 153 4
103 154 1
104 155 10
104 156 5
104 157 5
104 158 10
105 159 7
105 160 9
106 161 1
107 162 3
107 163 6
108 164 11
109 165 10
110 165 3
111 166 1
112 166 2
113 166 12
114 166 3
115 167 7
116 167 9
117 168 9
118 169 13
119 169 6
120 170 6
121 170 3
122 171 9
123 171 8
124 171 1
125 172 9
126 172 1
127 172 4
128 172 6
129 172 2
130 173 11
131 173 9
132 173 3
133 174 2
134 175 7
135 175 13
136 176 1
137 177 10
138 178 12
139 178 6
140 178 3
141 178 3
142 179 8
143 179 11
144 180 4
145 181 5
146 181 2
147 181 5
148 182 13
149 182 4
150 183 10
151 183 3
152 183 8
153 184 8
154 184 11
155 184 11
156 184 13
157 185 6
158 185 10
159 186 13
160 187 5
161 188 3
162 188 9
163 189 6
164 189 5
165 190 13
166 191 8
167 191 2
168 192 11
169 193 5
170 194 10
171 194 7
172 195 5
173 196 8
174 197 11
175 198 4
176 199 12
177 200 10
178 201 8
179 202 13
180 203 7
181 204 1
182 205 4
183 206 4
184 207 3
185 208 8
186 209 8
187 210 7
188 211 10
189 212 2
190 213 12
191 214 5
192 215 5
193 216 1
194 217 2
195 218 13
196 219 6
197 220 10
197 221 9
198 222 6
199 223 2
200 224 5
201 225 7
202 226 5
203 227 4
204 228 10
205 229 4
206 230 4
207 231 8
208 232 12
209 233 4
210 234 4
211 235 12
212 236 6
213 237 12
214 238 7
215 239 11
216 240 5
217 241 4
218 242 1
219 243 2
220 244 9
221 245 9
222 246 6
223 247 6
224 248 12
225 249 6
226 250 3
227 251 9
228 252 6
229 253 11
230 254 10
231 255 10
232 256 3
233 257 4
234 258 3
235 259 4
236 260 13
237 261 7
238 262 12
239 263 13
240 264 6
241 265 8
242 266 9
243 267 13
244 268 6
245 269 7
246 270 4
247 270 1
248 271 11
249 271 13
250 272 1
251 273 7
252 274 12
253 275 7
254 276 7
255 277 1
256 278 7
257 279 12
258 279 9
259 280 7
260 281 13
261 282 11
262 283 12
263 283 12
264 284 1
265 285 10
266 286 1
267 286 3
268 287 11
269 288 4
270 289 12
271 290 3
272 291 8
273 291 6
274 292 1
275 293 12
276 294 13
277 295 10
278 296 7
279 297 11
280 298 5
281 299 12
282 300 2
283 300 4
284 300 1
285 300 11
286 300 2
287 300 1
288 300 5
289 300 11
290 300 13
291 300 9
292 300 6
293 300 10
294 300 8
295 300 2
296 300 11
297 300 8
298 300 1
299 300 2
