1 2 61
1 3 36
1 4 49
2 5 55
2 6 32
2 7 31
2 8 7
2 9 51
3 10 34
3 11 8
3 12 76
3 13 2
4 14 9
4 15 73
4 16 1
5 17 59
6 17 47
7 18 19
8 19 11
9 20 3
10 21 42
11 22 47
12 23 5
13 24 27
14 24 77
15 25 52
16 26 77
17 27 78
18 28 57
19 29 59
20 30 36
21 31 3
22 32 37
22 33 53
23 34 68
24 35 12
25 36 70
26 37 9
26 38 45
27 39 45
28 40 5
28 41 11
29 42 3
29 43 44
30 44 40
30 45 61
31 46 65
32 47 47
33 48 34
34 49 48
35 50 72
36 51 62
37 52 53
37 53 6
38 54 6
38 55 28
39 56 2
40 57 28
41 57 24
42 58 24
43 58 61
44 59 76
45 59 41
46 59 64
47 60 6
48 61 31
49 61 27
50 62 49
51 63 4
52 63 61
53 64 62
54 64 63
55 65 61
56 66 61
57 67 34
58 68 49
59 69 56
60 70 44
61 71 53
62 72 27
62 73 6
62 74 62
62 75 19
63 76 60
64 77 57
65 78 63
66 79 28
67 79 55
68 80 78
69 81 55
70 82 18
71 83 24
72 84 34
73 85 17
74 86 37
75 87 6
76 88 22
77 89 31
78 90 23
79 91 12
80 92 2
80 93 62
81 94 17
81 95 61
82 96 13
82 97 48
82 98 55
83 99 2
83 100 33
84 101 76
85 102 29
85 103 42
86 104 14
87 105 12
88 106 23
89 107 47
90 108 72
91 109 34
92 110 49
93 111 35
94 112 23
95 112 63
96 113 1
97 114 4
98 114 44
99 115 31
100 116 40
101 117 53
102 118 47
103 119 78
104 120 62
105 120 16
106 120 21
107 121 12
108 121 11
109 122 16
110 123 31
111 124 37
112 125 48
113 126 76
114 127 23
115 128 62
116 129 63
117 130 15
117 131 78
117 132 18
118 133 44
119 134 21
119 135 78
120 136 70
120 137 61
121 138 62
122 139 8
123 140 39
124 141 37
125 142 22
126 143 25
127 144 12
127 145 70
128 146 79
129 147 6
130 148 43
130 149 23
131 150 18
131 151 15
132 152 3
132 153 66
133 154 27
134 155 27
134 156 71
135 157 70
136 158 79
137 159 73
138 160 59
139 161 9
140 162 75
141 163 78
142 163 77
143 164 30
144 165 19
145 165 69
146 166 13
147 167 73
148 168 32
149 168 38
150 169 51
151 170 31
152 171 45
153 171 60
154 172 8
155 173 32
156 173 46
157 173 43
158 174 30
159 175 50
160 175 66
161 176 51
162 177 29
163 178 59
164 179 27
165 179 61
166 180 52
167 181 4
168 182 47
169 183 4
170 184 60
171 184 77
172 184 61
173 184 73
174 185 33
175 185 75
176 186 20
177 187 60
178 188 32
178 189 12
179 190 58
180 191 43
181 192 8
181 193 41
182 194 41
183 195 37
184 196 40
185 197 36
186 198 40
187 199 63
188 199 15
189 200 61
190 201 74
191 202 68
192 202 57
193 203 52
194 204 56
195 205 69
196 206 1
197 207 20
198 208 37
199 209 42
199 210 23
200 211 16
200 212 46
201 213 27
202 214 5
203 215 60
204 216 11
205 217 28
205 218 27
206 219 52
207 220 15
208 221 31
209 222 77
210 223 47
211 224 71
212 225 26
213 226 62
214 227 56
215 228 76
216 229 64
217 230 3
218 231 24
219 232 9
220 233 64
221 234 22
222 235 16
223 236 20
224 237 43
225 238 56
226 239 34
227 240 33
228 240 24
229 241 23
230 242 30
231 243 66
232 244 45
233 244 37
234 245 70
235 246 42
236 247 75
237 248 70
237 249 1
238 250 4
238 251 45
239 252 10
240 253 19
241 254 79
242 255 3
242 256 21
243 257 4
243 258 28
244 259 10
245 260 78
246 261 43
247 262 37
248 262 10
249 263 11
250 264 5
251 264 40
252 265 26
253 266 18
254 266 6
255 266 22
256 267 42
257 267 34
258 268 26
259 269 18
260 270 55
261 271 14
262 272 70
263 273 64
263 274 43
263 275 43
264 276 25
265 277 74
265 278 36
265 279 51
266 280 45
267 281 65
267 282 33
267 283 2
268 284 53
268 285 53
268 286 23
268 287 65
268 288 18
269 289 57
270 290 18
271 290 39
272 291 14
273 291 19
274 291 64
275 292 50
276 292 42
277 292 54
278 293 23
279 294 62
280 295 49
281 295 5
282 295 67
283 296 14
284 296 23
285 296 15
286 297 73
287 298 66
288 298 52
289 299 34
290 300 75
291 300 17
292 300 19
293 300 3
294 300 66
295 300 15
296 300 13
297 300 1
298 300 24
299 300 12
