5 3 1 6 5 0 6 5
3 14 6 22 15 17 23 15
4 7 8 5 3 3 2 0
20 3 2 13 20 24 8 20
6 8 12 6 0 2 3 9
3 4 11 6 19 1 3 5
12 4 3 7 10 0 11 6
9 4 9 6 4 8 7 2
0 0 0 2 2 2 1 1
8 10 3 0 3 11 11 6
8 4 6 5 4 3 8 0
3 0 10 11 4 9 1 3
1 8 12 6 16 1 3 10
6 11 12 9 3 5 5 3
0 7 11 6 2 0 4 8
6 18 12 9 8 2 6 0
15 4 1 13 5 17 9 18
18 2 7 16 16 6 20 16
11 8 4 6 13 14 8 0
5 6 2 1 3 8 8 6
15 3 7 5 4 0 12 6
1 2 2 4 1 0 3 1
7 10 10 10 4 7 7 0
13 10 12 4 8 14 2 7
0 1 11 10 1 2 5 12
2 6 6 1 5 0 2 1
16 6 9 12 21 9 12 14
0 7 4 0 0 8 12 2
4 3 3 4 1 4 4 1
6 5 0 0 6 3 0 1
10 3 8 6 10 3 14 4
5 3 0 7 6 3 6 6
3 0 0 3 2 1 4 0
10 1 2 2 14 2 0 2
15 18 15 12 10 12 1 2
1 6 9 8 1 2 1 8
3 4 0 3 4 4 3 7
12 22 20 15 6 13 23 0
12 6 3 10 9 8 7 12
14 2 17 22 17 13 10 21
1 0 2 8 4 1 14 10
7 11 0 11 16 13 3 5
10 11 10 3 4 10 6 7
8 4 10 5 6 6 7 6
5 3 4 3 1 5 6 7
15 0 18 16 15 5 9 1
1 6 11 13 5 6 3 14
18 20 11 7 6 15 13 13
7 1 3 0 6 10 6 8
12 3 6 2 12 3 4 9
13 9 12 2 10 9 4 12
6 6 3 2 5 1 2 8
2 6 3 0 6 6 1 8
1 8 0 1 0 5 4 5
8 10 10 4 10 2 10 2
10 5 2 2 9 12 3 6
1 1 0 0 1 0 2 2
3 1 0 1 3 1 2 3
7 14 1 5 10 8 5 8
3 2 14 13 6 1 13 10
2 5 2 13 1 6 0 12
1 15 14 12 18 12 4 11
9 4 13 4 6 3 8 3
0 2 0 2 2 0 0 2
11 13 11 13 0 8 12 3
0 8 3 8 5 4 8 5
0 1 2 2 1 1 1 1
4 7 5 2 8 8 6 0
5 9 21 10 3 5 10 4
7 2 5 4 4 0 2 7
3 5 11 1 11 7 3 4
1 1 3 3 1 2 1 2
17 1 19 0 10 1 4 11
1 6 1 3 5 5 2 1
2 10 8 12 2 0 10 5
3 3 3 4 3 0 0 6
4 8 14 11 4 8 10 3
2 1 2 1 0 0 2 2
7 4 1 4 8 6 5 3
0 5 5 0 4 3 1 5
7 13 5 12 11 8 10 7
5 3 7 9 7 1 6 8
0 1 0 3 0 1 2 4
17 14 7 16 11 23 15 1
0 1 2 1 1 0 0 1
0 1 2 0 4 0 2 3
19 10 13 12 15 7 8 16
0 7 2 5 0 6 3 4
12 5 14 10 13 0 13 5
11 17 4 11 8 0 17 8
9 16 2 5 8 16 16 0
5 0 2 2 2 3 3 6
15 2 12 1 7 18 9 10
7 7 9 9 7 3 13 3
6 17 16 11 16 11 16 11
8 1 4 10 0 3 8 4
4 1 7 6 3 10 1 7
2 2 0 6 10 7 7 12
0 10 0 7 6 10 6 10
5 1 2 7 3 7 2 7
18 23 6 14 21 22 14 21
1 2 1 3 4 1 6 6
0 2 2 1 1 1 1 1
2 1 3 2 5 8 2 0
2 4 2 2 1 1 4 2
1 1 0 0 2 1 1 1
2 0 1 0 0 2 2 2
10 9 3 5 6 6 9 9
11 18 1 15 17 12 5 4
2 17 14 11 13 13 15 6
11 2 13 7 0 7 7 8
4 14 16 16 0 6 13 3
0 5 4 1 0 6 1 0
4 0 3 2 6 5 6 5
2 0 0 2 0 0 2 0
6 12 0 2 12 12 8 9
1 3 0 0 2 3 4 2
0 6 8 11 13 3 14 23
3 3 10 8 15 6 14 13
10 13 17 17 7 1 5 3
15 12 14 16 8 12 15 22
14 15 10 10 0 14 0 7
0 4 8 10 6 9 6 10
7 8 12 9 6 0 6 8
4 9 20 14 16 4 0 3
11 15 13 4 2 18 9 0
18 20 16 0 16 6 19 9
15 4 5 11 5 3 10 6
1 1 1 2 1 1 2 2
0 0 1 0 2 1 2 2
1 0 1 6 5 0 1 9
18 8 8 2 3 10 18 10
8 9 8 6 0 6 3 11
19 10 3 24 12 24 16 9
2 5 2 5 0 2 3 3
15 13 13 10 15 3 13 2
6 10 7 9 9 8 7 0
10 11 11 6 22 6 7 18
13 7 13 10 1 10 0 4
18 13 15 3 11 10 21 11
18 14 6 16 8 1 4 20
10 7 10 9 7 3 14 6
20 20 0 9 14 13 8 9
5 20 3 1 13 13 5 5
3 0 6 1 0 5 5 1
3 13 13 1 12 9 9 13
1 8 12 5 12 0 10 2
1 2 8 1 5 7 6 4
0 3 6 7 7 1 7 3
7 5 3 7 1 3 6 7
1 18 2 5 11 9 7 14
11 4 16 10 12 17 4 4
5 2 12 7 1 12 3 4
7 8 15 0 9 10 8 11
16 11 12 5 0 4 10 17
0 0 0 1 1 0 2 0
3 8 14 10 7 12 2 11
4 4 3 2 1 1 1 2
0 5 0 5 2 5 2 2
12 1 9 6 3 4 8 3
3 4 0 0 2 6 0 3
5 7 2 4 0 3 7 9
1 2 2 0 2 0 0 2
12 16 14 9 10 13 12 10
13 11 1 9 14 17 1 0
12 12 14 7 0 9 5 7
3 8 7 2 2 3 4 6
12 13 9 12 10 6 11 1
0 8 15 1 7 14 12 2
12 5 6 11 6 8 12 8
6 5 3 4 6 3 6 0
19 19 12 13 16 2 1 11
1 0 3 1 5 4 2 3
1 0 0 2 1 2 0 1
5 0 3 13 4 6 16 3
2 0 1 1 1 2 2 1
16 12 16 0 9 16 3 8
11 13 13 4 13 8 0 0
5 1 4 5 3 2 2 3
6 1 2 6 1 1 6 0
11 16 17 2 17 6 9 4
13 14 13 12 2 6 9 6
0 21 4 16 7 23 2 11
0 2 1 0 1 1 2 1
6 12 0 8 6 13 6 16
11 19 12 18 21 5 17 20
2 8 0 7 12 11 10 0
13 19 8 10 5 14 1 15
13 8 5 10 7 7 4 5
10 9 3 0 1 2 6 7
2 2 8 4 6 3 7 1
1 4 5 2 5 5 0 1
4 0 4 0 1 4 4 1
10 7 23 8 0 4 8 1
11 10 0 5 17 15 13 8
1 10 3 1 10 5 11 5
1 8 10 4 7 2 5 4
9 1 12 15 18 10 4 10
13 11 9 6 16 3 16 14
14 11 6 1 16 9 9 9
3 6 5 6 6 4 4 2
7 3 13 12 13 18 11 16
4 1 4 0 5 4 6 6
0 3 1 2 0 5 1 2
1 3 1 1 1 3 6 5
18 7 18 22 16 5 0 0
2 8 5 3 2 0 1 3
8 6 10 10 16 9 15 11
2 3 0 3 3 0 0 3
0 0 3 3 0 2 4 4
12 15 14 10 0 12 15 4
3 1 6 1 5 1 1 5
14 20 20 1 14 7 12 18
3 7 4 0 2 4 5 3
3 6 7 2 4 0 3 1
11 2 5 22 16 7 19 15
0 2 2 1 4 3 2 1
6 0 5 4 2 7 3 3
10 1 2 13 1 14 2 0
20 11 15 12 10 4 5 0
0 1 2 4 1 2 1 0
2 0 1 3 3 1 3 4
18 15 8 15 21 17 12 11
5 9 14 0 13 4 6 17
11 14 1 6 2 4 10 5
8 3 8 6 0 12 4 9
1 1 0 0 2 1 0 2
1 5 0 4 1 5 0 6
0 1 0 5 6 4 2 6
2 1 2 0 2 1 0 0
13 11 3 4 0 1 14 11
2 2 3 3 7 5 6 5
14 15 4 14 6 1 17 21
14 1 0 2 9 1 15 4
4 4 8 2 0 6 6 8
0 3 2 0 0 4 6 7
5 3 8 5 7 0 0 7
6 7 9 0 3 5 1 9
5 7 5 4 0 0 6 2
7 15 2 3 3 1 14 1
2 0 4 2 4 3 1 2
3 0 1 1 4 0 4 3
16 2 18 18 3 1 15 17
15 22 15 5 24 22 9 19
20 18 5 0 15 6 17 24
14 3 24 4 24 3 18 8
9 3 8 10 10 8 0 4
1 6 2 1 3 1 1 2
11 3 6 7 4 1 11 3
1 0 0 1 1 1 2 1
3 6 3 5 3 2 0 5
2 15 16 11 9 4 14 13
5 8 10 3 8 1 1 0
16 3 7 13 13 11 5 16
2 9 0 0 9 2 0 6
4 2 0 1 3 2 3 3
1 2 6 15 4 18 9 14
6 4 0 2 5 0 0 7
4 1 2 5 1 4 9 1
1 2 0 2 0 0 0 2
0 5 4 0 6 5 1 2
2 0 2 0 2 0 1 0
0 9 3 4 3 0 9 0
20 16 8 6 17 17 19 21
4 21 5 23 8 19 0 15
0 11 2 13 14 10 10 12
3 3 1 5 2 6 5 6
1 8 6 11 6 5 14 7
2 3 8 1 5 1 5 2
8 11 14 12 6 10 1 12
4 3 13 0 4 13 4 1
10 4 5 9 2 0 9 4
6 2 4 6 7 6 7 9
9 0 8 11 15 5 2 5
7 4 0 6 3 10 1 5
19 10 22 8 1 13 4 18
2 5 0 6 2 6 5 4
5 11 8 0 13 12 14 8
10 12 11 4 1 7 11 6
2 22 4 21 16 6 20 1
6 3 4 4 7 8 2 0
3 4 1 0 5 0 5 3
12 19 2 13 9 3 17 20
2 3 3 3 2 3 1 2
7 6 1 8 8 5 1 6
5 6 6 5 2 3 3 5
13 12 10 16 7 2 10 14
3 5 7 3 3 1 6 5
2 1 3 4 1 3 0 3
2 15 3 4 9 0 11 3
5 1 2 8 2 1 5 6
10 12 3 9 2 2 4 4
18 7 5 5 13 11 12 15
0 2 3 0 1 4 1 0
2 2 0 1 2 0 0 0
9 12 5 13 2 7 14 7
1 12 11 6 2 7 8 0
1 4 2 0 0 0 3 1
1 0 1 1 0 0 1 0
3 0 11 14 2 13 0 10
