1 2 2
1 3 2
1 4 2
2 5 3
2 6 2
2 7 3
3 8 1
3 9 1
3 10 3
3 11 3
4 12 2
4 13 3
5 14 3
5 15 1
5 16 3
6 17 2
6 18 1
6 19 1
7 20 3
8 21 1
8 22 1
9 23 1
9 24 2
10 25 3
11 26 2
11 27 2
12 28 3
12 29 2
13 30 3
14 31 2
15 31 3
16 32 3
17 33 1
18 33 3
19 34 1
20 34 1
21 34 1
22 34 2
23 35 2
24 35 2
25 36 2
26 37 1
27 38 3
28 38 3
29 38 2
30 38 2
31 39 2
32 40 1
33 41 3
34 42 2
34 43 2
35 44 2
36 45 2
37 46 3
37 47 1
38 48 3
38 49 1
38 50 2
39 51 2
40 52 3
41 53 3
42 54 3
43 55 3
44 56 1
45 57 2
46 58 3
47 59 3
48 60 3
49 61 2
50 61 3
51 62 1
52 63 3
53 64 2
54 65 1
55 66 1
56 67 2
57 68 3
57 69 2
58 70 1
59 71 1
60 72 3
60 73 3
60 74 2
61 75 1
62 76 1
63 77 2
64 78 3
65 78 3
66 79 3
67 80 1
68 81 3
69 82 3
70 83 2
71 83 3
72 84 1
73 84 1
74 85 2
75 85 2
76 86 2
77 86 1
78 87 2
79 88 3
80 88 1
81 88 2
82 89 2
83 90 3
84 91 1
85 91 1
86 92 3
86 93 1
86 94 3
86 95 2
87 96 3
88 97 3
89 98 2
90 99 1
91 100 1
92 101 3
93 102 2
94 103 3
95 104 1
96 105 1
96 106 3
97 107 1
98 108 3
99 109 3
100 110 3
101 111 2
102 111 2
103 112 3
104 113 2
105 113 2
106 113 1
107 114 3
108 115 3
109 115 2
110 115 2
111 116 3
112 117 3
113 118 3
114 119 1
114 120 3
114 121 2
114 122 2
115 123 3
116 124 2
116 125 2
117 126 1
117 127 1
118 128 1
119 129 2
119 130 1
119 131 1
119 132 1
120 133 1
120 134 2
121 135 1
121 136 2
122 137 3
122 138 3
122 139 2
122 140 3
123 141 2
124 142 2
125 143 2
126 144 3
127 144 3
128 144 3
129 145 1
130 145 2
131 146 1
132 147 2
133 148 3
134 149 3
135 149 3
136 150 2
137 151 3
138 151 3
139 152 3
140 152 1
141 153 2
142 154 2
142 155 3
143 156 2
144 157 1
144 158 2
144 159 3
145 160 2
146 161 1
147 162 2
148 163 3
148 164 3
149 165 3
150 166 1
151 167 3
152 168 3
153 169 3
153 170 3
154 171 1
155 172 3
155 173 2
156 174 1
156 175 2
157 176 3
158 177 2
159 178 3
159 179 1
160 180 2
161 181 1
161 182 3
162 183 2
163 184 3
163 185 1
164 186 1
164 187 3
165 188 2
165 189 3
165 190 1
166 191 2
166 192 3
166 193 1
167 194 3
167 195 1
168 196 3
168 197 2
169 198 1
170 199 1
171 200 2
172 201 2
173 201 1
174 202 2
175 202 3
176 203 3
177 203 2
178 204 1
179 204 1
180 205 2
181 205 2
182 205 2
183 206 2
184 206 2
185 206 1
186 207 3
187 207 3
188 207 2
189 207 3
190 207 1
191 207 2
192 208 1
193 208 3
194 208 2
195 209 3
196 209 2
197 210 3
198 210 3
199 210 3
200 211 3
201 212 2
202 213 3
203 214 1
203 215 2
204 216 2
205 217 2
206 218 1
207 219 3
208 220 1
209 221 2
210 222 2
211 223 2
212 224 2
213 224 3
214 225 1
215 226 1
216 227 2
217 228 2
218 229 1
219 230 2
220 231 1
221 232 2
222 232 3
223 233 2
224 234 1
224 235 2
225 236 3
225 237 1
225 238 1
226 239 2
226 240 3
227 241 1
228 242 3
229 243 3
229 244 3
230 245 2
230 246 2
231 247 2
232 248 1
233 249 2
234 250 1
235 251 1
236 252 2
237 253 2
238 254 2
239 255 3
240 256 2
241 257 1
242 258 2
243 259 2
243 260 3
244 261 2
245 262 3
246 263 1
247 264 1
248 265 3
249 266 2
250 267 1
251 268 1
252 269 3
253 270 1
254 271 2
255 272 3
256 273 3
257 274 3
258 275 3
259 276 3
260 277 1
261 278 1
262 278 2
263 278 1
264 279 3
265 279 3
266 280 3
267 281 2
268 282 1
269 283 3
270 283 2
271 284 1
272 285 3
273 286 1
274 287 1
275 288 3
276 288 3
277 289 2
278 289 3
279 289 3
280 290 1
281 291 3
282 292 3
283 293 1
283 294 1
283 295 1
284 296 1
284 297 2
285 298 2
286 299 1
287 300 3
288 301 3
288 302 1
289 303 3
290 304 2
291 304 3
292 305 2
293 305 3
294 306 3
295 306 3
296 306 3
297 306 3
298 307 2
299 307 1
300 308 1
301 308 3
302 308 1
303 308 3
304 309 1
304 310 2
304 311 3
304 312 3
305 313 3
305 314 3
305 315 3
305 316 1
306 317 3
306 318 2
306 319 2
307 320 1
307 321 1
307 322 1
308 323 1
308 324 3
308 325 1
308 326 2
309 327 1
310 327 1
311 328 2
312 329 2
313 329 3
314 330 2
315 331 1
316 332 1
317 332 3
318 333 3
319 333 1
320 333 1
321 334 1
322 334 1
323 335 2
324 335 2
325 336 2
326 337 1
327 338 1
328 339 1
329 340 3
330 341 1
331 342 3
332 343 1
333 344 3
334 345 3
335 346 2
336 346 3
337 346 2
338 347 1
338 348 2
339 349 3
339 350 3
340 351 1
340 352 1
340 353 3
341 354 2
342 355 1
342 356 3
342 357 2
343 358 1
343 359 1
343 360 3
343 361 3
344 362 2
345 363 3
345 364 2
346 365 2
346 366 2
346 367 1
346 368 2
347 369 1
348 369 1
349 370 1
350 370 1
351 371 1
352 371 3
353 372 3
354 372 3
355 373 2
356 373 1
357 374 1
358 375 3
359 376 1
360 376 3
361 377 2
362 378 1
363 378 3
364 379 2
365 379 1
366 379 3
367 380 2
368 381 3
369 382 1
369 383 3
370 384 3
370 385 3
371 386 1
371 387 1
372 388 1
372 389 1
373 390 2
374 391 2
375 392 3
376 393 3
376 394 1
377 395 1
378 396 2
379 397 3
380 398 1
381 399 3
382 400 3
383 400 2
384 400 2
385 400 1
386 400 1
387 400 1
388 400 1
389 400 3
390 400 1
391 400 2
392 400 2
393 400 2
394 400 2
395 400 2
396 400 1
397 400 2
398 400 2
399 400 2
