1 2 2
1 3 2
1 4 2
2 5 2
2 6 2
2 7 2
2 8 2
2 9 3
3 10 1
3 11 3
3 12 3
3 13 3
3 14 2
4 15 1
4 16 3
5 17 1
6 18 3
7 19 2
7 20 1
8 21 1
9 22 3
10 23 2
10 24 1
11 25 1
12 26 2
12 27 3
13 28 3
14 29 1
15 30 1
15 31 3
16 32 3
16 33 1
17 34 3
18 35 1
19 35 1
20 35 3
21 36 1
22 37 1
23 38 2
24 39 1
25 40 3
26 41 3
27 42 2
28 42 3
29 43 3
30 43 3
31 44 1
32 44 3
33 45 1
34 46 2
35 47 1
36 48 3
37 49 3
38 50 1
39 51 3
40 52 1
41 53 3
42 54 3
43 55 1
44 56 1
45 57 3
46 58 2
47 59 2
48 60 2
49 61 3
50 62 3
51 63 1
52 64 1
53 65 2
54 66 1
55 67 3
55 68 1
56 69 3
57 70 1
58 71 1
59 72 3
60 73 2
61 74 3
62 75 1
63 76 3
64 77 2
65 78 2
66 79 1
67 80 1
68 81 2
69 82 1
70 83 2
71 84 3
72 85 1
72 86 2
73 87 2
74 88 3
75 89 3
76 90 2
77 91 1
78 92 3
79 93 3
79 94 3
80 95 3
81 96 3
81 97 3
82 98 3
83 99 1
84 100 3
85 100 1
86 100 1
87 101 1
88 101 3
89 102 3
90 103 2
91 103 1
92 104 3
93 105 2
94 106 2
95 107 2
96 108 2
97 109 3
98 109 3
99 110 1
100 111 1
101 112 2
102 113 3
103 114 1
104 115 1
104 116 2
105 117 2
106 118 2
107 119 2
108 120 1
108 121 2
109 122 1
110 123 3
111 124 2
112 125 3
113 125 3
114 125 1
115 126 1
116 126 1
117 126 2
118 127 1
119 127 2
120 127 1
121 128 1
122 129 1
123 129 1
124 130 1
125 131 3
125 132 3
125 133 1
126 134 2
126 135 1
126 136 3
127 137 3
128 138 2
128 139 3
128 140 3
128 141 3
129 142 1
129 143 3
130 144 3
131 145 2
132 146 3
133 147 3
134 148 1
135 149 2
136 150 3
137 151 1
138 152 2
139 153 3
140 154 2
141 154 3
142 155 2
143 155 1
144 156 1
145 157 3
146 158 3
147 158 1
148 158 2
149 159 2
150 160 3
151 161 3
152 162 1
153 163 1
154 164 3
155 165 2
156 166 2
157 167 1
158 168 2
159 169 2
160 170 2
161 171 2
162 172 3
163 173 2
164 174 3
165 175 3
166 176 1
166 177 2
167 178 2
167 179 3
167 180 3
168 181 2
169 182 2
170 183 3
170 184 1
170 185 2
171 186 2
172 187 1
173 188 2
174 189 1
175 190 2
176 191 3
177 191 1
178 191 3
179 192 3
180 193 3
181 194 2
182 195 1
183 195 3
184 196 3
185 196 3
186 197 3
187 197 3
188 198 1
189 199 3
190 199 1
191 200 3
191 201 1
192 202 1
193 203 1
193 204 2
194 205 3
194 206 3
195 207 3
195 208 1
195 209 3
196 210 1
197 211 1
197 212 3
198 213 1
199 214 2
199 215 2
200 216 3
201 217 2
202 217 2
203 218 1
204 219 1
205 220 1
206 221 3
207 222 3
208 223 1
209 224 1
210 225 1
211 226 1
212 227 1
213 228 2
214 228 2
215 229 1
216 230 1
217 231 1
218 232 3
219 233 1
220 234 3
221 235 1
222 236 1
223 237 1
224 238 3
225 239 2
226 240 1
227 241 1
228 242 3
229 243 1
230 244 1
230 245 2
230 246 2
231 247 2
231 248 3
231 249 3
231 250 1
232 251 1
232 252 1
233 253 2
234 254 1
234 255 1
234 256 1
235 257 2
235 258 1
235 259 3
236 260 2
237 261 2
237 262 1
237 263 3
238 264 2
238 265 2
238 266 1
238 267 3
238 268 2
239 269 2
239 270 3
239 271 1
240 272 2
240 273 2
240 274 2
240 275 1
240 276 2
241 277 1
241 278 3
241 279 1
241 280 3
242 281 1
242 282 2
242 283 2
243 284 3
243 285 3
243 286 3
244 287 2
245 287 2
246 287 1
247 287 2
248 287 1
249 287 1
250 287 2
251 287 3
252 288 2
253 288 1
254 288 1
255 288 3
256 288 1
257 289 3
258 289 2
259 289 1
260 289 3
261 289 3
262 290 2
263 290 2
264 290 2
265 291 1
266 291 1
267 292 2
268 292 1
269 292 3
270 292 1
271 292 3
272 293 3
273 293 1
274 294 1
275 294 3
276 294 3
277 294 1
278 294 2
279 295 2
280 295 1
281 295 2
282 295 1
283 295 2
284 296 2
285 296 2
286 296 1
287 297 3
288 298 1
289 299 3
290 300 3
291 301 3
292 302 1
293 302 3
294 303 2
295 304 2
296 305 2
297 306 1
298 307 3
299 308 2
300 309 2
301 310 1
301 311 1
302 312 2
303 313 2
304 314 3
305 315 1
306 316 3
307 317 3
308 317 1
309 318 3
310 318 3
311 319 1
312 320 1
313 321 3
314 321 1
315 322 3
316 323 2
317 324 2
317 325 1
318 326 1
319 327 1
320 328 1
321 329 2
322 330 2
322 331 1
322 332 1
323 333 1
324 334 1
325 334 1
326 335 1
327 336 3
328 337 3
329 338 2
330 339 2
331 340 1
332 341 3
333 342 2
334 343 3
334 344 2
335 345 3
336 346 1
337 347 3
338 348 3
339 349 1
339 350 2
339 351 3
340 352 2
340 353 2
340 354 2
341 355 2
342 356 1
343 356 2
344 357 1
345 357 3
346 358 2
347 359 3
348 360 3
349 360 1
350 361 3
351 361 2
352 362 2
353 363 2
354 364 3
355 364 2
356 365 3
356 366 2
357 367 2
358 368 1
359 369 2
359 370 3
360 371 2
360 372 2
360 373 1
361 374 3
362 375 3
363 376 1
364 377 1
364 378 2
364 379 2
364 380 3
365 381 1
366 381 1
367 381 1
368 381 2
369 381 3
370 381 2
371 381 1
372 382 1
373 382 1
374 383 1
375 383 2
376 383 3
377 384 1
378 384 3
379 384 2
380 384 1
381 385 1
381 386 1
381 387 2
381 388 1
382 389 2
383 390 1
384 391 3
384 392 1
385 393 1
385 394 1
386 395 3
387 396 1
387 397 1
387 398 1
388 399 3
388 400 3
388 401 1
389 402 1
390 403 2
390 404 2
390 405 3
391 406 3
392 407 3
393 408 2
394 409 3
395 410 1
396 411 1
397 412 3
398 413 3
399 414 3
400 414 1
401 415 3
402 415 3
403 416 3
404 417 3
405 418 3
406 419 1
407 420 2
408 421 1
409 422 3
410 423 1
411 424 2
412 424 1
413 425 3
414 426 3
415 427 2
416 428 3
417 429 2
418 430 3
419 431 2
420 431 1
421 432 2
422 433 3
423 434 2
424 435 3
424 436 3
425 437 2
425 438 1
426 439 3
427 440 3
427 441 3
428 442 1
428 443 1
429 444 3
430 445 3
430 446 3
431 447 2
432 448 3
433 448 2
434 449 3
435 449 2
436 450 1
437 450 1
438 451 3
439 452 3
440 452 3
441 452 1
442 453 2
443 454 2
444 455 3
445 456 3
446 457 2
447 458 1
448 459 3
449 460 1
450 461 2
450 462 1
451 463 3
451 464 1
452 465 2
452 466 3
453 467 1
453 468 2
454 469 2
454 470 1
455 471 2
456 472 3
457 473 3
458 474 1
459 475 2
460 475 1
461 476 3
462 476 3
463 476 3
464 477 3
465 478 2
466 478 3
467 478 1
468 478 3
469 479 2
470 479 3
471 480 1
472 480 2
473 480 1
474 480 3
475 481 2
475 482 2
475 483 1
476 484 2
477 485 3
477 486 3
477 487 3
478 488 1
479 489 1
480 490 1
481 491 1
482 492 2
483 493 2
484 494 2
485 495 1
486 496 2
487 497 3
488 498 1
489 498 1
490 499 1
491 500 2
492 500 1
493 500 2
494 500 3
495 500 2
496 500 3
497 500 2
498 500 2
499 500 3
