1 2 1
1 3 7
1 4 7
1 5 5
2 6 2
2 7 6
2 8 2
2 9 7
3 10 3
3 11 4
3 12 5
3 13 7
4 14 2
4 15 3
4 16 5
5 17 6
5 18 1
5 19 6
5 20 6
5 21 2
6 22 7
7 23 7
8 24 3
9 25 7
10 26 2
10 27 7
11 28 4
11 29 3
12 30 7
13 31 6
13 32 2
14 33 3
15 34 5
15 35 6
16 36 6
17 37 2
18 38 3
19 39 6
19 40 2
20 41 3
21 42 6
22 43 1
23 43 7
24 44 2
25 45 5
26 46 7
27 47 2
28 47 6
29 48 7
30 48 6
31 49 6
32 50 4
33 50 2
34 51 1
35 51 2
36 51 4
37 52 4
38 52 1
39 52 1
40 53 5
41 54 2
42 55 7
43 56 1
44 57 7
45 58 4
46 59 5
46 60 1
47 61 7
48 62 7
49 63 5
49 64 3
50 65 7
50 66 2
50 67 3
50 68 3
51 69 7
52 70 3
53 71 5
53 72 4
54 73 4
54 74 1
55 75 4
55 76 6
56 77 1
57 78 1
58 78 6
59 79 6
60 80 3
61 80 5
62 80 7
63 80 7
64 81 7
65 81 3
66 81 2
67 82 5
68 82 1
69 82 6
70 83 4
71 83 6
72 84 6
73 84 3
74 84 2
75 85 7
76 85 2
77 86 7
78 87 7
79 88 6
79 89 5
79 90 3
80 91 2
80 92 3
81 93 7
82 94 6
83 95 6
84 96 3
84 97 6
85 98 7
86 99 6
87 100 5
88 101 2
89 102 2
89 103 7
89 104 5
90 105 5
91 106 2
92 107 4
92 108 4
92 109 1
93 110 4
94 111 3
94 112 6
94 113 2
95 114 1
95 115 7
96 116 5
97 117 5
98 118 4
99 119 7
100 120 5
101 121 2
102 122 5
103 123 7
104 124 1
105 125 1
106 126 7
107 127 5
108 128 4
109 129 4
110 130 5
111 131 5
112 132 5
113 133 2
114 134 1
115 135 7
116 136 6
117 137 7
117 138 1
117 139 2
118 140 6
119 141 1
120 141 3
121 141 4
122 142 5
123 143 5
124 144 1
125 145 3
126 146 3
127 147 4
128 148 4
129 149 6
130 149 2
131 149 7
132 150 2
133 150 3
134 151 2
135 152 2
136 152 1
137 152 3
138 153 4
139 153 7
140 154 5
141 155 1
141 156 6
142 157 5
143 158 3
143 159 5
143 160 4
144 161 1
144 162 3
145 163 6
145 164 6
146 165 3
147 166 5
147 167 2
148 168 5
148 169 5
149 170 4
150 171 2
151 172 2
152 173 7
153 174 7
154 175 1
154 176 5
155 177 4
156 178 7
157 179 1
158 179 6
159 180 7
160 181 7
161 181 1
162 182 5
163 183 7
164 184 5
165 185 3
166 186 7
167 186 1
168 187 1
169 188 6
170 188 2
171 189 4
172 190 6
173 191 5
174 192 6
175 193 1
176 194 4
177 195 7
178 196 6
179 196 5
180 196 1
181 197 2
182 197 1
183 198 2
184 199 7
185 200 5
186 200 4
187 201 4
188 202 7
189 203 4
190 204 7
191 204 1
192 205 3
193 206 5
194 207 4
195 208 4
196 209 5
197 210 1
197 211 7
198 212 3
199 213 3
200 214 7
201 215 2
202 216 2
203 217 4
204 218 3
205 219 6
206 220 3
206 221 4
207 222 2
208 223 4
209 224 5
210 225 1
211 226 4
212 227 3
213 228 2
214 229 5
215 230 5
216 231 6
217 232 3
218 233 5
219 234 7
220 235 7
221 236 5
222 237 1
223 238 5
224 239 5
224 240 7
225 241 5
225 242 3
226 243 3
227 244 4
228 245 5
228 246 4
229 247 1
230 248 4
231 249 4
232 250 7
233 251 1
234 252 5
235 253 6
236 254 1
237 255 2
238 256 5
239 256 6
240 257 2
241 257 2
242 258 6
243 258 3
244 259 7
245 260 1
246 261 6
247 262 4
248 263 6
249 264 7
250 265 7
251 266 7
252 266 6
253 266 4
254 267 3
255 267 1
256 268 2
257 269 2
258 270 1
259 271 7
259 272 1
260 273 4
261 274 2
262 275 1
262 276 3
263 277 4
264 278 1
265 279 6
265 280 4
266 281 5
266 282 2
267 283 7
268 284 1
268 285 2
269 286 3
269 287 7
270 288 1
271 289 6
272 290 4
273 291 5
273 292 3
274 293 4
274 294 6
275 295 4
276 296 4
276 297 3
276 298 7
277 299 7
277 300 4
277 301 6
277 302 4
278 303 7
278 304 4
278 305 4
278 306 7
279 307 5
280 308 6
280 309 4
281 310 5
282 311 4
282 312 6
282 313 7
283 314 4
284 315 4
285 315 5
286 316 2
287 316 7
288 316 3
289 317 1
290 317 3
291 317 1
292 317 5
293 318 7
294 318 3
295 319 3
296 319 2
297 319 5
298 320 3
299 320 7
300 321 4
301 322 2
302 322 1
303 323 5
304 323 7
305 323 6
306 323 5
307 323 7
308 324 6
309 324 6
310 324 5
311 325 4
312 325 3
313 325 1
314 326 1
315 327 4
316 328 6
317 329 4
318 330 3
318 331 4
319 332 7
320 333 7
320 334 1
321 335 7
322 336 5
322 337 1
323 338 7
324 339 3
325 340 2
326 341 1
327 342 7
328 343 3
328 344 5
328 345 5
328 346 6
329 347 7
330 348 1
331 349 6
332 350 1
333 351 6
333 352 7
334 353 1
335 354 1
335 355 1
335 356 3
336 357 3
336 358 6
337 359 1
338 360 1
338 361 4
338 362 7
338 363 5
339 364 3
339 365 6
340 366 4
340 367 5
341 368 3
342 369 5
343 370 6
344 370 1
345 371 3
346 372 6
347 373 2
348 373 2
349 374 1
350 375 5
351 376 5
352 377 6
353 378 7
354 379 2
355 380 7
356 381 7
357 382 4
358 383 3
359 384 3
360 385 6
361 386 6
362 387 3
363 388 7
364 388 3
365 389 2
366 389 7
367 389 6
368 389 1
369 390 4
370 391 2
371 392 7
372 393 7
373 393 4
374 394 1
375 394 4
376 395 2
377 395 7
378 395 3
379 396 3
380 397 6
381 397 4
382 398 3
383 399 5
384 400 2
385 401 2
386 401 4
387 401 4
388 402 7
389 402 1
390 403 3
391 403 1
392 404 6
393 405 4
394 405 2
395 406 4
396 407 7
397 407 5
398 408 4
399 409 3
400 409 6
401 410 3
402 411 4
403 412 3
404 413 6
405 414 2
405 415 7
406 416 5
407 417 7
407 418 2
408 419 7
408 420 2
408 421 5
408 422 6
409 423 7
410 424 4
411 425 5
411 426 5
411 427 7
412 428 2
413 429 3
414 430 4
415 431 4
416 432 5
417 433 3
418 434 7
419 435 5
420 436 6
421 437 3
422 438 7
423 439 5
424 440 6
425 441 4
426 442 6
427 443 2
428 444 1
429 445 7
430 446 5
431 447 5
432 448 5
433 449 6
434 450 3
435 451 3
436 452 1
437 453 3
437 454 7
438 455 4
439 456 3
440 457 2
441 458 3
442 459 4
443 460 7
444 461 7
445 462 3
446 463 3
447 464 4
448 465 5
449 466 7
450 467 5
451 468 6
452 469 1
453 470 5
454 471 5
455 472 4
456 473 7
457 474 6
458 475 5
459 476 6
460 477 4
461 478 7
462 478 4
463 479 4
464 480 6
465 481 3
466 482 3
467 483 6
468 484 1
469 485 6
470 485 6
471 486 6
472 486 6
473 487 3
474 488 7
475 489 5
476 490 5
477 491 4
478 492 3
478 493 3
479 494 3
480 495 6
481 496 5
482 497 2
483 498 1
484 499 3
485 500 7
486 501 7
487 502 5
487 503 7
488 504 3
489 505 4
490 506 3
491 507 6
492 508 4
493 509 6
494 510 5
495 511 7
496 512 5
497 513 3
498 514 6
499 515 5
500 516 5
501 517 2
502 518 2
503 519 6
504 520 3
505 521 2
506 522 6
507 523 1
508 524 4
509 524 3
510 525 7
511 525 3
512 526 7
513 526 6
514 527 5
515 527 1
516 528 2
517 528 1
518 529 6
519 530 3
520 531 5
521 532 2
522 533 4
523 533 6
524 534 3
524 535 1
525 536 5
525 537 2
526 538 7
527 539 3
528 540 2
529 541 1
529 542 6
530 543 5
530 544 6
531 545 7
532 546 2
533 547 3
534 548 1
535 549 7
536 550 1
537 551 3
538 552 5
539 553 4
539 554 4
540 555 5
541 556 4
542 557 6
543 558 5
544 559 7
544 560 2
545 561 2
546 562 1
547 563 7
548 564 4
549 565 6
550 566 5
551 567 3
552 568 3
553 569 5
554 570 2
555 571 4
556 572 1
557 573 7
558 574 6
559 575 3
560 576 1
561 577 5
562 578 7
563 579 3
564 580 7
565 581 3
565 582 1
565 583 4
566 584 7
567 585 2
568 586 5
569 587 1
570 588 1
571 589 1
572 590 7
573 591 5
574 592 7
575 593 6
576 594 1
577 595 4
578 596 2
579 597 5
579 598 7
579 599 3
580 600 2
581 600 2
582 600 2
583 600 7
584 600 2
585 600 3
586 600 2
587 600 7
588 600 4
589 600 5
590 600 2
591 600 5
592 600 7
593 600 7
594 600 6
595 600 6
596 600 2
597 600 6
598 600 2
599 600 3
