18 14 18 16 16 16 18 16 17 15 17 16 16 15 18 15 14 17 16 17 16 17 18 18 17 14 15 17 17 15 15 16
5 4 5 4 4 5 4 4 5 5 5 4 4 4 5 4 5 5 4 5 5 5 4 5 5 5 5 5 4 4 5 5
9 7 8 9 8 8 7 9 7 7 7 7 7 7 9 8 7 8 7 9 8 7 9 9 8 8 8 7 9 7 9 8
6 6 5 5 6 5 6 6 5 5 6 5 5 5 5 5 5 5 5 5 5 5 6 6 5 5 6 6 5 5 5 6
16 16 15 15 13 13 15 14 16 15 14 16 14 16 16 14 15 14 14 15 16 14 16 15 13 15 14 14 14 15 16 15
4 3 3 4 4 3 3 4 3 3 4 3 3 4 3 4 3 4 3 3 4 3 4 4 3 4 4 3 3 4 4 4
15 18 15 18 20 20 16 15 17 20 17 19 19 18 15 15 15 20 18 17 15 17 19 18 18 17 19 16 18 19 16 17
9 8 7 9 8 7 7 9 8 8 9 7 8 7 8 7 8 7 9 8 7 8 9 8 7 7 9 9 8 8 8 8
5 5 5 5 5 5 6 6 6 5 6 6 5 6 6 5 5 5 6 6 6 6 5 6 5 5 6 5 6 6 5 6
18 17 19 20 18 17 17 20 16 15 16 16 18 15 19 20 20 15 17 17 16 15 18 15 20 20 15 20 15 15 17 15
7 8 8 8 7 7 7 7 8 8 7 7 8 7 8 7 8 7 8 8 8 7 8 8 8 7 7 8 7 8 7 7
11 11 13 10 10 10 11 12 13 12 12 10 11 12 13 11 12 11 13 11 13 13 10 12 10 11 12 13 11 10 13 10
3 3 4 4 3 4 4 3 3 3 4 3 3 3 3 3 4 4 4 4 4 4 4 4 3 4 4 3 4 3 4 4
18 17 18 18 18 16 17 16 18 14 18 14 18 18 15 15 18 15 15 16 16 16 17 17 18 15 18 15 18 17 15 17
12 10 11 12 10 11 12 12 11 12 11 9 9 9 12 12 9 9 12 12 9 11 11 12 12 11 12 12 9 10 12 9
15 15 14 16 16 15 15 15 15 16 15 14 15 16 15 16 17 16 16 17 14 15 17 17 14 14 15 15 14 17 14 17
2 3 2 3 2 3 2 2 3 3 3 3 3 2 3 3 2 2 3 3 2 3 3 2 2 2 3 3 3 3 2 2
17 18 18 17 15 17 15 16 19 15 15 19 18 15 15 19 16 15 17 20 16 18 19 16 20 20 19 19 20 16 17 17
20 20 16 19 21 20 19 17 21 16 17 17 18 19 17 16 20 17 20 19 17 18 17 18 20 18 21 16 18 16 18 18
11 9 8 8 8 11 10 9 10 11 8 11 10 8 10 8 8 8 11 10 8 10 8 8 8 10 8 9 10 9 9 10
8 8 7 8 8 7 8 8 7 8 8 8 8 7 8 8 8 8 8 8 8 7 7 7 8 7 7 7 7 8 7 7
5 4 5 4 4 5 5 4 4 4 4 4 5 4 4 4 4 5 4 5 4 4 5 5 5 4 5 5 4 4 4 5
2 2 3 2 3 2 2 2 2 3 3 2 3 3 3 2 2 3 3 3 2 3 3 2 3 3 3 2 3 3 2 3
10 11 9 8 11 9 9 9 10 11 11 10 9 8 11 11 10 11 10 8 10 8 9 10 9 9 8 11 9 10 11 8
21 16 21 19 16 16 18 18 18 19 18 18 19 18 16 20 19 21 19 17 18 19 19 20 21 20 19 19 20 20 20 21
14 17 14 15 14 16 16 16 15 14 18 16 18 18 14 15 17 18 18 17 17 18 16 15 15 18 15 17 14 17 18 15
14 12 12 13 13 11 13 13 12 13 11 12 13 14 11 11 12 12 12 13 11 13 13 14 11 13 11 12 13 14 11 11
3 2 2 2 2 2 2 3 2 3 3 3 2 2 3 2 2 2 3 2 2 2 3 2 2 3 2 2 3 3 3 2
4 4 4 4 5 4 4 5 4 4 4 5 5 5 5 4 4 5 5 5 4 5 4 4 5 5 5 4 4 5 4 4
5 6 6 6 6 5 6 6 6 6 5 6 5 6 5 6 6 5 5 5 5 5 6 5 6 6 6 6 6 6 5 6
1 2 1 1 1 1 1 1 2 1 2 2 2 2 1 2 2 1 2 2 2 2 2 2 1 1 1 2 1 1 2 2
19 21 19 20 18 21 18 16 17 16 21 16 19 16 20 19 20 17 16 18 21 19 18 20 20 16 20 21 19 21 20 17
9 10 9 9 10 9 9 9 12 10 11 9 10 10 12 11 10 10 11 9 9 11 9 12 12 10 10 11 9 12 9 11
10 12 10 11 11 12 10 13 11 13 13 13 10 13 13 13 13 13 10 12 12 13 13 12 11 13 13 11 11 11 13 12
4 4 4 5 5 5 5 4 4 5 4 5 4 4 5 4 4 5 4 4 4 5 5 5 5 4 5 5 4 4 4 4
19 22 21 18 23 23 23 22 20 19 18 19 18 23 23 20 20 20 22 19 18 19 19 19 23 22 18 18 18 22 19 19
10 9 8 11 8 8 9 9 10 10 8 10 9 10 11 9 8 11 9 11 10 8 9 11 11 8 11 9 11 9 10 10
15 12 12 12 14 12 13 13 12 12 14 13 15 14 12 13 15 14 14 15 15 13 14 14 13 12 13 14 14 13 15 13
8 8 9 8 7 7 7 9 9 8 8 7 8 9 8 9 8 9 7 8 8 7 8 8 7 7 8 8 8 7 9 7
1 2 1 2 2 1 2 2 2 2 2 2 2 1 1 2 1 2 2 1 1 2 1 1 1 2 1 1 1 2 1 2
21 18 21 19 21 23 20 18 20 18 23 21 19 23 22 20 20 19 21 20 23 22 18 22 23 23 20 21 22 23 18 21
11 9 11 11 8 9 8 8 10 10 8 9 11 11 8 9 10 10 11 10 11 11 9 10 8 8 10 8 10 8 9 11
23 20 22 21 22 18 21 21 23 22 18 23 22 23 23 19 19 18 23 22 20 22 20 18 19 23 21 22 21 20 21 19
18 14 15 16 14 16 16 17 18 16 16 17 14 16 14 16 17 14 14 17 18 17 18 15 18 18 17 14 16 18 14 14
6 5 5 6 5 5 6 5 6 6 6 6 5 5 5 6 5 6 6 6 5 5 5 5 5 6 5 5 6 6 6 6
18 19 16 18 16 17 19 17 19 20 17 18 21 17 16 17 17 19 18 19 16 18 18 18 18 18 19 16 21 16 16 18
20 20 19 22 20 21 19 20 20 18 17 18 18 21 21 22 18 19 20 18 20 18 17 18 22 17 20 21 18 18 22 18
12 12 13 15 14 15 13 14 14 15 13 15 14 14 15 14 12 15 13 15 12 13 14 12 15 14 15 12 14 12 12 15
20 19 20 16 19 16 20 15 18 20 17 17 18 18 15 16 18 16 18 17 16 20 18 19 20 18 20 18 18 20 20 16
19 19 18 22 22 20 20 20 20 18 22 23 23 18 21 19 22 23 20 19 19 18 22 18 22 18 23 18 23 18 20 20
16 14 15 14 16 18 16 15 15 18 14 16 17 16 15 17 18 14 18 17 15 15 17 16 14 16 15 14 16 17 16 18
20 18 19 20 18 21 19 22 17 21 20 18 22 20 22 19 18 18 21 18 22 22 22 17 20 17 21 17 22 20 17 17
3 4 4 3 4 3 3 4 3 3 4 3 4 4 3 4 4 3 3 3 4 4 3 4 4 4 4 4 4 4 3 3
9 8 9 9 8 11 8 11 9 8 10 8 11 9 8 11 11 10 8 11 9 9 11 9 10 9 8 10 10 10 10 11
3 2 3 3 2 2 2 3 2 2 2 3 2 2 2 2 2 2 2 2 3 3 3 3 3 3 3 2 2 2 3 3
4 5 4 5 4 4 5 5 5 4 4 5 4 5 5 5 4 4 5 5 5 5 4 4 4 4 4 4 4 5 4 5
4 5 5 4 4 4 4 4 4 5 5 5 5 4 4 4 4 5 5 4 5 4 5 5 4 4 5 5 4 5 5 5
17 16 17 16 16 17 15 17 16 16 16 17 15 14 16 16 15 17 17 14 14 15 16 14 17 15 17 17 15 16 17 15
5 5 5 5 5 6 5 6 5 5 5 6 5 5 5 5 5 5 5 6 5 5 6 5 5 6 5 5 5 5 6 5
7 7 7 8 7 7 8 7 8 7 8 7 7 8 7 7 8 8 7 8 8 7 7 8 7 7 8 7 7 8 7 8
10 9 9 11 9 10 11 10 11 8 10 10 9 10 11 8 11 8 10 11 8 11 11 10 8 9 9 11 8 11 8 10
22 17 21 22 17 18 20 19 18 20 18 19 21 18 20 19 17 22 22 20 20 18 21 19 19 21 20 18 17 20 21 18
4 3 3 4 3 4 4 3 4 4 3 4 3 3 4 4 4 4 3 4 4 4 4 4 3 3 4 4 4 3 4 4
20 22 18 22 20 18 19 20 18 22 22 21 23 19 18 23 23 18 18 23 19 21 19 21 18 20 19 19 18 19 20 20
2 3 3 2 3 2 2 2 2 2 3 2 2 3 2 3 2 3 2 3 2 2 3 2 3 2 2 2 3 2 3 3
4 4 5 4 5 4 4 4 5 5 5 4 4 5 4 5 4 5 4 5 4 4 5 4 5 4 4 4 4 5 4 4
5 5 4 4 4 5 4 4 5 5 4 5 4 5 4 5 4 5 5 4 4 4 5 5 5 4 4 5 5 5 5 5
12 12 10 13 10 10 11 12 10 13 10 11 13 10 12 10 13 12 12 13 10 10 11 12 13 13 11 11 10 10 13 10
6 6 5 6 5 5 6 6 6 6 6 5 5 5 5 6 6 6 6 5 5 5 6 5 5 6 5 6 5 6 6 5
10 9 12 9 12 11 9 10 11 10 12 9 11 12 10 12 9 9 11 10 12 12 12 9 11 9 12 9 10 11 10 10
13 14 15 12 12 15 14 15 12 13 12 12 13 14 13 14 14 13 15 15 14 14 15 15 13 13 13 15 13 13 15 13
23 19 20 19 21 22 18 22 22 20 23 18 21 21 22 19 19 18 20 20 21 18 18 19 21 22 21 18 22 22 19 21
13 13 13 16 14 13 13 15 14 16 14 13 16 13 16 15 13 16 16 16 15 16 14 13 15 16 14 15 16 14 14 13
9 11 11 8 9 10 11 9 10 10 8 8 8 11 9 8 11 9 9 11 11 8 8 11 8 11 11 10 9 11 11 10
6 6 5 5 6 5 5 5 5 5 6 6 5 6 6 6 6 5 5 5 5 5 6 6 5 6 5 6 6 6 5 5
6 5 5 6 5 6 6 5 5 5 6 6 5 5 6 6 6 5 5 6 5 5 6 6 6 6 5 5 6 5 6 6
17 18 20 18 20 17 19 17 22 22 20 22 20 17 19 17 20 22 17 21 20 19 22 19 22 20 22 18 18 21 22 22
20 19 20 22 18 23 22 18 23 23 19 21 21 19 21 22 20 18 18 23 19 20 22 19 21 18 20 21 18 21 19 21
11 13 13 11 14 11 14 14 13 12 13 12 12 12 13 12 13 11 14 14 13 14 12 11 13 14 13 11 14 11 12 14
5 5 5 5 4 5 5 4 4 4 4 5 4 5 5 5 5 4 5 5 4 5 4 5 4 4 5 5 5 4 5 5
7 7 6 6 6 7 7 6 7 6 7 7 7 6 6 6 7 6 7 7 7 7 6 7 7 6 6 7 6 7 6 6
5 5 6 5 5 6 5 5 5 5 5 6 5 6 6 5 6 6 5 5 6 5 6 6 6 6 5 5 5 6 5 6
12 12 11 12 12 12 12 10 11 12 13 10 13 11 13 11 12 13 11 10 10 12 13 10 12 11 13 11 12 11 11 13
15 17 14 15 17 17 15 18 16 17 16 16 16 15 18 15 15 15 17 17 15 18 17 18 15 17 14 15 18 15 18 18
13 13 13 14 11 11 12 11 14 12 12 14 11 14 14 13 13 13 13 14 13 11 14 13 14 11 14 13 12 12 14 14
18 15 16 17 18 14 16 18 16 15 15 14 16 14 18 17 15 14 17 16 17 14 15 14 15 18 18 17 17 15 15 16
11 9 9 8 11 8 8 11 11 11 8 11 11 8 11 10 10 11 10 9 10 10 11 10 11 10 11 10 11 10 8 10
1 1 1 2 2 2 2 2 2 1 1 2 1 1 2 1 2 2 1 1 2 2 2 1 1 2 2 1 1 2 1 2
2 1 2 2 2 1 1 1 2 1 2 2 1 1 2 2 1 1 2 2 1 2 2 2 1 1 1 1 1 2 1 2
16 19 17 20 20 15 16 15 16 19 17 18 17 15 16 18 18 20 20 15 17 15 19 18 18 19 18 17 17 19 20 17
1 1 2 1 2 2 2 2 1 1 1 2 1 1 2 2 1 2 2 2 2 1 1 1 1 2 1 2 1 1 1 1
17 15 14 16 14 14 14 14 17 14 17 16 15 17 14 16 14 16 16 17 15 16 14 14 16 17 14 14 17 17 16 16
4 5 5 5 5 5 4 4 4 4 4 4 4 4 4 5 5 5 4 4 5 4 5 4 5 4 4 4 4 5 4 5
19 19 20 20 17 21 17 16 19 21 19 19 19 20 20 19 20 18 20 17 19 21 19 20 19 18 19 19 21 18 18 20
4 4 3 3 4 4 3 3 4 3 4 3 3 4 4 3 3 4 3 4 3 3 3 4 3 4 3 4 4 4 4 4
17 20 21 21 19 21 18 17 16 16 20 20 20 16 19 17 17 21 18 20 18 20 17 19 20 17 18 21 18 17 20 18
17 20 15 18 19 16 15 16 17 18 15 15 17 19 20 19 17 20 17 20 16 19 18 18 15 15 18 20 18 20 16 18
5 4 4 5 4 5 4 5 4 5 5 5 5 4 4 4 4 4 5 4 5 5 5 5 5 4 5 5 5 5 4 5
14 13 12 13 15 13 12 15 12 12 14 15 13 12 14 12 12 15 14 13 12 14 15 13 14 12 13 15 12 13 12 13
13 14 11 14 13 11 13 13 14 13 12 13 14 11 14 12 14 13 11 14 14 11 14 11 12 13 14 12 11 13 14 13
15 12 12 15 13 14 13 14 15 12 14 13 14 12 12 12 14 13 14 14 15 14 12 14 15 14 13 12 12 14 12 13
4 5 4 4 4 5 4 5 4 5 5 4 5 4 5 4 5 4 4 5 4 4 5 5 4 5 5 5 5 5 5 4
13 14 15 15 14 15 15 15 13 15 12 13 12 15 12 13 14 14 15 15 13 13 14 12 15 15 12 12 14 14 15 13
19 21 20 16 17 18 17 21 21 20 17 16 20 16 16 20 19 18 21 21 18 19 18 17 21 17 20 19 16 19 21 20
11 10 9 10 9 8 11 10 10 8 8 8 10 9 10 9 11 10 9 10 10 10 9 8 9 10 10 11 9 9 10 9
11 13 13 14 11 12 12 11 14 11 12 14 11 11 11 12 12 11 13 12 14 12 14 14 13 11 13 13 14 12 14 12
16 14 16 16 15 17 16 17 14 16 14 17 15 14 15 16 15 17 16 16 17 15 14 14 17 17 14 16 17 14 15 16
14 16 15 16 14 17 15 14 15 15 16 16 17 15 16 15 17 16 17 14 15 17 17 14 14 14 14 16 16 15 17 16
3 3 3 2 2 2 3 3 2 2 3 2 3 3 3 3 3 3 2 2 2 3 2 2 3 3 3 2 2 3 2 2
12 10 11 9 11 12 10 10 11 12 9 12 11 11 11 10 9 9 10 12 9 11 10 9 10 11 10 11 9 12 9 9
5 4 4 4 4 5 4 5 4 4 4 4 4 4 5 5 4 4 5 5 4 4 5 5 5 4 5 5 5 5 4 5
21 22 20 20 19 21 20 18 19 21 21 22 20 22 20 17 20 22 19 17 21 20 17 20 17 22 17 19 21 17 22 17
15 16 14 15 14 16 15 13 13 15 14 14 13 13 15 14 16 13 13 14 15 13 16 14 13 16 16 13 14 13 16 15
16 14 15 16 13 15 15 13 15 13 13 16 16 14 13 13 15 16 13 16 14 15 15 15 16 13 16 14 15 15 15 15
18 17 20 19 20 22 21 21 22 21 20 17 18 19 18 19 18 22 19 21 18 19 21 19 20 21 17 21 19 19 18 20
20 17 19 17 21 17 22 21 19 22 20 20 19 20 20 20 22 18 17 20 21 18 20 22 19 22 19 19 22 20 21 18
2 2 2 2 1 1 1 2 1 2 2 1 1 1 1 1 2 2 2 1 1 2 2 1 2 2 2 2 2 1 2 2
6 5 6 6 6 6 5 5 5 5 5 6 5 5 6 5 6 5 6 5 6 5 6 5 5 6 5 6 5 6 5 6
18 19 18 18 17 19 15 18 17 18 15 15 18 20 20 16 20 15 16 17 19 15 16 19 19 15 17 20 16 16 16 18
1 2 2 2 1 2 1 1 2 1 2 1 1 1 1 1 1 2 1 1 2 2 2 2 2 2 1 1 2 2 1 1
3 3 3 3 3 2 2 2 2 2 2 2 3 3 2 2 2 2 3 2 2 2 3 2 3 3 3 2 2 2 3 3
2 3 2 2 2 3 3 2 2 3 2 3 3 3 2 3 2 2 2 3 2 2 2 2 2 2 3 3 3 3 3 3
10 10 12 10 12 12 10 9 10 10 10 11 12 9 11 9 11 9 12 12 12 10 12 11 12 9 12 9 11 11 12 12
6 5 5 5 5 6 5 6 5 6 5 5 6 6 6 5 6 6 6 5 5 6 5 5 5 5 5 6 6 5 6 5
17 21 19 19 21 17 22 19 22 21 19 22 21 19 17 19 18 17 17 22 22 17 18 21 18 18 20 18 21 22 19 18
4 5 5 5 4 5 5 5 4 5 4 4 5 4 5 4 5 4 5 5 4 4 5 4 5 5 4 5 4 5 4 5
12 12 15 13 14 13 12 13 12 14 14 13 12 13 12 13 12 13 15 13 12 13 14 14 14 14 15 12 13 15 12 14
1 1 1 2 1 2 2 2 1 1 2 2 2 2 1 2 2 1 2 2 1 1 1 1 1 2 1 1 1 2 1 2
15 13 15 16 13 16 16 13 15 13 16 16 14 13 13 15 16 15 15 14 15 13 14 16 15 15 13 13 14 15 14 15
8 7 7 7 8 7 8 7 8 8 7 7 7 7 7 8 7 7 8 8 7 8 7 8 8 7 8 7 8 7 8 8
14 14 16 17 14 17 17 16 16 16 17 18 17 16 17 16 17 14 16 18 17 18 17 14 16 17 15 16 18 16 17 14
15 14 13 15 14 16 15 14 13 16 14 15 14 14 15 14 16 14 13 16 13 16 15 14 14 14 13 15 13 16 15 14
7 7 7 7 7 8 8 8 7 8 8 8 8 8 7 8 8 8 8 8 7 7 8 7 7 7 8 7 7 7 7 8
12 11 11 11 12 13 11 12 13 11 13 12 10 10 10 10 12 13 13 11 12 10 13 13 12 12 10 10 13 10 12 11
16 18 17 17 16 19 18 15 17 19 16 18 20 15 20 20 16 15 16 15 18 17 16 19 17 18 16 17 19 15 19 17
12 10 12 9 9 12 12 12 9 12 11 12 12 12 10 10 11 12 10 11 9 9 11 10 11 11 10 12 11 11 9 9
8 7 8 8 7 7 7 7 7 8 7 8 8 8 8 8 7 7 8 7 8 8 8 7 8 7 8 7 8 7 7 7
17 16 16 17 15 14 16 17 16 14 15 17 15 17 17 16 17 16 15 17 14 14 16 17 17 14 15 14 14 16 14 17
10 8 10 11 9 10 10 11 10 8 10 11 11 11 11 9 10 11 11 10 11 11 8 10 9 11 8 9 11 8 8 8
12 15 15 12 15 15 13 15 13 14 13 14 12 15 12 15 14 12 15 13 14 13 15 12 12 14 13 15 14 12 15 12
16 15 18 18 18 17 16 14 17 16 17 17 15 18 16 18 14 15 16 15 18 17 14 15 15 14 14 15 18 17 15 17
2 1 2 1 1 2 1 1 2 1 1 2 2 1 2 2 2 1 1 1 2 1 1 2 2 2 1 1 2 2 1 1
7 6 6 6 6 6 7 6 7 6 6 6 7 6 7 6 7 6 6 6 6 7 6 6 7 6 6 7 7 6 7 6
8 8 8 7 7 7 7 8 8 7 7 8 8 8 7 7 8 7 7 8 7 7 7 8 8 8 7 8 8 7 8 7
11 8 8 8 8 11 8 8 9 11 8 9 11 10 9 9 10 10 11 8 9 9 9 11 11 9 11 8 8 11 9 10
17 16 14 14 17 15 14 16 15 14 15 14 14 14 14 17 16 16 15 17 14 17 16 15 16 16 16 17 14 17 15 17
14 16 16 16 17 17 17 17 14 17 16 14 16 16 17 15 16 15 14 17 14 14 15 17 17 14 15 17 17 17 16 17
18 14 18 15 17 16 16 18 14 18 18 15 18 15 14 16 16 18 18 16 18 17 17 17 16 17 18 17 15 14 17 16
12 13 14 15 14 13 14 12 12 12 15 12 15 13 12 12 15 15 13 12 13 12 15 12 15 14 12 13 14 13 14 14
13 12 14 13 13 12 13 11 14 14 13 11 14 12 12 12 11 12 12 11 11 13 14 12 11 12 13 11 14 11 12 12
11 12 13 11 10 11 13 13 10 11 10 11 12 11 10 11 13 12 11 13 11 12 11 12 12 12 11 10 11 11 11 12
23 18 18 19 18 21 21 21 18 18 18 23 20 23 23 23 22 19 18 20 22 21 20 21 23 20 18 22 23 18 23 23
14 15 13 14 15 14 13 13 13 14 14 13 16 14 13 16 15 16 14 13 15 15 14 13 13 16 13 16 13 14 16 16
13 13 15 14 15 13 16 15 16 13 15 14 13 16 14 13 14 13 16 14 15 13 16 15 16 14 16 15 16 15 16 16
7 6 6 7 6 7 6 6 6 6 6 6 6 7 6 7 6 6 6 7 6 6 6 6 6 7 6 6 6 7 7 6
19 15 17 15 15 19 19 17 17 16 15 17 15 19 17 19 20 20 20 16 15 16 17 17 18 20 18 18 18 17 17 18
14 15 12 13 12 13 13 14 13 15 15 15 13 15 12 13 15 15 13 15 14 12 12 14 13 13 15 14 12 13 15 13
14 15 14 16 15 14 17 14 16 14 17 14 15 17 15 16 14 16 14 16 15 16 17 15 15 16 16 15 17 15 15 16
6 7 6 7 7 6 7 7 7 7 7 7 7 7 7 7 7 7 6 6 7 7 6 7 7 6 7 6 7 7 7 7
8 7 8 9 7 9 7 9 9 9 9 7 8 7 9 7 7 7 7 9 8 8 8 9 7 7 7 9 9 8 7 7
20 20 20 21 21 17 19 17 19 18 22 21 20 18 21 19 17 19 19 19 21 19 21 20 21 21 17 17 20 21 19 20
12 12 15 13 13 12 12 12 15 14 12 15 15 15 12 15 15 13 14 12 12 13 14 14 14 12 13 12 12 13 14 14
8 7 7 7 7 8 9 8 9 9 7 8 8 8 9 8 7 8 7 9 8 9 8 9 8 9 8 7 7 8 8 7
15 16 15 15 13 13 14 16 16 14 13 13 13 16 13 15 13 14 14 14 13 16 16 13 13 13 14 13 13 16 13 16
5 4 5 4 4 5 4 4 5 4 4 5 4 5 5 4 5 5 5 4 4 5 4 5 4 5 5 5 4 5 5 5
18 20 18 18 16 20 21 20 21 17 16 17 17 21 16 19 21 16 18 17 16 21 19 21 21 17 21 19 21 21 16 20
9 9 9 7 9 8 7 9 9 9 7 9 8 9 8 9 8 8 7 8 7 8 8 9 8 8 8 9 7 9 7 9
17 19 20 22 20 19 18 18 17 19 21 18 18 19 17 21 20 22 20 22 17 17 21 21 21 21 20 18 20 17 21 22
4 4 4 3 4 3 4 4 3 4 3 4 3 3 4 4 4 3 3 3 4 3 3 3 3 3 4 4 4 3 3 4
7 6 7 7 6 7 7 6 6 7 6 6 6 7 7 6 6 6 6 6 7 7 7 7 6 7 6 7 7 6 7 6
14 15 14 12 13 13 15 15 15 12 12 13 15 15 13 14 14 13 13 15 14 15 13 15 15 13 12 15 12 12 12 15
18 20 19 19 23 19 20 21 18 18 18 20 21 23 19 23 18 23 22 22 19 21 20 22 21 19 19 22 23 20 21 23
18 18 22 18 22 21 20 23 18 20 20 20 21 18 19 18 23 21 21 22 19 23 20 22 18 22 20 19 18 20 21 23
19 17 15 17 18 15 17 19 17 15 20 17 16 16 16 17 19 18 18 17 17 15 16 18 20 15 19 19 18 19 15 19
10 13 11 11 10 11 13 10 12 11 13 10 11 11 11 12 10 10 11 11 11 11 10 12 10 12 10 10 12 12 13 12
16 16 15 15 16 16 15 18 15 20 17 18 19 15 17 15 15 19 20 17 19 16 19 15 15 19 16 20 15 15 16 17
12 12 11 13 13 13 14 14 12 11 11 14 11 12 14 13 13 14 14 11 12 14 13 12 14 11 11 14 12 11 12 13
9 10 9 10 11 12 9 11 10 11 9 11 12 10 10 10 12 11 9 10 10 12 11 12 10 10 12 11 9 10 12 10
15 14 14 14 15 16 14 13 15 16 16 15 16 16 15 15 16 16 16 15 16 16 15 13 15 14 13 14 16 14 14 16
17 17 16 17 20 19 20 16 21 17 20 19 20 19 17 19 18 19 20 19 20 20 18 16 18 18 17 17 21 20 16 19
14 14 13 14 14 12 13 14 14 15 13 13 12 14 12 12 15 13 14 12 12 14 15 13 13 13 14 14 15 12 15 13
19 20 20 15 20 18 20 18 19 15 17 17 17 20 18 16 15 19 20 20 19 15 20 17 17 15 20 15 15 18 17 18
13 13 12 15 12 14 14 12 13 14 12 14 14 14 13 15 13 13 13 15 12 13 12 13 15 14 13 15 15 15 15 12
17 18 17 21 18 18 17 21 17 16 17 21 16 17 17 16 20 21 18 20 19 21 20 17 17 20 20 19 17 18 18 16
13 12 15 15 14 14 12 14 13 14 12 14 14 15 14 13 14 12 13 13 12 12 13 14 14 15 14 12 15 14 12 14
18 17 19 20 17 18 21 17 19 20 18 20 17 18 16 17 18 18 21 21 17 18 17 18 20 18 16 18 16 18 19 19
6 6 5 6 5 6 6 6 6 6 6 6 5 6 6 5 6 6 6 5 5 6 6 6 6 6 6 6 5 5 5 6
19 17 20 15 20 19 20 19 15 15 16 15 15 15 19 20 20 20 15 15 19 19 15 15 19 20 15 18 15 20 20 17
7 6 6 7 6 7 7 6 7 7 6 7 7 6 6 7 6 7 7 6 7 7 6 6 7 6 6 6 6 7 7 6
3 4 3 3 3 3 3 3 3 3 4 4 3 4 4 4 4 3 4 3 4 3 4 4 3 3 3 3 4 4 3 3
13 11 10 11 12 10 13 11 13 11 13 12 12 10 12 11 11 11 13 11 12 11 12 12 12 10 10 11 11 10 12 10
4 4 5 4 5 5 5 4 5 4 4 4 4 4 5 4 4 4 4 5 4 4 4 5 5 5 5 5 4 5 5 5
17 16 16 16 16 15 15 17 14 17 14 15 17 14 17 15 15 16 17 16 14 14 17 15 15 16 16 14 14 16 15 17
11 10 11 12 10 12 12 12 12 11 12 12 10 12 13 11 11 13 10 11 10 12 10 12 11 12 12 10 12 13 13 10
8 8 7 7 8 7 8 7 8 7 8 7 8 7 8 7 7 7 7 7 8 8 8 7 7 8 7 7 8 8 8 8
18 19 21 20 22 22 21 20 21 21 23 20 20 19 22 18 22 21 18 23 23 23 18 19 18 23 19 18 21 18 22 18
13 14 14 14 14 16 16 13 15 13 13 15 14 16 13 16 13 14 16 14 14 13 16 15 13 16 16 16 13 13 16 15
3 3 4 4 3 3 4 4 4 3 3 3 4 4 4 3 3 3 4 3 4 3 3 4 3 4 3 4 4 3 3 4
18 15 15 15 15 14 14 15 17 17 15 17 16 18 16 17 16 14 14 15 18 15 14 15 16 14 18 18 17 15 17 15
18 18 20 21 19 20 21 20 19 20 19 21 20 18 18 20 21 20 20 17 20 21 19 22 17 20 18 20 19 20 19 22
14 14 17 14 17 17 15 16 18 16 14 17 16 14 15 14 17 18 15 15 16 14 16 15 15 16 15 14 14 16 16 18
12 12 10 10 13 10 10 12 10 11 12 10 11 12 11 12 12 11 13 11 11 11 13 11 13 11 11 12 11 12 11 11
6 6 6 5 5 5 6 5 6 6 5 5 6 5 6 5 6 6 6 5 5 5 6 5 5 5 5 5 6 5 6 6
5 5 5 5 5 5 4 5 4 4 5 5 4 5 5 5 4 4 4 4 4 4 5 5 4 4 5 5 4 4 4 5
8 8 8 7 8 8 7 8 7 8 7 7 8 7 7 8 8 7 8 8 7 8 8 7 8 8 8 7 8 7 7 7
12 12 12 10 11 10 13 13 10 13 13 10 10 13 10 11 10 13 13 11 10 13 10 10 10 11 10 11 12 10 11 11
10 12 10 11 11 11 9 10 12 9 12 12 9 11 9 9 10 11 10 11 11 11 12 10 11 11 11 9 12 10 9 12
6 5 5 5 5 6 5 5 5 5 5 5 5 6 6 6 6 5 5 6 6 6 6 6 6 5 5 5 5 5 6 6
16 16 17 15 15 17 15 15 16 14 16 15 16 17 14 14 16 16 15 16 16 15 15 14 15 16 16 16 14 16 16 14
7 7 8 7 8 8 8 7 7 8 9 9 8 9 9 9 8 8 9 9 7 8 7 8 8 7 9 9 7 9 7 7
3 3 4 3 3 4 3 4 3 3 3 4 3 4 3 3 3 4 4 4 4 3 4 4 4 3 3 3 4 4 4 3
22 20 20 23 22 19 19 22 22 18 21 22 22 22 22 22 23 20 18 22 23 19 23 22 21 18 21 23 21 18 22 20
6 6 6 5 5 5 6 6 5 6 5 5 6 5 6 5 6 6 6 5 6 5 5 5 6 5 6 5 5 5 6 5
20 19 19 19 17 17 21 22 18 22 19 18 19 18 20 17 20 22 18 22 21 19 19 18 17 21 21 20 17 21 17 17
15 13 15 13 15 15 14 16 14 16 16 13 14 16 15 16 13 16 13 15 13 13 15 13 16 14 13 16 14 15 16 13
14 13 15 15 15 15 12 14 12 14 15 12 12 14 13 15 12 14 13 12 13 15 12 13 14 12 14 12 12 14 15 15
8 8 8 8 7 8 7 7 7 8 8 7 7 7 9 9 7 9 9 7 8 8 8 7 9 7 9 9 8 9 8 9
16 15 15 16 14 15 13 14 13 16 16 14 15 13 16 14 15 13 13 13 13 14 15 13 15 14 15 14 13 14 15 15
16 19 19 19 16 15 19 18 17 15 17 15 20 19 16 18 18 17 19 17 20 19 18 16 16 20 15 15 19 18 20 15
6 6 7 7 6 6 7 6 6 7 6 6 6 7 6 7 7 6 6 7 7 7 7 6 6 7 7 6 7 6 6 6
18 20 18 19 21 16 17 16 18 20 16 19 18 17 20 20 17 20 19 20 21 19 17 21 17 18 16 20 20 18 19 16
9 12 10 12 12 11 11 10 10 12 10 10 11 12 12 10 11 10 10 9 10 11 12 12 12 11 11 10 12 10 12 12
5 6 5 6 6 6 6 5 5 6 5 5 6 5 5 5 6 5 6 5 5 6 5 6 6 5 5 6 5 5 5 5
2 2 1 1 1 2 1 2 2 2 1 2 2 1 1 1 1 1 2 2 2 1 2 1 1 1 2 2 2 2 1 2
16 13 16 15 13 16 16 15 13 16 14 13 16 13 13 15 15 16 14 13 16 13 16 13 15 16 15 15 13 16 14 15
6 6 6 6 6 5 6 6 5 5 6 5 6 5 5 6 6 5 6 6 6 5 5 5 6 6 6 6 5 5 5 6
5 5 5 5 6 6 5 5 5 5 6 5 5 6 5 5 6 6 6 6 6 5 6 5 5 5 5 5 5 5 6 5
13 11 13 13 13 11 12 13 12 11 14 12 12 13 14 11 13 12 14 13 11 14 14 13 11 13 11 14 12 14 11 11
11 13 12 11 11 12 13 11 13 13 13 12 10 10 11 11 12 11 11 10 12 11 11 13 11 10 12 13 11 10 11 13
4 4 5 4 4 4 4 4 5 5 4 4 5 4 5 5 4 5 5 4 4 4 5 5 5 4 4 5 5 5 5 4
4 3 3 3 4 3 3 3 4 4 4 4 3 3 3 4 4 3 4 3 4 4 4 4 4 4 4 4 3 3 3 4
16 16 16 15 14 15 14 15 17 15 16 14 15 16 16 17 16 17 15 17 16 14 16 15 15 15 15 16 15 15 14 16
9 12 11 10 10 12 11 9 12 10 12 12 10 12 11 12 10 12 10 11 9 11 12 11 10 11 10 9 9 11 11 9
23 22 22 18 22 22 21 22 21 23 23 21 19 20 22 18 23 20 21 22 20 18 22 21 18 18 19 23 22 20 20 20
8 7 7 7 8 7 8 8 7 8 7 8 7 7 7 8 8 8 7 7 7 8 7 7 8 8 8 8 7 8 7 8
16 16 19 19 16 19 16 20 17 16 18 20 18 18 16 18 20 15 20 17 16 18 15 20 16 19 18 20 18 15 17 15
7 8 7 8 7 7 7 7 7 8 8 8 8 7 8 7 8 7 8 7 8 7 7 8 8 8 8 8 7 7 7 7
12 10 13 12 13 10 11 13 10 12 13 13 10 11 12 13 11 12 13 10 12 11 12 12 13 11 10 13 12 13 11 13
6 6 7 6 6 6 7 7 6 6 7 6 6 7 7 6 7 7 7 6 6 7 6 7 6 6 6 7 7 6 7 7
9 8 11 8 8 11 8 9 8 8 8 10 10 9 11 10 9 11 10 10 10 8 10 10 10 11 8 8 11 9 8 8
18 16 17 17 15 18 15 18 14 16 17 14 17 17 15 14 15 16 18 15 18 16 14 14 15 18 14 15 17 17 18 18
5 6 5 5 5 6 5 6 5 5 5 6 5 5 5 5 6 5 5 6 6 5 6 5 6 5 5 6 6 6 6 6
23 20 20 23 19 18 19 19 23 22 19 18 20 23 19 23 21 22 18 23 20 23 20 23 23 19 23 19 20 21 23 21
10 12 13 11 12 10 10 10 13 10 11 11 12 13 13 12 13 13 12 11 10 12 13 12 13 13 13 12 11 11 11 11
5 4 5 4 4 4 4 4 4 5 5 4 4 4 4 4 4 4 4 4 5 4 4 5 5 5 4 4 5 5 5 5
4 4 5 5 4 4 5 4 5 5 4 4 5 4 4 4 5 5 5 5 5 5 5 5 5 4 4 4 5 4 4 5
10 9 8 10 8 8 11 8 11 10 10 9 10 8 8 9 10 8 9 8 11 10 10 8 10 9 10 8 8 8 10 11
17 20 18 21 19 19 19 21 19 19 16 21 20 19 16 19 21 20 17 21 18 19 21 20 18 18 17 20 21 18 16 21
14 15 15 15 13 14 15 13 16 16 14 13 13 14 15 14 13 14 16 16 14 15 13 16 15 13 15 15 15 13 16 13
4 5 5 5 5 5 4 4 5 5 4 5 5 5 4 4 5 4 5 5 4 4 4 4 4 5 5 5 4 5 5 5
9 7 9 8 7 8 9 9 8 8 9 7 8 7 7 9 8 9 8 9 7 9 9 8 7 7 9 7 7 8 8 7
17 14 14 15 17 15 14 15 16 15 16 14 17 17 17 15 17 16 15 15 16 15 15 16 17 17 15 16 16 14 14 14
7 7 7 8 7 8 9 9 8 8 7 9 9 7 9 8 9 7 8 8 9 9 8 8 9 8 9 9 8 9 7 8
16 20 19 17 19 21 20 16 16 20 17 17 19 19 18 18 20 21 21 18 21 17 18 16 21 19 20 21 19 18 17 20
16 16 16 17 18 16 15 14 17 18 15 15 14 17 14 17 17 14 15 14 18 15 18 14 18 16 14 17 16 16 17 17
15 13 14 15 16 15 15 14 16 16 14 16 13 15 16 15 15 13 13 15 16 16 16 13 15 16 16 14 13 16 15 14
18 22 21 21 19 21 18 19 21 20 18 23 22 19 22 22 18 23 22 23 21 23 23 20 22 22 23 21 22 22 23 19
2 3 2 3 3 3 2 3 3 2 3 2 3 2 3 3 2 2 2 2 2 3 3 3 2 3 3 3 3 2 3 2
11 12 10 11 12 11 13 10 10 12 13 10 12 10 11 13 11 13 12 10 12 10 11 13 13 12 11 12 12 11 13 10
12 13 11 13 14 11 11 14 13 13 11 12 14 14 14 14 14 12 12 12 12 11 11 11 12 13 12 13 12 13 14 11
14 17 17 16 16 15 16 16 15 14 16 17 17 17 16 16 14 16 14 16 17 17 15 17 17 16 14 14 14 14 16 16
2 2 2 2 2 3 2 3 3 2 3 3 3 3 3 2 2 2 2 3 2 2 2 3 2 2 2 2 3 3 3 2
17 16 17 16 17 17 17 18 18 18 17 18 21 18 16 17 17 17 18 16 21 20 18 19 19 18 20 18 16 21 18 18
8 8 9 9 7 7 9 8 8 7 8 7 9 8 8 7 8 9 8 9 7 8 8 7 9 7 9 8 8 8 8 8
13 14 13 16 15 15 15 15 15 14 14 15 16 13 15 14 16 16 14 13 16 15 16 15 13 14 15 14 13 15 15 14
11 10 13 12 13 11 13 13 13 10 10 10 12 13 11 13 10 13 10 13 12 13 10 11 12 12 10 11 12 13 12 13
9 10 11 12 11 11 9 9 9 12 12 10 10 11 12 12 10 11 10 12 10 9 12 9 9 9 12 10 11 12 9 11
4 3 4 3 3 4 3 3 3 3 4 3 3 3 4 4 4 4 4 4 4 3 4 4 3 3 3 3 3 3 4 4
18 18 20 23 18 20 19 18 20 20 20 22 21 19 20 23 20 20 21 20 21 22 20 18 22 19 18 22 23 18 23 21
23 18 22 20 21 21 23 19 23 19 19 18 22 18 22 18 19 20 20 20 23 21 21 19 22 19 18 19 23 23 20 18
9 10 9 11 8 8 10 8 11 9 10 11 11 10 9 9 8 8 11 11 10 8 9 9 8 10 11 9 11 9 11 10
14 13 12 14 14 11 13 14 12 11 12 12 12 11 11 13 12 13 14 11 11 13 14 13 13 12 13 11 14 12 13 12
10 8 10 11 10 8 10 9 8 9 10 11 8 9 9 8 11 9 10 10 8 11 9 8 8 11 11 9 11 9 10 8
2 2 2 2 2 3 2 3 3 3 2 2 3 3 3 3 2 3 2 2 2 3 2 3 2 2 2 3 2 3 3 2
18 19 17 17 18 21 17 18 18 20 16 16 16 17 21 16 16 20 21 17 17 19 17 21 17 18 17 19 16 19 18 21
7 7 7 6 7 7 7 6 7 6 6 7 6 7 6 6 7 6 6 6 6 7 6 6 6 6 7 7 6 6 6 6
7 7 8 7 7 7 8 7 8 7 7 8 7 7 8 8 8 8 8 7 8 7 7 7 8 7 7 7 7 7 7 8
3 3 4 3 3 3 3 3 3 3 4 4 3 4 3 4 3 4 3 4 3 4 3 3 4 3 4 3 3 3 4 4
1 2 2 2 1 1 1 1 2 1 2 2 1 1 1 1 1 2 2 2 1 1 1 1 2 1 2 1 2 1 2 1
21 19 16 17 21 19 21 21 16 18 20 18 17 21 20 16 19 21 18 19 19 21 17 20 17 19 16 21 17 17 21 18
6 6 6 6 6 6 5 6 5 6 5 6 5 5 6 6 5 5 5 5 6 5 5 5 6 5 5 6 5 6 5 6
16 15 14 15 13 14 13 15 13 15 16 16 16 13 14 15 15 13 15 16 16 13 16 14 16 16 13 15 16 16 14 13
19 19 19 19 19 18 16 17 18 20 16 19 20 20 17 18 17 20 16 19 18 17 20 15 20 15 19 17 15 15 19 15
12 12 14 14 12 12 12 11 11 12 12 11 11 12 13 13 12 12 11 12 14 13 14 14 13 11 13 13 12 13 11 14
22 19 19 20 20 20 21 19 21 18 20 22 19 21 17 17 20 17 19 17 22 22 19 17 19 21 20 22 22 19 22 21
14 11 12 14 14 12 12 13 11 14 11 11 14 13 12 14 14 11 11 13 13 14 12 12 14 11 11 12 12 13 11 12
12 14 13 14 11 13 12 14 11 11 12 13 11 14 14 14 11 14 12 12 12 14 11 12 14 14 12 11 13 12 12 11
5 6 6 6 5 6 5 6 6 6 5 5 6 5 5 5 5 6 6 6 5 5 5 5 6 6 6 5 5 6 6 5
13 12 12 15 14 15 15 13 12 15 15 12 15 12 12 14 14 15 12 15 15 14 13 14 14 15 14 12 14 13 14 14
3 4 4 3 4 3 3 3 3 4 3 4 3 3 4 4 3 3 4 3 4 3 3 4 3 3 3 4 3 3 4 3
14 15 15 15 14 15 15 15 14 15 13 16 15 16 14 13 15 14 16 16 13 14 16 16 15 13 14 14 16 16 14 16
12 14 13 12 12 13 15 13 12 15 14 15 15 12 13 15 13 14 13 14 15 13 15 12 15 13 13 13 15 14 13 13
12 11 12 12 11 11 13 11 13 12 13 13 11 12 13 13 12 12 11 12 12 11 11 13 13 12 12 11 12 14 11 12
5 5 5 5 5 5 5 5 5 5 6 6 5 5 6 5 5 6 5 6 5 5 6 5 6 6 6 6 5 6 5 6
11 13 14 11 14 12 12 12 12 11 13 11 12 14 13 14 13 12 11 12 11 13 11 14 14 14 14 14 12 12 12 13
5 5 6 6 6 6 5 5 5 6 5 6 5 6 5 6 5 5 5 6 6 5 5 6 5 5 5 5 5 5 6 6
20 22 19 19 21 19 20 19 17 22 19 19 18 18 22 18 18 17 20 20 22 17 18 17 20 18 18 17 21 18 21 20
19 21 17 21 19 17 21 21 18 18 17 17 20 20 16 17 20 17 17 20 21 19 21 17 20 19 17 20 20 21 21 16
3 4 4 3 3 4 3 4 4 3 4 3 4 3 3 4 3 3 4 3 3 3 4 3 3 3 3 4 3 4 3 3
4 3 3 4 3 3 3 3 3 3 4 3 3 4 3 4 3 3 3 4 3 4 3 4 4 4 3 4 3 3 3 3
2 2 2 3 2 3 2 3 2 3 2 2 2 3 3 3 3 3 3 3 3 2 2 2 3 3 2 2 3 3 3 2
7 9 8 8 9 8 7 8 8 9 8 9 9 7 7 9 9 8 7 8 8 7 9 7 7 8 8 9 8 8 9 7
16 15 17 14 15 15 15 17 17 15 17 17 17 16 14 16 17 14 17 14 15 17 15 17 14 17 16 17 16 17 17 15
14 16 13 16 14 15 13 16 15 15 15 14 16 15 15 15 13 16 16 14 13 14 13 13 16 16 16 13 16 14 14 15
12 14 14 14 13 13 12 15 14 15 13 15 13 13 15 15 15 12 12 14 14 14 15 13 13 12 15 15 12 13 12 15
9 9 9 7 8 7 8 9 8 8 9 8 8 8 8 9 7 9 9 9 8 9 7 8 8 9 8 8 9 9 7 8
17 19 20 22 20 18 18 22 18 22 22 20 20 20 21 19 18 18 19 21 17 18 17 19 19 19 17 22 22 17 21 22
5 4 5 5 4 4 5 4 5 4 5 5 4 5 4 4 5 4 5 5 5 4 5 5 4 5 5 5 5 5 4 4
15 16 15 16 15 15 16 16 14 16 15 16 15 13 15 14 14 16 13 13 16 13 13 16 16 16 14 14 15 13 16 16
1 1 2 2 1 1 2 2 1 1 2 2 1 1 1 1 1 1 2 1 1 1 1 2 2 1 1 1 1 2 1 1
14 13 15 14 16 16 13 14 15 13 15 16 13 13 16 15 14 16 13 13 15 14 14 16 15 13 13 13 16 14 16 16
15 14 14 15 14 16 16 14 15 14 14 15 17 15 14 14 16 17 15 15 14 14 16 16 17 15 17 14 17 16 14 17
16 14 15 15 14 13 16 13 13 16 14 16 14 16 14 15 15 16 14 16 16 15 13 16 14 13 14 13 13 15 13 13
19 19 21 21 21 20 21 17 20 21 19 19 20 18 18 22 19 19 17 21 22 21 17 19 21 18 17 18 17 17 22 18
7 8 7 8 8 8 7 8 8 7 7 7 7 7 8 7 8 8 8 7 8 7 8 7 8 8 7 8 8 8 7 7
17 19 20 17 16 20 15 18 15 20 19 20 15 20 15 19 20 20 16 17 20 19 19 16 20 19 16 18 18 15 16 18
21 18 21 18 18 17 18 16 19 18 16 21 18 17 19 18 20 21 19 20 19 17 17 17 19 20 19 17 16 18 18 17
8 8 9 8 9 9 7 9 8 8 8 7 7 9 8 9 7 8 7 7 8 8 8 8 7 9 8 9 7 9 7 9
8 8 8 7 8 8 7 7 8 7 7 8 7 8 7 8 8 7 7 7 8 7 7 7 7 7 7 8 7 7 8 8
7 8 8 7 8 7 8 8 8 8 7 8 8 7 8 8 8 8 8 8 8 7 7 7 8 7 8 7 8 8 7 8
12 10 11 9 11 9 9 9 9 12 12 10 9 9 12 11 12 9 12 11 11 10 11 10 12 9 11 9 10 10 12 9
9 9 8 9 10 8 10 10 11 8 10 8 8 8 9 9 8 9 9 9 8 9 8 8 11 11 11 10 11 11 8 9
13 12 13 13 12 13 12 13 13 13 15 15 12 13 12 15 14 12 15 12 13 14 12 12 12 13 15 12 12 15 14 14
13 12 11 10 13 13 11 10 11 13 10 13 13 13 10 12 12 13 10 10 13 10 11 12 11 13 12 12 13 13 13 11
10 11 9 8 9 8 11 11 9 8 10 11 9 8 8 9 10 9 9 11 11 10 8 10 9 10 11 9 11 9 9 10
13 13 10 10 12 13 12 11 11 10 13 10 10 13 13 11 10 13 10 13 13 11 13 12 12 12 12 12 10 13 11 13
16 14 17 14 15 16 14 14 17 15 17 14 16 16 16 14 17 17 15 15 15 15 16 14 14 16 17 16 17 17 14 17
5 5 6 5 5 6 5 6 6 5 5 6 5 5 6 5 6 6 5 5 5 6 6 5 5 5 5 6 5 5 6 5
6 6 7 6 7 7 7 7 7 6 6 7 6 7 7 7 7 7 7 7 6 6 6 6 6 7 6 7 6 6 7 6
19 16 19 18 16 18 19 16 17 20 19 18 19 21 16 20 17 20 17 18 17 17 21 21 17 21 16 18 19 17 16 20
6 5 5 5 6 6 5 5 5 6 5 6 5 6 6 5 5 5 5 6 5 5 6 5 6 6 5 6 5 5 6 6
7 8 7 8 7 7 7 8 7 7 8 7 7 7 7 7 8 7 8 8 8 7 8 7 8 8 7 8 8 8 7 7
8 9 7 7 8 7 8 8 7 8 8 9 9 7 9 7 7 9 7 8 8 7 7 9 8 8 8 8 7 7 7 9
6 7 7 6 6 6 6 6 6 6 7 6 7 6 6 6 6 6 6 6 7 7 6 6 7 6 7 7 6 7 6 7
14 15 15 15 13 13 13 13 14 13 16 16 16 16 16 16 16 15 14 15 15 14 16 14 16 15 13 15 15 14 14 15
17 15 17 16 20 19 16 18 15 15 17 16 20 15 18 19 19 19 19 15 17 19 19 18 19 15 16 20 20 17 15 19
7 7 7 6 7 7 7 6 7 7 7 7 7 7 7 6 6 7 6 7 6 7 6 6 7 6 7 6 7 7 7 6
7 7 6 7 6 6 7 7 6 7 7 7 7 6 7 7 7 6 6 6 6 7 7 6 6 7 6 6 6 6 6 7
9 9 7 7 8 7 8 8 9 9 8 9 8 9 7 7 7 9 8 9 7 9 8 8 7 8 9 8 9 9 7 7
17 17 19 21 18 18 20 17 22 21 22 20 22 21 18 17 17 17 19 17 19 21 21 19 18 17 22 21 19 21 22 20
16 16 16 17 14 16 14 17 17 14 17 17 15 14 15 17 14 15 15 17 15 16 16 17 14 16 15 16 14 15 17 15
15 15 14 17 14 16 15 14 14 15 17 14 14 17 17 15 15 15 16 17 14 16 17 14 15 16 14 14 17 16 17 15
15 14 12 14 15 15 14 15 12 14 12 15 13 14 14 12 13 12 15 14 13 14 14 14 14 15 12 13 12 14 14 15
11 11 12 11 11 14 12 13 14 13 13 13 14 14 12 14 13 13 11 14 14 11 13 12 14 14 11 14 12 14 12 13
17 15 15 15 17 15 14 14 14 14 14 16 17 16 17 16 14 14 14 17 17 14 15 14 17 15 14 14 14 14 15 17
17 17 15 15 15 17 17 17 17 16 14 14 14 15 15 17 15 16 15 16 15 14 14 16 16 16 17 14 15 16 15 16
15 14 14 14 17 16 15 14 16 17 17 16 16 14 17 14 16 15 16 16 15 15 15 15 17 16 17 14 14 17 17 16
17 19 18 18 20 17 16 15 19 17 17 19 19 19 20 17 19 17 18 16 15 19 18 20 20 19 19 17 18 17 19 18
19 16 16 17 18 17 18 20 18 16 21 20 21 17 19 17 20 17 20 19 16 21 21 20 20 21 19 17 17 18 19 17
2 3 2 3 2 2 2 3 2 2 2 3 3 2 2 3 2 3 3 2 2 2 2 2 3 3 3 3 2 3 3 3
17 21 20 18 20 19 20 21 21 18 18 17 18 18 22 19 18 17 20 21 17 18 21 21 19 18 19 17 19 21 19 20
12 10 12 10 9 11 11 9 9 9 9 9 9 10 10 12 10 12 10 12 10 11 11 12 9 9 12 11 12 12 10 12
2 1 1 1 1 1 1 2 1 1 1 2 1 1 1 2 1 2 2 1 1 1 1 1 1 2 1 2 1 2 1 2
9 9 11 8 11 10 8 11 11 10 11 11 10 8 8 9 10 11 8 8 11 10 8 11 11 10 8 11 9 10 10 11
11 11 11 9 12 10 9 11 11 10 11 9 9 12 12 12 9 9 11 9 12 9 12 12 10 9 12 12 10 11 10 10
8 8 9 8 8 8 9 9 8 10 10 11 11 10 11 10 8 11 10 11 9 8 9 10 10 11 11 11 11 9 10 9
12 12 12 9 11 10 10 12 10 10 9 12 12 11 9 9 9 10 9 11 10 12 10 10 10 9 11 11 9 11 10 11
8 8 8 8 7 7 7 8 7 8 8 7 8 8 7 8 7 7 8 8 7 7 8 8 7 7 8 8 8 8 7 8
18 15 15 15 17 16 14 17 16 17 17 15 14 18 16 16 16 18 15 17 18 15 14 17 14 18 15 15 17 18 14 18
6 5 6 5 5 5 5 5 5 6 5 6 5 5 5 6 6 5 6 6 6 6 5 6 5 5 5 6 6 5 5 6
5 5 4 5 4 5 5 5 4 5 4 4 4 4 4 5 5 4 4 4 5 5 5 4 5 5 5 5 4 4 5 4
10 12 10 9 12 12 12 12 12 10 11 12 12 11 9 9 11 11 11 10 10 11 11 11 9 9 9 10 12 12 11 9
12 11 13 13 11 12 11 13 12 12 10 13 10 10 11 13 10 13 11 11 13 10 10 10 12 13 12 11 10 12 10 11
12 11 10 11 9 11 9 10 10 11 10 11 9 12 10 9 11 9 11 12 11 9 10 9 12 12 9 10 12 11 10 9
5 6 6 5 6 5 5 6 5 5 6 5 6 6 6 6 6 6 5 5 6 6 6 6 5 6 6 5 6 6 6 6
6 5 5 6 5 5 5 6 6 5 5 6 5 6 5 6 5 6 5 5 5 6 5 5 6 5 6 5 5 5 5 6
22 21 20 23 19 21 21 20 18 22 22 23 21 19 21 19 23 18 18 21 20 21 19 19 20 18 22 20 19 18 20 19
17 17 22 20 17 20 17 17 22 19 21 19 18 22 22 20 18 20 19 21 21 22 18 20 17 22 20 22 17 18 17 20
19 17 16 19 15 15 16 20 20 17 16 18 16 15 16 18 16 20 19 15 16 20 20 15 15 16 17 18 16 20 15 19
10 8 8 9 9 10 8 8 11 11 9 8 10 11 11 11 11 11 9 8 10 11 10 8 10 11 10 9 10 10 9 9
15 20 15 17 19 19 15 18 15 20 16 16 15 19 18 17 18 15 16 19 16 19 19 20 15 15 18 20 17 20 18 20
13 13 12 13 10 13 12 12 12 11 10 13 10 11 11 10 11 10 11 10 11 13 13 13 13 12 11 12 12 11 12 13
20 17 20 18 16 18 19 16 21 21 20 18 16 21 17 21 17 20 21 21 21 19 20 21 16 16 20 20 17 20 20 21
15 18 16 16 15 15 18 14 15 14 16 15 15 15 17 15 14 16 14 15 18 15 16 17 16 16 16 17 18 18 16 17
16 16 15 16 16 15 18 16 14 15 17 14 17 17 14 15 17 17 18 17 15 16 16 17 17 17 15 18 17 14 16 14
17 16 19 15 19 18 19 20 19 17 17 16 17 15 17 18 19 20 20 17 19 15 16 16 18 15 16 19 20 17 17 19
17 20 20 21 18 16 20 21 20 20 18 18 21 19 17 21 21 18 19 16 17 18 16 18 19 16 20 20 20 19 18 21
8 8 9 11 10 9 11 8 9 10 11 10 10 8 11 11 11 10 11 8 9 10 9 11 11 8 11 8 8 10 11 11
6 6 5 5 6 6 5 6 6 5 6 5 6 5 5 5 5 5 5 5 5 5 6 6 5 5 5 5 6 6 5 5
10 11 12 11 11 12 13 10 13 13 10 13 11 10 12 10 13 11 11 12 13 13 10 10 12 12 10 12 13 11 10 10
8 7 8 7 9 7 9 9 7 9 9 8 8 7 9 7 9 8 9 7 9 9 9 9 8 9 7 9 9 8 9 8
18 14 14 16 15 14 15 15 14 17 17 18 17 14 16 15 15 18 18 18 14 18 18 15 18 18 15 16 15 18 16 16
13 12 15 14 14 12 13 14 12 15 14 12 14 13 12 13 12 13 14 12 13 12 13 15 13 14 12 12 15 13 13 14
12 14 14 12 13 11 11 12 14 11 12 11 11 14 13 11 11 11 11 13 14 13 14 14 13 14 14 13 12 12 11 12
6 5 6 5 6 6 6 6 5 6 6 6 6 5 6 5 5 6 5 6 5 5 5 6 5 5 6 5 5 6 5 5
3 3 2 3 2 2 3 2 3 2 2 3 3 2 2 2 2 2 3 3 2 3 3 2 2 2 2 2 3 3 2 2
20 20 19 22 18 21 20 17 20 21 21 20 22 20 18 19 17 17 17 20 22 18 18 17 21 21 17 18 18 17 21 17
16 21 19 17 16 20 21 16 18 20 20 20 20 16 19 20 17 19 20 20 19 19 16 21 20 16 19 19 16 17 17 16
11 13 10 10 10 10 13 13 13 12 12 13 11 11 10 10 13 13 11 12 13 11 13 12 12 13 11 11 11 10 10 13
20 20 19 22 23 22 22 20 19 22 21 23 19 20 18 20 19 23 18 18 21 23 19 23 23 19 21 22 21 21 19 19
13 11 11 11 11 10 12 11 10 12 13 13 11 11 12 13 10 10 11 12 12 12 10 11 12 10 13 10 10 13 13 13
4 5 5 4 4 5 5 5 5 4 5 5 4 5 5 5 5 5 4 5 4 4 5 5 4 5 4 4 4 5 4 5
9 8 8 8 7 8 9 8 8 9 8 9 9 8 9 9 7 7 9 8 7 9 7 8 9 9 8 7 7 8 7 8
4 3 3 3 3 3 3 4 3 4 4 3 3 4 4 3 3 4 3 4 4 3 4 4 4 4 4 3 3 4 3 4
5 5 5 5 5 4 4 4 4 5 5 5 4 5 4 5 5 4 5 4 4 4 5 5 4 5 4 4 5 4 5 5
6 7 6 7 6 6 6 6 6 7 6 6 7 7 7 7 6 6 7 6 7 7 7 7 6 7 7 7 6 6 7 6
19 17 18 22 18 17 19 20 20 21 18 21 17 18 18 19 19 19 19 21 22 17 17 19 21 22 21 17 20 17 22 21
6 6 5 5 5 6 6 5 5 6 6 6 6 5 5 6 6 6 5 5 5 5 5 5 5 5 5 6 5 6 6 5
23 23 21 18 21 19 18 18 22 19 18 18 19 18 23 20 21 23 22 21 19 20 20 21 19 21 19 22 23 18 20 19
13 14 11 12 13 13 13 11 14 14 13 12 14 13 14 11 12 13 13 14 14 14 13 13 12 12 12 14 11 11 14 14
13 12 13 12 12 10 13 11 11 13 11 12 13 12 11 13 12 10 11 12 11 13 11 10 13 12 12 11 10 12 11 13
22 23 23 23 23 19 18 20 22 21 19 18 20 20 18 19 21 20 23 23 23 19 18 22 22 18 20 22 21 21 20 23
10 9 9 9 10 10 9 9 9 11 9 10 8 9 10 9 10 11 10 11 11 10 9 8 8 8 11 9 9 11 10 11
17 19 18 17 21 18 21 22 17 22 19 19 19 21 21 17 20 22 17 19 20 19 18 22 18 22 19 22 17 21 18 18
14 13 14 12 12 12 15 12 14 15 12 12 14 15 13 15 13 14 14 15 13 14 15 13 15 13 13 15 12 14 15 12
7 9 7 8 8 8 9 7 7 9 8 7 7 9 8 9 9 8 9 8 8 8 7 8 9 8 8 9 7 7 9 9
22 19 20 22 20 19 21 21 22 20 22 21 20 23 21 21 23 21 21 22 23 20 21 23 18 23 23 22 23 23 21 20
6 5 6 6 5 5 5 6 6 5 6 5 6 5 5 5 5 5 6 6 6 5 6 6 6 6 5 6 5 5 5 6
8 8 7 7 7 8 7 7 7 7 8 7 8 7 7 7 8 8 7 8 8 7 7 7 7 7 8 8 8 7 8 7
13 12 12 11 13 13 12 11 13 13 10 10 12 12 13 10 10 12 10 12 10 13 13 10 12 10 13 13 10 12 11 10
13 12 11 14 13 12 13 12 11 11 14 13 12 12 14 13 13 12 11 11 11 11 11 11 14 11 13 11 11 13 14 13
18 15 18 18 15 17 19 17 15 19 19 18 15 19 16 17 17 18 20 19 15 20 18 19 18 15 16 16 17 20 20 18
7 7 7 7 6 6 7 6 6 7 6 6 7 6 7 7 7 7 7 6 7 6 7 6 7 6 6 6 7 6 7 6
9 9 11 12 9 12 11 10 12 12 9 12 10 11 9 10 11 11 11 10 12 9 12 10 11 10 10 12 11 10 11 10
2 2 1 1 1 2 1 1 2 1 2 1 2 2 2 2 1 1 2 1 1 1 1 1 1 2 2 2 1 2 2 2
17 15 15 16 16 14 17 17 14 17 15 14 14 14 15 17 17 15 17 17 17 14 16 17 15 15 16 14 16 15 15 14
3 3 4 4 3 3 4 4 4 4 3 3 3 3 3 3 4 4 4 3 4 3 4 4 4 4 4 4 4 4 3 4
15 13 14 15 14 12 15 13 12 13 14 13 15 13 15 13 14 14 13 15 13 13 13 14 13 12 15 15 15 13 15 14
17 19 20 16 18 16 21 20 17 20 21 17 19 19 21 16 18 19 18 18 20 16 17 18 17 16 19 19 21 21 19 19
19 22 19 21 19 18 22 19 19 19 23 23 18 23 18 22 23 18 20 19 20 20 21 18 19 18 20 20 19 22 18 21
22 18 21 19 21 19 21 18 21 22 21 19 20 23 23 20 19 18 21 23 19 21 19 18 21 23 21 21 18 20 20 21
17 16 14 16 14 16 17 17 14 17 16 17 16 14 16 16 16 15 16 16 14 15 17 16 17 17 15 17 17 16 17 14
1 1 2 1 2 2 1 2 2 2 1 2 1 2 2 1 2 2 2 1 2 1 2 2 1 1 1 2 2 2 2 2
16 18 17 21 17 19 18 16 16 21 21 19 20 18 21 19 21 18 19 19 18 19 20 21 19 21 18 16 19 16 20 21
12 11 11 11 12 11 10 13 11 10 12 11 12 13 11 10 11 11 11 13 11 10 13 10 10 10 11 13 10 10 10 12
10 12 11 11 9 9 11 11 9 10 11 11 11 9 9 12 12 10 10 11 9 12 11 12 11 9 9 10 10 12 10 12
21 17 22 17 17 21 18 18 19 18 17 18 18 22 19 20 20 18 20 21 20 21 18 18 20 20 17 20 21 21 19 22
13 16 13 14 15 16 16 14 15 15 14 15 16 15 16 15 15 16 13 16 13 15 16 16 16 13 16 15 15 14 15 14
19 18 19 18 22 19 18 17 18 20 21 17 20 17 20 18 20 17 17 21 22 19 22 17 21 19 22 20 22 18 18 17
13 14 14 16 16 16 16 15 14 14 15 15 14 13 13 13 14 15 15 16 16 13 14 15 13 14 15 15 15 13 16 16
8 7 8 8 8 8 8 7 7 7 8 8 7 7 8 8 8 7 8 7 7 7 8 8 7 7 7 7 8 8 8 8
15 15 16 14 13 16 15 16 13 14 13 13 15 16 16 13 14 16 16 15 13 14 16 15 15 15 13 16 14 15 16 14
14 16 16 17 14 17 18 15 15 16 18 18 14 18 14 16 16 15 16 15 16 14 14 15 17 16 15 18 14 18 17 15
16 17 21 19 21 21 18 21 19 18 16 21 19 21 16 17 18 16 20 18 18 19 17 16 19 19 20 17 17 16 16 20
14 13 14 16 13 14 13 15 13 15 14 16 13 13 16 16 15 16 15 16 13 13 15 16 13 14 14 16 15 13 16 15
6 6 7 7 7 6 7 6 6 7 6 6 6 7 7 7 6 6 6 6 7 7 7 7 6 7 6 7 6 6 6 6
8 8 9 9 8 9 7 7 7 7 7 9 8 8 7 8 9 7 8 7 8 7 9 9 7 9 7 7 9 9 8 8
9 11 10 10 11 11 8 8 10 8 10 9 8 11 10 8 8 8 10 10 11 11 10 11 11 10 9 9 9 8 11 9
17 15 16 16 16 14 14 14 14 18 17 17 18 16 15 17 17 16 18 17 18 17 18 18 15 14 17 17 14 14 15 14
4 4 4 3 4 4 4 3 4 4 4 3 4 4 3 4 4 4 4 4 4 3 4 4 3 3 3 4 4 3 4 4
21 20 20 23 18 21 19 18 20 20 18 21 23 19 18 19 18 21 22 20 22 20 20 21 21 21 23 22 23 19 18 18
4 5 4 4 4 5 5 4 5 4 4 4 5 5 5 4 5 5 4 4 4 4 4 4 5 4 4 5 4 4 5 4
13 13 16 16 13 15 13 14 15 14 13 15 14 16 13 14 15 14 15 14 14 13 15 15 15 16 14 13 13 13 13 14
20 19 16 21 21 19 18 18 16 18 20 20 19 17 17 19 17 20 21 21 21 16 19 17 16 19 17 16 19 18 18 19
13 12 12 11 13 14 14 12 13 12 14 13 14 14 12 11 14 14 14 13 11 13 12 12 12 14 14 11 12 13 11 13
15 15 12 15 14 12 12 14 15 13 15 15 14 12 12 13 15 12 14 14 13 12 14 12 14 13 14 14 14 13 12 12
2 2 2 2 3 2 3 3 2 3 3 3 2 3 3 2 2 3 2 2 2 2 2 3 3 2 3 2 2 3 2 2
22 21 21 22 18 22 18 19 18 17 22 19 19 18 19 17 17 17 19 18 19 22 22 20 19 19 17 19 19 19 19 17
17 17 15 14 17 15 16 16 15 14 14 18 18 18 14 17 18 14 14 18 18 16 16 14 18 17 15 17 18 15 16 15
15 16 15 17 18 19 15 18 17 19 20 20 17 19 16 19 18 18 16 16 19 16 18 18 20 20 18 16 17 20 19 15
3 3 3 2 2 2 2 2 2 3 2 2 3 2 2 3 2 3 3 2 2 2 2 3 3 3 3 3 3 3 2 3
5 4 5 5 5 4 4 4 4 5 4 5 4 5 5 4 5 4 5 4 4 4 4 4 4 4 5 4 4 5 4 5
20 20 16 19 20 19 15 19 19 18 18 18 16 19 19 18 16 17 20 20 19 17 16 20 15 20 17 19 17 15 19 18
16 14 15 16 15 15 13 16 13 16 15 16 15 15 15 15 13 15 13 16 15 14 13 16 16 14 16 13 13 14 13 15
4 4 5 4 4 5 4 4 4 5 4 5 4 5 5 5 5 5 4 4 5 5 5 5 5 4 5 5 5 5 4 4
12 14 15 12 14 14 13 14 13 14 15 13 13 13 14 14 15 14 15 12 14 14 15 12 12 15 13 13 14 12 15 14
16 17 18 15 15 16 18 18 17 15 16 14 15 18 14 16 15 14 16 15 17 16 15 17 17 17 18 14 17 17 16 17
12 11 11 12 14 13 11 14 13 14 14 14 12 12 11 11 13 11 12 13 13 12 14 13 12 14 11 12 14 11 13 13
17 19 22 18 17 17 19 17 22 17 22 22 20 17 17 18 17 17 19 20 22 19 18 17 19 20 22 17 20 18 20 17
19 16 20 16 18 19 17 20 15 20 18 15 16 18 20 16 19 17 18 19 16 17 17 15 20 19 20 20 17 19 19 15
3 4 3 4 3 4 4 4 3 3 3 3 4 4 4 4 3 3 3 3 3 4 4 4 4 4 3 3 3 3 4 4
12 13 11 12 12 14 11 11 12 12 14 12 12 13 13 11 12 14 13 14 12 12 13 14 14 14 13 11 12 11 11 12
20 16 16 16 18 20 18 21 17 19 18 18 21 19 20 19 19 20 16 18 21 17 19 19 21 19 18 18 19 17 17 18
18 15 14 15 14 18 18 18 17 15 14 18 16 18 17 16 18 16 18 16 17 17 17 18 18 14 14 18 18 16 16 16
8 8 7 8 8 9 7 9 8 7 8 9 8 9 9 8 8 9 8 9 8 9 7 9 8 7 8 9 9 9 8 8
7 6 6 7 7 7 6 6 6 7 7 6 7 7 7 7 6 7 7 7 6 7 6 7 6 7 6 7 6 6 6 7
2 2 3 3 3 2 3 2 2 2 3 2 3 3 2 2 3 3 2 3 3 3 2 2 2 2 2 3 3 3 2 2
6 7 7 6 7 7 7 6 6 7 6 7 6 7 7 6 7 7 7 6 6 7 7 7 7 7 6 7 7 6 6 6
18 17 15 14 17 14 16 15 16 14 14 15 17 17 17 16 14 17 14 14 15 15 14 16 18 14 16 14 18 16 16 15
7 8 8 8 7 8 8 8 7 7 7 8 7 7 7 7 7 8 7 8 8 7 7 8 8 7 8 8 8 7 8 7
7 8 7 8 7 8 8 8 7 7 7 8 8 7 7 8 8 7 7 7 8 8 8 7 8 7 7 7 8 8 7 7
14 14 16 15 18 15 14 15 18 16 17 18 15 14 15 17 15 16 15 15 14 18 15 15 16 14 17 18 18 16 14 14
15 14 15 13 12 14 14 13 12 13 12 14 15 13 14 13 13 12 13 14 12 14 14 12 14 15 13 12 13 13 13 15
2 2 3 3 2 3 2 3 2 3 3 3 3 2 3 3 2 2 3 2 2 3 3 2 2 2 3 3 3 3 2 2
12 12 14 12 14 11 13 12 14 11 14 12 14 13 14 14 11 12 11 11 14 13 14 14 11 14 14 11 13 13 14 13
9 10 10 10 8 10 11 8 8 11 11 8 11 9 8 10 9 10 8 11 10 8 9 9 9 10 9 10 11 8 8 11
13 14 14 15 12 14 14 15 12 15 15 12 13 13 12 12 15 14 12 13 15 12 12 12 13 13 14 13 14 12 14 15
7 7 6 7 7 6 7 7 7 7 7 6 6 7 7 6 7 7 6 6 6 6 6 7 6 7 7 6 6 7 7 6
7 8 7 8 8 8 7 8 8 8 7 7 7 8 8 7 7 7 7 8 8 7 7 8 7 7 8 7 7 8 8 8
7 7 6 7 7 7 6 7 6 6 7 6 6 6 7 6 6 7 6 7 6 6 6 7 6 7 7 6 6 7 7 6
22 18 22 17 22 18 19 19 21 20 22 21 22 17 18 21 19 20 18 21 21 18 18 17 20 20 17 18 20 17 21 22
19 15 15 15 20 18 18 19 15 16 15 15 20 15 19 17 15 15 15 16 20 15 19 20 16 20 16 19 18 17 20 19
18 19 16 16 18 17 21 16 17 16 19 18 20 20 19 19 19 17 20 21 20 19 21 18 18 20 20 17 17 18 21 19
14 17 15 16 16 17 17 14 14 14 17 18 17 16 15 18 18 14 14 14 16 15 17 18 18 18 18 16 15 17 17 18
18 21 20 18 18 20 21 18 17 20 19 20 17 20 17 21 20 22 22 18 17 17 17 18 18 22 20 20 21 17 21 20
18 16 15 15 15 14 16 16 16 15 18 18 17 17 14 15 17 17 18 18 15 16 15 18 15 16 17 17 14 17 14 14
14 13 12 14 12 13 11 14 13 14 11 14 11 13 11 13 11 14 11 13 11 14 11 12 14 12 12 12 13 11 14 11
4 4 5 4 4 4 5 5 4 4 5 5 5 4 5 5 4 4 4 5 4 5 4 5 5 4 4 4 4 4 4 4
6 6 5 5 6 5 6 5 5 6 6 5 6 6 5 6 5 5 5 6 6 6 5 5 5 6 5 6 5 5 5 6
11 12 14 12 13 13 11 12 11 11 13 12 12 13 12 14 14 12 11 13 13 13 14 11 14 11 12 12 13 11 14 12
4 5 4 5 5 4 5 4 4 4 4 4 5 5 4 5 4 4 4 5 5 4 4 4 5 5 5 4 4 4 4 5
12 11 9 10 9 11 12 9 12 10 9 11 12 12 11 12 12 12 9 10 12 10 12 11 11 10 10 10 9 11 10 9
3 4 3 4 3 3 4 3 3 3 4 4 3 4 4 4 4 3 4 4 4 4 3 3 4 3 4 3 4 4 4 4
7 6 7 6 7 7 6 6 7 6 7 6 7 6 6 6 7 7 7 7 7 7 6 6 7 6 7 6 6 7 7 7
7 8 7 7 7 7 7 7 8 8 8 7 7 7 7 8 7 8 7 7 7 7 8 7 8 8 8 8 8 8 8 8
16 17 15 14 17 14 14 17 15 17 17 18 15 17 15 18 17 14 15 14 14 14 15 14 14 15 16 14 15 16 18 15
15 15 18 20 15 15 17 18 19 17 17 18 16 17 17 18 19 18 18 17 18 17 20 20 17 17 18 16 16 15 19 20
6 5 5 5 6 6 5 5 5 6 5 6 6 6 6 6 5 6 6 5 5 5 6 5 5 6 6 6 6 6 5 6
12 13 14 14 15 14 12 12 14 12 12 14 13 14 12 13 14 14 14 12 14 14 13 15 13 15 12 13 14 15 14 12
2 2 2 2 2 1 1 2 2 1 1 1 1 2 1 1 1 1 1 1 1 1 2 1 1 2 2 2 1 1 2 2
6 6 7 6 7 6 7 6 7 6 6 6 7 6 7 6 6 7 6 7 6 7 7 6 7 7 7 7 6 7 7 6
16 16 14 14 15 15 14 17 15 16 14 17 14 17 16 15 16 15 16 17 15 14 14 15 17 15 17 14 16 16 15 16
21 19 21 18 16 17 16 16 17 16 21 16 18 21 17 16 16 16 16 16 19 16 20 19 21 17 17 21 16 18 20 17
7 7 7 7 6 7 6 6 7 7 7 7 6 7 7 7 6 6 7 6 6 7 7 6 6 7 7 7 7 6 7 7
7 7 7 7 6 6 6 7 6 7 6 7 6 7 7 7 7 7 6 7 6 6 6 7 7 6 7 6 6 7 7 6
14 12 12 12 13 14 14 12 11 14 13 14 13 12 12 12 11 12 14 11 14 13 13 14 11 12 13 13 12 11 13 12
2 1 2 1 1 1 2 2 2 1 2 1 2 1 1 2 2 2 2 2 1 2 2 1 1 2 2 1 2 2 1 1
2 2 2 3 2 3 3 2 2 3 2 3 2 3 2 2 2 3 2 3 3 3 2 3 2 2 3 3 2 2 3 2
17 15 20 19 20 20 17 19 19 20 20 18 17 16 18 15 17 17 16 20 18 18 20 19 17 20 17 20 16 19 16 18
3 4 3 4 3 4 4 3 4 3 4 3 4 3 3 3 3 4 3 3 4 4 3 3 4 3 4 3 4 4 4 4
17 17 18 17 18 18 17 22 21 21 17 20 17 21 19 21 21 18 19 20 20 17 21 19 19 21 20 17 21 18 21 20
3 3 3 3 4 3 3 3 3 4 4 3 3 4 4 3 4 3 4 3 4 4 3 4 4 3 4 4 4 3 4 3
1 1 1 2 2 2 1 1 2 1 1 2 2 1 1 2 2 1 1 1 2 2 1 2 2 2 2 1 1 1 1 2
7 7 7 6 7 6 6 7 7 7 7 6 7 7 6 7 6 7 6 6 7 7 7 6 6 6 7 6 7 7 6 7
22 20 18 19 22 20 19 19 19 19 20 19 22 22 19 20 18 17 22 19 19 21 21 20 21 21 18 18 17 19 22 17
9 9 9 9 7 9 8 7 9 7 7 7 9 7 9 7 7 9 7 8 7 7 9 8 7 7 8 8 7 8 7 7
19 17 17 19 21 17 17 17 20 21 21 17 18 20 22 22 19 17 22 20 22 19 21 17 19 21 17 21 19 17 17 19
3 3 3 2 3 2 2 2 3 2 2 2 3 3 3 3 2 3 2 3 3 2 2 3 2 3 3 3 3 2 3 2
16 16 16 16 14 17 17 16 14 17 16 16 14 17 16 14 14 17 15 14 16 15 14 16 17 16 17 17 14 16 17 17
4 3 4 3 3 3 3 4 3 4 4 3 3 3 3 4 4 3 3 4 4 4 3 4 3 4 4 3 3 3 4 3
17 19 16 21 17 16 17 16 16 21 19 21 18 20 21 19 20 16 18 16 19 19 19 19 18 20 21 18 18 19 19 18
5 4 5 5 5 4 4 5 4 4 5 5 5 5 5 5 4 4 4 5 4 5 5 4 4 5 5 5 5 4 4 5
22 18 21 23 23 18 21 22 18 20 21 23 21 18 23 19 23 22 22 18 23 18 20 19 19 18 21 22 20 23 20 18
3 3 3 3 3 4 3 3 3 3 4 3 3 4 3 3 4 4 4 3 3 3 3 4 3 3 4 3 4 4 4 3
18 21 19 20 17 20 17 17 19 20 21 16 19 19 18 19 19 21 19 18 21 18 21 20 18 16 18 18 20 20 16 21
17 17 16 17 17 18 17 18 14 17 14 17 15 17 18 18 14 16 16 17 14 14 16 18 18 18 14 18 17 14 18 17
15 17 17 16 15 14 14 14 15 17 14 15 14 14 17 16 16 17 16 15 16 15 14 17 16 14 16 15 15 14 14 14
3 3 4 4 3 3 4 3 4 3 4 4 4 4 3 4 4 3 3 3 4 4 3 4 4 4 4 4 4 3 3 4
11 13 11 10 13 10 13 11 12 10 12 10 12 12 12 10 13 11 10 11 12 11 10 11 11 10 12 11 13 13 10 11
4 4 4 4 4 5 4 5 5 5 4 5 5 4 5 5 5 4 4 4 4 4 5 4 5 4 5 4 5 5 4 4
6 6 6 6 6 7 6 6 7 6 6 6 7 6 6 7 7 7 6 7 7 7 7 7 7 6 6 6 7 6 6 7
14 15 13 13 13 14 14 13 15 15 14 14 12 13 14 14 15 12 15 15 13 14 14 13 15 15 12 15 13 15 13 13
12 11 14 12 12 12 12 11 12 14 11 11 12 14 13 12 12 14 12 12 11 14 14 13 11 13 12 14 12 14 14 13
13 16 15 15 14 13 13 15 13 16 13 13 16 14 14 15 13 16 15 15 15 13 15 14 14 15 15 13 14 16 14 13
12 13 15 12 13 15 15 12 13 15 13 13 15 14 14 13 15 13 12 14 14 13 12 15 14 15 14 12 15 12 14 14
7 7 8 9 7 9 9 8 8 9 9 7 8 7 8 7 9 8 8 9 8 8 9 8 8 8 7 7 7 7 9 9
14 11 11 11 12 13 11 13 13 11 11 13 12 11 11 14 12 14 11 13 13 12 12 11 12 12 14 11 13 12 13 12
10 11 12 11 11 9 10 9 11 10 11 9 9 10 9 12 12 10 12 9 9 9 9 11 12 11 11 9 9 12 12 11
17 17 17 20 19 19 22 18 22 20 19 18 22 18 17 20 18 18 18 18 21 22 20 20 22 18 17 18 19 21 17 19
20 19 21 19 22 21 22 22 18 20 21 17 17 20 18 22 17 20 22 18 17 17 20 21 20 21 20 21 22 17 22 18
10 8 10 10 11 8 8 8 10 8 8 8 8 8 11 10 10 10 9 9 11 8 8 11 11 9 9 11 11 9 9 9
7 6 6 6 6 6 6 7 6 7 6 6 7 6 7 7 7 7 7 6 6 7 6 6 7 7 6 7 7 6 7 6
11 10 11 10 11 11 9 10 10 10 11 9 11 8 9 10 8 8 9 8 9 8 9 10 10 11 11 11 10 10 9 10
7 6 6 7 6 7 7 6 6 7 7 7 6 7 7 7 7 6 6 7 6 6 6 7 7 7 6 7 6 7 7 7
19 19 19 18 17 15 15 20 19 16 16 17 19 19 15 16 20 16 16 16 17 20 19 20 15 17 17 18 15 17 19 18
14 15 14 14 15 16 13 16 16 13 13 16 15 14 16 14 14 16 16 15 13 13 13 15 14 14 13 13 13 15 16 13
15 14 17 15 15 16 15 17 17 15 17 16 15 16 14 17 17 14 14 15 14 17 14 15 14 16 17 15 14 17 15 15
12 12 13 14 12 12 14 13 14 14 12 12 11 12 11 13 11 14 12 12 12 13 13 12 11 13 11 14 14 13 11 12
12 12 13 12 13 11 13 13 14 12 11 12 12 11 13 13 12 13 12 13 11 14 14 12 12 11 13 12 11 14 14 14
19 18 18 15 18 15 20 15 18 15 19 16 20 17 20 15 16 20 20 19 16 16 17 17 17 17 17 18 20 17 17 18
11 12 9 9 12 12 10 12 12 9 12 9 9 11 9 10 9 10 11 11 10 9 9 10 9 10 12 10 11 11 12 9
14 16 15 15 15 15 16 14 18 17 17 15 17 18 15 15 15 18 16 18 15 17 15 16 14 18 18 16 14 15 18 18
8 8 8 9 9 9 8 9 8 7 7 8 7 7 7 9 8 9 9 7 9 7 7 7 8 9 8 8 8 7 9 9
7 7 8 7 8 7 7 7 7 8 8 8 7 7 8 8 8 8 7 8 7 7 8 7 7 7 8 7 8 8 7 7
22 18 21 22 20 22 17 20 22 21 22 20 19 18 18 21 20 21 18 19 20 20 17 20 20 22 17 17 18 17 20 21
15 17 17 15 18 15 14 18 17 18 14 16 14 17 18 18 18 17 17 16 17 17 17 17 18 18 14 14 15 16 14 18
11 11 13 11 11 11 12 12 13 10 11 13 10 10 11 11 11 12 11 10 10 13 12 10 12 12 12 13 11 13 13 12
3 2 3 3 3 2 2 3 2 2 3 3 3 3 3 2 3 3 3 3 3 3 2 2 3 3 2 2 2 2 2 2
14 12 11 14 14 11 14 12 13 11 12 12 12 11 13 11 13 11 14 11 13 11 12 14 11 11 14 13 14 13 13 11
15 16 15 15 13 14 15 13 16 15 16 16 15 13 15 14 14 15 16 16 15 15 16 16 13 13 15 16 16 15 16 16
1 1 2 2 1 2 1 2 2 2 1 2 1 2 1 1 2 2 1 2 2 2 2 1 2 1 2 1 1 2 2 1
5 4 4 5 4 4 4 4 5 4 4 4 4 4 4 5 4 5 4 5 4 4 4 4 4 4 5 4 4 4 5 4
2 1 1 2 1 1 1 1 2 1 1 2 2 1 1 2 2 1 2 2 1 1 1 2 1 2 1 2 2 1 1 2
8 7 7 8 7 8 8 7 7 7 7 8 7 7 7 7 7 8 8 7 7 7 7 8 7 7 8 7 7 7 7 8
19 21 20 17 16 19 20 17 16 20 16 20 20 17 20 18 20 18 21 19 16 20 20 20 21 17 19 19 21 18 19 21
15 17 15 17 14 14 15 16 16 14 15 17 16 14 15 15 15 14 16 16 15 14 16 14 15 15 15 14 15 17 17 16
6 6 6 5 6 6 5 5 5 6 6 6 6 6 5 6 5 6 6 5 5 5 5 5 6 5 5 6 6 6 6 6
16 15 15 16 17 14 14 16 17 16 16 17 14 16 17 17 17 17 14 14 17 15 16 14 17 17 16 15 15 14 14 14
5 6 5 6 6 6 5 6 5 6 6 6 5 5 5 6 5 5 6 6 6 6 5 5 6 5 5 6 5 6 5 6
9 9 10 11 8 8 11 9 11 9 11 9 10 9 11 10 11 10 11 8 8 9 9 9 11 9 11 8 8 10 8 8
8 7 9 8 7 8 8 7 9 8 9 9 8 7 9 7 7 7 7 8 7 8 8 7 8 8 7 8 9 9 7 7
19 17 15 16 17 16 20 18 15 17 20 19 16 19 20 17 20 16 16 17 20 19 19 20 16 19 18 16 16 19 17 15
14 16 14 16 16 16 15 13 14 16 14 14 16 15 14 14 15 15 15 14 16 13 14 13 15 14 13 13 15 13 14 13
4 4 4 3 4 4 3 3 4 3 4 4 4 3 4 4 4 3 4 3 4 3 4 3 3 3 4 4 4 4 4 3
18 20 20 19 21 18 22 18 20 18 21 18 18 19 17 19 21 21 17 20 19 22 19 22 18 17 20 19 20 21 17 17
6 5 6 6 5 5 5 5 6 6 6 6 5 6 6 6 5 5 6 6 5 5 6 5 6 5 5 5 6 6 5 6
16 15 19 20 20 16 16 18 19 18 17 15 19 18 20 20 19 17 19 15 17 17 18 18 17 18 17 16 20 18 19 19
13 13 14 15 13 14 15 13 13 14 13 13 15 13 16 13 14 13 16 16 15 13 14 15 16 14 14 16 14 13 14 13
13 11 10 10 11 12 10 10 12 10 11 13 13 10 11 11 11 13 10 10 12 12 10 12 11 13 12 12 10 10 13 11
4 3 3 4 4 3 4 3 4 4 3 3 4 3 4 3 4 3 4 4 4 3 4 4 3 3 3 4 4 4 3 4
8 8 8 7 7 7 8 7 8 7 8 8 7 7 7 8 7 7 7 7 8 7 7 8 8 7 8 7 8 8 8 8
11 11 10 9 8 9 8 10 10 9 9 11 11 11 8 9 10 11 11 10 10 9 10 8 10 8 9 10 11 8 11 11
18 15 18 17 15 15 18 20 17 16 18 16 19 18 20 15 16 15 16 20 19 17 19 16 17 16 17 16 16 20 18 17
19 18 20 19 17 20 21 17 21 18 21 19 19 19 18 19 17 16 19 21 19 20 20 21 17 20 21 16 21 17 21 16
22 22 21 20 18 18 19 19 23 20 20 19 20 22 19 19 21 19 20 23 20 21 18 19 23 18 22 18 22 21 23 19
15 15 17 16 18 16 17 15 15 17 15 17 18 17 18 17 15 15 17 16 14 18 16 17 14 17 17 14 15 16 15 18
6 6 7 6 6 7 7 7 7 6 6 6 7 6 7 7 7 7 6 6 6 7 7 7 6 6 6 7 7 7 7 6
16 17 17 16 17 16 15 16 14 17 14 17 16 17 17 15 14 16 15 14 15 14 17 16 17 15 16 16 16 17 16 16
20 18 18 21 20 21 21 19 18 21 18 18 19 23 21 23 21 19 23 21 21 19 21 18 23 19 22 19 18 18 19 20
7 6 6 7 6 6 6 7 7 6 6 6 7 6 6 7 7 7 7 6 6 7 7 6 7 6 7 6 7 7 6 6
15 12 14 15 15 15 12 13 15 14 15 12 15 12 12 14 15 14 15 13 14 14 13 12 12 13 14 12 15 12 15 15
3 4 3 4 3 4 3 3 3 3 4 4 4 3 3 4 3 3 3 4 3 4 3 3 3 3 4 3 4 3 4 3
8 8 8 8 7 7 8 8 8 7 7 8 7 7 8 7 7 7 7 8 8 8 7 7 7 8 8 8 8 7 7 8
13 14 15 15 14 13 16 15 16 13 15 15 15 15 15 13 13 15 14 14 13 13 16 15 16 15 16 15 16 15 14 15
7 6 7 7 6 7 6 7 6 7 7 6 6 7 7 6 6 6 7 6 6 6 6 7 6 7 7 7 7 6 7 7
1 1 2 2 1 2 2 1 1 1 2 1 2 2 1 2 2 2 1 1 2 2 2 1 1 2 1 2 2 2 1 1
5 5 5 5 6 5 6 6 5 6 5 5 5 6 6 5 6 6 5 6 6 6 5 6 6 6 5 6 6 6 5 6
4 5 5 5 4 5 5 4 4 5 5 5 5 5 4 4 4 4 5 5 4 5 5 5 4 4 5 5 4 4 4 4
14 14 15 12 14 13 13 13 14 13 12 12 13 13 15 14 14 12 12 13 15 14 14 13 13 14 13 13 13 15 12 13
21 19 22 17 19 21 20 22 21 20 17 22 19 21 20 19 22 20 20 21 19 18 17 18 19 20 18 21 22 21 18 20
5 5 6 6 5 6 5 5 6 5 6 6 5 5 6 5 6 6 6 5 6 5 5 6 6 5 5 5 6 5 5 6
2 1 2 1 1 2 2 1 1 1 1 1 1 2 1 2 2 1 2 1 2 1 1 2 1 1 2 1 1 2 2 1
14 12 13 14 14 15 12 13 13 12 13 14 13 13 14 14 14 13 12 12 12 14 13 15 14 12 13 13 14 13 14 13
16 13 15 14 16 15 14 16 14 16 13 16 16 15 14 14 16 13 14 13 16 13 16 13 15 14 15 13 16 13 13 15
13 13 12 14 13 13 13 14 11 14 13 11 11 12 13 13 14 12 14 14 12 12 13 14 12 14 14 14 12 11 12 13
2 3 2 3 2 2 3 2 2 2 3 3 3 2 2 3 2 2 2 3 3 2 3 3 3 2 3 3 2 3 3 2
1 1 2 1 1 1 1 1 2 2 1 1 1 1 1 2 1 2 2 2 1 1 1 1 1 1 1 1 2 1 2 1
3 2 2 2 3 2 2 2 3 3 2 2 2 2 2 2 3 3 3 2 3 2 3 2 3 3 3 3 3 3 3 2
8 8 8 8 7 7 8 9 9 8 7 8 7 7 7 9 9 7 8 9 9 8 8 9 8 7 9 8 8 7 9 7
1 2 2 2 1 1 2 1 2 2 1 2 1 1 2 2 1 2 2 1 1 2 1 2 2 2 1 2 2 2 2 1
14 12 12 12 13 12 12 14 14 14 12 15 12 12 15 14 12 14 14 15 15 15 13 12 13 14 15 13 13 12 12 15
5 5 5 6 5 5 6 6 5 6 6 5 6 5 6 6 6 5 6 5 6 6 6 6 5 5 6 6 5 6 5 5
11 11 14 14 11 14 13 13 14 13 13 13 14 11 11 11 14 14 12 12 13 14 12 11 11 13 11 12 12 13 13 11
18 21 23 21 18 18 21 22 18 22 20 18 22 20 21 21 21 21 21 21 18 21 22 19 20 23 20 23 22 18 23 20
19 20 17 22 21 18 22 21 17 17 22 18 17 21 17 20 18 17 18 18 17 22 18 17 21 20 20 18 20 18 18 17
22 21 20 22 17 19 21 19 19 21 21 18 19 21 18 17 19 21 18 21 20 18 21 19 21 19 20 21 18 22 20 17
3 3 4 3 3 4 4 3 4 4 4 4 3 4 4 4 3 4 3 3 4 4 4 3 3 4 3 3 4 3 3 3
21 19 17 16 16 17 20 17 19 20 19 19 18 19 19 21 19 18 19 18 20 20 21 21 18 20 21 20 17 19 16 21
3 2 3 2 2 2 3 3 2 2 3 3 3 3 2 2 3 2 2 3 2 3 3 2 2 2 2 3 2 3 3 3
12 11 11 10 12 12 12 10 11 9 9 12 10 12 12 10 12 11 12 12 9 11 12 9 10 11 12 12 9 11 11 11
9 9 10 12 11 10 11 9 9 10 12 10 12 12 11 12 9 11 11 12 11 9 12 9 9 9 9 11 12 11 11 11
4 3 4 3 3 3 4 4 3 3 3 4 3 3 4 4 3 3 4 3 3 3 4 4 4 3 3 4 3 3 3 3
19 20 19 16 19 20 17 19 17 18 16 15 19 17 19 19 15 16 19 19 19 17 19 20 18 18 19 17 20 20 15 18
8 8 10 8 11 10 8 8 10 8 9 9 8 10 10 9 8 10 8 11 10 8 9 10 8 11 8 10 10 10 10 8
6 5 5 6 5 5 5 5 6 6 6 5 6 6 6 6 6 5 6 5 5 5 5 5 5 6 6 6 6 5 5 5
15 16 13 13 13 14 14 16 13 13 14 14 14 16 15 13 14 13 13 15 16 14 16 14 15 16 14 15 13 13 15 16
5 5 4 5 5 5 4 4 4 4 4 5 4 4 4 5 4 4 4 4 4 5 4 4 4 4 4 4 5 5 4 5
15 13 15 13 15 15 15 12 13 15 12 14 15 13 12 15 15 13 15 14 14 12 12 13 14 12 12 12 12 14 15 12
8 8 7 7 7 7 8 7 8 8 7 7 7 7 8 8 8 7 8 7 8 7 8 8 8 7 7 7 8 7 8 7
17 14 17 16 18 16 14 17 14 15 15 18 17 18 16 17 14 17 14 15 18 18 16 14 16 18 14 15 14 15 14 18
6 6 7 6 6 7 7 6 6 7 7 6 7 7 6 7 7 6 7 7 7 7 6 7 7 6 7 7 6 7 6 6
8 7 9 8 8 9 8 9 7 9 9 9 9 7 7 8 8 7 9 8 7 9 9 7 8 7 7 9 7 8 8 8
11 13 14 13 14 13 11 12 12 12 11 14 12 12 12 14 12 11 14 12 14 12 14 11 11 11 12 13 11 11 12 13
15 19 19 20 16 20 15 19 15 15 19 16 19 20 19 17 15 18 18 16 20 15 18 20 20 20 19 16 20 16 16 17
11 12 11 10 12 13 12 10 10 13 12 13 13 13 10 10 12 13 13 11 10 10 13 10 11 12 13 10 10 11 11 12
4 4 5 5 5 4 4 4 4 4 4 5 4 5 5 5 5 4 5 4 5 5 4 4 4 4 4 4 4 5 5 5
3 3 4 4 3 4 3 4 3 4 4 4 3 3 4 3 3 4 4 4 3 3 4 4 3 4 4 4 4 3 3 3
19 21 19 19 22 18 20 22 17 22 20 19 19 18 17 19 20 18 21 22 21 22 19 19 21 21 20 19 20 19 18 19
14 15 12 14 12 14 14 15 12 15 13 14 15 15 15 13 14 15 14 13 13 12 15 13 12 14 13 12 12 13 14 14
1 2 2 1 1 1 2 2 1 2 1 2 2 1 2 1 1 2 2 2 1 2 1 2 2 2 1 2 1 2 1 2
9 9 9 8 8 7 9 7 7 9 7 7 7 8 9 7 7 9 9 7 8 7 9 8 9 7 7 7 9 9 9 9
16 17 18 15 15 16 14 15 17 17 18 18 17 14 18 15 15 15 15 18 16 14 14 14 17 18 14 18 14 14 18 17
17 15 14 17 15 17 14 16 16 15 14 17 17 17 14 16 17 14 17 14 15 17 16 15 14 16 14 14 16 16 16 16
10 9 10 11 11 9 10 8 9 9 10 11 8 8 9 9 9 8 11 11 8 10 11 11 10 9 11 8 11 8 8 8
5 5 6 6 5 5 5 6 5 5 6 6 5 5 5 5 5 5 5 5 5 6 6 6 6 6 5 6 5 5 5 5
4 4 4 4 5 4 5 4 5 4 5 4 5 4 4 5 4 5 4 4 4 5 5 5 4 5 4 4 5 5 5 4
11 11 10 11 10 10 11 12 9 9 11 9 11 9 12 10 11 9 11 9 9 9 10 11 9 12 10 11 9 9 12 12
2 1 2 1 1 2 1 2 1 1 2 1 1 1 1 1 2 2 1 1 2 1 1 2 1 1 2 2 2 1 2 2
2 2 3 3 2 3 3 2 3 3 2 3 3 2 3 2 3 2 2 3 2 2 3 2 3 2 2 2 2 2 3 2
16 16 15 15 16 13 16 14 16 16 16 13 13 14 14 14 15 14 15 16 13 15 14 14 13 15 13 15 16 16 16 15
4 4 5 4 5 5 5 5 5 5 5 5 5 5 5 4 5 4 5 5 5 4 5 5 4 5 4 5 5 5 5 5
10 12 11 11 12 10 12 10 9 12 11 11 11 10 10 10 9 11 11 10 9 12 10 9 11 10 10 10 10 9 11 9
11 13 13 13 12 13 14 14 12 14 13 11 13 13 12 14 13 13 12 12 12 13 12 13 12 12 12 12 11 14 12 12
10 8 9 11 9 11 10 11 9 9 9 11 10 10 8 8 11 9 8 11 9 8 11 11 8 8 10 9 10 8 9 10
1 1 2 2 2 2 2 2 2 1 2 2 1 2 1 2 2 1 1 2 2 1 2 2 1 1 1 1 1 1 2 2
14 14 14 11 13 13 11 14 13 12 12 12 11 12 12 13 12 11 14 12 13 11 13 12 13 13 11 11 12 11 11 14
16 15 17 17 16 15 17 18 14 14 14 17 15 18 15 16 18 18 18 16 17 17 14 17 16 16 16 16 15 15 16 17
2 2 2 2 2 2 2 3 2 3 3 3 2 3 3 2 2 2 3 3 3 3 3 2 2 2 2 2 2 3 2 3
11 12 13 11 12 13 13 12 11 10 10 12 10 11 10 13 12 11 12 11 10 11 10 12 10 11 12 10 13 13 10 12
15 14 17 16 16 18 17 15 14 18 17 17 17 17 14 15 17 15 15 14 16 15 15 15 17 15 16 14 18 16 18 18
15 17 14 16 16 17 15 16 14 17 16 16 15 17 17 16 16 16 14 16 17 17 14 16 16 14 15 16 15 16 16 16
15 15 15 15 16 15 16 14 16 17 16 14 17 14 15 17 14 17 14 17 14 14 15 17 16 14 14 15 16 17 14 17
8 8 8 7 8 7 7 7 8 8 7 7 7 8 8 7 8 7 7 7 8 8 8 8 8 7 8 8 7 7 7 8
9 11 10 11 9 10 10 8 10 11 9 8 8 9 10 9 10 9 11 10 9 10 11 10 9 9 11 9 8 9 10 10
8 8 8 8 7 8 7 7 8 8 7 8 7 8 7 8 7 7 8 7 7 8 7 7 8 7 7 8 7 7 8 7
13 12 15 13 15 13 12 12 12 14 12 14 15 12 14 15 14 14 14 13 13 12 14 14 14 12 14 14 15 13 12 13
14 16 15 16 14 14 14 16 15 17 17 14 15 17 16 16 16 17 17 17 15 16 14 15 14 15 17 14 15 16 17 16
14 16 13 15 14 13 15 13 16 15 15 15 15 15 15 15 14 15 16 13 15 16 15 15 15 13 13 16 13 14 15 14
3 2 2 3 3 2 2 2 2 2 2 2 3 3 3 3 2 2 3 2 3 2 3 3 3 3 2 3 2 2 2 3
14 15 14 15 12 12 13 12 14 15 15 14 12 13 14 14 12 12 14 15 12 13 15 14 15 15 12 12 14 15 15 12
8 8 7 7 8 8 8 8 7 7 7 7 8 7 8 7 8 7 7 8 8 7 7 7 8 8 8 7 7 7 7 8
11 12 10 11 10 9 10 11 9 12 9 11 12 11 12 9 10 9 11 11 9 12 11 11 10 10 9 9 10 12 10 10
1 2 2 1 2 1 1 1 2 2 2 1 1 2 1 2 1 2 2 2 2 1 1 1 1 2 1 1 1 1 1 2
18 22 20 18 22 20 18 18 22 22 20 19 17 17 18 19 20 17 20 18 22 18 18 22 19 20 18 19 19 19 21 20
6 5 5 6 6 6 5 6 6 5 6 6 6 6 6 5 5 6 6 6 5 6 6 6 6 5 5 5 5 5 5 5
17 20 15 15 19 19 19 16 18 18 18 19 20 17 19 19 17 16 17 19 17 20 20 17 18 15 18 17 17 19 19 15
4 3 3 3 3 4 3 3 4 4 4 3 4 3 3 3 3 3 3 3 3 4 3 4 4 4 4 3 3 4 4 3
14 17 14 17 16 17 15 17 15 16 15 17 17 17 15 16 15 17 17 14 15 16 17 17 16 14 17 16 15 16 16 16
2 1 2 1 1 1 1 2 1 2 2 1 2 1 2 1 1 1 2 2 2 1 2 2 2 1 2 1 2 2 1 2
13 10 12 13 10 10 10 13 13 12 11 11 11 10 11 11 12 12 12 13 10 11 12 10 10 11 10 12 13 11 13 12
10 9 10 9 9 11 9 11 9 10 11 12 12 11 9 10 10 11 12 12 12 10 9 12 9 9 12 12 9 11 12 12
19 21 20 19 22 19 17 20 19 21 22 22 18 17 17 22 18 21 18 22 22 20 22 17 18 19 18 22 19 17 21 19
17 19 20 17 19 19 16 21 16 17 16 17 19 21 18 21 19 17 18 20 18 21 16 20 20 21 19 21 20 17 21 19
2 2 2 2 3 3 3 3 3 2 2 2 2 3 3 2 3 2 3 2 3 3 2 2 3 3 3 3 2 3 3 3
3 3 4 4 4 3 3 4 4 4 4 4 4 4 3 4 4 4 3 3 4 3 3 4 3 3 4 4 3 3 3 3
3 3 4 3 4 3 3 3 3 4 3 3 3 4 3 4 3 4 4 4 4 4 3 4 4 4 3 4 4 3 3 3
10 12 11 10 10 10 12 10 11 10 12 11 11 10 10 10 11 11 11 10 12 13 11 10 12 11 10 10 12 10 12 10
16 18 16 18 20 20 17 17 20 19 17 19 20 18 17 16 20 16 19 17 16 16 18 20 17 17 20 15 19 20 19 18
7 7 7 7 7 6 6 6 6 7 6 6 6 7 6 6 7 6 7 6 6 7 6 7 6 6 6 6 7 7 6 7
6 7 6 6 6 6 6 6 6 7 7 7 7 6 7 7 7 6 7 7 6 7 6 6 7 6 6 7 7 7 7 7
10 11 12 10 12 9 12 12 12 12 12 11 12 10 12 12 12 11 9 12 11 9 11 10 9 9 9 11 9 10 11 11
18 15 16 15 14 15 17 16 18 14 14 17 18 15 17 15 17 17 16 15 16 16 17 16 17 14 18 17 18 15 18 16
5 6 6 6 6 6 5 5 6 6 5 6 6 6 5 6 5 5 6 5 6 5 6 6 6 6 6 6 5 5 6 5
5 5 4 4 5 5 4 5 4 5 4 5 5 4 4 5 4 5 5 5 4 4 5 4 5 4 4 5 5 4 5 4
4 5 5 5 4 4 4 5 5 5 4 4 5 4 5 4 4 4 4 5 4 4 5 5 4 4 4 5 4 4 4 5
3 4 4 4 4 3 3 4 4 4 4 4 3 4 3 4 3 4 4 4 4 4 4 3 4 3 3 3 4 3 3 3
19 18 19 20 19 19 20 18 21 16 21 20 17 18 19 20 17 16 19 19 17 20 19 19 16 17 18 17 19 18 19 21
12 11 12 13 14 11 13 11 13 14 14 12 14 11 12 14 12 12 13 11 12 11 11 13 13 13 14 11 11 14 13 14
13 13 13 13 15 13 13 15 14 12 14 12 15 12 12 14 12 14 15 15 15 15 13 15 15 13 12 15 15 13 15 12
9 7 7 8 8 7 7 7 7 9 9 9 7 7 9 7 8 8 7 7 7 8 9 7 7 7 7 8 7 9 7 9
15 16 16 13 16 15 16 13 16 15 14 14 16 16 14 15 15 15 16 14 16 14 15 13 15 16 15 14 16 13 13 13
20 19 16 19 18 17 19 16 17 18 19 16 17 18 16 15 17 15 16 16 19 19 16 20 19 19 18 17 20 17 18 15
1 2 2 2 2 2 2 1 2 1 1 1 2 2 1 1 1 1 2 1 2 2 1 1 2 2 2 1 2 2 1 2
8 9 7 7 9 9 7 8 9 7 8 9 7 9 9 7 9 8 9 8 8 7 8 7 9 9 7 7 7 8 7 7
6 6 6 6 5 5 6 6 5 5 5 5 6 6 6 5 5 5 5 6 6 6 5 5 6 6 5 6 5 6 5 6
14 14 14 14 16 13 13 13 15 15 15 13 13 15 15 16 13 14 13 14 16 16 13 14 13 14 14 15 13 16 16 14
11 11 8 11 8 11 8 8 11 8 11 8 8 9 8 9 8 8 8 8 9 9 10 10 9 11 8 11 11 9 9 11
8 7 9 9 7 9 8 8 9 9 9 9 7 8 8 7 9 8 9 8 7 7 8 8 9 9 9 8 8 7 8 9
13 11 13 11 11 13 12 13 12 12 10 11 12 13 12 12 12 13 10 13 12 13 11 13 10 13 11 11 10 12 11 13
22 22 22 22 23 19 20 21 18 18 22 19 23 18 21 23 20 19 22 21 21 22 22 19 18 21 22 23 18 23 21 21
14 13 13 14 12 14 12 13 13 15 12 15 13 14 14 12 14 15 14 14 13 12 12 14 14 12 15 13 12 12 13 14
16 13 13 13 13 16 13 15 14 16 13 14 16 15 14 14 15 15 14 16 13 15 14 16 15 15 15 13 16 15 13 16
7 7 6 6 7 6 7 7 6 7 6 7 7 7 6 6 6 7 6 7 6 7 6 6 7 7 6 6 6 6 7 7
16 14 17 15 16 14 17 15 15 17 15 15 14 14 15 14 15 16 14 15 14 14 14 16 17 15 17 16 14 17 14 16
7 9 7 9 9 8 9 8 9 8 9 9 9 9 7 8 9 8 9 8 7 9 8 8 7 9 8 9 8 7 9 8
19 19 21 16 21 16 20 18 19 21 17 19 18 18 17 21 18 17 21 20 17 20 18 19 16 19 17 21 19 20 16 20
21 19 18 21 22 19 19 19 20 22 18 18 21 21 23 19 18 18 20 18 22 18 22 21 21 19 18 23 18 19 19 21
6 7 7 7 6 7 7 6 6 6 6 6 6 6 6 6 7 7 6 6 6 7 7 6 6 6 6 6 6 7 7 6
18 19 16 18 15 18 17 20 16 20 17 18 18 18 20 19 19 19 20 15 18 19 20 18 18 16 19 19 15 16 18 19
14 16 14 13 13 14 15 15 14 14 16 14 15 14 14 14 15 13 16 13 14 16 13 14 15 13 16 15 13 14 13 15
16 20 21 20 21 17 17 21 21 16 18 21 18 16 18 18 20 21 17 19 18 17 19 21 21 20 16 21 19 21 21 16
19 20 21 21 20 19 18 17 20 16 19 17 17 17 19 19 16 17 21 19 17 17 16 17 20 20 16 18 19 16 19 20
5 5 5 4 4 5 4 5 4 4 5 5 4 5 4 4 4 4 5 4 5 5 5 4 4 5 4 5 5 5 5 5
18 15 18 20 18 16 15 19 18 17 20 18 16 19 16 20 19 17 17 16 17 17 19 17 20 15 18 18 18 17 17 15
16 17 14 14 17 16 17 18 15 16 16 16 18 18 17 17 14 18 18 18 17 18 16 14 18 18 17 18 18 18 14 18
10 10 10 12 10 11 11 13 13 12 10 13 13 12 10 11 10 10 13 13 13 12 13 12 11 13 10 11 12 12 10 11
23 19 22 18 22 23 23 23 22 18 19 21 19 21 21 23 19 21 21 20 21 21 23 21 18 21 21 18 21 20 20 20
4 3 3 4 3 3 4 3 3 4 4 4 3 4 4 3 4 3 4 3 4 4 4 4 4 4 3 3 4 3 4 4
12 10 12 12 11 13 11 13 11 13 10 12 10 13 12 11 13 10 11 13 12 12 12 12 11 11 12 10 12 12 11 10
14 16 16 16 17 14 14 14 14 17 15 15 14 16 15 14 15 17 15 15 16 16 14 15 16 17 17 16 17 17 14 15
7 7 7 8 8 7 7 8 7 8 8 8 8 7 8 7 7 8 7 7 7 7 8 8 8 7 8 7 8 8 8 8
1 1 1 1 2 1 1 1 1 1 2 2 2 1 1 1 1 1 2 1 2 1 1 2 1 1 1 2 1 2 1 1
3 2 3 2 2 2 2 3 2 3 3 3 2 3 3 3 3 2 3 3 2 2 3 3 2 2 3 2 3 2 3 2
9 11 9 9 11 10 11 10 9 12 10 9 12 10 12 12 11 10 11 12 9 9 10 11 10 9 11 10 10 12 9 11
18 18 18 15 15 20 19 18 18 20 19 19 17 17 19 15 15 20 20 20 16 18 15 17 17 17 20 20 15 15 17 20
13 13 14 14 15 16 14 14 16 16 16 13 13 14 15 13 13 14 13 13 15 16 13 15 13 16 14 14 13 16 14 14
6 6 6 7 6 6 6 6 7 6 6 7 6 7 6 7 7 7 7 6 7 7 7 7 7 6 6 7 6 7 7 6
18 21 17 18 20 20 22 22 19 19 21 21 18 17 20 17 19 17 21 18 20 18 17 21 20 19 20 17 20 17 22 19
15 16 16 18 17 17 14 15 15 17 16 17 17 15 16 17 18 16 18 15 14 14 16 14 17 15 15 14 18 18 16 15
21 18 17 22 19 22 19 18 20 20 21 20 18 20 20 18 19 20 21 22 21 21 21 19 22 18 19 17 19 22 17 20
18 19 18 16 18 15 15 17 16 19 16 17 18 18 18 18 20 17 19 18 16 20 17 20 19 16 19 15 16 15 18 15
7 7 6 6 6 6 7 7 6 6 7 7 6 7 6 7 7 6 7 7 6 7 6 7 6 6 6 6 6 7 6 6
3 2 2 2 3 3 3 2 2 3 3 2 3 3 2 2 2 3 3 3 2 2 2 3 3 2 3 3 3 3 2 3
14 14 13 13 15 13 16 13 14 13 15 14 13 13 16 14 15 16 15 14 16 14 15 13 15 15 14 15 14 13 14 14
16 14 17 16 16 15 14 15 15 17 14 17 17 17 15 16 16 15 16 14 15 14 17 17 16 16 15 15 16 14 15 14
14 12 14 11 11 12 14 13 12 11 12 14 12 14 12 11 14 14 12 12 11 14 14 12 12 14 13 12 11 12 12 12
14 16 15 16 17 14 17 16 16 17 16 14 14 16 16 16 15 14 16 17 14 15 16 16 17 15 14 14 17 16 14 16
6 6 7 7 7 7 7 6 7 7 6 6 7 7 7 6 6 6 6 7 7 7 7 7 7 6 6 6 6 6 7 7
20 17 18 19 20 16 18 21 18 21 20 21 18 18 16 20 20 17 20 20 17 20 21 16 20 21 16 21 20 20 20 16
21 19 19 21 18 17 16 20 21 17 17 20 19 21 18 21 17 21 19 18 19 16 17 19 20 20 21 17 16 19 16 18
11 11 13 10 12 13 11 12 12 12 12 13 13 13 11 10 13 13 12 11 11 13 13 12 12 13 12 10 11 10 13 12
7 8 7 8 7 8 7 8 7 8 8 7 8 8 7 7 8 8 8 7 7 8 8 8 7 8 8 7 7 7 8 7
2 2 1 1 1 2 2 1 2 2 2 1 1 2 1 2 1 2 2 1 1 1 1 2 2 1 1 1 1 2 2 1
21 18 18 17 18 18 21 19 19 17 18 20 19 21 18 16 19 20 18 20 19 19 19 17 18 21 19 19 18 21 18 16
14 16 14 15 14 14 14 15 17 17 17 17 15 16 15 16 14 17 16 16 16 14 15 16 14 16 17 16 17 17 14 17
7 7 7 7 6 7 7 6 6 6 7 6 6 7 6 6 7 6 7 6 6 6 6 7 7 6 6 7 6 7 7 6
14 13 13 16 16 15 14 15 16 13 13 14 14 14 14 13 14 15 14 16 16 14 16 13 15 13 13 13 13 13 16 13
14 15 15 16 17 14 14 14 14 14 16 17 17 17 14 14 16 17 14 14 15 17 17 16 14 14 16 15 16 17 15 16
5 5 5 6 6 5 5 6 5 6 5 6 6 5 6 5 5 5 5 5 5 5 5 5 6 5 6 6 5 5 5 6
3 3 2 2 2 3 2 2 3 2 3 2 2 2 3 3 2 2 3 3 2 3 3 3 2 2 2 3 3 3 2 3
16 18 16 15 15 14 15 14 16 18 18 16 18 18 17 16 18 14 18 14 14 16 18 15 17 18 17 15 16 15 15 17
7 6 7 7 7 7 7 7 6 6 6 7 7 7 6 7 6 6 7 7 7 6 6 6 6 6 6 6 6 7 7 6
7 6 7 7 7 6 7 7 6 7 6 7 7 7 7 7 7 6 6 7 7 7 6 7 7 6 7 6 6 6 7 6
1 1 1 2 1 1 2 1 1 2 2 2 2 2 2 2 2 2 2 2 2 2 1 2 1 1 2 2 2 2 2 2
17 16 15 18 19 16 15 16 19 20 19 20 16 18 20 18 19 18 17 19 15 20 20 18 16 15 15 18 20 18 17 16
15 16 15 13 15 13 14 15 15 14 15 14 15 13 14 14 15 14 14 13 15 14 16 13 13 14 15 15 16 15 14 15
7 9 9 8 7 7 8 9 8 7 9 7 8 9 9 7 8 8 9 8 8 7 9 8 7 7 8 7 9 8 8 7
14 15 14 13 14 13 15 14 13 13 15 14 15 15 14 16 15 16 16 15 16 14 14 15 16 16 16 15 16 13 16 16
5 6 6 6 5 6 5 6 6 5 5 6 6 5 6 6 6 6 5 6 6 6 6 6 5 5 5 5 5 5 5 6
6 5 6 5 5 6 5 6 5 6 6 5 5 5 6 6 5 6 5 5 6 6 5 5 6 6 5 6 6 6 5 5
12 11 13 11 12 13 12 10 13 12 11 13 13 10 13 12 12 10 12 11 10 13 10 12 13 12 13 12 11 13 10 12
16 15 14 14 14 13 16 14 14 14 14 13 15 16 15 13 15 15 16 15 14 13 16 15 15 15 16 15 15 15 15 13
5 5 5 5 6 6 6 6 6 5 6 5 6 5 6 6 5 6 5 6 6 6 6 5 5 6 5 5 5 6 6 6
7 7 6 6 7 7 7 7 7 6 7 7 6 7 6 7 6 7 7 6 6 6 7 7 6 6 6 7 6 6 6 7
16 18 20 16 18 17 17 21 16 18 21 19 17 17 17 18 16 19 18 20 20 20 19 21 19 16 19 19 18 20 18 18
7 7 6 6 6 7 7 7 6 7 6 6 6 6 6 7 7 7 7 6 7 7 6 6 6 6 6 6 7 7 6 7
21 19 21 18 17 22 18 17 19 20 21 20 21 18 19 20 21 20 19 17 20 18 20 18 18 21 19 20 18 18 19 22
9 8 9 7 9 8 7 7 7 9 7 8 9 7 9 9 9 8 7 8 9 9 7 9 7 7 9 8 8 8 7 7
13 14 12 12 14 13 13 15 13 14 15 12 13 15 14 14 13 15 12 13 15 15 12 15 13 12 12 13 15 13 15 15
22 19 20 22 20 18 18 19 22 17 17 20 21 19 21 21 22 17 22 19 19 22 22 18 20 17 17 19 22 20 22 19
21 18 21 17 21 22 19 19 17 20 21 18 21 19 21 17 21 19 18 17 18 17 20 17 20 17 18 22 17 18 18 18
2 1 2 1 2 2 1 1 1 1 1 2 2 1 2 2 2 1 2 2 1 2 1 1 2 1 2 1 1 1 2 1
20 17 20 16 19 19 16 15 17 16 19 19 15 17 19 20 19 20 15 19 19 15 18 15 16 15 17 18 15 17 19 19
2 3 3 3 3 2 3 2 3 2 3 3 3 3 3 2 3 2 3 2 3 2 2 3 3 2 3 3 3 2 3 3
7 7 7 7 8 7 7 7 8 8 8 8 7 8 8 7 8 8 8 7 7 8 7 8 7 7 8 8 8 7 8 7
19 18 22 18 20 23 20 23 19 18 20 18 18 23 18 20 23 20 21 22 23 18 21 18 21 21 23 21 20 19 19 22
1 1 2 1 1 1 1 2 2 1 2 2 1 1 2 1 1 1 1 1 1 1 1 1 2 2 1 2 1 2 2 1
17 17 16 17 14 18 18 16 16 14 18 17 16 16 17 18 18 17 16 15 17 15 16 17 17 18 18 16 17 15 15 16
6 6 5 5 6 5 6 6 5 5 6 5 5 5 6 5 6 6 5 6 5 6 5 5 5 5 6 5 5 6 5 5
13 16 14 15 16 13 16 16 13 15 13 14 13 16 13 15 13 13 15 16 14 14 16 14 15 13 15 14 13 15 14 13
16 20 21 17 19 16 21 17 21 16 17 21 17 21 19 18 16 16 17 18 16 16 16 20 16 17 19 18 20 20 19 18
19 20 16 17 21 17 19 18 21 16 17 17 18 21 17 21 18 19 18 18 19 19 18 19 20 21 19 19 18 18 17 20
1 1 2 1 1 2 1 2 2 2 2 2 2 2 1 1 2 1 1 2 1 2 2 1 2 1 1 2 2 1 1 2
13 10 10 10 12 10 13 11 10 11 12 12 10 11 13 11 11 10 12 11 11 13 12 12 11 10 10 13 13 11 13 12
6 6 5 6 6 6 5 6 6 6 6 6 5 5 6 6 6 6 6 6 5 6 6 6 5 5 5 6 6 6 5 6
21 19 18 21 20 18 17 20 19 19 20 19 19 20 20 20 16 16 16 19 16 18 19 17 16 21 21 20 21 19 17 19
5 5 6 5 5 6 6 6 6 6 5 6 6 6 5 6 5 6 6 5 6 6 5 5 6 6 5 6 5 5 6 5
18 15 19 15 17 17 19 18 17 19 16 18 16 16 20 20 18 19 20 20 15 19 17 15 19 15 15 15 15 15 19 19
21 18 19 21 19 18 16 21 17 16 19 19 21 17 17 19 16 20 21 18 16 17 19 17 20 16 21 17 20 19 19 19
13 12 12 13 15 13 14 15 13 12 13 12 12 14 12 12 13 13 12 14 13 15 13 14 14 14 12 15 15 12 13 12
