5 4 4 5 5 4 4 4 4 4 4 5 4 5 5 4 5 5 4 4 5 5 4 5 4 5 5 5 4 5 5 5
17 19 17 18 18 18 20 20 20 18 17 15 17 16 18 19 20 16 19 17 19 19 16 20 19 17 17 19 16 19 19 17
8 7 7 7 8 8 8 8 8 7 8 8 7 7 8 7 7 8 7 7 8 7 8 8 7 7 8 8 7 8 8 7
15 12 15 12 14 15 12 14 12 14 15 15 12 13 15 14 15 13 12 13 12 12 14 12 13 15 13 13 14 12 12 12
2 2 2 2 3 2 3 3 2 2 2 2 2 2 2 2 2 3 2 2 3 3 2 3 2 3 2 2 2 3 3 2
12 11 9 10 12 12 12 12 9 12 9 9 12 11 10 11 11 12 10 12 12 9 9 11 10 11 10 11 10 10 9 12
8 8 7 8 8 8 8 8 8 8 8 8 8 8 8 7 8 8 7 7 7 8 8 8 7 8 7 8 7 7 7 7
14 14 13 13 14 13 15 14 13 12 13 14 13 13 13 14 13 14 14 15 13 15 14 15 14 14 15 14 15 13 14 13
20 19 17 21 20 21 20 19 22 20 19 21 18 19 19 19 22 17 22 18 22 18 19 20 20 21 20 20 20 22 17 20
19 21 21 20 20 18 19 18 18 16 18 16 21 21 21 20 19 19 19 16 17 21 16 17 19 17 18 21 18 19 16 19
19 20 18 20 19 19 17 17 16 17 16 19 21 21 19 17 16 20 20 19 20 18 17 18 18 18 18 17 21 18 21 18
5 6 5 6 6 6 5 6 5 5 5 5 5 6 6 5 5 6 6 6 6 6 6 6 5 6 6 6 5 5 6 6
11 10 13 12 11 13 10 11 12 11 11 12 10 11 13 10 10 12 12 13 11 11 13 11 12 11 10 12 10 13 11 13
14 15 15 13 13 14 15 13 12 15 15 15 15 13 13 14 14 15 12 15 14 14 14 12 15 14 14 13 14 15 13 14
15 15 16 15 16 14 15 15 14 15 15 14 14 16 17 16 14 14 14 16 16 16 15 17 15 14 15 14 14 17 14 16
1 1 1 1 2 2 2 1 1 1 1 2 2 1 1 1 2 1 2 1 2 2 1 2 2 1 2 1 1 2 1 1
20 17 17 20 20 18 19 22 22 20 19 20 17 22 22 18 20 17 19 21 18 22 22 22 19 22 22 20 18 18 18 20
13 11 13 13 11 12 10 13 12 10 13 10 12 12 11 11 12 10 11 12 10 12 13 10 10 13 11 10 10 12 12 12
5 6 6 5 5 6 5 6 6 5 6 6 5 5 5 5 5 6 6 5 5 6 6 6 5 5 6 5 6 5 6 5
7 7 9 8 9 7 9 7 8 7 9 7 7 7 9 9 9 7 9 9 7 8 8 7 8 8 8 7 7 9 8 8
13 13 13 12 15 15 14 14 12 13 12 12 12 12 15 15 14 13 14 15 15 12 15 13 15 12 12 13 13 12 12 12
10 12 12 12 13 10 10 11 11 13 13 12 12 11 10 12 11 10 10 10 13 13 13 10 13 12 13 13 12 12 11 13
22 17 19 18 18 19 18 17 17 20 21 21 22 18 19 21 17 17 20 20 17 19 20 20 20 21 22 22 18 18 20 17
15 16 16 15 15 16 16 14 14 15 17 14 15 14 15 14 17 14 15 15 14 14 16 14 14 16 17 14 15 17 14 14
13 14 13 11 11 14 11 12 13 14 11 13 13 14 14 14 11 13 13 13 11 13 12 11 12 14 12 13 13 14 12 13
14 15 14 16 14 17 15 18 16 17 14 16 18 15 18 14 18 17 17 18 18 16 15 14 16 14 17 17 17 16 17 15
18 19 22 22 19 19 19 21 22 17 21 18 21 18 18 20 18 21 17 17 22 18 19 18 17 18 20 19 21 20 22 19
17 15 15 14 17 15 14 15 15 14 14 16 14 15 14 14 16 14 15 14 17 17 15 15 17 16 17 14 17 16 17 14
16 16 16 14 14 15 13 16 13 13 16 15 15 16 16 14 16 13 16 14 16 14 15 14 13 15 15 13 14 14 16 13
5 4 4 4 5 5 4 5 5 4 5 4 4 5 4 5 5 5 4 4 4 5 4 4 4 4 4 4 4 4 4 4
18 18 14 17 14 18 14 16 15 18 16 15 14 18 17 16 17 14 17 16 17 18 18 18 14 16 17 14 14 17 15 14
9 9 9 12 11 12 12 9 10 12 10 12 11 9 9 10 11 12 10 12 9 9 9 11 11 9 9 12 10 9 9 10
23 22 18 20 22 23 22 19 18 19 21 18 23 21 23 20 22 22 23 19 23 20 18 21 20 21 18 23 18 23 19 23
14 11 14 14 11 12 11 13 13 14 11 13 12 11 13 14 13 13 12 13 14 11 12 14 11 11 14 12 13 14 12 11
14 14 13 14 14 15 13 14 15 15 13 15 15 16 13 13 13 13 14 16 14 15 15 13 15 13 14 15 13 16 14 14
9 7 7 8 9 9 7 7 7 7 9 8 9 8 7 9 9 7 7 9 7 9 7 8 8 7 8 7 9 8 8 7
7 8 7 8 8 8 7 7 8 7 7 8 8 8 7 7 7 8 7 8 8 7 7 8 7 8 7 8 8 8 8 7
14 14 13 16 16 13 16 15 13 13 14 13 15 15 15 14 16 14 13 14 13 16 13 13 16 16 15 15 15 14 16 14
1 1 1 1 2 1 2 2 1 2 2 2 1 1 2 1 2 1 1 2 2 1 2 2 2 1 1 1 1 1 2 1
14 11 14 13 11 12 11 14 13 12 12 14 13 14 11 11 13 12 12 11 12 14 14 13 11 11 11 12 11 14 14 11
18 17 17 15 17 15 14 17 17 16 17 14 16 14 16 18 16 14 15 14 17 15 15 15 17 15 18 18 15 17 18 14
17 15 15 15 16 16 15 14 17 14 15 15 18 14 15 14 15 17 17 15 14 15 17 16 17 17 14 14 15 14 17 16
11 12 10 9 9 9 10 9 10 11 11 11 9 12 11 12 10 10 11 11 11 12 9 12 12 10 10 10 11 12 11 10
6 6 7 7 7 7 7 6 7 6 6 7 7 6 7 6 7 7 6 7 7 7 7 6 6 6 6 6 7 7 6 7
13 11 13 14 13 11 14 14 13 13 13 13 14 13 11 13 14 13 13 13 14 11 13 14 13 12 12 14 13 11 12 13
14 16 16 14 15 16 14 15 16 17 16 17 15 17 14 15 17 16 16 16 15 16 16 15 15 15 16 17 15 16 16 14
2 3 2 2 3 2 3 3 3 3 3 2 2 2 3 2 2 2 2 2 2 3 2 3 2 2 3 2 3 2 2 2
10 12 11 12 10 12 10 12 12 10 12 10 10 12 12 10 13 11 12 13 11 13 12 13 13 11 13 12 11 11 10 13
15 16 15 16 16 15 14 16 14 14 15 13 14 16 14 13 15 14 16 15 16 14 16 15 14 16 15 15 13 14 16 16
16 14 17 16 14 15 17 16 14 16 16 17 16 14 14 14 15 14 16 14 14 16 17 14 15 17 14 14 17 15 17 14
6 5 5 5 6 5 6 5 6 5 6 6 6 5 6 5 5 6 5 6 6 5 5 6 6 6 6 6 6 5 6 5
4 5 5 4 5 4 5 4 4 4 4 4 4 4 5 5 5 5 4 4 5 5 5 5 5 4 4 4 5 4 5 4
17 15 15 14 14 14 16 16 17 17 16 17 14 17 16 17 15 14 16 14 14 16 17 17 15 16 17 16 15 17 16 16
16 14 14 14 15 14 15 17 15 17 15 17 17 17 16 17 14 16 16 15 16 14 14 15 15 15 15 17 15 17 17 14
14 15 15 15 16 16 16 17 14 14 17 14 17 14 16 17 16 16 15 15 15 15 17 15 17 16 17 16 17 14 16 17
7 6 7 6 7 7 7 7 7 6 7 6 6 7 7 6 6 6 7 6 7 6 6 6 7 6 7 6 7 7 6 6
6 5 6 6 6 5 6 5 6 6 5 5 6 5 5 6 6 6 6 5 5 5 5 5 6 5 5 6 5 5 6 5
7 8 9 7 7 7 8 8 9 7 7 8 9 9 9 8 9 8 9 7 7 9 9 7 9 7 8 9 8 7 7 7
15 13 14 14 13 15 15 15 15 13 14 16 16 14 15 15 14 13 13 16 13 13 13 14 15 15 13 15 14 13 16 14
22 23 23 19 18 21 23 18 19 19 20 19 18 23 21 23 20 21 21 21 18 23 23 21 23 22 19 20 20 18 22 20
3 2 3 3 3 3 3 3 2 3 2 3 2 2 3 2 2 2 2 2 3 2 3 2 2 2 3 2 2 3 2 2
4 5 5 4 5 5 4 5 4 4 5 4 5 5 5 5 5 5 4 4 4 5 5 4 4 4 4 5 5 4 5 4
18 20 16 16 19 16 19 18 16 16 19 18 15 17 20 18 18 20 17 17 17 20 17 15 16 18 18 17 18 20 16 15
4 5 5 4 5 4 5 5 5 4 5 5 4 5 4 5 4 4 4 4 5 5 4 4 5 5 5 4 5 4 5 4
12 9 11 12 9 12 12 9 9 11 11 10 12 12 9 11 10 11 10 12 10 9 11 11 11 9 11 10 11 10 12 12
15 13 13 13 14 15 13 15 15 14 15 13 16 14 13 15 15 14 14 13 13 15 14 14 15 14 13 15 14 16 16 15
6 6 5 5 6 5 5 6 5 5 6 5 5 5 5 6 6 6 6 6 5 6 6 6 5 6 5 5 5 6 5 5
17 16 21 18 19 18 17 21 16 20 19 18 19 16 19 21 21 16 21 20 21 20 17 18 16 16 16 19 18 18 17 19
14 15 13 14 13 13 15 13 14 13 14 13 16 14 14 16 16 16 14 13 15 15 14 15 15 16 13 15 15 13 13 15
2 3 3 3 3 2 2 2 3 3 2 3 2 3 2 2 3 3 2 2 2 3 3 3 3 2 3 3 2 3 2 3
3 4 3 4 3 4 3 4 3 4 3 4 3 3 4 4 3 4 4 3 3 4 4 3 3 4 3 4 3 3 4 3
9 7 8 7 9 7 7 9 8 7 7 9 9 7 8 8 9 8 9 8 9 7 9 8 7 9 8 8 8 8 9 9
17 16 15 16 17 15 16 14 16 15 17 17 14 17 16 16 15 16 17 17 14 15 17 16 14 14 16 14 15 16 16 15
21 20 20 21 17 20 20 18 18 22 21 22 22 21 20 17 21 19 17 17 18 21 21 19 17 19 19 17 20 19 20 20
8 7 8 8 7 8 8 8 8 8 8 8 7 8 8 8 8 7 8 7 7 8 7 7 8 8 7 7 7 7 7 7
16 15 14 13 13 15 14 13 13 16 14 16 13 15 16 15 16 14 13 14 14 14 15 15 13 13 14 16 16 14 14 13
20 16 19 15 20 18 20 17 16 17 20 19 20 15 20 18 20 19 16 16 20 17 20 20 18 17 17 20 18 20 16 16
11 11 12 11 11 13 11 12 13 12 10 10 10 12 13 10 13 11 13 11 10 13 11 10 13 11 11 13 13 13 13 12
2 2 3 3 3 2 3 2 2 3 3 2 2 2 2 3 3 3 3 2 3 2 3 3 3 2 2 2 3 2 2 2
13 14 14 12 14 13 12 12 12 11 12 13 12 12 14 11 12 14 12 14 12 13 11 12 12 13 13 13 14 13 13 13
17 14 14 15 17 14 17 16 16 15 14 17 15 17 14 16 16 16 17 16 15 16 14 16 14 16 16 16 14 15 14 15
6 5 5 5 5 5 5 6 6 5 5 5 6 6 6 6 6 6 6 5 6 5 6 6 6 5 6 5 5 5 5 6
3 2 2 3 2 3 3 3 2 3 3 3 3 2 3 3 3 3 2 3 2 3 2 3 3 2 2 2 3 2 2 3
6 5 6 5 6 5 6 6 6 5 5 6 5 5 5 6 5 6 5 6 6 5 5 5 5 5 5 5 5 5 5 5
13 14 15 12 14 13 12 14 14 15 12 12 15 15 13 12 14 14 14 13 13 15 15 12 13 13 14 14 14 12 15 13
5 6 6 6 6 6 6 6 5 5 5 5 6 6 5 6 5 6 5 6 5 6 6 5 5 6 5 6 5 6 5 6
17 17 16 17 18 15 18 17 16 19 20 18 15 17 15 18 16 16 16 20 15 20 18 16 20 15 17 18 19 16 16 17
14 12 15 15 14 13 13 13 15 14 13 14 14 15 13 12 13 13 12 13 14 13 15 14 14 14 15 13 14 15 14 15
7 6 7 7 6 6 7 7 6 6 7 6 6 7 7 7 6 7 7 6 6 7 6 7 7 6 6 6 6 6 6 7
14 15 13 12 14 14 14 14 13 15 15 14 13 14 13 12 15 13 13 14 15 15 13 12 15 15 13 13 14 12 15 13
2 3 2 2 2 3 2 3 2 2 3 2 3 2 2 2 3 2 3 3 3 3 3 3 2 3 2 3 2 3 2 3
18 21 21 21 19 23 23 21 18 18 22 20 18 21 21 19 20 18 22 22 18 23 23 19 22 23 23 22 23 22 23 21
1 1 2 2 1 1 2 2 1 1 1 1 2 1 1 1 2 1 1 1 2 1 1 2 2 2 2 1 1 2 2 1
7 7 7 6 6 7 6 7 6 6 6 6 7 7 6 6 7 6 7 6 7 6 7 7 7 6 7 6 7 6 7 7
14 13 12 14 13 13 15 12 12 13 12 15 12 15 15 12 13 15 12 14 15 13 15 12 15 14 15 15 13 15 15 15
13 14 13 14 14 13 13 14 13 15 13 13 13 12 12 15 12 15 15 14 13 15 13 14 15 13 13 13 13 15 13 13
17 16 14 18 17 14 17 15 14 18 14 17 18 17 16 14 17 17 15 17 18 17 17 16 17 17 18 17 17 16 15 18
16 16 19 19 20 17 18 20 16 19 18 17 21 20 16 19 16 21 20 16 21 17 18 21 21 19 18 17 17 20 16 21
16 17 18 17 17 17 15 14 15 17 16 14 16 17 17 18 18 17 18 14 18 14 16 17 18 14 14 16 16 14 17 14
12 13 13 10 10 12 11 10 13 13 12 13 13 13 12 12 11 12 13 11 13 13 10 11 11 13 10 10 13 12 11 12
6 6 5 5 5 6 5 5 5 5 6 6 6 6 5 5 5 6 5 6 6 5 5 5 6 6 6 5 6 6 5 5
10 10 12 13 13 10 13 12 11 11 10 12 12 12 12 12 11 12 12 10 11 11 13 11 11 10 13 12 11 13 10 12
3 2 2 3 3 3 2 2 3 3 2 2 3 2 2 2 3 3 3 3 2 3 3 3 2 3 2 2 2 3 3 2
18 22 22 19 19 22 18 20 20 20 21 22 20 18 22 21 22 21 21 20 18 21 19 18 18 22 21 18 22 21 18 20
19 17 22 19 18 21 19 20 18 17 21 21 21 22 17 21 22 18 21 22 17 18 21 20 18 18 19 17 20 19 21 19
9 11 10 11 10 9 12 11 11 12 10 9 12 10 12 11 9 9 11 10 10 10 12 12 12 12 9 10 11 9 11 10
10 11 9 11 10 9 9 11 12 12 10 10 9 10 9 12 10 9 9 11 11 10 9 10 12 11 10 9 11 12 11 10
10 11 12 11 12 13 13 12 13 12 12 11 10 12 10 13 11 13 10 10 13 11 10 13 11 10 12 10 10 11 11 10
2 2 2 3 3 3 2 3 3 3 2 3 3 3 2 2 2 2 2 2 2 2 2 2 3 2 3 2 2 3 3 3
5 5 5 6 5 5 5 6 5 6 5 6 5 5 6 5 6 5 6 6 6 6 6 5 5 5 6 6 5 5 5 5
9 10 10 9 10 11 9 9 12 10 12 9 11 11 12 9 9 9 9 10 9 10 10 10 12 12 9 10 10 11 10 9
12 11 12 10 12 13 12 12 10 13 10 13 12 10 10 10 13 11 13 13 12 10 11 11 10 13 12 11 10 12 13 11
18 17 16 15 15 15 15 14 15 14 14 15 16 17 14 17 18 15 15 18 15 18 18 14 14 15 15 17 15 14 17 16
16 14 16 14 15 14 15 17 17 15 17 14 16 15 15 15 16 15 17 16 17 14 14 14 14 14 16 16 16 15 16 16
12 13 12 14 15 13 14 12 12 13 15 12 12 15 13 15 13 15 14 12 12 14 14 13 14 12 15 13 14 14 12 14
5 6 6 5 5 6 6 6 5 6 5 6 6 5 6 5 5 5 6 5 5 5 6 5 5 5 5 5 5 6 5 5
9 9 9 12 11 11 10 10 9 11 10 9 9 9 11 11 12 10 9 10 12 12 12 10 12 11 12 11 11 9 10 10
5 6 6 5 6 6 5 6 5 5 6 5 6 6 5 6 5 5 5 6 6 6 6 5 5 6 5 5 6 6 6 6
19 20 19 20 20 20 17 18 15 17 18 19 15 18 17 16 15 16 19 20 15 16 15 18 20 19 18 15 16 15 20 17
21 22 22 19 21 17 21 20 22 21 21 22 22 19 18 22 18 18 19 19 20 21 17 22 20 19 18 20 21 17 22 19
3 3 2 3 3 2 3 3 2 2 2 3 2 2 3 2 3 2 2 3 2 3 2 2 3 3 2 2 2 3 3 2
20 18 20 20 18 21 19 19 23 18 21 18 22 20 19 22 21 19 19 19 21 21 20 21 18 18 23 23 18 22 21 23
12 12 11 13 10 11 12 13 12 12 10 13 12 10 11 11 12 12 11 12 13 11 11 10 11 12 11 10 13 11 10 10
23 20 18 21 19 19 20 22 21 18 18 19 20 18 22 20 23 21 18 23 23 18 18 22 18 21 18 23 21 22 18 18
2 1 2 1 2 2 1 1 1 2 2 2 1 1 2 1 1 2 1 1 2 2 1 2 2 1 1 2 2 1 1 2
9 11 8 10 8 8 11 8 10 11 11 10 8 8 9 10 10 10 10 8 10 11 8 9 9 11 9 8 11 11 8 8
7 7 7 8 7 7 7 7 8 8 8 8 7 8 7 8 8 7 8 8 7 8 7 7 8 8 8 7 7 8 7 7
18 19 16 16 15 18 20 19 20 18 18 16 19 20 16 16 20 16 19 20 20 18 20 20 19 18 19 19 15 18 15 19
15 15 12 12 15 13 14 12 14 13 13 14 14 14 14 14 13 12 15 13 13 12 13 12 12 12 13 12 15 15 15 13
17 17 17 16 16 14 17 14 15 14 16 17 17 15 16 15 17 14 17 14 17 17 14 14 17 16 17 16 15 16 15 17
13 13 15 13 15 13 15 15 12 15 12 13 14 15 15 14 15 14 14 14 13 13 12 13 14 12 15 14 13 12 14 14
5 6 6 6 5 6 6 5 5 6 5 6 6 5 5 6 5 5 6 5 5 5 5 5 5 5 5 6 6 6 6 6
11 11 11 13 11 13 13 11 12 11 12 10 10 11 12 11 12 11 10 10 13 13 12 11 13 12 12 13 12 12 12 13
12 14 13 15 13 15 13 13 13 12 13 15 12 12 13 12 12 12 15 15 14 15 15 12 14 15 14 15 12 14 12 14
18 20 22 20 18 22 18 22 23 23 18 21 21 20 18 19 21 19 21 23 19 23 23 23 18 21 21 20 23 19 19 21
14 13 15 12 15 14 15 14 14 12 12 14 14 13 14 14 12 15 13 15 15 15 13 13 15 14 12 15 12 13 14 14
9 9 12 11 12 11 12 12 12 9 12 9 10 10 12 10 12 11 10 12 11 9 10 12 9 9 12 11 9 12 12 9
16 16 14 17 16 14 14 14 15 15 14 16 17 16 17 15 16 16 16 16 15 15 15 14 16 15 15 16 16 16 14 14
12 14 13 12 15 13 14 12 15 13 12 14 15 14 12 14 14 15 12 15 13 14 13 12 14 13 12 15 15 15 12 15
8 7 8 8 7 7 7 8 7 8 7 7 8 7 7 8 8 7 7 8 7 7 8 8 7 7 8 8 7 8 7 8
1 1 1 1 2 1 1 1 2 2 1 1 2 2 1 1 2 2 1 1 2 2 1 2 2 2 1 2 1 2 2 2
19 23 22 21 21 19 19 20 21 18 19 20 18 19 18 19 23 19 22 18 18 22 22 23 22 19 23 18 22 21 20 23
17 17 21 18 20 21 17 16 18 19 20 19 20 17 18 21 16 19 20 17 19 18 19 18 16 19 16 21 16 18 18 19
22 21 19 22 19 19 20 22 19 22 20 23 18 23 22 19 20 21 21 18 21 21 18 23 21 21 19 20 19 23 21 22
15 13 15 12 15 13 12 12 15 12 13 13 15 12 14 12 14 12 14 12 14 14 12 12 12 14 12 13 15 12 13 14
7 8 7 8 8 8 7 8 8 7 7 8 8 7 8 7 7 7 7 7 7 7 7 8 7 8 8 7 7 7 7 8
7 9 9 7 9 7 7 8 7 9 7 9 9 8 9 7 8 9 7 8 7 8 7 9 8 9 7 8 7 7 9 7
10 8 11 9 9 8 9 8 11 9 9 8 11 11 11 8 11 8 11 11 11 11 9 11 8 9 10 9 8 10 11 10
4 5 4 5 5 4 4 4 5 5 4 4 5 4 4 4 5 5 4 5 5 5 4 4 5 5 5 4 4 4 4 5
20 17 21 22 21 18 19 21 17 18 20 20 20 18 22 22 17 17 17 21 17 19 18 18 22 22 18 18 21 21 21 20
16 14 15 16 16 17 17 14 14 16 15 17 14 16 17 15 15 14 16 14 15 16 14 16 16 17 17 15 16 14 15 15
17 17 16 16 15 15 16 14 14 14 14 15 17 14 17 15 16 15 16 16 17 14 16 17 15 17 15 15 15 16 16 14
15 14 15 13 16 15 13 16 14 16 15 14 13 14 14 13 15 16 13 13 15 13 15 15 14 15 13 16 16 14 13 14
1 1 2 2 1 2 2 2 1 1 1 2 1 2 1 2 1 2 1 1 2 2 2 2 2 1 2 1 2 1 1 2
4 4 4 4 5 5 4 4 4 4 5 5 5 4 4 4 5 4 5 5 4 5 5 4 5 5 5 5 5 4 4 5
7 7 7 7 8 7 7 7 8 7 8 8 7 8 8 8 7 7 7 7 7 7 8 8 8 7 8 7 8 8 7 7
12 13 11 13 11 11 11 11 12 12 14 12 13 13 13 13 13 12 11 12 12 14 14 13 13 11 11 12 12 13 11 14
17 18 20 19 15 18 17 15 18 19 20 18 20 20 15 17 20 15 19 20 20 15 16 19 15 20 17 20 19 16 19 19
2 1 2 1 1 1 1 1 1 1 2 2 2 1 1 2 1 1 2 2 2 1 1 1 2 2 2 1 2 2 1 1
18 19 20 19 21 19 17 20 19 22 21 22 19 20 22 22 17 19 22 17 19 21 20 20 20 20 22 21 20 17 19 18
12 13 12 12 13 12 14 13 14 13 12 12 14 12 13 11 12 14 11 12 12 12 11 12 14 12 11 11 11 13 13 11
20 19 19 23 22 19 22 20 22 20 20 23 20 18 22 18 21 19 23 22 19 18 18 22 19 18 19 21 22 18 20 22
16 16 14 14 14 16 16 14 16 16 14 17 14 15 14 16 14 17 17 14 15 17 16 16 15 15 16 15 15 16 17 14
17 17 16 18 17 20 15 17 15 20 20 20 15 20 20 18 15 17 18 18 16 17 20 16 16 20 17 19 20 20 15 20
15 17 15 16 16 14 16 15 14 15 17 14 16 16 15 15 17 17 15 14 16 15 15 17 17 15 16 14 14 16 15 17
13 13 11 14 13 13 11 13 12 11 11 13 12 14 14 13 14 12 11 12 11 14 12 14 12 12 11 13 14 12 12 13
7 9 7 9 9 9 7 7 7 8 8 7 9 7 9 8 9 7 7 8 7 7 9 8 7 9 8 9 8 7 9 8
6 6 6 6 6 5 6 5 6 6 6 6 5 5 5 5 6 6 6 6 5 5 5 5 6 6 5 5 5 5 6 5
3 2 2 2 3 2 2 3 3 2 2 2 2 2 2 2 2 2 3 3 3 2 2 2 2 2 3 3 3 2 2 3
21 22 20 20 18 18 20 17 17 18 17 22 18 17 21 21 21 17 22 22 19 18 20 21 17 21 19 21 20 20 18 19
16 16 15 14 16 13 13 14 16 16 15 15 16 14 13 15 16 14 14 13 14 15 14 15 13 13 14 14 14 16 15 13
1 1 2 1 2 2 2 1 2 2 1 2 1 2 2 1 1 1 2 2 2 1 1 1 1 1 1 2 1 1 2 1
8 7 7 8 8 8 8 7 7 8 7 8 7 7 8 8 7 8 8 7 8 7 7 8 8 7 8 7 7 8 7 8
14 16 14 18 17 15 17 14 14 16 16 17 17 17 17 14 17 16 16 16 16 14 15 16 15 17 17 17 18 16 18 16
20 21 23 22 21 23 18 19 18 18 21 20 19 23 23 23 22 18 22 18 20 23 20 18 22 20 23 20 21 18 21 23
20 18 19 16 16 20 19 15 15 19 15 18 16 20 19 16 16 16 17 17 15 19 15 18 20 15 18 16 20 18 18 16
14 15 16 14 16 14 18 16 17 16 16 16 18 17 14 14 15 18 14 17 14 17 17 18 15 17 14 18 15 15 17 18
5 6 5 6 5 6 6 6 6 5 6 5 6 6 6 5 6 5 5 6 5 5 6 6 5 5 5 6 5 5 5 5
8 9 8 10 10 9 9 10 11 11 11 8 9 11 8 10 11 10 10 10 8 11 9 9 10 10 11 11 8 11 9 8
14 17 17 17 15 16 15 17 15 14 15 16 17 17 15 16 16 16 17 15 17 15 16 15 17 17 14 16 16 17 16 15
7 6 7 6 6 7 7 7 6 7 6 6 7 6 6 7 7 7 6 7 6 6 6 6 6 7 7 6 7 7 6 7
6 7 7 6 6 7 7 6 7 7 6 7 6 6 7 7 6 6 6 6 6 6 6 6 7 7 7 6 6 6 7 6
13 10 13 10 11 10 12 12 10 11 12 12 10 13 12 10 10 13 12 13 13 11 13 11 11 13 12 10 11 11 11 12
4 4 4 4 3 3 4 3 4 4 3 4 3 4 3 3 3 3 4 4 3 3 3 3 4 3 4 3 3 3 4 3
4 4 3 3 3 3 4 4 3 3 3 3 4 3 4 4 4 4 3 4 4 3 4 4 3 4 3 3 4 3 3 3
13 13 10 13 10 12 13 12 10 12 12 11 10 10 11 12 13 11 12 10 13 10 13 12 11 10 11 12 12 13 10 13
17 18 14 18 18 17 17 18 15 16 17 14 18 16 15 14 17 14 17 18 17 15 15 16 15 18 18 15 14 15 17 16
10 11 9 12 12 12 10 12 10 9 12 11 11 12 11 9 10 10 10 9 9 9 9 10 12 11 10 9 10 9 12 12
12 10 9 9 9 10 12 12 9 9 12 9 10 12 11 11 12 11 12 12 11 10 10 9 10 11 10 11 11 9 12 10
10 9 11 10 9 8 11 9 10 9 10 10 9 9 10 10 9 11 8 8 9 11 11 11 8 8 8 8 10 10 11 9
12 13 11 11 11 11 13 14 12 12 11 11 13 11 11 14 12 14 11 11 14 13 13 12 14 11 14 11 12 12 14 11
23 19 18 20 23 20 20 23 19 20 21 22 23 18 18 22 22 19 19 23 21 23 23 21 21 23 18 21 23 23 22 19
9 7 7 8 9 8 8 9 9 9 8 9 7 8 8 9 7 9 9 8 9 7 9 9 7 8 7 9 8 7 8 8
14 15 16 17 16 17 17 14 18 15 18 14 17 18 14 15 18 17 18 15 16 16 14 15 14 17 15 18 15 15 16 16
19 17 18 21 16 17 16 19 19 18 20 19 21 17 17 17 19 18 16 16 17 20 19 21 20 21 19 18 19 18 18 20
2 2 2 2 2 2 3 3 3 3 3 2 3 3 3 3 2 2 3 2 3 2 2 2 3 3 3 2 2 3 3 3
11 13 11 13 11 12 13 13 11 11 13 10 11 13 13 12 11 10 12 11 11 10 10 13 11 10 13 11 12 11 11 12
17 16 18 17 21 17 18 19 17 17 21 17 21 21 17 20 19 21 17 16 20 16 19 16 19 20 20 21 19 18 21 19
10 12 12 11 11 12 11 9 11 11 11 10 10 11 11 12 10 11 12 11 10 10 11 10 9 12 12 11 9 12 12 9
20 16 18 21 18 20 16 19 17 17 19 18 18 19 16 21 19 19 19 21 16 19 18 20 18 20 17 16 17 17 21 16
3 3 2 3 3 3 3 2 3 2 2 2 2 2 3 3 3 3 2 3 2 3 3 3 3 2 3 3 2 3 3 3
13 14 13 16 16 14 15 13 13 16 14 15 15 14 14 13 13 16 13 14 14 15 15 15 14 13 13 14 13 13 16 14
8 8 8 7 8 8 8 7 7 8 8 8 8 8 7 7 7 7 8 7 8 7 7 7 7 8 7 7 8 7 7 7
14 15 15 12 14 14 15 15 13 14 14 13 15 14 14 14 14 14 14 12 13 13 12 12 14 15 15 15 13 15 14 13
4 5 4 5 5 4 4 5 5 4 4 4 4 5 5 4 4 5 4 5 5 5 4 5 5 4 4 4 4 5 5 4
4 5 4 4 5 4 4 5 4 5 4 4 4 4 5 5 4 4 5 5 4 5 4 4 4 5 5 4 5 5 5 5
21 19 20 18 18 21 17 16 16 17 20 20 21 18 16 16 20 17 17 20 16 21 16 20 17 19 21 18 20 20 21 17
11 10 11 11 11 10 8 8 8 11 8 11 8 8 11 8 11 11 10 10 9 11 10 8 10 9 9 10 9 8 8 10
19 16 20 15 18 18 20 17 19 20 18 15 16 15 17 19 19 19 15 18 15 16 20 17 15 17 17 18 18 19 16 15
2 2 3 3 2 2 3 3 2 2 3 2 3 2 2 2 2 2 3 3 2 3 2 3 2 2 3 2 2 3 2 2
17 17 19 15 17 16 18 15 16 16 16 15 17 16 17 20 16 16 20 20 16 17 15 17 15 15 18 16 16 20 20 15
17 17 15 16 17 16 17 16 16 15 15 14 17 17 15 17 15 16 15 17 14 17 16 16 14 15 16 15 14 17 16 15
17 18 19 19 15 16 16 17 15 20 18 20 15 19 18 18 15 19 19 15 19 16 18 16 19 20 15 20 17 19 16 15
3 2 3 3 3 2 2 3 2 3 3 3 3 3 3 2 3 2 2 3 2 3 2 2 2 2 3 3 3 3 3 3
15 19 17 18 15 18 20 19 15 20 16 15 15 19 19 19 17 16 15 19 16 15 17 19 15 16 20 19 15 18 15 16
5 5 6 6 5 6 6 5 6 5 5 5 5 5 5 5 6 5 6 6 6 5 5 5 5 5 5 5 5 6 5 5
22 19 21 19 18 21 19 19 17 22 21 21 22 18 20 19 19 20 19 17 21 20 20 21 19 19 22 19 18 20 22 21
17 17 15 14 18 14 16 17 18 16 15 18 16 16 14 17 18 14 15 17 16 18 15 15 15 14 15 15 16 15 17 14
16 19 18 18 19 19 16 16 20 17 16 20 19 16 18 15 20 20 20 19 17 17 16 18 18 19 15 18 15 19 17 16
7 6 7 7 6 7 7 7 7 7 6 6 7 6 6 6 7 7 6 7 6 6 7 6 7 7 6 7 6 6 7 7
8 8 8 7 8 7 8 8 7 7 8 7 7 8 8 8 8 7 7 7 7 8 8 7 8 8 7 8 8 7 7 7
11 12 11 10 12 11 13 12 13 11 10 13 11 12 11 12 11 10 10 12 13 11 10 12 10 11 10 11 12 13 13 10
9 7 7 9 8 7 8 8 7 7 9 7 9 7 8 7 8 8 9 9 7 7 9 8 7 8 8 9 9 7 8 9
12 13 12 14 13 14 12 13 12 15 12 12 13 14 12 13 13 14 12 12 12 14 14 13 15 14 14 13 14 12 12 13
19 21 16 17 19 16 18 19 21 19 16 19 20 21 19 16 17 17 20 17 21 17 20 18 16 19 18 20 16 17 18 17
7 8 7 7 7 8 8 8 9 7 8 7 8 8 7 7 7 8 9 8 9 9 8 8 8 8 7 7 7 8 7 7
15 18 14 15 17 14 18 14 17 16 16 15 16 16 17 14 16 14 16 16 14 18 17 15 15 17 18 14 14 18 16 18
5 5 6 6 5 5 5 6 6 6 6 6 5 5 5 5 5 5 5 5 5 5 6 6 6 6 5 5 5 6 6 5
2 1 1 1 1 2 2 2 1 1 2 2 2 2 2 2 1 2 2 1 1 2 1 1 1 2 1 2 1 2 2 1
6 7 7 6 6 7 7 6 7 6 6 6 6 6 6 7 7 7 6 7 7 6 7 7 6 7 6 6 6 6 7 7
4 3 3 4 4 4 3 3 4 3 4 3 3 3 4 3 3 3 3 3 4 3 4 3 3 3 3 4 3 3 3 3
9 10 10 10 11 9 11 9 12 10 12 10 9 11 10 9 11 9 9 9 10 12 9 9 10 10 9 9 10 10 11 11
21 21 17 16 17 19 19 18 18 17 21 18 20 21 16 17 17 20 16 18 20 19 16 16 18 20 17 21 20 19 18 20
8 8 10 11 8 10 9 10 8 11 9 8 10 8 9 8 11 10 10 9 9 8 9 9 10 8 9 11 8 9 11 9
4 5 5 5 4 4 5 4 4 5 4 5 5 5 4 5 5 4 5 5 5 4 5 4 4 4 4 4 4 5 4 5
11 10 13 10 12 13 13 13 13 11 10 10 12 13 10 12 12 10 11 11 12 10 10 10 11 13 11 11 10 11 12 10
19 18 22 22 18 18 18 17 21 22 22 17 22 17 19 20 22 17 21 17 19 18 21 21 18 17 21 17 17 19 21 17
19 21 18 22 23 22 23 18 21 21 19 20 21 18 21 23 23 19 23 20 18 22 20 22 23 22 20 20 18 23 18 20
5 6 5 5 5 5 5 5 5 6 6 6 6 5 5 6 5 6 5 5 5 6 5 6 5 5 5 6 5 6 5 6
20 21 19 22 18 21 19 17 22 17 18 21 17 18 21 17 20 22 18 20 22 22 21 20 21 20 20 18 22 17 19 22
8 8 7 7 8 8 7 8 7 7 8 7 7 8 7 7 7 7 8 8 8 7 8 7 8 8 8 7 7 8 8 8
16 16 17 16 17 20 17 20 21 21 19 17 19 19 16 19 19 18 20 21 21 18 20 18 19 16 16 19 21 17 16 20
6 6 5 6 6 5 6 5 5 5 6 5 5 6 5 6 6 5 5 6 6 6 5 5 6 6 5 6 6 6 6 5
3 3 2 2 2 2 3 2 2 2 3 2 2 3 2 2 2 2 2 2 3 2 3 3 2 2 3 3 3 2 3 2
8 9 11 10 8 10 11 11 8 10 11 9 9 11 10 8 11 9 10 11 9 9 9 10 8 11 9 8 11 11 10 8
8 7 8 7 7 9 7 7 9 9 9 7 9 7 8 8 8 9 7 8 9 7 8 8 9 8 9 8 8 8 8 9
17 17 15 14 14 15 16 14 15 17 14 16 14 17 17 16 15 16 15 14 15 14 17 14 15 17 17 15 15 15 17 14
19 16 18 20 18 19 19 21 16 21 17 19 21 16 20 18 20 17 20 16 19 18 17 19 17 18 17 20 16 16 17 19
15 13 16 14 16 15 13 16 16 13 15 13 13 16 15 14 15 14 15 16 14 15 14 13 15 16 14 13 15 14 16 15
1 1 1 2 1 2 1 2 2 2 1 2 1 2 2 2 2 2 1 1 1 1 1 1 1 2 1 2 1 1 2 2
11 11 10 8 11 9 11 10 10 10 9 10 10 9 8 10 11 9 11 8 9 8 10 9 8 8 8 9 11 9 11 8
16 18 16 18 17 20 20 18 18 19 21 18 20 16 18 21 17 21 16 19 16 17 21 20 20 20 19 20 16 21 16 19
7 8 8 7 7 7 8 7 7 7 8 8 8 7 7 7 7 7 7 8 7 7 7 7 7 7 7 7 8 7 8 8
18 19 15 16 15 15 19 15 18 20 15 18 19 20 17 18 19 20 17 20 20 20 15 15 17 20 19 15 16 18 17 19
13 12 13 11 12 13 10 13 11 11 11 10 10 11 10 12 12 12 10 13 12 12 11 13 12 11 11 12 13 10 11 10
7 9 9 7 8 7 9 7 7 7 9 9 8 8 8 9 8 8 7 9 7 7 7 8 9 8 9 7 9 7 7 9
6 6 6 6 5 6 6 5 5 5 5 6 6 6 5 5 6 5 6 6 5 6 6 6 6 5 5 5 6 6 5 6
21 20 21 18 21 23 18 21 21 18 22 23 21 21 23 20 19 21 23 21 18 23 23 23 19 20 21 22 19 20 18 23
17 18 17 20 18 21 22 17 21 18 19 19 19 21 20 18 19 18 22 22 20 19 22 21 19 22 18 17 20 18 17 17
20 19 15 19 20 20 16 17 16 20 15 20 17 16 15 17 19 17 15 16 19 15 16 19 15 15 19 20 17 19 18 16
3 3 3 2 2 3 3 3 3 3 3 2 3 3 2 3 3 3 2 2 2 3 2 3 3 3 2 2 2 2 2 2
15 16 13 15 14 15 16 14 16 13 13 13 13 14 15 15 14 16 16 15 14 16 15 15 16 15 15 14 14 15 16 16
3 3 3 2 3 3 2 2 3 2 2 3 2 2 2 2 2 2 2 3 2 2 2 3 3 2 2 2 2 2 2 2
20 20 17 17 15 19 20 16 19 20 19 18 15 15 18 15 18 18 19 18 19 15 18 15 16 20 15 19 15 16 16 20
19 20 22 20 21 19 23 22 21 22 19 21 22 23 23 21 19 19 23 18 22 18 19 18 19 18 21 23 20 23 22 19
17 14 17 16 17 15 18 16 15 16 14 14 15 18 16 14 16 14 16 14 16 16 14 17 17 14 18 14 15 14 18 14
7 7 7 7 9 9 9 9 9 9 7 9 8 9 7 8 7 9 9 7 7 7 7 7 7 7 7 7 8 8 9 7
22 19 22 18 19 21 23 20 21 21 21 22 21 21 20 21 18 18 22 19 22 22 21 22 18 19 19 18 20 20 20 22
18 23 19 22 22 22 20 21 19 20 23 21 18 23 23 19 18 22 22 18 20 18 18 18 19 22 18 22 23 23 23 23
17 18 21 17 20 21 19 21 17 22 17 19 18 18 18 20 18 19 21 20 17 20 19 18 18 19 20 17 19 21 21 22
10 9 10 11 9 11 12 12 10 9 10 10 11 9 10 12 10 9 9 12 9 9 11 9 12 9 12 12 10 10 11 12
12 10 11 12 13 13 12 11 12 11 11 10 10 11 13 10 13 10 12 12 12 13 13 10 10 13 13 10 13 13 12 10
3 3 3 3 2 2 3 3 2 3 2 2 2 2 3 2 3 2 3 3 2 2 2 3 3 3 2 3 3 2 3 3
15 17 18 14 16 17 16 16 16 14 17 15 15 18 18 17 17 15 18 16 15 14 16 14 17 15 14 14 14 14 15 17
14 15 15 13 13 13 13 12 14 12 12 15 14 14 14 15 14 13 13 13 12 13 13 13 14 13 14 14 14 12 12 13
4 4 5 5 5 5 4 5 4 4 5 4 4 5 5 5 5 4 5 5 4 4 5 5 5 5 5 5 5 4 5 4
3 3 2 3 2 3 2 3 3 2 3 2 2 2 3 2 3 2 2 2 2 2 2 2 2 3 2 3 2 2 3 2
16 18 17 18 18 16 17 15 14 15 16 17 18 18 16 16 15 18 18 14 15 18 18 15 14 17 18 17 16 18 18 16
22 21 22 18 19 23 19 22 23 18 18 22 19 22 18 19 19 23 22 18 18 20 21 22 20 22 23 19 18 20 20 19
7 7 6 6 7 6 6 7 6 7 6 7 7 6 6 6 7 6 6 6 7 6 7 7 6 7 6 6 6 7 7 6
2 2 3 2 2 2 3 3 2 2 2 3 2 2 3 2 3 2 3 2 2 2 2 2 2 3 3 3 2 2 2 3
3 3 3 3 4 3 3 3 3 3 4 3 4 4 4 3 3 3 3 3 4 4 3 4 4 3 3 4 4 4 4 4
1 1 1 1 1 1 2 1 2 1 1 1 2 2 2 1 2 1 1 1 1 2 1 1 2 2 2 1 2 2 2 1
12 11 13 10 13 10 13 12 11 13 12 10 13 12 10 12 12 13 13 11 11 10 13 10 11 13 10 11 13 11 10 11
1 2 1 2 1 1 1 1 2 2 1 1 2 2 2 1 1 1 1 1 2 2 1 2 2 1 2 2 2 1 1 1
3 4 3 3 3 4 3 4 3 4 3 3 3 3 3 4 4 3 3 4 3 4 4 4 3 4 4 3 3 3 3 3
13 12 15 15 12 12 14 13 13 12 13 12 15 12 12 15 14 14 12 14 15 15 15 12 14 15 13 12 12 15 12 12
8 10 10 9 9 8 8 11 9 11 11 10 10 8 8 8 10 10 11 11 11 10 11 8 10 9 9 11 9 8 8 8
8 8 7 8 7 7 7 8 7 8 8 7 8 7 7 7 8 8 7 8 8 8 7 8 8 8 7 8 7 8 8 7
19 16 17 16 16 17 19 21 16 19 18 21 17 20 20 20 21 20 20 17 18 20 20 18 16 18 16 16 20 19 20 17
2 3 2 2 3 3 2 2 3 2 2 3 3 2 2 2 3 3 2 3 3 2 2 3 3 2 2 3 2 2 3 3
7 6 7 6 6 7 6 7 7 7 7 6 6 6 6 6 6 7 6 7 7 7 7 6 6 7 6 6 7 7 7 7
15 13 14 16 13 16 13 15 13 14 14 15 13 16 14 16 14 14 16 15 15 16 15 16 15 13 13 14 14 16 15 15
9 9 9 11 11 8 8 9 10 10 11 8 9 9 10 10 9 8 9 8 11 9 10 8 10 8 11 8 10 9 11 9
21 20 19 17 22 21 17 19 22 22 19 18 20 21 21 20 18 19 18 19 22 18 17 19 18 18 20 17 21 17 22 21
3 3 3 3 3 2 2 3 3 2 2 2 2 3 3 3 3 3 3 3 2 2 3 2 3 3 2 2 2 2 3 3
14 15 15 17 17 15 18 14 16 16 14 16 16 17 18 17 16 17 18 14 16 17 14 14 14 18 17 17 16 16 14 16
5 6 6 5 6 5 5 5 5 5 6 6 6 5 5 5 5 6 6 6 6 6 6 5 6 6 5 5 5 5 5 6
9 11 9 10 9 11 10 12 9 11 10 9 12 12 11 9 11 11 10 10 9 11 10 9 12 10 12 9 9 12 10 11
1 2 1 1 2 2 1 2 2 2 2 1 2 2 1 1 2 1 1 2 2 1 2 1 1 1 1 1 1 2 2 2
7 7 8 8 8 7 7 8 7 8 7 8 7 8 8 8 8 7 8 7 7 7 7 7 7 8 8 7 7 8 7 7
17 16 14 14 18 16 18 15 18 14 18 16 18 15 18 16 18 18 16 18 15 18 14 18 18 15 14 18 16 18 16 15
18 15 16 18 15 17 15 14 18 14 17 16 15 16 17 15 14 15 16 15 18 18 14 18 15 17 16 18 17 15 15 15
14 12 15 15 13 13 13 15 13 12 14 12 15 15 12 13 15 14 14 15 12 12 14 14 14 15 12 15 12 14 13 15
18 20 17 17 19 20 17 20 16 18 20 16 17 20 15 16 17 20 17 19 15 20 19 18 16 18 19 20 17 17 18 18
12 14 11 12 12 13 11 12 13 13 11 13 11 12 13 13 14 12 12 11 13 12 14 14 12 14 13 14 13 14 14 11
7 7 8 7 8 8 7 8 8 7 7 8 7 7 7 8 7 7 7 7 8 7 7 8 8 8 8 7 8 7 7 7
1 2 1 1 2 1 1 1 1 1 1 2 1 1 2 1 2 2 2 1 2 2 2 1 2 1 2 2 2 2 1 1
8 7 8 9 8 8 8 8 8 8 7 9 8 9 8 9 8 9 7 8 7 9 8 9 8 7 9 7 7 8 8 8
10 12 11 12 12 11 13 10 13 13 13 13 11 13 12 13 13 13 13 13 13 12 11 13 10 10 13 11 13 10 10 12
4 5 5 4 5 5 5 5 4 5 5 4 5 4 5 5 4 5 4 5 4 4 4 4 4 5 4 5 4 5 4 4
1 1 1 2 1 2 2 1 1 1 2 2 1 1 1 1 2 2 1 1 1 2 2 2 1 2 1 1 2 2 2 1
10 10 10 10 8 9 10 8 8 10 11 8 10 9 10 10 9 10 8 11 9 10 10 9 10 11 8 8 8 8 10 9
2 3 3 2 3 2 2 2 3 3 2 3 3 2 3 2 3 2 3 2 3 2 3 3 2 2 3 3 2 2 3 3
16 16 17 14 14 14 17 14 15 14 16 15 17 17 15 17 14 16 15 17 17 16 14 14 14 16 15 15 16 14 14 16
1 2 2 2 2 2 1 2 1 1 1 2 1 1 1 2 2 1 2 1 1 2 2 2 2 2 2 1 2 2 1 1
15 17 15 18 19 18 18 20 18 15 19 19 19 15 20 19 15 18 19 15 20 19 19 20 16 19 20 17 17 16 17 20
16 18 17 14 14 17 14 15 14 16 17 15 14 18 15 14 16 14 14 16 17 14 15 16 16 14 15 16 18 16 15 14
18 18 18 23 19 23 23 21 23 20 19 22 18 22 18 18 21 19 19 20 23 20 19 21 19 18 23 22 22 19 20 18
11 13 11 14 11 14 11 13 12 13 13 12 13 14 13 13 13 13 12 12 12 12 14 12 11 11 13 11 12 12 12 14
14 15 13 12 14 13 14 15 12 13 14 13 12 13 14 15 14 14 13 13 13 13 15 15 13 14 12 15 12 14 12 15
18 14 18 18 14 18 18 17 17 18 14 15 14 14 16 17 14 17 14 16 15 17 14 18 14 15 18 16 18 18 16 15
14 16 15 13 14 13 16 16 15 13 13 16 14 14 16 15 15 14 13 14 13 15 16 13 14 15 16 15 14 16 14 16
9 7 8 9 7 9 8 9 9 9 8 9 8 9 7 8 8 9 8 8 7 7 7 8 8 9 7 7 7 9 7 7
6 6 6 6 6 6 6 5 5 6 6 6 6 6 6 5 6 5 6 6 6 6 5 5 6 5 6 5 6 5 5 5
16 17 15 16 16 15 17 17 16 16 18 18 15 17 17 15 17 14 14 16 14 15 18 14 15 16 14 16 18 15 18 15
7 8 7 8 7 8 8 8 7 8 7 7 8 8 7 8 8 8 8 8 8 7 7 7 8 8 8 7 7 7 7 7
6 7 6 6 7 7 7 7 6 6 7 6 7 6 7 6 7 7 6 6 7 7 6 6 7 6 6 6 7 7 7 7
22 22 21 20 18 20 18 17 21 19 21 17 22 22 20 21 18 20 22 18 19 18 20 18 18 21 21 18 18 17 22 21
14 14 12 12 12 13 13 11 12 14 11 12 12 11 11 11 11 12 12 13 14 11 12 14 14 11 11 13 13 12 11 13
15 16 15 16 17 15 16 14 17 14 17 15 15 16 14 15 15 16 15 17 14 17 15 17 15 17 16 17 14 15 14 16
6 6 6 6 7 6 7 6 7 6 7 6 6 6 6 7 7 6 6 6 6 7 6 7 7 7 7 7 6 6 6 6
3 3 3 4 4 3 3 4 3 3 3 3 3 3 4 3 3 3 4 3 4 4 4 4 3 4 4 3 4 3 4 4
8 9 10 9 9 9 9 11 11 8 11 8 10 9 11 10 9 8 10 11 8 9 11 9 11 11 11 8 11 9 10 9
13 15 14 13 14 12 12 14 14 15 14 12 14 14 13 12 15 15 15 12 15 12 13 13 14 12 13 13 13 12 14 14
18 20 21 22 19 22 22 17 21 18 18 18 21 18 22 21 18 21 18 19 22 19 19 21 20 22 19 21 21 19 17 22
10 13 11 11 13 13 13 13 13 10 10 12 10 13 10 12 11 10 11 12 13 11 10 11 12 10 11 11 13 10 13 10
15 14 14 14 14 14 12 13 15 12 14 14 14 15 13 14 12 15 14 13 13 12 14 12 15 12 12 15 14 15 14 12
6 6 6 6 6 6 6 7 6 7 7 6 6 6 7 6 6 6 7 6 6 6 7 7 7 7 6 6 7 6 7 6
17 14 17 16 15 14 15 16 17 14 15 16 14 16 17 15 15 17 14 16 14 17 14 14 15 15 14 14 15 14 16 14
8 8 8 8 8 7 8 8 8 8 7 8 8 8 8 8 8 7 8 7 8 7 8 8 7 7 7 7 8 8 7 8
8 8 10 11 8 9 8 9 11 10 9 8 10 8 9 8 9 10 11 8 11 10 11 8 10 10 8 10 8 9 9 9
13 11 12 12 13 13 11 13 11 11 13 11 13 11 12 12 12 11 13 12 11 10 10 11 10 11 11 11 12 13 10 12
13 12 12 11 13 11 11 13 11 11 13 10 12 10 13 11 10 10 11 12 11 13 13 13 11 10 12 10 13 12 13 13
14 13 13 15 13 13 15 14 15 13 16 15 15 16 14 14 16 16 14 14 13 13 13 15 16 13 13 16 14 14 16 13
2 2 2 1 1 2 2 1 1 1 1 1 2 1 2 2 2 1 1 2 2 2 1 1 1 2 2 2 1 2 2 1
12 12 14 12 13 14 12 13 12 13 14 14 13 14 15 13 14 12 13 12 14 14 12 12 12 14 13 14 14 15 14 14
14 14 16 16 15 15 14 15 14 16 15 14 13 13 15 15 16 15 16 13 13 13 15 16 16 16 16 13 16 14 14 14
6 5 5 5 5 6 5 6 5 6 6 6 6 5 5 6 6 6 6 5 6 5 6 6 6 5 5 6 5 6 6 5
8 10 11 9 10 9 8 9 10 10 11 10 10 9 10 11 11 9 10 11 9 8 10 10 11 11 10 8 9 11 8 10
21 21 22 18 20 17 21 22 19 20 22 17 21 19 21 18 22 19 18 19 18 17 18 22 22 20 20 20 20 17 22 19
8 9 7 7 7 9 9 7 9 9 7 9 7 7 9 7 7 7 7 9 9 8 7 8 8 8 7 7 7 9 8 8
15 13 12 12 14 12 12 15 13 12 13 13 13 15 15 13 15 13 12 12 14 14 12 15 13 13 12 14 12 15 15 13
17 20 17 16 16 19 19 18 18 18 18 17 19 16 15 16 16 20 17 17 20 15 19 17 18 15 15 19 16 16 16 20
2 2 1 1 1 2 1 2 2 2 2 1 2 1 1 2 1 1 2 2 1 1 2 1 1 1 1 1 2 2 1 2
17 15 17 19 15 15 18 15 18 17 16 18 16 15 17 18 19 16 18 20 18 19 18 19 19 20 15 20 15 16 18 20
17 17 18 21 20 20 18 20 17 18 20 19 21 16 16 20 20 19 21 17 21 18 17 17 16 19 16 19 18 20 21 18
4 3 3 4 3 3 4 3 4 3 3 4 4 4 3 3 4 4 3 3 4 4 3 4 4 3 4 3 3 3 3 3
4 3 3 4 4 4 4 4 3 3 3 3 3 4 3 3 3 4 3 4 4 4 4 4 4 3 4 4 4 3 4 4
3 2 3 2 2 3 2 2 3 3 3 3 2 2 3 3 3 2 2 3 3 2 3 3 2 2 3 2 3 3 3 2
6 6 6 6 6 5 6 5 6 5 5 6 5 6 6 6 6 5 5 5 5 5 5 6 5 5 5 6 6 6 5 5
5 6 5 6 6 6 6 6 5 6 5 5 5 5 6 6 5 6 6 6 6 6 6 6 5 5 6 5 5 5 6 5
6 5 6 6 5 5 6 6 6 5 6 6 5 6 6 5 6 5 6 6 5 6 6 6 5 5 5 6 5 6 6 5
3 3 3 3 3 4 3 3 3 3 3 3 3 4 3 3 4 3 3 3 3 4 4 4 4 4 3 4 3 4 4 4
16 14 15 16 13 16 16 15 15 14 14 13 14 14 16 15 16 14 15 16 16 14 13 13 14 14 15 15 13 16 13 16
5 4 5 4 5 4 5 5 4 5 5 4 5 4 5 5 4 5 4 4 5 4 4 5 4 5 4 4 4 5 4 4
17 14 17 17 14 15 14 14 14 17 15 15 16 15 16 17 14 14 16 14 14 15 15 17 17 15 14 17 14 17 14 17
1 1 1 2 1 2 2 1 2 2 1 2 2 1 2 1 2 1 1 1 2 1 2 1 2 2 2 2 2 1 2 2
6 5 6 5 6 6 5 6 5 6 5 6 6 6 5 6 6 6 5 5 6 6 6 6 5 5 6 5 5 5 5 5
15 12 12 14 12 15 12 13 12 14 14 14 13 15 15 13 14 14 12 15 14 15 14 12 14 14 13 12 12 13 13 14
17 15 17 16 17 18 15 14 16 17 14 17 15 18 15 15 15 16 15 18 18 14 17 17 14 18 16 15 18 16 14 14
9 11 11 11 11 10 10 10 10 10 8 11 11 9 10 8 9 10 9 11 11 8 11 8 8 10 9 8 8 8 11 9
14 14 12 12 13 11 13 14 11 11 11 11 11 11 14 11 13 13 11 14 12 11 12 13 12 11 12 12 12 13 11 12
6 6 6 7 6 7 7 6 6 6 6 7 6 7 6 6 6 6 6 6 7 7 7 6 7 7 6 6 6 7 7 7
14 12 14 14 14 15 12 14 14 13 14 15 12 14 12 13 13 12 13 15 12 15 15 13 12 15 13 12 14 15 13 12
10 10 11 8 9 8 8 8 11 9 8 8 8 10 11 9 10 8 9 9 11 10 9 10 8 9 8 11 8 9 11 10
7 7 6 7 7 6 7 6 6 7 6 6 6 7 7 7 7 6 7 7 7 6 7 6 6 6 6 7 6 6 7 6
18 21 22 18 18 20 19 22 22 23 20 21 23 19 21 19 18 23 21 18 21 20 21 22 23 23 21 22 18 23 21 18
22 18 23 18 21 20 23 21 23 19 19 23 19 20 23 22 19 23 20 19 19 19 22 22 20 22 22 21 23 22 21 20
19 20 20 20 19 16 17 17 17 17 20 20 16 16 20 15 17 16 18 19 16 17 19 19 17 20 19 17 20 16 16 16
8 7 7 8 7 7 9 7 7 8 8 8 9 9 9 7 7 9 9 8 8 8 8 7 9 8 9 8 7 7 7 7
18 20 22 17 19 18 18 21 19 17 20 18 22 19 22 18 18 17 20 21 20 21 18 19 18 22 22 22 18 17 20 17
10 13 12 11 12 10 10 12 11 11 11 13 12 11 12 11 11 11 12 11 12 10 10 10 13 11 12 13 12 12 11 12
1 1 2 2 1 2 2 1 2 2 2 1 1 1 1 1 2 2 1 2 1 1 2 2 2 1 2 1 2 2 2 2
8 9 11 10 8 10 11 10 10 9 8 9 11 11 10 10 9 11 10 8 9 11 11 11 9 9 11 8 11 9 10 8
9 8 9 8 7 7 9 7 9 7 7 9 9 7 7 8 9 7 8 7 7 7 9 8 9 7 9 8 9 7 7 8
21 17 18 16 19 19 19 18 17 16 21 18 21 16 20 20 20 18 16 16 19 18 18 18 16 16 16 18 21 17 17 18
2 3 3 2 3 2 3 2 3 2 3 2 3 3 3 3 3 3 3 3 3 2 2 3 2 3 2 3 2 2 2 3
12 14 11 12 14 13 12 14 12 13 12 11 13 14 14 14 14 11 11 11 11 14 12 14 12 11 12 11 14 14 13 14
15 14 14 17 17 15 17 14 16 15 16 14 17 14 14 16 16 15 17 17 17 17 17 14 15 14 15 16 15 15 15 16
15 15 15 13 15 15 16 16 15 16 15 16 15 13 16 14 16 13 16 15 14 15 15 15 16 16 13 15 16 15 13 13
4 4 4 4 5 5 4 5 5 4 5 5 5 4 5 5 5 4 5 5 5 5 4 5 4 5 4 4 4 5 4 4
8 10 8 8 11 10 9 9 9 8 8 10 8 8 9 8 9 8 8 10 11 11 9 8 8 10 11 8 11 8 11 8
2 2 2 3 3 2 3 2 3 3 2 3 2 2 2 3 2 3 3 3 2 2 2 2 2 2 3 2 3 2 2 2
17 15 18 18 19 19 16 16 20 18 19 15 18 20 17 20 19 16 16 16 18 18 17 16 15 20 16 16 17 17 19 15
8 8 9 11 9 8 9 9 11 10 9 8 10 9 8 8 9 10 10 10 10 11 8 11 9 8 11 10 9 9 11 9
15 15 16 20 17 16 15 20 15 18 20 16 17 16 18 18 16 18 19 16 17 18 17 16 20 19 16 20 17 15 20 20
15 15 14 16 17 14 17 14 17 15 14 15 17 16 15 16 14 16 17 16 14 14 17 16 17 15 14 15 16 15 16 16
2 3 3 2 3 2 2 2 2 3 2 2 3 3 2 3 3 2 3 2 2 3 2 2 3 2 2 2 3 3 2 2
9 7 7 9 9 8 9 8 7 8 8 8 8 8 9 7 9 9 7 8 7 8 8 8 7 9 8 8 7 8 9 7
13 13 10 10 10 10 13 12 13 12 13 10 10 11 12 11 12 11 12 12 13 12 12 11 13 13 10 13 11 13 13 13
2 2 2 1 1 2 2 1 1 1 1 1 1 1 1 1 2 2 2 1 2 1 1 1 2 1 2 1 1 1 1 2
10 9 8 9 8 8 8 8 11 9 9 9 9 11 10 10 11 10 9 8 11 9 10 10 10 11 10 9 8 8 11 11
11 13 11 13 14 13 13 13 11 13 11 13 12 11 13 11 12 13 13 13 12 12 13 11 12 13 12 12 13 14 11 11
1 2 2 1 1 1 1 1 1 2 2 2 1 2 2 1 1 2 1 2 1 2 2 1 1 2 1 2 2 1 1 2
7 7 7 8 7 8 8 8 8 7 7 8 8 8 7 8 7 7 8 8 7 7 7 7 7 8 7 7 8 8 7 7
12 13 13 12 14 14 12 14 12 15 13 12 12 14 13 14 14 15 13 12 13 15 12 13 15 14 13 15 14 12 14 12
9 8 8 9 8 9 8 7 9 9 8 8 9 9 7 9 9 9 8 8 8 8 9 7 9 7 9 9 9 7 7 7
10 11 11 10 10 11 8 10 8 11 9 10 11 11 11 10 10 8 9 9 11 11 10 9 9 10 9 10 8 10 10 11
5 6 6 5 6 6 6 6 6 6 5 6 5 6 6 6 6 6 5 6 6 5 5 5 5 5 6 5 6 5 5 6
6 6 6 6 6 5 5 6 6 6 6 6 6 6 5 6 6 5 6 6 5 6 5 5 5 5 5 6 6 6 5 6
19 22 18 19 20 23 23 18 20 20 19 21 20 21 18 20 20 22 23 22 20 21 23 22 19 19 18 21 23 18 20 18
18 23 23 18 22 19 19 20 19 22 18 19 20 21 19 23 19 19 20 23 23 20 22 21 20 20 19 21 18 19 20 18
20 19 20 19 19 22 21 17 20 20 18 20 19 19 22 20 20 18 21 18 18 21 17 20 17 22 17 18 19 20 18 21
19 19 16 17 15 17 20 17 20 20 18 15 17 15 17 20 18 18 16 15 19 17 17 16 17 15 18 17 19 19 16 17
14 12 15 13 13 14 14 12 14 14 13 14 15 15 12 13 12 15 13 14 12 13 13 15 14 14 15 12 13 12 14 12
11 8 8 10 10 10 10 8 10 8 9 9 10 8 10 9 8 10 9 11 9 10 11 10 8 10 10 10 10 8 10 9
5 5 5 4 5 4 5 4 5 4 4 5 5 4 4 4 4 5 4 5 5 4 4 4 5 5 4 4 4 5 4 5
4 4 3 3 3 4 3 4 3 3 3 4 3 3 4 3 3 4 3 4 4 3 3 3 4 4 3 4 3 3 3 4
13 15 16 13 13 16 15 15 15 15 14 13 14 15 14 14 13 13 16 15 13 16 16 16 16 13 13 15 15 16 14 13
3 2 2 3 2 2 3 3 3 2 3 2 2 2 3 3 3 2 2 3 2 3 3 2 3 2 3 3 2 3 2 2
9 9 8 8 9 7 8 8 8 9 7 9 9 9 7 7 9 9 9 9 9 8 8 9 7 8 7 7 8 7 8 7
4 4 4 4 5 5 4 4 5 4 4 5 5 5 5 5 5 5 5 4 5 4 4 4 4 4 4 4 5 5 4 4
16 17 17 19 20 20 18 15 15 20 18 17 15 17 20 20 17 19 19 15 19 18 18 20 16 16 17 20 18 19 19 15
12 10 10 11 11 10 11 12 9 11 9 10 12 9 10 10 10 10 11 10 11 9 11 11 9 12 9 11 11 11 12 9
19 20 21 22 23 18 20 23 19 22 22 19 19 21 18 22 18 21 18 22 20 20 22 23 23 20 22 22 21 23 23 20
5 4 5 5 4 5 5 5 4 5 4 4 5 4 4 5 5 4 5 5 5 5 5 5 4 4 5 4 5 4 4 5
20 17 18 20 17 21 20 20 18 17 19 18 19 22 19 19 22 17 19 20 22 22 21 20 20 17 21 21 18 22 21 22
1 1 1 2 1 2 2 1 2 1 2 2 2 1 2 2 2 2 2 1 2 2 1 1 1 1 1 1 1 2 2 2
18 16 18 14 15 14 18 15 18 17 18 18 17 17 14 18 17 16 17 17 16 14 14 17 17 17 14 18 18 17 15 16
7 7 6 7 7 6 7 7 6 6 7 6 6 7 6 6 7 7 6 6 6 7 6 7 7 7 7 6 7 7 6 6
5 5 6 5 5 5 5 5 6 5 6 6 5 5 6 6 6 5 6 6 6 5 6 6 5 6 6 5 5 6 6 6
19 17 17 17 21 21 21 22 22 17 18 19 19 22 20 22 17 22 18 18 19 17 22 17 21 19 22 17 20 18 19 22
13 16 13 13 13 15 13 14 13 16 16 15 15 15 13 16 16 16 15 14 14 15 13 15 14 14 16 15 13 16 15 13
13 12 13 14 13 14 14 13 13 13 13 12 12 12 12 12 14 15 12 12 13 12 13 14 14 12 15 13 13 13 15 15
3 3 3 2 3 2 2 2 2 2 3 3 3 2 2 2 3 3 3 2 2 2 3 2 2 2 3 3 2 3 2 3
14 12 15 13 12 13 15 14 12 13 15 15 15 12 12 13 15 14 14 14 14 13 14 12 14 15 15 15 14 12 13 12
13 13 13 12 12 13 13 14 13 14 13 13 12 14 14 13 12 13 12 14 12 11 14 12 12 14 13 12 11 13 11 12
23 23 18 18 23 20 21 21 20 23 21 21 21 19 22 18 20 21 20 23 18 23 19 22 20 23 23 23 18 22 22 23
16 15 16 14 16 14 16 14 16 13 15 16 14 13 13 14 14 16 13 14 16 14 15 15 14 14 14 13 13 14 13 15
6 6 6 6 7 6 6 6 6 7 6 7 6 7 6 6 7 6 6 7 7 7 6 7 7 6 6 7 6 6 7 6
5 5 4 4 4 5 5 4 5 4 5 4 5 5 4 4 4 5 4 5 5 5 5 4 4 5 4 4 5 4 5 5
1 1 2 2 2 2 2 1 1 2 1 1 2 1 2 2 1 2 2 1 2 1 2 1 1 2 2 2 2 1 2 2
13 13 11 13 10 11 10 11 11 12 13 12 11 10 11 11 13 12 12 12 12 13 12 12 11 11 10 12 11 13 12 12
20 20 20 20 20 18 17 20 17 20 19 21 21 19 18 16 20 20 19 19 18 21 21 17 17 21 21 19 16 17 16 20
9 12 10 9 11 9 11 9 11 12 9 12 12 10 9 12 12 12 9 10 10 11 9 12 11 12 9 10 10 12 12 11
7 9 7 8 9 7 8 9 9 8 7 9 8 9 7 7 8 8 9 9 8 8 8 9 8 9 7 7 7 9 7 7
4 4 5 5 5 5 5 5 5 5 5 5 4 5 5 5 5 5 4 5 5 4 5 4 5 5 5 5 4 4 4 4
21 17 20 20 21 21 21 22 20 19 17 18 19 19 19 20 17 18 19 18 20 20 17 18 21 19 17 21 18 20 17 20
6 5 5 5 6 6 6 5 5 5 6 5 5 5 5 6 6 6 6 5 6 5 5 6 5 6 5 6 5 6 6 5
12 11 9 12 9 11 10 10 11 12 12 9 12 11 9 10 9 9 12 12 9 12 11 9 9 11 11 11 9 12 10 11
5 6 5 5 6 5 5 5 6 6 5 5 5 6 6 5 6 5 6 6 5 5 5 6 5 6 5 5 6 6 5 5
2 2 2 2 1 2 1 2 2 2 1 1 1 1 1 2 2 1 1 1 2 1 1 2 1 2 1 2 1 2 2 2
6 6 6 5 6 5 5 5 6 6 5 6 6 6 5 5 5 5 6 6 5 5 6 5 6 6 6 6 6 6 5 5
21 18 18 20 23 22 20 19 20 18 22 21 20 20 22 19 18 22 20 19 22 18 22 23 19 19 23 19 19 20 19 21
16 14 16 13 13 15 16 15 14 13 15 14 13 13 15 16 15 15 16 16 14 16 16 13 13 14 13 15 13 16 14 16
18 18 20 19 21 21 21 18 22 21 17 19 21 18 17 18 17 18 22 17 18 21 20 21 18 21 17 17 19 22 20 21
18 17 17 18 21 22 20 19 22 20 21 18 19 19 20 18 18 18 22 20 17 20 21 18 19 19 22 18 20 20 21 17
9 9 7 7 9 9 7 7 9 9 8 8 8 9 8 7 8 9 8 8 9 8 9 8 7 9 9 8 7 9 7 8
11 12 12 11 11 10 11 11 10 10 10 10 13 10 11 11 12 12 10 11 10 12 11 10 11 13 11 11 12 11 11 11
21 18 20 18 19 21 21 16 16 16 21 18 18 21 20 16 18 17 17 16 19 17 17 17 17 18 16 16 21 19 21 16
12 12 13 11 13 12 13 13 13 12 11 10 10 11 12 12 12 11 12 13 12 11 12 10 12 13 10 13 11 12 12 10
14 16 16 16 14 17 16 14 17 17 14 15 17 17 17 14 14 16 16 14 16 15 14 14 14 17 14 14 16 15 14 17
14 15 15 14 15 15 13 12 15 15 15 13 15 14 12 12 15 12 12 14 12 12 13 12 15 13 12 15 13 15 15 12
5 4 4 4 5 4 5 5 5 4 4 5 4 5 5 5 5 5 4 5 5 4 4 4 5 5 4 5 5 4 5 5
4 5 4 5 5 4 5 5 4 4 5 4 5 4 5 5 4 4 5 5 4 5 4 5 4 4 4 4 4 5 4 5
14 14 11 11 13 11 14 13 12 12 14 13 12 11 14 13 14 11 13 12 14 14 13 14 12 12 12 12 11 12 13 13
19 20 19 23 23 23 23 22 23 21 22 21 22 19 22 20 21 19 20 19 18 19 18 22 23 22 18 21 23 19 22 18
2 1 2 2 2 1 2 1 2 2 1 2 1 2 1 1 2 1 1 1 1 1 2 1 1 2 2 2 1 1 1 1
16 15 15 16 16 14 16 13 14 13 14 16 15 14 15 16 13 14 13 14 14 13 16 13 16 16 15 16 16 14 16 13
5 5 6 5 6 6 6 6 6 6 6 6 6 6 6 6 5 5 6 6 6 5 6 6 5 5 6 6 5 6 5 5
14 13 16 15 13 16 15 13 16 13 14 14 13 14 16 14 13 13 15 13 14 13 16 13 14 13 14 14 13 16 16 13
18 20 19 19 20 18 16 19 15 15 20 15 20 20 18 19 19 18 15 18 18 15 17 20 20 20 20 18 16 17 17 19
15 15 16 15 15 17 14 15 17 16 17 18 16 14 14 17 14 17 14 14 14 14 14 16 14 18 18 18 16 17 16 16
18 21 17 17 20 21 19 18 20 16 18 21 16 19 16 18 19 20 21 19 19 18 17 17 18 16 16 21 19 19 20 17
12 12 12 12 12 15 15 12 15 12 15 12 13 15 14 12 13 14 13 12 12 13 13 15 13 14 14 14 12 13 15 15
6 6 6 6 6 6 6 6 5 5 6 6 6 6 6 5 5 6 6 6 6 6 5 5 6 5 5 6 6 5 6 5
10 9 9 11 10 11 10 8 11 8 9 11 8 11 10 9 10 11 8 10 10 11 9 9 9 9 8 11 9 10 8 8
11 13 14 12 12 12 13 11 11 14 12 11 11 11 11 11 13 13 11 13 14 12 13 13 11 11 13 14 14 11 12 13
12 10 11 9 10 9 11 9 9 12 12 10 11 9 11 9 9 11 10 9 10 12 12 9 12 9 9 10 9 10 12 9
5 6 6 6 5 6 5 6 5 6 5 5 5 6 6 6 5 6 5 5 6 5 5 6 5 5 6 6 6 6 6 6
8 7 7 7 7 8 8 8 8 7 8 8 8 7 7 8 8 8 7 7 7 8 7 7 7 7 7 7 7 7 7 7
11 10 12 10 10 9 11 10 11 12 12 11 11 10 11 12 9 12 9 11 10 12 11 10 12 12 12 10 9 10 10 11
6 6 6 6 6 6 7 6 6 7 6 7 6 6 6 7 7 7 6 6 6 6 6 6 7 7 6 6 7 7 6 7
12 10 10 11 11 10 11 11 10 11 12 13 11 12 11 13 12 13 12 13 10 10 13 13 11 13 10 11 12 11 11 12
16 16 15 17 15 15 18 17 18 15 16 16 17 17 19 19 15 19 17 20 16 16 17 18 16 19 17 20 15 16 19 17
1 1 2 1 1 1 2 2 1 1 1 1 1 2 2 1 2 2 2 1 2 2 1 1 1 1 1 2 1 2 1 1
3 3 3 4 4 3 4 3 3 3 4 3 4 4 4 3 3 3 4 3 3 3 3 4 3 3 4 3 3 4 4 4
9 8 9 9 8 11 11 10 10 8 8 10 8 9 11 9 10 10 9 8 9 9 10 8 11 8 8 10 8 9 11 11
18 18 18 19 19 18 17 19 17 17 16 17 19 17 15 17 20 18 19 16 15 17 18 18 16 20 17 19 17 17 19 16
7 6 6 6 7 6 6 6 6 7 6 7 6 7 7 6 6 7 7 6 6 7 7 7 7 7 6 6 6 7 6 7
11 12 11 12 12 11 13 11 12 14 14 13 11 12 12 14 14 13 11 11 13 11 12 12 12 14 11 12 12 14 12 12
7 8 8 7 8 7 8 7 8 8 7 7 8 8 7 8 7 8 7 8 7 8 8 7 7 8 8 7 7 7 7 8
10 8 8 11 11 11 10 8 11 8 11 8 10 10 11 10 10 9 10 11 8 10 10 8 9 9 9 11 9 9 9 11
17 18 16 18 16 14 18 16 18 16 14 16 16 14 14 15 17 17 18 15 16 14 17 17 14 15 18 15 16 16 17 15
13 15 15 12 12 15 14 13 13 13 12 12 13 15 15 13 15 12 13 15 12 14 14 15 14 12 14 12 13 13 15 14
8 8 8 7 7 7 8 7 7 8 8 8 8 8 7 7 7 8 8 7 8 7 8 8 7 8 7 7 7 7 8 7
6 7 7 7 6 7 7 7 7 6 7 6 6 6 7 6 7 7 6 6 6 6 7 7 6 7 6 6 7 6 6 7
10 12 12 10 11 13 13 11 12 11 10 13 10 12 13 10 11 11 11 10 13 10 10 13 10 12 13 13 12 12 12 12
9 9 9 7 8 7 8 8 9 8 7 7 8 8 9 7 7 9 7 9 8 9 8 8 7 8 7 7 9 7 8 9
18 22 21 17 22 21 18 22 22 17 17 17 20 17 20 21 17 21 18 20 18 21 21 17 18 19 22 21 21 17 17 20
7 7 7 6 6 7 6 7 6 7 7 7 6 6 6 6 6 7 6 6 6 6 6 7 7 6 6 7 7 7 7 6
8 10 11 8 9 11 8 8 10 8 11 8 9 10 10 10 9 9 8 11 9 11 9 10 10 11 11 9 10 11 11 10
2 3 3 2 3 2 3 2 3 3 3 2 3 3 3 2 2 2 3 2 3 3 3 3 3 3 2 3 3 3 2 2
11 12 12 10 12 12 10 9 11 11 12 12 11 11 9 10 9 9 9 10 11 11 10 12 10 10 10 9 10 11 11 12
18 18 20 21 20 21 20 19 21 20 20 22 23 22 20 23 20 22 18 23 20 19 18 22 23 20 18 21 21 18 22 21
13 11 10 10 11 13 11 10 10 10 11 10 10 10 10 12 11 11 13 12 10 11 11 11 13 12 12 13 11 10 13 12
7 6 6 7 7 7 7 7 6 6 6 6 6 6 6 6 7 7 6 7 7 6 7 7 6 6 7 6 7 6 7 7
14 16 14 15 16 15 13 14 16 15 14 13 14 13 14 15 15 13 15 14 15 15 16 15 16 13 15 13 15 14 15 15
14 14 13 14 13 14 12 13 13 13 12 14 14 14 13 13 14 14 11 11 14 12 13 12 11 13 12 12 12 14 12 14
14 14 14 17 15 15 17 16 14 15 16 15 16 16 16 15 16 17 16 16 15 16 15 15 16 14 16 17 16 17 14 16
5 5 6 6 6 6 6 6 6 5 6 5 6 6 5 6 5 5 5 6 5 6 5 5 5 5 6 6 6 5 5 6
14 14 11 13 11 11 12 12 14 12 12 13 11 14 13 14 13 12 12 11 11 12 14 14 13 13 11 12 11 14 14 12
20 19 19 16 15 20 19 18 19 17 18 16 18 15 16 16 16 19 19 18 20 20 17 19 15 19 18 17 17 20 15 20
17 15 17 16 14 17 15 14 17 17 15 17 14 14 16 15 15 17 17 17 17 14 14 15 17 17 16 14 16 14 14 17
7 6 6 6 6 6 6 6 7 7 7 6 6 6 7 7 6 6 7 7 6 7 6 7 7 6 7 6 6 6 6 6
4 4 5 4 4 5 4 4 5 4 4 5 5 5 4 4 4 5 4 4 5 5 4 5 5 4 4 4 5 5 5 5
20 20 16 18 15 15 17 19 18 17 20 16 19 20 19 20 16 17 17 17 17 17 15 19 19 20 19 19 16 18 18 17
9 7 8 7 7 7 8 9 8 8 8 9 8 7 8 8 8 7 9 7 7 7 7 7 8 8 7 8 8 7 7 7
1 1 1 2 2 2 2 2 2 2 2 1 2 1 1 1 2 2 1 2 2 1 1 2 2 2 1 2 2 2 1 2
7 7 7 7 7 7 7 6 7 7 7 6 6 7 7 7 7 6 6 6 6 6 6 7 6 6 6 7 6 6 6 6
16 15 18 15 16 18 18 14 15 18 16 14 17 14 15 16 15 16 14 14 15 14 14 15 14 16 16 16 18 14 15 14
5 5 6 6 6 5 6 5 6 5 5 5 6 5 5 5 6 6 5 5 6 5 6 6 6 6 5 6 6 5 6 5
9 7 9 8 8 9 8 7 8 7 9 7 7 7 9 8 7 8 7 9 7 9 8 7 7 9 7 8 9 9 9 9
18 19 19 18 23 23 20 18 19 19 21 22 22 19 23 20 19 22 19 23 21 19 20 21 19 20 20 19 19 19 19 22
6 7 6 7 7 7 7 7 7 6 7 7 7 7 6 7 6 7 7 7 6 6 7 6 6 7 7 7 7 7 6 7
12 13 13 12 13 13 11 12 11 13 14 14 11 11 14 12 13 14 13 14 12 11 13 14 12 12 13 11 11 11 13 12
2 3 3 3 3 3 2 2 3 3 3 2 2 2 3 2 2 3 2 2 3 2 3 2 2 3 2 3 2 3 2 3
15 20 20 20 15 18 17 15 15 17 18 20 15 19 17 15 16 17 18 16 16 15 20 18 16 20 15 16 15 19 20 20
11 13 11 12 11 12 14 11 12 14 14 11 14 12 11 12 11 14 12 13 11 14 11 13 13 14 13 12 11 13 13 11
15 13 15 13 14 14 14 14 16 14 13 13 14 13 16 16 13 15 15 14 15 15 13 15 15 13 13 15 14 13 16 16
7 7 7 6 6 7 7 7 7 7 6 7 7 6 6 6 7 6 6 6 7 7 6 6 7 7 6 7 6 6 6 6
1 2 1 1 1 1 2 2 2 1 1 2 2 2 1 1 2 2 1 2 2 1 2 1 2 2 2 2 1 1 2 2
8 8 7 8 8 9 9 7 7 9 7 8 7 9 9 9 7 9 7 7 8 7 7 8 7 7 7 9 8 7 8 8
4 4 4 5 4 5 4 4 4 5 4 5 5 4 5 4 5 5 4 5 4 4 4 4 4 4 4 4 4 5 5 4
12 12 12 11 9 11 10 12 9 9 11 10 9 12 11 9 9 10 10 12 10 12 10 10 9 9 10 9 11 12 9 12
17 15 14 15 16 15 18 14 18 18 17 16 14 18 15 14 14 18 14 15 16 17 18 18 18 17 18 17 16 14 18 18
5 5 5 5 5 4 5 5 5 5 4 4 5 5 5 5 4 5 5 4 4 4 4 4 4 4 5 5 4 4 5 5
11 10 9 9 9 8 10 10 10 9 9 9 11 10 10 8 9 9 8 11 11 9 10 11 8 8 11 11 8 11 10 8
7 7 6 7 7 6 7 7 6 6 6 7 7 6 6 7 6 6 6 7 6 6 7 7 7 6 6 6 7 6 6 6
19 22 20 17 18 21 19 21 19 22 19 17 19 19 20 19 20 19 19 19 20 17 20 17 17 22 20 20 21 18 17 21
16 15 16 15 16 16 15 15 16 17 15 15 14 14 15 15 17 16 14 16 16 15 14 16 17 17 14 16 15 14 17 16
12 14 11 11 11 13 13 12 14 12 11 13 12 11 13 12 12 13 14 11 12 11 11 13 11 14 14 14 14 13 13 11
6 7 7 6 6 7 7 7 6 7 7 7 7 7 7 6 6 6 7 7 6 6 6 6 6 6 6 7 7 7 6 6
12 11 11 10 10 13 12 12 12 11 10 11 10 10 11 13 13 12 11 10 12 11 10 10 11 13 12 11 12 12 13 11
2 2 1 2 2 2 2 1 1 1 2 1 2 2 1 2 1 1 1 2 1 2 2 1 2 1 2 2 2 1 2 2
7 6 7 6 6 7 6 6 7 6 6 6 7 6 6 7 6 6 6 7 7 6 7 7 6 6 7 7 6 7 6 7
14 11 11 14 11 14 11 12 11 11 12 14 12 12 11 12 14 13 12 12 13 13 13 13 13 12 12 11 12 12 12 13
1 1 1 2 1 2 1 1 1 1 1 2 1 2 1 1 2 2 2 2 1 1 1 2 1 1 1 2 2 2 1 2
8 7 8 7 7 8 7 8 8 8 7 8 8 7 7 8 7 8 7 7 8 7 7 7 7 8 7 7 7 7 8 7
4 4 4 4 4 3 4 4 3 3 3 4 3 3 4 4 3 3 4 4 3 3 3 4 4 4 3 4 4 4 4 3
1 1 1 2 1 1 2 2 1 2 2 2 2 2 1 1 1 2 1 1 1 1 2 1 2 2 1 1 2 1 1 2
12 14 15 15 15 15 12 15 13 15 15 15 15 15 13 13 13 13 12 14 15 12 14 15 14 12 15 13 12 14 14 14
13 16 16 14 14 13 16 13 14 16 16 14 15 14 16 13 14 14 14 15 15 13 14 13 14 13 15 13 16 16 13 16
9 7 7 7 9 9 9 8 8 8 8 7 7 9 7 9 8 8 8 9 7 8 7 8 9 8 8 7 8 7 9 7
5 6 5 5 6 6 5 5 5 6 6 6 5 6 5 5 6 5 5 5 6 5 6 5 6 5 6 5 5 5 6 6
11 14 12 12 12 13 11 13 12 12 11 14 14 14 14 13 13 14 12 13 11 13 13 13 14 12 14 14 13 13 11 11
5 6 5 5 5 5 5 5 5 5 5 6 5 6 5 6 6 5 5 5 5 5 5 5 6 5 6 6 5 5 5 6
12 12 13 12 14 12 12 12 15 15 12 13 13 15 14 13 13 15 12 13 15 12 14 15 14 15 13 14 12 12 14 14
16 16 16 14 17 15 16 16 17 14 14 15 14 16 14 16 14 17 17 14 17 16 15 17 14 16 15 17 14 16 17 14
16 16 18 17 20 20 20 20 19 16 17 20 19 17 18 18 18 16 21 19 16 19 17 21 16 21 20 20 18 18 19 17
11 11 13 13 11 10 11 13 11 11 12 10 10 12 13 12 13 13 10 11 12 13 13 13 12 12 10 10 12 12 12 11
2 2 3 2 3 3 2 2 2 2 3 3 2 2 2 3 2 3 2 3 3 3 2 3 2 3 3 2 2 3 2 2
18 19 20 17 18 17 19 22 20 21 21 17 18 17 19 17 19 21 22 17 18 20 17 19 21 17 22 18 19 20 21 21
3 2 3 2 3 3 2 3 2 2 3 2 3 3 3 2 2 3 2 3 2 2 2 3 2 2 2 3 2 3 2 3
4 5 4 5 4 5 5 5 4 4 5 4 5 5 4 5 5 5 4 4 4 4 5 5 4 4 4 4 4 5 4 5
5 5 6 6 5 5 5 6 6 5 5 6 6 6 5 6 5 6 5 5 6 5 6 6 5 6 5 5 6 6 5 6
4 3 3 4 3 4 4 3 4 4 4 3 4 4 3 4 4 4 3 3 3 4 4 4 3 4 3 3 4 3 3 4
2 1 2 2 1 2 1 2 2 2 2 2 1 2 1 1 1 1 1 2 2 2 2 1 1 1 2 2 2 1 2 2
14 11 12 12 12 13 11 13 14 11 11 11 13 11 12 14 11 13 14 12 11 12 12 13 13 14 12 13 14 11 12 13
11 8 9 9 8 11 11 9 10 8 11 9 11 9 8 10 10 9 8 11 8 8 10 8 10 9 10 10 8 8 10 11
1 2 2 1 2 2 1 2 2 1 2 1 1 1 1 2 2 1 1 2 2 2 2 2 2 1 2 1 1 2 2 2
2 3 3 2 2 3 3 2 3 2 3 3 3 3 2 2 3 2 2 2 3 2 2 3 3 2 2 3 3 2 3 3
15 15 12 12 13 15 15 13 15 12 14 14 12 15 15 13 13 13 12 15 12 12 14 15 14 14 14 13 12 12 14 15
13 12 13 13 13 13 13 13 11 13 12 11 12 11 14 12 13 12 12 11 14 12 13 13 11 13 11 14 14 14 12 11
15 15 18 14 14 17 14 15 18 15 15 15 18 15 16 15 18 18 17 18 14 16 17 14 18 16 18 18 15 15 16 15
15 14 15 14 14 13 15 15 12 15 14 14 12 14 12 15 14 14 14 15 15 13 12 15 15 12 15 13 13 15 14 12
7 7 7 7 6 7 7 6 7 6 6 7 7 6 6 7 7 6 7 6 7 6 7 7 7 6 7 7 6 6 7 6
6 6 6 6 6 6 7 6 6 6 7 7 6 6 7 6 6 6 6 6 7 6 7 6 6 6 7 6 6 7 7 6
7 8 9 7 9 9 8 8 8 8 8 7 7 7 7 7 9 9 9 8 7 7 7 8 7 9 7 9 8 9 7 8
18 18 18 18 16 16 21 21 17 19 16 19 19 16 21 17 19 19 21 21 16 16 19 20 16 19 18 16 18 17 21 19
7 6 7 7 6 7 7 6 7 6 6 7 7 6 6 7 6 7 7 7 6 6 6 6 7 7 6 6 7 7 7 6
21 18 17 21 20 16 16 20 16 16 21 16 20 18 18 18 21 17 21 16 16 17 18 21 20 17 18 17 20 21 21 18
4 4 4 4 5 4 5 4 4 5 5 4 4 4 4 4 5 4 5 4 5 4 5 4 5 5 5 5 5 4 5 4
9 8 7 7 7 8 8 8 9 9 8 7 8 8 7 9 8 8 7 7 7 8 8 8 9 9 7 7 8 7 9 7
7 7 9 8 8 9 8 7 7 8 9 8 7 7 9 9 7 8 7 8 9 8 9 9 9 9 7 9 9 7 7 7
17 16 15 14 15 17 17 15 14 17 15 15 17 14 14 17 14 16 17 15 14 16 15 17 14 14 17 17 14 15 16 14
18 18 18 17 19 17 17 20 18 18 20 20 18 16 19 18 18 17 20 17 17 20 18 16 20 16 20 19 21 21 16 16
15 15 16 17 14 14 14 17 14 16 15 15 15 17 14 15 16 15 17 15 17 16 15 16 16 16 17 15 15 15 16 14
9 11 9 10 8 8 10 11 8 8 9 8 10 9 11 11 9 10 9 8 10 9 10 10 10 9 8 8 10 8 11 10
5 5 5 4 4 4 4 5 4 5 4 4 5 4 4 5 5 4 5 5 5 4 5 4 4 5 5 4 5 5 5 4
1 1 1 1 1 1 1 1 1 2 2 1 2 2 2 2 2 2 2 2 1 1 2 1 1 2 1 2 2 2 1 1
6 6 7 6 6 6 6 6 6 7 7 7 7 6 6 7 7 6 7 7 6 7 6 6 6 6 6 6 6 7 7 6
11 9 8 8 10 8 8 10 10 9 11 8 8 9 9 8 11 8 8 11 9 9 9 9 9 11 8 9 10 9 9 11
6 6 6 7 6 7 7 7 6 6 7 7 6 6 6 6 7 7 6 7 7 7 7 7 6 6 7 6 6 6 7 6
13 14 15 12 14 12 15 13 12 12 13 14 14 12 14 12 13 15 12 13 15 14 13 14 13 13 13 14 14 15 13 14
14 12 12 13 14 14 11 13 12 13 14 13 11 12 14 11 12 13 12 11 13 14 13 11 13 13 12 13 12 11 12 12
18 15 18 14 14 15 18 18 14 17 17 14 15 18 17 17 15 16 18 17 16 15 17 16 18 16 14 16 18 17 16 18
21 21 21 22 18 23 22 20 22 23 18 18 21 22 18 20 21 20 18 21 21 20 22 18 18 20 21 22 18 18 21 19
13 15 14 14 14 14 14 15 15 16 14 16 13 15 15 16 14 16 14 13 15 14 15 14 15 15 15 15 13 13 14 15
5 6 5 6 5 6 5 5 6 6 5 6 5 5 5 6 5 6 5 6 6 6 6 5 5 6 6 6 5 6 6 6
14 18 15 14 14 14 16 15 16 14 15 16 15 17 17 17 18 16 18 15 18 15 16 14 14 17 17 16 15 16 18 18
17 15 14 16 14 17 14 17 16 15 16 16 15 14 16 14 14 15 14 14 14 15 14 14 14 17 14 15 14 17 17 17
9 8 7 8 7 8 9 9 8 9 9 9 9 8 9 8 9 8 7 7 9 9 9 9 8 9 9 9 9 8 9 9
5 6 5 6 6 6 5 6 5 6 5 6 6 6 6 5 6 6 6 6 5 5 6 5 5 5 6 5 5 5 6 5
6 6 5 5 5 5 5 5 6 6 6 6 5 6 6 5 6 5 6 5 6 5 6 6 6 5 5 5 5 6 5 6
11 9 9 9 9 9 12 12 12 12 10 9 11 10 9 11 10 10 11 9 9 11 12 10 11 9 11 12 11 11 9 11
10 13 12 10 13 12 12 11 10 10 10 12 13 10 11 12 11 11 11 13 12 13 11 13 12 12 10 10 13 13 10 11
14 12 13 12 12 15 12 15 12 13 15 14 12 13 15 13 15 12 13 12 14 15 12 15 12 14 12 13 12 14 12 15
21 19 23 19 21 18 23 21 23 21 21 23 19 19 18 18 20 19 21 21 20 21 18 19 19 23 23 20 19 22 22 19
16 17 18 17 16 17 14 17 17 14 15 14 16 16 17 17 17 18 18 17 17 15 18 16 17 18 14 18 17 14 18 14
6 6 6 5 6 5 6 5 5 6 6 6 5 5 6 5 6 6 5 5 6 5 6 5 6 6 5 5 5 6 5 6
13 14 13 12 13 14 13 12 13 13 14 13 12 13 13 13 13 14 15 14 13 15 13 12 12 15 12 14 12 15 12 15
18 18 22 21 22 21 18 17 21 22 20 18 19 18 21 20 20 20 20 17 21 19 18 22 20 17 18 18 17 19 18 20
17 16 16 16 17 18 15 16 15 17 17 18 15 15 15 17 15 14 18 17 15 16 17 18 15 17 18 14 16 14 17 14
19 16 21 16 17 16 16 16 21 20 21 19 16 19 19 16 16 19 20 20 19 17 20 20 20 16 18 18 16 19 19 20
16 16 14 18 17 17 14 16 15 14 17 17 16 16 18 16 16 17 14 16 16 17 17 14 16 14 15 16 17 18 18 18
2 2 3 2 2 3 3 2 3 3 2 3 2 3 3 3 3 2 3 2 3 3 3 3 3 3 3 3 3 3 3 2
8 7 8 7 7 7 8 8 8 7 8 7 8 8 8 7 8 7 8 8 7 8 8 8 8 7 7 8 8 8 8 7
18 20 18 19 17 21 22 17 21 22 21 22 20 21 21 20 20 20 22 19 22 17 22 17 17 20 20 20 22 20 20 22
11 13 12 14 12 14 14 12 13 12 11 14 13 13 13 13 11 12 12 12 13 14 13 14 12 11 11 14 12 13 11 13
4 5 4 5 4 4 5 5 4 4 4 5 5 4 4 4 5 5 4 5 5 5 5 5 4 4 4 5 5 5 4 4
11 10 10 12 9 10 10 10 9 12 11 9 12 9 12 9 10 11 10 9 10 12 12 10 11 12 12 10 11 10 10 11
9 9 7 7 9 7 9 9 9 7 7 9 9 8 9 8 7 9 9 8 8 7 9 8 7 7 8 7 8 7 8 7
5 5 5 5 6 6 6 5 5 5 5 5 6 6 6 6 5 5 5 5 6 6 5 5 5 5 5 5 6 5 5 5
8 7 7 8 7 7 8 7 8 7 7 8 7 8 7 7 7 8 7 7 8 8 7 8 7 8 7 7 7 7 7 8
3 3 3 3 2 2 3 3 2 3 2 3 2 3 2 3 2 3 3 3 2 3 3 3 3 2 2 3 2 2 3 2
8 7 7 8 7 7 8 8 8 8 7 8 8 8 7 8 7 7 8 7 8 8 7 7 7 7 7 8 8 7 8 7
13 15 12 15 12 12 15 15 14 13 14 14 14 13 14 15 14 12 15 13 12 15 15 15 13 13 14 15 15 14 13 14
11 10 10 10 13 12 10 12 11 11 13 11 11 11 10 13 10 10 10 12 10 13 11 13 10 13 10 13 10 12 13 11
7 7 8 8 8 8 7 8 7 8 8 8 7 7 7 8 7 8 8 8 7 7 8 7 7 8 8 8 8 8 8 8
13 13 14 15 13 15 12 12 12 13 12 14 15 14 14 13 14 14 12 15 12 14 14 12 14 13 14 12 15 12 13 12
2 3 2 3 2 3 3 2 3 3 2 3 3 3 2 3 2 3 2 3 2 3 3 3 2 2 3 2 3 2 3 3
21 21 17 20 16 17 21 19 16 16 21 19 20 20 17 16 19 18 16 21 16 20 19 21 19 18 18 19 16 19 16 17
7 8 7 8 7 8 7 7 8 7 7 7 8 8 7 7 8 8 8 7 8 8 7 8 7 8 7 8 8 7 7 8
5 6 6 6 5 6 5 6 5 6 5 5 5 6 6 6 6 5 6 6 5 5 6 6 6 5 5 5 5 5 5 6
19 20 18 18 16 19 19 19 16 20 16 19 19 16 20 17 21 17 16 20 20 21 19 20 19 21 17 19 20 21 19 17
16 16 16 13 16 14 14 15 13 15 14 15 16 15 13 14 15 13 15 15 15 14 16 13 16 14 16 15 13 14 15 16
9 10 9 10 10 11 9 8 10 8 11 10 8 8 9 8 11 11 8 11 10 10 9 11 11 8 8 11 8 11 11 11
18 21 18 21 18 20 22 23 23 22 20 23 21 21 21 19 20 21 18 19 20 23 23 20 19 22 20 22 21 21 23 19
11 11 9 8 11 11 8 8 11 8 9 11 10 10 9 11 11 11 11 9 8 9 11 11 9 11 8 11 11 9 8 8
19 16 19 18 16 20 15 16 17 20 15 15 18 15 16 18 20 20 19 19 20 20 18 15 17 18 16 20 18 15 18 20
5 6 6 6 6 6 6 6 6 6 5 5 5 6 6 5 5 5 6 6 5 5 6 6 6 5 5 5 5 6 6 6
6 6 6 7 7 7 6 7 6 6 6 6 6 7 6 7 7 7 7 6 7 6 7 7 6 6 7 7 7 7 7 7
3 3 3 3 3 3 3 3 3 2 3 3 2 2 2 2 2 2 3 2 3 2 3 2 3 3 3 3 3 3 3 2
6 5 5 6 5 5 6 5 6 5 6 5 5 6 6 5 6 5 5 5 6 5 6 5 6 6 5 6 5 6 5 5
15 15 15 13 13 12 15 12 15 14 13 15 12 14 15 14 12 12 15 12 14 13 15 12 12 14 13 13 12 12 13 15
7 7 8 7 8 7 8 8 7 7 7 7 7 8 8 8 7 8 7 7 8 7 7 7 7 8 8 7 8 7 7 8
3 2 3 2 2 3 2 2 2 3 2 2 3 2 2 3 3 2 3 2 3 2 3 3 3 2 3 3 3 2 3 3
16 15 17 14 15 17 17 15 14 17 14 16 15 14 16 14 14 15 15 15 16 14 17 14 15 14 15 15 17 15 16 14
7 9 7 7 9 8 9 8 8 9 9 8 8 7 9 9 8 7 7 7 8 7 9 9 7 8 7 7 8 8 7 9
18 21 21 23 18 20 20 22 20 19 21 21 19 22 18 23 18 20 19 19 23 22 19 22 22 19 23 18 22 21 23 19
2 1 1 2 1 2 1 1 2 1 2 2 2 1 1 1 1 1 2 2 2 2 1 1 2 2 2 1 1 1 2 1
9 10 10 9 11 10 8 11 11 8 11 11 11 9 11 8 9 9 10 9 10 10 10 11 10 10 10 9 11 10 10 8
20 21 18 20 19 21 19 20 16 21 16 16 18 19 21 20 16 17 21 19 20 20 16 17 17 20 21 20 20 17 21 20
11 11 12 12 14 11 12 12 12 13 12 14 14 13 11 14 13 12 13 11 11 12 11 11 11 11 13 12 13 13 12 12
5 6 5 6 6 6 5 5 5 6 5 6 6 5 5 5 6 6 5 5 5 5 6 5 5 5 6 6 5 5 5 6
2 3 3 2 3 2 3 3 3 3 2 2 3 2 2 2 3 2 2 2 2 3 3 2 3 2 2 2 2 2 2 3
11 13 13 11 11 13 13 13 11 12 11 13 14 12 11 11 12 13 12 12 13 11 14 13 11 14 12 14 11 11 13 14
6 6 6 6 6 7 7 7 6 6 7 6 6 6 6 6 7 6 6 7 7 6 7 7 6 6 6 7 6 7 7 6
16 18 18 18 16 15 19 16 19 18 15 18 18 15 17 20 19 15 15 16 15 16 15 15 16 15 20 18 19 16 19 18
13 10 10 11 10 10 13 11 11 12 12 13 11 11 13 12 13 10 13 10 13 12 12 12 13 10 10 11 13 10 10 13
13 15 16 15 14 16 16 13 14 14 16 16 14 14 14 15 16 14 14 16 13 16 13 14 15 16 13 13 13 14 16 16
2 3 2 2 3 2 3 3 2 3 3 2 3 2 3 3 3 2 2 3 2 2 2 3 2 3 3 3 2 3 2 3
8 8 8 7 8 7 8 7 8 7 8 7 8 8 7 8 7 8 8 8 7 7 7 7 8 8 8 7 8 8 8 8
6 6 5 6 5 5 6 6 5 6 6 6 5 6 6 5 6 6 5 5 6 6 5 5 5 6 5 6 5 6 6 5
12 13 15 13 15 15 12 14 15 12 12 14 15 12 13 15 14 13 13 13 14 13 15 13 15 12 15 13 15 12 14 13
4 4 4 5 5 4 5 4 4 4 4 5 4 4 5 5 4 5 4 4 4 5 5 4 5 5 5 5 5 5 4 4
7 7 6 6 7 7 6 7 7 6 7 7 6 6 6 7 7 6 7 7 7 6 6 7 7 6 6 6 6 6 6 7
13 15 14 14 16 13 13 14 15 15 16 13 13 16 14 13 16 16 16 13 13 14 15 15 13 13 13 15 16 16 16 13
1 1 1 1 1 2 1 1 2 2 1 1 2 2 1 1 2 1 2 2 2 1 2 1 1 1 1 2 1 1 1 2
10 12 11 12 12 10 12 11 9 10 12 10 11 10 9 9 10 10 12 9 12 12 11 11 11 10 11 12 9 11 9 11
16 18 15 20 17 16 19 20 15 16 16 15 19 18 17 16 20 18 19 17 19 19 19 17 15 17 20 19 19 19 19 19
15 18 20 18 19 20 17 19 20 16 18 17 20 20 16 17 20 15 19 19 15 18 18 20 18 19 20 18 15 15 18 16
17 17 15 15 15 17 15 15 14 14 16 16 14 16 17 15 16 15 17 15 17 15 15 15 17 15 16 17 15 15 15 17
7 8 9 9 9 9 9 9 9 7 7 9 8 7 7 8 7 8 9 7 9 9 8 9 7 8 9 7 8 8 9 7
2 2 3 2 3 3 2 2 2 3 3 2 2 3 3 3 3 3 3 3 3 3 3 2 3 2 3 3 3 2 2 2
10 12 10 13 12 13 10 12 11 13 11 12 12 10 11 13 11 12 10 13 11 11 12 13 10 13 10 10 13 13 12 11
5 5 5 5 4 4 5 5 5 4 5 5 5 5 5 5 5 4 5 5 4 5 5 5 4 4 4 5 5 4 5 5
19 19 19 18 18 16 21 16 19 21 20 17 17 19 18 19 21 21 17 20 19 19 20 16 16 16 19 21 16 21 20 16
4 5 5 5 4 5 5 4 4 5 4 5 5 5 4 5 5 4 4 5 4 5 5 5 5 4 5 4 5 4 4 5
7 6 7 7 6 7 7 7 7 7 6 6 6 7 6 6 7 6 6 6 7 7 6 6 6 6 6 6 7 6 7 7
15 15 16 15 16 15 16 14 14 14 15 16 17 17 17 15 17 16 15 14 14 16 17 14 14 16 16 16 14 14 17 16
11 13 13 13 12 13 14 12 12 11 12 14 12 13 11 14 14 12 12 14 14 13 14 14 13 12 11 12 12 12 12 13
23 23 18 21 18 19 21 18 23 21 19 21 18 18 23 23 20 22 22 23 22 21 19 22 18 21 22 22 22 22 21 23
22 21 18 19 19 20 21 22 18 19 20 22 18 23 21 18 19 20 20 21 18 22 21 18 23 23 23 22 20 20 19 21
17 20 21 17 20 17 19 17 19 18 19 20 19 20 17 21 18 18 18 20 17 20 17 20 22 21 20 17 22 19 17 18
3 3 2 2 2 3 2 2 2 3 3 3 3 3 3 3 2 2 2 3 3 2 3 3 3 3 2 3 2 2 2 2
4 5 4 4 5 4 4 5 5 4 4 4 5 5 5 5 4 5 4 5 4 5 5 4 4 4 5 4 5 5 5 5
12 13 13 13 13 11 13 10 13 13 10 12 11 11 12 10 12 13 11 11 11 10 13 11 10 13 13 10 10 10 13 10
8 7 8 7 8 8 8 8 8 8 8 7 8 7 7 8 7 8 7 7 8 8 7 7 7 7 7 8 7 8 8 8
20 19 19 23 19 21 21 20 18 18 21 19 18 21 19 20 20 21 21 22 20 21 23 23 20 22 20 20 18 21 23 20
7 6 6 7 7 7 7 6 7 6 6 6 6 6 6 7 7 6 7 7 7 6 6 6 7 6 6 7 6 7 7 7
2 2 2 1 2 1 2 2 1 2 1 2 1 1 2 1 2 1 2 1 1 1 1 1 2 1 1 2 2 2 2 2
16 19 15 18 18 15 16 20 15 15 18 20 20 17 20 18 15 16 16 19 20 15 18 18 17 19 19 18 17 19 16 20
23 23 19 21 19 22 19 21 22 23 23 19 20 20 21 18 21 19 19 21 22 22 19 21 23 19 19 21 20 21 23 21
21 18 22 20 21 22 17 19 21 20 22 20 19 20 18 21 18 17 20 22 22 18 20 19 22 21 20 17 22 19 19 20
3 3 3 4 4 3 4 4 3 3 3 3 3 3 4 4 4 3 3 3 4 3 4 4 4 3 4 3 3 3 4 3
16 18 18 16 16 16 20 20 17 17 16 20 15 16 20 19 20 15 17 17 17 15 17 18 15 19 17 20 17 18 15 20
2 3 2 3 3 2 3 2 2 2 2 3 3 3 3 3 2 3 2 2 2 3 2 3 3 3 2 3 3 2 2 3
10 11 10 10 8 11 11 8 8 8 8 8 10 10 8 10 10 9 9 10 11 10 10 8 9 9 10 11 8 10 11 9
15 15 14 14 14 17 17 17 17 16 15 15 17 15 15 14 15 15 15 16 17 16 15 17 14 15 16 14 14 14 17 15
16 18 18 18 14 16 16 14 17 17 16 16 17 18 16 15 16 17 15 15 17 14 15 17 17 14 15 16 15 17 16 15
15 15 18 14 17 14 18 14 14 16 18 18 16 18 17 17 15 16 16 17 16 14 16 15 14 14 17 15 17 17 14 14
6 6 5 5 6 5 5 6 5 6 6 5 6 6 5 5 5 6 5 5 5 6 6 6 5 6 6 5 5 5 5 6
18 19 18 17 16 18 15 15 16 17 20 16 17 20 20 16 19 19 15 19 16 15 16 16 18 18 20 19 18 15 20 16
16 19 17 17 20 16 15 19 18 20 15 20 16 20 18 16 20 20 15 17 20 15 16 20 20 17 16 20 19 16 16 20
5 4 4 5 5 5 5 4 5 5 4 5 4 4 5 4 5 5 5 5 4 4 5 4 4 5 5 5 5 4 4 5
3 4 3 3 4 3 3 3 4 3 3 3 3 4 3 4 4 3 3 3 4 3 3 3 4 4 4 3 4 3 3 3
11 9 12 11 10 11 9 11 12 11 11 10 10 12 9 11 11 10 9 11 10 10 12 12 9 9 9 12 11 11 10 12
22 19 19 19 20 22 19 18 19 17 18 17 22 20 19 20 17 21 19 19 21 21 22 22 20 22 20 17 18 20 20 19
7 7 8 7 7 7 8 7 7 8 7 8 7 8 7 8 7 7 7 8 7 7 7 8 7 7 7 8 7 7 8 8
2 3 3 3 3 3 2 3 2 3 2 3 3 2 2 2 3 2 3 2 2 3 2 3 2 2 3 3 3 3 3 2
14 18 17 14 17 14 17 14 18 18 15 14 18 14 14 14 15 18 18 18 18 14 15 17 17 18 15 18 18 17 16 17
5 5 6 6 6 5 5 6 6 5 5 6 5 6 5 6 6 6 6 6 5 6 5 5 5 6 5 5 5 5 5 6
6 6 6 7 6 6 6 6 7 6 6 7 7 6 6 6 7 6 7 7 6 7 7 6 6 6 7 7 6 6 6 6
19 22 19 20 21 22 21 20 23 21 22 22 23 23 21 23 21 19 22 20 23 21 19 21 20 22 22 21 21 18 23 22
15 17 16 16 18 18 15 14 16 17 17 14 15 15 17 15 18 18 15 14 17 17 15 15 15 14 14 17 18 18 17 15
14 14 15 15 13 14 14 12 13 14 15 12 13 13 13 15 14 14 12 12 13 15 12 14 15 12 14 13 15 13 12 15
6 6 6 5 6 6 5 6 5 6 6 6 5 5 5 5 6 5 5 5 6 6 5 5 6 5 6 6 5 5 6 5
10 10 10 12 12 12 12 10 12 12 11 11 11 11 9 12 9 10 11 11 12 9 10 11 11 12 9 9 10 11 12 9
9 9 9 10 10 9 10 12 10 11 12 10 11 10 9 10 12 11 10 11 11 10 12 9 9 12 10 9 12 12 11 9
6 5 5 6 6 6 6 5 5 6 6 5 6 6 5 6 5 5 5 6 5 5 5 5 6 5 6 6 5 5 5 6
9 9 11 8 9 9 9 10 9 10 10 9 10 10 11 10 11 10 9 8 9 9 9 9 11 11 9 8 11 10 8 8
11 9 8 10 11 10 10 11 10 8 10 9 8 10 8 8 10 10 11 8 10 9 8 11 9 11 8 8 8 9 10 9
15 17 18 18 14 15 17 15 18 17 17 14 16 17 15 18 16 18 18 15 17 17 18 16 16 17 16 15 14 16 17 16
8 7 8 7 8 8 8 8 7 7 8 7 8 8 8 7 8 8 7 8 7 8 8 8 7 7 7 7 7 7 7 8
4 4 4 4 5 5 4 5 4 4 5 4 4 4 4 4 5 4 4 4 4 5 5 5 4 5 4 4 4 5 4 4
11 11 12 13 11 12 14 12 11 11 13 13 12 11 13 12 12 11 12 11 11 11 12 11 11 11 13 14 12 12 12 12
6 7 7 7 6 7 6 6 7 7 7 7 6 6 7 6 7 6 6 7 6 7 6 7 7 7 7 7 7 7 7 7
11 11 12 10 12 13 12 10 13 10 13 13 11 11 11 12 11 11 11 12 10 11 10 11 10 10 11 11 13 13 11 13
21 16 17 18 17 21 19 20 18 16 21 18 19 16 20 20 21 16 17 16 20 19 20 18 17 18 18 21 18 19 17 17
4 4 4 4 4 3 3 3 3 3 4 4 3 3 4 3 4 4 3 3 4 4 4 4 3 3 3 3 3 3 3 4
2 2 2 3 3 3 3 2 3 3 3 3 3 2 2 2 3 3 3 3 2 3 3 3 2 3 2 3 3 2 3 3
17 18 18 14 17 18 18 17 15 16 17 14 14 15 18 18 18 18 17 14 15 18 16 15 16 17 14 15 16 16 17 15
7 6 7 6 7 7 6 7 7 6 6 6 6 7 7 7 7 6 6 6 6 7 7 7 6 6 6 6 6 7 7 7
10 11 8 9 8 9 8 11 8 10 9 8 11 11 8 11 10 11 8 10 9 9 10 8 11 9 9 10 9 10 8 8
13 14 14 12 11 12 11 12 11 12 11 11 11 14 13 12 12 13 14 11 11 11 12 11 12 11 12 12 11 12 12 11
3 3 4 3 3 3 3 4 3 4 4 3 3 4 3 4 4 4 3 3 4 4 3 4 4 3 4 3 3 4 3 3
11 10 10 13 13 13 13 12 12 13 13 10 13 12 13 11 12 11 12 12 12 12 12 13 12 13 12 10 10 12 13 12
14 13 13 15 13 13 15 16 13 15 16 16 13 14 15 13 16 14 16 14 14 16 14 16 15 14 13 16 13 14 13 14
19 21 19 21 16 17 21 17 19 18 17 17 16 18 16 19 18 21 19 18 21 18 21 19 20 19 16 18 17 21 18 16
19 22 20 21 20 22 19 17 21 20 20 18 20 19 18 18 21 17 21 22 17 21 17 21 19 19 21 20 17 17 21 18
22 20 18 21 19 21 22 22 22 22 20 19 19 20 22 21 20 21 18 23 18 18 21 23 20 18 21 18 23 23 21 22
22 18 22 18 19 18 23 18 18 19 18 20 20 22 20 21 19 21 19 18 19 22 18 19 18 18 20 18 21 19 23 22
4 4 3 4 3 3 3 4 4 3 3 3 3 4 3 4 4 3 3 3 4 4 3 4 4 4 3 3 4 3 3 4
16 14 16 15 14 13 16 14 15 16 13 16 14 15 13 16 15 15 15 15 15 15 14 15 13 16 16 16 14 14 15 16
17 20 18 20 19 17 21 21 21 20 20 17 17 18 18 17 18 21 21 17 21 18 18 16 18 19 20 16 18 18 19 21
9 7 7 8 8 8 8 9 7 7 8 7 9 8 9 9 8 8 9 7 7 8 9 8 8 7 9 7 7 9 7 7
12 13 12 13 12 15 14 14 14 12 15 12 14 13 14 12 14 15 14 12 12 12 14 15 12 15 15 14 15 12 12 15
5 5 6 5 5 6 6 5 5 6 5 6 6 6 5 6 6 6 6 6 5 5 6 5 5 6 5 5 5 5 6 5
16 16 17 16 15 15 16 15 16 15 15 15 16 16 15 16 14 15 14 16 17 17 14 17 15 14 16 16 16 17 15 15
3 3 3 3 3 2 3 3 2 2 2 2 3 2 2 3 3 2 2 2 3 3 3 3 2 2 2 2 2 2 3 2
2 3 2 3 2 3 2 3 2 2 3 3 3 3 2 2 3 2 2 2 3 2 2 3 3 3 3 3 3 2 3 2
6 7 7 7 7 7 7 6 6 6 7 6 6 6 6 6 6 7 6 7 6 6 6 6 7 7 6 7 6 6 7 6
6 7 7 7 7 7 6 7 6 6 6 7 6 7 6 6 6 6 7 6 7 7 7 7 7 6 6 6 7 7 6 6
7 6 7 7 7 6 6 6 7 6 7 7 7 6 7 7 7 6 7 7 6 6 6 7 7 7 7 7 7 7 6 7
15 15 18 16 15 18 15 16 14 16 16 18 16 17 17 17 16 16 15 14 17 17 15 17 16 14 14 17 14 15 15 17
21 18 19 20 21 20 21 19 18 19 23 21 21 22 21 21 23 20 18 22 19 23 20 23 19 20 21 19 18 23 19 22
21 20 19 21 21 17 21 21 21 21 20 17 18 17 20 20 17 19 21 18 21 21 21 19 21 20 21 16 21 19 18 18
12 11 11 12 13 11 13 11 14 11 13 13 14 11 11 11 12 14 14 11 12 11 12 14 11 11 14 11 14 11 12 11
17 17 17 15 15 14 17 15 15 17 17 18 16 18 18 16 16 15 18 14 18 15 17 16 18 15 16 14 14 17 15 17
15 15 12 15 14 15 14 15 14 15 15 14 12 13 13 15 13 15 12 12 13 13 15 15 12 15 13 14 15 15 15 14
13 13 13 14 16 14 13 14 15 16 14 13 13 15 16 16 14 14 15 15 16 15 13 13 13 14 15 16 13 15 14 15
5 4 4 4 5 4 4 4 5 5 4 4 5 4 5 5 5 4 5 4 4 4 4 4 4 4 5 5 4 5 4 5
6 6 5 5 6 5 5 5 5 6 6 5 5 6 5 5 5 6 5 6 5 5 5 6 6 5 5 5 6 6 5 5
3 2 2 2 2 3 2 2 2 2 3 3 2 2 3 2 3 2 3 3 3 2 3 2 2 2 3 3 2 2 3 2
10 13 12 13 13 13 10 11 10 12 10 12 12 12 13 12 11 13 12 12 12 12 10 10 11 10 13 10 11 12 13 12
2 3 2 2 2 3 3 2 2 2 2 3 3 3 3 2 2 3 2 3 3 2 2 3 3 3 2 3 2 3 3 2
4 3 3 4 4 3 3 4 3 3 3 4 3 4 4 4 3 3 3 3 4 4 3 3 4 3 3 3 3 3 3 3
9 7 7 8 8 7 8 7 9 7 7 7 9 9 9 8 9 9 9 7 9 7 7 7 8 7 9 8 9 8 9 7
13 12 14 12 13 13 14 14 13 11 11 12 14 11 14 14 14 13 11 14 14 11 11 13 14 11 11 12 11 11 14 13
15 17 15 18 18 18 14 15 15 18 15 15 16 18 16 14 15 15 16 18 14 18 16 18 14 18 15 18 15 17 18 16
12 13 12 14 12 13 11 12 13 13 12 12 14 13 14 12 14 14 12 12 12 11 11 13 11 11 12 11 12 11 13 12
13 14 11 14 12 11 13 12 11 12 12 13 12 13 11 14 11 14 12 12 14 12 12 11 14 14 13 13 14 12 12 14
4 5 4 5 4 5 4 5 5 4 5 5 5 5 4 5 5 5 4 5 5 4 4 5 5 5 5 4 5 5 5 5
17 17 18 15 17 14 15 17 16 14 14 18 14 18 16 15 14 17 14 14 17 16 17 16 17 14 18 14 17 18 17 14
12 12 15 15 13 15 15 13 12 12 12 13 13 15 12 12 12 14 12 15 14 12 15 13 15 13 15 14 14 14 15 15
13 11 14 13 11 11 11 13 12 13 11 13 11 13 14 13 13 11 12 11 13 14 13 12 12 14 11 12 13 13 11 14
11 10 10 11 12 12 13 11 12 13 10 13 10 13 10 13 13 13 13 11 13 11 10 11 11 10 11 10 13 12 10 10
4 3 3 4 3 3 4 4 4 4 3 4 4 4 4 4 4 3 4 4 4 4 4 4 4 3 4 3 3 4 3 4
16 16 13 15 14 15 14 15 15 15 16 16 14 15 15 15 16 15 15 16 14 13 16 15 13 15 13 15 16 16 15 15
12 14 12 13 11 11 11 12 11 11 14 13 13 11 12 11 12 12 12 12 11 11 13 13 12 12 14 14 12 14 14 11
14 13 16 15 16 15 16 16 15 15 15 16 13 14 16 16 15 16 13 14 15 13 15 15 15 14 16 15 14 16 16 16
7 7 7 7 7 7 7 7 6 7 7 7 7 6 7 7 7 7 7 7 6 6 6 6 7 7 7 7 6 7 7 6
21 18 16 17 20 16 20 16 18 20 17 21 17 19 21 19 21 18 18 21 16 21 21 19 21 16 18 20 18 18 16 16
16 13 14 15 16 15 15 13 13 16 14 16 13 15 14 14 15 14 16 15 15 13 15 13 16 14 15 16 16 13 16 16
15 15 17 16 16 16 17 15 15 18 17 16 16 15 14 16 17 15 18 14 17 16 17 14 14 14 15 14 17 14 17 14
17 14 17 14 17 15 17 17 17 17 16 17 15 17 17 15 15 16 15 17 16 17 16 17 15 15 15 15 17 15 14 17
8 9 11 10 10 9 11 10 8 11 8 11 9 9 10 9 8 11 11 8 11 10 10 9 10 8 10 8 9 8 8 10
6 6 6 6 6 6 7 7 7 6 6 7 6 7 7 6 7 7 7 7 7 6 6 7 7 6 6 6 6 7 6 6
19 16 20 21 21 20 21 18 17 21 19 20 16 19 19 18 17 20 21 20 19 20 21 21 18 17 18 16 17 19 16 18
22 21 17 19 18 17 20 19 17 18 21 21 22 20 20 19 19 22 22 21 19 17 22 17 18 18 21 21 19 21 18 19
19 22 22 22 21 19 21 22 20 22 22 17 22 22 19 20 22 22 20 17 17 18 22 20 20 17 17 21 19 22 22 22
17 20 22 17 22 20 21 18 21 18 20 20 21 22 20 21 22 17 19 17 19 18 17 19 18 18 17 21 20 18 18 22
10 10 11 12 12 13 10 12 10 11 10 12 13 12 11 11 13 10 11 13 12 13 10 11 11 10 12 13 10 12 11 13
14 12 12 12 13 15 12 15 12 13 14 15 12 13 13 14 15 15 14 12 14 15 12 14 13 13 15 12 12 12 13 12
1 2 1 2 2 1 1 1 2 1 2 2 2 2 2 2 2 1 2 1 1 1 1 2 1 2 2 2 2 2 2 2
10 9 12 10 12 12 11 10 12 10 11 12 11 12 10 11 12 9 9 12 10 12 9 11 9 10 9 10 12 12 10 9
11 10 10 12 13 11 10 10 13 10 10 11 12 11 10 13 10 11 11 12 13 10 13 11 12 11 10 13 10 11 11 10
