1 2 1
1 3 4
1 4 1
1 5 1
2 6 1
2 7 1
3 8 4
3 9 4
3 10 1
4 11 1
4 12 2
4 13 3
5 14 3
5 15 4
6 16 1
6 17 3
7 18 2
7 19 1
8 20 5
9 21 4
10 22 4
11 23 3
12 24 5
13 25 1
14 26 3
15 27 3
15 28 2
16 29 1
16 30 1
16 31 1
16 32 1
17 33 1
17 34 5
17 35 2
17 36 1
18 37 3
18 38 4
19 39 5
19 40 1
19 41 3
19 42 1
20 43 4
20 44 1
20 45 1
21 46 4
22 47 5
22 48 2
23 49 2
24 50 5
24 51 1
24 52 3
25 53 4
25 54 5
25 55 2
25 56 4
26 57 2
26 58 5
26 59 3
27 60 2
27 61 2
28 62 3
29 63 4
30 63 4
31 64 5
32 64 3
33 65 5
34 65 3
35 65 2
36 66 1
37 66 4
38 67 1
39 67 4
40 67 2
41 68 1
42 68 3
43 68 4
44 69 3
45 69 2
46 70 1
47 70 2
48 70 1
49 70 5
50 71 3
51 72 4
52 72 5
53 73 1
54 74 5
55 74 2
56 75 3
57 76 3
58 76 1
59 76 1
60 77 3
61 77 4
62 77 4
63 78 5
64 79 4
65 80 4
66 80 2
67 81 2
68 82 5
69 83 4
70 84 1
71 85 4
72 85 3
73 86 2
74 87 1
75 88 1
76 89 2
77 90 1
78 91 1
79 92 3
80 92 1
81 92 5
82 93 3
83 94 1
84 94 1
85 95 1
86 96 1
87 97 2
88 98 3
89 98 4
90 99 3
91 100 3
92 100 3
93 100 2
94 100 2
95 100 2
96 100 2
97 100 5
98 100 3
99 100 3
