1 2 57
1 3 18
2 4 29
2 5 36
2 6 35
3 7 41
3 8 37
3 9 52
4 10 18
5 11 27
6 12 26
7 13 55
7 14 38
8 15 3
9 16 1
10 17 31
10 18 8
11 19 37
11 20 31
12 21 28
12 22 35
13 23 32
13 24 13
14 25 48
15 26 54
16 27 16
17 28 55
18 28 37
19 28 27
20 28 58
21 28 27
22 28 52
23 29 18
24 29 16
25 29 26
26 29 14
27 29 31
28 30 48
28 31 48
28 32 17
28 33 29
29 34 57
29 35 38
29 36 44
30 37 2
31 38 22
31 39 56
31 40 4
31 41 16
32 42 45
32 43 18
33 44 47
33 45 19
34 46 53
34 47 25
35 48 17
36 49 41
36 50 42
37 51 27
38 52 8
39 53 17
40 54 4
41 55 10
42 56 55
43 57 52
44 58 38
45 59 56
46 60 22
47 61 22
48 62 59
49 63 24
50 64 23
51 65 42
52 65 16
53 66 26
54 67 30
55 68 20
56 69 1
57 70 4
58 71 47
59 72 20
60 73 24
61 73 49
62 74 55
63 75 57
64 75 13
65 76 45
65 77 21
66 78 9
67 79 51
68 80 28
69 81 14
70 82 1
71 83 27
72 84 27
73 85 1
74 86 13
75 87 2
76 88 7
77 88 34
78 89 37
79 90 38
80 91 28
81 92 53
82 93 26
83 94 24
84 95 37
85 96 14
86 97 10
87 98 16
88 99 36
89 100 27
90 101 12
91 102 53
92 103 9
93 104 15
93 105 46
94 106 17
95 107 31
96 108 58
97 109 26
98 110 20
99 111 39
100 112 3
101 113 8
102 114 21
103 115 50
104 115 33
105 116 49
106 116 49
107 117 4
108 118 24
109 119 35
110 120 49
111 121 15
112 122 7
112 123 51
113 124 14
114 125 25
115 126 33
116 127 43
117 128 58
118 129 39
119 130 59
120 131 26
121 132 44
122 133 51
123 134 26
124 135 39
125 136 48
126 136 3
127 137 48
128 138 43
129 139 31
130 139 6
131 140 36
132 141 53
133 142 52
134 143 20
135 144 3
135 145 9
135 146 33
136 147 27
137 148 52
138 149 46
138 150 13
138 151 24
139 152 18
140 153 46
141 154 57
142 154 30
143 155 39
144 155 40
145 156 52
146 157 14
147 157 56
148 158 28
149 158 29
150 158 31
151 159 25
152 160 48
153 160 24
154 161 29
154 162 9
154 163 55
154 164 27
154 165 24
155 166 4
155 167 26
155 168 8
155 169 53
155 170 52
156 171 39
156 172 43
156 173 45
156 174 55
157 175 4
157 176 28
157 177 49
157 178 22
158 179 22
158 180 55
158 181 2
158 182 14
158 183 7
159 184 31
159 185 59
159 186 11
159 187 35
160 188 21
160 189 24
160 190 15
160 191 17
161 192 31
162 192 47
163 192 57
164 192 8
165 192 4
166 192 52
167 192 29
168 193 16
169 193 39
170 193 10
171 193 53
172 194 5
173 194 9
174 194 23
175 195 2
176 195 26
177 195 31
178 195 17
179 195 39
180 195 24
181 195 17
182 195 33
183 196 34
184 196 12
185 196 27
186 196 11
187 196 21
188 197 41
189 197 43
190 197 23
191 197 49
192 198 25
192 199 54
193 200 10
193 201 37
194 202 9
194 203 12
194 204 10
195 205 45
195 206 32
196 207 35
196 208 55
196 209 25
197 210 36
198 211 30
199 211 26
200 211 23
201 212 23
202 213 18
203 213 1
204 214 49
205 214 45
206 215 57
207 215 36
208 216 13
209 216 50
210 217 26
211 218 19
212 219 5
213 220 8
214 221 44
214 222 43
215 223 56
216 224 2
217 225 1
218 226 34
219 227 40
220 228 21
221 229 44
222 230 19
223 231 5
224 232 59
224 233 34
225 234 22
226 235 54
227 236 40
228 237 22
229 238 6
230 239 4
231 240 22
232 241 14
233 242 18
234 243 3
235 244 21
236 245 49
236 246 40
237 247 16
237 248 56
238 249 4
239 250 24
239 251 2
240 252 10
240 253 34
241 254 5
241 255 23
242 256 30
242 257 55
243 258 39
243 259 58
243 260 46
244 261 6
245 261 35
246 261 40
247 261 35
248 262 58
249 262 24
250 263 59
251 263 44
252 263 5
253 263 53
254 263 48
255 264 54
256 264 21
257 265 32
258 265 47
259 265 42
260 265 29
261 266 55
262 267 12
263 268 54
263 269 20
264 270 11
265 271 41
265 272 7
265 273 42
266 274 33
267 275 35
267 276 22
267 277 20
268 278 21
269 279 7
269 280 35
269 281 26
269 282 14
270 283 49
270 284 27
271 285 25
271 286 48
271 287 7
272 288 50
273 289 6
273 290 3
274 291 42
275 292 35
276 293 59
277 294 42
278 295 48
279 296 55
280 296 10
281 297 6
282 298 15
283 299 52
284 300 49
285 301 23
286 302 43
287 302 34
288 303 38
289 304 57
290 305 9
291 306 57
292 306 31
293 307 52
294 308 39
295 308 17
296 309 29
297 309 28
298 309 12
299 309 44
300 310 50
301 311 54
302 312 57
303 313 26
304 314 5
305 315 2
306 316 49
307 317 33
308 318 32
309 319 25
310 320 52
311 321 38
312 322 44
313 322 47
314 323 38
315 323 30
316 324 41
317 325 26
317 326 42
317 327 1
318 328 12
318 329 58
319 330 52
319 331 57
320 332 7
320 333 32
320 334 53
321 335 14
321 336 25
321 337 39
322 338 40
323 339 13
323 340 15
324 341 15
325 341 21
326 342 54
327 343 6
328 343 44
329 344 34
330 344 35
331 345 51
332 345 12
333 346 31
334 346 37
335 347 37
336 347 25
337 348 31
338 348 54
339 349 11
340 349 41
341 350 16
342 351 33
343 352 56
343 353 46
344 354 33
345 355 2
345 356 16
346 357 10
346 358 36
347 359 32
348 360 8
349 361 51
349 362 3
350 363 22
351 364 45
352 365 16
353 366 24
354 367 16
355 368 28
356 369 38
357 370 16
358 371 33
359 372 46
360 372 7
361 373 37
362 374 32
363 375 55
364 375 47
365 376 38
366 377 37
367 378 4
368 378 49
369 379 29
370 380 59
371 381 32
372 382 42
373 383 52
374 384 15
375 385 15
376 386 57
377 387 56
378 388 34
379 389 35
380 390 47
380 391 56
380 392 26
381 393 14
381 394 5
382 395 15
382 396 4
383 397 58
383 398 47
384 399 35
385 400 2
386 400 41
387 400 56
388 400 2
389 400 22
390 400 40
391 400 20
392 400 2
393 400 4
394 400 23
395 400 27
396 400 53
397 400 56
398 400 5
399 400 10
