1 2 78
1 3 31
1 4 76
1 5 9
2 6 30
2 7 16
2 8 69
2 9 68
3 10 68
3 11 19
3 12 67
3 13 28
4 14 71
4 15 26
4 16 54
4 17 23
5 18 56
5 19 2
5 20 47
5 21 70
6 22 8
7 23 2
8 24 9
9 25 26
10 26 45
11 27 9
12 28 38
13 29 12
14 30 41
15 31 5
16 32 1
17 33 79
18 34 65
19 35 42
20 36 77
21 37 52
22 38 10
23 39 17
24 40 64
25 41 9
26 42 18
26 43 70
26 44 15
27 45 76
28 46 74
29 47 21
29 48 51
29 49 67
30 50 19
31 51 62
32 52 40
32 53 19
32 54 9
33 55 74
34 56 66
34 57 62
35 58 64
36 59 28
37 60 7
38 61 60
39 62 14
40 63 46
41 64 30
42 65 39
43 66 20
44 67 72
45 68 24
46 68 51
47 69 33
48 70 26
49 71 56
50 72 20
51 73 79
52 74 52
53 75 4
54 75 38
55 76 37
56 77 74
57 78 71
58 79 66
59 80 12
60 81 77
61 82 27
62 83 8
63 84 77
64 84 36
65 85 52
66 86 33
67 87 3
68 88 46
69 89 36
70 89 68
71 90 44
72 91 68
73 92 4
74 93 54
75 94 12
76 95 65
77 96 44
78 97 70
79 98 58
80 98 36
81 99 32
82 100 39
83 101 68
84 102 47
85 103 29
86 104 22
87 105 13
88 106 6
89 107 36
90 108 5
91 109 13
92 110 70
93 111 34
94 112 68
95 112 5
96 113 21
97 114 14
98 115 53
99 116 23
100 117 34
101 118 23
102 119 5
103 120 63
104 121 54
105 122 15
106 123 19
107 124 38
108 125 1
109 126 72
110 127 33
111 128 60
112 129 77
113 130 23
114 131 62
115 132 58
116 133 27
117 134 10
117 135 17
117 136 32
117 137 29
118 138 8
119 139 73
120 140 10
121 141 49
122 142 60
122 143 35
123 144 54
124 145 27
125 146 18
126 147 59
127 148 11
127 149 65
128 150 22
129 151 18
130 152 79
130 153 33
131 154 2
131 155 17
132 156 18
132 157 61
133 158 8
134 159 5
135 160 61
136 161 46
137 162 8
138 163 23
139 164 20
140 165 34
141 166 78
142 167 52
143 168 18
144 169 22
145 170 41
146 171 24
147 172 68
148 173 62
149 174 14
150 175 42
151 176 4
152 177 42
153 178 26
154 179 59
155 180 9
156 181 61
157 182 20
158 183 74
159 184 63
160 185 46
161 186 8
162 187 53
163 188 49
164 189 64
165 190 61
166 191 10
167 192 41
167 193 31
168 194 57
169 195 30
170 196 6
171 197 8
172 198 44
173 199 29
174 200 20
175 201 47
175 202 73
176 203 36
177 204 72
178 205 26
179 206 62
180 207 74
181 208 56
182 209 14
183 210 44
184 211 15
185 212 79
186 213 41
187 214 73
188 215 22
189 216 74
190 217 66
191 218 58
192 218 14
193 219 61
194 220 7
195 221 48
196 222 58
197 223 5
198 224 10
199 225 11
200 226 75
201 227 55
202 228 52
203 229 9
204 229 50
205 229 3
206 230 76
207 231 23
208 232 22
209 233 47
210 234 21
211 235 44
212 236 44
213 237 66
214 238 51
215 239 77
216 240 73
217 241 68
218 242 78
219 243 7
220 244 1
221 245 39
222 246 18
223 247 45
224 248 41
225 249 47
226 250 2
227 251 49
228 252 36
229 253 16
230 254 72
231 255 61
232 256 37
233 257 39
234 258 60
235 259 36
236 260 39
237 261 51
238 262 77
239 262 6
240 263 10
241 263 59
242 264 68
243 265 35
244 265 51
245 266 40
246 267 28
247 268 43
248 269 11
249 270 64
250 271 31
251 271 20
252 272 19
253 273 36
254 274 34
255 275 66
256 275 19
257 276 18
258 277 48
259 278 1
260 279 71
261 280 16
262 281 69
263 282 8
264 283 49
265 284 8
266 285 49
267 286 58
268 287 67
269 288 62
270 289 32
271 290 33
272 291 70
273 292 31
274 293 64
275 294 32
276 295 36
277 296 4
278 297 27
278 298 50
279 299 27
279 300 5
280 301 55
280 302 25
280 303 72
281 304 37
282 305 57
282 306 42
283 307 42
284 308 21
285 309 26
286 310 50
287 311 41
288 312 10
288 313 41
289 314 70
290 315 49
291 316 68
292 317 9
292 318 25
293 319 42
294 320 20
295 321 30
295 322 69
296 323 61
297 324 41
298 325 49
299 326 58
300 327 69
301 327 31
302 328 66
303 328 46
304 328 48
305 329 54
306 329 22
307 330 55
308 330 73
309 330 29
310 330 36
311 331 34
312 332 39
313 332 50
314 333 53
315 333 61
316 334 8
317 335 50
318 335 20
319 336 41
320 337 34
321 338 1
322 338 71
323 339 19
324 340 75
324 341 54
324 342 36
325 343 44
326 344 2
327 345 62
328 346 78
329 347 11
330 348 33
331 349 2
331 350 42
332 351 43
333 352 22
334 353 63
334 354 44
335 355 75
336 356 29
336 357 40
336 358 76
336 359 67
337 360 50
337 361 31
337 362 75
337 363 68
338 364 36
338 365 60
339 366 74
340 367 50
341 368 64
342 368 52
343 369 74
344 369 24
345 369 6
346 370 54
347 370 63
348 371 65
349 371 25
350 372 48
351 373 36
352 374 27
353 374 18
354 375 43
355 375 52
356 375 36
357 375 9
358 376 36
359 377 76
360 378 5
361 378 21
362 379 41
363 379 78
364 380 70
365 381 41
366 381 47
367 382 55
368 383 44
369 384 64
370 385 69
370 386 10
371 387 25
371 388 4
372 389 30
373 390 59
373 391 74
374 392 43
375 393 32
376 394 72
377 395 10
378 396 65
379 397 30
380 398 19
380 399 77
381 400 17
382 401 33
383 402 63
384 403 2
385 404 77
386 405 65
387 406 62
388 406 20
389 407 9
390 408 21
391 409 27
392 410 75
393 411 27
394 412 11
395 412 59
396 412 10
397 412 52
398 413 30
399 414 46
400 415 78
401 416 28
402 417 41
403 418 34
404 419 25
404 420 31
405 421 62
406 422 40
407 423 2
407 424 46
408 425 49
409 426 31
410 427 14
410 428 45
411 429 65
412 430 70
413 431 4
413 432 79
413 433 60
414 434 45
415 435 73
416 436 71
417 437 49
418 438 12
419 439 78
419 440 10
420 441 48
421 442 33
421 443 73
422 444 6
422 445 55
423 446 76
424 447 43
425 448 58
426 449 49
426 450 36
427 451 58
428 452 23
429 453 43
430 454 65
430 455 32
430 456 69
431 457 47
432 458 6
433 459 41
434 460 62
434 461 43
435 462 67
436 463 52
437 463 47
438 463 49
439 464 57
440 465 36
441 465 9
442 466 71
443 467 57
444 468 16
445 469 12
446 470 65
447 471 21
448 472 39
449 473 72
450 474 9
451 474 24
452 475 49
453 475 14
454 476 1
455 476 57
456 477 24
457 477 51
458 478 29
459 478 2
460 479 3
461 480 34
462 481 57
463 482 65
464 483 1
465 484 2
465 485 3
466 486 7
467 487 18
467 488 71
468 489 54
469 490 39
470 491 40
471 492 46
472 493 53
473 494 27
474 495 28
474 496 21
475 497 56
476 498 57
477 499 23
478 500 3
479 501 76
480 502 15
480 503 43
481 504 75
482 505 15
483 506 70
484 507 39
485 508 67
486 508 29
487 508 33
488 509 25
489 510 79
490 511 23
491 511 20
492 511 36
493 512 15
494 513 58
495 514 26
496 514 76
497 515 75
498 516 36
499 517 20
500 518 78
501 519 52
502 519 67
503 520 41
504 521 75
505 522 16
505 523 29
506 524 54
506 525 8
507 526 30
508 527 20
509 528 22
510 529 66
510 530 11
511 531 42
512 532 69
513 533 41
514 534 79
515 535 61
516 536 26
516 537 11
516 538 11
517 539 51
518 540 3
519 541 72
520 542 69
520 543 19
521 544 35
522 545 71
523 546 47
524 547 22
525 548 61
526 549 50
527 550 63
528 551 8
529 552 54
530 553 79
531 554 44
532 555 28
533 556 29
534 557 12
535 557 16
536 557 46
537 558 55
538 559 78
539 559 63
540 560 25
541 561 33
542 561 73
543 562 29
544 562 48
545 563 55
546 564 55
547 565 66
548 566 38
549 567 13
549 568 38
550 569 50
550 570 49
551 571 28
552 572 78
553 573 45
553 574 29
554 575 53
554 576 29
554 577 36
555 578 74
556 579 37
556 580 5
556 581 52
557 582 26
558 583 50
559 584 51
559 585 15
560 586 70
561 587 46
562 588 57
563 589 61
564 590 57
565 591 55
566 592 30
567 593 28
568 594 37
569 595 33
570 596 2
571 597 77
572 598 67
573 599 53
574 600 39
575 600 25
576 601 20
577 602 77
578 603 38
579 604 67
580 605 48
581 606 37
582 607 59
583 608 17
584 608 60
585 609 34
586 610 36
587 611 42
588 612 3
589 613 64
590 614 5
591 615 78
592 616 37
593 617 19
594 618 42
595 619 79
596 620 16
597 621 11
598 622 29
599 623 42
600 624 59
601 625 30
602 626 3
603 627 71
604 628 56
605 629 39
606 630 47
607 631 37
608 632 45
609 633 3
610 634 18
611 635 74
612 636 15
613 637 41
614 638 60
615 638 39
616 639 58
617 640 47
618 641 16
619 642 3
620 643 26
621 644 41
622 644 7
623 645 74
624 646 65
625 647 66
626 647 14
627 648 26
628 649 12
629 650 29
630 651 47
631 652 48
632 653 65
633 654 17
634 655 62
635 655 28
636 656 27
637 657 63
638 658 66
639 659 24
640 660 38
641 661 72
642 661 78
643 662 69
644 663 58
645 663 16
646 664 46
647 665 67
648 665 6
649 666 79
650 667 31
651 668 6
652 669 47
653 670 6
654 671 71
655 671 10
656 672 24
657 673 54
657 674 74
658 675 1
659 676 12
660 677 8
661 678 53
662 679 61
662 680 46
662 681 55
662 682 74
663 683 34
664 684 68
664 685 26
664 686 36
665 687 8
665 688 23
666 689 61
666 690 27
667 691 44
667 692 66
668 693 13
669 694 73
669 695 25
670 696 65
671 697 57
672 698 71
672 699 70
673 700 33
674 700 32
675 700 67
676 700 6
677 700 61
678 700 52
679 700 50
680 700 17
681 700 63
682 700 10
683 700 62
684 700 39
685 700 42
686 700 69
687 700 77
688 700 38
689 700 68
690 700 41
691 700 47
692 700 66
693 700 40
694 700 21
695 700 40
696 700 66
697 700 10
698 700 64
699 700 29
