7 12 12 11 14 8 11 15
15 22 13 11 21 17 9 12
13 14 13 15 17 10 10 17
16 10 10 20 12 20 19 19
4 3 8 4 8 6 5 8
2 1 2 1 1 1 2 1
14 25 19 11 24 25 26 25
7 3 4 9 8 5 8 6
11 6 10 6 9 11 8 11
8 14 8 13 7 15 11 20
6 11 4 11 7 6 7 10
16 21 27 17 21 20 13 18
24 24 14 15 16 12 18 22
3 3 2 1 3 1 2 1
4 8 12 12 8 9 8 9
11 10 14 15 21 15 20 12
3 1 3 3 1 2 1 2
16 20 12 12 10 23 16 24
9 10 16 18 10 21 15 13
9 15 15 11 6 15 5 11
1 3 2 2 3 3 2 1
3 2 3 2 1 3 3 3
12 7 13 17 10 6 10 14
3 4 2 5 4 4 5 5
14 10 13 9 7 12 14 20
13 11 15 16 14 8 11 24
11 14 25 20 13 20 20 21
7 10 5 8 8 10 8 11
4 6 5 5 4 6 4 7
18 19 10 16 11 7 12 14
28 16 18 12 28 23 20 11
2 2 2 2 1 2 1 3
7 9 7 15 6 5 7 12
22 11 14 20 8 19 16 14
3 2 2 3 2 5 5 2
24 23 23 9 19 22 23 8
8 11 7 10 4 6 4 5
7 6 5 3 4 6 6 5
12 21 13 12 8 16 9 17
3 2 2 1 3 2 1 3
8 12 7 6 6 8 5 6
10 11 9 15 8 15 15 16
4 10 7 9 6 11 5 5
3 6 6 8 6 6 5 4
7 4 9 6 6 10 11 4
13 6 12 18 11 15 15 7
5 5 10 5 5 4 9 10
19 10 9 16 11 18 14 15
5 9 11 7 11 5 9 11
12 13 7 9 11 9 13 11
15 9 25 15 24 22 25 27
16 15 16 9 17 13 11 11
1 2 2 1 2 1 2 1
12 12 7 5 7 8 11 13
7 5 3 8 4 4 6 5
15 16 14 14 11 11 15 14
8 7 11 8 13 17 8 8
8 4 9 4 4 3 3 4
15 10 10 20 26 25 19 15
3 6 7 8 3 4 7 8
13 14 8 13 5 5 6 7
9 12 9 12 22 25 17 12
9 14 10 10 15 17 6 9
4 6 5 4 4 4 3 2
14 17 9 14 17 14 16 8
15 13 11 14 7 15 15 14
13 13 8 5 14 11 15 13
3 1 3 2 2 3 1 1
9 8 16 9 13 21 21 11
11 20 21 8 16 13 15 15
27 23 24 12 15 28 19 11
5 10 11 9 5 13 11 13
6 6 5 8 4 7 3 8
1 2 1 1 2 1 2 1
11 4 10 7 8 4 7 7
7 15 15 10 11 13 14 14
2 1 2 1 2 1 1 2
9 8 9 9 10 7 10 11
9 8 20 17 9 8 20 16
3 2 2 2 1 3 1 1
12 13 16 15 9 7 14 14
4 2 4 3 4 5 5 3
15 7 8 8 14 15 12 5
19 26 26 25 17 14 24 26
24 20 12 13 12 10 18 18
2 4 4 3 4 4 3 4
8 19 16 19 17 10 16 8
12 23 15 17 21 13 10 16
11 8 6 6 10 4 9 5
2 2 1 1 1 1 1 2
8 14 10 12 6 11 13 12
18 7 15 11 19 17 20 20
9 7 3 6 5 6 6 4
7 5 9 11 9 11 7 4
16 9 6 8 15 7 6 12
13 12 9 20 15 11 19 13
3 5 4 3 6 5 3 7
7 13 9 12 13 14 13 8
11 7 5 9 5 7 11 9
6 3 4 4 4 4 5 3
3 1 2 2 3 2 2 3
21 19 21 8 9 14 16 21
22 28 15 15 11 28 22 23
17 19 11 24 15 23 14 24
12 15 13 11 17 13 11 14
3 2 1 3 3 2 1 1
14 22 25 16 12 13 16 28
1 3 1 1 3 2 2 1
12 9 16 8 14 14 16 9
6 8 3 5 5 5 5 8
7 18 8 6 11 9 13 17
2 2 2 2 1 1 2 1
11 9 11 12 5 10 5 9
8 5 9 10 11 10 7 10
12 17 17 10 12 16 15 6
20 19 20 18 20 26 16 10
15 12 24 17 23 24 8 18
16 7 10 12 18 18 8 14
10 18 26 18 28 27 21 17
7 6 3 4 4 6 6 7
13 15 14 20 13 10 23 17
17 15 10 10 12 15 10 22
13 21 23 13 14 14 21 9
1 1 1 1 2 1 1 2
8 8 11 5 9 7 6 4
22 18 16 24 21 18 18 23
4 9 6 11 8 7 10 6
4 4 4 2 4 6 6 2
2 3 3 1 3 2 3 1
6 6 2 3 6 6 2 6
2 2 3 1 2 1 2 3
9 6 5 13 8 10 12 10
8 6 6 4 9 7 8 8
10 10 6 5 10 9 11 10
18 18 19 14 14 12 8 15
1 2 2 2 1 2 2 1
8 15 9 14 16 7 13 11
12 10 19 13 8 15 11 21
2 1 2 2 1 2 1 2
10 24 24 23 20 10 26 12
21 11 24 15 13 22 11 11
14 10 16 19 13 10 9 9
11 7 10 6 11 9 4 9
5 7 7 5 5 8 6 5
7 9 8 3 8 8 4 4
14 12 13 11 10 7 10 5
19 13 8 13 12 9 20 10
3 5 8 7 6 6 7 4
9 7 7 5 4 6 11 5
1 1 1 1 2 1 1 2
6 6 6 5 6 3 6 6
13 10 17 8 8 17 17 16
3 4 5 4 2 4 5 2
8 17 15 14 7 15 12 17
22 19 13 13 23 11 21 12
12 16 14 13 10 10 13 16
11 6 6 10 8 13 7 15
14 21 11 22 15 11 24 10
28 26 22 15 28 16 23 15
11 9 12 8 7 11 7 7
16 16 18 6 10 17 16 15
11 8 11 10 6 9 11 5
15 11 21 20 20 12 10 14
2 1 2 2 2 2 2 1
3 3 2 1 2 2 3 3
17 14 18 20 26 27 20 23
3 3 2 5 3 3 3 6
17 14 16 15 22 22 15 14
6 9 6 5 7 7 6 7
14 5 5 5 6 10 14 8
7 7 5 5 12 13 13 9
8 20 12 19 9 14 13 13
13 7 11 14 14 8 9 8
7 6 5 9 9 4 9 7
7 5 10 10 10 11 4 7
7 8 7 8 7 4 7 3
11 26 26 22 14 26 20 26
7 7 9 5 8 7 6 4
15 16 9 18 21 7 14 10
6 7 12 8 5 10 13 10
2 3 3 2 1 3 3 1
8 19 12 10 18 17 15 9
21 20 14 20 22 13 12 20
6 5 4 8 8 7 8 3
2 1 2 1 1 2 2 1
16 8 16 14 6 9 13 7
7 12 10 13 6 17 11 16
17 16 19 20 8 12 15 17
11 14 14 25 27 24 19 18
9 4 10 4 9 7 11 11
19 23 12 19 14 17 16 11
13 7 14 12 14 13 12 12
10 9 6 8 12 12 6 12
9 11 6 6 11 8 14 14
6 6 6 6 3 3 4 4
14 27 23 23 23 22 20 26
15 14 26 16 14 24 22 16
11 21 11 19 14 12 9 14
18 28 12 23 25 14 24 16
13 15 22 16 23 24 26 20
8 15 6 13 14 7 14 12
10 28 18 15 30 28 15 13
6 8 5 4 6 4 8 8
2 5 2 3 3 3 6 2
20 12 22 17 10 17 12 15
11 7 12 10 15 14 8 10
26 16 10 26 28 17 11 17
1 2 1 1 2 2 1 2
10 7 6 17 14 10 11 11
11 10 11 5 13 9 11 5
19 24 17 8 9 15 24 16
4 8 8 6 12 8 10 6
13 12 7 19 14 20 13 21
12 9 6 12 6 4 12 12
12 8 13 5 13 5 11 9
13 12 20 7 17 17 18 17
15 24 26 25 17 9 23 18
12 8 9 10 9 5 10 8
18 17 12 19 15 14 11 10
12 17 10 18 6 6 13 14
6 6 4 8 4 8 5 6
2 3 3 3 1 1 1 2
16 9 24 12 11 17 10 22
30 24 18 28 17 12 13 27
2 2 2 2 1 1 2 1
23 12 21 10 17 14 25 20
5 6 5 6 3 4 5 4
7 7 8 8 6 4 8 7
6 6 5 7 4 6 4 3
5 4 3 4 6 4 4 3
21 22 11 12 19 11 19 8
6 11 17 15 12 6 10 14
17 11 16 18 18 10 18 17
12 10 12 8 13 6 9 14
9 6 5 11 6 7 12 6
10 12 15 16 9 14 7 7
8 10 8 5 6 11 5 4
8 12 9 12 12 6 13 11
13 9 10 11 11 13 5 14
21 10 25 15 22 26 10 15
5 6 5 4 8 8 9 7
6 11 12 13 13 7 7 14
22 19 23 14 11 26 16 26
2 1 1 1 2 1 2 2
11 8 8 6 4 11 7 5
1 1 2 2 2 2 1 1
1 1 1 1 2 2 2 2
12 6 15 14 15 13 16 14
12 25 18 19 19 20 11 21
4 12 6 9 8 10 5 4
7 6 7 13 8 15 10 16
17 15 16 23 25 14 20 18
22 26 24 22 20 15 19 27
14 12 10 11 24 24 19 22
5 5 3 7 3 3 6 4
14 12 14 14 13 13 8 6
20 22 20 24 18 20 16 27
12 10 14 11 9 7 11 12
23 17 11 20 12 21 13 9
6 12 10 6 12 7 9 8
6 10 16 7 12 15 12 13
2 4 4 3 4 3 3 2
15 9 15 13 14 5 9 13
11 13 9 10 12 5 9 10
26 24 14 17 10 20 26 10
7 3 6 7 3 7 4 5
18 13 9 8 15 19 18 20
6 8 5 11 4 11 8 10
6 8 7 8 8 4 5 6
6 5 5 6 3 3 6 5
10 9 17 10 10 8 14 17
15 9 13 15 9 15 11 10
4 3 3 2 3 5 2 3
10 8 15 12 10 6 6 15
7 8 21 20 7 14 10 10
12 26 23 23 25 20 20 10
15 16 11 6 17 16 6 15
7 11 10 6 11 12 10 6
26 26 15 27 18 23 19 26
7 6 3 6 5 6 8 4
9 18 26 11 25 24 13 23
19 13 26 21 19 12 27 19
11 6 10 6 7 12 14 9
18 7 11 12 16 16 7 7
14 6 8 13 16 6 16 15
12 14 6 8 12 10 11 11
17 19 17 13 18 23 20 25
19 26 18 18 24 28 18 10
6 5 6 7 7 6 4 6
6 16 6 8 13 7 17 6
11 13 17 7 15 11 11 17
11 12 25 12 27 23 13 23
4 9 5 9 3 4 4 6
5 6 4 9 9 7 5 10
5 11 5 12 4 4 8 4
7 9 4 12 10 12 4 11
17 11 15 12 7 17 16 17
8 8 14 8 15 12 9 17
8 11 12 7 11 12 7 10
4 7 5 7 5 9 11 8
