1 2 136
1 3 42
1 4 90
1 5 154
2 6 115
2 7 104
3 8 46
3 9 65
4 10 93
4 11 32
5 12 42
6 13 130
6 14 86
7 15 80
8 16 49
9 17 27
10 18 79
11 19 145
12 20 54
12 21 108
13 22 12
14 23 6
15 24 4
16 24 9
17 25 148
18 26 21
19 27 88
20 28 116
21 29 122
22 30 49
23 30 107
24 31 153
25 31 33
26 32 51
27 32 108
28 33 49
29 34 12
30 35 141
31 36 156
32 37 89
33 38 124
34 39 18
35 40 62
35 41 78
35 42 130
36 43 102
36 44 8
36 45 114
36 46 143
37 47 156
37 48 132
38 49 70
38 50 134
38 51 89
39 52 110
39 53 158
39 54 44
40 55 2
41 56 139
42 56 109
43 56 20
44 57 83
45 57 135
46 58 32
47 59 62
48 59 102
49 60 21
50 60 72
51 61 122
52 61 29
53 62 156
54 62 142
55 63 105
56 63 135
57 64 30
58 64 13
59 65 107
60 66 30
61 67 3
62 68 52
63 69 121
64 70 66
65 71 46
65 72 101
66 73 48
67 74 86
68 75 113
69 76 6
69 77 11
70 78 153
71 79 25
72 80 34
73 81 52
73 82 62
74 83 38
75 84 30
76 85 40
77 85 80
78 86 6
79 87 3
80 88 105
81 89 79
82 90 11
83 91 50
84 92 10
85 93 143
86 94 47
87 95 130
88 96 106
89 97 26
90 97 101
91 98 93
92 99 82
93 100 147
94 100 123
95 100 6
96 100 69
97 100 68
98 100 142
99 100 105
