1 2 8
1 3 7
2 4 11
2 5 1
2 6 7
2 7 4
2 8 15
3 9 14
3 10 9
3 11 8
3 12 5
3 13 1
4 14 2
5 15 8
6 16 6
7 17 2
8 18 13
9 19 7
10 20 12
11 21 7
12 22 5
13 23 8
14 24 1
15 25 7
16 26 15
17 27 3
18 27 8
19 27 8
20 28 9
21 29 13
22 30 6
23 31 1
24 32 11
25 33 11
26 34 7
27 35 8
27 36 5
28 37 1
29 38 6
30 39 8
31 40 10
32 41 15
33 42 14
34 43 15
35 44 7
36 45 12
37 46 15
38 47 9
39 48 5
40 49 2
41 50 15
42 50 6
43 51 7
44 52 2
45 53 10
46 53 9
47 53 13
48 54 2
49 55 4
50 56 7
51 57 5
52 57 7
53 58 10
54 58 13
55 59 7
56 60 3
57 61 15
57 62 6
57 63 11
58 64 2
58 65 4
58 66 13
58 67 11
59 68 15
60 69 1
61 70 1
61 71 12
62 72 5
63 73 5
63 74 7
64 75 7
65 76 3
65 77 14
66 78 4
67 79 7
68 80 8
69 81 4
69 82 9
70 83 7
70 84 9
70 85 5
71 86 1
71 87 15
71 88 4
72 89 4
73 90 7
73 91 12
74 92 6
74 93 1
74 94 8
75 95 13
75 96 4
76 97 13
76 98 7
77 99 6
77 100 12
78 101 9
78 102 13
79 103 12
79 104 13
80 105 2
80 106 15
80 107 2
80 108 4
81 109 12
82 109 12
83 109 3
84 109 3
85 109 14
86 110 4
87 110 9
88 110 1
89 110 10
90 111 15
91 111 7
92 111 4
93 111 1
94 111 8
95 112 10
96 112 12
97 112 15
98 112 7
99 112 8
100 112 11
101 112 14
102 112 9
103 113 10
104 113 4
105 113 14
106 113 7
107 113 11
108 113 10
109 114 14
109 115 15
110 116 4
110 117 15
110 118 11
111 119 2
111 120 4
112 121 13
112 122 15
113 123 11
113 124 2
113 125 5
114 126 9
115 126 15
116 126 10
117 127 4
118 127 1
119 127 6
120 128 11
121 129 14
122 129 12
123 129 10
124 130 7
125 130 9
126 131 10
127 132 14
128 133 1
129 134 15
129 135 10
129 136 1
130 137 11
131 138 5
132 139 6
132 140 13
133 141 4
134 142 14
134 143 7
134 144 11
135 145 15
135 146 6
136 147 9
136 148 15
137 149 15
137 150 15
138 151 15
139 151 6
140 152 9
141 152 2
142 153 10
143 154 11
144 155 13
145 155 15
146 156 4
147 156 4
148 157 1
149 158 13
150 158 15
151 159 15
152 159 12
153 159 1
154 160 7
155 160 13
156 160 1
157 161 2
158 162 2
159 163 10
159 164 6
159 165 15
160 166 1
161 167 6
162 168 13
162 169 2
163 170 10
164 171 5
165 172 7
166 173 12
167 174 14
168 175 10
169 176 6
170 177 6
171 178 3
172 179 11
173 180 10
174 181 2
175 182 11
176 183 1
176 184 7
177 185 12
178 186 15
179 187 5
180 188 13
181 189 5
182 190 11
183 191 4
184 192 10
185 193 4
186 194 5
187 194 14
188 195 11
189 196 8
190 197 8
191 198 4
192 199 8
193 200 1
194 200 2
195 200 10
196 200 10
197 200 8
198 200 6
199 200 12
