1 2 1
1 3 11
1 4 11
1 5 2
2 6 13
2 7 3
2 8 12
2 9 7
2 10 9
3 11 11
3 12 8
3 13 4
3 14 3
3 15 10
4 16 10
4 17 7
4 18 12
4 19 11
4 20 9
5 21 9
5 22 2
5 23 3
5 24 10
5 25 10
6 26 9
7 26 9
8 26 8
9 27 13
10 27 10
11 28 3
12 28 4
13 29 8
14 30 6
15 31 1
16 32 13
17 33 9
18 33 4
19 33 6
20 34 6
21 34 9
22 34 1
23 35 6
24 36 5
25 36 9
26 37 9
27 38 1
28 39 6
29 40 2
30 41 11
30 42 11
30 43 8
31 44 13
32 45 5
32 46 3
33 47 1
34 48 9
34 49 3
35 50 7
35 51 13
36 52 6
37 53 7
38 53 12
39 53 10
40 53 3
41 54 8
42 55 7
43 56 11
44 57 13
45 58 5
46 59 12
47 60 4
48 60 3
49 61 9
50 62 6
51 63 7
52 64 6
53 65 10
54 66 8
54 67 7
55 68 13
55 69 9
56 70 13
57 71 3
58 72 5
59 73 13
60 74 1
60 75 8
61 76 3
62 77 11
63 78 10
64 79 3
65 80 9
66 81 7
66 82 7
67 83 11
68 84 8
69 85 13
70 86 9
71 87 9
72 88 11
73 89 1
74 90 1
75 91 10
76 92 7
77 93 10
77 94 3
78 95 4
79 96 3
80 97 6
80 98 8
81 99 11
81 100 12
82 101 11
82 102 11
83 103 11
84 104 12
85 105 6
86 106 9
87 107 10
88 108 11
89 109 6
90 110 6
91 111 1
92 112 2
93 113 4
94 114 9
95 115 1
95 116 12
96 117 2
97 118 2
98 119 12
99 120 11
100 120 10
101 121 1
102 122 10
103 123 5
104 124 7
105 125 6
106 126 11
107 127 9
108 128 11
109 129 1
110 130 9
111 131 6
112 132 13
113 133 9
114 134 5
115 134 3
116 135 9
117 136 1
118 137 10
119 137 4
120 138 5
121 139 2
122 139 4
123 139 10
124 140 11
125 141 10
126 142 10
127 143 2
128 144 9
129 144 3
130 145 4
131 145 4
132 145 9
133 146 8
134 147 7
135 148 2
136 148 11
137 149 7
138 150 11
138 151 11
138 152 12
138 153 9
139 154 2
140 155 8
141 156 4
141 157 10
142 158 11
143 159 11
144 160 4
145 161 6
145 162 5
146 163 9
147 164 11
148 165 7
149 166 5
150 167 5
151 168 9
152 169 3
153 170 4
154 171 3
155 172 2
156 173 1
157 174 3
158 175 10
159 176 11
160 177 6
161 178 11
162 179 4
163 180 5
164 181 11
165 182 11
166 183 9
167 184 5
168 185 3
169 186 3
170 186 2
171 187 6
172 188 1
173 189 13
174 190 11
175 191 3
176 192 2
177 193 13
178 194 2
179 194 9
180 195 10
181 196 5
182 197 11
183 198 11
183 199 8
184 200 11
184 201 13
184 202 10
184 203 10
185 204 13
186 205 9
186 206 11
187 207 8
188 208 9
189 209 8
189 210 11
190 211 12
191 212 8
192 213 2
192 214 7
193 215 7
194 216 13
194 217 13
195 218 10
195 219 8
196 220 6
197 221 10
198 222 7
199 223 4
200 224 1
201 225 6
202 226 5
203 227 1
204 228 5
205 229 2
206 230 13
207 231 3
208 232 1
209 233 5
210 234 4
211 235 8
212 236 11
213 237 3
214 238 11
215 239 6
216 240 2
217 241 2
218 242 9
219 243 3
220 244 2
221 245 11
222 246 11
223 246 9
224 247 11
225 248 2
226 248 13
227 248 5
228 249 5
229 250 9
230 251 9
231 252 11
232 253 5
233 253 4
234 254 12
235 255 8
236 256 6
237 257 10
238 258 6
239 259 12
240 260 13
241 261 7
242 261 5
243 261 11
244 262 2
245 262 6
246 263 12
247 264 10
248 265 7
249 266 11
250 267 7
251 268 2
252 269 10
253 270 6
254 271 1
255 272 5
256 273 8
257 274 1
258 275 9
259 276 5
260 277 4
261 278 8
262 279 4
262 280 1
263 281 1
264 282 2
265 283 7
266 284 12
267 285 7
268 286 9
268 287 3
269 288 1
270 289 12
270 290 11
271 291 8
272 292 6
273 293 1
274 294 9
275 295 4
276 296 11
276 297 9
276 298 13
277 299 3
278 300 7
279 301 7
280 302 9
281 303 6
282 304 1
283 304 10
284 305 7
285 306 8
286 306 11
287 307 3
288 307 2
289 308 10
290 309 11
291 310 6
292 310 9
293 311 5
294 312 8
295 313 6
296 314 12
297 315 9
298 316 13
299 317 11
300 318 10
301 319 3
302 320 9
303 321 3
304 322 9
305 323 13
306 324 5
306 325 11
307 326 5
308 327 8
309 328 3
310 329 5
311 330 11
312 331 2
313 332 12
314 333 9
315 334 2
315 335 3
316 336 11
317 337 2
318 338 5
319 339 1
320 340 3
320 341 9
320 342 12
321 343 2
322 344 9
323 345 2
324 346 6
325 347 13
326 348 1
327 349 13
328 350 5
329 351 13
330 352 7
331 353 9
332 354 8
333 355 6
334 356 12
335 357 7
336 357 6
337 358 2
338 359 10
339 360 13
340 361 1
341 362 11
342 362 5
343 363 5
344 364 3
345 365 8
346 365 6
347 366 12
348 367 10
349 367 9
350 368 6
351 368 2
352 369 9
353 370 4
354 370 5
355 371 5
356 371 13
357 372 3
358 373 13
359 373 1
360 374 11
361 374 13
362 375 5
363 376 12
363 377 11
363 378 8
364 379 11
364 380 5
365 381 13
366 382 6
367 383 6
367 384 10
368 385 9
369 386 7
369 387 13
369 388 5
370 389 12
371 390 1
372 391 13
372 392 8
373 393 10
374 394 1
374 395 13
375 396 13
376 397 13
377 397 7
378 398 1
379 399 4
380 400 7
381 401 12
382 401 10
383 402 5
384 403 6
385 404 5
386 405 6
387 406 3
388 407 8
389 408 6
390 408 12
391 409 1
392 410 8
393 411 7
394 411 13
395 412 11
396 413 2
397 414 6
397 415 7
397 416 1
397 417 12
398 418 5
398 419 3
399 420 10
400 421 12
400 422 12
401 423 7
402 424 9
402 425 10
403 426 6
403 427 2
404 428 11
405 429 6
405 430 5
406 431 3
407 432 9
407 433 12
408 434 8
408 435 5
409 436 9
409 437 8
410 438 11
410 439 12
410 440 4
411 441 9
411 442 10
411 443 1
411 444 11
412 445 3
412 446 8
413 447 11
413 448 1
413 449 2
413 450 2
414 451 7
415 452 8
416 453 2
417 454 1
418 454 2
419 455 12
420 456 3
421 457 6
422 458 2
423 459 13
424 460 9
425 460 7
426 461 2
427 462 6
428 462 13
429 463 12
430 464 4
431 464 4
432 465 4
433 465 3
434 466 8
435 467 9
436 468 5
437 469 5
438 469 11
439 470 13
440 471 5
441 472 4
442 472 1
443 472 9
444 473 12
445 474 5
446 475 7
447 476 6
448 477 6
449 478 12
450 479 12
451 480 12
452 481 11
453 482 1
454 483 11
455 483 1
456 484 1
457 485 12
458 486 13
459 487 2
460 488 12
461 489 1
462 490 1
463 491 5
464 492 3
465 493 5
466 494 1
467 495 3
468 496 4
469 497 4
470 498 3
471 499 13
472 500 8
473 501 7
474 502 8
475 503 4
476 504 3
477 504 11
478 505 2
479 506 4
480 507 5
481 507 9
482 507 12
483 508 6
484 509 10
485 509 8
486 509 5
487 509 8
488 510 5
489 510 2
490 511 8
491 511 7
492 511 8
493 511 7
494 512 7
495 512 3
496 512 11
497 512 10
498 513 10
499 513 9
500 514 2
501 514 8
502 514 13
503 515 5
504 516 10
505 516 6
506 516 8
507 517 7
507 518 11
507 519 12
508 520 8
509 521 3
510 522 2
510 523 8
511 524 6
512 525 4
512 526 3
512 527 13
512 528 9
513 529 3
513 530 12
514 531 9
515 532 5
515 533 2
515 534 3
516 535 7
517 536 7
518 537 3
519 538 6
520 539 7
521 540 4
522 541 4
523 542 2
524 543 13
525 544 3
526 545 7
527 546 13
528 547 3
529 548 9
530 548 13
531 549 6
532 550 9
533 551 5
534 552 3
535 553 13
536 554 4
537 554 10
538 555 8
539 556 10
540 557 10
541 558 9
542 559 13
543 560 12
544 561 8
545 562 2
546 563 11
547 564 2
548 565 7
549 566 11
550 567 4
551 568 3
552 569 3
553 570 7
554 571 10
555 572 12
556 573 11
557 574 2
558 575 9
559 576 3
560 577 1
561 578 7
562 579 6
563 580 10
563 581 1
564 582 1
565 583 6
566 584 12
566 585 11
567 586 8
567 587 2
568 588 11
569 589 2
570 590 10
571 591 12
572 592 5
573 593 7
574 594 8
575 595 7
576 595 2
577 596 13
578 597 4
579 597 4
580 598 13
581 599 2
582 599 5
583 600 1
584 601 13
585 602 3
586 603 3
587 604 12
588 604 2
589 605 5
590 606 13
591 607 7
592 608 7
593 609 4
594 610 8
595 611 2
596 612 8
597 613 12
598 614 10
599 615 1
599 616 5
600 617 9
601 618 9
601 619 13
602 620 7
603 621 7
604 622 9
605 623 8
605 624 6
606 625 3
607 626 13
608 627 5
609 628 2
610 629 5
611 630 10
612 631 11
613 632 2
614 633 9
615 634 11
616 634 10
617 635 5
618 636 7
619 636 3
620 637 4
621 637 12
622 638 7
623 638 9
624 639 8
625 640 12
626 641 6
626 642 9
626 643 11
627 644 11
628 645 2
629 646 1
630 647 2
630 648 12
631 649 11
632 650 11
632 651 12
633 652 6
633 653 13
634 654 7
634 655 3
635 656 3
636 657 5
636 658 13
637 659 13
637 660 1
638 661 5
638 662 8
639 663 4
640 664 5
640 665 11
641 666 5
642 666 1
643 666 11
644 666 9
645 667 12
646 668 4
647 668 13
648 668 3
649 669 2
650 669 7
651 670 1
652 671 4
653 672 1
654 672 13
655 672 4
656 673 7
657 674 2
658 675 9
659 675 4
660 675 11
661 675 11
662 676 7
663 677 6
664 678 6
665 679 6
666 680 3
667 681 2
668 682 3
668 683 3
669 684 8
670 685 2
671 686 13
672 687 9
672 688 6
673 689 10
674 690 1
674 691 11
674 692 8
675 693 2
675 694 11
676 695 10
676 696 2
676 697 10
677 698 8
677 699 9
678 700 7
678 701 6
678 702 11
679 703 11
680 704 7
681 704 1
682 705 12
683 705 1
684 706 10
685 707 10
686 707 1
687 708 2
688 709 7
689 710 9
690 711 8
691 712 7
692 712 11
693 712 3
694 713 13
695 713 1
696 714 2
697 715 13
698 716 5
699 716 1
700 717 9
701 718 9
702 718 11
703 719 9
704 720 5
705 721 7
706 722 13
707 723 1
707 724 3
707 725 3
708 726 13
709 727 8
709 728 5
710 729 9
711 730 6
711 731 7
712 732 2
712 733 6
713 734 5
714 735 1
715 736 7
715 737 2
716 738 5
717 739 2
718 740 6
719 741 8
720 742 9
721 743 6
722 744 2
723 745 2
724 746 1
725 747 8
726 748 8
727 749 1
728 750 1
729 751 11
730 752 9
731 753 7
732 754 13
733 754 11
734 755 12
735 755 11
736 756 2
737 757 7
738 757 12
739 758 10
740 759 10
741 760 8
742 761 4
743 761 10
744 762 5
745 762 9
746 763 2
747 764 6
748 765 6
749 766 2
750 767 10
751 768 12
752 768 2
753 769 8
754 770 4
755 771 9
756 772 8
757 773 10
758 773 6
759 773 11
760 774 5
761 775 5
762 776 1
763 777 8
764 778 8
765 779 2
766 780 4
767 781 10
768 782 5
769 783 13
770 784 5
771 785 8
772 786 11
773 787 3
773 788 7
774 789 12
775 790 7
776 791 13
777 792 11
778 793 4
779 794 2
780 795 4
781 796 10
781 797 11
782 798 8
783 799 12
784 800 12
785 801 9
785 802 13
786 803 8
787 804 12
788 805 2
788 806 1
789 807 8
790 808 8
791 809 13
792 810 13
793 811 4
794 812 3
794 813 12
795 814 8
796 815 7
797 816 12
798 817 13
799 818 1
800 819 5
801 820 13
802 821 7
803 822 12
804 823 4
805 824 1
806 825 12
807 826 5
808 827 8
809 828 11
810 829 1
811 830 9
812 831 12
813 832 5
814 833 6
815 834 8
816 835 1
817 835 9
818 836 13
819 837 5
820 838 1
821 839 5
822 840 10
823 841 4
824 842 13
825 842 11
826 842 3
827 843 2
828 844 7
829 845 9
830 846 13
831 847 7
832 848 1
833 849 10
834 850 4
835 851 5
836 852 6
837 853 5
838 854 6
839 855 12
840 856 4
841 857 12
842 858 12
843 859 1
843 860 2
844 861 8
845 862 7
846 863 12
847 864 11
848 865 13
849 866 9
850 867 4
851 868 2
852 869 12
853 870 1
854 871 4
855 872 2
856 873 5
856 874 4
856 875 8
857 876 13
858 877 10
859 878 9
860 879 1
861 880 10
862 881 13
863 882 7
864 883 9
865 884 8
866 885 8
867 886 8
868 887 6
869 888 1
870 889 9
871 890 3
871 891 8
871 892 1
872 893 7
873 894 13
874 895 4
875 896 12
876 897 2
876 898 8
877 899 9
878 900 6
879 900 6
880 900 10
881 900 6
882 900 10
883 900 9
884 900 11
885 900 9
886 900 8
887 900 11
888 900 11
889 900 9
890 900 10
891 900 7
892 900 6
893 900 13
894 900 12
895 900 11
896 900 3
897 900 3
898 900 10
899 900 12
