1 2 70
1 3 37
2 4 43
2 5 112
2 6 60
2 7 57
2 8 117
3 9 134
3 10 153
3 11 119
3 12 77
3 13 146
4 14 100
5 15 68
6 16 147
7 17 154
8 18 72
9 19 122
10 20 90
11 21 129
12 22 113
13 23 34
14 24 44
15 25 109
16 26 81
17 27 27
18 28 15
19 29 91
20 30 30
21 31 117
22 32 25
23 33 89
24 34 108
25 35 53
26 36 67
26 37 99
27 38 140
28 39 155
28 40 140
29 41 21
30 42 37
30 43 21
31 44 70
32 45 54
33 46 133
34 47 154
35 48 16
36 49 156
37 50 49
38 51 128
39 52 140
40 53 156
41 53 127
42 54 97
43 55 124
44 56 15
45 56 138
46 57 152
47 58 46
48 59 24
49 60 100
50 61 42
51 62 138
52 63 98
53 64 7
54 65 128
55 66 53
56 67 68
57 68 38
58 69 143
59 70 46
60 71 128
61 72 135
62 72 110
63 73 129
64 74 102
65 75 24
66 76 20
67 77 107
68 77 8
69 78 156
70 79 154
71 80 32
72 81 101
73 82 20
74 83 58
75 84 40
76 85 104
77 86 110
78 87 72
79 88 46
79 89 112
80 90 94
81 91 79
82 92 78
83 93 136
84 94 99
85 95 155
86 96 31
87 97 141
88 97 46
89 98 142
90 99 113
91 99 42
92 100 158
93 100 52
94 101 16
95 102 100
96 103 46
97 104 2
98 105 89
99 106 117
100 107 118
101 108 118
101 109 45
102 110 145
103 111 16
104 112 109
104 113 81
105 114 10
105 115 57
106 116 78
106 117 61
107 118 23
108 119 95
109 120 59
109 121 4
110 122 143
110 123 143
111 124 62
112 125 158
113 126 36
114 127 136
115 128 29
116 128 26
117 129 99
118 130 30
119 131 30
120 132 123
121 133 137
122 133 120
123 134 96
124 135 128
125 136 5
125 137 68
126 138 25
127 139 33
127 140 118
128 141 76
129 142 10
130 143 97
131 144 135
132 145 36
133 146 5
134 147 16
135 148 14
136 149 118
137 150 47
138 151 68
139 152 118
140 153 128
141 154 49
142 155 70
143 156 148
144 157 51
145 158 111
146 159 99
147 160 118
148 161 41
149 162 69
150 163 111
151 164 68
152 164 96
153 164 115
154 164 39
155 165 43
156 165 142
157 166 86
158 166 10
159 167 27
160 168 41
161 168 11
162 169 74
163 170 157
164 171 157
164 172 18
165 173 27
166 174 35
167 175 45
168 176 74
169 177 17
170 178 109
171 179 79
172 180 29
173 181 2
174 182 72
175 183 33
176 183 20
177 184 13
177 185 132
178 186 122
179 187 4
180 188 90
180 189 97
180 190 23
180 191 104
181 192 41
182 193 122
182 194 87
183 195 12
183 196 77
184 197 7
185 198 27
186 199 104
187 200 72
188 201 140
189 202 26
190 203 28
191 204 59
192 205 61
193 206 140
194 206 22
195 207 133
196 208 8
197 209 11
198 210 131
199 211 12
200 211 149
201 212 156
202 213 57
203 213 75
204 213 44
205 214 126
206 214 151
207 215 2
208 215 33
209 216 127
210 217 54
210 218 135
210 219 76
211 220 62
212 221 4
212 222 80
213 223 76
214 224 123
215 225 141
216 226 31
217 227 105
218 228 66
219 229 93
220 230 121
220 231 67
221 232 116
222 233 75
223 234 125
224 235 87
225 236 31
226 237 114
227 238 80
228 238 83
229 239 79
230 239 80
231 240 56
232 241 2
233 242 26
234 243 51
235 244 132
236 245 123
237 246 131
238 247 94
239 248 8
240 249 15
241 249 148
242 250 137
243 251 75
244 252 48
245 253 106
246 254 11
247 255 21
248 256 27
249 257 134
250 258 62
251 259 131
252 260 146
253 261 159
254 262 42
255 263 88
256 264 55
257 265 123
258 266 156
259 267 121
260 268 80
260 269 117
261 270 56
262 271 88
263 272 92
264 272 85
265 273 23
266 274 138
267 275 12
268 275 58
269 276 36
270 277 4
271 278 12
272 279 63
272 280 19
273 281 16
274 282 95
274 283 17
275 284 131
275 285 103
275 286 101
275 287 17
276 288 90
277 289 12
278 290 89
279 291 67
280 291 28
281 292 62
282 293 142
283 294 52
284 295 54
285 296 139
286 296 90
287 297 52
288 298 27
289 299 79
290 300 106
291 300 14
292 300 37
293 300 5
294 300 99
295 300 83
296 300 99
297 300 83
298 300 11
299 300 41
