1 2 45
1 3 27
1 4 59
1 5 30
2 6 60
2 7 48
2 8 75
3 9 71
3 10 17
3 11 67
4 12 28
5 13 31
5 14 50
6 15 66
6 16 25
7 17 58
8 18 7
9 19 26
10 20 71
11 21 39
12 22 54
13 23 67
14 24 53
15 25 58
16 26 64
17 27 56
17 28 10
18 29 16
19 30 44
20 31 50
21 32 46
22 33 60
23 34 73
24 35 71
25 36 77
26 37 14
27 38 60
28 39 7
29 40 6
30 41 56
31 42 78
32 43 38
33 44 58
34 45 35
35 46 71
36 47 64
37 48 52
38 49 41
39 50 31
40 51 34
41 52 44
42 53 15
43 54 18
44 55 37
45 56 10
46 57 36
46 58 13
47 59 20
48 59 69
49 60 57
50 60 42
51 61 21
52 62 63
53 62 13
54 62 27
55 62 15
56 63 34
57 63 55
58 63 41
59 64 14
60 65 37
61 66 1
62 67 52
62 68 4
63 69 34
64 70 3
64 71 9
64 72 56
65 73 19
66 74 51
66 75 24
66 76 49
66 77 38
67 78 10
68 79 68
68 80 46
69 81 62
69 82 57
70 83 49
71 83 9
72 84 40
73 85 69
74 85 74
75 86 37
76 86 64
77 87 6
78 87 48
79 88 75
80 89 74
81 90 21
82 91 57
83 92 42
84 93 15
85 93 4
86 94 64
87 94 31
88 95 29
89 96 79
90 97 57
91 98 73
92 99 24
93 100 35
94 101 30
95 102 7
95 103 55
96 104 75
97 105 43
97 106 47
98 107 77
98 108 69
99 109 50
100 109 52
101 109 35
102 110 12
103 110 10
104 111 57
105 111 62
106 111 7
107 112 44
108 113 70
109 114 71
109 115 51
109 116 43
110 117 3
110 118 39
110 119 2
111 120 27
112 121 35
113 122 26
113 123 36
113 124 23
114 125 6
115 126 49
116 127 76
117 128 54
118 129 39
119 130 10
119 131 20
120 132 56
121 133 3
122 134 65
123 135 60
124 136 39
125 137 74
125 138 60
126 139 64
126 140 18
126 141 49
127 142 23
128 143 4
128 144 79
128 145 3
129 146 58
129 147 10
129 148 57
129 149 53
130 150 41
130 151 33
131 152 75
131 153 62
131 154 40
132 155 69
132 156 23
133 157 14
133 158 9
134 159 3
135 160 2
135 161 49
135 162 5
136 163 48
136 164 49
136 165 5
137 166 40
138 166 9
139 166 28
140 166 69
141 166 72
142 167 2
143 167 4
144 167 63
145 167 27
146 168 16
147 168 28
148 168 19
149 168 17
150 169 26
151 169 59
152 169 48
153 169 12
154 170 62
155 170 40
156 171 76
157 172 25
158 172 35
159 172 66
160 173 78
161 173 9
162 173 62
163 173 50
164 174 59
165 174 9
166 175 4
167 176 73
168 176 36
169 176 45
170 176 76
171 177 18
172 177 53
173 178 9
174 179 76
175 180 70
176 181 54
176 182 42
176 183 36
177 184 51
177 185 31
178 186 9
179 187 24
180 188 43
181 189 71
181 190 14
182 191 41
183 192 1
183 193 72
184 194 60
185 195 73
186 196 74
187 197 29
187 198 12
188 199 7
189 200 11
190 200 26
191 201 41
192 202 75
193 202 65
194 203 67
195 204 52
196 204 69
197 205 30
198 206 66
199 207 68
200 208 68
200 209 79
200 210 49
201 211 79
201 212 50
201 213 39
202 214 79
203 215 16
203 216 10
204 217 9
204 218 4
204 219 53
205 220 1
205 221 74
206 222 1
206 223 75
207 224 78
208 224 77
209 224 78
210 225 66
211 225 12
212 225 30
213 225 22
214 225 39
215 225 12
216 225 68
217 226 25
218 226 74
219 226 46
220 226 27
221 226 50
222 226 60
223 226 51
224 227 26
224 228 19
225 229 52
225 230 9
226 231 40
226 232 13
226 233 45
227 234 34
227 235 72
228 236 4
229 237 24
229 238 70
229 239 19
230 240 5
230 241 62
231 242 70
232 243 41
232 244 78
233 245 26
234 246 51
235 247 44
236 247 73
237 248 37
238 249 52
239 250 45
240 251 71
241 252 8
242 252 23
243 253 66
244 254 68
245 255 59
246 256 35
247 256 14
248 257 36
249 257 16
250 258 26
251 258 51
252 259 24
253 260 27
254 260 52
255 261 67
256 262 2
256 263 8
256 264 60
257 265 27
258 266 3
258 267 6
258 268 2
259 269 11
259 270 78
260 271 61
261 272 74
262 273 78
263 274 25
264 275 65
265 276 71
266 276 41
267 277 38
268 278 30
269 279 8
270 280 30
271 281 30
272 282 1
273 283 65
274 284 12
275 284 3
276 285 59
277 285 73
278 286 8
279 287 16
280 288 77
281 288 8
282 289 43
283 290 31
284 291 26
284 292 39
285 293 55
285 294 52
286 295 69
286 296 39
287 297 47
288 298 28
289 299 15
290 300 50
291 300 14
292 300 16
293 300 7
294 300 60
295 300 41
296 300 32
297 300 46
298 300 46
299 300 13
