1 2 50
1 3 25
1 4 12
1 5 2
2 6 25
2 7 7
3 8 19
3 9 59
4 10 14
5 11 51
6 12 13
6 13 52
7 14 13
7 15 51
8 16 10
8 17 37
8 18 21
9 19 56
10 20 36
11 21 13
11 22 59
11 23 32
12 24 25
13 25 37
14 25 26
15 26 17
16 27 3
17 28 36
18 29 22
19 30 58
20 31 19
21 32 37
22 33 5
23 33 52
24 34 1
25 35 8
26 36 19
27 37 7
28 38 2
29 39 37
30 40 17
30 41 32
31 42 41
32 43 12
33 44 39
34 45 10
35 45 18
36 46 54
37 47 34
38 48 52
39 49 39
40 50 54
41 51 5
42 51 48
43 52 38
44 53 7
45 54 3
46 55 17
47 56 40
48 57 20
49 58 3
50 59 59
51 60 36
51 61 13
52 62 30
52 63 40
52 64 39
53 65 29
53 66 7
54 67 6
55 68 18
56 69 38
57 70 26
58 70 54
59 71 21
60 71 3
61 72 57
62 73 20
63 74 59
64 75 12
65 76 22
66 77 1
67 78 5
68 79 32
69 80 26
70 80 36
71 81 38
72 81 16
73 82 46
74 83 12
75 83 37
76 84 23
77 85 44
78 86 5
79 87 59
80 88 11
80 89 52
81 90 58
82 91 12
83 92 49
83 93 8
83 94 40
84 95 2
84 96 57
85 97 22
86 98 38
87 99 6
88 99 8
89 100 46
90 101 32
91 102 38
92 103 40
93 103 59
94 104 53
95 105 9
96 106 20
97 107 38
98 108 1
99 109 4
100 110 21
100 111 37
101 112 46
101 113 16
101 114 32
102 115 56
103 116 51
104 117 5
105 118 8
106 119 22
107 120 24
108 121 15
109 121 24
110 122 39
111 123 51
112 123 57
113 124 15
114 125 25
115 125 6
116 125 46
117 126 37
118 127 43
119 128 51
120 128 50
121 129 55
122 129 50
123 130 26
124 131 44
125 132 41
126 133 51
127 134 39
128 135 4
129 136 3
130 137 9
130 138 24
131 139 28
132 140 20
132 141 32
132 142 35
133 143 32
134 144 11
135 145 39
135 146 27
136 147 5
136 148 37
137 149 50
137 150 57
137 151 35
138 152 16
139 153 20
140 154 41
140 155 56
140 156 26
141 157 42
141 158 5
142 159 27
142 160 20
143 161 45
143 162 52
143 163 8
144 164 37
145 165 36
145 166 2
146 167 29
146 168 46
146 169 23
147 170 21
148 170 36
149 170 44
150 170 27
151 170 39
152 170 32
153 170 27
154 171 42
155 171 4
156 172 21
157 173 13
158 173 20
159 174 25
160 174 48
161 174 19
162 174 56
163 175 43
164 176 2
165 176 18
166 176 14
167 177 16
168 177 50
169 177 5
170 178 9
171 179 16
172 180 21
173 181 33
173 182 34
174 183 56
175 184 39
175 185 58
176 186 51
177 187 25
178 188 44
179 188 15
180 188 1
181 189 41
182 190 13
183 190 57
184 191 1
185 191 56
186 191 15
187 192 33
188 193 41
189 194 15
189 195 18
189 196 9
189 197 10
190 198 34
190 199 35
191 200 29
191 201 40
191 202 45
191 203 59
191 204 19
192 205 4
192 206 42
193 207 11
194 207 14
195 208 43
196 209 28
197 209 28
198 210 27
199 211 21
200 211 49
201 212 18
202 213 5
203 214 40
204 215 30
205 215 44
206 216 47
207 217 5
208 218 23
209 219 31
210 220 7
211 221 52
212 222 10
213 223 14
214 224 42
215 225 54
215 226 39
216 227 52
217 228 54
218 229 12
218 230 33
219 231 12
220 232 26
221 233 4
222 234 5
223 235 22
224 236 48
225 237 45
226 238 13
227 239 48
228 240 55
229 241 30
230 241 47
231 241 8
232 241 28
233 242 8
234 242 12
235 243 56
236 243 53
237 243 39
238 244 34
239 244 16
240 245 10
241 246 47
242 247 3
243 248 54
244 249 12
245 250 57
246 251 21
247 252 50
248 253 59
248 254 50
249 255 31
250 256 49
250 257 20
251 258 31
252 259 11
252 260 10
252 261 10
253 262 21
254 263 16
255 264 50
256 265 38
257 266 52
258 266 41
259 267 12
260 268 38
261 269 52
262 270 16
263 271 27
264 272 22
265 273 3
265 274 13
266 275 32
266 276 56
267 277 35
267 278 41
268 279 37
269 280 56
270 281 45
271 282 11
272 283 30
273 284 9
273 285 19
274 286 57
275 287 50
275 288 16
276 289 32
277 290 55
278 291 54
278 292 16
278 293 28
279 294 23
279 295 51
280 296 27
281 297 49
282 298 10
283 299 6
284 300 39
285 300 3
286 300 38
287 300 12
288 300 7
289 300 39
290 300 5
291 300 30
292 300 25
293 300 46
294 300 38
295 300 38
296 300 39
297 300 13
298 300 34
299 300 8
