1 2 32
1 3 58
2 4 14
2 5 13
2 6 19
3 7 49
3 8 37
3 9 4
4 10 24
4 11 46
4 12 4
5 13 50
5 14 15
5 15 38
6 16 24
7 17 5
7 18 63
8 19 52
8 20 20
8 21 61
9 22 8
10 23 31
11 24 15
12 25 40
13 26 2
14 27 43
15 28 27
16 28 37
17 29 34
18 29 57
19 30 16
20 31 29
21 32 49
22 33 61
23 34 21
24 35 6
25 35 40
26 36 62
27 37 28
28 38 59
29 39 43
30 39 63
31 40 59
32 41 58
33 41 58
34 42 54
35 43 57
35 44 56
36 45 12
36 46 38
37 47 61
38 48 67
38 49 56
39 50 51
40 51 22
40 52 24
41 53 51
41 54 62
42 55 4
43 55 17
44 56 16
45 57 53
46 58 32
47 59 48
48 60 29
49 61 12
50 62 33
51 63 20
52 64 43
53 65 32
54 66 11
55 67 33
56 67 47
57 68 58
58 69 17
59 70 49
60 70 57
61 70 10
62 70 63
63 70 45
64 71 52
65 71 67
66 72 68
67 73 52
68 74 55
69 75 44
70 76 64
71 77 10
71 78 62
72 79 26
72 80 3
73 81 7
73 82 63
74 83 67
74 84 35
75 85 33
75 86 38
75 87 59
76 88 28
76 89 54
77 90 49
77 91 14
78 92 23
78 93 3
78 94 15
79 95 54
79 96 6
80 97 11
80 98 2
80 99 25
81 100 20
82 100 63
83 100 63
84 101 67
85 101 1
86 101 65
87 101 28
88 101 13
89 101 15
90 102 64
91 102 51
92 102 37
93 102 36
94 102 22
95 103 10
96 103 65
97 103 11
98 104 69
99 104 9
100 105 46
100 106 9
101 107 21
101 108 17
102 109 59
103 110 40
103 111 4
104 112 46
104 113 51
105 114 38
106 114 36
107 115 8
108 116 1
109 117 9
110 118 62
111 119 30
112 120 32
113 121 48
114 122 8
114 123 7
115 124 1
115 125 28
116 126 49
117 127 37
118 128 17
118 129 62
118 130 8
119 131 49
119 132 28
120 133 7
120 134 2
121 135 11
121 136 27
122 137 6
123 138 64
124 139 8
125 140 25
126 141 39
127 142 13
128 143 27
129 144 30
130 145 55
131 145 9
132 146 65
133 147 5
134 148 10
135 149 36
136 150 8
137 151 45
138 152 26
139 152 1
140 152 41
141 153 47
142 153 24
143 154 7
144 154 51
145 154 19
146 155 21
147 155 30
148 156 6
149 157 39
150 157 16
151 158 56
152 159 47
153 160 36
154 161 21
155 162 59
155 163 63
155 164 50
156 165 15
157 166 43
158 167 50
158 168 43
159 169 51
160 170 27
160 171 4
161 172 64
162 173 20
163 174 69
164 175 52
165 176 13
166 177 61
167 178 41
168 179 11
169 180 67
170 181 40
171 181 55
172 182 27
173 183 67
174 184 40
175 185 19
176 186 40
177 187 46
178 188 17
179 189 1
180 189 52
181 190 33
182 190 49
183 190 4
184 190 48
185 191 19
186 192 22
187 192 68
188 193 37
188 194 36
189 195 66
190 196 20
191 197 60
192 198 45
192 199 15
193 200 20
194 200 23
195 200 12
196 200 14
197 200 39
198 200 23
199 200 29
