1 2 1
1 3 1
1 4 1
1 5 1
1 6 1
2 7 1
2 8 1
2 9 1
3 10 1
3 11 1
3 12 1
4 13 1
4 14 1
5 15 1
5 16 1
5 17 1
5 18 1
6 19 1
6 20 1
6 21 1
6 22 1
6 23 1
7 24 1
8 25 1
9 26 1
10 27 1
11 28 1
12 29 1
13 29 1
14 30 1
15 30 1
16 31 1
17 32 1
18 33 1
19 34 1
20 35 1
21 36 1
22 37 1
23 38 1
24 39 1
25 40 1
26 41 1
27 42 1
28 43 1
29 44 1
30 45 1
31 46 1
32 47 1
33 48 1
34 49 1
35 50 1
35 51 1
36 52 1
36 53 1
37 54 1
38 55 1
39 56 1
40 57 1
41 58 1
42 59 1
43 60 1
44 61 1
45 62 1
46 63 1
47 63 1
48 64 1
49 65 1
50 66 1
51 67 1
52 68 1
53 69 1
54 70 1
55 71 1
56 72 1
57 73 1
58 73 1
59 74 1
60 75 1
61 76 1
62 77 1
63 78 1
64 79 1
65 80 1
66 81 1
67 82 1
68 83 1
69 83 1
70 84 1
71 85 1
72 86 1
73 87 1
74 88 1
74 89 1
75 90 1
76 91 1
77 92 1
77 93 1
78 94 1
79 95 1
80 96 1
81 97 1
82 98 1
83 99 1
84 100 1
85 101 1
85 102 1
86 103 1
87 104 1
88 105 1
89 106 1
90 107 1
91 108 1
92 109 1
93 110 1
94 111 1
95 112 1
96 113 1
97 114 1
98 115 1
99 116 1
100 117 1
101 118 1
102 119 1
103 120 1
104 121 1
105 122 1
106 123 1
107 124 1
108 125 1
109 126 1
110 127 1
111 128 1
112 129 1
113 130 1
114 131 1
115 132 1
116 133 1
117 134 1
118 135 1
119 136 1
120 137 1
121 137 1
122 138 1
123 139 1
124 140 1
125 141 1
126 142 1
127 143 1
128 144 1
129 145 1
130 146 1
131 147 1
132 148 1
133 149 1
134 150 1
135 151 1
136 152 1
137 153 1
138 154 1
139 155 1
140 156 1
141 157 1
142 158 1
143 159 1
144 160 1
145 160 1
146 161 1
147 162 1
148 163 1
149 164 1
150 165 1
151 166 1
152 167 1
153 168 1
154 169 1
155 170 1
156 171 1
157 172 1
157 173 1
158 174 1
159 175 1
160 176 1
161 177 1
161 178 1
162 179 1
163 180 1
164 181 1
165 182 1
166 183 1
167 184 1
168 185 1
169 186 1
170 187 1
171 188 1
172 189 1
173 190 1
174 191 1
175 192 1
176 193 1
177 194 1
178 195 1
179 196 1
180 197 1
181 198 1
182 199 1
183 200 1
184 201 1
185 202 1
186 202 1
187 203 1
188 204 1
189 205 1
190 206 1
191 207 1
192 208 1
193 209 1
194 209 1
195 210 1
196 211 1
197 212 1
198 213 1
199 213 1
200 214 1
201 215 1
202 216 1
203 217 1
203 218 1
203 219 1
204 220 1
205 221 1
206 222 1
207 223 1
208 224 1
209 225 1
210 226 1
211 227 1
212 228 1
212 229 1
213 230 1
214 231 1
215 232 1
216 233 1
217 234 1
218 235 1
219 236 1
220 237 1
221 238 1
222 239 1
223 240 1
224 241 1
225 242 1
226 243 1
227 244 1
228 245 1
229 246 1
230 247 1
231 248 1
232 249 1
233 250 1
234 251 1
235 252 1
236 253 1
237 254 1
238 255 1
239 256 1
240 257 1
241 258 1
242 258 1
243 259 1
244 260 1
245 261 1
246 262 1
247 263 1
248 264 1
249 265 1
250 266 1
251 267 1
252 268 1
253 269 1
254 269 1
255 270 1
256 271 1
257 272 1
258 273 1
259 274 1
260 275 1
261 276 1
262 277 1
263 277 1
264 278 1
265 279 1
266 280 1
267 281 1
268 282 1
269 283 1
270 284 1
271 285 1
272 286 1
273 287 1
274 288 1
275 289 1
276 290 1
277 291 1
278 292 1
279 293 1
280 294 1
281 295 1
282 296 1
283 297 1
284 298 1
285 299 1
286 300 1
287 301 1
288 302 1
289 303 1
290 304 1
291 305 1
292 306 1
293 307 1
294 308 1
295 309 1
296 310 1
297 311 1
298 312 1
299 313 1
300 314 1
301 315 1
302 316 1
303 317 1
304 318 1
305 319 1
306 320 1
307 321 1
308 322 1
309 323 1
310 324 1
311 325 1
311 326 1
312 327 1
313 328 1
314 329 1
315 330 1
316 331 1
316 332 1
317 333 1
318 334 1
319 335 1
319 336 1
320 337 1
321 338 1
322 339 1
323 339 1
324 340 1
325 341 1
326 342 1
327 343 1
328 344 1
329 345 1
330 346 1
331 347 1
332 348 1
333 348 1
334 349 1
335 350 1
336 351 1
337 352 1
338 353 1
339 354 1
340 355 1
341 356 1
342 357 1
343 358 1
343 359 1
344 360 1
345 361 1
345 362 1
346 363 1
347 364 1
348 365 1
349 366 1
350 367 1
351 368 1
352 369 1
353 370 1
354 371 1
355 372 1
356 373 1
357 374 1
358 375 1
359 375 1
360 376 1
361 377 1
362 377 1
363 378 1
364 379 1
365 380 1
366 380 1
367 381 1
368 382 1
369 382 1
370 383 1
371 384 1
372 385 1
373 386 1
374 387 1
375 388 1
376 389 1
377 390 1
378 391 1
379 392 1
380 393 1
381 394 1
382 395 1
383 396 1
384 397 1
385 398 1
386 399 1
387 400 1
388 401 1
389 402 1
390 403 1
391 404 1
391 405 1
392 406 1
393 407 1
394 408 1
394 409 1
395 410 1
396 411 1
396 412 1
397 413 1
398 414 1
399 415 1
400 416 1
401 417 1
402 418 1
403 419 1
404 420 1
405 421 1
405 422 1
406 423 1
407 424 1
408 425 1
409 426 1
410 427 1
411 428 1
412 429 1
413 430 1
414 431 1
415 432 1
416 433 1
417 434 1
418 435 1
419 436 1
420 437 1
421 438 1
422 439 1
423 440 1
424 441 1
425 442 1
426 443 1
427 444 1
428 445 1
429 446 1
430 447 1
431 448 1
432 449 1
433 450 1
434 451 1
435 452 1
436 453 1
437 454 1
438 455 1
439 455 1
440 456 1
441 457 1
442 457 1
443 458 1
444 459 1
445 460 1
446 461 1
447 462 1
448 463 1
449 464 1
450 465 1
451 466 1
452 467 1
453 468 1
454 469 1
455 470 1
456 471 1
457 472 1
458 473 1
459 474 1
460 475 1
461 476 1
461 477 1
462 478 1
463 479 1
463 480 1
464 481 1
465 482 1
466 483 1
467 484 1
468 485 1
469 486 1
470 487 1
471 488 1
472 489 1
473 490 1
474 491 1
475 492 1
476 493 1
477 494 1
478 495 1
479 495 1
480 496 1
481 497 1
482 498 1
483 499 1
484 500 1
485 500 1
486 501 1
487 501 1
488 502 1
489 502 1
490 503 1
491 504 1
492 505 1
493 506 1
494 507 1
495 508 1
496 509 1
497 510 1
498 511 1
499 512 1
500 513 1
501 514 1
502 515 1
503 516 1
504 517 1
505 518 1
506 519 1
507 520 1
508 521 1
509 522 1
510 523 1
511 524 1
512 525 1
513 526 1
514 527 1
515 528 1
516 529 1
517 530 1
518 531 1
519 532 1
520 533 1
521 534 1
521 535 1
522 536 1
523 537 1
523 538 1
524 539 1
525 540 1
526 541 1
527 542 1
528 543 1
529 544 1
530 545 1
531 546 1
531 547 1
532 548 1
532 549 1
533 550 1
534 551 1
535 552 1
536 553 1
537 554 1
538 555 1
539 556 1
540 557 1
541 558 1
542 559 1
543 559 1
544 560 1
545 560 1
546 561 1
547 561 1
548 562 1
549 562 1
550 563 1
551 564 1
552 565 1
553 566 1
554 567 1
555 568 1
556 569 1
556 570 1
557 571 1
557 572 1
558 573 1
559 574 1
559 575 1
560 576 1
561 577 1
562 578 1
563 579 1
564 580 1
565 580 1
566 581 1
567 582 1
568 583 1
569 584 1
570 585 1
571 586 1
572 587 1
573 588 1
574 588 1
575 589 1
576 589 1
577 590 1
578 591 1
579 592 1
580 593 1
581 594 1
582 595 1
583 596 1
584 597 1
585 598 1
586 599 1
587 600 1
587 601 1
588 602 1
588 603 1
589 604 1
590 605 1
590 606 1
591 607 1
592 608 1
592 609 1
593 610 1
594 611 1
595 612 1
596 613 1
597 614 1
598 615 1
599 616 1
600 617 1
601 618 1
602 619 1
603 620 1
604 621 1
605 622 1
606 623 1
607 624 1
608 625 1
609 626 1
610 627 1
611 627 1
612 628 1
613 629 1
614 630 1
615 631 1
616 632 1
617 633 1
618 634 1
619 635 1
620 636 1
621 636 1
622 637 1
623 638 1
624 639 1
625 640 1
626 641 1
627 642 1
628 643 1
629 644 1
630 645 1
631 646 1
632 647 1
633 648 1
634 649 1
635 650 1
636 651 1
637 652 1
638 653 1
639 654 1
640 655 1
641 656 1
641 657 1
642 658 1
643 659 1
644 660 1
645 661 1
646 662 1
647 663 1
648 664 1
649 664 1
650 665 1
651 665 1
652 666 1
653 667 1
654 668 1
655 669 1
656 670 1
657 671 1
658 672 1
659 673 1
660 673 1
661 674 1
662 675 1
663 676 1
664 677 1
665 678 1
666 679 1
667 680 1
668 681 1
669 682 1
670 683 1
671 684 1
672 685 1
673 686 1
674 687 1
675 688 1
676 689 1
676 690 1
677 691 1
678 692 1
679 693 1
680 694 1
681 695 1
682 696 1
683 697 1
684 698 1
684 699 1
685 700 1
686 700 1
687 700 1
688 700 1
689 700 1
690 700 1
691 700 1
692 700 1
693 700 1
694 700 1
695 700 1
696 700 1
697 700 1
698 700 1
699 700 1
