9 13 11 10 9 12 9 9
14 10 9 9 14 12 10 12
4 4 5 4 3 4 5 5
19 19 14 15 19 17 18 16
13 8 11 13 12 11 8 12
17 19 13 13 19 17 12 18
3 3 3 2 3 3 2 2
6 9 8 8 9 8 8 8
19 16 18 19 13 19 16 12
11 8 7 8 11 8 9 11
12 18 16 15 13 17 15 12
10 12 11 10 9 12 7 7
15 10 10 14 14 11 13 15
4 4 3 5 5 3 5 3
23 14 17 22 14 18 15 18
8 8 9 10 8 8 10 7
14 14 20 22 17 16 17 21
10 11 14 10 10 15 14 14
18 12 13 17 11 14 15 13
3 5 4 4 3 3 3 3
2 1 1 1 2 1 1 2
7 7 8 6 6 5 8 5
3 3 3 4 4 4 4 3
5 8 5 8 6 7 6 5
17 16 18 16 16 19 21 16
7 8 10 8 10 9 9 8
11 12 12 10 8 8 8 9
6 7 6 4 4 5 7 7
14 14 11 16 13 10 16 10
14 16 20 18 15 16 12 12
3 4 3 3 4 4 3 4
3 3 3 4 4 4 3 4
9 7 6 7 6 8 9 7
10 10 10 10 9 10 14 9
4 3 3 4 5 3 3 5
16 14 13 15 13 11 16 17
15 11 12 17 11 10 10 14
6 5 6 6 5 6 6 5
15 18 14 17 12 12 17 20
11 10 15 11 10 12 16 12
13 12 11 10 11 10 14 14
3 4 4 3 3 3 3 4
3 2 2 3 2 2 2 2
18 14 20 19 21 13 19 20
8 12 8 11 12 12 11 9
7 7 6 7 5 4 5 4
18 12 11 17 17 13 12 15
12 13 12 15 13 17 16 18
3 2 3 2 2 2 2 2
7 8 11 7 9 10 8 11
6 6 5 8 5 6 8 7
14 9 10 13 9 12 13 12
7 12 9 10 12 8 7 12
7 7 8 7 5 7 5 8
6 6 8 6 8 7 9 7
6 7 5 6 7 4 6 4
5 5 4 4 5 3 3 3
8 7 12 10 7 10 12 11
7 4 4 5 6 4 6 4
3 4 4 3 4 3 4 4
1 1 1 1 1 1 1 1
11 10 14 11 16 14 17 15
10 13 11 9 10 12 13 14
2 2 2 3 3 2 2 3
13 16 18 17 18 17 11 18
3 4 4 3 4 3 4 3
15 22 14 18 20 15 18 22
14 14 18 18 19 15 15 18
8 7 12 8 12 9 12 11
13 13 12 13 18 16 15 18
5 6 8 6 8 7 8 7
3 3 2 2 3 2 3 3
10 7 7 12 10 10 9 8
2 2 2 3 2 2 2 3
15 10 12 12 11 15 13 12
15 10 9 14 15 10 10 14
12 9 8 11 10 8 10 9
17 21 13 19 19 21 17 20
3 3 3 3 3 2 3 3
20 15 12 16 19 15 20 18
17 23 18 19 16 17 15 17
5 4 6 4 6 6 7 6
8 13 10 11 12 9 8 8
16 14 16 18 18 17 13 17
15 16 14 16 14 16 13 15
17 12 17 19 13 19 16 14
9 11 13 13 12 14 12 10
3 2 3 3 3 3 2 3
16 20 13 14 13 18 12 16
10 8 8 12 8 11 13 10
11 11 14 14 11 14 10 9
20 17 20 18 20 16 18 15
11 14 12 13 12 13 14 9
3 4 5 3 3 4 5 3
3 4 3 4 3 3 3 3
1 1 2 2 1 2 2 2
12 12 14 10 10 13 13 12
3 5 4 5 5 4 3 3
20 15 17 13 17 17 14 16
13 18 16 18 12 15 18 12
6 5 6 6 7 5 6 5
19 14 13 15 13 16 13 16
3 3 3 3 3 2 3 2
10 16 14 15 16 14 10 15
7 7 9 8 8 9 9 8
1 1 1 1 2 2 2 1
6 6 4 7 7 4 7 7
13 12 10 13 12 13 9 9
15 22 17 13 15 20 19 18
7 9 9 7 9 8 6 8
14 20 23 14 14 23 18 21
12 8 7 10 7 12 7 8
16 15 13 19 20 13 17 14
11 7 7 11 12 8 12 10
18 20 17 18 15 15 17 17
9 11 14 12 12 12 13 15
13 14 12 13 10 12 14 10
2 2 2 3 2 2 3 3
19 14 16 16 22 15 13 17
13 12 13 17 18 17 17 15
3 3 3 4 3 4 3 3
3 3 3 2 3 3 3 3
3 2 3 3 2 2 3 2
21 22 20 15 21 21 19 20
19 19 18 19 14 18 17 17
12 11 7 12 12 7 12 12
6 7 5 5 8 5 6 6
8 7 11 8 9 8 9 11
5 6 8 8 5 6 6 5
8 9 6 7 8 6 6 9
13 14 10 11 12 15 10 9
15 11 13 15 10 16 10 14
1 1 2 1 1 1 2 1
13 11 13 13 12 15 11 14
10 8 8 13 9 11 11 11
12 9 12 11 10 13 14 11
8 7 7 6 8 7 9 9
13 12 15 12 10 10 12 13
14 13 17 15 17 17 19 12
2 2 2 2 3 3 3 3
3 4 4 3 4 4 3 4
3 3 3 3 3 3 3 3
13 13 11 14 12 12 10 9
1 2 1 2 1 1 2 1
14 19 19 19 21 19 18 16
3 2 2 3 2 3 2 2
13 13 9 9 12 9 14 10
19 13 14 19 14 18 14 12
9 10 11 11 12 13 13 10
5 4 5 4 4 4 3 5
15 17 22 18 18 15 14 19
7 9 8 8 7 7 6 9
9 13 13 11 13 12 10 13
17 21 19 21 21 15 17 17
9 8 7 8 8 9 9 9
4 4 4 3 4 3 4 3
5 5 7 6 7 5 6 5
15 13 14 15 14 12 16 13
3 2 2 2 3 2 2 3
3 3 2 2 2 2 2 3
4 4 4 4 3 4 3 3
7 10 9 8 9 6 8 10
7 9 8 9 9 8 9 8
8 12 11 7 11 8 7 7
3 4 4 4 5 5 5 3
8 6 6 7 9 9 9 8
4 5 4 4 4 5 6 4
5 6 7 8 6 6 7 8
14 23 18 22 19 20 22 17
2 2 2 2 3 3 2 3
9 8 7 6 6 8 8 6
19 12 12 15 19 19 16 16
8 7 7 9 8 7 7 7
13 14 11 12 13 11 9 12
4 4 3 3 3 5 3 4
14 17 22 20 16 15 16 18
1 2 1 1 2 1 1 2
7 9 7 7 6 7 8 7
12 16 16 12 11 18 12 12
7 6 6 6 4 5 4 4
9 8 8 7 7 6 7 9
18 17 12 15 16 13 17 13
7 9 7 6 6 7 8 7
6 6 7 6 6 6 8 5
5 5 3 5 5 3 4 5
19 12 17 12 18 17 18 19
2 1 2 2 1 2 2 1
3 3 4 4 3 3 4 4
3 3 3 3 4 4 3 3
12 13 10 8 9 13 11 9
8 7 8 8 10 8 10 9
19 22 19 19 19 20 20 14
14 9 11 14 11 14 11 14
7 4 7 4 4 7 7 6
12 10 14 10 13 11 9 12
6 9 7 8 7 6 8 8
4 5 4 3 5 5 5 5
17 15 15 19 15 12 14 19
18 17 14 15 12 13 16 18
13 14 16 13 17 10 14 16
6 5 8 7 7 6 5 8
12 11 11 11 8 13 12 10
9 7 7 10 12 11 12 10
7 7 7 5 6 7 6 6
2 3 3 3 2 2 3 3
3 4 4 4 3 3 3 4
14 15 12 14 14 11 18 13
1 1 2 2 1 1 1 2
1 2 2 1 2 2 2 1
15 21 19 22 22 19 16 17
16 19 14 23 17 16 15 22
8 10 9 8 10 8 7 8
3 3 3 2 2 2 2 3
11 10 9 13 11 8 13 12
13 14 11 13 15 15 12 10
2 2 3 3 3 3 3 3
3 3 4 4 3 4 4 3
9 13 10 8 9 11 13 13
9 10 9 12 10 9 9 13
10 12 13 10 12 12 12 14
14 12 13 10 14 11 12 12
5 3 5 3 4 3 3 3
18 20 14 16 17 18 15 15
19 15 17 15 19 12 12 14
19 20 12 19 17 19 18 14
14 14 13 18 15 12 13 12
20 19 13 12 16 14 18 20
10 11 9 9 12 12 11 10
4 5 5 3 3 5 3 3
19 18 12 16 15 18 13 13
2 2 3 3 3 2 2 3
10 7 8 7 7 10 7 8
13 9 10 8 13 10 8 13
4 4 3 3 3 4 4 4
7 5 7 4 4 6 4 7
6 9 9 10 10 9 9 6
6 9 9 9 8 9 9 6
3 4 3 4 3 3 3 4
13 12 14 10 14 11 14 14
8 9 10 7 10 8 7 6
11 10 11 14 12 9 14 10
18 15 16 14 14 11 13 14
4 5 5 4 4 3 5 4
3 3 4 4 3 3 3 3
11 12 11 10 16 15 17 14
17 17 18 13 12 13 15 12
18 16 16 12 13 16 14 14
14 13 12 10 15 12 12 10
9 14 12 9 11 15 10 13
9 15 11 15 12 15 15 11
11 13 14 9 11 10 10 14
8 8 11 10 9 8 11 9
3 4 3 5 5 5 3 4
6 7 7 7 4 6 7 4
8 8 7 8 6 7 8 9
2 2 3 3 2 3 3 3
9 9 6 9 9 9 7 7
4 3 5 4 3 4 5 4
10 6 10 7 7 10 10 10
9 11 13 14 10 13 12 10
16 18 17 17 16 17 18 17
14 13 14 15 13 19 15 20
6 7 7 7 6 7 7 5
14 14 13 14 11 10 10 11
3 3 3 4 3 3 3 3
10 15 14 10 12 13 10 15
13 13 16 20 12 12 16 13
3 5 4 3 4 5 3 3
10 7 9 10 9 10 9 9
12 18 12 13 13 17 15 16
10 16 15 13 14 14 14 17
15 12 15 12 14 13 11 13
5 7 5 5 6 8 8 8
16 17 12 15 12 18 18 16
16 13 18 17 16 14 13 13
6 5 8 6 6 7 8 6
5 3 5 5 3 5 4 3
2 2 1 1 2 1 1 2
23 17 14 20 17 23 14 19
12 12 13 15 17 17 14 17
15 20 17 17 18 21 17 19
2 2 3 2 3 3 3 3
17 13 14 15 13 15 13 18
11 8 7 12 11 11 7 8
8 10 8 7 7 9 9 7
2 2 2 3 3 3 3 2
12 16 16 19 18 13 15 15
7 5 6 5 7 5 5 6
3 2 3 3 2 3 2 3
11 11 9 13 8 8 9 13
13 15 16 15 12 16 13 14
6 10 10 10 10 8 9 7
15 10 14 10 10 12 10 14
14 22 16 16 21 19 17 13
7 5 7 4 5 4 4 5
13 9 8 12 10 10 13 13
3 4 4 5 5 3 5 4
3 3 3 2 3 2 3 2
9 8 8 8 7 7 7 8
4 4 6 6 7 7 6 6
12 14 12 15 15 10 11 13
14 11 12 12 14 12 9 9
5 3 4 3 5 3 3 4
20 21 14 22 14 22 14 22
2 3 3 3 2 3 2 3
14 21 23 23 15 14 18 15
10 7 9 8 11 10 8 9
13 16 11 15 13 14 14 13
15 11 14 17 17 13 16 12
1 2 2 1 2 1 1 2
4 3 5 5 5 5 5 4
20 22 21 17 17 21 21 22
8 7 8 6 9 7 9 7
18 11 11 17 11 15 16 15
1 2 2 1 2 2 1 2
3 3 5 3 4 4 3 3
14 13 14 12 12 9 12 14
10 14 10 13 14 9 14 9
6 8 7 7 6 8 8 6
9 7 6 6 6 7 9 8
3 2 2 3 3 3 3 2
18 16 19 14 15 19 18 13
20 19 14 16 19 18 21 18
1 1 1 1 1 1 2 2
9 11 13 12 11 10 14 10
8 8 7 10 7 9 12 7
9 6 8 6 9 7 10 10
19 17 16 13 17 14 12 17
18 13 15 20 13 12 14 15
7 7 7 5 5 5 6 4
6 7 5 4 5 6 7 7
3 4 4 4 3 4 4 3
13 9 10 13 11 10 14 9
14 15 16 16 12 16 14 11
10 10 12 12 9 13 9 11
15 21 18 18 23 21 18 19
13 11 12 10 10 13 13 11
10 10 14 17 15 11 16 17
14 13 11 13 18 18 16 11
6 8 6 8 10 8 8 10
3 2 2 2 2 3 2 2
15 10 10 10 12 13 10 17
17 12 15 17 17 16 20 19
20 17 17 14 22 21 22 14
13 11 17 10 14 13 16 14
1 2 2 2 2 2 1 2
9 11 12 12 9 11 10 13
5 5 5 5 5 3 5 3
8 6 5 8 8 8 6 8
9 12 12 12 10 12 12 9
14 18 17 17 18 12 19 13
12 11 13 18 16 15 16 17
5 5 4 5 4 5 4 6
16 17 16 15 15 14 17 11
3 2 2 2 2 3 2 3
15 13 12 12 16 11 18 12
6 5 4 7 4 4 6 4
20 16 22 16 18 20 14 17
9 9 9 6 9 7 8 9
9 11 12 9 12 9 12 9
12 14 14 12 12 14 17 12
11 11 9 11 10 8 9 12
8 8 13 9 9 13 12 10
6 7 6 5 7 8 8 7
12 7 7 10 8 7 12 10
2 1 2 2 1 1 2 1
2 2 3 2 2 2 3 2
2 1 1 1 1 1 2 1
3 3 3 3 3 4 4 3
9 9 10 11 10 10 10 12
21 16 19 16 22 18 21 15
1 1 1 2 2 2 2 2
7 7 7 5 8 6 6 8
5 6 7 8 7 8 7 8
14 16 21 16 15 18 20 17
19 16 13 12 14 19 12 19
21 15 20 21 15 20 21 18
9 10 13 14 12 10 13 12
4 5 5 4 7 4 4 7
6 4 5 5 7 5 6 5
8 9 7 6 9 8 9 6
8 8 9 6 6 6 9 9
1 1 1 2 2 2 1 2
17 15 12 13 16 14 18 12
15 13 11 10 11 14 14 12
8 13 9 13 8 12 9 11
8 11 11 11 8 8 10 9
21 22 22 20 21 17 21 14
10 9 9 14 14 10 10 13
7 5 6 6 7 4 5 7
20 20 12 19 14 14 12 13
10 13 14 16 11 12 10 16
9 8 10 8 9 11 11 13
10 8 9 7 8 10 10 6
8 10 9 8 9 9 9 7
10 7 9 9 11 11 7 9
3 4 3 3 3 4 4 4
17 12 13 18 16 18 14 20
8 7 5 6 5 5 7 5
9 11 11 9 10 12 10 11
