1 2 1
1 3 1
1 4 1
1 5 1
2 6 1
2 7 1
2 8 1
3 9 1
3 10 1
3 11 1
3 12 1
4 13 1
4 14 1
4 15 1
4 16 1
4 17 1
5 18 1
5 19 1
6 20 1
7 21 1
8 22 1
9 23 1
10 24 1
11 25 1
12 26 1
13 27 1
14 28 1
15 29 1
16 29 1
17 30 1
18 31 1
19 32 1
20 33 1
21 33 1
22 33 1
23 34 1
24 34 1
25 35 1
26 36 1
27 36 1
28 37 1
29 38 1
30 39 1
31 40 1
32 40 1
33 41 1
34 42 1
35 43 1
36 44 1
36 45 1
37 46 1
37 47 1
38 48 1
38 49 1
39 50 1
40 51 1
41 52 1
42 53 1
43 53 1
44 53 1
45 54 1
46 54 1
47 55 1
48 56 1
49 57 1
50 57 1
51 57 1
52 58 1
52 59 1
52 60 1
53 61 1
54 62 1
54 63 1
55 64 1
55 65 1
55 66 1
56 67 1
56 68 1
57 69 1
58 70 1
59 71 1
60 72 1
61 73 1
62 74 1
63 75 1
64 76 1
65 77 1
66 78 1
67 79 1
68 80 1
69 81 1
70 82 1
71 83 1
71 84 1
72 85 1
72 86 1
73 87 1
74 88 1
75 89 1
75 90 1
76 91 1
77 92 1
78 93 1
79 94 1
80 95 1
81 96 1
82 97 1
83 98 1
84 99 1
85 99 1
86 100 1
87 100 1
88 101 1
89 101 1
90 101 1
91 102 1
92 102 1
93 103 1
94 103 1
95 104 1
96 105 1
97 106 1
98 107 1
98 108 1
98 109 1
99 110 1
100 111 1
101 112 1
102 113 1
103 114 1
103 115 1
104 116 1
104 117 1
105 118 1
106 119 1
107 119 1
108 119 1
109 120 1
110 120 1
111 121 1
112 121 1
113 122 1
114 123 1
115 124 1
116 124 1
117 125 1
118 125 1
119 126 1
120 127 1
120 128 1
121 129 1
122 130 1
122 131 1
122 132 1
123 133 1
123 134 1
124 135 1
125 136 1
125 137 1
126 138 1
127 139 1
128 140 1
129 141 1
130 142 1
131 143 1
132 144 1
133 145 1
134 146 1
135 147 1
136 148 1
137 149 1
138 150 1
139 151 1
140 152 1
140 153 1
141 154 1
142 155 1
143 156 1
144 157 1
145 158 1
146 159 1
147 160 1
148 161 1
149 162 1
150 163 1
151 164 1
152 165 1
153 165 1
154 166 1
155 167 1
156 167 1
157 168 1
158 168 1
159 169 1
160 169 1
161 170 1
162 170 1
163 171 1
164 172 1
165 173 1
166 174 1
167 175 1
167 176 1
168 177 1
168 178 1
169 179 1
170 180 1
171 181 1
172 182 1
173 183 1
174 184 1
175 185 1
176 186 1
177 187 1
178 188 1
179 189 1
180 190 1
180 191 1
181 192 1
181 193 1
181 194 1
182 195 1
183 196 1
184 197 1
184 198 1
185 199 1
186 200 1
187 201 1
187 202 1
188 203 1
189 204 1
189 205 1
189 206 1
190 207 1
191 208 1
192 209 1
193 210 1
194 211 1
195 212 1
196 213 1
197 214 1
198 214 1
199 215 1
200 216 1
201 217 1
202 218 1
203 218 1
204 219 1
205 220 1
206 221 1
207 221 1
208 221 1
209 222 1
210 223 1
211 224 1
212 224 1
213 225 1
214 225 1
215 225 1
216 226 1
217 227 1
218 227 1
219 228 1
220 229 1
221 229 1
222 230 1
223 231 1
224 232 1
225 233 1
226 234 1
227 235 1
227 236 1
227 237 1
228 238 1
228 239 1
229 240 1
229 241 1
230 242 1
231 243 1
232 243 1
233 243 1
234 244 1
235 244 1
236 245 1
237 245 1
238 245 1
239 246 1
240 247 1
241 247 1
242 248 1
243 249 1
244 250 1
244 251 1
244 252 1
244 253 1
245 254 1
245 255 1
245 256 1
245 257 1
246 258 1
246 259 1
246 260 1
246 261 1
247 262 1
247 263 1
247 264 1
248 265 1
249 265 1
250 266 1
251 266 1
252 267 1
253 268 1
254 269 1
255 269 1
256 270 1
257 270 1
258 271 1
259 272 1
260 272 1
261 273 1
262 273 1
263 273 1
264 273 1
265 274 1
266 274 1
267 275 1
268 275 1
269 275 1
270 276 1
271 277 1
272 278 1
273 279 1
274 280 1
275 281 1
275 282 1
276 283 1
277 284 1
278 285 1
278 286 1
278 287 1
278 288 1
278 289 1
279 290 1
280 291 1
281 292 1
282 293 1
282 294 1
283 295 1
283 296 1
284 297 1
285 298 1
286 299 1
287 300 1
288 301 1
289 302 1
290 303 1
291 304 1
292 305 1
293 305 1
294 306 1
295 306 1
296 306 1
297 307 1
298 308 1
299 308 1
300 309 1
301 310 1
302 311 1
303 311 1
304 312 1
305 313 1
306 314 1
307 315 1
308 316 1
309 317 1
309 318 1
309 319 1
310 320 1
311 321 1
312 322 1
313 323 1
314 324 1
315 325 1
316 326 1
317 327 1
318 327 1
319 328 1
320 329 1
321 330 1
322 331 1
323 332 1
323 333 1
324 334 1
325 335 1
326 336 1
327 337 1
328 338 1
329 339 1
330 340 1
331 341 1
332 342 1
332 343 1
332 344 1
333 345 1
333 346 1
334 347 1
335 348 1
336 349 1
337 350 1
338 351 1
339 352 1
340 353 1
341 354 1
342 355 1
343 356 1
344 356 1
345 357 1
346 357 1
347 358 1
348 358 1
349 359 1
350 360 1
351 361 1
352 362 1
353 362 1
354 363 1
354 364 1
355 365 1
356 366 1
356 367 1
357 368 1
357 369 1
358 370 1
359 371 1
360 372 1
360 373 1
361 374 1
362 375 1
362 376 1
363 377 1
364 377 1
365 378 1
366 378 1
367 378 1
368 379 1
369 380 1
370 381 1
371 382 1
372 382 1
373 382 1
374 383 1
375 383 1
376 383 1
377 384 1
377 385 1
378 386 1
378 387 1
379 388 1
379 389 1
379 390 1
380 391 1
380 392 1
380 393 1
381 394 1
381 395 1
381 396 1
382 397 1
383 398 1
383 399 1
384 400 1
385 400 1
386 400 1
387 400 1
388 400 1
389 400 1
390 400 1
391 400 1
392 400 1
393 400 1
394 400 1
395 400 1
396 400 1
397 400 1
398 400 1
399 400 1
