1 2 108
1 3 35
1 4 102
1 5 127
1 6 77
2 7 103
2 8 107
2 9 70
2 10 61
2 11 28
3 12 68
3 13 128
3 14 84
4 15 74
4 16 77
4 17 71
4 18 6
4 19 101
5 20 42
5 21 72
6 22 13
6 23 34
6 24 102
6 25 27
6 26 33
7 27 52
8 27 49
9 28 76
10 28 25
11 29 30
12 30 136
13 31 124
14 32 63
15 33 46
16 34 129
17 35 99
18 36 113
19 37 40
20 38 100
21 39 75
22 40 78
23 41 36
24 41 9
25 42 95
26 43 61
27 44 59
28 45 93
29 46 10
30 47 17
31 48 21
32 49 62
33 50 4
34 51 2
35 52 133
36 53 115
37 53 117
38 54 83
39 55 40
40 56 110
41 57 55
42 58 136
43 59 29
44 60 54
45 61 83
46 62 13
47 63 60
48 64 37
49 65 49
50 66 123
51 67 115
52 68 43
52 69 124
52 70 26
53 71 22
54 72 84
54 73 18
55 74 44
56 75 127
57 76 88
57 77 91
58 78 105
59 79 139
59 80 107
60 81 41
61 82 64
62 83 122
63 84 122
64 85 122
65 86 7
66 87 129
67 88 80
68 89 38
69 90 105
70 91 59
71 92 59
72 93 40
73 94 19
74 95 36
75 96 86
76 96 114
77 97 76
78 98 25
79 99 30
80 100 15
81 101 125
82 102 10
83 103 61
84 104 46
85 105 116
86 106 27
87 107 52
88 108 66
89 109 87
90 110 58
91 111 135
92 112 52
93 113 43
94 114 132
95 115 18
96 116 102
97 116 80
98 117 44
99 118 113
100 119 122
101 120 139
102 121 54
103 121 127
104 122 17
105 123 121
106 124 68
107 125 82
108 125 112
109 126 60
110 126 127
111 127 43
112 128 27
113 129 57
114 130 75
115 131 63
116 132 131
117 133 86
118 134 80
119 135 12
120 136 57
121 137 10
122 138 87
123 139 35
124 140 48
125 141 90
125 142 17
126 143 114
127 144 132
128 145 2
129 146 105
130 147 98
131 148 106
132 149 86
132 150 46
133 151 75
134 152 131
135 153 94
136 154 33
137 155 101
138 156 30
139 157 17
140 158 11
140 159 123
141 160 109
142 161 97
143 162 17
143 163 10
144 164 67
145 165 133
145 166 109
146 167 23
147 168 50
148 169 62
149 170 25
150 171 72
151 172 131
152 173 46
153 174 76
154 175 121
155 176 134
156 177 53
157 178 64
158 179 79
159 180 111
160 181 83
161 182 135
162 183 11
163 184 20
164 185 55
165 186 80
166 187 37
167 188 46
168 189 89
169 190 30
170 191 42
171 192 1
172 193 137
173 194 8
174 195 126
175 196 138
176 197 63
177 198 27
178 199 101
179 200 118
180 200 51
181 201 98
182 202 93
183 203 21
184 204 81
185 204 75
186 205 64
187 206 70
188 207 25
189 208 125
190 209 121
191 209 19
192 210 135
193 211 56
194 212 3
195 212 37
196 213 54
197 214 48
198 215 108
199 216 103
200 217 105
201 218 78
202 218 115
203 219 18
204 220 51
205 221 99
206 222 135
207 222 2
208 223 15
209 224 105
210 225 21
211 226 4
212 227 74
213 228 22
214 229 27
215 230 17
216 231 39
217 232 124
218 233 118
219 234 96
220 235 120
221 236 90
222 237 84
223 238 42
224 239 93
225 240 18
226 241 131
227 242 96
228 243 18
229 244 40
230 245 35
231 246 65
232 247 61
232 248 76
232 249 81
233 250 33
233 251 105
234 252 107
235 253 128
236 254 89
237 255 10
238 256 122
239 257 77
240 258 10
240 259 99
240 260 79
241 261 128
242 262 43
243 263 83
244 264 67
245 265 109
246 266 25
247 267 84
248 268 64
249 269 38
250 270 31
251 271 60
252 272 77
253 273 104
254 274 89
255 275 116
256 276 9
257 277 95
258 278 39
259 279 56
260 280 10
261 281 106
262 282 62
263 283 115
264 284 70
265 285 42
266 286 110
267 287 114
268 288 35
269 289 137
270 290 78
271 291 30
272 292 5
273 293 28
274 294 48
275 295 4
276 296 84
277 297 41
278 298 136
279 299 84
280 300 86
281 301 38
282 302 43
283 303 18
284 304 1
284 305 135
285 306 54
286 307 96
287 308 31
288 309 73
289 310 42
290 311 73
291 312 78
292 313 126
293 314 98
294 315 81
295 316 97
296 317 86
297 318 85
298 319 10
299 320 83
300 321 99
301 322 40
302 323 61
303 324 54
304 325 72
305 326 82
306 327 58
307 328 138
308 329 72
309 330 118
310 331 86
311 332 65
312 333 90
313 334 121
314 335 55
315 336 51
316 337 106
317 338 59
318 339 64
319 340 94
320 341 65
321 342 71
322 343 135
323 344 58
324 345 113
325 346 95
326 347 109
327 348 96
328 349 59
329 350 112
330 351 23
331 352 18
332 353 59
333 354 102
334 355 110
335 356 135
336 357 32
337 358 123
338 359 26
339 360 65
340 361 139
341 362 18
342 363 34
343 364 101
344 365 111
345 366 8
346 367 129
347 367 136
348 368 1
349 369 109
350 370 134
351 371 34
352 371 22
353 372 138
354 372 99
355 373 81
356 374 122
357 375 1
358 376 37
359 377 85
360 378 33
361 379 14
362 380 15
363 381 21
364 382 135
365 383 77
366 384 36
367 385 67
368 385 52
369 386 28
370 386 41
371 387 27
372 388 33
373 389 76
374 390 102
375 391 52
376 392 103
377 393 44
378 393 17
379 394 117
380 395 132
381 396 26
382 397 77
383 397 137
384 398 27
385 399 57
385 400 83
386 401 64
386 402 81
387 403 81
387 404 70
388 405 100
388 406 2
389 407 117
390 408 79
391 409 105
391 410 5
392 411 68
393 412 58
394 413 120
395 414 113
395 415 72
396 416 78
397 417 65
397 418 8
398 419 69
399 420 96
400 421 120
401 422 77
402 423 31
403 424 85
404 424 120
405 425 112
406 426 109
407 427 87
408 428 79
409 429 116
410 430 36
411 431 78
412 431 65
413 432 66
414 433 1
415 434 103
416 435 22
417 436 21
418 436 108
419 437 124
420 438 100
421 439 55
422 440 38
423 441 43
423 442 33
424 443 101
425 444 73
426 445 8
427 446 43
428 447 119
429 448 27
430 449 128
431 450 16
432 451 126
433 452 65
434 453 103
435 454 93
435 455 29
436 456 126
437 457 18
438 458 73
439 459 138
440 459 40
441 460 131
442 460 107
443 461 109
444 462 95
445 463 79
446 463 66
447 464 103
448 465 22
449 465 107
450 466 72
451 467 49
452 467 110
453 468 81
454 469 127
455 470 65
456 470 32
457 471 69
458 472 42
459 473 104
460 474 52
461 475 69
462 476 98
463 477 63
464 478 107
465 479 52
466 480 72
467 481 24
468 482 19
469 483 52
470 484 71
471 485 83
472 486 89
473 487 1
474 488 74
475 489 100
475 490 123
476 491 88
477 492 139
477 493 68
478 494 5
479 495 111
480 496 29
481 497 91
482 498 51
483 499 43
484 500 106
485 501 32
486 502 69
487 503 13
488 504 56
489 505 51
490 506 106
491 507 15
492 508 67
493 509 45
494 510 125
495 511 68
496 511 15
497 512 34
498 513 30
499 514 135
500 514 97
501 515 122
501 516 30
502 517 12
503 518 113
504 519 43
505 520 71
505 521 93
506 522 62
507 523 18
507 524 23
508 525 99
509 526 10
509 527 2
510 528 71
511 529 31
512 530 54
512 531 110
513 532 41
514 533 77
515 534 114
516 535 106
517 536 112
518 537 102
519 538 50
520 539 24
521 540 14
522 541 126
523 542 69
524 543 92
524 544 66
525 545 17
526 546 67
527 547 126
528 548 2
529 549 35
530 550 63
531 551 66
532 552 111
533 553 92
534 554 127
535 555 85
536 556 13
536 557 93
537 558 96
538 559 99
539 560 17
540 561 2
541 562 109
542 563 91
543 564 9
544 565 62
545 566 55
546 567 23
547 568 52
548 569 52
549 570 74
550 571 128
551 572 78
552 573 92
553 574 88
554 575 127
555 576 96
556 577 75
557 578 69
558 579 77
559 580 139
560 581 20
561 582 58
562 583 3
563 584 39
564 585 27
565 586 129
566 587 122
567 588 113
568 589 112
569 590 127
570 591 16
571 592 31
572 593 13
573 594 50
574 595 42
575 596 11
576 597 29
577 598 86
578 599 43
579 600 109
580 601 1
581 602 85
582 603 83
583 604 83
584 605 30
585 606 25
586 607 95
587 608 36
588 609 85
589 610 37
590 611 131
591 612 92
592 613 5
593 614 79
594 615 35
595 616 74
596 617 49
597 618 115
598 619 1
599 620 21
600 621 7
601 622 127
602 623 63
603 624 126
604 625 5
605 626 36
606 627 99
607 628 8
608 629 101
609 630 132
610 631 16
611 632 7
612 633 134
613 634 139
614 635 115
615 636 10
616 637 83
617 638 138
618 639 94
619 640 127
620 641 32
621 642 108
622 643 106
623 644 84
624 645 29
625 646 30
626 647 88
627 648 20
628 648 126
629 649 4
630 650 49
631 650 122
632 651 55
633 652 37
634 652 120
635 653 129
636 654 105
637 655 26
638 656 5
639 657 115
640 658 21
641 659 135
642 660 100
643 661 49
643 662 45
644 663 12
645 664 55
645 665 93
646 666 11
647 667 91
647 668 28
648 669 67
649 670 40
650 671 16
651 672 71
652 673 117
653 674 44
654 675 10
655 676 41
656 677 47
657 678 134
658 678 44
659 679 82
660 679 101
661 680 130
662 681 52
663 682 111
664 683 109
665 684 118
666 684 35
667 685 76
668 686 85
669 687 91
670 687 95
671 688 8
672 689 48
673 690 77
674 691 80
675 692 137
676 693 97
677 694 48
678 695 63
679 696 75
680 697 31
681 698 10
681 699 122
682 700 106
683 701 134
684 702 137
685 703 125
686 704 66
687 705 97
688 706 40
689 707 1
690 708 61
691 709 2
692 710 24
693 711 33
694 712 131
695 713 40
696 714 93
696 715 99
697 716 29
698 717 64
699 718 99
699 719 130
700 720 23
701 721 99
702 722 63
703 723 127
704 724 6
705 725 106
706 726 46
706 727 33
707 728 115
708 729 36
709 730 65
710 731 12
711 732 62
712 733 107
713 734 21
714 735 81
715 736 95
716 737 30
717 738 86
718 739 125
719 739 74
720 740 35
721 741 47
722 742 11
723 743 72
724 744 29
725 745 32
726 746 73
727 747 44
728 748 110
729 749 57
730 750 116
731 751 57
732 752 109
733 753 70
734 753 40
735 754 14
736 755 14
737 756 29
738 757 24
739 758 84
740 759 104
741 759 100
742 760 130
743 760 70
744 761 108
745 761 54
746 762 67
747 763 122
748 763 13
749 763 88
750 764 118
751 765 125
752 766 5
753 767 66
754 768 120
755 769 41
755 770 78
756 771 96
757 772 86
758 773 127
759 774 131
760 775 98
761 776 52
762 777 62
763 778 12
764 779 74
765 780 104
766 781 79
767 782 38
768 783 123
769 784 62
770 785 76
771 786 124
772 787 52
772 788 98
773 789 21
774 790 13
774 791 139
775 792 65
776 793 88
777 794 52
777 795 115
778 796 51
779 797 76
780 798 123
781 799 58
782 800 136
783 800 138
784 800 120
785 800 108
786 800 63
787 800 88
788 800 59
789 800 39
790 800 90
791 800 89
792 800 1
793 800 87
794 800 56
795 800 120
796 800 62
797 800 104
798 800 125
799 800 72
