1 2 57
1 3 19
1 4 52
1 5 17
1 6 52
2 7 28
2 8 26
2 9 13
3 10 18
4 11 44
4 12 54
5 13 4
5 14 5
6 15 27
6 16 37
6 17 29
7 18 31
8 19 4
9 20 55
10 20 57
11 20 6
12 21 42
13 21 24
14 21 1
15 21 34
16 22 33
17 22 37
18 23 6
19 24 57
20 25 9
21 26 3
21 27 8
22 28 50
22 29 43
22 30 34
23 31 10
24 32 7
25 33 59
26 33 45
27 34 40
28 35 21
29 36 51
30 37 29
31 38 2
32 39 16
33 40 11
34 41 53
35 42 46
36 43 58
37 44 44
38 45 6
38 46 17
38 47 51
39 48 48
40 49 50
40 50 52
41 51 38
41 52 38
41 53 32
41 54 19
42 55 39
43 56 1
44 57 19
44 58 38
45 59 14
46 59 10
47 60 48
48 61 50
49 61 14
50 61 51
51 61 20
52 62 49
53 63 29
54 63 42
55 63 31
56 64 4
57 65 22
58 65 33
59 66 23
60 67 52
61 68 42
62 69 49
63 70 26
64 71 53
65 72 28
66 73 46
67 74 33
68 74 10
69 75 11
70 76 57
71 77 44
72 78 45
73 79 44
73 80 8
73 81 6
74 82 7
74 83 20
75 84 14
75 85 46
76 86 12
77 87 27
77 88 19
77 89 21
78 90 58
79 91 58
80 92 15
81 93 27
82 94 44
83 95 51
84 96 53
85 97 43
86 97 12
87 97 58
88 98 3
89 98 50
90 99 18
91 100 45
92 100 56
93 100 37
94 100 51
95 100 37
96 100 15
97 100 6
98 100 26
99 100 23
