1 2 23
1 3 38
1 4 33
1 5 5
2 6 11
3 7 19
4 8 16
5 9 10
6 10 25
7 10 23
8 11 36
9 12 11
10 13 38
11 13 26
12 14 16
13 15 31
13 16 14
13 17 6
14 18 18
14 19 8
14 20 13
15 21 10
16 22 25
17 23 10
18 23 34
19 23 22
20 23 23
21 24 16
21 25 36
21 26 33
22 27 1
22 28 32
22 29 25
22 30 32
23 31 31
23 32 13
23 33 6
24 34 21
25 34 33
26 34 26
27 35 33
28 35 25
29 36 39
30 36 25
31 36 8
32 37 2
33 37 10
34 38 36
35 38 21
36 38 25
37 39 14
38 40 18
38 41 18
39 42 37
39 43 1
40 44 1
41 45 24
42 46 30
43 47 33
44 48 30
45 48 5
46 49 14
47 49 19
48 50 16
49 50 11
