1 2 62
1 3 25
2 4 28
2 5 62
3 6 39
3 7 96
3 8 41
3 9 7
4 10 28
5 11 73
5 12 93
5 13 91
5 14 41
6 15 13
6 16 68
7 17 53
7 18 24
7 19 36
7 20 56
7 21 7
8 22 24
8 23 22
9 24 37
9 25 32
10 26 7
11 27 72
12 28 43
13 28 71
14 29 40
15 30 95
16 31 19
17 32 21
18 33 79
19 34 45
20 35 67
21 36 73
22 37 28
23 38 66
24 39 43
25 40 41
26 41 74
27 41 23
28 41 2
29 42 60
30 42 70
31 43 69
32 44 79
33 45 96
34 46 55
35 46 26
36 47 89
37 47 5
38 48 46
39 48 46
40 49 14
41 50 41
42 50 2
43 50 14
44 50 85
45 50 49
46 50 46
47 50 36
48 50 54
49 50 49
