1 2 5
1 3 15
1 4 1
2 5 2
2 6 17
3 7 29
3 8 2
3 9 10
3 10 22
4 11 18
4 12 9
5 13 29
5 14 26
5 15 29
6 16 7
7 17 1
8 18 6
9 19 3
10 20 1
10 21 16
11 22 22
12 23 7
13 24 10
14 25 25
15 26 28
15 27 29
16 28 3
16 29 14
17 30 1
18 31 27
19 32 6
20 33 27
21 34 8
22 35 12
23 36 3
23 37 20
24 38 27
25 38 1
26 39 23
27 39 27
28 39 27
29 40 8
30 40 18
31 40 28
32 41 17
33 41 12
34 41 23
35 41 15
36 42 7
37 42 29
38 43 27
38 44 10
38 45 6
39 46 21
40 47 14
41 48 26
42 49 8
43 50 19
44 50 11
45 50 9
46 50 5
47 50 20
48 50 1
49 50 17
