3 7 6 3 9 3 6 8
27 27 17 25 13 13 29 21
2 3 1 2 2 1 3 3
13 25 19 25 30 16 11 11
4 4 6 6 6 6 3 2
10 19 12 9 18 20 14 13
27 29 20 24 25 17 19 12
12 18 18 22 15 11 12 8
22 21 24 17 12 12 17 14
4 6 7 3 9 7 6 5
28 24 14 24 21 15 17 16
22 10 15 23 16 25 23 16
9 4 6 9 12 5 8 4
7 4 5 7 12 5 4 9
11 17 20 10 13 19 11 12
24 17 12 22 27 16 28 29
21 16 14 28 13 21 27 27
14 12 17 14 7 14 16 16
8 8 8 7 14 10 10 8
3 4 5 6 7 5 6 3
9 13 11 16 11 15 8 17
3 7 3 3 8 3 7 8
6 8 7 14 12 11 8 8
24 13 19 24 16 25 21 15
13 25 11 19 17 22 13 21
12 22 30 17 20 25 16 24
3 1 2 2 1 2 3 1
5 8 5 7 6 4 6 4
5 8 8 7 8 5 7 6
19 22 14 12 23 11 21 16
17 11 12 12 17 14 7 12
15 12 15 16 14 16 7 17
9 20 18 9 19 14 10 7
19 22 24 28 14 11 25 16
15 13 13 10 17 10 18 18
17 17 21 17 10 26 13 12
13 19 24 21 23 9 8 14
3 4 4 5 2 3 5 2
7 17 9 14 10 18 21 9
3 3 1 3 3 3 3 1
6 6 3 2 4 6 5 6
9 9 18 11 7 15 9 16
14 10 9 18 18 11 10 16
9 5 7 11 6 4 8 9
4 6 7 7 7 7 6 8
22 22 15 13 15 20 22 19
7 6 7 6 5 9 8 10
9 9 14 9 13 12 13 13
4 4 4 4 5 2 5 5
2 1 1 1 2 1 1 1
23 25 10 23 27 27 24 23
6 6 4 5 6 8 3 6
8 10 13 15 12 10 8 20
8 6 6 4 4 11 8 11
21 16 16 14 17 20 22 21
5 8 6 5 3 8 7 4
15 8 12 7 6 12 12 10
29 20 19 17 30 11 15 16
12 11 7 15 12 8 8 12
15 15 16 18 6 10 6 18
5 2 4 5 4 5 5 2
24 11 16 16 22 20 25 9
8 8 7 4 8 4 8 8
8 7 12 7 11 12 18 10
6 7 13 14 14 7 15 13
7 16 18 14 15 9 15 10
11 14 10 14 9 14 15 12
12 14 11 8 11 15 7 15
17 18 18 17 10 19 30 29
3 5 4 4 5 5 4 4
10 10 10 4 9 4 7 9
14 8 13 11 5 9 8 9
24 16 17 29 13 29 30 19
3 2 2 2 2 3 2 3
6 9 6 11 8 10 8 5
5 8 9 9 4 10 9 6
22 19 23 20 12 11 10 21
3 5 5 3 2 2 4 4
20 9 20 10 25 21 11 21
20 9 15 19 9 19 17 14
10 26 24 22 30 19 19 20
1 1 1 1 2 2 1 2
3 2 5 3 3 2 4 4
8 17 14 14 18 16 9 9
23 14 12 26 18 22 25 20
3 3 1 3 1 1 3 3
10 6 4 11 5 11 11 11
14 11 12 22 22 16 21 14
11 27 25 16 25 25 27 15
12 11 11 10 5 4 11 6
26 19 27 25 17 11 23 21
24 10 30 27 17 28 19 27
6 6 7 10 10 8 5 6
14 10 6 15 13 8 7 13
10 23 24 23 23 15 9 19
2 1 3 1 1 2 3 2
17 10 17 16 14 11 17 6
19 21 7 21 7 21 13 7
8 6 9 8 6 5 7 5
9 8 5 9 9 6 4 6
