9 15 10 5
11 21 13 11
5 4 2 3
2 2 1 1
11 5 6 12
5 5 6 6
8 4 4 6
2 1 2 1
5 5 6 8
2 1 3 1
8 7 7 9
6 13 14 7
8 12 10 10
4 5 3 3
8 9 8 6
5 6 5 6
16 18 7 21
2 3 3 2
11 21 9 23
3 6 8 5
1 3 3 1
9 14 5 9
7 14 11 13
8 4 8 5
12 9 9 11
11 17 21 15
5 13 13 6
7 8 8 7
4 4 7 3
1 3 2 2
4 5 5 4
10 8 15 17
9 14 11 17
1 2 2 2
5 5 13 6
21 13 18 17
14 14 12 12
18 19 19 14
6 6 3 4
17 12 8 13
11 9 11 11
12 9 11 13
9 9 9 6
22 14 21 17
8 8 3 6
2 5 4 2
14 9 6 12
19 18 9 10
18 7 10 11
11 14 9 6
1 2 2 2
10 16 16 10
13 9 20 22
8 8 11 11
8 6 8 4
13 12 7 12
6 3 3 4
4 2 5 6
8 14 18 19
17 18 16 20
1 3 3 2
16 16 17 12
1 1 1 1
15 18 18 11
3 1 3 1
11 14 14 14
8 4 5 3
16 20 21 15
12 11 9 12
4 2 3 5
11 8 8 5
10 19 18 19
4 2 5 5
9 15 13 6
7 8 8 7
4 3 5 3
10 21 11 9
5 3 4 5
15 7 13 11
17 14 15 15
20 14 23 10
13 23 13 20
14 9 13 19
1 2 2 2
2 3 2 3
20 19 14 9
6 7 5 8
10 23 21 20
6 15 10 17
7 10 17 18
10 16 11 8
9 5 4 11
5 11 8 10
10 9 14 8
1 2 1 2
5 4 4 7
19 20 15 9
16 6 17 13
12 8 7 13
4 3 2 2
16 11 12 10
11 7 11 14
15 6 13 5
8 8 23 12
11 11 13 5
10 10 7 12
3 1 2 2
11 5 12 10
16 15 8 14
4 7 5 6
11 13 16 8
19 23 12 12
12 15 12 17
5 2 4 3
1 1 2 3
6 8 9 13
12 10 19 12
7 9 12 5
10 11 23 9
5 9 9 9
4 5 4 4
10 7 13 6
4 8 6 5
5 9 9 5
8 14 15 13
8 8 10 9
4 6 7 7
2 4 2 3
15 10 10 15
5 10 9 7
5 6 4 3
8 6 12 12
1 1 2 1
20 18 9 8
3 6 4 6
15 9 13 6
2 3 3 2
3 5 6 3
8 6 8 5
14 12 12 15
4 6 2 6
9 10 9 11
1 2 1 2
10 4 9 8
4 6 9 3
5 5 8 5
3 4 8 7
6 6 14 9
8 5 11 6
9 12 21 13
18 13 11 12
12 22 23 11
8 10 13 19
8 7 12 15
15 12 12 8
17 16 12 11
13 14 9 6
4 4 3 4
9 8 9 15
4 5 5 6
1 1 1 1
14 10 18 10
12 17 8 6
4 3 5 2
10 10 12 19
8 10 5 7
11 5 5 5
1 2 2 2
9 6 6 12
6 8 15 7
6 7 5 3
13 14 14 13
7 11 8 9
11 16 12 15
11 17 7 9
4 5 5 6
2 2 1 2
4 6 3 3
11 5 10 6
3 3 6 2
9 11 21 16
2 5 6 3
5 11 5 8
4 2 3 3
12 8 17 17
9 15 11 10
7 21 14 8
11 11 9 10
4 12 11 6
2 2 2 1
4 11 10 9
8 7 7 13
20 16 12 10
4 3 2 2
14 15 14 9
9 11 6 11
24 22 23 9
9 8 3 5
8 5 8 4
19 10 8 7
11 6 12 6
14 14 18 6
2 2 4 2
6 14 8 9
1 2 1 1
18 21 12 19
14 8 18 19
8 8 11 9
12 14 5 9
6 5 9 3
2 2 1 3
5 12 8 5
8 11 6 14
13 13 10 9
20 8 20 7
10 12 5 4
10 15 10 6
14 24 16 16
14 17 10 19
5 4 3 4
2 3 2 3
5 4 11 5
12 18 17 12
11 12 8 8
7 5 8 4
11 21 15 9
20 14 17 11
12 13 12 20
13 9 9 11
14 14 12 13
15 20 15 16
1 1 2 1
8 10 9 11
4 10 4 11
17 13 23 19
6 8 10 8
1 1 2 2
14 14 6 16
6 6 3 4
8 10 12 8
7 4 7 7
7 12 7 17
14 12 7 6
12 16 23 14
15 18 20 12
18 17 17 17
18 15 22 23
11 8 14 6
19 15 11 11
15 9 8 9
7 14 15 17
15 12 6 14
6 3 3 3
15 7 17 9
4 5 2 3
10 11 6 10
8 8 6 4
2 1 3 2
2 2 2 2
1 1 2 1
18 9 16 15
11 9 5 6
10 11 17 14
4 8 11 5
7 10 10 5
7 6 13 7
5 7 4 6
10 17 11 16
9 10 10 16
1 2 1 1
2 2 1 2
7 19 19 15
10 9 12 8
13 14 6 7
10 8 8 10
21 14 15 17
3 2 3 2
17 12 7 13
5 3 6 4
11 4 4 8
3 8 8 8
8 8 10 8
3 5 8 4
12 23 22 16
11 8 7 8
2 1 1 2
14 22 23 11
8 21 15 9
8 9 18 16
4 4 5 4
6 5 8 6
8 7 7 7
4 7 10 7
11 12 16 11
7 9 7 10
5 4 2 5
4 4 9 6
8 19 13 16
22 8 20 9
1 2 1 1
13 8 8 11
12 13 5 14
13 19 11 13
7 14 7 11
11 17 10 20
9 9 9 8
2 1 1 2
17 9 8 18
19 14 22 19
8 10 8 9
1 2 2 1
10 5 7 5
2 1 1 2
18 14 11 13
10 12 10 7
11 8 6 17
1 1 2 2
12 7 17 16
6 6 8 6
19 18 17 19
20 22 14 21
11 5 5 4
12 8 13 6
9 8 12 8
1 1 2 1
7 8 10 7
6 3 2 4
11 6 6 8
10 15 13 15
2 2 4 4
11 5 9 14
10 6 4 5
11 4 5 9
2 4 3 3
4 7 10 5
15 16 7 15
7 4 4 4
14 10 21 8
13 16 18 17
12 21 18 18
21 15 20 9
5 5 5 3
9 9 18 11
9 12 12 11
14 15 17 23
10 11 6 10
5 9 13 12
7 6 4 9
7 11 11 9
13 12 9 9
7 9 20 17
2 2 2 2
12 14 12 11
4 9 4 5
15 15 7 6
8 3 5 8
14 18 11 9
4 7 9 7
12 10 6 5
4 2 2 5
17 22 18 10
9 4 6 5
9 8 9 8
6 10 12 12
2 2 2 1
19 14 13 14
17 8 11 21
9 6 5 13
14 13 9 14
12 7 8 15
12 10 10 17
6 10 9 11
1 2 2 2
18 19 19 17
7 8 5 5
13 16 17 17
16 16 13 12
6 8 6 7
10 8 17 14
5 4 2 5
2 1 1 2
3 8 5 7
6 4 7 8
5 6 4 3
10 10 9 10
8 3 3 9
1 2 2 1
7 4 3 7
8 5 7 3
3 9 8 8
3 5 9 8
6 8 6 8
8 10 18 8
7 6 7 9
6 5 8 9
12 17 11 8
4 4 2 5
6 5 7 10
13 19 21 19
5 6 10 9
8 17 10 10
5 12 12 7
10 11 4 6
9 7 10 4
4 9 11 4
8 4 5 6
3 2 5 3
1 2 2 2
5 6 5 6
13 18 19 13
18 8 9 21
19 11 17 19
4 6 4 4
9 9 14 8
9 17 13 18
3 5 3 6
7 8 5 5
4 2 3 4
4 10 10 7
6 6 5 8
6 4 7 5
8 18 15 21
7 8 4 5
9 12 12 10
6 6 4 7
11 8 10 16
15 14 20 10
24 13 23 20
2 3 1 2
8 4 3 9
11 12 8 6
11 17 7 8
6 10 7 5
18 12 17 19
6 2 3 2
3 2 1 2
2 1 2 3
4 2 4 4
1 2 1 1
18 10 21 19
2 2 2 2
5 4 12 10
10 18 19 15
20 16 15 13
11 8 8 7
4 6 3 7
8 5 11 5
13 17 12 13
11 6 7 17
5 4 6 6
13 9 7 13
24 16 21 21
3 4 5 6
6 14 6 13
3 2 2 1
20 12 18 17
3 2 5 3
4 4 6 4
9 12 6 9
7 4 5 12
2 6 4 6
16 7 8 8
12 24 12 11
10 11 17 14
18 20 7 7
7 13 18 7
2 3 2 3
5 5 2 2
19 16 16 11
3 6 3 6
15 8 13 9
10 7 18 14
7 7 8 6
6 6 6 5
3 3 1 3
8 4 9 9
2 1 2 1
1 1 1 3
4 9 4 6
5 7 5 5
1 2 2 1
4 3 4 4
2 2 2 2
9 15 11 10
1 2 1 1
15 5 8 6
1 1 1 2
6 7 7 6
1 1 2 3
9 19 15 14
9 11 18 13
23 16 11 20
14 7 12 11
21 19 23 9
3 6 3 4
14 16 18 14
8 5 9 6
11 7 7 10
1 3 3 2
12 14 10 13
7 4 8 8
8 17 14 6
6 4 5 2
14 8 10 7
11 16 8 8
1 3 2 1
4 7 7 3
9 11 8 16
18 20 11 11
9 10 9 10
12 23 15 11
10 18 14 17
5 5 3 3
11 16 6 13
11 11 11 5
12 17 11 6
1 1 2 2
11 8 12 8
14 23 16 22
15 6 17 11
22 10 20 14
10 9 9 8
15 11 7 16
9 10 10 6
3 7 7 3
6 7 5 6
3 6 3 3
11 13 7 17
2 1 1 1
8 12 7 13
16 16 11 9
4 8 10 6
17 20 7 12
3 5 8 5
4 2 5 2
15 14 8 10
8 9 9 17
10 10 11 8
2 1 2 1
4 3 5 5
4 5 6 6
7 10 14 9
11 10 21 10
2 1 1 2
23 14 20 15
10 5 9 4
6 15 13 7
5 8 8 5
12 13 10 5
17 11 11 9
9 15 15 11
18 22 17 15
6 11 5 15
4 3 5 4
3 4 5 3
8 5 4 9
11 7 11 5
10 10 9 11
6 10 14 8
4 6 6 4
4 3 4 5
3 3 2 3
7 6 11 8
22 16 22 12
13 10 15 13
7 13 6 7
1 1 2 2
14 16 7 6
15 11 8 23
12 5 9 8
2 2 3 3
10 7 5 11
3 1 2 3
16 12 7 14
16 18 19 22
8 8 9 8
6 6 4 8
20 8 17 23
18 13 12 16
2 2 1 1
4 5 6 5
2 2 1 1
8 11 5 4
6 7 6 11
8 17 7 14
8 9 7 7
8 8 11 11
5 2 4 5
1 2 2 1
2 2 5 2
2 1 3 2
9 5 4 9
10 7 10 5
12 11 8 15
1 1 2 1
2 2 4 4
8 4 9 4
4 4 5 5
17 17 8 16
9 9 17 20
