1 2 2
1 3 2
2 4 1
2 5 5
2 6 7
2 7 1
3 8 7
3 9 2
3 10 8
3 11 5
4 12 8
4 13 8
5 14 8
6 15 6
6 16 1
7 17 6
8 18 4
9 19 8
10 20 7
11 21 7
12 22 4
13 23 4
14 24 6
15 25 2
16 26 3
17 26 5
18 27 6
19 27 7
20 27 5
21 28 7
22 29 1
23 30 6
23 31 9
24 32 1
24 33 4
25 34 9
26 35 5
27 36 6
28 37 6
28 38 9
29 39 1
30 40 9
30 41 4
30 42 9
31 43 5
31 44 3
32 45 8
33 46 7
33 47 6
34 48 3
35 49 1
36 50 3
37 51 6
37 52 3
38 53 9
38 54 5
39 55 8
40 56 6
41 57 3
42 58 6
43 58 6
44 59 4
45 59 2
46 59 6
47 60 6
48 61 3
49 62 8
50 62 3
51 63 8
52 63 4
53 64 3
54 65 7
55 66 8
56 67 2
57 68 6
58 69 4
58 70 5
59 71 9
60 72 8
61 73 3
62 74 6
63 75 3
64 76 2
65 77 4
66 78 5
67 79 7
68 80 3
69 81 8
70 81 5
71 82 8
72 83 9
73 84 6
74 85 6
75 86 1
76 87 5
77 88 5
78 89 3
79 90 7
80 91 2
81 92 3
82 93 6
83 94 7
84 95 6
85 96 9
86 97 7
87 98 6
88 99 6
89 100 2
90 100 3
91 100 5
92 100 2
93 100 6
94 100 5
95 100 2
96 100 3
97 100 8
98 100 5
99 100 5
