1 2 96
1 3 79
2 4 144
2 5 99
2 6 152
2 7 13
3 8 72
3 9 40
3 10 43
3 11 56
4 12 141
5 13 45
6 14 99
7 15 22
8 16 140
9 16 27
10 17 61
11 18 97
12 19 155
13 20 30
13 21 2
14 22 112
14 23 10
15 24 78
15 25 152
15 26 92
16 27 28
17 28 117
18 29 21
19 30 154
20 30 86
21 31 102
22 31 113
23 31 57
24 32 155
25 33 21
26 33 21
27 33 126
28 34 123
29 34 22
30 35 46
30 36 51
31 37 40
32 38 57
33 39 134
33 40 127
34 41 152
35 42 23
35 43 82
36 44 48
37 45 33
37 46 91
38 47 96
38 48 73
39 49 148
39 50 19
40 51 67
41 52 132
42 53 122
43 54 149
44 54 101
45 54 58
46 54 152
47 55 55
48 56 125
49 56 87
50 57 91
51 58 156
52 58 12
53 59 134
54 60 7
55 61 5
56 62 114
57 63 5
57 64 41
58 65 143
59 66 147
60 67 89
60 68 43
61 69 52
62 70 156
62 71 8
62 72 137
63 73 56
64 74 18
65 75 115
66 76 135
67 77 53
68 78 75
69 79 30
70 80 66
71 80 53
72 81 88
73 82 79
74 83 143
75 83 141
76 84 69
77 85 134
78 86 104
79 87 120
79 88 50
80 89 135
81 90 58
81 91 104
82 92 52
83 93 26
83 94 28
84 95 138
85 96 138
86 97 67
87 97 47
88 97 91
89 98 58
90 98 105
91 98 139
92 99 53
93 99 125
94 99 5
95 100 77
96 100 84
97 100 125
98 100 130
99 100 154
