12 7 9 15
2 1 1 2
7 19 18 16
18 15 13 4
3 3 8 9
7 6 3 3
4 3 2 0
17 0 24 23
1 1 2 2
11 5 3 9
3 6 0 0
6 3 9 16
7 1 2 1
13 8 6 2
3 1 4 4
4 5 0 9
5 5 2 0
7 7 0 2
3 4 1 4
12 13 4 4
8 2 3 11
19 8 10 6
3 3 2 2
15 12 2 11
7 13 12 11
13 19 16 15
1 4 11 0
11 10 19 11
3 9 14 13
7 5 6 8
0 1 0 4
2 10 3 8
19 0 17 11
2 1 1 3
16 11 2 8
0 2 0 2
12 11 7 4
6 3 4 0
19 14 6 19
20 1 21 14
6 8 2 4
2 1 1 2
1 4 7 6
7 4 3 12
15 13 0 7
4 7 3 5
19 1 0 2
4 7 3 8
6 8 2 1
1 9 5 0
8 3 5 8
4 3 2 0
1 12 0 12
19 23 2 7
0 14 13 3
1 5 4 0
13 14 14 9
8 3 3 7
8 0 6 5
0 0 1 2
14 19 19 15
0 4 14 1
12 13 7 4
3 6 4 5
9 17 1 15
5 3 16 19
2 0 1 0
8 14 2 15
3 0 2 0
9 0 3 1
1 3 10 10
6 4 12 13
0 4 1 6
3 12 14 14
10 1 11 8
3 24 6 5
1 2 1 1
17 16 12 24
11 5 6 6
6 5 9 6
16 20 18 5
11 9 0 0
15 19 0 0
4 8 13 2
5 6 6 5
18 7 2 17
1 2 5 8
0 0 0 0
24 4 4 24
23 19 2 10
2 4 4 4
15 7 15 8
11 14 14 11
6 13 17 13
8 22 7 2
6 2 7 12
12 6 12 11
1 4 6 12
8 0 3 5
21 10 11 14
