1 2 12
1 3 11
1 4 1
2 5 2
2 6 10
2 7 8
3 8 12
3 9 8
3 10 13
4 11 2
4 12 11
4 13 1
5 14 4
6 15 10
7 16 1
8 17 12
8 18 7
9 19 13
9 20 3
9 21 2
10 22 6
11 23 1
11 24 8
12 25 10
13 26 4
14 27 6
14 28 12
15 29 2
15 30 1
15 31 12
16 32 2
17 33 3
18 34 4
19 35 1
19 36 1
19 37 5
20 38 6
21 39 10
21 40 2
22 41 9
22 42 7
23 43 8
23 44 6
23 45 3
24 46 4
24 47 7
25 48 6
25 49 2
26 50 10
26 51 2
27 52 5
28 52 3
29 52 6
30 53 2
31 54 2
32 54 3
33 55 7
34 56 5
35 56 8
36 57 8
37 58 2
38 59 1
39 60 12
40 60 9
41 60 10
42 61 8
43 61 10
44 62 6
45 62 9
46 63 9
47 63 9
48 63 10
49 64 5
50 64 13
51 64 9
52 65 3
53 66 5
54 67 4
54 68 7
55 69 11
55 70 9
56 71 3
56 72 5
57 73 9
58 74 4
59 75 7
60 76 9
61 77 10
62 78 9
63 79 6
64 80 9
64 81 9
64 82 10
65 83 6
66 84 7
67 84 13
68 85 4
69 86 1
70 87 12
71 88 13
72 89 4
73 90 4
74 90 10
75 91 12
76 92 7
77 93 7
78 94 11
79 95 12
80 96 2
81 97 13
82 98 3
83 99 6
84 100 3
85 101 9
86 102 7
87 102 9
88 103 3
89 104 1
90 105 3
91 106 4
92 107 8
93 108 11
94 109 13
95 110 6
96 111 12
97 112 4
98 113 13
99 114 7
100 115 6
101 116 6
102 117 10
103 117 8
104 118 13
105 119 5
106 120 12
107 120 2
108 121 8
109 121 2
110 121 3
111 122 6
112 123 6
113 123 12
114 124 10
114 125 1
115 126 7
115 127 7
116 128 8
117 129 11
118 130 4
119 131 4
120 132 4
121 133 12
121 134 13
122 135 7
123 136 8
123 137 3
124 138 6
125 139 8
126 140 8
127 141 2
128 142 9
129 143 8
130 144 5
131 145 11
132 146 8
133 147 10
134 148 8
135 149 4
136 150 12
137 151 10
137 152 11
138 153 8
139 154 13
140 155 6
140 156 2
141 157 3
141 158 8
141 159 7
142 160 4
142 161 11
143 162 3
143 163 5
144 164 7
145 165 9
146 166 12
147 167 4
148 168 3
149 169 8
150 170 13
151 171 13
152 172 12
152 173 9
153 174 7
154 175 7
155 176 7
156 176 4
157 176 2
158 177 12
159 177 12
160 177 10
161 178 3
162 179 5
163 180 11
164 180 2
165 181 8
166 181 7
167 182 8
168 182 12
169 183 3
170 184 6
171 185 4
172 185 10
173 186 4
174 187 6
175 188 12
176 188 7
177 189 7
178 190 4
179 191 9
180 192 6
181 193 12
182 194 4
183 195 5
184 196 7
185 197 13
186 198 11
187 199 7
187 200 7
187 201 1
188 202 12
188 203 11
189 204 5
190 205 2
191 206 4
192 207 1
193 208 1
194 209 7
194 210 13
195 211 4
196 212 11
197 213 13
198 214 11
198 215 12
199 216 13
200 217 9
201 218 2
202 219 11
203 220 12
204 221 2
205 222 1
206 223 8
207 224 7
208 225 12
209 226 6
210 227 6
211 228 8
212 228 9
213 229 2
214 230 8
215 231 4
216 232 10
216 233 7
217 234 4
217 235 10
217 236 1
218 237 6
219 238 13
220 239 3
221 240 4
221 241 13
222 242 12
223 243 6
224 244 7
225 245 4
226 246 7
227 247 13
228 248 13
229 249 8
230 250 4
231 251 9
232 252 8
233 253 9
234 254 11
235 255 3
236 255 13
237 256 10
238 257 8
239 258 9
240 259 3
241 260 6
242 261 9
243 262 12
244 262 6
245 263 12
246 264 12
247 264 1
248 265 3
249 265 10
250 266 1
251 266 12
252 267 10
252 268 12
253 269 1
254 270 9
255 271 5
256 272 9
257 273 12
258 274 6
259 275 5
260 276 12
260 277 4
261 278 1
262 279 8
263 280 5
264 281 6
265 282 5
266 283 1
267 284 10
268 285 10
269 286 4
270 287 5
271 288 5
272 289 11
273 290 3
274 291 11
275 292 6
276 293 5
277 293 7
278 294 11
279 295 12
280 296 6
281 297 10
282 297 6
283 298 6
284 299 3
285 300 13
286 301 2
287 302 10
288 303 3
289 304 5
290 305 7
291 306 8
292 307 2
293 308 12
294 309 5
295 310 1
295 311 4
296 312 10
297 313 3
298 314 11
299 315 11
300 316 7
301 317 11
302 317 1
303 318 2
304 319 10
305 320 5
306 321 2
307 322 7
308 323 2
309 324 5
310 324 12
311 325 10
312 326 12
313 327 2
314 328 11
315 329 2
316 329 4
317 330 5
318 331 11
319 332 12
320 333 7
321 333 3
322 334 7
323 335 10
324 335 5
325 336 1
326 336 6
327 337 7
328 337 7
329 338 10
329 339 3
330 340 11
331 341 4
332 342 10
332 343 1
332 344 4
333 345 10
334 346 4
335 347 5
336 348 13
337 349 13
337 350 1
338 351 1
339 352 7
340 353 3
340 354 12
341 355 3
342 356 7
343 357 11
343 358 11
344 359 6
345 360 6
346 361 3
347 362 10
348 363 2
349 364 10
350 365 2
351 366 1
352 367 1
353 368 10
353 369 13
354 370 13
355 371 2
356 372 4
357 373 8
358 374 12
359 375 2
360 376 6
361 377 12
361 378 2
362 379 8
363 380 7
364 381 11
365 382 11
365 383 3
366 384 2
367 385 4
367 386 1
368 387 2
369 388 12
370 389 2
370 390 7
371 391 4
372 392 1
373 393 4
374 394 12
375 395 12
376 396 6
377 397 12
377 398 12
378 399 10
379 400 4
379 401 7
380 402 12
380 403 5
381 404 11
382 405 12
383 406 12
384 407 1
384 408 3
384 409 5
385 410 6
385 411 11
385 412 11
386 413 6
386 414 2
387 415 12
387 416 2
388 417 1
388 418 6
389 419 3
389 420 6
390 421 13
390 422 10
391 423 4
391 424 8
391 425 11
392 426 1
392 427 1
393 428 5
393 429 2
393 430 7
394 431 8
394 432 2
394 433 4
395 434 7
395 435 13
395 436 4
396 437 1
396 438 7
396 439 6
397 440 7
397 441 7
398 442 11
398 443 9
399 444 12
400 445 11
400 446 6
401 447 4
401 448 10
401 449 13
402 450 7
402 451 9
403 452 5
403 453 9
404 454 12
404 455 2
404 456 4
405 457 7
405 458 13
405 459 2
406 460 13
407 461 2
408 461 7
409 461 5
410 461 3
411 462 12
412 462 2
413 462 6
414 462 6
415 462 2
416 463 8
417 463 1
418 463 4
419 463 9
420 464 3
421 464 8
422 464 13
423 464 12
424 465 6
425 465 3
426 465 9
427 465 13
428 465 12
429 465 8
430 466 10
431 466 13
432 466 3
433 466 8
434 466 2
435 466 10
436 466 7
437 467 8
438 467 8
439 467 9
440 467 1
441 467 1
442 468 1
443 468 12
444 468 6
445 469 11
446 469 13
447 469 8
448 469 6
449 469 8
450 469 6
451 469 9
452 469 11
453 469 1
454 470 1
455 470 6
456 470 1
457 470 13
458 470 13
459 470 9
460 470 5
461 471 12
461 472 3
462 473 8
463 474 10
463 475 10
464 476 4
464 477 4
464 478 10
465 479 3
466 480 3
467 481 11
467 482 5
467 483 8
468 484 2
469 485 8
469 486 2
470 487 5
471 488 1
472 489 3
473 490 11
473 491 4
474 492 2
475 493 2
476 494 7
477 495 13
478 496 4
478 497 12
479 498 10
480 499 6
481 500 5
482 501 12
483 502 10
484 503 5
485 504 7
486 505 5
487 506 3
488 507 9
489 508 7
490 509 13
491 510 8
492 511 1
493 511 2
494 512 9
495 513 3
496 514 9
497 515 6
498 516 7
499 517 3
500 518 4
501 519 4
502 520 1
503 521 5
504 522 10
505 523 8
506 523 1
507 524 6
508 525 6
509 526 6
510 526 7
511 527 4
512 527 6
513 528 2
514 529 13
515 530 13
516 531 11
517 532 11
518 533 5
519 534 11
520 535 7
521 536 7
522 537 9
523 537 1
524 538 12
525 539 2
526 540 5
527 541 5
528 542 7
529 543 13
530 543 4
531 544 1
532 545 3
533 546 6
534 546 6
535 547 10
536 548 9
537 549 13
538 550 7
539 551 13
540 552 11
540 553 6
541 554 1
542 555 11
543 556 3
544 557 12
544 558 10
545 559 7
546 560 8
547 561 8
548 562 4
548 563 2
549 564 6
550 565 5
551 565 2
552 565 8
553 565 10
554 566 6
555 567 7
556 568 2
557 569 7
558 570 9
559 571 13
560 572 13
561 572 5
562 573 8
563 574 6
564 574 8
565 575 10
566 576 4
566 577 4
567 578 4
568 579 4
568 580 2
568 581 4
569 582 11
570 583 5
570 584 4
571 585 10
571 586 7
572 587 1
573 588 1
574 589 13
574 590 12
575 591 9
576 592 13
577 593 12
578 594 10
579 595 3
580 596 7
581 597 9
582 598 7
583 599 8
584 600 9
585 601 12
586 602 12
587 603 13
588 603 3
589 603 3
590 604 7
591 605 11
592 606 6
593 607 1
594 608 12
595 609 4
596 610 3
597 611 2
598 612 6
599 613 9
600 614 7
601 615 9
602 616 6
603 617 13
604 618 1
605 619 7
606 620 7
606 621 1
607 622 3
607 623 9
608 624 12
609 625 10
610 626 9
611 627 9
612 628 12
613 629 3
614 630 11
615 631 4
616 632 7
617 633 6
618 634 12
619 635 9
619 636 5
620 637 7
621 638 7
622 639 11
622 640 3
622 641 13
623 642 9
624 643 2
625 644 4
626 645 4
627 646 12
628 647 12
629 648 6
630 649 7
631 650 4
632 651 10
633 652 9
634 653 6
635 654 9
636 655 3
637 656 10
638 657 5
639 658 10
640 659 9
641 660 4
642 661 7
643 662 7
644 663 4
645 664 7
646 665 8
647 666 13
648 667 13
649 668 11
650 669 1
651 670 11
652 671 1
653 672 9
654 673 8
655 673 7
656 674 2
657 675 1
658 676 13
659 676 8
660 677 11
661 678 8
662 678 13
663 679 4
664 680 11
665 680 7
666 680 13
667 681 4
668 682 1
669 683 13
670 683 10
671 684 8
672 684 2
673 685 7
674 685 10
675 685 10
676 685 11
677 685 4
678 686 6
679 686 5
680 686 2
681 686 10
682 687 13
683 687 4
684 687 9
685 688 12
685 689 3
685 690 13
686 691 4
686 692 6
687 693 9
687 694 6
687 695 9
688 696 11
688 697 13
689 698 8
690 699 9
690 700 3
691 701 12
691 702 6
692 703 7
692 704 1
692 705 13
693 706 9
693 707 6
694 708 11
694 709 7
695 710 11
695 711 1
696 712 5
697 713 11
698 714 3
699 715 3
700 716 8
701 717 9
702 718 7
703 718 1
704 719 11
705 719 6
706 720 9
707 720 9
708 721 6
709 722 1
710 723 2
711 724 3
712 725 11
713 726 5
714 726 7
715 726 7
716 727 8
717 728 3
718 728 13
719 729 2
720 730 3
721 730 6
722 730 11
723 731 4
724 732 10
725 733 11
726 734 10
727 735 10
728 736 7
729 737 10
730 738 3
730 739 8
731 740 9
731 741 5
732 742 4
733 743 2
734 744 6
735 745 10
736 746 5
737 747 1
737 748 12
738 749 3
739 750 11
740 751 11
741 752 13
742 753 3
743 754 1
744 755 13
745 756 5
745 757 6
745 758 8
746 759 13
746 760 2
747 761 4
748 762 13
749 763 8
749 764 11
750 765 10
751 766 3
751 767 9
752 768 1
753 769 7
754 770 11
755 771 6
756 771 5
757 772 2
758 772 8
759 773 6
760 773 11
761 774 5
762 775 2
763 775 5
764 775 8
765 776 10
766 777 1
767 777 7
768 778 9
769 778 1
770 779 12
771 780 8
772 781 8
773 782 1
774 783 11
775 784 11
776 785 13
777 786 10
777 787 8
778 788 2
779 789 6
780 790 13
781 791 10
782 792 1
782 793 12
783 794 9
784 795 4
785 796 10
786 797 11
787 798 13
788 799 3
789 800 5
790 800 5
791 800 1
792 800 2
793 800 3
794 800 10
795 800 5
796 800 7
797 800 10
798 800 3
799 800 10
