1 2 7
1 3 7
1 4 10
2 5 4
2 6 4
2 7 4
2 8 14
3 9 9
3 10 9
3 11 6
3 12 16
4 13 12
4 14 14
4 15 6
4 16 12
5 17 3
6 18 9
7 19 16
7 20 7
8 21 2
9 22 16
10 23 12
11 24 12
11 25 10
11 26 7
12 27 1
13 28 6
13 29 8
14 30 4
14 31 17
15 32 10
16 33 3
17 34 15
18 35 15
19 36 11
20 37 1
21 37 17
22 38 14
23 39 17
24 39 9
25 40 5
26 41 3
27 41 1
28 42 2
29 43 7
30 44 17
31 45 16
32 46 4
33 47 7
34 48 1
35 49 5
36 50 5
37 50 8
38 51 12
39 52 5
40 53 4
41 54 9
42 55 13
43 55 3
44 56 17
45 57 13
46 58 17
47 59 9
48 60 7
49 61 13
49 62 12
50 63 15
50 64 4
51 65 16
52 66 1
53 67 2
54 68 13
55 69 17
56 70 5
57 71 8
58 72 8
58 73 2
59 74 11
60 75 5
61 76 17
62 77 15
62 78 1
63 79 3
64 80 1
65 81 7
66 82 16
67 83 15
68 84 11
69 85 17
70 86 4
71 87 9
71 88 7
72 89 16
72 90 6
73 91 12
74 92 4
75 93 1
76 94 8
77 95 10
78 96 12
79 97 11
80 98 15
81 99 15
82 100 17
83 101 8
84 102 14
85 103 15
86 104 5
87 105 16
88 106 9
89 107 13
90 108 15
91 108 4
92 109 11
93 110 10
94 111 14
95 111 4
96 112 4
97 113 17
98 113 15
99 113 6
100 114 9
101 115 7
102 115 16
103 116 7
104 117 17
105 118 13
106 119 12
107 119 8
108 120 10
109 120 7
110 121 5
111 122 16
112 122 15
113 123 1
114 124 12
115 125 8
116 126 10
117 127 12
118 128 3
119 129 6
120 130 14
121 131 17
122 132 7
123 133 15
124 134 8
125 135 14
126 136 15
127 137 3
128 138 12
129 139 3
130 140 6
131 141 14
131 142 9
132 143 14
133 144 16
134 145 7
134 146 17
135 147 14
136 148 4
136 149 16
137 150 4
138 151 8
139 152 9
140 153 5
141 154 12
142 155 10
142 156 16
143 157 6
144 158 5
144 159 1
145 160 14
146 161 11
146 162 4
147 163 8
148 164 8
148 165 4
149 166 4
150 167 15
151 168 16
152 169 5
152 170 15
153 171 2
154 172 8
155 173 11
156 174 7
157 174 5
158 175 16
159 176 14
160 177 17
161 178 1
162 179 2
163 179 5
164 180 2
165 180 7
166 181 9
167 181 14
168 182 16
169 182 17
170 183 9
171 184 5
172 185 17
173 186 1
174 187 5
175 187 8
176 188 14
177 189 9
178 190 1
179 191 16
180 192 1
181 193 5
182 193 9
183 194 8
184 195 5
185 196 1
186 197 12
187 198 14
187 199 10
187 200 8
188 201 14
189 202 12
189 203 8
189 204 2
190 205 1
190 206 3
191 207 13
192 208 14
193 209 10
193 210 16
194 211 14
195 212 3
195 213 3
196 214 6
197 215 7
198 216 10
199 217 17
200 218 13
201 218 4
202 219 9
203 220 9
204 220 17
205 220 7
206 221 13
207 221 8
208 222 8
209 223 16
210 224 17
211 225 4
212 226 3
213 227 2
214 228 7
215 229 17
216 230 4
217 231 9
217 232 1
218 233 12
218 234 12
218 235 8
219 236 11
220 237 12
221 238 9
222 239 15
223 240 14
224 241 4
224 242 16
225 243 7
226 244 7
227 245 12
228 246 15
229 247 6
230 247 4
231 248 17
232 249 14
233 250 13
234 251 9
235 251 15
236 252 12
237 253 17
238 254 15
239 254 15
240 255 7
241 256 10
242 257 8
243 258 14
244 259 16
245 260 3
246 261 15
247 261 13
248 262 1
249 263 1
250 264 15
251 264 14
252 264 3
253 265 3
254 266 1
255 267 7
256 268 13
257 269 8
258 269 1
259 270 8
260 270 16
261 271 9
262 272 6
263 273 14
264 274 7
265 275 15
266 276 9
267 277 13
268 278 16
269 279 13
269 280 11
270 281 8
271 282 8
272 283 12
273 284 11
274 285 7
275 286 9
276 287 13
277 288 10
278 289 17
279 290 3
279 291 3
280 292 8
281 293 13
282 294 14
283 295 4
284 296 13
285 297 14
285 298 9
286 299 15
287 300 11
288 301 8
289 302 12
290 303 12
291 304 10
292 305 1
293 306 4
293 307 3
294 308 3
295 309 13
296 310 15
297 311 13
298 312 13
299 313 4
300 314 12
301 314 5
302 315 12
303 316 6
304 317 17
305 318 8
306 319 15
307 320 15
308 321 9
309 322 9
310 323 9
311 324 5
312 325 14
313 326 3
314 327 10
315 328 1
316 329 13
317 330 16
318 331 9
319 332 4
320 333 12
321 334 15
322 335 15
323 336 12
324 336 9
325 337 13
326 338 6
327 339 5
328 340 3
329 341 7
330 342 16
331 343 8
332 344 13
333 344 14
334 345 3
335 346 12
336 346 6
337 347 12
338 348 8
339 349 1
340 350 3
341 350 12
342 351 2
343 352 2
344 353 4
345 354 6
346 355 15
347 356 5
348 357 11
349 358 14
350 359 4
351 360 15
352 361 17
353 362 4
354 363 10
355 364 8
356 365 15
357 366 8
358 367 16
359 368 10
360 369 10
360 370 11
361 371 12
362 372 11
363 373 8
364 374 12
364 375 5
364 376 11
365 377 11
365 378 10
366 379 13
367 380 10
368 381 6
369 382 13
369 383 3
370 384 11
370 385 17
371 386 10
372 387 1
373 388 16
374 388 8
375 389 14
376 390 12
377 391 13
378 392 4
379 393 11
380 394 2
381 395 15
382 396 4
383 397 12
384 398 6
385 398 4
386 398 6
387 399 15
388 400 14
389 400 10
390 400 11
391 400 9
392 400 9
393 400 13
394 400 17
395 400 8
396 400 2
397 400 2
398 400 6
399 400 14
