1 2 10
1 3 5
1 4 6
1 5 11
1 6 5
2 7 10
2 8 4
2 9 5
2 10 4
3 11 12
3 12 1
4 13 1
4 14 13
4 15 5
5 16 8
6 17 1
6 18 11
6 19 10
6 20 2
6 21 10
7 22 1
7 23 4
8 24 1
9 25 5
9 26 13
10 27 6
11 28 10
12 29 10
12 30 13
13 31 11
13 32 8
14 33 11
15 34 9
15 35 3
16 36 12
16 37 3
17 38 11
18 39 11
18 40 9
19 41 13
20 42 10
20 43 10
21 44 12
22 45 11
23 45 12
24 46 11
25 47 4
26 48 7
27 49 12
28 49 10
29 50 13
30 50 6
31 51 3
32 51 13
33 52 5
34 53 13
35 53 2
36 54 8
37 55 1
38 55 12
39 56 11
40 57 9
41 58 9
42 58 10
43 58 3
44 59 7
45 60 1
46 61 5
47 62 10
48 63 13
49 64 7
49 65 11
50 66 10
50 67 10
50 68 1
51 69 4
52 70 5
52 71 1
53 72 3
54 73 4
55 74 11
55 75 13
56 76 13
57 77 6
58 78 2
59 79 3
60 80 6
61 81 9
62 82 13
63 83 13
64 83 10
65 84 2
66 85 4
67 86 11
68 87 6
69 88 1
70 89 9
71 90 6
72 91 11
73 92 7
74 93 4
75 94 7
76 95 4
77 96 2
78 97 4
79 98 9
80 99 10
81 100 9
82 101 1
83 102 7
84 103 11
85 104 9
86 105 4
87 106 3
88 107 9
89 108 7
90 109 10
91 110 10
92 111 1
93 112 8
94 113 6
95 114 12
96 114 3
97 115 10
98 116 7
99 117 10
100 117 1
101 118 7
102 119 9
103 120 7
104 120 10
105 120 2
106 121 3
107 121 10
108 122 6
109 123 3
110 124 1
111 125 9
112 125 8
113 125 8
114 126 2
115 127 2
116 127 2
117 128 1
117 129 12
117 130 13
117 131 12
118 132 8
119 133 5
120 134 12
120 135 5
120 136 6
121 137 10
122 138 12
123 139 11
123 140 12
123 141 10
124 142 2
125 143 8
125 144 5
125 145 10
126 146 3
127 147 7
128 148 13
129 149 12
130 150 9
131 151 8
132 152 5
133 153 13
134 154 4
135 155 12
136 156 6
137 157 1
138 158 10
139 159 2
140 160 5
141 161 1
142 162 7
143 163 9
144 164 7
145 165 3
146 166 8
147 167 11
148 168 4
148 169 12
149 170 10
149 171 8
150 172 4
151 173 3
152 174 6
153 175 13
154 176 12
155 177 13
156 178 12
157 179 9
158 180 4
158 181 6
158 182 9
159 183 11
160 184 4
161 185 9
162 186 2
163 187 1
164 188 2
164 189 4
165 190 3
166 191 11
167 192 7
168 193 10
169 194 2
170 194 8
171 195 1
172 195 6
173 195 11
174 196 6
175 197 10
176 197 1
177 197 5
178 197 13
179 198 4
180 198 8
181 198 1
182 198 3
183 198 8
184 198 2
185 199 2
186 200 3
187 200 12
188 201 11
189 201 7
190 202 8
191 203 3
192 203 2
193 204 7
193 205 3
194 206 3
195 207 3
196 208 1
196 209 9
197 210 12
197 211 11
197 212 6
198 213 4
198 214 6
199 215 6
199 216 7
200 217 13
200 218 2
200 219 12
201 220 6
202 221 5
202 222 11
203 223 6
204 224 10
205 225 2
206 226 8
207 227 13
208 227 13
209 228 8
210 229 8
211 229 11
212 230 3
213 231 6
214 231 4
215 232 7
216 233 4
217 233 1
218 234 13
219 235 11
220 236 1
221 237 7
222 238 4
223 238 9
224 239 6
225 240 3
226 241 12
227 242 2
228 243 9
229 244 2
230 245 4
231 246 5
232 247 12
233 248 10
233 249 8
234 250 11
235 251 4
235 252 8
236 253 1
236 254 1
237 255 6
238 256 1
239 257 1
240 258 6
241 259 8
242 260 2
243 261 11
244 261 5
245 262 1
246 263 13
247 264 7
248 265 1
249 266 9
250 267 3
251 268 13
252 269 7
253 270 12
254 271 10
255 272 5
256 273 10
257 274 7
258 274 4
259 274 5
260 275 12
261 276 1
262 277 6
263 277 12
264 278 5
265 279 12
266 280 7
267 281 1
268 282 5
269 283 4
270 283 3
271 284 12
272 285 13
273 286 9
274 287 4
275 288 4
276 289 12
276 290 8
276 291 2
277 292 5
278 293 13
278 294 1
279 295 1
280 296 12
280 297 3
281 298 8
281 299 2
282 300 2
283 301 12
283 302 8
284 303 1
284 304 2
284 305 9
285 306 13
286 307 1
286 308 5
287 309 8
288 309 3
289 310 8
290 311 6
291 311 12
292 312 1
293 312 5
294 313 11
295 314 9
296 315 3
297 316 7
298 317 10
299 318 8
300 318 6
301 319 6
302 320 7
303 321 7
304 322 9
305 323 11
306 324 5
307 324 12
308 325 1
309 326 3
310 327 10
311 328 13
312 329 5
313 330 12
314 331 12
315 332 12
316 333 2
317 334 1
318 334 5
319 335 6
320 336 9
321 337 11
322 338 10
323 339 5
324 340 10
325 341 9
326 342 10
326 343 13
327 344 3
328 345 10
328 346 10
329 347 6
329 348 3
330 349 11
331 350 3
332 351 13
333 352 1
333 353 5
334 354 2
335 355 3
336 356 11
337 357 4
337 358 3
338 359 13
339 360 13
340 361 12
340 362 1
341 363 5
341 364 11
342 365 12
343 366 4
344 367 11
345 368 12
346 369 4
347 370 12
348 371 5
349 372 10
350 373 7
351 374 13
352 375 12
353 376 11
354 377 1
355 378 5
356 379 10
357 380 2
358 381 6
359 382 12
360 383 12
361 384 6
362 384 8
363 385 3
364 386 12
365 387 13
366 388 6
367 389 1
368 390 13
369 391 1
370 392 7
371 393 11
372 393 7
373 394 3
374 395 1
375 396 7
376 397 3
377 398 11
378 399 10
379 400 12
380 401 3
381 402 5
382 403 9
383 404 1
384 405 9
385 406 2
386 407 13
387 408 12
388 409 7
389 410 6
390 411 3
391 412 8
392 413 8
393 414 13
394 415 7
395 416 8
395 417 1
396 418 6
397 419 3
398 420 13
399 421 6
400 422 10
400 423 8
401 424 1
402 425 11
403 426 10
404 427 8
405 428 13
406 429 2
406 430 9
407 431 4
407 432 3
408 433 8
409 434 9
410 435 1
411 435 7
412 436 9
413 437 13
414 437 8
415 438 13
416 438 6
417 438 2
418 439 5
419 440 4
420 440 12
421 441 4
422 441 3
423 441 2
424 442 2
425 443 8
426 444 7
427 445 3
428 445 5
429 446 4
430 447 7
431 448 1
432 449 12
433 450 5
434 450 7
435 450 4
436 451 12
437 452 5
438 453 12
439 454 8
440 454 8
441 455 4
442 456 10
443 457 4
444 458 8
445 459 6
446 460 11
447 461 13
448 462 13
449 463 8
450 464 3
451 465 3
452 466 9
452 467 6
453 468 9
454 469 5
455 470 13
456 471 3
457 472 6
458 473 12
459 474 11
459 475 6
460 476 10
461 477 4
461 478 6
462 479 9
463 480 10
463 481 11
464 482 13
465 483 1
466 484 7
467 485 11
468 486 7
469 487 1
470 488 9
471 489 13
471 490 12
472 491 12
473 492 1
474 493 2
475 494 3
476 495 7
477 496 13
478 497 6
479 498 2
480 499 8
481 500 3
482 501 12
483 502 12
484 502 9
485 503 13
486 503 4
487 504 2
488 504 6
489 505 7
490 506 10
491 506 7
492 507 5
493 507 3
494 508 9
495 509 9
496 510 3
497 511 2
498 512 3
499 513 3
500 513 5
501 514 6
502 515 10
502 516 11
503 517 4
503 518 7
504 519 6
505 520 3
506 521 5
506 522 12
507 523 9
507 524 1
508 525 3
508 526 12
508 527 2
509 528 2
510 529 9
511 530 13
511 531 12
512 532 13
513 533 6
514 534 7
515 535 9
516 535 2
517 536 3
518 537 10
519 538 12
520 539 10
521 540 3
522 541 12
523 542 6
524 543 11
525 544 6
526 544 9
527 545 5
528 546 11
529 547 2
530 548 3
531 549 6
532 550 3
533 550 3
534 551 13
535 552 10
536 553 8
537 554 12
538 555 11
539 556 7
540 557 5
541 558 10
542 559 8
543 560 3
544 561 3
545 562 13
546 563 13
547 564 4
548 565 4
549 566 2
550 567 11
551 568 9
552 569 13
553 570 8
554 571 5
555 572 7
556 573 1
557 574 8
558 575 9
559 576 7
560 577 1
561 578 11
562 579 5
563 580 9
564 581 8
565 582 13
566 583 5
567 584 5
568 585 9
569 586 8
570 587 5
571 588 1
572 588 8
573 589 6
574 590 13
575 591 7
576 592 1
577 593 4
578 594 8
579 595 4
580 596 9
581 597 10
582 598 6
583 599 10
584 599 9
585 600 4
586 601 9
586 602 9
587 603 12
587 604 4
587 605 2
588 606 5
588 607 13
589 608 8
589 609 2
590 610 3
591 611 8
592 612 5
593 613 8
593 614 13
593 615 8
594 616 10
595 617 11
595 618 6
596 619 1
596 620 8
597 621 12
598 622 8
598 623 10
599 624 6
600 625 4
601 625 7
602 626 9
603 627 5
604 628 12
605 629 4
606 630 5
607 631 6
608 631 4
609 632 3
610 632 9
611 632 4
612 633 9
613 633 7
614 634 8
615 635 6
616 636 6
617 637 2
618 638 3
619 639 8
620 640 5
621 640 8
622 641 13
623 641 1
624 641 1
625 642 1
626 643 2
627 643 2
628 643 9
629 644 10
630 645 7
631 645 3
632 645 1
633 646 4
634 646 1
635 647 9
636 648 2
637 649 2
638 649 5
639 650 1
640 650 7
641 651 13
642 652 7
642 653 9
642 654 4
642 655 8
643 656 3
643 657 4
644 658 10
645 659 9
646 660 5
647 661 3
647 662 10
648 663 8
648 664 10
649 665 11
649 666 9
650 667 12
651 668 3
652 669 12
653 670 11
654 671 4
655 672 5
656 673 3
657 674 12
658 675 1
659 676 9
660 677 11
661 678 7
662 679 10
663 680 6
664 681 11
665 682 6
666 683 3
667 684 13
668 685 9
669 686 4
670 687 9
671 688 10
672 688 12
673 689 11
674 690 6
675 690 7
676 691 13
677 691 7
678 692 13
679 692 6
680 693 12
681 693 7
682 694 2
683 695 8
684 695 3
685 696 4
686 697 3
687 698 8
687 699 3
687 700 1
688 701 7
688 702 3
689 703 7
689 704 2
690 705 13
691 706 5
691 707 9
692 708 13
693 709 12
694 710 1
695 711 13
695 712 1
696 713 9
696 714 1
697 715 4
698 715 10
699 716 8
700 716 13
701 716 4
702 716 13
703 717 5
704 718 9
705 718 2
706 719 3
707 720 12
708 720 1
709 721 2
710 722 3
711 722 12
712 723 12
713 723 12
714 723 13
715 724 12
715 725 5
715 726 2
716 727 13
716 728 3
716 729 12
716 730 9
716 731 9
717 732 13
717 733 2
718 734 3
718 735 2
719 736 9
720 737 9
720 738 6
721 739 2
722 740 10
722 741 3
722 742 2
723 743 11
724 744 11
725 745 13
726 746 9
727 747 13
728 748 13
729 749 3
730 750 11
731 751 8
732 752 8
733 753 11
734 754 12
735 755 2
736 756 2
737 757 2
738 758 10
739 759 6
740 760 7
741 761 4
742 762 7
743 762 5
744 763 5
745 764 9
746 765 3
747 766 13
748 767 2
749 768 6
750 769 3
751 770 12
752 771 11
753 772 2
754 773 9
755 774 2
756 775 7
757 776 5
758 777 2
759 778 12
760 779 6
761 780 6
762 781 6
763 782 6
764 783 8
765 784 9
766 785 9
767 786 11
768 787 11
769 788 6
770 789 4
771 790 2
772 791 3
773 792 2
774 793 6
775 794 5
776 794 11
777 795 4
778 796 3
779 797 9
780 798 11
781 799 11
782 800 12
783 800 7
784 800 1
785 800 1
786 800 5
787 800 5
788 800 5
789 800 9
790 800 11
791 800 2
792 800 5
793 800 3
794 800 1
795 800 13
796 800 12
797 800 7
798 800 4
799 800 4
