1 2 1
1 3 4
1 4 1
2 5 3
2 6 3
2 7 4
2 8 1
3 9 2
3 10 4
3 11 3
3 12 2
4 13 2
4 14 3
4 15 5
4 16 3
5 17 5
6 18 2
7 19 2
8 20 4
9 21 1
10 22 4
11 23 1
12 24 1
13 25 2
14 26 1
15 27 2
16 28 2
17 29 2
18 30 5
19 31 1
20 32 2
20 33 3
21 34 3
21 35 1
21 36 1
22 37 1
23 38 1
23 39 5
24 40 4
25 41 5
26 42 3
26 43 3
26 44 1
27 45 1
28 46 3
28 47 5
29 48 3
30 49 1
31 50 5
32 51 5
33 51 5
34 52 3
35 52 4
36 53 4
37 53 1
38 53 1
39 54 1
40 54 3
41 55 5
42 55 5
43 56 2
44 57 5
45 57 1
46 58 4
47 59 3
48 60 1
49 61 1
50 62 4
51 63 5
52 64 5
53 65 3
54 66 4
55 67 5
56 68 2
57 69 3
58 70 5
59 71 3
60 72 5
60 73 3
61 74 5
62 75 1
63 76 4
64 77 3
65 78 2
66 79 4
66 80 4
67 81 3
68 82 2
69 83 4
70 84 2
71 85 1
72 86 4
72 87 5
72 88 2
73 89 5
74 90 4
74 91 2
75 92 2
76 93 5
77 94 3
78 95 2
79 96 3
80 97 2
81 98 2
82 99 1
83 100 4
84 101 4
85 102 4
86 103 1
87 104 5
88 105 2
89 106 5
90 107 5
91 108 1
92 108 3
93 109 1
94 109 4
95 110 5
96 111 2
97 112 3
98 113 5
99 114 3
100 115 2
101 115 4
102 116 5
103 117 3
104 117 4
105 118 3
106 119 3
107 120 5
108 121 5
109 122 4
110 123 3
111 124 4
112 125 2
113 126 4
114 127 3
115 128 2
116 128 2
117 129 5
118 130 5
119 131 2
120 132 4
121 133 1
122 134 2
122 135 1
123 136 1
123 137 2
124 138 5
124 139 4
124 140 3
125 141 5
125 142 3
125 143 4
125 144 1
126 145 5
127 146 2
128 147 5
129 148 3
130 149 3
131 150 4
132 151 5
133 152 2
134 153 1
135 154 2
136 155 2
137 156 3
138 157 1
139 158 5
140 158 4
141 159 5
142 160 1
143 161 2
144 162 4
145 163 3
146 163 4
147 163 4
148 164 5
149 165 4
150 166 4
151 167 2
152 168 1
153 169 3
154 170 1
155 171 2
156 171 3
157 172 1
158 173 5
159 174 4
160 175 2
161 176 4
162 177 5
163 178 1
164 179 2
165 180 1
166 181 4
167 182 3
168 183 2
169 184 5
170 185 5
171 186 2
172 187 4
173 188 3
174 189 2
175 190 4
176 191 2
177 192 4
178 193 5
179 194 1
180 195 3
181 196 2
182 197 2
182 198 3
183 199 3
184 200 1
185 201 5
186 202 5
187 203 4
188 204 3
189 205 4
190 206 5
191 207 4
192 208 2
193 209 1
194 210 4
195 211 4
196 212 5
197 213 2
197 214 4
198 215 1
199 216 1
200 217 5
201 218 4
201 219 1
202 220 2
203 221 5
204 222 3
205 223 3
206 224 4
207 225 4
208 226 2
209 227 4
209 228 1
210 229 2
211 230 3
212 231 4
213 232 3
214 233 2
215 234 1
216 235 2
217 236 5
218 237 2
219 238 5
220 239 5
221 240 1
222 241 2
223 242 2
224 243 1
225 244 5
226 245 1
227 246 3
228 247 5
229 248 2
230 248 5
231 249 4
232 250 3
233 251 1
234 252 5
235 252 5
236 252 5
237 253 4
238 254 4
239 254 1
240 255 2
241 256 5
242 256 2
243 257 1
244 258 4
245 258 1
246 258 2
247 259 4
248 260 5
249 261 4
250 262 1
251 263 5
252 264 4
253 265 1
254 266 4
255 267 2
256 268 2
257 269 1
258 270 5
259 271 4
260 272 1
261 273 4
261 274 4
262 275 5
263 276 3
264 277 2
264 278 5
265 279 4
265 280 1
266 281 4
267 282 1
267 283 2
268 284 1
268 285 5
269 286 4
270 287 2
271 288 4
272 289 4
273 290 5
274 291 1
275 292 4
276 293 2
277 294 4
277 295 2
278 296 3
278 297 5
279 298 2
280 299 5
281 300 4
282 301 1
283 302 5
284 303 3
285 304 2
286 305 2
287 306 5
288 307 4
289 308 1
290 308 4
291 309 2
292 309 2
293 310 2
294 311 5
295 312 4
296 313 3
297 313 5
298 313 2
299 314 2
300 315 2
301 316 3
302 317 1
303 318 4
304 319 5
305 319 3
306 319 4
307 319 4
308 320 3
309 321 1
309 322 4
310 323 1
311 324 2
312 325 2
312 326 2
313 327 2
314 328 3
315 329 2
316 330 4
316 331 5
317 332 1
318 333 5
318 334 1
319 335 4
320 336 2
321 337 2
322 338 4
323 339 4
324 340 3
325 341 3
326 342 3
327 343 5
328 343 2
329 344 4
330 345 2
331 345 5
332 346 5
333 346 3
334 347 2
335 348 3
336 349 4
337 350 3
338 351 2
339 352 3
340 353 1
341 354 1
342 355 3
343 356 4
344 357 5
345 358 5
346 359 5
347 360 1
348 360 4
349 361 1
349 362 2
349 363 1
350 364 1
350 365 4
350 366 4
351 367 3
351 368 1
352 369 3
353 370 3
354 371 5
354 372 3
355 373 2
355 374 1
356 375 4
357 376 1
358 377 5
359 378 5
360 379 1
361 380 2
362 380 4
363 381 4
364 382 2
365 382 2
366 383 5
367 384 4
368 385 4
369 386 3
370 387 3
371 388 2
372 389 1
373 390 3
374 391 1
375 392 2
376 392 5
377 393 1
378 394 3
379 395 2
380 396 5
381 397 3
382 398 4
383 399 3
384 400 2
385 401 4
385 402 5
386 403 1
387 404 2
388 405 2
389 406 1
390 407 5
390 408 3
391 409 3
392 410 5
393 411 1
394 412 2
394 413 1
395 414 5
396 415 5
397 415 1
398 416 1
399 417 3
400 418 4
401 418 5
402 419 4
403 420 1
404 421 2
405 421 4
406 422 3
407 423 2
408 423 3
409 423 2
410 424 5
411 425 1
412 425 2
413 426 3
414 427 2
415 428 1
416 429 3
417 430 4
418 431 4
419 432 2
420 433 5
421 434 5
422 435 4
423 436 3
424 437 5
425 438 4
426 439 2
427 440 4
428 441 4
429 442 5
430 443 4
430 444 4
431 445 1
431 446 4
432 447 4
432 448 3
433 449 5
434 450 4
435 451 3
435 452 3
435 453 4
436 454 5
436 455 2
437 456 5
438 457 5
439 458 2
440 459 5
441 460 1
442 460 1
443 461 4
444 462 5
445 463 5
446 464 1
447 465 4
448 466 2
449 467 3
450 468 4
451 469 1
452 470 1
453 470 1
454 471 3
455 472 5
456 473 5
457 474 4
458 475 3
459 476 3
460 477 5
461 477 4
462 478 1
463 479 1
464 480 1
465 481 4
466 481 1
467 481 4
468 482 3
469 483 4
470 484 1
471 485 5
472 485 4
473 485 4
474 486 2
475 487 4
476 488 5
477 489 2
477 490 2
478 491 4
479 492 5
480 493 3
480 494 5
481 495 3
482 496 2
483 497 3
483 498 2
484 499 1
485 500 5
485 501 1
486 502 1
487 503 1
488 504 4
488 505 1
489 506 5
490 507 2
491 508 5
492 509 1
493 509 2
494 510 5
495 511 4
496 512 2
497 513 5
498 513 1
499 514 2
500 515 3
501 516 2
502 517 2
503 518 4
504 518 3
505 519 5
506 520 1
507 521 4
508 522 4
509 523 2
510 524 5
511 525 2
512 526 1
513 526 2
514 527 2
515 527 3
516 528 1
517 529 5
518 529 1
519 530 5
520 531 4
521 532 2
521 533 4
522 534 2
523 535 1
523 536 1
524 537 2
525 538 5
526 539 1
527 540 4
527 541 4
528 542 4
529 543 5
529 544 5
529 545 1
530 546 3
531 547 2
532 548 2
533 549 3
534 550 3
535 551 4
536 552 4
537 553 5
538 554 3
539 555 5
540 556 5
541 557 2
542 558 3
543 559 3
544 560 1
545 561 4
546 562 1
547 563 4
548 564 4
549 565 3
550 565 4
551 565 2
552 566 2
553 567 1
554 568 5
555 569 2
556 570 5
557 570 3
558 571 5
559 572 5
560 573 2
561 574 1
562 574 3
563 575 4
564 576 1
564 577 4
565 578 5
566 579 2
567 580 4
568 581 5
568 582 3
569 583 3
570 584 1
570 585 1
570 586 1
571 587 2
572 588 4
572 589 3
573 590 4
574 591 5
574 592 3
575 593 2
576 594 5
577 595 5
578 595 2
579 596 5
580 597 1
581 597 2
582 598 4
583 599 2
584 600 2
585 601 1
586 601 5
587 602 3
588 602 3
589 603 1
590 604 4
591 605 1
592 605 1
593 606 3
594 607 1
595 608 3
596 609 2
596 610 4
596 611 4
597 612 5
598 613 1
598 614 2
599 615 2
600 616 4
601 617 3
602 618 2
602 619 3
603 620 1
604 621 4
605 622 3
605 623 2
605 624 5
606 625 1
607 626 4
608 626 4
609 627 4
610 627 5
611 628 2
612 629 2
613 630 4
614 630 1
615 631 2
616 632 4
617 632 3
618 632 1
619 632 5
620 633 1
621 633 1
622 634 4
623 634 4
624 635 5
625 636 5
626 637 3
627 638 4
627 639 4
628 640 1
628 641 3
629 642 3
630 643 1
631 644 1
632 645 4
633 646 3
634 647 1
635 648 1
635 649 4
636 650 5
637 651 5
638 652 4
639 653 2
640 654 5
641 655 4
642 656 3
643 657 4
644 658 2
645 659 2
646 660 3
647 661 2
648 662 5
649 663 2
650 664 2
651 665 3
652 666 2
653 667 1
654 668 2
655 669 5
656 670 4
657 671 4
657 672 3
658 673 3
659 674 2
660 675 4
661 676 2
662 677 1
663 678 4
663 679 1
664 680 4
665 681 2
666 682 5
667 682 4
668 683 2
669 683 3
670 684 1
671 684 2
672 685 4
673 686 1
674 687 4
675 688 1
676 689 3
677 690 3
678 690 3
679 691 5
680 692 3
681 693 1
682 694 4
683 695 4
684 696 4
685 697 1
686 698 4
687 699 1
687 700 1
688 701 4
689 702 4
690 703 3
690 704 3
691 705 3
692 706 4
693 707 4
694 708 5
695 709 2
696 710 4
697 710 5
698 711 1
699 712 3
700 712 2
701 713 2
702 714 2
703 715 2
704 716 3
705 717 2
706 718 4
707 718 2
708 719 2
709 720 4
710 721 4
711 722 5
712 723 4
713 724 1
714 725 1
715 726 1
716 727 4
717 728 3
718 729 4
718 730 5
718 731 1
719 732 5
719 733 1
720 734 2
721 735 2
722 736 4
723 737 2
724 738 5
725 739 3
725 740 3
725 741 5
726 742 1
727 743 2
727 744 5
728 745 5
728 746 1
728 747 3
729 748 1
730 749 3
731 750 3
732 751 1
733 752 2
734 753 3
735 754 5
736 755 3
737 756 5
738 757 1
739 758 5
740 759 1
741 760 2
742 761 1
743 762 2
744 763 2
745 764 2
746 765 2
747 766 4
748 767 5
749 768 5
750 768 3
751 769 5
752 770 4
753 771 1
754 771 1
755 772 5
756 773 3
757 774 2
758 774 4
759 774 4
760 775 2
761 776 2
762 777 4
763 777 3
764 778 3
765 779 4
766 780 2
767 781 4
768 782 2
768 783 4
769 784 1
770 785 4
771 786 2
772 787 1
772 788 1
773 789 2
774 790 5
775 791 3
775 792 4
776 793 3
777 794 3
777 795 4
778 796 4
779 797 4
779 798 4
780 799 4
781 800 5
782 800 1
783 800 3
784 800 5
785 800 4
786 800 3
787 800 5
788 800 4
789 800 5
790 800 3
791 800 5
792 800 5
793 800 5
794 800 3
795 800 3
796 800 3
797 800 2
798 800 2
799 800 1
