1 2 17
1 3 12
1 4 6
1 5 2
1 6 3
2 7 8
2 8 19
3 9 4
3 10 14
3 11 27
3 12 15
3 13 11
4 14 16
4 15 12
5 16 11
5 17 16
5 18 12
6 19 19
6 20 29
7 21 5
8 21 29
9 21 26
10 21 22
11 21 28
12 22 27
13 22 9
14 23 24
15 23 18
16 23 29
17 24 23
18 24 23
19 24 6
20 24 28
21 25 13
22 26 10
22 27 5
22 28 7
22 29 17
23 30 16
23 31 11
23 32 21
24 33 6
24 34 13
24 35 1
25 36 18
26 37 17
27 37 19
28 38 29
29 39 27
30 39 19
31 40 14
32 41 21
33 42 15
34 43 20
35 43 27
36 44 25
37 45 9
38 45 12
39 46 12
40 47 24
41 48 20
42 49 21
43 50 1
44 51 8
44 52 29
45 53 5
45 54 26
46 55 2
46 56 18
47 57 2
47 58 15
48 59 11
48 60 23
48 61 13
48 62 19
49 63 20
49 64 20
50 65 10
50 66 25
51 67 21
52 67 13
53 67 10
54 67 23
55 68 26
56 68 12
57 68 10
58 68 26
59 69 18
60 69 15
61 70 16
62 71 24
63 71 10
64 72 21
65 73 3
66 73 1
67 74 19
68 74 8
69 74 19
70 75 9
71 76 24
72 77 10
73 77 1
74 78 8
74 79 28
75 80 13
76 81 4
76 82 14
77 83 10
78 84 9
79 85 25
80 86 9
81 87 16
82 88 27
82 89 20
83 90 10
84 91 8
84 92 3
84 93 12
85 94 22
86 95 12
87 96 16
88 97 13
89 98 11
90 99 2
91 100 24
92 100 6
93 100 9
94 100 18
95 100 7
96 100 13
97 100 15
98 100 16
99 100 9
