1 2 45
1 3 24
1 4 14
1 5 54
2 6 26
3 7 34
4 8 58
4 9 20
5 10 26
5 11 46
6 12 30
7 13 1
8 14 27
9 14 14
10 15 17
11 16 68
12 17 59
13 18 65
14 19 14
14 20 38
14 21 67
15 22 67
16 23 5
16 24 44
16 25 33
17 26 42
18 26 61
19 27 25
20 28 65
21 29 29
22 30 47
23 31 69
24 32 68
25 32 36
26 33 6
27 34 36
28 35 28
29 36 39
29 37 68
30 38 44
30 39 9
31 40 29
32 41 28
33 42 18
34 43 15
35 44 27
36 44 19
37 45 26
38 46 41
39 46 36
40 46 17
41 46 52
42 47 42
42 48 43
42 49 13
43 50 52
44 51 66
45 52 52
45 53 42
45 54 46
46 55 7
47 56 54
48 57 26
49 58 61
50 59 6
51 60 54
52 61 50
53 62 37
54 63 12
55 64 52
56 65 56
57 65 65
58 65 39
59 66 50
60 67 19
61 68 55
62 68 10
63 68 9
64 69 12
65 70 54
66 71 44
67 72 1
68 73 49
69 74 65
70 75 11
71 76 63
72 77 11
73 78 32
74 79 53
74 80 1
75 81 30
76 82 53
77 83 46
78 84 42
79 85 38
80 86 34
81 87 15
82 88 54
83 89 65
84 90 22
85 91 44
86 92 28
87 93 47
88 94 22
89 95 9
90 96 27
91 97 29
91 98 65
92 99 30
93 100 60
94 100 53
95 100 24
96 100 15
97 100 68
98 100 56
99 100 43
