1 2 35
1 3 8
2 4 11
2 5 48
3 6 26
3 7 9
4 8 43
4 9 7
5 10 49
5 11 5
6 12 31
7 13 30
8 14 3
8 15 33
9 16 17
10 17 26
11 18 5
12 19 18
12 20 31
13 21 13
14 22 1
15 23 10
16 24 17
17 25 36
18 26 42
19 27 18
20 28 22
21 28 34
22 29 15
23 30 7
24 31 37
25 32 25
26 33 15
27 34 35
28 35 45
29 36 47
29 37 10
30 38 43
30 39 27
31 40 17
32 41 39
33 42 47
33 43 4
34 44 35
34 45 20
35 46 36
35 47 35
36 48 39
37 49 23
38 49 48
39 49 36
40 50 3
41 50 14
42 50 48
43 50 2
44 51 8
45 52 17
46 52 7
47 52 24
48 53 35
49 54 37
50 55 23
51 56 7
51 57 19
52 58 22
52 59 49
53 60 13
54 61 25
55 61 23
56 62 9
57 63 34
58 64 32
59 64 8
60 65 27
60 66 15
61 67 36
61 68 21
62 69 23
62 70 10
63 71 12
63 72 47
64 73 1
64 74 25
65 75 38
66 76 47
67 77 42
68 77 10
69 78 23
70 79 37
71 79 46
72 79 5
73 80 32
74 80 15
75 81 7
76 81 31
77 82 26
78 82 17
79 83 41
80 84 47
81 85 42
81 86 16
82 87 48
83 88 8
84 89 6
85 90 43
85 91 22
86 92 18
86 93 22
87 94 41
87 95 31
88 96 25
88 97 35
89 98 23
89 99 18
90 100 21
91 100 33
92 100 29
93 100 28
94 100 6
95 100 32
96 100 29
97 100 27
98 100 34
99 100 22
