1 2 72
1 3 5
1 4 30
2 5 65
2 6 26
2 7 44
3 8 24
3 9 69
3 10 37
3 11 6
4 12 52
4 13 21
4 14 31
5 15 98
6 16 5
7 16 46
8 17 51
9 17 66
10 17 13
11 18 27
12 18 51
13 19 72
14 20 65
15 21 41
16 22 12
17 23 71
18 24 56
19 25 83
20 26 33
21 27 69
22 28 35
23 29 46
24 30 27
25 30 99
26 30 35
27 31 82
28 32 16
29 33 52
30 33 46
31 34 31
31 35 58
32 36 53
32 37 44
32 38 25
33 39 43
34 40 9
34 41 10
34 42 64
34 43 58
35 44 41
36 45 80
36 46 29
36 47 57
37 48 53
37 49 36
37 50 86
38 51 72
38 52 99
38 53 45
39 54 69
39 55 32
39 56 80
39 57 63
40 58 65
41 58 41
42 58 62
43 58 90
44 58 30
45 58 89
46 58 21
47 58 28
48 59 27
49 59 28
50 59 87
51 59 94
52 60 98
53 60 73
54 60 72
55 60 93
56 60 78
57 60 15
58 61 42
58 62 56
59 63 74
59 64 79
60 65 55
61 66 72
62 67 4
63 68 32
64 69 45
65 70 89
66 71 34
67 71 31
68 71 47
69 72 8
70 73 70
71 74 5
71 75 96
71 76 78
71 77 86
72 78 93
73 79 69
73 80 45
74 81 21
75 81 36
76 82 75
77 83 33
78 84 91
79 85 78
80 85 5
81 86 42
82 87 2
83 88 44
83 89 89
83 90 29
84 91 53
84 92 32
85 93 80
86 94 38
87 94 82
88 94 71
89 94 30
90 95 18
91 95 22
92 95 87
93 95 93
94 96 88
94 97 84
94 98 28
95 99 62
96 100 16
97 100 32
98 100 92
99 100 32
