1 2 5
1 3 2
1 4 4
1 5 2
1 6 4
2 7 2
2 8 1
2 9 1
2 10 2
2 11 2
3 12 3
3 13 2
3 14 4
3 15 1
3 16 5
4 17 5
4 18 2
4 19 3
4 20 4
4 21 1
5 22 2
5 23 5
5 24 1
5 25 1
5 26 4
6 27 5
6 28 2
6 29 1
6 30 2
7 31 4
8 32 1
9 33 1
10 34 2
11 35 1
12 35 2
13 35 3
14 36 5
15 37 4
16 38 5
17 38 3
18 39 1
19 40 4
20 40 5
21 41 1
22 42 2
23 43 1
24 44 5
25 45 5
26 46 4
27 47 1
28 47 1
29 48 3
30 49 1
31 50 5
32 51 4
33 52 1
34 52 3
35 53 1
36 54 4
37 55 2
38 56 3
39 57 1
40 58 1
41 59 1
42 59 4
43 60 4
44 61 5
45 62 2
46 62 2
47 62 2
48 63 2
49 64 1
50 65 3
51 66 5
51 67 3
52 68 5
53 69 5
54 70 4
55 71 1
56 72 2
57 73 1
57 74 2
58 75 5
59 76 2
60 77 2
61 78 4
62 79 2
63 80 4
64 81 3
64 82 3
65 83 2
66 84 3
67 85 5
68 86 4
69 87 2
70 88 1
71 89 1
72 90 4
73 91 4
74 92 5
75 93 3
76 94 4
77 95 1
78 96 3
79 97 5
80 98 2
80 99 2
81 100 4
81 101 5
81 102 4
82 103 3
82 104 2
82 105 4
83 106 2
84 106 4
85 107 5
86 107 3
87 108 5
88 109 4
89 109 1
90 110 1
91 110 3
92 110 1
93 111 3
94 112 2
95 113 2
96 113 4
97 114 1
98 115 5
99 116 5
100 117 2
101 118 1
102 119 1
103 120 3
104 121 5
105 121 4
106 122 2
107 123 2
107 124 2
107 125 5
108 126 4
108 127 1
109 128 1
110 129 3
111 130 1
112 131 2
113 132 4
114 133 1
115 134 5
116 135 1
117 136 5
118 137 2
118 138 3
119 139 5
120 140 3
121 141 1
121 142 4
122 143 1
123 144 3
124 145 2
125 146 5
126 147 3
126 148 2
127 149 1
128 150 4
129 151 5
130 152 5
131 153 4
132 154 3
133 155 3
134 156 4
135 157 2
136 158 5
136 159 5
137 160 3
138 161 1
139 162 5
140 163 3
141 164 3
142 165 5
143 166 5
144 167 1
145 168 5
146 169 2
147 170 1
148 171 5
149 172 5
150 173 2
151 173 4
152 174 4
153 175 4
154 176 2
155 177 5
156 178 5
157 179 1
158 180 2
159 180 1
160 181 2
161 182 2
162 183 2
163 184 3
164 185 3
165 185 1
166 186 2
167 187 3
168 188 1
169 189 2
170 190 5
171 191 4
172 192 5
173 193 5
174 194 4
175 195 4
176 196 3
177 197 1
178 198 2
179 199 2
180 200 5
181 201 1
182 202 4
183 203 2
184 204 1
185 205 5
186 206 5
187 207 4
188 208 2
189 209 3
190 210 2
191 211 2
191 212 5
192 213 1
192 214 2
193 215 3
194 216 4
195 217 2
195 218 4
196 219 1
197 220 5
197 221 1
198 222 4
199 223 3
200 224 2
201 225 2
202 226 3
203 227 5
204 228 3
205 229 2
206 230 3
207 231 2
208 232 1
209 233 2
210 233 5
211 233 5
212 234 5
213 235 1
214 235 2
215 235 2
216 236 1
217 236 3
218 237 4
219 238 4
220 239 3
221 240 4
222 240 2
223 241 3
224 241 1
225 242 3
226 243 4
227 244 5
228 245 1
229 246 5
230 247 1
231 248 3
232 249 5
233 250 5
234 251 4
235 252 2
235 253 3
236 254 2
237 255 1
238 256 4
239 257 3
239 258 1
240 259 1
241 260 1
242 261 5
243 262 2
243 263 2
244 264 2
245 265 4
245 266 4
246 267 5
247 268 3
248 269 5
249 270 2
250 271 2
251 272 2
252 273 5
253 274 2
254 275 1
255 276 2
256 277 5
257 278 5
258 279 2
259 280 3
260 281 2
261 282 3
262 283 2
263 284 4
264 284 3
265 285 5
266 286 3
267 287 5
268 288 2
269 289 3
270 290 2
271 291 1
272 292 1
273 293 5
274 294 5
275 295 4
276 296 3
277 297 1
278 298 5
279 299 4
280 300 3
281 301 4
282 302 5
283 303 4
284 303 1
285 304 5
286 305 1
287 305 2
288 306 1
289 307 2
290 308 2
291 309 1
292 310 4
293 311 1
294 312 1
295 313 3
296 314 3
297 315 2
297 316 4
298 317 4
298 318 3
299 319 5
299 320 1
300 321 2
301 322 5
302 323 2
302 324 5
303 325 2
304 326 2
304 327 4
305 328 1
306 329 2
307 330 5
308 331 5
309 331 2
310 331 3
311 332 5
312 332 1
313 333 4
314 333 5
315 334 2
316 335 3
317 335 2
318 336 5
319 336 1
320 337 5
321 338 2
322 338 4
323 338 4
324 339 3
325 339 2
326 340 5
327 341 3
328 341 4
329 342 2
329 343 2
330 344 1
331 345 3
331 346 3
332 347 4
332 348 5
332 349 2
333 350 2
334 351 4
334 352 5
335 353 5
336 354 3
336 355 1
337 356 4
338 357 2
338 358 2
339 359 3
339 360 3
340 361 1
341 362 2
342 363 1
343 364 2
344 365 1
345 366 1
346 367 4
347 368 2
348 369 1
349 369 2
350 370 1
351 371 4
352 372 1
353 373 3
354 374 2
355 375 3
356 375 3
357 376 3
358 377 1
359 377 5
360 377 3
361 378 4
362 378 4
363 379 5
364 380 5
365 381 5
366 382 4
367 383 5
368 384 5
369 385 3
370 386 4
371 387 5
372 388 2
373 389 5
374 390 1
375 391 5
376 392 4
377 392 2
378 392 5
379 393 3
380 394 2
381 395 5
382 396 4
382 397 2
383 398 3
384 399 2
385 400 5
385 401 4
386 402 2
387 403 4
387 404 5
387 405 2
388 406 3
389 407 3
390 408 5
390 409 4
391 410 3
391 411 4
392 412 3
392 413 4
393 414 4
393 415 4
394 416 3
394 417 5
395 418 3
396 419 4
397 420 1
398 421 2
398 422 1
398 423 5
399 424 4
399 425 2
399 426 2
400 427 5
400 428 1
401 429 2
402 430 2
402 431 5
403 432 1
403 433 1
404 434 1
404 435 3
405 436 5
405 437 3
405 438 2
406 439 1
406 440 4
406 441 5
407 442 2
407 443 4
407 444 5
408 445 1
408 446 3
409 447 5
409 448 3
410 449 5
410 450 5
411 451 3
411 452 4
412 453 2
413 454 3
413 455 2
413 456 4
414 457 1
415 457 4
416 458 2
417 459 4
418 459 1
419 459 2
420 460 1
421 460 1
422 461 3
423 461 4
424 461 4
425 462 5
426 462 1
427 463 1
428 463 5
429 463 2
430 464 2
431 464 5
432 464 1
433 465 5
434 465 3
435 465 2
436 465 5
437 465 3
438 466 1
439 467 2
440 467 1
441 467 1
442 467 1
443 467 2
444 467 3
445 468 5
446 468 1
447 468 4
448 469 3
449 469 1
450 470 4
451 470 3
452 470 3
453 471 4
454 472 3
455 472 4
456 472 3
457 473 1
458 474 4
458 475 2
458 476 4
459 477 4
460 478 2
461 479 2
462 480 4
463 481 5
463 482 2
464 483 5
465 484 1
466 485 3
466 486 1
467 487 2
467 488 2
468 489 1
468 490 5
468 491 2
469 492 5
470 493 4
470 494 4
471 495 3
472 496 2
472 497 4
473 498 5
474 499 1
475 500 1
476 500 2
477 500 4
478 501 2
479 502 2
480 502 3
481 503 1
482 503 1
483 504 4
484 505 4
485 506 4
486 506 4
487 507 1
488 508 1
489 508 4
490 509 2
491 510 3
492 510 4
493 511 3
494 512 1
495 512 3
496 513 2
497 514 2
498 515 1
499 516 5
500 517 5
501 518 5
502 519 2
503 520 5
504 521 2
505 522 1
506 523 4
506 524 4
506 525 5
507 526 1
508 527 4
508 528 5
509 529 3
509 530 1
510 531 3
511 532 2
511 533 3
512 534 3
513 535 2
514 536 3
515 537 3
516 538 5
517 539 3
518 540 4
519 541 1
520 541 2
521 542 1
522 543 4
523 544 1
524 544 1
525 544 3
526 545 2
527 546 3
528 547 1
529 548 3
530 549 1
531 550 3
532 550 4
533 551 4
534 552 3
535 552 2
536 553 3
537 554 5
538 555 4
539 556 3
540 557 1
541 558 2
542 559 1
543 560 2
543 561 1
544 562 4
545 563 3
546 564 5
547 565 3
548 566 1
549 567 3
550 568 2
551 569 2
552 570 1
553 571 3
554 572 5
555 573 4
556 574 2
557 575 4
558 576 2
558 577 5
559 578 4
560 579 3
561 580 5
561 581 1
562 582 3
563 583 3
564 584 5
565 585 3
566 586 5
567 587 4
568 588 1
568 589 4
569 590 3
569 591 2
569 592 1
570 593 4
571 594 1
572 595 3
573 596 4
574 597 2
575 597 4
576 598 3
577 599 2
578 600 5
579 600 4
580 600 5
581 600 3
582 601 2
583 601 4
584 602 4
585 603 1
586 604 1
587 605 2
588 605 1
589 606 5
590 607 1
591 607 1
592 608 1
593 609 4
594 609 2
595 610 3
596 611 3
596 612 1
597 613 2
598 614 4
599 615 5
600 616 4
601 617 2
601 618 3
602 619 3
603 620 4
604 621 5
605 622 3
606 623 1
607 624 4
608 625 5
609 626 2
610 627 3
611 628 1
611 629 1
612 630 2
613 631 5
614 632 1
615 633 4
615 634 4
615 635 5
616 636 5
617 637 2
617 638 5
617 639 3
618 640 1
619 641 5
620 642 1
621 643 5
621 644 2
622 645 5
623 646 1
624 647 4
625 648 5
626 649 5
627 650 4
628 651 2
629 652 4
630 653 1
631 654 5
632 655 2
633 656 4
634 657 5
635 658 3
636 659 3
637 660 3
637 661 1
638 662 3
639 663 5
640 664 5
641 665 2
642 666 5
642 667 2
643 668 3
644 669 1
645 670 5
646 671 1
647 672 2
647 673 1
648 674 3
649 675 3
650 676 5
651 677 4
652 678 1
653 678 5
654 679 2
655 680 4
656 680 1
657 681 3
658 682 3
659 683 3
660 684 1
661 685 5
662 685 3
663 686 4
664 686 4
665 687 2
666 687 4
667 688 1
668 688 2
669 689 3
670 690 4
671 691 2
672 692 2
673 693 5
674 694 1
675 695 1
676 696 2
677 696 5
678 697 1
679 698 2
680 699 2
681 700 3
682 700 5
683 701 4
684 702 2
685 703 5
686 704 2
687 705 3
688 706 3
689 706 5
690 707 2
691 708 3
692 709 4
693 709 4
694 710 1
695 711 1
696 712 5
697 713 1
698 714 4
699 715 3
700 716 4
701 717 3
702 718 3
703 719 5
704 720 2
705 721 1
706 722 1
707 723 2
708 724 1
709 725 5
710 726 4
711 727 5
712 728 4
713 729 1
714 730 2
715 731 1
716 732 2
717 733 3
717 734 1
717 735 5
718 736 1
719 737 1
720 738 1
720 739 4
720 740 3
720 741 4
721 742 2
721 743 2
722 744 5
722 745 4
723 746 5
724 747 3
725 748 2
726 749 4
727 750 1
727 751 5
728 752 1
729 752 5
730 753 4
731 753 1
732 754 1
733 755 5
734 755 4
735 756 2
736 757 2
737 757 4
738 758 3
739 759 3
740 760 2
741 761 4
742 762 4
743 762 3
744 763 5
745 764 4
746 765 4
747 766 2
748 767 5
749 767 4
750 768 5
751 768 4
752 769 3
753 770 5
754 771 2
755 772 3
756 773 2
757 774 1
758 775 4
759 776 5
760 777 4
761 778 4
762 779 1
763 780 2
764 781 3
765 782 2
766 783 2
767 784 3
768 785 5
769 786 1
770 787 3
771 788 3
772 789 5
773 790 3
774 791 4
774 792 3
775 793 3
776 794 1
776 795 2
777 796 3
778 797 1
779 798 1
780 799 1
780 800 5
781 801 1
781 802 2
782 803 1
783 804 5
784 805 2
785 806 1
786 807 1
787 808 3
788 809 3
789 810 2
790 811 3
791 812 4
792 812 2
793 813 3
794 814 1
795 815 3
796 815 1
797 816 4
798 817 2
799 818 1
800 819 1
801 820 3
802 820 5
803 821 1
804 822 2
805 823 1
806 824 4
807 825 3
808 826 3
808 827 1
808 828 1
809 829 4
810 830 1
811 831 1
812 832 1
813 833 3
814 834 4
815 835 1
815 836 3
815 837 3
816 838 1
817 839 2
818 840 2
819 841 2
820 842 4
821 843 4
821 844 3
822 845 5
822 846 3
823 847 2
824 848 1
825 849 3
826 850 5
827 851 5
828 852 4
829 853 3
830 854 3
831 854 4
832 855 3
833 856 5
834 856 1
835 857 5
836 858 2
837 859 3
838 860 1
839 861 5
840 861 4
841 862 3
842 863 4
843 864 4
844 865 5
845 865 2
846 866 3
847 867 2
848 868 1
849 869 5
849 870 3
850 871 4
851 872 4
852 873 5
853 874 4
853 875 1
854 876 4
854 877 3
855 878 3
855 879 4
856 880 1
857 881 4
857 882 3
858 883 2
859 884 1
860 885 5
861 886 1
862 887 5
863 888 1
863 889 4
863 890 2
864 891 2
865 892 5
865 893 1
865 894 2
866 895 2
867 896 1
867 897 1
868 898 1
868 899 3
869 900 4
870 900 2
871 900 4
872 900 5
873 900 3
874 900 2
875 900 3
876 900 1
877 900 2
878 900 4
879 900 3
880 900 2
881 900 1
882 900 4
883 900 3
884 900 1
885 900 1
886 900 2
887 900 2
888 900 5
889 900 1
890 900 3
891 900 1
892 900 1
893 900 5
894 900 5
895 900 5
896 900 3
897 900 3
898 900 3
899 900 2
