1 2 1
1 3 1
2 4 1
2 5 1
2 6 1
3 7 1
3 8 1
3 9 1
3 10 1
4 11 1
5 12 1
5 13 1
6 14 1
7 15 1
7 16 1
7 17 1
8 18 1
9 19 1
9 20 1
10 21 1
11 22 1
12 22 1
13 23 1
14 24 1
15 25 1
16 26 1
17 26 1
18 27 1
19 27 1
20 28 1
21 29 1
22 30 1
22 31 1
23 32 1
24 33 1
25 34 1
26 35 1
27 36 1
27 37 1
28 38 1
29 39 1
30 40 1
31 40 1
32 41 1
33 42 1
34 43 1
35 44 1
36 45 1
37 46 1
38 47 1
39 47 1
40 48 1
41 49 1
41 50 1
42 51 1
43 52 1
44 53 1
45 54 1
46 55 1
46 56 1
46 57 1
46 58 1
47 59 1
48 60 1
49 61 1
50 61 1
51 62 1
52 63 1
53 64 1
54 64 1
55 65 1
56 66 1
57 67 1
58 68 1
59 69 1
60 70 1
61 71 1
62 72 1
63 73 1
63 74 1
63 75 1
64 76 1
65 77 1
66 78 1
67 79 1
68 80 1
69 81 1
70 82 1
70 83 1
70 84 1
71 85 1
72 86 1
73 87 1
74 88 1
74 89 1
75 90 1
76 91 1
77 92 1
78 93 1
79 94 1
80 95 1
81 96 1
82 97 1
83 98 1
84 99 1
85 99 1
86 99 1
87 100 1
88 101 1
89 101 1
90 102 1
91 102 1
92 103 1
93 103 1
94 103 1
95 104 1
96 105 1
97 106 1
97 107 1
98 108 1
99 109 1
100 110 1
101 111 1
101 112 1
102 113 1
102 114 1
103 115 1
104 116 1
104 117 1
105 118 1
106 119 1
107 119 1
108 120 1
109 121 1
110 121 1
111 122 1
112 122 1
113 123 1
114 123 1
115 123 1
116 124 1
117 125 1
118 125 1
119 126 1
119 127 1
120 128 1
120 129 1
120 130 1
120 131 1
121 132 1
121 133 1
122 134 1
122 135 1
122 136 1
123 137 1
123 138 1
123 139 1
124 140 1
125 141 1
126 142 1
127 143 1
127 144 1
128 145 1
128 146 1
128 147 1
128 148 1
129 149 1
130 150 1
131 151 1
131 152 1
132 153 1
133 154 1
133 155 1
134 156 1
134 157 1
135 158 1
135 159 1
135 160 1
135 161 1
136 162 1
137 163 1
137 164 1
138 165 1
139 166 1
139 167 1
140 168 1
140 169 1
141 170 1
142 171 1
143 171 1
144 171 1
145 172 1
146 172 1
147 172 1
148 172 1
149 173 1
150 173 1
151 174 1
152 175 1
153 175 1
154 175 1
155 175 1
156 176 1
157 176 1
158 176 1
159 177 1
160 177 1
161 177 1
162 177 1
163 178 1
164 178 1
165 178 1
166 179 1
167 179 1
168 180 1
169 180 1
170 181 1
171 182 1
172 183 1
173 184 1
174 185 1
175 186 1
176 187 1
177 188 1
178 189 1
179 190 1
180 191 1
181 192 1
182 193 1
183 194 1
184 195 1
185 196 1
186 197 1
187 198 1
188 199 1
189 200 1
190 201 1
191 202 1
192 203 1
193 204 1
194 205 1
195 205 1
196 206 1
197 207 1
198 207 1
199 208 1
200 209 1
201 210 1
202 210 1
203 211 1
204 212 1
205 213 1
205 214 1
206 215 1
207 216 1
208 217 1
209 218 1
210 219 1
211 220 1
212 221 1
213 222 1
214 222 1
215 222 1
216 223 1
217 224 1
218 225 1
219 226 1
220 227 1
221 228 1
221 229 1
222 230 1
223 231 1
224 232 1
225 233 1
226 234 1
226 235 1
226 236 1
227 237 1
228 238 1
229 239 1
230 240 1
231 241 1
232 242 1
233 243 1
234 244 1
235 245 1
236 246 1
237 247 1
238 248 1
239 249 1
240 250 1
241 251 1
241 252 1
242 253 1
243 254 1
244 255 1
245 256 1
245 257 1
245 258 1
246 259 1
246 260 1
247 261 1
248 262 1
249 263 1
250 264 1
251 265 1
252 266 1
253 267 1
254 268 1
255 269 1
256 270 1
257 271 1
258 272 1
259 273 1
260 274 1
261 275 1
262 276 1
263 276 1
264 277 1
265 277 1
266 278 1
267 279 1
268 280 1
269 281 1
270 281 1
271 282 1
272 282 1
273 283 1
274 283 1
275 283 1
276 284 1
277 285 1
278 286 1
278 287 1
279 288 1
280 289 1
281 290 1
282 291 1
282 292 1
283 293 1
283 294 1
284 295 1
285 295 1
286 295 1
287 296 1
288 296 1
289 297 1
290 297 1
291 297 1
292 298 1
293 299 1
294 299 1
295 300 1
296 300 1
297 300 1
298 300 1
299 300 1
