1 2 6
1 3 7
1 4 5
1 5 5
1 6 2
2 7 5
2 8 5
2 9 1
3 10 6
3 11 3
4 12 1
4 13 4
5 14 4
5 15 1
5 16 6
5 17 6
6 18 3
6 19 2
6 20 7
7 21 6
8 22 4
9 23 1
10 23 2
11 23 2
12 24 2
13 25 6
14 26 3
15 27 7
16 28 7
17 29 1
18 30 3
19 31 4
20 32 5
21 33 6
22 34 4
22 35 3
22 36 1
22 37 6
23 38 2
24 39 5
24 40 6
24 41 4
25 42 6
26 43 4
27 44 3
27 45 4
28 46 7
28 47 7
28 48 6
29 49 3
30 50 4
30 51 4
31 52 6
31 53 7
32 54 2
33 55 3
34 56 1
35 57 5
36 58 4
37 59 6
38 60 1
39 61 7
40 62 7
41 63 6
42 63 4
43 64 3
44 65 6
45 66 4
46 67 2
47 68 2
48 69 5
49 70 1
50 71 2
51 72 3
52 73 7
53 73 3
54 74 5
55 75 1
56 75 5
57 76 7
58 77 3
59 78 6
60 79 5
61 80 5
62 80 1
63 81 6
64 82 7
65 82 5
66 83 5
67 84 7
68 85 2
69 86 7
70 87 3
71 88 4
72 89 5
73 90 1
74 90 7
75 91 4
75 92 6
76 93 1
77 94 3
78 95 5
78 96 5
78 97 3
78 98 7
79 99 3
80 100 3
80 101 3
81 102 3
81 103 4
82 104 1
83 105 6
84 106 1
85 107 4
85 108 6
86 109 2
87 110 5
87 111 3
88 112 2
89 113 5
90 114 7
91 115 4
92 116 7
93 117 1
94 118 2
95 118 3
96 119 2
97 120 5
98 121 6
99 122 7
100 122 1
101 123 1
102 124 3
103 125 5
104 126 2
105 126 3
106 127 6
107 128 7
108 128 4
109 129 4
110 129 6
111 130 4
112 131 4
113 131 3
114 132 7
115 133 1
116 134 5
117 135 1
118 136 7
119 137 7
120 138 7
121 139 3
122 140 6
123 141 4
124 142 1
125 143 6
126 144 4
127 145 2
128 145 3
129 145 3
130 146 7
131 146 3
132 147 1
133 148 6
134 149 2
135 150 1
136 151 3
137 152 5
137 153 6
137 154 3
138 155 4
139 156 4
139 157 6
140 158 3
141 159 7
142 160 6
143 161 2
144 162 3
145 163 6
146 164 2
146 165 3
147 166 6
148 167 7
149 168 1
150 169 5
151 170 1
152 171 3
153 172 6
154 173 2
155 174 2
156 175 7
157 176 6
158 177 4
159 178 3
160 179 5
161 180 6
162 181 2
163 182 2
164 183 4
165 184 4
166 185 3
167 186 7
168 187 3
169 188 3
170 189 6
171 190 6
171 191 1
172 192 2
172 193 5
173 194 3
174 195 7
174 196 5
175 197 4
175 198 6
175 199 4
176 200 5
177 201 2
178 202 7
179 203 5
179 204 6
180 205 5
181 206 5
182 207 2
183 208 3
183 209 1
184 210 3
185 211 2
185 212 7
186 213 7
187 213 1
188 214 6
189 214 3
190 214 3
191 215 5
192 216 6
193 216 7
194 217 4
195 217 4
196 218 6
197 218 1
198 219 5
199 219 1
200 219 2
201 220 4
202 220 2
203 220 1
204 221 3
205 221 1
206 221 5
207 222 4
208 222 1
209 223 1
210 223 2
211 223 5
212 223 5
213 224 5
214 225 4
215 225 1
216 226 4
217 226 4
218 227 3
219 228 5
220 229 3
221 230 7
222 231 2
223 232 1
224 233 2
224 234 6
224 235 5
224 236 5
225 237 3
225 238 6
225 239 5
226 240 1
226 241 5
227 242 4
228 243 4
228 244 6
229 245 2
229 246 3
230 247 6
231 248 4
231 249 6
232 250 7
233 251 2
234 252 5
235 253 2
236 254 6
237 255 2
238 256 5
239 257 3
240 258 6
241 259 5
242 260 6
243 261 3
244 262 2
245 263 2
245 264 1
246 265 4
247 266 4
248 267 7
249 268 4
250 269 6
251 270 4
252 271 4
253 272 6
254 272 1
255 273 3
256 274 2
257 275 4
258 276 3
259 277 3
260 278 3
261 278 1
262 279 3
263 280 7
264 281 3
265 282 3
266 283 1
267 284 3
268 285 6
269 286 4
270 287 4
271 288 4
272 289 2
273 290 7
274 291 2
274 292 7
275 293 6
276 294 1
277 295 7
278 296 5
279 297 4
280 298 4
281 299 3
282 300 1
283 301 6
284 302 4
285 303 3
286 304 1
287 305 3
288 306 5
289 307 4
290 308 6
291 309 3
292 309 5
293 310 2
294 311 7
295 312 2
296 313 6
297 314 3
298 315 3
299 316 2
300 317 7
301 318 2
302 318 4
303 319 3
304 320 5
305 321 5
306 322 5
307 323 1
308 324 6
309 325 5
310 326 2
310 327 1
311 328 3
312 329 1
313 330 7
314 331 1
315 332 7
316 333 3
317 334 6
318 335 6
319 336 3
320 337 1
321 338 6
322 339 6
323 340 7
323 341 5
324 342 4
325 343 4
326 344 5
327 345 3
327 346 1
328 347 5
329 348 6
329 349 5
330 350 1
331 351 6
332 352 2
332 353 3
333 354 3
334 355 2
334 356 5
334 357 6
335 358 3
336 359 5
336 360 2
337 361 2
338 362 4
339 363 1
340 364 6
341 365 3
342 366 6
343 367 1
344 367 7
345 368 2
346 368 7
347 368 5
348 369 4
349 369 4
350 370 7
351 371 5
352 371 2
353 371 1
354 372 4
355 372 7
356 373 2
357 373 6
358 373 2
359 374 2
360 374 4
361 375 7
362 376 2
363 377 2
364 378 1
365 379 6
366 380 2
367 381 4
367 382 5
368 383 1
369 384 1
370 385 1
370 386 6
371 387 3
372 388 3
372 389 3
372 390 1
373 391 3
373 392 1
373 393 2
374 394 2
374 395 3
375 396 4
376 397 3
377 398 1
378 399 5
379 400 5
380 400 5
381 401 5
382 402 5
383 402 5
384 403 6
385 404 3
386 404 5
387 405 7
388 406 7
389 406 3
390 407 1
391 408 2
392 408 1
393 409 1
394 410 4
395 411 7
396 412 4
397 413 6
397 414 4
398 415 4
399 416 1
400 417 2
401 418 3
402 419 4
403 420 2
404 421 6
405 422 1
406 423 5
407 424 7
407 425 6
408 426 4
408 427 7
409 428 3
410 429 4
410 430 2
410 431 2
411 432 1
412 433 6
413 434 1
414 435 5
415 436 2
416 437 7
417 438 6
418 439 1
419 439 4
420 440 4
421 441 4
422 441 2
423 442 5
424 443 3
425 444 1
426 445 4
427 446 7
428 447 1
429 448 6
430 449 4
431 449 1
432 449 4
433 450 6
434 451 6
434 452 4
434 453 5
435 454 3
435 455 2
436 456 6
436 457 4
437 458 4
437 459 4
438 460 5
439 461 4
440 462 7
440 463 3
441 464 3
441 465 5
442 466 5
443 467 2
443 468 7
443 469 6
444 470 2
444 471 1
444 472 4
444 473 5
444 474 2
445 475 7
445 476 3
446 477 7
446 478 7
447 479 2
447 480 4
447 481 7
447 482 5
448 483 1
448 484 4
448 485 4
448 486 5
448 487 3
449 488 3
449 489 2
450 490 3
450 491 2
450 492 7
450 493 4
451 494 2
452 494 7
453 495 5
454 495 6
455 496 4
456 496 2
457 497 6
458 497 1
459 498 5
460 498 1
461 498 2
462 499 5
463 499 2
464 500 7
465 500 5
466 501 7
467 501 4
468 501 3
469 502 3
470 502 4
471 502 4
472 503 4
473 503 4
474 504 5
475 504 4
476 505 3
477 505 3
478 506 7
479 506 1
480 507 1
481 507 4
482 508 4
483 508 5
484 509 5
485 510 4
486 510 5
487 511 5
488 511 4
489 511 5
490 511 2
491 512 3
492 512 1
493 512 5
494 513 1
495 513 5
496 514 3
497 515 6
498 515 6
499 516 3
500 516 1
501 517 6
502 517 1
503 517 6
504 518 2
505 519 5
506 519 3
507 520 6
508 520 5
509 521 1
510 522 6
511 523 7
512 523 7
513 524 5
513 525 3
514 526 3
515 527 4
516 528 7
517 529 1
517 530 3
518 531 2
519 532 6
520 533 2
521 534 2
522 535 2
523 536 1
524 537 7
525 538 4
526 539 7
527 539 1
528 540 6
529 541 7
530 542 3
531 543 2
532 544 4
533 545 4
534 545 1
535 546 5
536 547 3
537 548 7
537 549 2
538 550 6
538 551 7
539 552 6
540 553 4
540 554 6
540 555 6
541 556 6
541 557 5
541 558 3
542 559 6
543 560 5
543 561 2
543 562 6
543 563 4
544 564 5
545 565 3
546 566 6
547 567 1
547 568 1
548 569 5
549 569 1
550 569 3
551 570 6
552 571 2
553 572 1
554 572 4
555 573 5
556 573 2
557 574 2
558 575 6
559 576 6
560 577 4
561 578 5
562 579 7
563 579 7
564 580 7
565 581 4
566 581 6
567 582 6
568 583 2
569 584 4
570 585 4
571 586 7
572 587 2
572 588 3
573 589 4
574 590 6
575 591 2
575 592 5
575 593 7
576 594 3
576 595 7
576 596 2
577 597 6
577 598 7
578 599 6
579 600 5
579 601 7
580 602 7
580 603 6
580 604 7
581 605 2
581 606 2
582 607 1
583 608 1
583 609 6
583 610 4
584 611 4
585 612 7
586 612 4
587 612 4
588 613 4
589 613 3
590 613 3
591 614 2
592 614 4
593 614 2
594 614 3
595 614 6
596 615 3
597 616 6
598 616 7
599 616 5
600 617 4
601 617 6
602 618 4
603 619 4
604 619 2
605 620 5
606 620 1
607 621 1
608 621 4
609 622 2
610 622 2
611 623 3
611 624 1
612 625 7
612 626 4
613 627 6
614 628 4
615 629 3
615 630 4
615 631 6
616 632 7
616 633 5
617 634 5
617 635 2
618 636 7
618 637 6
618 638 6
619 639 6
619 640 7
620 641 2
621 642 5
621 643 2
621 644 7
622 645 1
622 646 1
623 647 5
624 647 3
625 648 6
626 649 3
627 650 1
628 651 1
629 652 1
630 653 5
631 653 6
632 653 1
633 654 3
634 655 2
635 655 7
636 655 4
637 655 2
638 656 6
639 656 5
640 656 5
641 656 6
642 657 7
643 658 2
644 659 1
645 660 7
646 661 6
647 662 4
648 663 5
649 664 3
649 665 4
650 666 7
651 667 1
651 668 3
652 669 2
653 670 5
654 671 6
655 672 2
655 673 1
656 674 3
657 675 3
658 676 4
659 677 2
660 678 6
661 679 3
661 680 1
662 681 5
663 682 5
664 683 7
665 683 1
666 684 4
667 685 1
668 685 2
669 686 3
670 687 7
671 688 5
672 689 7
673 689 4
674 690 5
675 691 4
676 692 3
677 692 2
678 693 2
679 694 5
680 695 1
681 696 7
682 697 3
683 698 3
684 699 1
685 700 2
686 700 4
687 701 3
688 702 7
689 703 4
690 704 1
691 705 6
692 706 4
693 707 5
694 708 7
695 709 6
696 710 5
697 711 2
698 712 1
699 713 7
700 714 4
700 715 6
701 716 1
702 717 1
703 718 4
704 719 6
704 720 6
705 721 7
706 722 5
707 723 2
708 724 7
709 725 7
710 726 6
711 727 1
712 728 3
713 729 4
714 730 4
715 731 7
715 732 5
716 733 3
717 734 4
718 735 7
718 736 6
719 737 1
720 738 4
721 739 7
722 740 5
723 741 6
723 742 1
724 743 1
725 744 7
726 745 3
727 746 3
728 747 1
729 748 3
730 748 1
731 749 6
732 750 6
733 751 1
734 752 7
735 752 2
736 753 5
737 754 2
738 755 1
739 755 6
740 756 7
741 756 1
742 757 1
743 758 2
744 758 2
745 759 1
746 760 4
746 761 5
746 762 4
747 763 1
748 764 1
749 765 1
749 766 1
749 767 1
750 768 1
751 769 3
752 770 5
753 771 4
754 772 1
755 773 2
755 774 1
755 775 2
756 776 2
757 777 3
758 778 3
758 779 2
759 780 1
760 781 2
761 781 1
762 782 1
763 782 2
764 782 6
765 783 4
766 783 5
767 784 2
768 785 7
769 786 1
770 787 5
771 788 6
772 789 3
773 790 2
774 791 6
775 792 4
776 792 1
777 793 7
778 793 3
779 793 2
780 794 5
781 795 6
782 796 3
783 796 6
784 797 1
785 798 3
786 799 7
787 799 6
788 800 7
789 801 7
790 801 5
791 802 7
792 802 7
793 803 7
794 804 4
794 805 7
795 806 5
796 807 6
797 808 3
798 809 2
799 810 2
799 811 6
800 812 4
801 813 6
802 814 1
802 815 6
803 816 3
804 817 3
804 818 6
804 819 5
805 820 7
805 821 1
806 822 2
807 823 6
807 824 6
808 825 3
809 826 7
810 827 5
810 828 6
811 829 5
812 830 4
812 831 4
813 832 2
814 833 4
814 834 7
815 835 6
816 836 1
817 837 2
818 837 4
819 838 6
820 839 6
821 840 1
822 841 5
823 842 4
824 843 5
825 844 5
826 845 5
827 846 3
828 846 7
829 847 6
830 848 3
831 849 5
832 850 6
833 850 1
834 851 7
835 852 3
836 852 6
837 853 3
838 854 4
838 855 5
839 856 4
840 857 3
841 858 3
842 859 1
843 860 4
844 861 3
844 862 6
845 863 7
846 864 4
847 865 3
848 866 1
849 867 3
850 868 2
851 869 1
851 870 4
852 871 5
853 872 3
854 873 4
855 873 2
856 873 4
857 874 6
858 875 4
859 876 3
860 877 7
861 877 3
862 878 6
863 879 7
864 879 2
865 880 7
866 880 7
867 881 1
868 882 4
869 883 3
870 884 3
871 885 7
872 886 5
873 887 4
874 888 5
875 889 5
876 890 6
877 891 7
878 892 2
879 893 7
880 894 1
881 895 6
882 896 7
883 897 7
884 898 3
885 899 5
886 900 5
887 900 7
888 900 6
889 900 4
890 900 4
891 900 6
892 900 6
893 900 1
894 900 7
895 900 4
896 900 5
897 900 5
898 900 1
899 900 5
