1 2 1
1 3 1
1 4 1
1 5 1
2 6 1
2 7 1
2 8 1
2 9 1
3 10 1
4 11 1
4 12 1
5 13 1
6 14 1
7 15 1
8 16 1
9 17 1
10 18 1
11 19 1
12 20 1
13 21 1
14 22 1
15 23 1
15 24 1
16 25 1
16 26 1
16 27 1
17 28 1
17 29 1
18 30 1
19 31 1
20 32 1
21 33 1
21 34 1
22 35 1
23 35 1
24 36 1
25 37 1
26 38 1
27 38 1
28 39 1
29 40 1
30 41 1
31 41 1
32 41 1
33 41 1
34 42 1
35 43 1
36 44 1
37 45 1
38 46 1
39 47 1
40 48 1
40 49 1
41 50 1
42 51 1
43 52 1
44 53 1
45 54 1
46 55 1
47 55 1
48 56 1
49 57 1
50 58 1
51 59 1
52 60 1
53 61 1
54 62 1
55 63 1
55 64 1
56 65 1
56 66 1
57 67 1
58 68 1
59 69 1
59 70 1
60 71 1
61 72 1
62 73 1
63 74 1
63 75 1
64 76 1
65 77 1
66 78 1
67 79 1
68 80 1
69 81 1
70 82 1
71 83 1
72 84 1
73 85 1
74 86 1
75 87 1
76 88 1
77 89 1
78 90 1
79 91 1
80 92 1
81 93 1
82 94 1
82 95 1
83 96 1
84 97 1
85 98 1
86 99 1
87 99 1
88 100 1
89 101 1
90 102 1
91 103 1
92 104 1
93 105 1
94 106 1
95 107 1
96 108 1
97 108 1
98 109 1
99 110 1
100 110 1
101 111 1
102 112 1
103 112 1
104 112 1
105 113 1
106 114 1
107 115 1
108 116 1
108 117 1
108 118 1
109 119 1
110 120 1
111 121 1
112 122 1
113 123 1
114 124 1
114 125 1
115 126 1
116 127 1
117 128 1
117 129 1
118 130 1
119 131 1
120 132 1
121 133 1
121 134 1
122 135 1
123 136 1
124 137 1
125 138 1
125 139 1
125 140 1
126 141 1
127 142 1
128 143 1
129 144 1
130 145 1
131 146 1
132 147 1
133 148 1
134 149 1
135 150 1
136 151 1
137 152 1
138 153 1
139 154 1
140 155 1
141 156 1
141 157 1
142 158 1
143 159 1
144 160 1
145 161 1
146 161 1
147 161 1
148 162 1
149 163 1
150 163 1
151 164 1
152 165 1
153 166 1
154 166 1
155 167 1
156 167 1
157 168 1
158 169 1
159 170 1
160 171 1
161 172 1
162 173 1
163 174 1
164 175 1
165 176 1
166 177 1
167 178 1
168 179 1
169 180 1
170 181 1
171 182 1
172 183 1
173 184 1
174 185 1
175 186 1
176 187 1
177 188 1
178 189 1
179 190 1
180 191 1
181 191 1
182 192 1
183 193 1
184 194 1
185 195 1
186 196 1
187 197 1
188 197 1
189 198 1
190 199 1
191 200 1
191 201 1
192 202 1
192 203 1
193 204 1
194 205 1
194 206 1
194 207 1
194 208 1
195 209 1
196 210 1
196 211 1
197 212 1
198 213 1
199 214 1
200 215 1
201 215 1
202 216 1
203 216 1
204 217 1
205 217 1
206 218 1
207 218 1
208 219 1
209 220 1
210 220 1
211 221 1
212 222 1
213 222 1
214 222 1
215 223 1
215 224 1
215 225 1
215 226 1
216 227 1
217 228 1
217 229 1
218 230 1
219 231 1
219 232 1
219 233 1
220 234 1
220 235 1
221 236 1
221 237 1
222 238 1
223 239 1
224 239 1
225 240 1
226 241 1
227 241 1
228 242 1
229 243 1
230 244 1
231 244 1
232 245 1
233 245 1
234 246 1
235 247 1
236 247 1
237 248 1
238 248 1
239 249 1
240 250 1
240 251 1
241 252 1
242 253 1
243 254 1
244 255 1
245 256 1
245 257 1
246 258 1
247 259 1
248 260 1
249 261 1
250 262 1
251 263 1
252 264 1
253 265 1
254 266 1
255 267 1
256 268 1
257 269 1
258 270 1
259 271 1
260 272 1
261 273 1
262 274 1
262 275 1
263 276 1
263 277 1
264 278 1
265 279 1
266 280 1
267 281 1
267 282 1
268 283 1
269 284 1
270 285 1
270 286 1
271 287 1
272 288 1
273 289 1
274 290 1
275 290 1
276 290 1
277 291 1
278 291 1
279 292 1
280 292 1
281 292 1
282 293 1
283 293 1
284 293 1
285 294 1
286 294 1
287 295 1
288 296 1
289 297 1
289 298 1
289 299 1
290 300 1
290 301 1
291 302 1
291 303 1
292 304 1
293 305 1
293 306 1
294 307 1
294 308 1
295 309 1
296 310 1
296 311 1
297 312 1
298 312 1
299 313 1
300 314 1
301 315 1
302 315 1
303 316 1
304 316 1
305 317 1
306 318 1
307 319 1
308 320 1
309 321 1
310 322 1
311 323 1
312 324 1
313 325 1
314 326 1
315 327 1
316 328 1
317 329 1
318 330 1
319 331 1
320 332 1
321 333 1
322 334 1
323 335 1
324 336 1
325 337 1
326 338 1
327 339 1
327 340 1
328 341 1
329 342 1
329 343 1
330 344 1
331 345 1
332 346 1
333 347 1
333 348 1
334 349 1
334 350 1
335 351 1
336 352 1
337 353 1
338 354 1
339 355 1
340 356 1
341 357 1
342 358 1
343 358 1
344 359 1
345 360 1
346 361 1
347 361 1
348 362 1
349 363 1
350 363 1
351 364 1
352 365 1
353 366 1
354 367 1
355 368 1
356 369 1
357 370 1
358 371 1
359 372 1
360 373 1
360 374 1
361 375 1
362 376 1
363 377 1
364 378 1
365 379 1
366 380 1
367 381 1
368 382 1
369 383 1
370 384 1
371 385 1
372 386 1
372 387 1
373 388 1
374 389 1
375 390 1
376 391 1
377 392 1
377 393 1
378 394 1
379 395 1
380 396 1
381 396 1
382 397 1
383 398 1
384 398 1
385 398 1
386 399 1
387 400 1
388 400 1
389 400 1
390 401 1
391 401 1
392 402 1
393 403 1
394 403 1
395 404 1
396 405 1
397 406 1
398 407 1
399 408 1
400 409 1
400 410 1
400 411 1
401 412 1
402 413 1
403 414 1
404 415 1
405 416 1
406 417 1
406 418 1
407 419 1
408 420 1
408 421 1
409 422 1
409 423 1
410 424 1
411 425 1
412 426 1
412 427 1
413 428 1
413 429 1
414 430 1
415 431 1
416 431 1
417 432 1
418 432 1
419 433 1
420 434 1
421 434 1
422 435 1
423 436 1
424 436 1
425 436 1
426 437 1
427 437 1
428 438 1
429 438 1
430 439 1
431 440 1
432 441 1
433 442 1
434 443 1
434 444 1
435 445 1
436 446 1
436 447 1
437 448 1
437 449 1
438 450 1
439 451 1
440 452 1
441 453 1
442 454 1
443 455 1
443 456 1
444 457 1
445 458 1
446 459 1
447 460 1
447 461 1
448 462 1
448 463 1
449 464 1
449 465 1
450 466 1
451 467 1
452 468 1
453 469 1
454 470 1
455 471 1
456 471 1
457 472 1
458 473 1
459 474 1
460 475 1
461 476 1
462 477 1
463 478 1
464 479 1
465 480 1
466 481 1
467 482 1
468 483 1
469 483 1
470 484 1
471 484 1
472 485 1
473 486 1
474 486 1
475 487 1
476 487 1
477 487 1
478 488 1
479 489 1
480 489 1
481 489 1
482 490 1
483 491 1
484 492 1
485 493 1
486 494 1
486 495 1
487 496 1
488 497 1
489 498 1
490 499 1
491 500 1
492 500 1
493 500 1
494 500 1
495 500 1
496 500 1
497 500 1
498 500 1
499 500 1
