1 2 1
1 3 1
1 4 1
2 5 1
2 6 1
2 7 1
3 8 1
3 9 1
3 10 1
4 11 1
4 12 1
4 13 1
5 14 1
5 15 1
5 16 1
6 17 1
6 18 1
6 19 1
7 20 1
7 21 1
7 22 1
8 23 1
8 24 1
8 25 1
9 26 1
9 27 1
9 28 1
10 29 1
10 30 1
10 31 1
11 32 1
11 33 1
12 34 1
12 35 1
13 36 1
13 37 1
13 38 1
14 39 1
15 39 1
16 40 1
17 41 1
18 41 1
19 41 1
20 42 1
21 42 1
22 42 1
23 43 1
24 44 1
25 44 1
26 45 1
27 45 1
28 46 1
29 47 1
30 48 1
31 48 1
32 49 1
33 50 1
34 50 1
35 51 1
36 51 1
37 51 1
38 52 1
39 53 1
40 54 1
41 54 1
42 54 1
43 55 1
44 56 1
45 57 1
46 58 1
47 59 1
48 60 1
49 61 1
50 62 1
51 63 1
52 64 1
53 65 1
54 66 1
54 67 1
54 68 1
55 69 1
56 70 1
57 71 1
58 72 1
58 73 1
59 74 1
59 75 1
60 76 1
61 77 1
62 78 1
63 79 1
64 80 1
65 81 1
66 82 1
67 83 1
68 84 1
69 85 1
70 86 1
71 87 1
72 88 1
73 89 1
74 90 1
75 91 1
76 91 1
77 92 1
78 93 1
79 94 1
80 94 1
81 95 1
82 95 1
83 96 1
84 97 1
85 98 1
86 99 1
87 99 1
88 100 1
89 101 1
90 102 1
91 103 1
92 103 1
93 104 1
94 105 1
95 106 1
96 107 1
97 108 1
98 109 1
99 110 1
100 111 1
101 112 1
102 113 1
103 114 1
104 115 1
105 116 1
106 117 1
106 118 1
107 119 1
108 120 1
109 121 1
110 122 1
111 123 1
112 124 1
113 125 1
114 126 1
115 127 1
116 128 1
117 129 1
118 130 1
119 131 1
120 132 1
121 133 1
122 134 1
123 135 1
124 136 1
125 137 1
126 138 1
127 139 1
128 140 1
129 141 1
130 142 1
131 143 1
132 144 1
133 144 1
134 145 1
135 146 1
136 147 1
137 148 1
138 149 1
139 150 1
140 151 1
141 152 1
141 153 1
142 154 1
142 155 1
142 156 1
143 157 1
143 158 1
144 159 1
145 160 1
146 161 1
147 162 1
148 163 1
149 164 1
150 165 1
150 166 1
150 167 1
151 168 1
151 169 1
152 170 1
152 171 1
153 172 1
154 173 1
155 174 1
156 175 1
157 176 1
158 177 1
159 178 1
160 179 1
161 180 1
162 181 1
162 182 1
163 183 1
164 184 1
165 185 1
166 186 1
167 187 1
168 188 1
168 189 1
169 190 1
169 191 1
170 192 1
170 193 1
171 194 1
171 195 1
171 196 1
172 197 1
172 198 1
173 199 1
173 200 1
174 201 1
175 202 1
176 203 1
177 204 1
177 205 1
177 206 1
178 207 1
179 208 1
179 209 1
180 210 1
180 211 1
181 212 1
182 213 1
182 214 1
183 215 1
183 216 1
184 217 1
184 218 1
184 219 1
185 220 1
185 221 1
185 222 1
186 223 1
186 224 1
186 225 1
187 226 1
188 227 1
188 228 1
189 229 1
189 230 1
190 231 1
191 232 1
192 233 1
193 233 1
194 234 1
195 234 1
196 234 1
197 234 1
198 234 1
199 235 1
200 235 1
201 235 1
202 236 1
203 236 1
204 237 1
205 237 1
206 237 1
207 238 1
208 238 1
209 238 1
210 239 1
211 239 1
212 239 1
213 239 1
214 239 1
215 240 1
216 240 1
217 240 1
218 241 1
219 241 1
220 241 1
221 241 1
222 242 1
223 242 1
224 243 1
225 243 1
226 244 1
227 244 1
228 245 1
229 245 1
230 245 1
231 245 1
232 245 1
233 246 1
234 247 1
235 248 1
236 248 1
237 249 1
238 250 1
239 250 1
240 251 1
241 252 1
242 253 1
243 254 1
244 255 1
245 256 1
246 257 1
247 258 1
248 259 1
249 260 1
249 261 1
250 262 1
251 263 1
252 264 1
253 265 1
253 266 1
254 267 1
255 268 1
256 269 1
257 270 1
258 271 1
259 272 1
260 273 1
261 274 1
262 275 1
263 276 1
264 277 1
265 278 1
266 279 1
267 280 1
268 280 1
269 280 1
270 281 1
270 282 1
271 283 1
272 284 1
273 285 1
274 286 1
275 287 1
276 288 1
277 289 1
278 290 1
278 291 1
279 292 1
279 293 1
280 294 1
281 295 1
282 296 1
283 296 1
284 297 1
285 297 1
286 297 1
287 298 1
288 299 1
289 300 1
290 301 1
291 301 1
292 302 1
293 303 1
294 304 1
295 305 1
296 306 1
297 307 1
297 308 1
298 309 1
299 310 1
299 311 1
300 312 1
301 313 1
302 314 1
302 315 1
303 316 1
304 317 1
305 318 1
306 319 1
307 320 1
308 321 1
309 322 1
309 323 1
310 324 1
310 325 1
311 326 1
312 327 1
313 328 1
314 329 1
315 330 1
316 331 1
317 332 1
317 333 1
318 334 1
319 335 1
320 336 1
321 337 1
322 338 1
323 339 1
324 340 1
325 341 1
326 342 1
327 343 1
328 344 1
329 344 1
330 345 1
331 346 1
332 347 1
333 348 1
334 349 1
335 350 1
336 351 1
337 352 1
338 353 1
339 354 1
340 355 1
341 356 1
342 357 1
342 358 1
343 359 1
344 360 1
345 361 1
346 362 1
347 363 1
347 364 1
348 365 1
349 366 1
350 367 1
351 368 1
352 369 1
353 369 1
354 370 1
355 371 1
356 372 1
357 372 1
358 373 1
359 374 1
360 374 1
361 375 1
362 376 1
363 377 1
364 378 1
365 379 1
366 380 1
367 381 1
368 382 1
369 383 1
370 384 1
371 385 1
372 386 1
373 387 1
374 388 1
375 389 1
376 390 1
377 391 1
378 392 1
379 393 1
379 394 1
380 395 1
381 395 1
382 396 1
383 396 1
384 397 1
385 397 1
386 398 1
387 399 1
388 399 1
389 400 1
390 401 1
391 401 1
392 402 1
393 403 1
394 403 1
395 404 1
395 405 1
396 406 1
397 407 1
398 408 1
399 409 1
399 410 1
400 411 1
400 412 1
401 413 1
402 414 1
402 415 1
403 416 1
403 417 1
403 418 1
404 419 1
405 420 1
405 421 1
406 422 1
407 423 1
407 424 1
408 425 1
409 426 1
410 427 1
411 428 1
412 429 1
412 430 1
413 431 1
414 432 1
415 433 1
416 434 1
417 435 1
418 436 1
419 437 1
420 437 1
421 438 1
422 439 1
423 439 1
424 440 1
425 440 1
426 441 1
427 441 1
428 442 1
429 442 1
430 443 1
431 444 1
432 444 1
433 445 1
434 445 1
435 446 1
436 446 1
437 447 1
438 448 1
438 449 1
439 450 1
439 451 1
439 452 1
440 453 1
440 454 1
440 455 1
441 456 1
441 457 1
442 458 1
443 459 1
443 460 1
444 461 1
444 462 1
445 463 1
445 464 1
446 465 1
446 466 1
446 467 1
447 468 1
448 469 1
449 469 1
450 469 1
451 470 1
452 470 1
453 470 1
454 470 1
455 471 1
456 471 1
457 472 1
458 473 1
459 474 1
460 474 1
461 475 1
462 476 1
463 477 1
464 478 1
465 479 1
466 480 1
467 481 1
468 482 1
469 483 1
470 484 1
471 485 1
472 486 1
473 487 1
474 488 1
475 489 1
475 490 1
476 491 1
477 492 1
478 493 1
478 494 1
479 495 1
479 496 1
480 497 1
480 498 1
481 499 1
482 500 1
483 500 1
484 500 1
485 500 1
486 500 1
487 500 1
488 500 1
489 500 1
490 500 1
491 500 1
492 500 1
493 500 1
494 500 1
495 500 1
496 500 1
497 500 1
498 500 1
499 500 1
