2 1 1 0 6 6 3 6 5 5 3 0 4 4 6 6
0 3 2 0 0 3 1 4 4 1 0 1 2 1 1 3
1 2 2 3 1 3 2 4 4 4 0 0 1 4 1 0
7 9 1 3 14 12 0 4 13 4 13 8 10 13 6 5
2 0 1 2 1 0 0 1 2 2 2 0 0 1 2 1
3 5 7 8 12 11 1 9 6 2 12 6 2 3 7 6
5 5 2 3 9 6 2 1 6 11 8 7 10 4 4 1
2 2 1 1 2 1 2 1 1 1 0 0 1 2 0 0
0 6 11 12 9 12 7 3 6 1 11 8 12 6 1 12
4 13 5 13 5 0 10 14 3 13 0 9 11 0 16 10
7 0 6 6 4 6 9 1 3 0 6 7 5 5 1 6
10 9 11 13 1 16 6 10 13 8 0 17 14 5 6 15
8 11 0 7 0 12 5 5 11 11 11 4 8 0 1 4
7 12 6 2 12 5 7 10 9 5 5 5 5 3 7 4
4 10 12 9 14 14 16 6 6 11 9 0 12 15 14 10
3 1 4 3 0 1 3 2 0 2 4 3 1 0 4 3
10 12 8 0 5 5 3 2 6 11 9 3 2 4 12 7
1 11 3 7 1 8 12 14 1 8 12 3 7 8 3 5
8 11 15 0 16 4 9 13 15 10 13 12 13 13 5 3
10 4 8 5 9 0 4 6 3 8 1 2 7 5 0 0
1 8 0 2 2 7 7 1 0 3 3 4 8 4 3 8
8 12 0 8 7 3 10 10 8 8 10 3 0 0 12 6
1 18 0 1 12 2 9 17 15 0 0 11 11 7 2 0
3 0 3 1 3 3 5 1 0 5 5 5 3 3 5 5
5 3 2 4 0 0 0 4 5 3 4 6 4 3 4 4
10 6 9 9 8 10 6 0 7 1 4 9 7 3 2 8
12 2 6 7 10 5 8 14 14 1 14 10 1 1 9 6
9 5 6 10 1 16 1 2 12 11 10 0 5 11 12 13
2 4 2 2 3 0 0 1 4 0 2 4 4 2 1 0
16 14 13 6 7 12 0 8 16 7 11 15 5 16 14 0
2 12 11 6 10 3 12 15 2 8 8 17 3 2 6 9
3 0 3 0 5 1 6 6 6 1 6 6 1 6 6 2
6 7 5 1 3 2 5 6 1 7 0 8 6 2 6 7
0 2 17 1 12 10 2 17 10 5 18 15 15 2 7 17
0 1 2 1 0 0 1 2 1 2 1 2 0 1 0 1
0 12 0 14 4 6 5 0 10 7 1 10 15 14 6 14
11 13 14 12 1 6 4 19 16 8 19 11 10 19 10 8
0 2 1 1 3 4 2 1 4 2 4 3 0 4 4 1
1 4 4 8 1 12 5 10 8 0 12 9 6 2 9 12
2 9 0 7 5 1 3 0 9 8 4 12 0 11 11 2
11 5 10 11 9 0 13 5 11 2 12 5 8 5 10 4
8 2 5 5 3 0 9 7 6 6 4 3 6 1 5 2
2 0 6 13 14 6 6 6 6 14 18 5 12 7 14 6
4 1 1 12 3 13 9 1 14 2 9 6 11 14 11 11
7 13 16 18 14 4 18 14 9 6 3 5 2 14 13 0
4 3 0 0 3 0 4 2 3 2 3 2 1 1 1 0
9 6 0 11 10 16 11 10 16 3 10 15 18 16 15 16
4 4 3 4 7 4 0 6 0 8 0 1 7 5 6 5
1 1 0 6 18 7 14 5 0 8 18 15 4 0 0 10
0 2 5 1 0 5 2 6 6 3 4 5 6 1 5 4
9 3 2 0 9 2 9 4 7 7 4 2 0 3 2 1
4 7 1 5 1 8 2 4 5 9 6 10 8 8 6 0
3 2 3 4 8 0 8 1 3 8 8 9 8 3 6 6
9 10 9 8 4 6 9 10 4 3 7 2 0 10 10 0
12 5 10 4 4 2 12 9 5 2 5 8 1 7 2 2
5 2 8 5 4 5 0 2 8 6 1 0 0 2 2 4
13 10 3 9 4 12 5 13 4 4 6 13 15 7 0 12
1 12 11 0 7 15 18 5 10 8 14 17 19 7 10 8
2 15 6 5 2 13 15 3 5 11 14 4 4 14 2 2
4 4 7 16 3 16 1 8 16 1 4 17 13 13 15 12
4 0 3 3 2 3 4 3 1 1 4 2 1 1 4 1
9 10 3 12 2 5 6 3 3 5 1 6 11 7 1 2
1 0 1 2 1 1 0 1 0 1 0 2 2 0 0 0
0 2 1 3 2 1 4 4 1 3 1 4 0 1 1 1
13 4 11 6 5 0 11 1 5 2 11 1 16 14 8 14
4 10 10 3 6 4 9 7 10 9 10 10 7 12 0 3
2 5 1 0 0 0 2 4 2 3 1 6 0 3 1 5
6 0 8 4 0 1 8 8 3 1 3 1 3 3 0 6
7 8 3 4 7 6 3 5 5 16 0 15 15 0 3 18
19 0 18 8 19 6 19 3 18 12 1 9 5 7 19 14
7 10 6 8 9 6 3 2 1 7 3 9 10 5 7 4
2 4 3 3 3 3 2 2 0 0 2 3 0 3 0 4
5 3 11 8 12 13 4 13 8 14 13 0 4 11 11 1
0 9 7 4 4 2 10 7 10 4 12 10 0 6 6 0
1 2 0 1 0 2 0 0 1 2 2 2 0 2 1 1
11 11 9 8 6 9 5 4 5 0 4 11 0 0 10 8
4 3 15 12 4 18 17 15 15 9 9 8 18 7 9 0
7 5 5 1 2 1 7 2 5 7 1 6 7 6 6 4
6 8 2 13 9 3 5 8 11 16 6 4 13 9 8 3
6 15 6 5 5 0 4 8 6 4 0 13 0 16 13 16
13 2 3 3 9 2 6 1 11 8 5 9 16 1 16 3
7 3 4 4 17 7 0 3 0 8 10 15 15 3 16 7
10 6 10 2 0 10 6 5 8 6 2 2 5 2 3 1
3 0 6 2 5 5 3 5 4 2 2 2 5 5 5 2
2 1 6 3 2 5 11 3 11 11 10 12 12 10 1 10
0 6 4 3 1 0 5 4 6 6 6 3 3 2 1 3
4 4 4 0 4 3 4 2 4 2 1 4 3 0 2 4
2 11 9 3 9 8 1 3 12 4 9 3 7 4 9 9
1 4 8 4 3 4 3 6 3 3 0 7 7 8 0 0
1 2 4 1 5 1 2 5 3 4 4 2 1 2 1 2
13 10 8 4 2 12 10 5 12 14 17 1 0 2 9 14
16 4 12 8 16 2 9 16 5 11 5 4 11 4 1 2
6 8 0 8 0 6 0 8 10 10 6 5 7 7 3 8
6 10 2 12 3 4 3 4 3 12 2 8 11 0 1 2
1 10 9 5 10 9 9 4 4 6 7 6 6 8 9 2
2 2 5 6 2 0 5 0 4 4 1 5 0 3 5 6
0 2 2 5 2 4 6 3 0 3 4 3 0 2 7 7
1 1 1 6 2 1 0 3 6 2 3 6 2 4 4 0
2 3 0 1 0 4 2 0 5 6 0 0 0 1 4 3
2 3 13 0 10 7 2 12 5 7 3 14 9 1 9 14
