19 18 18 16
5 5 5 5
3 4 4 3
14 13 16 15
5 6 6 6
5 5 4 4
13 11 10 13
21 21 16 19
1 1 2 2
4 3 3 3
12 10 10 10
8 10 9 9
16 16 14 13
4 3 4 4
12 13 10 12
19 21 21 20
7 6 7 7
19 17 17 21
1 1 1 2
12 11 13 13
14 14 15 14
19 21 17 17
18 15 14 18
16 15 14 14
7 8 7 8
22 21 22 22
21 17 18 22
16 15 16 15
14 14 17 16
9 10 11 11
8 7 8 7
15 16 17 17
5 5 6 6
16 16 14 15
5 6 6 6
1 2 2 1
9 9 8 7
12 9 10 10
2 1 2 1
17 16 15 17
5 4 4 5
2 1 2 2
7 8 8 9
8 7 7 7
14 13 14 16
7 7 8 8
14 18 15 16
8 10 11 9
14 17 14 15
6 7 6 6
18 14 15 14
15 14 13 13
7 9 9 7
4 5 5 4
14 13 13 11
8 8 8 7
3 3 4 4
13 11 12 10
18 20 19 17
7 9 8 9
6 5 6 6
17 20 16 18
12 12 13 12
5 5 4 4
6 6 5 6
3 3 3 3
17 18 18 18
16 17 16 14
20 19 21 21
8 11 9 8
10 10 10 13
3 3 3 2
8 8 7 7
5 6 6 5
15 12 13 14
16 13 15 16
16 13 14 15
22 18 22 21
15 13 16 16
8 8 8 7
15 14 17 15
1 1 2 1
12 10 11 13
4 3 3 4
20 21 18 23
13 13 11 13
16 13 16 13
14 14 15 14
16 14 16 13
6 5 5 5
2 2 1 1
8 11 8 10
14 13 13 14
11 13 10 13
17 17 14 17
4 4 3 4
8 8 7 8
12 12 12 10
14 15 15 15
18 22 21 23
11 13 11 11
6 5 5 5
22 20 18 20
17 19 20 16
9 9 8 7
13 12 11 13
4 4 5 4
14 14 13 13
20 22 22 20
5 4 4 5
2 1 1 2
15 13 15 15
7 6 6 7
6 6 6 6
16 14 17 14
17 21 19 17
10 10 12 11
8 8 10 8
14 17 15 17
8 7 7 8
8 7 9 7
14 14 18 16
8 8 8 7
10 8 10 9
4 4 5 5
10 10 11 11
15 12 13 12
18 17 18 19
6 6 6 5
14 15 16 15
10 10 11 10
15 16 15 17
22 20 22 21
16 14 14 15
7 8 7 8
8 9 11 8
17 14 17 15
20 17 17 20
17 14 17 18
16 14 18 17
12 10 11 13
8 7 7 8
19 20 21 21
2 1 1 1
22 23 20 23
12 14 11 12
7 6 6 6
10 13 10 10
14 15 17 17
12 13 13 13
17 16 16 16
20 21 22 21
6 6 5 6
20 18 20 20
20 23 20 21
12 13 13 14
2 2 1 2
7 7 7 8
3 3 2 2
7 7 6 6
21 16 17 19
2 3 3 3
5 5 6 5
23 23 18 18
9 8 10 9
2 2 1 1
2 3 3 3
4 4 5 5
13 13 12 11
7 7 7 7
11 11 13 10
7 6 7 7
2 3 2 2
11 14 14 14
15 17 16 16
19 18 19 18
18 20 17 17
17 17 16 15
1 2 2 1
17 14 17 17
5 6 6 6
20 17 18 17
3 4 3 4
6 7 7 7
15 15 15 15
19 20 17 15
16 16 18 16
18 20 21 19
4 4 4 4
19 19 16 17
5 5 6 6
15 16 14 17
20 18 21 18
14 12 15 15
15 20 20 20
7 9 7 7
7 7 7 8
12 15 14 15
6 5 6 5
7 7 9 7
21 19 18 18
9 9 10 9
18 21 18 21
12 11 13 13
15 16 15 13
23 18 23 23
8 9 8 8
22 21 20 22
7 6 6 6
16 14 15 15
4 4 4 3
16 17 17 16
4 5 4 4
12 13 10 13
13 15 15 14
21 17 19 16
17 15 14 17
11 10 12 11
14 18 16 18
9 10 9 8
7 7 6 7
7 8 8 9
16 21 19 18
18 17 19 16
17 14 17 15
11 8 9 11
10 12 10 11
12 12 12 13
7 8 7 7
21 19 19 19
15 15 12 13
18 17 18 18
15 19 17 20
17 20 16 19
16 17 19 15
16 16 19 20
8 8 9 7
20 19 21 17
5 5 6 6
5 6 5 5
21 20 22 17
11 11 10 10
11 8 10 11
14 12 14 15
8 7 9 8
5 5 6 5
15 17 14 15
14 13 14 16
5 5 4 5
9 10 10 8
11 9 10 8
13 14 15 15
11 9 9 9
11 8 9 9
6 6 5 5
21 22 23 22
3 3 3 3
16 17 19 15
9 7 9 7
2 3 3 3
12 11 10 10
19 18 17 19
11 10 10 11
6 7 7 7
15 12 13 15
7 9 7 8
13 13 13 13
15 14 15 13
16 20 20 19
19 21 21 22
4 4 4 5
17 19 19 19
22 19 23 23
11 9 10 11
6 7 7 7
17 16 16 20
20 18 18 19
2 2 1 2
21 20 20 19
13 16 14 15
17 15 17 14
2 2 3 2
18 20 18 17
7 7 7 7
14 14 14 17
8 8 8 7
9 11 12 10
17 19 21 16
15 17 17 14
5 6 5 6
15 14 13 13
21 20 19 18
1 2 1 2
14 14 17 18
7 8 7 7
1 1 2 1
15 15 14 16
4 4 3 4
2 3 2 3
8 7 7 7
22 20 17 19
12 15 15 12
7 8 8 7
13 16 15 13
22 18 22 21
17 17 15 17
9 8 10 11
5 4 4 4
7 7 8 7
2 3 2 2
19 19 16 15
7 9 9 8
9 8 8 9
22 17 18 18
6 6 7 7
4 4 4 3
17 19 19 21
3 3 4 4
16 14 13 14
4 4 3 4
4 5 5 4
19 21 17 18
6 7 6 7
12 9 11 12
9 10 9 12
19 19 17 17
21 17 20 16
8 8 7 7
4 5 4 5
5 4 4 4
8 11 9 8
11 9 9 10
7 7 7 6
21 19 20 17
13 13 14 13
10 10 11 9
15 15 14 13
16 14 16 14
2 2 2 1
14 13 15 12
16 17 21 18
10 10 8 11
21 18 23 21
7 8 8 7
5 6 6 5
20 16 15 18
8 9 8 8
2 2 1 1
9 11 11 10
8 7 7 8
23 21 21 20
21 20 22 21
18 15 14 15
12 11 13 14
8 8 7 8
14 16 15 15
8 9 8 9
16 20 21 20
6 5 5 6
16 15 17 17
7 7 6 7
18 20 22 18
20 20 18 20
13 13 15 13
19 22 19 22
2 2 2 2
7 8 7 8
15 14 16 14
9 7 7 7
7 7 6 7
8 7 8 7
6 6 6 7
9 11 8 11
12 11 10 10
17 21 19 22
14 15 16 14
20 21 17 20
16 16 14 15
11 10 13 11
19 17 18 21
20 21 18 16
4 3 3 4
12 11 12 10
22 19 22 18
7 7 6 7
9 10 8 8
15 17 16 16
8 8 10 9
14 12 15 14
17 17 15 15
4 4 3 4
7 8 8 8
8 9 7 9
7 7 7 8
2 2 2 3
13 11 12 11
13 16 14 15
6 7 7 6
4 4 5 5
1 2 1 2
