1 2 25
1 3 19
1 4 92
1 5 194
2 6 56
2 7 194
2 8 36
2 9 88
3 10 142
3 11 104
3 12 186
3 13 159
3 14 103
4 15 11
4 16 188
4 17 124
4 18 34
4 19 80
5 20 184
5 21 106
5 22 66
6 23 196
7 24 21
8 25 127
9 26 129
9 27 19
10 28 189
11 29 160
12 30 69
13 31 181
14 32 80
15 33 115
16 34 121
17 35 182
18 36 8
19 37 55
20 38 32
21 39 182
22 40 178
23 41 187
23 42 180
23 43 127
24 44 136
24 45 76
25 46 2
26 47 109
27 48 117
27 49 89
27 50 185
27 51 110
28 52 109
28 53 89
29 54 157
30 55 190
31 56 173
31 57 169
32 58 124
33 59 104
33 60 138
34 61 27
34 62 150
35 63 175
35 64 51
36 65 170
36 66 126
37 67 117
38 68 84
38 69 149
39 70 64
40 71 57
40 72 142
41 73 131
42 74 196
43 75 73
44 76 102
45 77 55
46 78 37
46 79 187
47 80 196
48 81 81
49 82 87
50 83 167
51 84 17
51 85 121
52 86 168
53 87 89
54 88 105
55 89 59
56 90 26
57 91 127
57 92 109
58 93 87
59 94 176
60 95 48
61 96 47
61 97 145
62 98 111
63 99 64
64 100 85
64 101 136
65 102 145
65 103 3
66 104 131
67 105 153
68 106 103
69 107 151
70 108 7
71 109 138
71 110 107
72 111 65
73 112 181
74 113 185
75 114 73
76 115 83
77 115 8
78 116 21
79 117 97
80 117 188
81 118 70
82 119 129
83 119 163
84 120 169
85 121 193
86 121 55
87 122 128
88 123 3
89 124 157
90 124 8
91 125 112
92 126 157
93 127 61
94 127 55
95 128 20
96 128 99
97 129 95
98 130 48
99 131 148
100 131 30
101 132 1
102 133 91
103 134 32
104 135 143
105 136 152
106 137 60
107 137 60
108 138 64
109 138 56
110 139 2
111 139 199
112 140 87
113 140 79
114 141 31
115 142 102
116 143 53
117 144 29
118 145 140
119 146 80
120 147 140
121 148 158
122 149 186
123 150 130
124 151 12
125 152 30
126 153 90
127 153 158
128 154 81
129 154 42
130 155 188
131 156 87
132 157 199
133 158 176
134 158 26
135 159 78
136 160 125
137 161 84
138 162 99
139 163 38
140 164 166
140 165 44
141 166 193
141 167 52
142 168 115
143 169 92
143 170 13
144 171 132
144 172 160
145 173 5
146 174 165
146 175 13
147 176 148
148 177 164
149 178 73
149 179 17
150 180 116
151 181 146
151 182 50
152 183 193
153 184 9
154 185 36
155 186 181
155 187 136
156 188 190
156 189 9
156 190 135
157 191 73
158 192 21
159 193 88
160 194 135
161 195 45
162 196 115
162 197 115
162 198 111
163 199 117
164 200 101
165 200 25
166 200 163
167 200 157
168 200 39
169 200 178
170 200 21
171 200 59
172 200 162
173 200 8
174 200 185
175 200 133
176 200 81
177 200 8
178 200 81
179 200 33
180 200 136
181 200 101
182 200 181
183 200 46
184 200 195
185 200 116
186 200 177
187 200 103
188 200 162
189 200 141
190 200 31
191 200 43
192 200 147
193 200 109
194 200 173
195 200 115
196 200 146
197 200 24
198 200 8
199 200 176
