7 6 7 9 9 8 9 6
13 11 11 11 9 12 11 10
7 8 6 5 5 7 8 8
7 5 7 6 6 6 5 5
8 7 7 6 8 5 5 6
9 9 9 6 9 6 9 7
5 3 4 3 5 4 4 5
11 12 10 8 9 10 13 8
4 5 4 4 4 5 5 4
7 7 7 5 6 6 6 4
11 9 10 11 12 10 13 9
1 2 1 2 1 2 1 1
1 1 1 1 2 2 1 2
1 2 2 1 1 2 2 2
4 4 4 3 4 3 4 3
1 2 1 1 2 2 2 2
2 2 1 1 2 1 1 1
3 2 2 3 2 3 3 2
6 7 9 8 10 8 6 8
3 4 4 4 3 3 4 4
8 11 9 10 13 11 13 11
10 7 8 7 6 6 8 8
1 1 1 2 1 1 2 2
7 4 7 4 5 7 6 4
9 10 10 8 6 6 8 7
8 12 9 11 7 10 9 9
7 9 6 7 9 7 9 8
2 2 2 2 1 2 2 1
8 10 6 7 9 7 6 6
9 8 7 12 11 8 7 9
4 5 4 5 7 7 6 4
4 5 4 4 7 4 7 7
8 10 9 8 6 10 8 6
12 10 11 9 12 7 8 9
11 7 10 7 7 8 11 11
8 7 7 8 7 8 8 7
8 6 7 8 8 7 6 6
8 8 12 8 13 8 9 8
2 3 2 3 3 2 2 2
5 3 5 4 3 5 3 3
3 3 4 3 4 3 3 3
5 6 7 8 6 8 5 7
6 7 6 6 7 6 7 8
3 3 3 2 2 3 2 3
7 7 4 7 6 5 6 5
3 4 3 4 4 3 4 4
6 5 5 5 6 5 6 5
4 4 5 4 3 3 4 4
8 11 8 11 7 7 11 10
1 2 1 2 2 1 1 1
