1 2 64
1 3 74
1 4 21
2 5 78
3 6 68
4 7 72
4 8 93
5 9 16
5 10 68
6 11 75
7 12 55
8 13 92
9 14 15
9 15 66
10 16 59
10 17 81
10 18 69
11 19 87
12 20 4
12 21 21
12 22 19
12 23 53
13 24 34
13 25 11
14 26 63
15 27 50
16 28 38
17 28 84
18 28 96
19 29 77
20 29 50
21 29 54
22 30 20
23 30 67
24 30 84
25 30 70
26 31 6
26 32 75
27 33 20
28 34 62
28 35 53
29 36 90
30 37 52
31 38 96
32 38 33
33 38 67
34 38 13
35 39 31
36 39 6
37 39 79
38 40 69
38 41 45
38 42 60
39 43 80
39 44 26
39 45 53
40 46 45
40 47 64
40 48 29
40 49 61
40 50 98
41 51 33
41 52 79
42 53 13
42 54 44
43 55 40
43 56 25
44 57 58
44 58 48
44 59 5
44 60 59
45 61 25
45 62 33
46 63 54
47 63 60
48 63 23
49 63 13
50 64 79
51 64 7
52 64 73
53 64 78
54 64 29
55 65 51
56 65 68
57 66 4
58 66 21
59 66 10
60 67 9
61 67 6
62 67 55
63 68 37
64 69 44
65 70 70
66 71 81
66 72 96
67 73 95
67 74 37
68 75 35
69 76 16
69 77 49
70 78 42
71 79 87
72 80 42
73 81 72
74 82 75
75 83 46
76 83 53
77 84 85
78 84 22
79 85 2
80 86 70
81 86 24
82 87 88
83 88 19
84 89 38
85 90 43
86 90 36
87 90 87
88 91 39
88 92 9
89 93 50
89 94 65
90 95 32
91 96 90
92 97 35
93 98 55
94 98 24
95 99 14
96 100 42
97 100 78
98 100 88
99 100 29
