3 4 0 6 5 2 7 5 6 1 3 0 4 4 0 5
0 0 3 1 1 8 4 7 0 4 6 2 8 1 5 5
2 12 5 7 1 17 8 9 13 6 0 10 1 9 7 12
3 3 2 6 2 1 5 4 3 0 3 5 2 0 0 3
9 11 8 6 3 0 11 13 5 6 1 1 8 6 2 6
12 0 3 6 16 16 0 14 10 8 1 7 6 7 10 14
0 12 2 15 2 2 4 0 9 4 12 9 14 6 12 3
5 12 22 17 15 22 0 19 12 8 21 7 10 16 5 1
6 4 8 8 12 4 0 8 1 1 10 2 4 8 6 12
9 12 13 11 16 16 13 4 17 7 0 12 16 4 16 13
2 2 9 5 8 11 4 10 6 13 8 6 8 16 8 12
2 2 1 1 2 1 2 1 2 2 2 1 1 2 2 1
0 0 2 2 2 1 1 2 1 0 0 1 1 1 1 1
9 21 21 6 2 5 17 16 12 5 2 21 22 10 11 11
2 3 4 2 3 0 3 0 3 0 1 1 3 0 0 0
0 0 1 0 1 1 0 1 2 1 1 2 0 0 2 0
1 5 12 7 8 2 9 9 7 7 5 11 6 9 5 10
6 8 4 9 0 18 12 18 17 16 14 13 11 13 15 8
19 11 2 19 4 15 20 3 13 13 9 11 17 7 17 12
15 2 4 9 13 10 4 5 15 16 8 16 6 12 3 12
0 2 3 1 12 7 4 8 15 11 13 13 12 13 14 14
11 16 3 11 1 21 11 16 17 6 6 13 10 0 22 22
11 4 1 8 10 15 13 7 0 14 2 10 11 7 3 17
2 4 6 0 2 0 1 5 0 6 0 5 5 3 2 3
13 12 17 22 22 16 17 5 7 13 14 14 0 21 5 21
10 5 3 6 3 21 22 19 17 5 18 17 6 8 18 24
7 14 10 3 17 0 2 2 5 10 5 10 12 13 7 3
8 2 8 5 5 5 2 3 10 2 2 8 4 12 6 9
9 3 0 6 2 7 2 7 3 2 3 2 7 3 8 9
2 11 3 6 5 6 2 12 2 9 12 3 12 2 1 11
4 6 5 6 6 0 10 10 10 3 2 0 1 2 2 5
2 1 2 1 1 0 0 0 2 2 1 1 2 2 1 1
0 5 3 1 3 0 1 3 6 4 6 6 1 3 4 6
2 2 0 0 0 1 0 1 0 0 1 0 1 2 0 0
3 11 2 19 8 6 20 17 15 1 19 20 10 20 20 15
14 15 2 1 2 0 0 10 4 15 2 15 7 11 18 14
1 8 7 6 8 0 3 1 1 8 3 4 7 0 8 1
3 7 19 14 9 2 20 2 13 3 9 14 17 11 3 6
4 14 4 7 7 3 10 8 6 11 6 7 5 12 7 16
14 2 13 0 14 2 14 10 9 15 15 5 1 12 12 11
7 3 1 11 9 9 7 7 1 8 10 5 11 7 2 4
10 12 6 2 12 2 1 3 1 2 10 0 9 3 9 7
3 0 2 4 4 3 0 1 2 4 6 0 5 6 0 3
1 8 9 12 10 4 7 14 1 0 0 11 3 1 0 7
18 9 6 22 7 5 16 23 18 1 5 13 3 6 13 15
9 2 0 2 8 0 10 3 4 0 4 9 9 10 10 1
6 6 2 11 9 3 2 1 11 8 2 6 8 6 6 5
6 2 5 3 3 1 3 2 1 5 3 0 3 5 1 6
16 21 0 8 4 15 7 17 24 18 22 19 8 10 3 13
0 1 1 1 0 0 1 1 1 2 1 0 1 1 1 1
11 1 2 2 8 8 2 1 5 7 10 11 3 4 4 3
10 8 3 4 10 7 2 9 10 4 8 7 3 5 5 8
1 5 8 3 8 8 0 3 1 6 0 4 3 5 6 10
10 7 2 6 8 5 12 6 1 11 0 5 0 0 8 0
9 7 7 4 3 2 14 9 17 17 11 6 14 13 0 0
2 2 0 5 4 2 1 2 2 4 6 6 0 1 3 1
7 17 10 6 6 16 14 2 17 3 11 12 1 7 17 1
2 1 0 1 0 0 1 2 0 1 0 1 0 0 2 2
19 4 6 18 4 4 10 9 19 18 0 12 15 15 19 1
0 2 4 2 5 3 4 5 6 4 4 2 0 6 0 1
0 3 4 3 2 0 2 2 0 4 0 0 2 3 2 1
2 12 6 6 2 4 13 7 9 7 8 2 9 8 9 14
4 4 8 9 3 3 7 4 0 4 2 3 3 4 4 10
1 1 0 0 1 0 2 2 0 2 2 2 0 1 2 1
6 11 8 4 6 10 14 18 7 15 18 4 12 11 5 3
10 9 4 7 1 2 8 1 1 3 10 1 10 9 0 8
2 2 0 0 0 0 2 2 0 0 2 1 0 0 0 0
5 1 0 5 3 8 3 10 1 6 5 3 6 2 3 9
14 6 10 8 12 11 15 4 11 19 11 13 4 5 20 6
4 0 4 2 1 2 0 2 2 0 3 2 0 4 2 0
6 12 5 13 9 15 14 4 9 18 19 6 19 13 6 14
5 14 15 18 2 9 11 1 16 17 9 16 15 5 17 13
6 11 7 11 5 5 12 6 14 0 7 16 12 14 16 7
0 2 1 0 0 2 1 2 1 0 1 2 0 4 2 2
10 6 3 2 7 7 8 1 10 7 8 9 5 8 4 3
0 4 4 2 3 1 4 0 4 1 4 4 3 3 0 3
2 0 2 1 2 0 2 2 0 2 1 0 0 2 0 2
22 3 9 5 5 16 11 0 18 5 16 17 20 13 12 8
6 4 4 5 0 6 6 1 6 4 0 4 1 4 1 1
4 1 3 2 4 1 2 4 4 5 5 4 3 1 2 0
13 2 6 13 5 15 5 12 0 3 15 9 6 14 8 8
5 4 13 0 11 12 5 13 3 7 17 16 15 0 11 5
2 2 0 3 4 3 0 2 0 1 3 2 1 0 1 3
1 4 7 7 2 4 9 5 5 0 9 5 0 1 5 8
15 8 12 7 12 16 9 0 0 21 15 3 21 15 8 3
8 0 2 6 21 9 13 8 3 8 16 18 20 13 5 11
11 10 10 9 8 17 14 9 5 12 13 3 16 16 7 5
0 8 6 5 6 8 12 14 11 12 3 16 14 2 4 15
2 15 2 18 19 19 10 2 4 18 6 5 4 1 4 16
8 0 11 4 5 10 6 5 3 8 4 12 8 10 10 2
4 3 9 3 6 4 4 6 2 9 1 7 6 0 7 10
8 11 6 3 0 3 14 13 11 4 2 7 1 4 2 13
12 10 1 10 5 11 2 9 1 4 4 13 13 13 4 3
1 2 2 0 2 0 1 1 2 2 1 1 1 1 0 2
5 4 14 7 5 16 8 17 16 13 6 2 6 3 18 2
11 8 7 5 9 11 1 12 7 5 3 5 7 7 8 8
1 3 0 0 2 4 4 2 2 1 2 2 3 1 3 2
0 5 1 2 2 3 5 1 5 4 0 3 1 5 4 5
14 11 13 15 10 4 7 16 12 15 12 15 9 11 17 1
7 7 0 1 2 6 5 5 7 6 8 0 7 2 4 9
