10  11  10  11  10  11  10  11
11  11  10  11  10  10  10  11
8  8  9  9  8  9  9  8
6  6  5  5  6  5  5  5
0  0  0  0  0  0  0  0
12  12  11  11  12  12  11  11
5  5  6  6  6  5  6  5
15  14  14  15  14  14  14  15
13  14  13  14  14  13  14  14
10  10  10  10  10  10  10  11
14  14  15  15  15  14  14  15
2  3  2  2  3  2  2  2
7  8  8  7  7  7  7  8
14  13  13  14  13  13  14  14
13  13  13  12  13  12  12  13
11  11  11  12  11  12  11  11
11  10  10  11  10  11  10  11
6  7  6  6  7  7  6  7
4  5  5  4  4  4  5  4
0  0  0  0  0  0  0  0
0  0  0  0  0  0  0  0
6  7  7  6  7  6  7  6
10  10  9  9  10  9  9  10
3  4  3  4  4  3  3  4
0  0  0  0  0  0  0  0
10  11  11  11  10  10  10  10
6  7  6  6  7  6  7  6
5  5  6  5  5  5  6  6
1  1  1  1  1  2  2  1
3  4  4  4  4  3  4  3
0  0  0  0  0  0  0  0
6  7  7  6  6  6  6  6
12  12  13  12  13  12  13  13
4  4  4  4  4  4  4  3
6  7  7  7  6  7  6  6
3  4  4  4  4  4  3  3
0  0  0  0  0  0  0  0
10  9  9  9  10  9  9  9
3  4  4  4  4  3  4  3
8  8  7  8  8  8  8  8
4  3  3  4  3  4  3  4
2  2  1  2  1  2  2  2
8  7  8  7  7  7  8  8
9  9  9  9  9  9  10  9
7  8  8  8  7  7  7  7
9  9  9  8  9  9  8  8
6  7  6  7  7  7  7  6
13  13  13  13  13  12  12  13
9  9  9  9  9  9  10  9
4  4  3  3  3  4  4  4
11  10  11  10  10  11  10  11
0  0  0  0  0  0  0  0
15  15  14  14  14  14  14  15
7  7  7  8  8  8  8  7
0  0  0  0  0  0  0  0
15  15  15  14  15  15  15  15
8  8  8  9  8  8  9  9
4  4  3  4  3  3  3  4
6  6  5  6  5  6  5  5
11  11  11  10  10  10  11  10
14  14  14  13  14  14  14  13
14  13  14  14  14  14  13  13
4  4  5  5  4  5  4  5
10  10  11  10  10  10  10  10
13  14  14  14  13  14  13  13
2  3  3  3  3  2  3  3
5  5  5  4  4  5  4  4
10  9  9  10  10  10  10  10
6  6  6  6  6  5  5  5
4  5  4  4  4  5  5  4
8  9  9  9  8  9  8  9
6  5  6  6  5  5  5  6
2  2  1  1  2  1  2  1
8  7  8  7  8  8  8  7
13  13  12  13  13  13  13  13
14  14  15  15  14  15  15  14
4  4  4  4  3  4  4  4
11  12  12  11  11  11  12  11
9  9  10  9  10  10  9  9
3  2  2  3  3  2  3  3
5  6  6  6  5  6  5  5
4  5  5  4  5  5  4  4
0  0  0  0  0  0  0  0
8  8  8  9  9  9  8  8
6  6  5  5  6  5  6  6
11  12  11  11  11  12  12  11
13  13  13  12  12  12  12  13
2  2  2  2  2  2  3  3
12  12  12  12  12  12  13  13
4  4  4  5  5  4  4  5
5  6  5  5  6  5  5  6
0  0  0  0  0  0  0  0
11  12  11  12  12  11  11  11
2  3  2  2  3  2  3  2
6  5  6  6  6  6  5  5
3  4  3  4  3  4  3  4
2  2  2  2  1  1  1  1
0  0  0  0  0  0  0  0
5  4  5  4  4  4  5  4
5  4  5  4  5  4  5  5
6  7  7  6  7  6  6  7
11  11  11  11  10  10  11  10
4  4  4  3  3  3  4  3
12  11  11  12  11  12  12  12
3  3  4  3  4  4  3  3
3  3  3  3  4  4  4  3
4  3  4  3  3  3  3  4
10  9  9  10  10  10  10  10
6  5  6  6  5  6  6  6
6  6  6  6  6  6  5  5
12  13  12  13  13  12  12  12
11  10  11  11  11  10  11  11
10  9  10  10  9  9  10  9
0  0  0  0  0  0  0  0
8  7  8  8  7  8  8  8
2  3  2  2  3  3  2  2
14  14  13  13  13  13  14  14
10  11  11  10  11  10  10  11
6  6  5  5  5  6  5  6
5  4  5  5  4  4  4  5
9  10  9  10  10  10  10  9
6  7  6  7  6  6  7  6
13  13  12  12  12  12  12  12
0  0  0  0  0  0  0  0
3  4  3  3  4  4  4  4
2  2  1  2  1  1  1  2
13  12  13  13  13  12  12  12
7  7  7  7  7  6  6  6
2  3  3  3  3  3  2  3
9  8  8  9  8  9  9  8
13  12  12  12  12  13  13  12
14  15  14  15  15  14  15  14
5  5  6  5  5  6  5  5
2  1  2  2  1  1  1  2
0  0  0  0  0  0  0  0
1  2  2  2  1  1  1  1
5  4  4  5  4  4  5  4
7  7  8  8  8  8  7  7
13  12  13  13  13  13  12  13
1  2  2  2  1  2  1  1
12  11  12  11  12  12  11  12
12  12  12  12  11  12  11  11
13  14  14  13  13  14  14  14
7  7  8  8  7  8  8  8
8  7  8  8  7  8  7  7
5  5  5  6  6  5  5  5
8  7  7  7  7  7  8  8
6  7  7  7  6  7  6  6
6  6  5  6  5  6  6  5
14  14  15  15  15  15  15  15
9  8  9  9  8  9  8  9
11  12  11  11  12  12  11  12
7  8  7  7  8  7  8  8
1  1  1  2  2  1  1  1
9  10  10  9  10  10  10  9
4  3  4  3  3  4  4  4
0  0  0  0  0  0  0  0
9  9  8  8  9  8  8  9
14  13  13  14  13  14  13  13
12  13  12  12  13  12  12  13
8  8  9  9  9  8  8  9
4  5  4  5  5  4  4  4
9  9  10  10  9  9  9  9
3  2  3  2  3  2  3  2
5  5  5  6  5  5  6  5
4  4  3  4  3  3  3  4
9  8  9  8  8  9  8  9
11  11  11  12  12  11  12  12
15  14  15  15  14  15  15  14
2  1  2  2  1  1  1  2
5  5  5  4  4  5  5  4
7  7  7  7  6  6  7  6
7  8  7  8  8  7  8  8
2  1  2  2  1  1  2  2
11  11  10  10  10  11  10  11
7  6  6  7  6  6  6  7
9  9  9  9  8  9  8  8
11  11  11  11  11  11  11  11
6  7  6  6  7  7  6  7
14  13  13  13  14  13  13  14
8  9  9  9  8  8  8  9
10  11  11  10  11  11  10  10
11  12  11  11  11  11  11  12
0  0  0  0  0  0  0  0
2  1  1  2  2  2  2  2
7  7  7  7  6  7  6  6
10  9  9  9  10  10  9  10
5  5  4  5  4  5  4  4
15  15  15  15  14  15  15  15
13  13  12  12  12  12  12  12
14  15  15  15  14  14  15  15
0  0  0  0  0  0  0  0
1  2  1  2  2  2  1  1
12  11  11  11  12  12  11  11
3  3  3  4  4  4  3  4
4  3  3  3  3  4  4  3
10  9  9  9  9  9  10  9
6  5  5  6  6  5  5  5
9  9  9  8  8  8  9  8
1  2  1  1  1  1  1  1
14  15  15  14  14  15  15  15
13  14  14  14  14  13  14  13
10  9  9  9  9  9  9  9
6  7  7  6  7  7  7  6
3  2  2  3  2  3  2  3
12  12  13  12  12  12  13  12
12  12  13  12  12  13  12  13
9  10  9  9  10  10  10  9
5  6  6  5  5  6  6  5
5  4  4  4  4  4  4  5
5  4  5  5  5  5  4  4
14  15  14  15  15  15  14  14
14  14  14  14  14  15  15  15
2  2  2  2  1  2  1  2
12  11  12  11  12  11  12  12
7  7  6  6  6  6  7  6
3  3  3  3  2  3  3  2
5  5  5  5  6  5  6  5
8  9  8  9  9  8  9  9
0  0  0  0  0  0  0  0
4  5  5  5  4  4  4  5
15  15  14  15  14  14  15  14
13  12  13  13  12  12  12  13
10  10  11  11  10  10  11  10
9  8  9  8  9  8  8  9
0  0  0  0  0  0  0  0
12  13  13  12  13  13  12  13
13  13  12  12  12  13  12  12
10  10  10  10  11  11  10  10
6  6  6  6  5  5  6  6
7  7  8  8  7  8  7  7
6  6  5  6  6  6  6  6
0  0  0  0  0  0  0  0
10  11  11  11  10  10  11  10
4  4  5  5  5  5  4  4
4  4  4  5  5  5  4  4
12  13  12  13  12  12  12  12
14  14  15  15  14  15  14  14
4  5  5  5  5  4  5  4
8  7  8  7  7  8  7  7
13  12  12  12  12  13  12  12
10  10  11  10  10  11  10  10
11  12  12  11  11  11  12  11
13  13  13  14  13  14  13  13
12  12  11  12  12  11  12  12
11  10  10  11  11  10  11  11
4  4  4  4  5  5  5  4
7  6  7  6  7  6  7  6
4  4  3  4  3  4  4  4
3  3  3  3  3  2  2  2
8  9  9  9  8  9  8  8
7  7  7  7  6  6  6  6
15  15  14  14  15  15  14  15
8  9  8  8  9  9  8  9
12  12  13  12  12  13  13  13
5  5  5  5  5  5  6  5
4  3  3  3  3  4  4  3
0  0  0  0  0  0  0  0
4  4  4  5  5  4  5  4
7  7  7  8  7  8  8  7
5  5  6  5  5  5  6  5
1  1  2  1  1  2  1  2
2  1  2  2  2  2  1  1
14  14  13  14  13  14  14  14
8  7  8  8  8  7  7  7
5  5  5  4  4  4  4  5
12  12  13  12  13  13  13  12
8  8  8  9  8  8  8  8
11  11  11  11  11  12  12  11
0  0  0  0  0  0  0  0
14  15  14  14  14  14  15  14
14  13  14  14  13  14  13  13
13  12  12  12  13  12  13  13
12  13  12  13  12  13  13  13
4  4  3  3  3  4  3  3
14  15  15  15  15  15  15  15
5  5  5  5  4  5  4  5
9  9  8  8  9  8  9  8
12  11  11  11  11  12  12  12
14  13  13  14  14  14  13  13
10  10  9  9  10  10  10  9
14  13  13  13  13  14  13  13
0  0  0  0  0  0  0  0
14  13  13  13  14  14  13  13
10  9  9  9  9  9  10  10
7  6  6  7  7  6  6  6
0  0  0  0  0  0  0  0
14  14  15  14  15  14  15  15
11  10  11  11  10  10  11  10
14  13  13  14  14  14  14  13
9  9  8  8  9  9  8  9
14  14  13  14  13  13  13  14
2  2  2  1  1  1  2  2
5  6  6  6  6  5  5  5
12  13  13  13  13  12  13  13
11  12  11  12  11  12  12  11
9  9  9  8  8  8  9  9
14  14  14  14  14  14  15  14
11  10  10  11  10  10  10  11
8  7  7  8  7  8  8  7
5  4  4  4  5  5  5  5
1  2  2  2  1  1  2  1
9  10  9  9  9  9  9  9
6  6  7  6  6  6  7  7
7  8  8  8  8  7  7  7
9  9  9  8  9  9  8  9
9  9  8  8  8  9  8  9
8  7  8  8  8  7  7  8
2  2  3  3  2  3  2  3
14  14  13  13  14  13  13  14
2  3  3  2  3  3  2  3
6  7  6  7  6  7  6  6
13  12  13  13  13  13  12  13
5  6  5  6  6  5  5  6
12  13  13  12  12  12  13  13
12  12  12  11  12  11  11  11
9  9  9  9  8  9  9  8
13  14  13  13  13  14  13  13
2  2  1  2  2  2  2  2
15  15  14  15  14  14  15  14
6  7  7  6  7  6  6  6
9  10  9  9  9  10  9  9
14  14  15  14  14  15  14  14
2  1  1  2  1  1  1  2
12  11  12  11  11  12  11  11
7  6  7  7  7  7  7  7
6  6  5  5  6  5  5  5
9  10  9  10  9  10  9  10
9  8  9  9  9  8  8  8
7  6  6  6  7  7  7  7
3  2  3  3  2  3  3  2
14  15  14  15  14  15  15  14
10  9  9  10  9  10  10  10
9  9  9  9  9  9  8  8
4  3  4  4  4  3  3  4
11  12  11  11  11  12  11  12
7  6  7  7  7  6  7  6
8  8  7  7  7  7  7  8
5  5  4  5  5  5  4  4
7  6  7  6  7  6  6  7
9  8  9  9  9  9  9  8
5  5  4  5  4  5  4  4
12  11  12  11  11  11  12  11
7  7  7  7  7  7  6  7
11  12  11  11  12  12  11  12
12  12  11  11  12  11  11  11
8  8  7  8  8  8  7  7
15  14  15  14  15  15  15  14
2  2  1  1  2  2  2  1
12  11  11  12  11  11  11  11
14  13  14  13  14  13  13  13
7  7  8  7  8  7  7  7
7  7  7  7  7  7  7  7
3  3  2  3  3  3  3  2
13  13  12  12  12  13  13  12
12  12  12  11  11  12  11  11
7  7  8  7  7  7  8  8
14  14  13  14  14  14  13  13
1  1  1  2  2  2  2  2
10  10  9  9  9  10  9  9
0  0  0  0  0  0  0  0
8  9  8  9  8  8  9  8
9  10  9  10  9  10  10  9
6  6  6  5  5  6  5  5
0  0  0  0  0  0  0  0
3  3  3  2  2  3  3  3
8  8  7  7  7  7  7  8
6  6  5  5  6  5  6  6
3  3  2  3  2  2  2  2
6  7  7  6  7  6  7  6
4  4  4  4  4  5  5  5
0  0  0  0  0  0  0  0
2  2  3  3  3  3  3  2
0  0  0  0  0  0  0  0
0  0  0  0  0  0  0  0
0  0  0  0  0  0  0  0
5  5  5  6  6  6  5  5
12  11  12  12  11  11  11  11
2  2  2  2  3  2  3  3
13  13  12  13  12  13  12  12
13  14  14  14  13  13  14  14
7  8  8  8  8  8  7  8
0  0  0  0  0  0  0  0
10  10  9  10  10  9  10  10
3  4  4  3  4  3  4  4
5  6  5  5  5  5  5  6
10  10  9  10  10  10  10  10
6  6  5  5  6  6  6  6
5  4  4  5  5  4  5  5
4  4  5  4  5  5  4  4
8  8  8  8  8  7  7  8
9  9  8  8  9  8  9  8
13  12  12  12  13  12  13  12
0  0  0  0  0  0  0  0
3  3  3  4  4  3  3  4
0  0  0  0  0  0  0  0
14  15  14  15  14  14  14  15
1  2  2  1  1  2  2  1
12  11  12  11  12  11  11  12
1  2  2  1  1  1  1  2
