5 14 15 5 12 5 5 10 10 15 15 7 13 9 15 12 9 5 10 12 13 15 7 9 5 9 12 11 10 7 14 11
10 20 13 11 7 13 8 12 13 11 17 15 8 13 19 15 8 17 19 9 20 10 18 17 9 19 9 13 7 9 16 19
12 11 13 14 8 9 5 13 13 5 7 9 12 7 14 14 14 10 15 6 6 5 11 9 14 10 5 10 12 5 10 10
1 2 2 2 2 1 2 1 2 1 1 1 2 2 1 2 1 2 1 2 2 1 1 1 1 2 2 1 2 1 2 2
8 13 17 7 13 6 11 15 6 17 11 8 8 12 8 6 11 9 16 17 16 16 14 6 7 12 10 7 9 9 15 6
12 6 7 6 12 8 9 7 10 14 7 8 11 6 13 5 14 13 7 14 10 9 10 5 14 5 14 8 10 11 6 10
4 5 4 5 3 4 5 6 2 4 2 3 5 2 4 3 5 5 4 6 5 6 4 6 4 5 2 3 6 4 3 3
10 5 6 7 11 7 13 10 7 8 10 9 13 10 6 9 13 5 15 6 8 11 10 7 8 9 7 12 6 11 14 13
13 13 13 6 7 14 11 8 6 8 11 9 8 7 11 9 8 5 5 14 14 5 12 14 14 14 8 11 9 7 9 8
1 1 3 3 2 1 3 3 3 2 2 3 1 1 2 1 3 1 2 3 3 2 1 1 1 1 2 3 1 3 3 2
3 1 3 3 3 3 3 3 2 2 1 3 2 3 2 3 3 1 2 3 1 1 2 1 1 2 1 1 3 1 3 3
5 3 6 4 3 8 5 4 3 7 5 6 8 8 7 6 4 8 3 5 3 4 3 4 3 4 6 5 5 8 5 6
11 7 9 14 12 10 8 5 12 10 11 13 8 14 6 11 9 8 9 10 9 8 5 13 13 7 9 7 11 14 7 6
5 2 2 2 5 5 6 3 6 4 4 2 4 4 2 2 6 6 2 6 6 3 3 4 2 6 6 6 5 4 3 2
10 11 13 11 13 13 14 12 11 13 9 6 7 8 12 11 14 6 8 14 14 11 9 9 5 7 8 10 8 9 6 14
4 3 8 5 6 8 6 6 4 3 3 6 6 3 3 4 4 5 6 7 7 6 8 6 6 3 6 4 3 6 8 3
13 13 6 14 14 7 10 5 8 8 7 7 10 12 14 7 7 11 8 7 5 12 11 12 12 6 10 6 5 11 8 11
2 1 2 2 2 1 1 1 1 1 1 2 2 2 1 2 1 1 1 1 2 1 2 1 2 2 2 2 2 1 2 2
1 1 2 2 1 2 1 1 2 1 2 2 2 1 1 2 1 2 1 1 1 1 2 2 2 1 1 1 1 2 1 2
5 11 9 8 6 11 6 9 7 5 8 7 11 8 9 5 4 6 4 7 11 5 8 7 10 6 8 7 4 9 6 6
5 3 6 2 5 3 3 4 5 6 4 3 6 5 2 2 6 5 4 2 5 2 6 4 6 4 4 6 3 5 2 6
3 3 3 2 3 2 1 1 1 1 3 1 2 3 3 3 2 2 1 1 1 2 2 2 1 3 2 2 2 1 3 1
9 4 4 7 5 10 7 8 11 5 8 9 9 10 5 9 5 4 8 11 8 8 10 6 10 9 7 6 10 6 8 7
11 17 20 13 19 16 10 11 16 8 12 8 18 15 12 12 11 14 19 17 15 19 11 10 7 20 16 14 11 20 17 13
1 2 3 1 1 1 2 3 2 3 1 1 1 3 2 3 3 2 1 2 2 1 1 3 2 3 1 2 2 3 1 1
6 4 6 6 3 3 4 4 4 2 5 4 3 5 4 6 4 2 6 4 4 6 4 6 5 6 5 5 4 3 3 6
13 12 17 18 17 8 9 12 14 15 9 16 12 7 15 11 12 16 9 11 13 18 9 11 11 10 16 16 14 18 20 16
7 11 5 4 11 11 6 8 6 4 4 11 4 4 4 8 8 6 5 4 7 6 7 8 6 9 8 6 7 6 7 11
13 12 6 9 14 11 14 13 8 6 7 6 8 9 7 14 10 13 12 11 8 6 12 5 10 14 11 13 8 5 7 9
5 4 5 4 2 3 4 2 4 2 5 4 3 2 2 5 4 2 5 4 2 3 4 5 2 5 2 3 3 4 4 3
5 4 2 5 2 3 5 3 2 4 4 5 3 5 2 5 3 5 4 5 5 5 5 5 4 4 3 3 4 5 2 2
2 1 3 3 2 1 2 1 2 3 1 2 2 2 2 1 1 2 1 3 1 2 3 3 1 3 1 2 3 2 2 2
14 11 10 15 14 7 16 11 11 9 17 6 11 16 6 7 10 16 16 16 16 10 6 8 13 10 9 9 7 15 15 17
2 3 3 2 2 4 4 2 3 4 5 4 2 5 4 3 2 2 4 2 4 3 5 5 5 5 4 2 5 5 2 5
12 5 10 14 6 10 8 8 15 5 8 12 13 8 12 6 14 8 10 11 9 6 10 8 13 9 5 6 12 8 15 5
6 8 4 8 7 8 8 4 4 8 3 8 6 4 5 7 3 8 7 7 5 8 8 7 3 6 3 5 6 5 7 7
10 17 18 18 13 15 20 13 17 20 21 18 21 9 21 20 13 12 12 12 7 21 17 11 12 16 19 15 14 17 17 15
2 3 4 2 4 3 6 5 4 4 6 4 3 5 5 5 2 5 5 3 4 4 2 2 2 3 5 3 3 2 5 4
6 8 4 6 9 8 7 4 7 8 3 9 5 6 3 5 3 7 3 9 6 9 6 9 4 3 7 6 7 8 9 3
6 13 12 13 10 9 12 7 6 7 12 11 7 6 14 9 5 8 11 5 13 11 9 10 7 5 5 9 6 14 6 13
6 6 5 8 7 3 8 8 3 5 8 4 5 3 6 8 4 4 4 3 7 7 4 5 5 5 8 4 6 7 5 3
10 5 5 11 8 8 5 11 11 7 5 6 11 4 7 10 9 6 9 9 4 11 5 11 9 8 5 10 8 4 8 7
3 1 3 1 3 1 2 2 2 3 1 3 1 2 1 2 2 3 3 2 2 3 1 1 1 2 2 1 1 3 1 2
6 3 3 2 5 4 2 3 3 2 2 2 5 3 2 6 6 6 3 3 4 6 2 4 4 6 6 6 4 2 3 2
17 10 16 18 16 15 18 11 10 13 16 13 11 18 14 17 11 16 15 6 9 14 13 12 10 16 14 8 10 16 6 12
12 14 5 9 10 10 9 13 11 11 14 13 9 10 14 6 5 5 12 13 7 6 7 13 15 13 9 13 7 11 7 8
4 5 4 7 5 4 6 7 8 4 7 4 6 5 3 3 8 4 6 5 7 6 3 7 5 7 5 7 6 4 8 4
10 7 5 10 11 9 8 9 9 5 11 5 4 10 5 4 10 4 5 7 8 5 4 4 11 12 7 6 10 12 6 9
3 3 5 3 4 2 2 3 5 2 4 5 2 3 3 2 3 5 4 2 3 2 3 4 3 2 4 3 4 3 2 5
8 4 11 5 6 11 12 6 12 10 6 4 11 7 11 5 10 9 9 6 5 6 4 7 9 5 12 12 8 12 11 11
14 5 6 14 15 6 6 11 7 15 11 5 9 15 10 15 5 12 9 9 14 14 14 11 11 10 7 11 14 13 11 15
11 14 10 11 18 13 17 14 7 12 9 8 16 19 17 8 12 21 14 21 7 21 19 15 13 7 15 18 16 17 14 13
8 12 9 9 5 5 6 8 8 4 8 4 8 10 6 6 7 10 8 8 5 4 11 8 9 7 12 6 7 12 8 5
6 7 7 7 3 6 8 9 5 6 8 7 6 3 8 7 5 4 3 3 5 3 7 9 6 9 5 8 7 7 8 7
6 8 8 4 5 6 5 9 9 4 3 3 7 5 3 3 9 9 8 3 7 7 6 8 4 6 8 6 6 6 5 8
9 8 9 8 13 12 8 14 14 11 12 8 9 6 6 9 7 11 6 9 10 13 7 9 9 6 13 5 6 14 12 12
8 8 12 11 12 13 18 12 12 11 18 8 9 17 13 8 16 10 14 9 18 11 8 7 6 14 18 17 15 13 10 14
5 7 4 4 6 7 6 3 6 8 3 6 7 3 7 7 4 7 3 5 8 6 3 3 4 3 3 4 5 8 7 8
14 13 10 6 9 18 14 15 10 17 18 15 11 15 15 13 11 13 16 7 16 12 13 12 14 15 10 13 8 6 16 14
10 12 9 5 6 9 5 12 6 10 6 7 10 5 10 8 8 4 7 11 6 5 10 5 7 7 5 11 12 9 6 5
7 7 6 5 8 7 7 7 7 4 3 5 5 3 6 7 8 8 8 6 6 8 4 6 3 3 8 3 3 3 4 7
8 9 11 8 14 14 11 6 14 6 12 8 16 11 15 14 9 9 9 7 7 14 15 13 9 7 16 9 9 10 16 10
1 1 2 1 2 1 1 1 1 2 2 2 1 1 1 1 2 1 2 1 1 2 1 2 1 1 2 2 1 1 2 1
1 2 3 1 2 1 1 2 2 2 1 3 1 2 3 2 3 1 3 3 2 3 3 2 2 2 3 1 3 2 1 2
6 3 4 5 2 6 2 4 6 2 5 2 5 3 5 4 4 4 4 2 4 3 4 3 4 4 2 4 5 3 4 5
4 8 8 8 11 9 4 6 11 7 9 11 8 11 7 11 5 11 12 7 12 7 6 12 10 11 8 8 11 9 11 11
11 18 10 14 9 21 16 10 20 11 10 10 15 8 14 7 13 16 20 18 17 17 21 12 12 19 19 20 14 18 11 10
5 5 5 4 4 5 4 2 3 5 4 3 6 2 4 5 5 4 5 6 5 2 4 4 2 3 2 5 6 2 6 2
1 3 2 3 2 2 2 3 2 2 3 2 1 3 1 3 1 2 3 3 3 1 3 2 3 3 1 3 1 2 1 1
20 11 8 15 19 18 10 19 13 7 7 14 9 20 11 11 14 20 9 14 20 12 8 13 17 9 7 11 12 13 8 9
6 8 12 9 7 7 14 11 7 17 6 8 7 8 8 14 10 11 14 17 12 15 9 7 13 14 17 15 12 9 13 17
12 17 8 7 16 8 14 19 19 14 12 19 19 16 9 14 10 16 12 11 10 11 12 19 8 8 14 19 15 13 12 11
1 2 1 2 1 1 2 2 2 1 2 1 1 2 2 1 1 1 1 1 2 2 1 1 1 1 2 1 2 2 1 2
7 13 13 7 11 5 12 9 11 11 14 7 12 9 5 8 12 11 11 12 14 13 6 11 8 11 5 7 10 9 14 9
13 13 19 9 12 18 14 10 17 14 11 14 8 11 9 10 18 8 13 8 17 20 18 20 7 7 14 8 12 7 11 11
7 20 11 11 18 17 7 13 14 19 7 10 17 14 11 11 15 10 7 14 19 18 13 13 19 8 9 18 14 12 16 20
4 3 6 5 8 4 8 4 6 7 3 8 8 7 5 6 6 5 5 5 6 7 3 3 7 5 9 7 7 4 7 7
9 3 6 8 5 9 3 8 9 4 6 7 6 5 6 8 4 4 9 5 7 4 6 5 9 7 7 8 9 8 7 8
10 6 16 17 7 14 10 15 7 10 6 10 17 9 11 8 9 11 7 6 12 12 16 12 11 11 16 11 7 15 15 7
4 5 8 4 6 9 8 8 4 6 7 3 4 5 7 6 6 9 7 4 8 4 8 6 6 8 4 7 4 7 7 6
6 13 6 13 8 12 14 13 13 11 8 11 14 12 9 16 14 18 14 16 15 14 11 13 15 9 17 18 17 9 14 16
9 9 13 12 8 16 18 8 7 11 17 11 10 7 15 12 18 18 13 20 8 16 18 16 17 19 11 19 11 12 10 12
6 16 8 8 14 14 15 10 6 7 10 16 12 17 12 11 15 7 7 10 15 15 7 15 15 8 16 6 7 11 10 9
15 6 7 11 10 7 15 11 8 7 14 11 12 5 8 6 7 15 7 8 13 10 5 14 14 15 15 12 8 13 6 10
3 3 7 8 4 4 6 3 6 4 3 3 7 6 8 3 3 4 6 6 3 8 4 7 8 3 6 5 8 3 7 5
2 2 1 1 1 2 1 1 2 2 2 2 2 2 1 2 1 1 2 2 2 2 2 2 1 2 1 1 2 1 2 1
8 6 5 5 4 6 7 8 7 7 7 6 5 3 4 5 3 8 5 7 4 7 3 4 4 8 6 7 4 6 4 5
9 7 11 9 5 7 11 10 8 5 4 4 7 7 7 4 5 9 4 6 6 6 10 8 6 8 8 11 10 5 9 6
14 9 7 6 11 7 9 12 11 7 13 13 8 13 13 9 11 9 6 10 7 11 8 6 8 14 6 8 7 5 8 10
13 7 6 13 15 16 16 16 7 8 12 12 11 17 9 12 6 16 12 14 8 6 9 11 16 10 17 7 14 12 7 10
7 5 7 8 5 8 3 8 7 3 7 7 8 6 5 7 3 4 3 5 7 7 3 4 7 6 7 7 7 3 6 8
10 10 11 7 5 8 15 10 14 7 14 9 6 5 15 10 9 13 9 14 15 7 12 5 8 10 13 10 13 5 9 8
12 16 10 18 18 13 13 6 9 12 6 18 18 9 8 15 14 14 18 11 13 16 16 11 10 9 14 14 10 7 8 11
4 6 3 9 5 3 5 9 3 3 9 6 6 6 3 4 7 6 7 5 8 7 9 8 3 9 6 8 3 4 3 7
4 5 8 7 5 10 8 8 6 5 9 11 10 10 4 9 10 11 12 12 8 12 12 5 4 8 4 8 9 11 4 8
14 15 13 9 17 13 12 14 13 7 17 13 12 10 11 11 6 10 7 16 16 8 8 15 10 17 9 11 17 7 6 16
5 3 4 3 3 6 3 4 2 6 5 5 5 6 3 3 4 2 3 4 5 3 6 5 6 2 5 2 4 2 4 4
15 17 17 17 13 13 10 16 11 20 13 8 7 9 18 7 13 19 8 7 15 15 15 13 11 15 17 17 17 15 13 7
15 11 18 15 17 14 20 9 9 16 14 11 17 11 19 12 16 17 13 7 13 17 8 19 13 18 17 13 9 13 20 8
12 8 9 10 12 6 8 4 9 4 5 6 12 10 9 6 7 5 8 6 6 4 7 4 10 5 7 12 11 8 11 11
