12 10 13 8 9 11 13 11
9 8 8 8 7 8 6 9
7 6 8 6 8 6 7 7
5 4 4 5 4 3 4 3
2 2 1 1 2 1 2 1
3 4 3 4 3 3 4 5
8 11 13 12 11 9 13 12
6 7 8 8 8 9 8 6
9 7 9 8 9 7 8 7
5 7 7 5 6 5 5 7
4 3 4 3 3 4 4 4
9 9 12 8 8 11 11 10
10 8 13 13 13 12 9 13
6 8 6 8 7 9 9 8
7 10 7 8 12 7 11 7
1 1 2 2 1 2 1 2
10 10 10 9 10 8 8 10
3 4 4 4 3 3 3 4
4 4 3 3 4 4 3 4
7 9 7 8 7 7 8 9
7 11 8 7 7 9 9 11
8 7 7 9 9 7 9 9
5 5 5 4 4 5 4 3
8 7 8 10 11 8 7 12
4 6 5 7 5 4 4 5
9 11 9 8 11 9 7 11
2 1 2 2 1 1 2 1
9 6 9 8 6 7 8 6
10 8 6 8 9 8 10 9
4 3 3 4 4 3 3 4
2 2 3 2 2 2 2 2
9 8 10 6 8 10 7 8
6 7 9 6 6 7 9 7
4 5 5 3 4 3 3 3
6 8 9 8 8 8 6 7
7 10 9 12 12 10 9 9
3 4 3 4 4 4 4 4
3 4 5 3 4 5 4 3
6 8 5 6 7 6 8 6
1 2 2 1 2 2 2 1
3 3 3 4 4 4 3 4
7 8 7 7 8 7 7 5
11 9 8 11 10 13 9 12
10 11 11 10 13 13 12 8
1 2 2 2 1 2 1 2
4 3 3 3 3 3 3 4
7 6 7 7 9 6 9 7
8 7 7 6 7 10 10 9
5 5 6 5 4 4 7 5
3 3 2 2 3 3 3 2
7 7 8 10 7 6 10 8
2 1 2 1 2 2 2 1
5 3 3 5 3 3 5 5
4 4 4 4 3 3 4 4
9 6 6 9 8 6 9 8
2 2 2 3 3 2 3 3
3 5 3 3 3 3 5 5
11 10 10 10 7 9 11 10
5 6 7 7 5 7 7 8
9 6 10 10 9 9 9 9
3 3 3 3 3 2 2 2
5 5 8 5 7 5 5 8
6 7 6 8 9 6 6 6
9 6 9 9 8 8 8 8
6 4 6 5 7 4 5 7
7 7 7 8 8 8 5 5
11 12 12 9 8 10 9 13
1 2 1 1 1 1 2 2
9 11 13 11 10 13 10 8
3 3 3 4 4 4 3 4
8 8 10 6 7 9 7 9
2 2 2 3 3 3 3 2
9 7 8 8 8 10 6 10
5 5 5 5 5 7 6 7
10 8 7 6 8 7 9 10
8 7 9 7 6 7 8 9
5 5 4 7 6 5 6 5
5 5 6 8 7 7 6 7
4 3 4 4 4 4 3 3
8 8 9 6 8 6 8 7
2 1 2 2 2 2 2 1
9 9 10 8 8 6 9 9
8 7 6 5 7 7 7 6
9 8 8 6 9 7 9 7
5 8 8 7 5 6 6 6
7 8 6 8 6 7 5 5
7 9 9 7 7 9 6 7
1 2 1 2 2 2 2 2
6 6 6 9 9 7 6 9
12 11 8 9 8 9 10 10
1 1 1 2 1 2 2 1
8 5 6 5 6 5 5 6
6 7 8 8 9 6 6 7
13 12 11 9 10 10 10 11
6 7 6 8 7 9 8 9
2 2 1 2 1 1 1 1
5 3 3 3 5 3 5 5
7 7 6 6 8 5 5 6
12 13 13 10 9 9 12 13
2 2 2 3 2 2 2 3
