1 2 8
1 3 5
1 4 5
1 5 9
1 6 4
2 7 3
2 8 2
2 9 2
3 10 6
3 11 7
4 12 1
4 13 7
5 14 10
6 15 8
6 16 10
7 17 6
7 18 4
8 19 6
9 20 4
10 21 8
10 22 6
11 23 8
11 24 7
12 25 11
13 26 4
13 27 5
14 28 7
15 29 4
16 30 8
17 31 8
18 32 10
19 32 6
20 33 2
21 33 7
22 34 11
23 35 1
24 36 10
25 36 3
26 37 11
27 37 2
28 38 1
29 39 9
30 40 4
31 41 11
32 42 9
33 43 4
34 44 8
35 45 11
36 46 11
37 47 2
38 48 6
39 49 1
40 50 10
41 51 11
41 52 11
42 53 4
43 54 9
44 55 7
45 56 9
46 57 2
46 58 3
47 59 10
48 60 8
49 61 9
49 62 8
50 63 10
51 64 2
52 65 8
53 65 11
54 66 7
55 67 11
56 67 6
57 68 11
58 69 6
59 70 2
60 70 10
61 71 3
62 72 4
63 72 2
64 73 10
65 74 4
66 75 11
67 76 4
68 77 11
69 78 11
70 79 8
71 80 7
72 81 9
73 82 1
74 83 10
75 84 11
76 85 1
77 86 10
78 87 4
79 88 5
80 88 6
81 89 11
82 90 9
82 91 3
83 92 11
83 93 8
84 94 7
84 95 6
85 96 6
85 97 11
86 98 10
87 99 1
88 100 2
88 101 3
88 102 5
89 103 1
90 104 11
91 104 5
92 105 7
93 105 2
94 106 4
95 106 1
96 106 11
97 106 8
98 107 6
99 107 1
100 108 4
101 109 9
102 109 8
103 110 11
104 111 8
105 112 6
105 113 9
106 114 11
106 115 1
107 116 1
108 117 4
109 118 7
110 119 5
110 120 6
111 121 8
111 122 9
112 123 9
113 124 1
113 125 1
114 126 4
115 127 7
116 128 11
117 129 2
117 130 5
118 131 1
119 132 1
120 133 4
121 134 1
122 135 1
123 136 6
124 136 1
125 136 5
126 136 7
127 136 7
128 137 6
129 137 4
130 138 10
131 139 11
132 139 9
133 139 1
134 140 11
134 141 9
134 142 5
135 143 3
135 144 2
135 145 7
136 146 5
136 147 2
136 148 5
137 149 6
137 150 9
138 151 11
139 152 1
139 153 8
139 154 3
139 155 7
140 156 3
141 157 8
142 158 2
143 159 1
144 159 4
145 160 11
146 161 7
147 162 8
148 163 8
149 164 9
150 165 9
151 166 1
152 167 10
153 167 5
154 168 5
155 168 3
156 169 9
157 170 2
158 170 3
159 171 3
160 172 9
161 172 11
162 173 11
163 173 2
164 174 7
165 175 2
166 176 7
167 177 4
168 178 7
169 179 7
170 180 5
171 181 3
172 182 2
173 183 6
174 184 4
175 185 6
176 186 1
177 187 10
178 188 2
179 189 6
180 190 6
181 191 10
182 192 11
183 193 3
183 194 5
184 195 6
185 196 7
185 197 5
186 198 3
186 199 8
187 200 11
188 201 11
189 202 5
190 203 6
190 204 5
191 205 3
192 206 8
193 207 10
194 208 6
195 209 10
196 210 10
197 211 6
198 212 6
199 213 3
199 214 11
200 215 3
201 216 4
201 217 4
202 218 2
203 218 8
204 219 4
205 219 7
206 220 4
207 220 4
208 221 4
209 222 5
210 222 7
211 222 6
212 223 7
213 223 7
214 223 7
215 224 5
216 225 3
217 225 3
218 226 9
218 227 1
219 228 7
219 229 1
219 230 9
219 231 6
220 232 6
221 233 7
222 234 1
223 235 6
224 236 6
224 237 3
224 238 4
225 239 8
226 240 10
227 241 9
228 242 4
229 243 11
230 244 2
231 244 7
232 245 9
233 245 1
234 246 7
235 247 11
236 247 11
237 248 11
238 249 7
239 249 10
240 250 4
241 251 8
242 251 4
243 252 10
244 253 11
245 254 7
246 255 4
247 255 4
248 256 11
249 256 4
250 257 4
250 258 7
251 259 5
251 260 8
251 261 5
252 262 1
253 263 1
253 264 3
254 265 9
254 266 7
254 267 7
255 268 6
256 269 2
256 270 2
256 271 11
257 272 1
258 273 3
259 273 11
260 273 2
261 274 5
262 275 6
263 276 6
264 276 1
265 276 7
266 276 4
267 276 3
268 277 11
269 277 5
270 277 3
271 277 1
272 278 6
272 279 11
272 280 1
273 281 11
273 282 3
274 283 7
275 284 8
275 285 11
276 286 11
277 287 8
278 288 1
279 289 3
279 290 10
280 291 8
280 292 7
281 293 7
282 294 1
283 295 1
284 296 9
285 297 2
286 298 5
287 299 1
288 300 1
289 300 10
290 300 3
291 300 3
292 300 6
293 300 6
294 300 11
295 300 7
296 300 3
297 300 5
298 300 11
299 300 11
