1 2 9
1 3 8
1 4 7
2 5 5
2 6 1
2 7 6
2 8 12
3 9 8
3 10 2
3 11 9
3 12 8
4 13 8
4 14 13
4 15 11
4 16 1
5 17 8
6 18 2
7 19 13
8 20 13
9 21 6
10 21 13
11 22 8
12 23 3
13 24 10
14 24 1
15 24 10
16 25 3
17 26 1
17 27 12
18 28 11
18 29 7
18 30 7
19 31 9
20 32 3
21 33 7
21 34 10
22 35 1
22 36 8
23 37 9
23 38 5
23 39 8
24 40 8
24 41 9
25 42 6
26 43 3
27 44 1
28 44 4
29 45 1
30 46 4
31 46 10
32 46 8
33 47 2
34 47 12
35 48 13
36 48 11
37 49 7
38 50 1
39 50 7
40 51 13
41 51 10
42 52 10
43 53 9
44 54 7
45 55 6
46 56 4
46 57 4
47 58 4
48 59 13
49 60 7
50 61 12
51 62 11
52 63 10
53 64 10
53 65 3
54 66 12
55 67 8
56 68 8
57 69 12
57 70 3
58 71 3
59 72 5
60 73 6
61 74 8
61 75 5
62 76 12
63 77 3
64 78 12
65 79 2
66 80 10
67 81 6
68 82 4
69 83 13
70 83 7
71 84 3
72 85 2
73 86 3
74 87 7
75 88 13
76 88 9
77 89 8
78 90 7
78 91 3
79 92 3
80 93 7
81 94 6
81 95 6
82 96 2
83 97 2
83 98 13
83 99 8
84 100 12
85 101 8
86 102 7
86 103 4
87 104 7
88 105 1
89 106 4
90 107 12
91 107 1
92 107 5
93 108 5
94 108 9
95 109 7
96 110 8
97 111 1
98 112 11
99 112 8
100 113 8
101 113 4
102 114 6
103 115 4
104 116 13
105 117 9
106 118 3
107 119 4
108 119 2
109 120 13
110 121 2
111 122 9
112 123 2
113 124 13
114 125 9
115 126 2
116 127 12
117 128 3
118 129 5
119 130 4
119 131 12
120 132 3
121 133 8
121 134 9
122 135 5
123 136 11
124 137 10
124 138 9
125 139 2
125 140 7
126 141 2
127 142 10
127 143 12
128 144 5
128 145 4
129 146 11
130 147 11
130 148 5
131 149 3
131 150 4
132 151 3
132 152 3
133 153 3
133 154 3
134 155 7
134 156 2
134 157 5
135 158 2
136 159 10
137 160 6
137 161 8
138 162 5
138 163 11
139 164 10
139 165 10
139 166 6
140 167 11
141 168 10
141 169 5
142 170 9
143 171 11
143 172 2
144 173 12
144 174 3
145 175 13
145 176 12
145 177 5
146 178 5
147 179 13
148 179 6
149 180 11
150 180 9
151 181 12
152 181 13
153 181 6
154 182 1
155 183 12
156 183 3
157 183 7
158 183 10
159 183 12
160 184 10
161 184 13
162 184 10
163 185 10
164 185 8
165 185 8
166 185 4
167 186 5
168 186 1
169 186 4
170 186 9
171 187 7
172 187 6
173 187 12
174 188 3
175 189 4
176 189 1
177 189 7
178 189 10
179 190 2
180 191 5
181 192 12
182 193 7
183 193 1
184 194 1
185 195 5
186 195 13
187 196 3
188 197 7
189 197 4
190 198 2
191 199 7
192 200 4
193 201 10
193 202 11
194 203 10
194 204 1
195 205 6
196 206 12
196 207 1
197 208 13
197 209 8
198 210 11
198 211 6
199 212 8
200 213 10
200 214 5
201 215 5
201 216 6
202 217 4
203 218 13
204 219 3
204 220 4
204 221 10
205 222 12
206 223 12
207 224 2
208 225 6
208 226 13
209 227 13
210 228 2
211 228 1
212 228 7
213 228 13
214 228 12
215 228 4
216 228 9
217 229 1
218 229 11
219 229 11
220 230 5
221 230 6
222 230 13
223 231 10
224 231 6
225 231 1
226 231 11
227 231 7
228 232 8
228 233 7
229 234 1
229 235 4
230 236 13
231 237 8
231 238 7
231 239 2
231 240 6
232 241 5
232 242 7
233 243 10
233 244 3
234 245 11
235 246 3
236 247 10
236 248 4
236 249 5
237 250 11
237 251 3
238 252 1
238 253 6
238 254 2
239 255 4
240 256 3
240 257 5
240 258 1
241 259 6
242 260 11
243 261 7
244 262 11
245 263 7
246 264 4
247 265 11
248 266 2
249 267 1
250 268 2
251 269 8
252 270 12
253 271 2
254 272 6
254 273 2
255 274 11
256 275 12
257 276 6
258 277 10
259 278 2
260 278 13
261 278 13
262 278 6
263 278 11
264 278 2
265 279 4
266 279 6
267 279 2
268 279 10
269 279 11
270 279 3
271 279 3
272 279 4
273 279 2
274 280 7
275 280 2
276 280 2
277 280 1
278 281 13
278 282 1
278 283 3
278 284 11
279 285 6
279 286 1
279 287 5
280 288 9
280 289 12
281 290 4
282 291 8
283 292 9
284 293 3
285 294 1
285 295 3
286 296 2
287 297 3
288 298 10
289 299 13
290 300 3
291 300 8
292 300 6
293 300 4
294 300 12
295 300 9
296 300 7
297 300 3
298 300 4
299 300 7
