1 2 1
1 3 1
2 4 1
2 5 1
2 6 1
2 7 1
3 8 1
3 9 1
3 10 1
3 11 1
4 12 1
5 13 1
6 14 1
7 15 1
8 16 1
9 17 1
10 18 1
11 19 1
12 20 1
12 21 1
13 22 1
14 23 1
14 24 1
15 25 1
16 26 1
16 27 1
17 28 1
18 29 1
19 30 1
20 31 1
21 31 1
22 32 1
23 33 1
24 34 1
25 35 1
26 35 1
27 36 1
28 37 1
29 38 1
30 39 1
31 40 1
32 41 1
33 42 1
34 43 1
35 44 1
36 45 1
37 46 1
38 47 1
39 47 1
40 48 1
41 49 1
41 50 1
41 51 1
42 52 1
42 53 1
43 54 1
43 55 1
44 56 1
45 57 1
46 58 1
47 59 1
47 60 1
48 61 1
49 61 1
50 62 1
51 63 1
52 64 1
53 64 1
54 64 1
55 65 1
56 66 1
57 67 1
58 67 1
59 68 1
60 68 1
61 69 1
62 70 1
63 71 1
64 72 1
65 73 1
66 74 1
66 75 1
67 76 1
68 77 1
69 78 1
70 79 1
71 79 1
72 80 1
73 80 1
74 81 1
75 82 1
76 83 1
77 84 1
78 85 1
78 86 1
78 87 1
79 88 1
80 89 1
80 90 1
81 91 1
82 92 1
82 93 1
83 94 1
83 95 1
84 96 1
84 97 1
85 98 1
86 99 1
87 100 1
88 100 1
89 100 1
90 101 1
91 102 1
92 103 1
93 104 1
94 105 1
95 105 1
96 106 1
97 106 1
98 107 1
99 108 1
100 109 1
100 110 1
101 111 1
102 112 1
103 113 1
103 114 1
104 115 1
105 116 1
106 117 1
107 118 1
108 119 1
109 120 1
110 121 1
111 122 1
112 122 1
113 123 1
114 124 1
115 125 1
116 126 1
117 127 1
118 128 1
119 129 1
120 130 1
121 131 1
122 132 1
123 133 1
124 134 1
124 135 1
125 136 1
126 137 1
127 138 1
128 139 1
129 140 1
130 141 1
131 142 1
132 143 1
133 144 1
134 145 1
135 146 1
136 146 1
137 146 1
138 147 1
139 148 1
139 149 1
140 150 1
141 151 1
142 152 1
142 153 1
143 154 1
144 155 1
145 156 1
146 157 1
147 158 1
148 159 1
149 160 1
150 160 1
151 161 1
152 162 1
153 163 1
154 164 1
155 165 1
156 166 1
157 167 1
158 168 1
159 169 1
160 170 1
161 171 1
162 172 1
162 173 1
163 174 1
164 175 1
165 176 1
166 177 1
167 178 1
167 179 1
167 180 1
168 181 1
169 182 1
170 183 1
171 183 1
172 184 1
173 184 1
174 185 1
175 186 1
176 186 1
177 187 1
178 188 1
179 188 1
180 189 1
181 189 1
182 190 1
183 191 1
183 192 1
184 193 1
184 194 1
185 195 1
186 196 1
187 197 1
188 198 1
189 199 1
190 200 1
191 200 1
192 200 1
193 200 1
194 200 1
195 200 1
196 200 1
197 200 1
198 200 1
199 200 1
