1 2 1
1 3 1
1 4 1
1 5 1
1 6 1
2 7 1
2 8 1
2 9 1
2 10 1
2 11 1
3 12 1
3 13 1
3 14 1
3 15 1
3 16 1
4 17 1
4 18 1
4 19 1
4 20 1
5 21 1
5 22 1
5 23 1
5 24 1
5 25 1
6 26 1
6 27 1
6 28 1
7 29 1
8 30 1
9 30 1
10 30 1
11 31 1
12 32 1
13 33 1
14 34 1
15 34 1
16 35 1
17 35 1
18 36 1
19 36 1
20 37 1
21 38 1
22 39 1
23 40 1
24 41 1
25 41 1
26 42 1
27 42 1
28 43 1
29 44 1
30 45 1
31 46 1
32 47 1
33 48 1
34 49 1
35 50 1
36 51 1
37 52 1
38 53 1
39 54 1
40 55 1
41 56 1
42 57 1
43 58 1
44 59 1
45 60 1
46 61 1
47 62 1
48 63 1
49 64 1
50 65 1
51 65 1
52 66 1
53 66 1
54 67 1
55 67 1
56 68 1
57 69 1
58 70 1
59 71 1
60 72 1
61 73 1
62 74 1
63 75 1
64 76 1
65 77 1
66 78 1
67 79 1
68 80 1
69 81 1
70 82 1
71 83 1
72 84 1
73 85 1
73 86 1
74 87 1
75 88 1
75 89 1
76 90 1
77 91 1
77 92 1
78 93 1
79 94 1
79 95 1
79 96 1
80 97 1
81 98 1
82 99 1
83 100 1
84 101 1
85 102 1
86 103 1
87 103 1
88 104 1
89 105 1
90 105 1
91 106 1
92 107 1
93 107 1
94 108 1
95 109 1
96 110 1
97 111 1
98 112 1
99 113 1
100 114 1
101 115 1
102 116 1
103 117 1
104 118 1
105 119 1
106 120 1
107 121 1
107 122 1
108 123 1
109 124 1
110 125 1
110 126 1
111 127 1
112 128 1
113 129 1
113 130 1
114 131 1
114 132 1
115 133 1
116 134 1
117 135 1
117 136 1
118 137 1
118 138 1
118 139 1
119 140 1
120 141 1
120 142 1
121 143 1
122 144 1
123 145 1
124 146 1
125 147 1
126 148 1
127 149 1
128 150 1
129 151 1
130 152 1
131 153 1
132 154 1
133 154 1
134 155 1
135 156 1
136 156 1
137 157 1
138 157 1
139 158 1
140 158 1
141 158 1
142 159 1
143 160 1
144 160 1
145 161 1
146 161 1
147 162 1
148 163 1
149 163 1
150 163 1
151 164 1
152 165 1
153 166 1
154 167 1
155 168 1
155 169 1
156 170 1
157 171 1
158 172 1
159 173 1
160 174 1
161 175 1
161 176 1
161 177 1
162 178 1
163 179 1
164 180 1
165 181 1
166 182 1
166 183 1
166 184 1
167 185 1
167 186 1
168 187 1
168 188 1
169 189 1
170 190 1
171 191 1
172 192 1
172 193 1
173 194 1
174 195 1
175 196 1
176 197 1
176 198 1
176 199 1
177 200 1
178 201 1
179 202 1
180 203 1
181 204 1
182 205 1
183 206 1
184 207 1
185 208 1
185 209 1
186 210 1
187 211 1
188 212 1
189 213 1
190 214 1
191 215 1
192 216 1
193 217 1
194 218 1
195 219 1
196 220 1
197 221 1
198 222 1
199 223 1
200 224 1
201 225 1
202 226 1
203 227 1
204 228 1
205 229 1
206 230 1
207 231 1
208 232 1
209 233 1
210 234 1
211 235 1
212 236 1
213 237 1
214 238 1
215 238 1
216 239 1
217 240 1
218 241 1
219 242 1
220 243 1
221 244 1
222 245 1
223 246 1
224 247 1
225 248 1
226 249 1
227 250 1
228 251 1
229 252 1
230 253 1
231 254 1
232 255 1
233 256 1
234 257 1
235 258 1
236 259 1
237 260 1
238 261 1
239 262 1
240 262 1
241 263 1
242 264 1
243 264 1
244 265 1
245 266 1
246 267 1
247 268 1
248 269 1
249 270 1
250 271 1
251 272 1
252 273 1
253 274 1
254 275 1
255 276 1
256 277 1
257 278 1
258 279 1
259 280 1
260 281 1
261 282 1
262 283 1
263 284 1
264 285 1
265 286 1
266 287 1
267 288 1
268 289 1
269 290 1
270 291 1
271 292 1
272 293 1
273 294 1
274 295 1
275 296 1
276 297 1
277 297 1
278 298 1
279 299 1
280 299 1
281 300 1
282 301 1
283 302 1
284 302 1
285 303 1
286 303 1
287 304 1
288 305 1
289 306 1
290 307 1
291 308 1
292 309 1
293 310 1
294 311 1
295 312 1
296 313 1
297 314 1
298 315 1
299 316 1
300 317 1
301 317 1
302 318 1
303 319 1
304 320 1
305 321 1
306 322 1
307 323 1
308 324 1
309 325 1
310 326 1
311 327 1
312 328 1
313 329 1
314 330 1
315 331 1
316 332 1
317 333 1
318 334 1
319 335 1
320 336 1
321 336 1
322 337 1
323 338 1
324 338 1
325 339 1
326 339 1
327 340 1
328 341 1
329 342 1
330 343 1
331 344 1
332 345 1
333 346 1
334 347 1
335 348 1
336 349 1
337 350 1
338 351 1
339 352 1
339 353 1
340 354 1
341 355 1
342 356 1
343 357 1
344 357 1
345 358 1
346 359 1
347 360 1
348 361 1
349 362 1
350 363 1
351 364 1
352 364 1
353 365 1
354 366 1
355 367 1
356 368 1
357 369 1
357 370 1
358 371 1
359 372 1
360 373 1
361 374 1
361 375 1
362 376 1
363 377 1
364 378 1
365 379 1
366 380 1
367 380 1
368 381 1
369 382 1
370 383 1
371 383 1
372 384 1
373 385 1
374 386 1
375 387 1
376 388 1
377 389 1
378 390 1
379 391 1
380 392 1
381 393 1
382 394 1
383 395 1
384 396 1
385 397 1
385 398 1
386 399 1
387 400 1
388 401 1
388 402 1
389 403 1
390 404 1
390 405 1
391 406 1
391 407 1
392 408 1
393 409 1
394 410 1
394 411 1
395 412 1
395 413 1
396 414 1
396 415 1
396 416 1
396 417 1
397 418 1
398 419 1
398 420 1
398 421 1
399 422 1
399 423 1
400 424 1
400 425 1
400 426 1
401 427 1
401 428 1
401 429 1
402 430 1
403 431 1
403 432 1
404 433 1
404 434 1
405 435 1
405 436 1
406 437 1
407 438 1
407 439 1
407 440 1
408 441 1
409 442 1
410 442 1
411 443 1
412 444 1
413 445 1
414 446 1
415 447 1
416 447 1
417 448 1
418 449 1
419 449 1
420 449 1
421 450 1
422 450 1
423 451 1
424 452 1
425 452 1
426 452 1
427 453 1
428 453 1
429 454 1
430 454 1
431 455 1
432 455 1
433 455 1
434 456 1
435 457 1
436 458 1
437 458 1
438 458 1
439 459 1
440 459 1
441 460 1
442 461 1
443 462 1
444 462 1
445 463 1
446 464 1
447 465 1
448 466 1
449 467 1
450 468 1
451 469 1
452 470 1
453 471 1
454 472 1
455 473 1
456 474 1
457 475 1
458 476 1
459 477 1
460 478 1
461 479 1
462 480 1
463 480 1
464 481 1
465 482 1
466 482 1
467 483 1
468 483 1
469 484 1
470 484 1
471 485 1
472 486 1
473 486 1
474 487 1
475 488 1
476 488 1
477 489 1
478 490 1
478 491 1
479 492 1
480 493 1
480 494 1
481 495 1
482 496 1
483 497 1
483 498 1
483 499 1
484 500 1
485 501 1
486 502 1
487 503 1
487 504 1
487 505 1
488 506 1
488 507 1
489 508 1
490 509 1
491 510 1
492 511 1
493 512 1
494 513 1
495 514 1
496 515 1
497 516 1
498 517 1
499 518 1
500 519 1
501 520 1
502 521 1
503 522 1
504 523 1
505 524 1
506 525 1
507 526 1
508 527 1
509 528 1
510 528 1
511 529 1
512 530 1
513 531 1
514 531 1
515 532 1
516 533 1
517 534 1
518 535 1
519 536 1
520 537 1
521 538 1
522 539 1
523 540 1
524 540 1
525 541 1
526 542 1
527 542 1
528 543 1
529 544 1
530 545 1
531 546 1
532 547 1
533 548 1
534 549 1
535 550 1
536 551 1
537 552 1
538 553 1
539 554 1
540 555 1
541 556 1
542 557 1
543 558 1
544 559 1
545 560 1
546 561 1
547 562 1
548 563 1
549 564 1
550 565 1
551 566 1
552 567 1
553 568 1
553 569 1
554 570 1
555 571 1
556 572 1
557 573 1
558 574 1
559 575 1
560 576 1
561 577 1
562 578 1
563 579 1
564 579 1
565 580 1
566 581 1
567 581 1
568 582 1
569 583 1
570 584 1
571 585 1
572 586 1
573 587 1
574 588 1
574 589 1
575 590 1
576 591 1
576 592 1
577 593 1
577 594 1
578 595 1
579 596 1
580 597 1
581 598 1
581 599 1
582 600 1
583 601 1
583 602 1
584 603 1
585 604 1
586 605 1
587 606 1
588 607 1
589 608 1
590 608 1
591 609 1
592 610 1
593 611 1
594 612 1
595 612 1
596 613 1
597 613 1
598 613 1
599 614 1
600 615 1
601 616 1
602 617 1
603 617 1
604 617 1
605 618 1
606 619 1
607 620 1
608 621 1
609 622 1
610 623 1
611 624 1
612 625 1
613 626 1
614 627 1
615 628 1
616 629 1
617 630 1
618 631 1
619 632 1
620 633 1
621 634 1
622 635 1
623 636 1
624 637 1
625 638 1
626 639 1
627 640 1
628 641 1
629 641 1
630 642 1
631 643 1
632 644 1
633 645 1
633 646 1
634 647 1
635 648 1
635 649 1
636 650 1
636 651 1
637 652 1
638 653 1
638 654 1
638 655 1
639 656 1
639 657 1
640 658 1
640 659 1
640 660 1
641 661 1
642 662 1
642 663 1
642 664 1
642 665 1
643 666 1
644 667 1
645 668 1
646 668 1
647 669 1
648 670 1
649 671 1
650 672 1
651 672 1
652 673 1
653 674 1
654 675 1
655 676 1
656 677 1
657 677 1
658 678 1
659 679 1
660 679 1
661 680 1
662 681 1
663 682 1
664 682 1
665 683 1
666 683 1
667 684 1
668 685 1
669 686 1
670 687 1
671 688 1
672 689 1
672 690 1
673 691 1
673 692 1
673 693 1
673 694 1
674 695 1
674 696 1
675 697 1
675 698 1
676 699 1
677 700 1
677 701 1
678 702 1
678 703 1
679 704 1
679 705 1
680 706 1
681 707 1
682 708 1
683 709 1
683 710 1
684 711 1
685 712 1
686 713 1
687 714 1
688 715 1
689 716 1
690 716 1
691 717 1
692 717 1
693 718 1
694 718 1
695 718 1
696 719 1
697 720 1
698 720 1
699 721 1
700 721 1
701 721 1
702 722 1
703 723 1
704 723 1
705 724 1
706 724 1
707 725 1
708 726 1
709 726 1
710 726 1
711 726 1
712 727 1
712 728 1
713 729 1
713 730 1
714 731 1
714 732 1
715 733 1
716 734 1
716 735 1
717 736 1
718 737 1
719 738 1
719 739 1
719 740 1
720 741 1
721 742 1
722 743 1
723 744 1
724 745 1
725 746 1
725 747 1
726 748 1
726 749 1
726 750 1
727 751 1
728 752 1
729 753 1
730 754 1
731 755 1
732 756 1
733 757 1
734 758 1
735 759 1
736 760 1
737 761 1
738 762 1
739 763 1
740 764 1
741 765 1
742 766 1
743 766 1
744 767 1
745 768 1
746 769 1
747 770 1
748 771 1
749 771 1
750 772 1
751 773 1
752 774 1
753 775 1
754 776 1
755 777 1
756 778 1
757 779 1
758 780 1
758 781 1
759 782 1
759 783 1
760 784 1
761 785 1
762 786 1
763 787 1
764 788 1
765 789 1
766 790 1
767 791 1
767 792 1
768 793 1
769 794 1
770 795 1
771 796 1
772 797 1
773 798 1
774 798 1
775 799 1
776 800 1
777 801 1
778 802 1
779 803 1
780 804 1
781 804 1
782 805 1
783 806 1
784 807 1
785 808 1
786 809 1
787 810 1
788 811 1
789 812 1
790 813 1
791 814 1
792 815 1
793 816 1
794 817 1
795 818 1
796 819 1
797 820 1
798 821 1
799 822 1
800 823 1
801 824 1
802 825 1
803 826 1
804 827 1
805 828 1
806 829 1
807 830 1
808 831 1
809 832 1
810 833 1
811 834 1
812 835 1
813 836 1
814 837 1
814 838 1
815 839 1
816 840 1
817 841 1
818 842 1
819 843 1
820 844 1
821 845 1
822 846 1
823 847 1
824 848 1
825 848 1
826 849 1
827 850 1
828 851 1
829 852 1
830 852 1
831 853 1
832 854 1
833 855 1
834 856 1
835 857 1
836 858 1
837 859 1
838 860 1
839 861 1
840 862 1
841 863 1
842 864 1
843 865 1
844 866 1
845 867 1
846 868 1
846 869 1
846 870 1
847 871 1
847 872 1
848 873 1
849 874 1
849 875 1
850 876 1
850 877 1
851 878 1
852 879 1
853 880 1
854 881 1
854 882 1
855 883 1
855 884 1
856 885 1
857 886 1
858 887 1
858 888 1
859 889 1
860 890 1
860 891 1
861 892 1
861 893 1
862 894 1
863 895 1
864 896 1
864 897 1
865 898 1
866 899 1
867 900 1
868 900 1
869 900 1
870 900 1
871 900 1
872 900 1
873 900 1
874 900 1
875 900 1
876 900 1
877 900 1
878 900 1
879 900 1
880 900 1
881 900 1
882 900 1
883 900 1
884 900 1
885 900 1
886 900 1
887 900 1
888 900 1
889 900 1
890 900 1
891 900 1
892 900 1
893 900 1
894 900 1
895 900 1
896 900 1
897 900 1
898 900 1
899 900 1
