1 2 7
1 3 6
1 4 8
1 5 6
1 6 1
2 7 9
2 8 7
2 9 8
3 10 7
3 11 9
3 12 8
3 13 4
3 14 7
4 15 6
4 16 5
5 17 1
5 18 4
5 19 8
5 20 7
6 21 2
6 22 2
6 23 6
7 24 8
8 25 7
9 26 5
10 26 3
11 27 9
12 27 2
13 27 8
14 28 4
15 29 3
16 30 5
17 30 8
18 31 1
19 32 8
20 33 3
21 34 5
22 35 4
23 35 6
24 36 4
25 37 2
26 38 8
27 39 5
27 40 1
28 41 1
29 42 6
29 43 9
30 44 1
31 45 1
31 46 2
32 47 5
32 48 9
33 49 1
34 50 7
35 51 5
35 52 2
35 53 3
36 54 4
37 54 3
38 54 5
39 55 4
40 55 2
41 55 2
42 56 1
43 56 6
44 57 1
45 57 6
46 58 7
47 58 2
48 58 8
49 59 8
50 59 4
51 59 2
52 59 8
53 59 5
54 60 9
54 61 7
54 62 8
55 63 3
56 64 5
56 65 7
56 66 1
57 67 3
57 68 6
58 69 6
58 70 5
58 71 4
59 72 8
60 73 5
61 74 7
62 75 4
62 76 6
63 77 7
64 78 1
65 79 3
66 80 1
66 81 3
67 82 6
68 83 3
69 84 2
70 85 1
70 86 4
71 87 6
72 88 5
73 89 8
74 90 8
75 91 9
76 92 9
77 92 3
78 93 5
79 93 6
80 93 5
81 94 4
82 94 4
83 95 2
84 96 2
85 97 2
86 97 7
87 98 6
88 98 3
89 99 1
90 99 4
91 100 6
92 100 6
93 101 5
94 102 5
95 103 4
96 104 5
97 105 1
98 106 5
99 107 6
99 108 3
100 109 7
101 110 9
102 111 9
102 112 6
103 113 2
104 114 6
105 115 4
106 116 3
107 117 5
107 118 4
107 119 2
108 120 9
109 121 8
109 122 8
110 123 2
111 124 2
112 125 1
113 126 1
113 127 9
114 128 8
114 129 8
115 130 6
115 131 1
116 132 3
117 133 5
118 133 4
119 133 2
120 134 6
121 135 4
122 135 4
123 136 5
124 137 3
125 138 9
126 139 4
127 140 8
128 140 3
129 141 3
130 141 7
131 142 8
132 143 8
133 144 4
134 145 7
134 146 7
135 147 2
135 148 6
136 149 2
136 150 2
137 151 3
137 152 1
138 153 8
138 154 2
138 155 1
139 156 8
140 157 4
140 158 9
141 159 5
142 160 8
142 161 9
143 162 2
143 163 5
144 164 9
145 165 3
146 166 1
147 167 3
148 168 7
149 169 2
150 170 5
151 171 4
152 172 2
153 173 2
154 174 2
155 175 8
156 176 9
157 177 4
158 178 6
159 179 2
160 180 5
161 181 7
162 182 3
163 183 4
164 184 9
165 184 6
166 184 3
167 185 2
168 185 2
169 185 4
170 186 2
171 186 1
172 187 6
173 188 1
174 189 8
175 190 8
176 191 9
177 191 8
178 192 8
179 192 9
180 193 8
181 194 7
182 194 2
183 195 7
184 196 6
185 197 7
186 198 4
187 199 3
188 200 7
189 201 8
190 202 5
191 203 2
191 204 7
191 205 3
192 206 3
193 207 9
194 208 9
195 209 3
196 210 6
197 211 9
198 212 4
199 213 5
200 213 4
201 214 6
202 214 4
203 215 1
204 215 5
205 216 6
206 217 2
207 217 9
208 218 5
209 218 1
210 219 4
210 220 1
211 221 4
212 222 5
213 223 7
213 224 1
214 225 1
215 226 8
215 227 4
216 228 9
217 229 4
217 230 3
218 231 7
219 232 4
220 232 4
221 233 5
222 234 3
223 235 1
224 235 2
225 236 4
226 236 8
227 236 5
228 237 2
229 237 2
230 238 4
231 238 8
232 239 8
232 240 3
233 241 3
234 242 9
234 243 7
235 244 6
235 245 5
236 246 1
236 247 8
236 248 4
236 249 9
237 250 9
238 251 3
238 252 7
239 253 4
240 254 2
241 255 5
242 256 6
243 257 9
244 257 5
245 258 3
246 259 3
247 260 8
248 261 4
249 262 9
250 263 4
251 264 2
252 265 7
253 266 2
254 267 4
255 268 1
256 269 4
257 270 4
258 271 1
259 272 9
260 273 8
261 274 8
262 275 5
263 276 3
264 277 1
264 278 7
265 279 5
266 280 7
267 280 2
268 281 8
269 282 1
270 283 8
271 284 2
272 284 8
273 284 7
274 285 5
275 286 3
276 287 1
277 288 4
278 289 9
279 290 6
280 291 3
281 291 1
282 292 1
283 293 6
284 294 9
285 295 1
286 295 7
287 296 5
288 297 2
289 298 6
290 299 4
291 300 7
292 300 9
293 300 6
294 300 3
295 300 3
296 300 7
297 300 7
298 300 1
299 300 9
