1 2 15
1 3 15
1 4 16
1 5 10
2 6 2
2 7 14
2 8 3
2 9 7
2 10 10
3 11 19
3 12 17
3 13 17
3 14 2
3 15 19
4 16 6
4 17 1
4 18 15
4 19 1
4 20 12
5 21 2
5 22 6
5 23 10
5 24 13
5 25 10
6 26 1
6 27 16
7 28 12
8 29 8
9 30 16
10 31 15
10 32 16
11 33 4
12 34 12
13 35 2
13 36 9
14 37 19
15 38 8
16 39 6
17 40 11
18 41 13
19 42 15
19 43 18
19 44 12
20 45 18
21 46 6
22 47 16
23 48 19
24 49 7
24 50 3
25 51 2
26 52 2
27 53 2
28 53 19
29 54 6
30 54 1
31 55 5
32 56 17
33 57 1
34 57 5
35 57 17
36 58 5
37 58 1
38 58 18
39 59 5
40 59 19
41 60 11
42 60 12
43 61 11
44 62 9
45 62 11
46 62 5
47 63 9
48 64 7
49 65 7
50 66 5
51 66 1
52 67 18
53 68 11
54 69 6
55 70 7
56 71 17
57 72 15
58 73 2
59 74 8
60 75 5
61 76 6
62 77 12
63 78 2
64 79 7
65 80 12
66 81 16
67 82 7
68 83 4
69 84 10
70 85 9
71 86 6
72 87 19
73 87 9
74 88 12
75 89 12
76 90 17
77 91 3
78 92 19
79 93 8
80 94 2
81 95 5
82 96 1
83 97 5
84 98 2
85 99 13
86 100 3
87 101 8
88 102 6
89 102 18
90 103 5
91 104 15
92 105 18
93 106 8
94 107 6
95 108 3
96 109 7
96 110 5
97 111 1
97 112 18
97 113 2
98 114 17
98 115 13
99 116 18
99 117 4
99 118 11
100 119 19
100 120 6
101 121 1
102 122 12
102 123 19
103 124 12
103 125 9
103 126 5
103 127 3
103 128 8
104 129 19
104 130 11
105 131 1
105 132 2
106 133 9
107 134 1
107 135 10
108 136 11
109 137 3
110 138 16
111 139 2
112 139 4
113 139 16
114 140 16
115 141 14
116 142 1
117 143 1
118 143 5
119 144 5
120 144 2
121 144 11
122 144 6
123 145 3
124 146 6
125 147 14
126 148 2
127 148 12
128 149 19
129 149 2
130 150 3
131 150 5
132 151 5
133 151 9
134 152 8
135 152 19
136 153 7
137 154 15
138 155 17
139 156 19
140 157 1
141 158 18
142 159 13
143 160 5
144 161 15
145 162 17
146 163 3
147 164 7
148 165 6
149 166 1
150 167 14
151 168 17
152 169 5
153 170 11
154 171 16
155 172 3
156 173 10
157 174 19
158 175 11
159 176 6
160 177 19
161 178 16
162 179 2
163 180 13
164 181 9
165 182 1
166 183 6
167 184 3
168 185 8
169 186 2
170 187 3
171 188 17
172 189 4
173 190 14
174 191 4
175 192 6
176 193 7
177 194 5
178 195 12
179 196 15
180 197 7
181 198 7
181 199 14
182 200 19
182 201 15
183 202 7
184 203 13
184 204 10
185 205 17
186 206 2
187 207 1
188 208 13
188 209 16
188 210 2
189 211 3
189 212 3
189 213 3
189 214 18
190 215 16
190 216 9
190 217 10
191 218 11
191 219 14
192 220 15
193 221 3
193 222 12
194 223 12
195 224 14
195 225 14
195 226 4
196 227 18
196 228 5
196 229 12
197 230 8
197 231 5
198 232 19
199 233 12
199 234 14
199 235 10
200 236 12
200 237 6
201 238 1
201 239 5
201 240 7
202 241 19
203 242 15
203 243 4
204 244 14
205 245 17
206 246 10
207 247 8
208 248 15
209 248 3
210 248 19
211 249 18
212 249 15
213 250 5
214 251 2
215 251 9
216 252 16
217 252 6
218 253 19
219 253 3
220 253 1
221 253 3
222 253 10
223 254 8
224 255 11
225 255 17
226 255 13
227 256 18
228 257 13
229 257 10
230 258 1
231 258 13
232 259 19
233 260 4
234 260 18
235 260 9
236 260 8
237 260 15
238 261 15
239 261 5
240 261 7
241 262 8
242 262 15
243 263 18
244 263 19
245 263 16
246 264 17
247 264 6
248 265 6
248 266 14
249 267 15
250 268 15
251 269 8
252 270 4
253 271 18
254 272 14
255 273 18
256 274 14
257 275 9
257 276 7
258 277 11
258 278 12
259 279 5
260 280 6
261 281 2
262 282 4
263 283 17
264 284 12
265 285 12
265 286 13
266 287 16
267 288 4
268 289 19
268 290 11
269 291 4
270 292 4
271 293 3
272 294 9
273 295 4
274 296 8
275 297 4
276 298 9
276 299 11
277 300 4
277 301 8
277 302 10
278 303 7
279 304 8
280 305 8
281 306 11
282 307 5
283 308 4
284 309 10
284 310 18
284 311 15
285 312 19
286 312 16
287 313 17
288 313 13
289 314 10
290 315 14
291 315 2
292 316 12
293 317 8
294 317 17
295 318 8
296 319 11
297 320 15
298 320 1
299 321 17
300 322 2
301 323 18
302 324 3
303 325 12
304 326 14
305 327 14
306 328 6
307 329 16
308 330 10
309 331 8
310 332 2
311 333 1
312 334 19
312 335 13
313 336 8
313 337 13
314 338 9
315 339 1
316 340 9
316 341 15
317 342 11
318 343 14
319 344 1
320 345 12
320 346 1
321 347 7
322 348 11
322 349 5
323 350 4
324 351 5
325 352 2
326 353 7
326 354 19
327 355 7
327 356 19
328 357 3
329 358 3
329 359 17
330 360 8
331 361 19
332 362 8
333 363 7
333 364 19
334 365 8
335 365 18
336 365 17
337 366 7
338 366 10
339 367 10
340 368 18
341 369 5
342 369 2
343 369 6
344 370 6
345 370 14
346 371 3
347 372 15
348 373 7
349 373 3
350 374 5
351 375 8
352 375 13
353 375 8
354 375 4
355 376 12
356 376 5
357 377 19
358 377 8
359 378 13
360 379 14
361 380 8
362 380 15
363 380 2
364 381 8
365 382 11
366 383 9
367 384 16
367 385 19
367 386 3
368 387 5
368 388 5
369 389 1
369 390 5
370 391 7
371 392 7
372 393 17
373 394 2
374 395 19
375 396 12
376 397 3
377 398 1
378 399 10
379 400 1
380 401 10
381 402 14
382 403 12
383 404 3
384 405 9
385 405 12
386 406 9
387 407 17
388 408 17
389 409 10
390 410 1
391 411 16
392 412 13
393 413 6
394 414 6
395 415 15
396 416 3
397 417 5
398 417 14
399 418 13
400 418 17
401 419 15
402 419 4
403 420 18
404 421 17
405 422 1
406 423 15
406 424 6
407 425 1
407 426 3
408 427 12
408 428 7
409 429 6
410 430 12
411 431 5
411 432 12
412 433 8
413 434 6
414 435 18
415 436 5
416 437 15
416 438 11
416 439 15
417 440 6
418 441 1
419 442 5
419 443 5
420 444 12
421 444 15
422 445 7
423 446 12
424 446 17
425 447 3
426 448 15
427 449 19
428 450 15
429 450 9
430 451 17
431 451 6
432 452 12
433 453 10
434 454 5
435 455 3
436 456 7
437 456 9
438 457 2
439 458 11
440 459 4
441 460 13
442 460 17
443 461 3
444 462 6
444 463 4
445 464 7
446 465 2
447 466 9
448 467 13
449 468 2
450 469 19
450 470 17
451 471 3
452 472 1
453 473 12
453 474 11
454 475 16
455 476 3
455 477 3
456 478 6
456 479 4
457 480 11
458 481 7
459 482 5
460 483 13
461 484 17
462 485 7
463 486 14
464 487 15
465 487 14
466 488 10
467 488 9
468 489 11
469 490 6
470 490 6
471 491 15
472 492 16
473 492 14
474 493 15
475 494 13
476 494 6
477 495 15
478 495 6
479 495 9
480 496 16
481 497 10
482 498 11
483 499 6
484 499 16
485 500 12
486 500 7
487 500 12
488 500 14
489 500 6
490 500 6
491 500 11
492 500 19
493 500 8
494 500 13
495 500 8
496 500 4
497 500 17
498 500 17
499 500 1
