1 2 9
1 3 4
1 4 19
1 5 17
2 6 8
2 7 19
3 8 1
3 9 17
3 10 19
4 11 7
4 12 1
4 13 9
5 14 3
5 15 12
5 16 6
5 17 15
5 18 12
6 19 9
7 20 7
7 21 7
8 22 17
9 23 17
10 24 6
11 25 14
12 26 16
13 27 5
13 28 5
14 29 8
15 30 16
16 31 16
17 32 9
18 33 17
19 34 5
20 35 8
21 36 5
22 37 4
23 38 1
23 39 4
24 40 16
25 41 13
26 42 11
27 43 17
28 44 8
29 45 9
29 46 12
30 47 3
31 48 7
32 49 7
33 50 2
33 51 6
34 52 11
35 53 6
36 54 1
37 55 9
38 56 3
39 57 14
40 58 16
41 59 19
42 60 18
43 61 17
44 61 1
45 62 8
46 63 4
47 64 4
48 65 6
49 66 4
50 67 10
51 68 9
52 69 6
53 69 12
54 70 5
55 71 4
56 72 2
57 72 10
58 73 18
59 74 19
60 74 11
61 75 13
62 75 11
63 76 2
64 77 12
65 78 11
66 78 2
67 78 1
68 78 11
69 79 10
70 80 10
71 81 5
72 82 15
73 83 5
74 84 8
75 85 3
76 86 7
77 87 11
78 88 10
79 89 7
79 90 13
80 91 11
81 92 1
81 93 17
82 94 3
83 95 8
83 96 2
84 97 10
85 98 19
85 99 6
86 100 3
86 101 5
87 102 5
88 103 9
88 104 5
89 105 2
90 105 11
91 105 8
92 106 9
93 107 5
94 108 18
95 108 8
96 109 4
97 110 14
98 110 5
99 111 4
100 112 4
101 113 10
102 114 4
103 115 17
104 116 2
105 117 4
106 118 14
107 119 12
108 120 18
109 121 6
110 122 5
111 123 4
112 124 3
113 125 4
114 126 18
115 127 14
116 128 5
117 129 19
117 130 11
118 131 9
119 132 5
119 133 16
120 134 11
121 135 16
121 136 8
122 137 5
122 138 7
123 139 19
123 140 14
124 141 15
125 142 17
125 143 2
126 144 10
127 145 12
128 146 13
129 147 16
130 147 17
131 147 11
132 148 3
133 148 15
134 148 18
135 148 12
136 148 5
137 148 19
138 148 10
139 149 13
140 150 18
141 150 1
142 150 9
143 151 19
144 151 7
145 151 14
146 151 16
147 152 16
147 153 15
147 154 17
147 155 9
148 156 18
148 157 12
149 158 18
149 159 8
149 160 13
150 161 3
150 162 11
150 163 15
150 164 17
150 165 11
151 166 14
152 167 16
153 168 12
154 169 5
155 170 7
156 170 15
157 171 5
158 171 15
159 172 17
160 173 15
161 173 5
162 174 4
163 175 16
164 175 18
165 175 2
166 176 7
167 177 16
168 178 12
168 179 2
169 180 7
170 181 15
171 182 13
172 183 13
172 184 1
173 185 13
173 186 12
174 187 3
174 188 8
175 189 6
176 190 1
176 191 7
177 192 10
178 193 14
179 194 7
180 195 8
181 196 7
182 197 12
183 198 4
184 199 15
185 200 5
186 201 12
187 201 13
188 202 8
189 203 10
190 204 17
191 205 19
192 206 16
193 207 11
194 208 18
195 209 18
196 210 11
197 211 10
198 211 2
199 212 10
200 213 19
201 214 15
202 215 2
203 216 3
204 216 3
205 217 12
206 218 19
207 218 13
208 218 4
209 219 12
210 220 17
211 220 5
212 221 2
213 222 7
214 223 15
215 224 4
216 225 13
217 225 15
218 226 6
218 227 10
219 228 2
220 229 7
221 230 4
221 231 19
221 232 9
222 233 5
223 234 4
224 235 13
225 236 19
226 237 19
226 238 1
227 239 5
227 240 3
227 241 1
228 242 4
229 243 5
229 244 14
229 245 15
230 246 3
231 247 13
231 248 13
231 249 9
232 250 2
233 251 17
234 252 15
234 253 4
234 254 16
235 255 5
235 256 13
235 257 17
236 258 2
236 259 9
236 260 9
237 261 9
238 262 13
239 262 19
240 263 18
241 263 11
242 263 2
243 264 4
244 264 1
245 264 15
246 264 10
247 264 1
248 264 12
249 265 2
250 265 14
251 265 19
252 265 3
253 265 18
254 266 4
255 266 19
256 267 11
257 267 8
258 268 9
259 268 19
260 269 17
261 270 3
262 271 6
263 272 3
264 273 15
264 274 9
265 275 12
266 276 15
266 277 19
267 278 14
268 279 2
269 280 17
270 281 12
271 281 10
272 282 15
273 282 9
274 282 14
275 282 7
276 283 7
277 284 12
278 285 10
279 286 8
280 287 10
281 288 9
281 289 13
281 290 2
282 291 14
282 292 6
283 293 2
284 294 3
284 295 19
284 296 5
285 297 7
285 298 7
285 299 15
286 300 16
286 301 4
286 302 3
287 303 6
287 304 10
287 305 17
288 306 17
289 306 11
290 307 11
291 308 9
292 309 1
293 309 11
294 309 5
295 310 2
296 311 16
297 312 13
298 313 2
299 314 9
300 315 10
301 316 2
302 316 1
303 317 15
304 318 18
305 318 17
306 319 18
307 319 4
308 320 12
309 321 12
310 322 7
311 323 5
312 324 5
313 324 18
314 324 13
315 325 14
316 325 18
317 326 14
318 327 2
319 328 11
320 329 8
321 330 15
321 331 14
322 332 19
323 333 4
324 334 13
325 335 6
326 336 6
327 337 13
328 338 6
329 339 3
330 340 2
331 341 3
332 342 14
333 343 10
334 344 15
334 345 10
335 346 11
336 347 13
337 348 5
337 349 8
338 350 8
338 351 3
339 352 4
340 353 7
341 354 14
342 355 8
343 356 14
344 357 4
345 358 13
346 359 17
347 360 7
347 361 10
348 362 2
349 363 9
349 364 7
350 365 13
350 366 14
351 367 18
352 368 5
352 369 11
353 370 8
354 371 17
355 372 4
356 373 1
357 374 4
358 375 6
359 376 15
360 377 3
361 378 7
362 379 7
363 380 3
364 381 1
365 382 7
366 383 9
367 384 12
368 384 9
369 385 11
370 385 5
371 386 9
372 387 19
373 388 10
374 389 2
375 390 7
376 391 1
377 391 12
378 391 8
379 392 12
380 393 16
381 394 7
382 395 1
383 396 12
384 397 13
385 398 12
385 399 12
386 400 15
386 401 17
387 402 8
388 403 15
388 404 5
389 405 6
390 406 9
391 407 18
391 408 4
392 409 8
393 410 14
394 411 8
394 412 7
395 413 8
396 414 19
397 415 17
398 416 13
399 417 19
400 417 16
401 417 6
402 418 6
403 418 8
404 418 3
405 419 3
406 420 12
407 421 13
408 422 14
409 423 11
410 424 7
411 425 12
412 426 18
413 427 17
414 427 6
415 428 8
416 428 2
417 429 2
418 429 1
419 430 17
420 430 17
421 430 1
422 430 10
423 430 10
424 430 13
425 431 7
426 432 15
427 433 8
428 434 18
428 435 19
428 436 13
428 437 7
429 438 9
429 439 19
430 440 14
431 441 6
431 442 17
431 443 13
432 444 12
432 445 19
433 446 6
434 446 5
435 447 11
436 448 17
437 449 17
438 450 9
439 451 7
440 451 6
441 451 9
442 452 2
443 452 6
444 453 17
445 454 4
446 455 17
446 456 3
447 457 1
448 458 11
448 459 14
449 460 14
449 461 15
450 462 5
451 463 6
452 464 9
453 465 2
453 466 11
454 467 12
455 468 15
456 469 11
457 470 7
458 471 3
459 472 18
460 473 10
461 474 4
462 474 15
463 475 3
464 476 8
465 477 11
466 478 19
467 479 4
468 480 7
469 481 8
469 482 14
469 483 12
470 484 12
470 485 2
471 486 2
472 487 3
473 488 6
473 489 17
474 490 2
474 491 9
475 492 2
476 493 5
477 494 13
478 495 14
479 496 19
479 497 5
479 498 18
479 499 9
480 500 13
481 500 8
482 500 4
483 500 13
484 500 10
485 500 5
486 500 16
487 500 12
488 500 9
489 500 10
490 500 5
491 500 17
492 500 6
493 500 1
494 500 1
495 500 12
496 500 19
497 500 13
498 500 9
499 500 19
