1 2 4
1 3 7
1 4 9
1 5 1
1 6 2
2 7 10
2 8 2
3 9 6
3 10 11
3 11 4
3 12 3
4 13 11
4 14 10
5 15 2
5 16 10
6 17 4
6 18 8
6 19 7
6 20 9
6 21 1
7 22 10
8 23 2
9 23 4
10 23 7
11 24 5
12 25 6
13 26 5
14 27 1
15 28 11
16 29 9
17 30 2
18 31 10
19 32 7
20 33 4
21 34 5
22 35 6
23 36 2
23 37 2
24 38 11
25 39 5
26 40 3
27 41 9
28 42 11
29 43 11
30 44 4
31 45 3
32 46 2
33 47 9
34 48 3
35 49 11
35 50 8
36 51 3
37 52 4
38 53 8
38 54 4
39 55 8
39 56 1
40 57 5
41 58 6
42 59 10
43 60 8
44 61 4
45 62 2
46 63 10
47 64 2
48 65 10
49 66 10
50 66 3
51 67 9
52 67 6
53 67 1
54 68 2
55 68 5
56 69 9
57 70 10
58 71 8
59 72 1
60 73 2
61 73 11
62 74 4
63 74 9
64 75 1
65 76 9
66 77 4
67 78 1
68 79 2
69 80 4
69 81 1
70 82 3
71 83 9
72 84 1
73 85 6
74 86 10
75 87 3
76 88 3
76 89 2
77 90 6
77 91 7
78 92 7
78 93 9
79 94 11
80 95 6
80 96 8
81 97 2
82 98 7
83 99 7
84 100 6
85 101 7
86 102 8
87 103 7
88 104 11
89 105 2
89 106 5
90 107 11
91 108 4
92 109 5
93 110 11
93 111 5
94 112 10
95 113 8
96 114 4
97 115 8
98 116 9
99 117 4
100 118 2
101 119 10
102 120 10
103 121 10
104 122 6
105 123 9
105 124 6
106 125 2
107 126 7
108 127 1
109 128 9
110 128 1
111 129 2
112 130 5
113 131 3
114 132 8
115 133 9
116 134 5
117 135 4
118 136 3
119 136 11
120 137 6
121 138 4
122 139 5
123 140 4
124 141 1
125 141 1
126 142 9
127 142 7
128 143 7
129 144 2
130 145 11
131 145 5
132 146 2
133 146 6
134 147 1
135 147 5
136 148 11
137 149 10
138 149 4
139 150 7
140 150 10
141 150 1
142 151 8
143 152 4
143 153 1
144 154 7
144 155 6
144 156 8
145 157 3
146 158 10
147 159 5
148 160 10
149 161 7
150 162 10
151 163 7
152 164 9
153 165 7
153 166 3
154 167 1
155 168 9
155 169 1
156 170 8
156 171 4
157 172 6
158 173 2
159 174 4
159 175 7
160 176 11
161 177 1
162 178 5
162 179 9
163 180 11
164 181 8
165 182 10
166 183 4
167 183 8
168 184 1
169 185 5
170 186 10
171 186 8
172 187 8
173 188 7
174 188 1
175 189 2
176 190 7
177 191 10
178 192 8
179 193 2
180 194 10
181 195 8
182 196 5
183 197 3
184 198 8
185 199 10
186 200 10
187 201 5
188 202 8
189 203 6
190 204 6
191 205 10
192 206 2
193 207 1
194 208 4
195 209 5
195 210 11
196 211 4
197 212 10
198 213 7
199 214 3
200 215 9
201 216 2
201 217 7
202 218 3
202 219 8
203 220 7
204 221 2
205 222 11
205 223 10
206 224 1
206 225 8
207 226 9
207 227 11
208 228 8
209 229 2
210 230 5
211 230 9
212 231 5
213 232 11
214 232 1
215 232 9
216 233 11
217 233 10
218 234 8
219 235 7
220 236 10
221 237 9
222 237 5
223 238 8
224 239 10
225 239 5
226 239 5
227 239 6
228 240 3
229 241 6
230 242 6
231 243 11
232 244 8
233 244 4
234 245 1
235 246 6
236 247 6
237 248 11
238 249 7
239 250 4
240 251 9
241 252 6
242 253 4
243 254 6
243 255 7
243 256 4
243 257 3
244 258 6
244 259 7
245 260 5
245 261 7
246 262 8
247 263 1
247 264 5
248 265 8
249 266 6
250 267 7
251 268 9
252 269 4
253 270 1
254 271 10
255 272 4
256 273 1
257 274 2
258 275 3
258 276 9
259 277 7
260 278 7
261 279 11
262 280 6
263 281 7
264 282 10
265 283 11
266 284 3
267 285 4
268 286 3
269 286 11
270 286 6
271 287 1
272 287 3
273 288 5
274 288 11
275 289 4
276 289 2
277 289 9
278 290 7
279 290 10
280 291 7
281 291 6
282 292 8
283 293 8
284 294 4
285 295 6
286 296 6
287 297 9
287 298 10
288 299 4
289 300 9
290 301 11
290 302 11
291 303 8
292 304 9
293 305 9
294 306 5
294 307 7
295 308 8
295 309 4
296 310 3
297 311 2
298 312 11
299 313 5
300 314 9
300 315 2
301 316 11
302 317 2
303 318 9
304 319 2
305 320 9
306 321 9
307 322 2
307 323 7
308 324 10
309 325 10
310 326 7
310 327 5
311 328 9
311 329 3
312 330 2
312 331 6
313 332 9
313 333 6
313 334 3
313 335 3
314 336 3
314 337 9
314 338 10
314 339 1
314 340 2
315 341 9
316 342 10
316 343 1
316 344 8
316 345 1
317 346 1
317 347 5
317 348 11
317 349 1
318 350 7
318 351 5
318 352 10
318 353 11
318 354 6
319 355 3
320 356 4
320 357 7
320 358 2
321 359 6
321 360 7
321 361 6
321 362 9
322 363 6
323 364 3
323 365 11
323 366 3
323 367 3
323 368 2
324 369 1
324 370 10
324 371 8
324 372 11
325 373 10
325 374 10
326 375 6
327 375 3
328 375 10
329 375 4
330 375 3
331 376 4
332 376 4
333 376 6
334 376 2
335 377 1
336 377 11
337 377 11
338 377 5
339 378 7
340 378 5
341 378 5
342 378 3
343 378 9
344 378 9
345 379 11
346 379 6
347 380 2
348 380 11
349 380 11
350 381 2
351 381 1
352 382 10
353 382 10
354 382 6
355 382 7
356 382 8
357 382 6
358 382 9
359 383 2
360 383 3
361 383 8
362 384 4
363 384 1
364 384 6
365 384 1
366 385 6
367 385 2
368 385 11
369 385 1
370 385 8
371 385 5
372 386 1
373 386 4
374 386 1
375 387 7
376 388 2
377 389 2
378 390 3
379 391 2
380 391 11
381 392 11
382 393 1
383 394 4
384 395 6
385 396 3
386 397 4
387 398 10
387 399 5
388 400 7
388 401 6
388 402 6
388 403 3
389 404 1
390 405 1
390 406 6
391 407 6
392 408 6
393 409 11
394 410 3
394 411 8
395 412 9
395 413 4
395 414 11
396 415 8
396 416 2
397 417 10
398 418 3
399 419 1
400 420 1
401 421 5
402 422 5
403 423 1
404 424 3
405 425 2
406 426 9
407 427 7
408 428 6
409 429 10
410 430 1
411 431 4
412 432 11
413 432 1
414 433 2
415 434 9
416 435 3
417 436 7
418 437 4
419 437 6
420 437 2
421 438 11
422 439 4
423 439 3
424 440 8
425 440 4
426 441 1
427 442 2
428 442 6
429 443 8
430 443 2
431 443 11
432 444 1
433 445 9
434 446 11
435 447 3
436 447 3
437 448 2
438 449 6
438 450 2
439 451 9
440 452 7
441 453 1
442 454 2
443 455 8
443 456 3
444 457 7
444 458 7
445 459 7
446 460 2
447 461 2
447 462 2
448 463 4
449 464 7
450 465 2
451 466 10
452 466 9
453 467 7
454 468 3
455 469 10
456 470 5
457 471 11
458 472 11
459 473 7
460 474 8
461 475 6
462 476 7
463 477 3
464 478 8
465 479 4
466 480 9
467 481 11
468 482 7
469 483 10
470 484 3
471 485 9
472 486 7
473 487 5
474 487 7
475 488 3
476 489 11
477 490 6
478 491 5
479 492 2
480 493 4
481 494 10
482 495 5
483 495 4
484 496 4
485 497 9
486 498 3
487 499 7
488 500 5
489 501 9
490 502 3
491 503 10
492 504 2
492 505 7
493 506 9
494 507 3
495 508 9
496 509 5
497 510 10
498 511 7
499 512 3
499 513 5
500 514 9
501 515 5
502 516 5
503 517 9
503 518 5
504 519 1
505 520 6
506 521 8
506 522 9
506 523 11
507 524 6
508 525 3
508 526 8
509 527 8
510 528 1
510 529 4
511 530 5
512 531 11
513 532 3
514 533 1
514 534 1
515 535 11
515 536 2
516 537 11
517 538 6
518 539 4
519 539 7
520 539 1
521 540 3
522 541 2
523 541 1
524 542 4
525 542 1
526 543 7
527 543 8
528 544 1
529 545 6
530 546 4
531 547 1
532 548 3
533 549 9
534 549 2
535 550 3
536 551 7
537 552 5
538 553 3
539 554 1
540 555 7
541 556 9
542 557 4
543 558 1
544 559 1
545 560 9
546 561 1
547 562 1
548 562 4
549 563 5
550 564 10
551 565 2
552 566 5
553 567 1
554 568 1
555 569 6
556 570 11
557 571 6
558 572 8
559 573 4
560 574 8
561 575 11
562 576 2
563 577 9
563 578 9
564 579 6
565 580 2
566 581 3
567 582 11
568 583 5
569 584 2
569 585 9
569 586 10
570 587 10
571 588 1
572 589 6
572 590 2
573 591 4
574 592 11
575 593 6
576 594 2
577 595 11
578 596 11
579 597 2
580 598 5
580 599 8
581 600 1
582 601 11
583 601 2
584 602 1
585 602 7
586 603 11
587 603 8
588 603 9
589 604 8
590 605 1
591 606 8
592 606 7
593 606 5
594 606 11
595 607 10
596 608 4
597 608 1
598 609 7
599 609 6
600 610 11
601 611 9
601 612 9
601 613 5
602 614 8
602 615 11
603 616 2
603 617 11
604 618 4
605 619 1
605 620 10
606 621 8
606 622 4
607 623 3
607 624 5
608 625 11
608 626 3
609 627 11
609 628 4
609 629 9
610 630 6
611 630 3
612 631 1
613 631 11
614 632 10
615 633 11
616 634 1
617 635 11
618 636 11
619 637 11
620 638 10
621 639 9
622 640 5
623 641 1
624 642 3
625 643 10
626 643 1
627 644 10
628 644 9
629 645 11
630 646 1
631 647 3
632 648 8
633 649 5
634 650 7
635 650 2
636 651 7
637 652 10
638 652 1
639 653 3
640 653 5
641 654 5
642 655 8
643 656 9
644 656 11
645 657 1
646 658 2
647 659 3
648 660 2
649 661 11
650 662 8
651 663 8
652 664 4
652 665 9
653 666 9
653 667 11
654 668 8
654 669 3
655 670 4
656 671 10
656 672 1
657 673 10
657 674 7
658 675 11
659 676 5
660 677 5
661 678 9
662 679 11
663 680 7
664 681 5
665 682 9
666 683 10
667 684 11
668 685 1
669 686 8
670 687 11
671 688 3
672 689 11
673 690 9
674 691 10
675 692 2
676 693 8
677 693 10
678 693 11
679 694 7
680 694 7
681 695 9
682 695 6
683 695 11
684 696 8
685 696 11
686 697 2
687 698 4
688 698 2
689 698 3
690 699 7
691 699 4
692 700 8
693 700 10
694 700 5
695 700 4
696 700 4
697 700 8
698 700 6
699 700 3
