1 2 4
1 3 7
1 4 1
1 5 1
2 6 1
2 7 2
2 8 2
2 9 3
3 10 7
3 11 6
3 12 7
3 13 1
4 14 4
4 15 3
4 16 6
5 17 4
5 18 7
5 19 5
5 20 7
6 21 6
6 22 4
7 23 7
8 24 1
9 25 2
10 26 4
10 27 7
11 28 1
12 29 4
13 30 7
14 31 6
14 32 2
15 33 7
16 34 6
16 35 4
17 36 1
18 37 7
19 38 4
20 39 2
20 40 4
21 41 7
22 42 1
23 43 2
24 44 3
25 44 4
26 45 1
27 46 2
28 47 4
29 47 5
30 47 6
31 48 3
32 48 1
33 49 2
34 49 6
35 50 2
36 51 6
37 52 2
38 52 7
39 53 6
40 54 5
41 55 1
42 56 4
43 57 2
44 58 5
45 59 1
46 60 1
47 60 2
48 61 7
49 62 4
50 63 4
51 64 3
52 65 3
53 66 5
54 67 3
55 68 6
56 69 4
57 70 3
58 71 1
59 72 4
60 73 3
61 74 4
62 75 7
63 76 2
64 76 2
65 77 6
66 78 1
67 79 4
68 80 3
69 81 3
70 82 2
71 83 4
72 84 6
72 85 4
73 86 1
74 87 7
75 88 2
76 89 2
76 90 5
77 91 1
78 92 4
78 93 6
78 94 4
79 95 2
80 96 3
81 96 6
82 96 4
83 97 5
84 98 5
85 99 3
86 99 2
87 99 1
88 100 7
89 101 7
90 101 5
91 102 4
92 103 2
93 103 7
94 104 2
95 104 1
96 105 5
96 106 2
96 107 3
97 108 4
97 109 7
98 110 2
98 111 3
99 112 2
99 113 6
99 114 2
100 115 7
101 116 1
102 117 4
102 118 1
102 119 5
103 120 7
103 121 3
103 122 1
104 123 2
104 124 5
105 125 3
106 126 1
107 126 6
108 127 5
109 127 7
110 128 1
111 128 6
112 129 3
113 129 4
114 129 7
115 129 7
116 130 4
117 130 2
118 131 5
119 132 1
120 133 1
121 134 7
122 135 3
123 135 3
124 136 1
125 137 5
126 138 7
127 139 4
128 140 5
129 141 4
130 142 6
131 143 2
132 144 3
133 144 5
134 145 5
135 146 3
136 146 4
137 147 3
138 148 1
139 149 2
140 150 5
141 151 4
142 152 6
143 153 7
144 154 3
145 155 1
146 156 4
147 157 6
148 158 4
149 159 7
150 160 1
151 161 3
152 162 6
153 163 3
154 164 4
155 165 2
156 166 6
157 167 7
158 168 5
159 169 6
159 170 5
160 171 5
161 172 7
161 173 5
162 174 1
162 175 6
163 176 3
163 177 4
164 178 4
164 179 7
165 180 6
165 181 6
165 182 6
166 183 5
166 184 5
167 185 5
168 186 7
169 187 3
170 188 7
171 188 7
172 189 6
173 190 4
174 191 2
175 192 6
176 193 1
177 193 3
178 193 1
179 194 2
180 195 2
181 195 1
182 196 7
183 196 3
184 197 1
185 198 4
186 199 1
187 200 3
188 201 7
189 202 4
190 203 7
191 204 4
192 205 1
193 206 1
194 207 7
195 208 5
196 209 5
196 210 2
197 211 5
198 212 4
198 213 2
199 214 4
199 215 5
199 216 3
200 217 5
200 218 4
200 219 4
200 220 1
201 221 7
201 222 4
202 223 3
202 224 3
202 225 5
203 226 7
203 227 6
204 228 6
204 229 5
205 230 6
205 231 6
205 232 3
205 233 7
206 234 6
207 235 2
207 236 7
207 237 6
207 238 1
208 239 2
208 240 1
209 241 5
209 242 6
210 243 3
210 244 3
211 245 1
211 246 3
211 247 7
211 248 1
212 249 3
213 249 2
214 250 1
215 250 3
216 251 4
217 251 4
218 251 5
219 251 5
220 252 5
221 252 1
222 252 7
223 253 2
224 253 7
225 254 4
226 254 7
227 255 6
228 255 6
229 255 1
230 255 7
231 256 7
232 256 6
233 256 4
234 256 5
235 256 2
236 257 4
237 257 5
238 258 2
239 258 7
240 258 1
241 259 4
242 259 2
243 259 5
244 259 1
245 260 2
246 260 5
247 260 4
248 261 6
249 262 6
250 263 4
251 264 6
251 265 1
251 266 4
252 267 6
253 268 4
254 269 4
254 270 7
255 271 4
256 272 4
257 273 2
257 274 4
258 275 3
258 276 3
258 277 5
259 278 7
259 279 4
260 280 6
260 281 7
261 282 7
262 283 1
263 284 2
264 284 4
265 285 5
266 285 1
267 286 6
268 287 4
269 288 3
270 289 6
271 290 5
272 291 3
273 292 3
274 293 3
275 294 3
276 295 5
277 296 1
278 297 4
279 298 7
280 299 4
281 300 5
282 301 1
283 302 7
284 303 7
285 304 3
286 305 2
287 306 6
288 307 2
289 308 2
290 308 1
291 308 7
292 309 4
293 310 7
294 310 3
295 311 2
296 311 1
297 312 7
298 312 7
299 313 6
300 314 3
301 315 4
302 316 5
303 317 1
304 318 7
305 319 7
306 320 3
307 321 6
308 322 3
309 323 6
310 324 6
311 325 3
312 326 5
313 327 7
314 328 5
314 329 5
314 330 6
315 331 3
316 332 2
317 333 5
318 334 5
319 335 6
320 336 3
321 337 7
322 338 7
323 339 6
323 340 6
324 341 5
325 342 3
326 343 2
327 344 4
328 345 3
329 346 2
330 347 6
331 348 5
332 349 7
333 350 1
334 350 4
335 351 6
336 351 3
337 352 6
338 353 7
339 354 7
340 355 1
341 355 4
342 356 6
343 356 2
344 357 6
345 358 5
346 359 4
347 360 2
348 361 4
349 362 2
350 363 2
351 364 2
352 365 7
353 366 3
354 367 1
355 368 7
356 369 3
357 370 7
357 371 7
358 372 3
359 373 4
360 374 2
361 375 5
362 376 3
362 377 2
363 378 5
364 379 6
365 380 7
366 381 6
367 382 4
368 383 2
369 384 4
370 385 7
371 386 2
372 387 1
373 388 3
374 389 2
374 390 4
375 391 1
376 392 3
376 393 2
377 394 3
378 395 4
379 396 4
380 397 7
381 398 1
381 399 3
381 400 7
382 401 5
383 402 1
383 403 1
383 404 4
384 405 7
385 406 4
386 407 1
387 408 1
387 409 3
388 410 1
389 411 3
390 412 1
391 413 7
392 414 7
393 415 1
394 416 2
395 417 7
396 418 4
397 419 5
398 420 4
399 421 4
400 422 1
401 423 5
402 424 2
403 425 2
404 426 4
405 427 3
406 428 1
407 429 6
408 430 6
409 431 7
410 432 4
411 433 3
412 434 5
413 435 4
414 436 2
415 437 5
416 438 6
417 438 5
418 439 3
419 439 5
420 439 4
421 440 7
422 440 6
423 441 6
424 442 3
425 443 1
426 443 3
427 444 5
428 445 1
429 445 3
430 446 4
431 446 2
432 447 5
433 447 3
434 448 6
435 448 1
436 449 4
436 450 7
437 451 1
438 452 6
439 453 1
440 454 2
441 455 6
442 456 7
443 457 5
443 458 3
443 459 4
444 460 7
444 461 2
444 462 7
444 463 6
445 464 3
446 465 5
446 466 1
447 467 6
448 468 2
449 469 3
450 469 4
451 470 2
452 471 2
453 471 4
454 472 5
455 472 1
456 473 1
457 474 2
458 475 1
459 476 4
460 477 1
461 478 5
462 479 1
463 480 2
464 481 2
465 482 3
466 483 6
467 484 1
468 485 3
469 486 1
470 487 1
471 487 4
472 488 2
473 489 1
474 490 2
475 491 2
476 492 4
477 493 2
478 494 6
479 494 6
480 495 4
481 495 2
482 496 1
483 497 1
484 498 5
485 499 2
486 500 5
487 500 2
488 500 7
489 500 2
490 500 6
491 500 3
492 500 3
493 500 2
494 500 1
495 500 2
496 500 6
497 500 5
498 500 7
499 500 7
