1 2 1
1 3 1
1 4 1
2 5 1
2 6 1
2 7 1
3 8 1
3 9 1
3 10 1
3 11 1
3 12 1
4 13 1
4 14 1
4 15 1
5 16 1
6 17 1
7 18 1
8 19 1
9 20 1
10 21 1
11 22 1
12 23 1
13 24 1
14 25 1
15 25 1
16 26 1
17 27 1
18 27 1
19 28 1
20 29 1
21 30 1
22 31 1
23 31 1
24 32 1
25 33 1
26 34 1
27 35 1
28 36 1
29 37 1
30 38 1
31 39 1
32 40 1
33 41 1
34 42 1
35 42 1
36 43 1
37 44 1
38 44 1
39 45 1
40 45 1
41 46 1
42 47 1
42 48 1
43 49 1
44 50 1
45 51 1
45 52 1
46 53 1
47 54 1
47 55 1
48 56 1
49 57 1
49 58 1
50 59 1
50 60 1
50 61 1
50 62 1
50 63 1
51 64 1
52 65 1
53 66 1
53 67 1
54 68 1
55 68 1
56 69 1
57 70 1
58 70 1
59 71 1
60 72 1
61 72 1
62 72 1
63 73 1
64 73 1
65 73 1
66 74 1
67 75 1
68 76 1
69 77 1
70 78 1
71 79 1
72 79 1
73 80 1
74 81 1
75 82 1
76 83 1
77 84 1
78 85 1
79 86 1
80 87 1
81 88 1
82 89 1
82 90 1
83 91 1
84 92 1
85 93 1
86 94 1
87 94 1
88 95 1
89 96 1
90 97 1
91 98 1
92 99 1
93 100 1
94 101 1
94 102 1
94 103 1
95 104 1
96 105 1
96 106 1
96 107 1
97 108 1
97 109 1
98 110 1
99 110 1
100 111 1
101 112 1
102 113 1
103 113 1
104 113 1
105 114 1
106 115 1
107 115 1
108 116 1
109 117 1
110 118 1
111 119 1
112 120 1
113 121 1
114 122 1
115 123 1
116 124 1
117 125 1
117 126 1
118 127 1
118 128 1
118 129 1
118 130 1
119 131 1
119 132 1
119 133 1
119 134 1
120 135 1
120 136 1
121 137 1
121 138 1
121 139 1
121 140 1
122 141 1
122 142 1
122 143 1
123 144 1
123 145 1
123 146 1
124 147 1
124 148 1
124 149 1
124 150 1
124 151 1
125 152 1
125 153 1
125 154 1
125 155 1
125 156 1
126 157 1
126 158 1
127 159 1
128 159 1
129 159 1
130 159 1
131 159 1
132 159 1
133 159 1
134 159 1
135 159 1
136 159 1
137 159 1
138 160 1
139 160 1
140 160 1
141 160 1
142 160 1
143 160 1
144 161 1
145 161 1
146 161 1
147 162 1
148 162 1
149 162 1
150 162 1
151 162 1
152 162 1
153 162 1
154 162 1
155 162 1
156 162 1
157 162 1
158 162 1
159 163 1
159 164 1
159 165 1
159 166 1
160 167 1
160 168 1
161 169 1
161 170 1
162 171 1
162 172 1
162 173 1
163 174 1
164 174 1
165 174 1
166 175 1
167 176 1
168 177 1
169 178 1
170 178 1
171 179 1
172 180 1
173 180 1
174 181 1
175 182 1
176 183 1
177 184 1
178 185 1
179 186 1
179 187 1
180 188 1
180 189 1
180 190 1
181 191 1
182 192 1
183 193 1
184 194 1
185 195 1
186 196 1
187 197 1
188 198 1
189 198 1
190 199 1
191 200 1
192 201 1
192 202 1
193 203 1
194 204 1
195 205 1
195 206 1
196 207 1
196 208 1
197 209 1
198 210 1
199 211 1
200 212 1
201 212 1
202 212 1
203 213 1
204 214 1
205 214 1
206 214 1
207 215 1
208 215 1
209 216 1
210 217 1
211 218 1
212 219 1
213 220 1
213 221 1
214 222 1
215 223 1
216 224 1
216 225 1
216 226 1
217 227 1
218 228 1
218 229 1
219 230 1
220 231 1
221 231 1
222 231 1
223 232 1
224 232 1
225 233 1
226 233 1
227 233 1
228 234 1
229 235 1
230 236 1
231 237 1
232 238 1
232 239 1
233 240 1
233 241 1
234 242 1
235 243 1
235 244 1
236 245 1
237 246 1
238 246 1
239 246 1
240 246 1
241 247 1
242 248 1
243 248 1
244 249 1
245 250 1
245 251 1
245 252 1
246 253 1
246 254 1
247 255 1
248 256 1
248 257 1
248 258 1
249 259 1
250 260 1
251 261 1
252 262 1
253 263 1
254 264 1
255 265 1
256 266 1
257 267 1
257 268 1
258 269 1
259 270 1
259 271 1
260 272 1
261 273 1
262 273 1
263 273 1
264 274 1
265 275 1
266 276 1
267 276 1
268 276 1
269 276 1
270 277 1
271 277 1
272 278 1
272 279 1
272 280 1
272 281 1
273 282 1
273 283 1
273 284 1
274 285 1
275 286 1
275 287 1
276 288 1
276 289 1
277 290 1
278 291 1
279 292 1
280 293 1
281 294 1
282 294 1
283 295 1
284 296 1
285 296 1
286 297 1
287 297 1
288 297 1
289 298 1
290 299 1
291 300 1
292 300 1
293 300 1
294 300 1
295 300 1
296 300 1
297 300 1
298 300 1
299 300 1
