9 9 6 8
8 7 9 7
9 8 10 9
12 8 9 8
15 15 12 13
3 3 3 3
9 9 13 13
14 21 20 16
2 3 3 3
5 6 8 6
13 15 12 10
12 15 15 15
3 3 3 4
10 7 11 8
10 14 14 12
12 14 17 10
20 20 16 16
11 13 12 11
14 10 9 12
11 12 9 12
11 12 17 15
8 8 5 5
3 2 2 2
8 8 6 10
14 13 13 12
13 12 12 14
20 22 19 22
13 9 10 11
9 10 10 15
6 6 9 7
13 17 16 16
9 8 7 10
12 13 13 18
14 10 13 10
1 1 1 1
6 7 7 5
13 14 14 17
11 18 15 15
9 10 9 11
12 11 11 11
16 12 14 17
6 6 9 9
19 19 16 15
3 3 3 3
17 17 16 12
17 14 13 14
16 13 13 18
3 5 5 4
7 7 5 8
8 8 8 7
