1 2 20
1 3 18
1 4 37
1 5 14
1 6 4
2 7 10
2 8 19
3 9 36
3 10 5
3 11 39
3 12 17
4 13 24
4 14 23
4 15 3
5 16 24
5 17 31
5 18 2
5 19 37
6 20 17
7 21 5
7 22 24
7 23 34
8 24 33
8 25 23
8 26 25
8 27 9
9 28 16
10 29 25
10 30 19
11 31 35
12 32 18
13 33 29
13 34 19
14 35 35
14 36 35
14 37 4
15 38 20
16 39 37
17 40 27
17 41 21
18 42 14
19 43 34
20 44 33
20 45 30
21 46 33
22 47 29
23 48 4
24 48 36
25 49 35
26 49 37
27 50 21
28 51 32
29 52 24
30 52 5
31 53 36
32 53 12
33 53 1
34 54 2
35 54 37
36 55 30
37 56 1
38 56 4
39 57 18
40 58 12
41 59 15
42 59 18
43 60 20
44 60 16
45 61 1
46 62 18
46 63 26
47 64 3
48 65 38
49 66 35
50 67 13
50 68 15
51 69 30
52 70 36
53 71 26
53 72 29
54 73 16
55 74 19
56 75 17
56 76 30
56 77 8
57 78 8
58 79 9
59 80 35
60 81 11
61 82 15
62 83 35
63 84 8
64 85 39
64 86 19
65 87 31
66 88 19
67 89 2
68 90 26
69 91 9
70 92 17
71 93 6
72 94 12
73 95 22
74 96 22
75 97 9
76 98 17
77 99 15
78 100 12
79 101 31
80 102 14
81 103 8
82 104 29
83 105 32
84 106 17
85 107 3
86 107 14
87 108 22
88 108 7
89 109 32
90 110 37
91 111 22
92 112 17
93 112 9
94 113 4
95 114 37
96 115 30
97 116 8
98 117 2
99 118 2
100 119 26
101 120 11
102 121 21
103 121 17
104 122 4
105 123 17
106 124 26
107 125 6
108 126 18
108 127 32
109 128 12
110 129 37
110 130 31
111 131 7
111 132 9
112 133 36
113 134 15
114 135 22
115 136 8
116 137 38
117 138 18
118 139 30
119 140 27
120 141 36
121 142 24
122 143 24
123 144 21
124 145 27
125 146 7
126 146 12
127 147 2
128 148 29
129 149 36
130 149 10
131 149 21
132 150 14
133 150 27
134 150 11
135 151 17
136 152 16
137 153 15
138 153 18
139 154 38
140 154 29
141 155 20
142 156 16
143 157 10
144 158 31
144 159 29
145 160 35
146 161 30
146 162 19
147 163 16
147 164 14
148 165 16
148 166 19
148 167 22
149 168 16
150 169 32
150 170 5
151 171 21
151 172 10
151 173 38
152 174 35
152 175 26
153 176 3
154 177 7
155 178 2
156 179 30
157 180 25
157 181 12
158 182 11
159 183 33
160 184 31
161 185 2
162 186 38
163 187 2
164 188 15
165 189 32
166 189 38
167 189 14
168 190 23
169 191 33
170 192 20
171 193 39
172 194 14
173 195 2
174 196 10
175 197 38
176 198 2
177 199 35
178 199 23
179 200 9
180 201 29
181 202 4
182 203 24
183 204 7
184 205 6
185 206 16
186 207 32
187 208 23
188 209 8
189 209 24
190 209 32
191 210 34
192 211 10
193 212 7
194 213 2
195 214 30
196 215 7
197 216 28
198 217 10
199 218 21
200 219 8
201 219 15
202 220 1
203 221 31
204 222 7
205 223 16
206 224 35
207 225 23
208 226 28
209 227 22
210 228 31
211 229 12
212 229 29
213 230 1
214 231 23
215 232 14
216 232 4
217 233 23
218 233 36
219 234 7
220 234 17
221 235 13
222 236 37
223 237 38
224 238 15
225 239 35
225 240 28
226 241 12
226 242 8
227 243 30
228 244 9
228 245 16
229 246 38
230 247 37
231 248 36
232 249 22
233 250 14
234 251 6
235 252 6
236 253 35
237 254 19
238 255 37
239 256 11
240 257 34
241 258 8
242 259 17
243 260 29
244 261 30
245 262 25
246 262 13
247 262 17
248 263 2
249 264 16
250 265 27
251 265 28
252 266 6
253 267 29
254 268 27
255 269 32
256 270 4
256 271 32
257 272 19
257 273 1
258 274 38
258 275 20
258 276 13
259 277 38
259 278 8
260 279 16
261 280 17
261 281 37
262 282 2
263 283 13
264 284 33
265 285 26
266 286 4
267 287 37
268 288 8
269 289 38
270 289 10
271 290 1
272 291 16
273 292 9
274 292 12
275 293 5
276 294 5
277 295 21
278 296 27
279 297 3
280 298 2
281 299 16
282 300 21
283 301 9
284 302 28
285 303 35
286 304 11
286 305 29
287 306 13
287 307 32
288 308 11
289 309 5
290 310 21
290 311 22
291 312 15
292 313 24
293 314 7
293 315 1
294 316 11
294 317 8
295 318 37
296 319 31
297 320 23
298 321 14
298 322 13
299 323 14
299 324 11
300 325 2
301 326 19
302 327 32
303 328 39
303 329 22
304 330 27
305 330 17
306 330 31
307 330 15
308 331 13
309 332 39
310 332 31
311 332 14
312 333 29
313 333 10
314 333 20
315 334 25
316 335 21
317 336 31
318 337 29
319 338 18
320 339 34
321 339 36
322 339 31
323 340 16
324 341 12
325 341 15
326 342 20
327 343 33
328 344 27
329 344 15
330 345 18
331 346 14
332 347 37
333 348 17
334 349 6
335 350 37
336 351 31
336 352 32
337 353 21
338 354 27
338 355 32
339 356 12
340 357 23
341 358 18
342 359 8
343 360 39
344 361 27
344 362 9
345 363 8
346 364 26
347 364 32
348 365 21
349 365 7
350 366 9
351 367 24
352 368 26
353 369 11
354 370 7
355 371 4
356 371 2
357 372 27
358 373 4
359 374 33
360 375 33
361 376 35
362 377 36
363 378 31
363 379 24
363 380 23
363 381 38
364 382 7
364 383 27
364 384 29
365 385 23
365 386 26
365 387 18
366 388 33
366 389 2
366 390 35
366 391 18
366 392 6
367 393 16
367 394 33
367 395 14
367 396 39
367 397 35
368 398 11
368 399 11
368 400 1
368 401 25
368 402 34
369 403 2
369 404 12
369 405 24
369 406 32
370 407 22
370 408 26
370 409 31
371 410 12
371 411 17
372 412 14
372 413 28
372 414 8
373 415 26
373 416 16
373 417 12
373 418 1
373 419 17
374 420 6
374 421 12
374 422 10
375 423 26
375 424 36
376 425 18
376 426 36
376 427 33
377 428 3
377 429 31
377 430 37
377 431 22
378 432 5
379 433 21
380 433 5
381 434 33
382 434 23
383 434 1
384 434 19
385 434 17
386 434 31
387 434 26
388 434 7
389 435 29
390 435 28
391 435 24
392 435 25
393 435 3
394 436 12
395 436 26
396 436 22
397 436 32
398 437 14
399 437 24
400 437 25
401 438 1
402 438 11
403 439 7
404 439 7
405 440 21
406 440 11
407 441 12
408 442 26
409 443 14
410 443 8
411 443 18
412 443 21
413 443 8
414 444 18
415 445 13
416 445 25
417 446 27
418 446 5
419 447 17
420 447 17
421 448 2
422 448 25
423 448 27
424 449 9
425 449 27
426 449 1
427 450 24
428 450 17
429 451 16
430 451 12
431 451 22
432 452 20
433 453 39
434 454 36
435 455 36
436 455 26
437 455 36
438 456 12
439 456 31
440 457 34
441 458 26
442 459 28
443 460 6
444 460 8
445 461 23
446 462 23
447 463 5
448 464 33
449 465 34
450 465 12
451 466 32
452 467 26
453 468 16
454 469 38
454 470 11
455 471 17
456 472 27
457 473 25
458 474 22
459 475 9
460 476 12
461 477 37
462 478 12
463 479 16
464 480 11
465 481 33
466 482 26
467 483 20
468 484 4
468 485 12
469 486 10
470 487 26
470 488 33
471 489 38
472 490 34
473 491 13
473 492 31
474 493 39
475 494 6
476 495 9
477 496 24
477 497 22
478 498 30
479 499 14
480 500 20
481 501 37
481 502 30
482 503 13
483 504 2
484 505 26
485 506 35
486 507 10
487 508 7
488 509 32
488 510 24
489 511 25
489 512 38
490 513 25
490 514 27
491 515 21
491 516 38
492 517 7
493 518 13
494 519 31
495 520 16
496 521 21
497 522 31
497 523 3
498 524 3
499 525 2
499 526 10
500 527 29
501 528 4
502 529 8
503 530 15
504 531 9
505 531 19
506 532 4
507 533 3
508 534 28
509 534 25
510 535 36
511 536 1
512 537 11
513 538 32
514 538 34
515 539 7
516 539 29
517 540 19
518 541 39
519 541 24
520 542 11
521 542 23
522 543 36
523 544 1
524 544 22
525 544 22
526 544 37
527 545 37
528 546 5
529 546 15
530 546 23
531 547 32
532 548 6
533 549 5
534 550 19
535 551 9
535 552 16
536 553 22
537 554 3
538 555 38
539 556 17
540 557 26
541 558 20
542 559 34
543 560 4
544 561 11
545 562 8
546 563 6
547 564 19
548 565 22
549 566 13
550 567 15
551 568 19
552 569 21
553 570 21
554 570 15
555 571 23
556 572 34
557 573 8
558 574 37
559 575 26
560 576 9
561 577 11
562 578 17
563 579 20
564 580 36
565 581 1
566 581 19
567 582 10
568 583 19
569 584 15
570 585 14
571 586 16
572 586 12
573 587 15
574 588 28
575 589 15
576 589 17
577 590 21
578 591 8
579 592 29
580 593 7
581 594 2
582 595 29
583 596 8
584 597 10
585 598 9
586 598 1
587 599 16
588 600 3
589 600 12
590 601 22
591 602 24
592 603 30
593 604 27
593 605 8
594 606 9
594 607 15
595 608 25
595 609 25
596 610 26
596 611 7
597 612 7
597 613 37
598 614 2
599 615 20
599 616 26
600 617 18
601 618 22
601 619 4
602 620 37
602 621 25
603 622 13
604 623 26
605 624 14
606 625 16
607 626 17
608 627 31
609 628 38
610 629 29
611 630 23
611 631 1
612 632 17
613 633 32
614 634 19
614 635 15
615 636 17
616 637 28
616 638 38
617 639 27
618 640 4
619 641 15
620 642 33
621 643 2
622 644 18
623 645 6
624 646 15
625 647 30
626 648 39
627 649 1
628 650 23
629 651 16
630 652 5
631 653 16
632 654 6
632 655 12
633 656 34
634 657 8
635 658 34
636 659 6
637 660 28
638 661 4
639 662 30
640 663 26
641 664 20
642 665 3
643 666 3
644 667 32
645 668 24
646 669 35
647 670 13
648 671 6
649 672 8
650 673 22
651 674 21
652 675 16
653 676 13
654 677 1
655 678 34
656 679 11
657 680 2
658 681 38
659 682 28
660 683 13
661 684 26
662 685 15
663 686 7
664 687 25
665 688 28
666 689 39
667 690 11
668 691 4
669 692 35
670 693 29
671 693 8
672 694 21
673 695 22
674 695 36
675 696 36
676 696 9
677 697 6
678 697 10
679 697 5
680 697 28
681 698 25
682 698 13
683 699 39
684 699 1
685 699 10
686 700 27
687 701 14
688 701 37
689 702 6
690 703 21
691 704 29
692 705 2
693 706 29
694 707 4
695 708 12
696 709 36
696 710 16
697 711 36
697 712 25
698 713 30
699 714 10
700 715 6
701 716 4
701 717 36
702 718 15
703 719 29
703 720 20
703 721 8
704 722 11
705 723 25
706 724 39
707 725 39
708 726 34
709 727 25
710 728 14
711 729 1
712 730 9
713 731 31
714 732 35
715 732 15
716 733 1
717 734 32
718 735 4
719 736 4
720 737 24
721 738 2
722 739 15
722 740 30
723 741 5
724 742 35
725 743 7
726 744 25
727 745 10
728 746 6
729 747 17
730 748 11
731 749 33
732 750 6
733 751 3
734 752 35
735 753 16
736 754 14
737 755 29
738 756 18
739 757 29
740 757 38
741 758 1
742 759 26
743 760 20
744 761 6
745 762 39
746 763 11
747 764 3
748 765 26
749 766 30
750 767 8
751 768 14
752 769 17
753 770 22
754 771 19
755 772 20
756 773 32
757 774 31
758 774 8
759 775 23
760 776 23
761 777 4
762 777 1
763 778 39
764 779 30
765 780 1
766 780 2
767 781 15
768 781 16
769 781 3
770 782 11
771 783 5
772 784 31
773 785 8
774 786 37
775 787 9
775 788 29
776 789 26
777 790 33
777 791 11
778 792 31
779 793 5
780 794 17
781 795 16
782 796 18
783 797 17
784 798 7
785 799 26
786 800 14
787 800 13
788 800 23
789 800 14
790 800 20
791 800 15
792 800 31
793 800 18
794 800 22
795 800 23
796 800 26
797 800 14
798 800 2
799 800 37
