1 2 1
1 3 1
2 4 1
2 5 1
3 6 1
3 7 1
4 8 1
5 9 1
5 10 1
5 11 1
6 12 1
6 13 1
7 14 1
7 15 1
8 16 1
9 17 1
10 18 1
11 18 1
12 19 1
13 19 1
14 20 1
15 20 1
16 21 1
17 22 1
18 23 1
19 24 1
20 25 1
21 26 1
21 27 1
22 28 1
22 29 1
23 30 1
24 31 1
24 32 1
24 33 1
24 34 1
25 35 1
25 36 1
26 37 1
27 38 1
28 39 1
29 40 1
30 41 1
31 41 1
32 42 1
33 42 1
34 43 1
35 44 1
36 44 1
37 45 1
37 46 1
38 47 1
39 48 1
40 49 1
40 50 1
41 51 1
42 52 1
43 53 1
44 54 1
45 55 1
46 55 1
47 56 1
48 56 1
49 57 1
50 57 1
51 58 1
52 58 1
53 59 1
54 60 1
55 61 1
56 62 1
57 63 1
58 64 1
59 65 1
60 65 1
61 66 1
62 67 1
62 68 1
62 69 1
63 70 1
64 71 1
64 72 1
65 73 1
65 74 1
66 75 1
67 75 1
68 75 1
69 76 1
70 77 1
71 77 1
72 77 1
73 77 1
74 78 1
75 79 1
76 80 1
76 81 1
77 82 1
77 83 1
78 84 1
78 85 1
79 86 1
79 87 1
79 88 1
79 89 1
80 90 1
80 91 1
80 92 1
81 93 1
81 94 1
81 95 1
81 96 1
82 97 1
82 98 1
82 99 1
82 100 1
83 101 1
83 102 1
83 103 1
84 104 1
84 105 1
84 106 1
84 107 1
85 108 1
85 109 1
85 110 1
85 111 1
86 112 1
87 112 1
88 112 1
89 112 1
90 113 1
91 113 1
92 113 1
93 113 1
94 113 1
95 113 1
96 114 1
97 114 1
98 114 1
99 114 1
100 114 1
101 114 1
102 114 1
103 114 1
104 115 1
105 115 1
106 115 1
107 115 1
108 115 1
109 115 1
110 115 1
111 115 1
112 116 1
112 117 1
113 118 1
113 119 1
114 120 1
114 121 1
115 122 1
116 123 1
117 124 1
118 125 1
119 126 1
120 126 1
121 126 1
122 127 1
123 128 1
124 129 1
125 130 1
125 131 1
126 132 1
127 133 1
127 134 1
128 135 1
129 136 1
130 137 1
131 138 1
132 139 1
132 140 1
133 141 1
134 142 1
135 143 1
136 144 1
137 145 1
137 146 1
137 147 1
138 148 1
139 149 1
140 150 1
141 151 1
142 152 1
143 153 1
144 153 1
145 154 1
146 154 1
147 155 1
148 156 1
149 157 1
150 158 1
151 158 1
152 158 1
153 159 1
153 160 1
153 161 1
154 162 1
155 163 1
155 164 1
155 165 1
155 166 1
156 167 1
157 168 1
157 169 1
158 170 1
159 171 1
160 172 1
161 172 1
162 172 1
163 172 1
164 172 1
165 172 1
166 173 1
167 173 1
168 173 1
169 174 1
170 174 1
171 175 1
172 176 1
172 177 1
172 178 1
173 179 1
173 180 1
173 181 1
174 182 1
174 183 1
175 184 1
176 185 1
177 186 1
178 187 1
179 188 1
180 189 1
181 190 1
182 191 1
183 192 1
184 193 1
185 194 1
186 195 1
187 196 1
188 197 1
189 197 1
190 198 1
191 198 1
192 199 1
193 200 1
194 200 1
195 200 1
196 200 1
197 200 1
198 200 1
199 200 1
