1 2 31
1 3 10
1 4 26
1 5 10
2 6 18
2 7 52
2 8 49
2 9 13
3 10 9
3 11 21
3 12 35
4 13 38
4 14 19
5 15 27
5 16 17
6 17 58
7 18 23
8 19 16
9 20 51
10 21 25
11 22 47
12 23 40
12 24 51
13 25 55
14 26 30
15 27 27
16 28 5
16 29 26
17 30 4
18 31 46
19 32 46
20 33 52
21 34 2
22 35 1
22 36 4
23 37 57
23 38 16
23 39 35
24 40 20
25 41 56
26 42 34
27 43 45
28 44 51
28 45 8
29 46 48
29 47 13
30 48 12
31 49 43
32 50 26
33 50 2
34 51 56
35 51 27
36 52 24
37 52 9
38 53 6
39 54 46
40 54 36
41 55 28
42 56 2
43 56 20
44 57 13
45 57 42
46 58 33
47 58 6
48 59 20
48 60 52
49 61 59
50 62 13
51 63 57
51 64 35
51 65 29
52 66 59
52 67 45
52 68 47
53 69 35
53 70 26
53 71 20
54 72 8
55 73 55
55 74 22
56 75 53
57 76 22
58 77 41
58 78 48
59 79 59
60 80 53
61 81 41
62 82 35
63 83 5
64 84 56
65 85 58
66 86 46
67 87 29
68 88 54
69 89 17
70 90 40
71 91 44
72 92 23
73 93 41
74 94 49
75 95 7
76 96 56
77 97 36
78 98 45
79 99 40
80 100 45
81 101 53
82 102 29
83 103 12
84 104 35
85 105 9
86 106 13
87 106 50
88 107 4
89 108 57
90 109 2
91 110 44
92 111 4
93 112 55
94 112 24
95 113 9
96 114 34
97 114 31
98 114 38
99 115 28
100 116 22
101 117 28
102 118 58
102 119 54
103 120 58
104 121 18
105 122 29
106 123 14
107 124 13
108 125 52
108 126 52
109 127 50
110 128 35
111 129 47
112 130 26
113 131 22
114 132 18
115 133 28
116 134 22
117 135 32
118 136 33
119 136 30
120 137 9
121 138 6
122 138 44
123 139 41
124 139 45
125 140 22
126 141 9
127 142 27
128 142 28
129 143 33
130 144 49
131 145 24
132 146 14
133 147 35
134 148 19
135 149 51
136 150 23
137 151 4
138 152 35
139 153 22
140 154 22
141 155 37
141 156 14
142 157 22
143 158 29
144 159 23
145 160 27
146 161 4
147 162 9
148 163 53
149 164 8
150 165 9
151 166 43
152 167 29
153 168 12
153 169 41
154 170 38
155 171 9
156 172 23
157 173 2
158 174 49
159 175 8
160 176 9
160 177 41
160 178 45
161 179 54
161 180 6
162 181 46
163 182 57
164 183 24
165 183 49
166 184 25
167 185 52
168 186 53
169 187 7
170 188 53
171 189 4
172 190 46
173 191 27
174 192 4
175 193 20
176 194 16
177 195 30
178 196 3
179 197 45
180 198 59
181 199 43
182 199 43
183 200 20
184 200 52
185 201 1
186 202 16
187 203 13
188 204 47
189 204 33
190 205 38
191 206 38
192 207 14
193 208 37
194 209 9
195 210 38
196 210 8
197 211 37
198 212 12
199 213 13
200 214 57
200 215 2
200 216 39
201 217 22
202 218 54
203 219 42
204 220 44
205 221 21
206 222 47
207 223 6
208 224 12
209 225 43
209 226 11
210 227 37
211 228 4
212 229 3
212 230 46
212 231 42
213 232 25
214 233 45
215 234 24
216 235 22
217 236 33
218 237 12
219 237 21
220 238 14
221 239 11
222 240 6
223 241 9
224 242 49
225 243 7
226 243 3
227 244 36
228 245 27
229 245 43
230 246 48
231 246 38
232 247 20
233 248 37
234 249 41
235 250 25
236 250 19
237 251 48
238 251 51
239 252 34
240 253 40
241 254 3
242 254 39
243 255 17
244 256 36
245 257 23
246 258 24
247 259 54
247 260 14
247 261 21
248 262 54
248 263 49
249 264 27
250 265 49
251 266 39
252 267 29
253 268 58
254 269 54
255 270 45
255 271 1
255 272 21
256 273 57
256 274 50
257 275 51
257 276 58
258 277 48
258 278 2
259 279 35
260 280 59
261 281 51
262 282 28
263 283 9
264 284 58
265 285 4
266 286 46
267 287 52
268 288 49
269 289 46
270 290 35
271 291 57
272 292 56
273 293 9
274 293 8
275 294 47
276 295 22
277 295 18
278 296 33
279 297 31
279 298 56
280 299 36
281 300 31
281 301 7
282 302 46
283 303 4
283 304 51
284 305 49
285 306 18
286 307 33
287 308 18
288 309 40
289 310 20
290 311 18
291 312 17
292 313 23
293 314 21
294 315 54
295 316 5
296 317 19
297 318 14
298 319 40
299 320 28
300 321 25
301 321 8
302 322 35
303 323 19
304 323 7
305 324 29
306 324 30
307 325 19
308 325 25
309 326 20
310 326 48
311 326 46
312 326 7
313 327 31
314 328 30
315 328 49
316 329 2
317 329 2
318 330 2
319 331 23
320 332 29
321 333 43
322 334 31
322 335 12
323 336 48
324 337 49
325 338 45
325 339 15
326 340 39
327 341 52
327 342 16
328 343 43
329 344 59
330 345 28
331 346 2
331 347 52
332 348 46
333 349 35
334 350 12
335 351 22
336 352 11
337 353 31
338 354 52
339 355 18
340 356 30
341 357 17
342 358 31
343 359 12
344 360 25
345 361 52
346 362 58
347 363 12
348 364 23
349 365 30
350 366 17
351 367 51
352 368 39
353 369 58
354 370 53
355 371 41
356 372 9
356 373 1
357 374 58
358 375 10
359 376 26
360 377 12
361 378 39
362 379 50
363 380 5
363 381 4
364 382 55
365 383 21
366 384 11
367 385 8
368 386 2
369 387 55
370 388 56
370 389 26
371 390 56
372 391 13
373 392 29
374 393 25
375 394 14
376 395 33
377 396 15
378 397 58
379 398 40
380 399 29
381 400 49
381 401 19
382 402 3
383 403 33
384 404 29
385 405 2
386 406 59
387 407 50
387 408 53
388 409 25
389 410 8
390 411 3
391 412 59
392 413 48
393 414 36
394 415 27
395 416 52
396 417 55
396 418 40
397 419 10
398 420 9
399 420 44
400 421 26
401 422 5
402 423 5
403 424 6
404 425 9
405 425 9
406 426 53
407 426 37
408 426 2
409 426 11
410 427 58
411 428 57
412 429 40
413 430 16
414 430 9
415 430 42
416 431 31
417 432 56
418 432 10
419 433 41
420 434 37
421 435 9
422 436 13
423 437 7
424 438 44
425 439 47
426 440 30
427 441 33
428 442 1
429 443 28
430 444 49
431 445 32
432 446 26
433 447 57
434 448 8
435 449 18
436 450 2
437 451 49
438 451 26
439 452 12
440 453 40
441 454 58
442 455 41
443 456 21
444 457 17
445 458 48
446 459 23
447 460 18
448 461 52
448 462 16
449 463 4
449 464 28
450 465 57
451 466 13
452 467 18
453 468 19
453 469 6
453 470 51
454 471 57
454 472 9
455 473 23
456 474 31
456 475 33
456 476 53
457 477 32
458 478 43
459 479 29
459 480 4
459 481 23
460 482 54
461 482 49
462 483 22
463 484 48
464 484 2
465 485 54
466 486 21
467 486 33
468 486 53
469 487 26
470 488 45
471 489 41
472 489 38
473 490 5
474 490 2
475 491 59
476 492 16
477 492 44
478 493 2
479 494 1
480 495 59
481 496 55
482 497 23
483 498 27
484 499 2
485 500 21
486 501 43
487 502 20
488 503 22
489 504 28
490 505 52
491 506 53
492 507 52
493 508 14
494 509 1
495 510 6
496 511 43
497 512 10
498 513 35
499 514 45
500 515 17
501 516 52
502 517 9
502 518 53
503 519 20
504 520 38
505 521 10
506 522 31
506 523 43
507 524 13
508 525 50
509 526 30
510 527 13
511 528 45
511 529 42
512 530 45
513 531 50
513 532 45
514 533 50
514 534 10
515 535 6
516 536 52
517 537 1
518 538 39
519 539 29
520 540 24
520 541 21
521 542 27
522 543 29
522 544 31
523 545 51
524 546 11
525 547 39
526 548 11
527 549 26
528 550 47
529 551 9
530 552 44
531 553 39
532 554 43
533 555 11
534 556 56
535 557 27
536 558 5
537 559 46
538 560 12
539 561 25
540 562 21
541 563 16
542 564 47
543 565 31
544 566 41
545 567 16
546 568 30
547 569 53
548 570 50
549 571 42
550 572 9
551 573 18
552 574 1
553 575 59
554 576 29
555 577 42
556 577 49
557 578 38
558 578 7
559 579 27
560 580 59
561 580 8
562 581 12
563 581 33
564 581 44
565 582 49
566 583 30
567 584 6
568 584 26
569 584 10
570 585 2
571 586 54
572 586 25
573 586 19
574 587 58
575 588 53
576 589 7
577 590 46
578 591 35
578 592 1
579 593 47
579 594 43
580 595 42
581 596 6
582 597 3
583 598 5
584 599 11
584 600 41
585 601 45
586 602 34
587 603 22
588 604 39
589 605 46
590 606 54
591 606 19
592 607 4
593 608 25
594 608 59
595 608 54
596 608 46
597 609 34
598 610 40
599 611 43
600 612 18
601 613 51
602 613 14
603 614 14
604 615 40
605 616 22
606 617 5
607 618 17
608 619 59
609 620 9
610 621 24
611 622 9
612 623 49
613 624 10
614 625 50
615 626 55
615 627 19
616 628 16
616 629 16
616 630 20
616 631 32
617 632 39
617 633 30
618 634 6
618 635 22
619 636 52
620 637 39
620 638 21
620 639 11
621 640 26
621 641 41
622 642 28
623 643 17
623 644 20
623 645 9
624 646 46
625 647 15
626 648 47
627 648 19
628 649 55
629 649 23
630 649 16
631 650 50
632 651 49
633 652 54
634 652 37
635 653 32
636 653 16
637 654 56
638 655 6
639 656 6
640 656 45
641 657 12
642 657 35
643 658 46
644 659 23
645 659 28
646 660 8
647 661 50
648 662 15
648 663 20
649 664 28
649 665 10
649 666 11
650 667 47
651 668 17
652 669 36
653 670 6
654 671 54
654 672 38
655 673 21
656 674 15
657 675 55
658 676 20
659 677 49
660 678 21
661 679 36
661 680 3
662 681 19
663 682 43
664 683 18
665 684 30
666 685 24
667 686 14
668 687 12
668 688 50
668 689 18
669 690 30
670 691 22
671 692 6
672 693 46
673 694 32
674 695 49
675 696 31
676 697 25
677 698 15
678 699 15
679 700 12
680 701 14
681 701 54
682 701 50
683 702 49
684 703 18
685 703 36
686 704 58
687 705 37
688 706 35
689 707 43
690 708 9
691 708 57
692 709 29
693 710 38
694 711 30
695 712 3
696 712 35
697 713 3
698 714 29
699 715 28
700 716 22
701 717 27
702 718 21
703 719 37
704 720 31
705 721 9
706 722 50
707 723 13
708 724 42
709 725 2
709 726 49
710 727 58
711 728 22
712 729 18
713 730 20
714 731 5
715 732 38
716 733 19
717 734 4
718 735 56
719 736 56
720 737 19
721 738 6
722 739 44
723 740 16
724 740 13
725 741 23
726 741 42
727 742 48
728 743 16
729 744 17
730 745 31
731 746 46
732 747 37
733 748 20
733 749 15
734 750 45
735 751 47
736 752 15
737 753 40
738 754 57
739 755 48
740 756 37
741 757 54
742 758 44
743 759 39
744 760 8
745 761 12
746 762 7
747 763 40
748 764 50
749 764 45
750 765 41
751 765 39
752 766 58
753 767 17
754 768 59
755 769 22
756 770 20
757 770 43
758 771 49
759 772 37
760 773 40
761 774 5
762 774 32
763 774 51
764 775 48
765 776 37
766 777 13
767 778 37
767 779 27
768 780 28
769 781 10
770 782 18
771 783 47
772 784 12
773 785 7
774 786 17
775 787 27
776 788 59
777 789 15
778 790 4
779 791 47
780 792 29
781 793 47
782 794 37
782 795 31
783 796 30
784 797 22
785 798 51
786 799 41
787 800 39
788 800 6
789 800 23
790 800 54
791 800 59
792 800 34
793 800 47
794 800 17
795 800 48
796 800 45
797 800 39
798 800 43
799 800 34
