2 2 1 2 1 2 2 1 2 2 2 2 2 1 1 1
8 7 7 7 8 9 9 9 9 7 9 7 9 8 9 7
4 4 4 4 3 3 3 4 3 3 4 4 3 4 4 3
4 4 4 5 4 5 5 5 4 4 5 4 4 5 5 5
10 12 10 10 10 10 9 9 10 10 10 12 10 10 11 10
5 4 4 5 4 5 5 4 5 4 5 5 5 4 5 5
7 7 7 7 7 7 7 6 7 6 7 7 6 7 7 7
8 8 7 8 7 8 8 7 8 7 8 8 8 7 8 7
10 8 11 9 9 11 10 9 11 10 8 11 8 11 8 10
7 6 7 7 7 6 6 6 6 6 6 7 6 7 7 7
3 3 2 2 3 3 3 2 2 3 2 2 2 3 3 3
3 3 3 2 2 3 2 3 2 3 3 3 3 3 3 2
3 3 3 2 2 2 2 2 3 3 3 2 2 2 3 2
8 7 8 8 8 9 7 7 8 7 7 7 7 9 8 7
6 5 5 6 6 5 5 6 6 5 5 6 6 6 6 6
8 11 10 9 8 9 10 9 10 8 11 9 9 9 10 10
8 9 9 8 9 7 7 7 7 9 9 7 8 9 8 8
11 8 8 8 10 10 9 9 8 10 9 9 8 9 8 10
11 10 10 11 10 11 10 10 10 8 11 9 9 9 8 9
4 4 5 4 5 4 4 5 5 5 5 5 4 5 4 5
2 2 1 2 1 2 1 2 1 2 2 1 1 2 2 2
2 1 1 2 2 1 1 1 2 1 2 2 1 2 1 1
8 7 9 9 9 7 7 9 8 8 9 8 8 8 7 9
8 8 9 9 8 11 10 10 10 11 10 9 11 10 8 11
9 7 7 7 8 9 9 8 9 8 9 7 9 9 9 7
12 12 11 10 11 10 11 11 9 9 9 10 10 10 9 9
7 7 8 8 8 7 8 8 7 7 8 8 7 7 8 8
8 8 8 7 8 7 8 8 8 8 8 8 7 7 8 8
6 7 7 7 7 7 7 7 6 6 6 6 7 7 6 6
7 7 7 8 8 7 7 8 7 7 8 7 7 8 7 7
3 2 3 2 2 3 2 2 2 2 2 2 3 2 3 3
5 5 5 5 4 4 5 5 5 5 4 5 4 5 4 5
8 10 8 10 9 9 9 9 10 9 9 9 9 9 10 8
3 2 3 3 2 3 3 2 2 3 3 2 3 2 3 3
1 1 2 2 1 1 2 1 1 1 1 2 1 2 2 2
10 10 9 8 11 11 10 10 10 10 10 11 11 10 11 11
5 5 5 4 4 5 5 5 5 4 5 4 5 5 4 5
6 6 7 7 7 6 6 6 7 6 6 7 6 6 6 6
6 7 6 7 6 6 7 6 7 7 7 7 6 6 7 7
6 6 6 5 6 6 6 5 5 6 5 6 6 6 6 6
4 4 3 3 3 4 4 3 3 4 4 4 4 3 4 3
5 5 4 5 4 4 4 5 4 5 4 4 4 4 4 5
4 3 4 3 3 3 3 4 4 3 4 4 4 4 4 3
5 5 4 5 4 5 5 4 4 4 5 5 5 5 5 5
2 2 2 2 1 2 1 2 1 2 1 2 1 2 2 2
1 1 1 1 1 2 1 1 2 1 2 2 2 2 1 1
7 7 6 7 6 7 7 6 7 6 6 7 6 6 7 7
1 2 1 1 2 1 2 2 2 2 1 1 1 2 2 2
7 6 7 6 7 7 6 7 7 6 7 6 6 7 7 6
7 7 7 7 7 6 6 6 7 6 6 6 7 6 7 6
