1 2 3
1 3 8
1 4 7
1 5 2
2 6 3
3 7 3
4 8 9
4 9 8
5 10 5
6 11 8
6 12 2
7 13 2
7 14 7
7 15 9
7 16 3
8 17 2
8 18 6
8 19 6
9 20 9
10 21 5
10 22 6
11 23 9
12 24 2
13 25 7
14 26 7
15 27 4
16 28 6
17 29 6
18 30 1
19 31 3
20 32 9
21 33 1
21 34 3
22 35 8
23 36 9
23 37 7
24 38 3
25 39 6
26 40 3
27 41 7
28 42 9
29 43 1
30 44 7
31 45 4
32 46 2
33 47 7
34 48 4
34 49 3
35 50 6
36 51 3
37 52 3
38 52 9
39 53 4
40 53 5
41 53 4
42 54 3
43 55 6
44 56 6
45 56 1
46 57 1
47 57 6
48 58 1
49 59 8
50 60 9
51 61 7
51 62 1
51 63 8
52 64 3
52 65 7
52 66 6
52 67 4
53 68 1
54 69 3
55 70 6
56 71 4
56 72 9
57 73 3
57 74 4
58 75 3
58 76 2
59 77 9
60 78 5
61 79 3
62 80 3
63 81 8
64 81 7
65 82 5
66 82 3
67 83 6
68 84 1
69 84 4
70 85 1
71 85 5
72 86 4
73 87 2
74 87 5
75 88 1
76 88 9
77 89 5
78 90 5
79 91 6
80 92 9
81 93 5
82 94 3
83 95 8
84 96 3
85 97 4
86 98 9
87 99 2
87 100 8
88 101 5
89 102 9
90 103 5
91 104 6
92 104 1
93 105 5
94 106 4
95 107 5
96 108 5
97 109 1
98 110 8
99 111 2
100 112 5
101 113 7
102 114 6
103 114 4
104 115 4
104 116 9
105 117 5
106 118 9
107 119 9
108 120 1
108 121 4
109 122 9
110 123 2
111 124 8
112 125 5
113 126 3
114 127 2
115 128 6
116 129 5
117 130 7
118 131 5
119 132 1
119 133 7
119 134 7
120 135 8
120 136 3
121 137 4
122 138 3
122 139 5
123 140 5
124 141 2
125 142 6
125 143 5
126 144 8
127 145 5
128 146 8
129 147 7
130 148 6
131 149 7
132 150 8
133 150 5
134 151 5
135 152 5
136 153 5
137 153 7
138 154 8
139 154 8
140 155 8
141 156 2
142 157 1
143 158 5
144 158 5
145 159 1
146 160 8
147 161 3
148 162 4
149 163 7
149 164 8
150 165 3
150 166 6
151 167 8
152 168 4
152 169 4
153 170 2
154 171 8
155 172 7
156 173 2
157 174 7
158 175 3
158 176 8
159 177 9
160 178 2
161 179 1
162 180 9
163 181 6
164 182 7
165 183 2
166 184 2
167 185 2
168 186 8
169 187 9
170 188 6
171 189 9
172 190 1
172 191 8
172 192 2
173 193 7
174 194 2
175 195 9
175 196 2
176 197 1
177 198 4
178 199 8
179 199 9
180 200 9
181 200 4
182 201 7
183 201 8
184 201 9
185 201 2
186 202 2
187 203 2
188 203 3
189 203 1
190 204 3
191 205 9
192 206 9
193 207 7
194 207 4
195 207 5
196 208 6
197 208 3
198 208 9
199 209 6
199 210 9
200 211 4
200 212 8
200 213 5
201 214 7
201 215 5
202 216 3
203 217 4
203 218 1
203 219 7
204 220 7
204 221 2
205 222 6
205 223 5
206 224 6
207 225 4
208 226 8
209 227 6
210 227 8
211 227 4
212 228 4
213 229 8
214 230 8
215 230 7
216 230 7
217 231 2
218 232 6
219 232 2
220 233 8
221 234 1
222 235 7
223 236 4
224 236 2
225 237 6
226 237 5
227 238 6
228 239 7
228 240 4
229 241 5
229 242 9
230 243 3
231 244 4
232 245 8
233 246 1
233 247 4
234 248 4
235 249 9
236 250 9
237 251 2
238 252 1
239 253 3
240 254 4
241 255 9
242 256 7
243 257 2
244 258 8
245 259 9
245 260 7
246 261 2
247 262 1
248 263 8
249 264 8
250 265 3
250 266 7
251 267 3
251 268 2
252 269 3
253 270 4
254 270 8
255 270 1
256 271 1
257 272 3
258 273 6
259 274 9
260 274 4
261 274 3
262 275 9
263 276 3
264 276 9
265 276 8
266 277 3
267 278 2
268 279 5
269 280 4
270 281 9
270 282 2
271 283 1
272 284 3
273 285 2
274 286 2
275 287 4
276 288 8
277 289 3
278 290 2
279 291 1
280 292 7
281 293 2
282 294 9
282 295 9
283 296 2
284 297 2
284 298 3
284 299 6
284 300 7
285 301 1
286 302 4
287 303 4
287 304 2
288 305 8
289 306 8
290 307 5
291 308 8
292 309 5
293 310 7
294 311 4
295 312 6
296 313 7
297 314 8
298 315 9
299 316 8
300 317 6
301 318 3
302 319 5
303 320 2
304 321 4
305 322 5
306 323 2
307 324 8
308 325 9
309 326 6
310 327 7
311 327 3
312 328 4
313 329 3
314 330 8
315 331 8
316 332 7
317 333 1
318 334 5
319 335 3
320 336 9
321 337 4
322 338 3
323 339 1
324 340 1
325 341 6
326 342 5
327 343 1
328 344 5
329 345 4
330 346 1
331 347 3
332 347 2
333 348 7
334 349 7
335 350 2
336 351 5
337 352 3
338 353 7
339 354 3
340 355 8
341 356 4
342 357 3
342 358 2
342 359 2
343 360 7
343 361 8
343 362 3
344 363 8
344 364 2
345 365 7
345 366 8
345 367 8
346 368 6
346 369 8
346 370 6
347 371 5
348 372 3
348 373 9
349 374 5
349 375 9
349 376 5
349 377 4
350 378 4
351 379 1
351 380 6
351 381 7
351 382 6
352 383 7
352 384 5
353 385 7
353 386 7
353 387 9
353 388 4
354 389 5
355 390 9
355 391 4
355 392 1
356 393 6
356 394 1
357 395 7
358 396 2
359 397 6
360 398 5
361 398 3
362 399 6
363 399 7
364 400 6
365 400 9
366 401 2
367 401 7
368 402 6
369 402 4
370 402 9
371 402 5
372 403 8
373 404 6
374 404 1
375 405 4
376 405 7
377 405 5
378 406 9
379 407 8
380 408 6
381 408 2
382 408 6
383 409 7
384 409 2
385 410 6
386 410 4
387 411 6
388 411 2
389 412 5
390 412 7
391 412 7
392 413 3
393 413 7
394 413 7
395 414 1
396 415 4
397 416 8
398 417 5
399 418 1
400 419 9
401 420 8
402 421 6
403 422 1
404 423 8
405 424 8
406 425 1
407 426 1
408 427 2
409 428 4
410 429 6
411 430 6
412 431 6
413 432 8
414 433 1
415 433 4
416 433 9
417 434 8
418 435 2
419 436 4
420 436 6
421 437 3
422 438 6
423 439 5
424 440 6
425 441 6
426 442 9
427 442 2
428 443 6
429 444 9
430 445 2
431 446 7
432 447 9
433 448 7
434 449 8
435 450 2
436 451 9
437 452 9
438 453 7
439 454 8
440 455 8
441 456 7
442 457 7
443 458 4
444 459 4
445 460 8
446 461 8
447 462 3
448 463 8
449 464 7
450 465 7
451 466 1
452 467 7
453 468 3
454 469 6
455 469 4
456 470 7
457 471 2
458 472 1
459 473 3
460 473 2
461 474 9
462 474 2
463 475 9
464 476 9
465 477 4
466 478 5
467 479 3
468 480 2
469 481 3
470 482 1
471 483 2
472 484 1
473 485 2
474 486 6
475 487 1
476 488 5
477 489 4
478 489 8
479 490 9
480 491 9
481 492 2
482 493 9
483 494 6
484 495 7
485 496 6
486 497 7
487 498 4
488 499 8
488 500 8
489 501 7
490 502 6
490 503 1
490 504 5
491 505 3
492 506 9
492 507 3
492 508 1
493 509 6
494 510 2
495 511 8
496 512 6
497 513 2
498 514 6
499 514 6
500 515 6
501 516 3
502 516 5
503 517 8
504 518 3
505 519 8
506 520 2
507 521 2
508 521 3
509 522 1
510 522 2
511 523 1
512 524 4
513 524 6
514 525 7
515 526 7
516 527 8
517 528 5
518 529 9
518 530 6
519 531 5
520 532 9
521 533 5
522 534 5
523 535 8
524 536 6
525 537 3
526 538 9
527 539 6
528 540 9
529 541 7
530 542 3
531 543 5
532 544 4
533 545 3
533 546 2
534 547 5
535 548 1
536 549 7
536 550 8
537 551 5
538 552 1
539 553 5
539 554 7
540 555 1
541 556 9
542 557 7
543 558 6
544 559 5
545 560 6
546 561 5
547 562 5
548 563 9
549 564 3
549 565 8
550 566 2
551 567 9
551 568 9
552 569 9
553 570 1
554 571 9
555 572 2
556 573 8
557 574 2
558 575 8
559 576 1
560 577 4
560 578 3
561 579 7
562 580 9
562 581 8
563 582 3
564 583 1
565 584 4
565 585 7
565 586 9
566 587 7
567 588 8
568 588 9
569 589 6
570 590 4
571 590 1
572 591 3
573 592 2
574 593 1
575 593 4
576 593 4
577 594 2
578 595 9
579 595 6
580 596 1
581 597 2
582 598 6
583 599 7
584 599 1
585 599 8
586 600 2
587 601 7
588 602 8
589 603 4
590 604 9
591 605 4
592 606 1
592 607 3
593 608 8
593 609 7
594 610 5
595 611 5
596 612 8
597 613 5
598 614 8
599 615 6
600 616 5
601 617 6
601 618 6
602 619 5
603 620 5
604 620 9
605 621 6
606 621 7
607 621 2
608 622 7
609 623 9
610 623 2
611 624 6
612 625 9
613 626 8
614 627 1
615 628 3
616 629 5
617 629 3
618 630 6
619 631 6
619 632 8
620 633 8
621 634 5
621 635 1
622 636 2
622 637 6
623 638 3
624 639 7
624 640 1
624 641 6
625 642 3
626 643 3
627 644 4
628 645 6
629 646 3
630 647 7
631 648 8
632 649 7
632 650 6
632 651 5
633 652 9
634 653 6
635 654 1
636 655 7
636 656 3
637 657 1
638 658 8
638 659 6
639 660 8
640 661 1
640 662 9
641 663 6
642 664 9
643 665 1
644 666 1
645 667 6
646 668 4
647 669 1
647 670 5
648 671 3
649 672 2
650 673 5
651 674 5
652 675 2
653 676 5
654 677 1
655 678 4
656 678 7
657 679 1
658 680 9
659 681 6
660 681 6
661 682 4
662 683 6
663 684 9
664 684 6
665 685 8
666 686 9
667 687 1
668 688 7
669 689 7
670 690 8
671 691 6
672 692 8
673 693 3
674 694 2
675 695 4
676 695 2
677 696 1
678 697 7
679 698 2
680 699 3
681 700 9
682 701 3
683 701 4
684 702 6
685 702 1
686 702 3
687 703 5
688 703 7
689 704 8
690 704 8
691 705 6
692 706 7
693 707 1
694 708 8
695 709 3
695 710 8
696 711 9
697 712 3
698 713 5
699 714 2
700 715 3
701 716 1
702 717 8
703 718 6
704 719 6
704 720 4
705 721 5
706 721 5
707 722 3
708 723 3
709 724 2
710 725 1
711 725 5
712 726 7
713 726 1
714 727 3
715 728 7
716 729 5
717 730 7
718 731 2
719 732 6
720 732 7
721 733 7
722 734 6
723 735 3
723 736 1
724 737 9
725 738 2
726 739 2
727 740 8
727 741 1
728 742 1
729 743 2
730 744 8
731 745 6
731 746 1
732 747 3
733 748 3
734 749 7
735 750 2
736 751 5
737 752 3
738 753 6
739 754 3
740 755 8
741 756 5
742 757 1
743 757 2
744 758 1
745 759 4
746 760 8
747 761 3
748 762 9
748 763 7
748 764 6
749 765 8
750 766 7
750 767 7
751 768 1
751 769 5
752 770 8
752 771 8
753 772 5
754 773 1
755 774 8
756 775 4
757 776 5
758 777 7
758 778 3
758 779 9
759 780 3
760 781 6
761 782 4
761 783 5
762 784 2
763 785 6
764 786 6
765 787 1
766 788 1
767 789 6
768 789 9
769 790 2
770 791 5
771 791 7
772 792 9
773 792 8
774 792 7
775 793 8
776 794 4
777 795 3
778 796 2
779 796 6
780 797 2
781 798 8
782 798 5
783 799 7
784 800 5
785 800 2
786 800 5
787 800 8
788 800 7
789 800 8
790 800 7
791 800 3
792 800 8
793 800 1
794 800 1
795 800 6
796 800 6
797 800 6
798 800 1
799 800 7
