4 3 4 3
10 9 9 11
16 16 16 17
14 16 17 15
14 11 13 11
5 5 4 4
9 11 12 12
10 9 8 10
8 8 9 7
15 17 17 15
11 9 11 8
3 3 4 3
13 15 16 15
16 16 21 18
7 8 9 9
7 8 8 7
11 10 9 9
8 8 7 7
17 17 17 15
12 12 13 13
3 4 3 3
3 2 3 2
19 19 21 17
8 7 7 7
6 7 6 6
7 8 7 7
1 2 1 2
2 2 2 2
17 18 18 17
7 8 8 7
10 10 12 9
6 5 5 5
15 17 17 17
13 13 14 13
12 12 13 13
12 9 10 11
15 17 17 16
6 6 6 6
21 20 20 16
18 21 18 19
6 5 5 5
15 13 15 15
7 7 8 8
15 17 15 14
2 3 2 2
12 14 14 12
17 17 19 18
16 19 15 17
5 5 6 6
14 11 12 13
12 10 11 12
2 1 2 2
13 11 12 11
12 11 13 13
4 5 4 4
19 20 15 15
4 4 4 4
9 10 12 11
16 18 19 17
19 20 17 20
14 16 17 16
13 15 14 14
11 10 11 10
5 4 5 5
15 15 14 14
7 7 6 7
1 2 2 2
7 8 7 8
7 8 8 8
15 18 16 15
6 6 6 6
16 15 14 15
18 19 18 20
10 10 8 11
10 10 8 9
7 9 8 7
15 18 14 17
8 8 11 9
6 6 5 5
18 21 20 16
11 13 13 11
17 20 15 15
5 5 5 4
15 16 15 16
16 15 17 15
18 18 16 18
4 3 4 4
1 1 1 2
9 9 7 9
4 5 5 5
6 7 6 6
18 16 17 18
5 5 6 5
7 7 8 8
8 8 8 8
14 15 15 17
16 14 14 16
12 12 10 12
5 5 4 4
8 7 7 7
15 16 16 14
2 2 1 2
13 11 13 10
8 11 9 11
2 2 1 2
1 2 1 1
14 12 14 15
16 16 19 20
19 21 16 16
6 7 6 6
19 17 15 18
5 5 5 4
20 18 21 18
3 3 2 2
4 4 5 5
5 5 6 6
12 12 10 13
8 7 8 9
9 9 7 8
17 14 17 15
15 15 14 17
3 4 3 4
7 7 7 8
14 17 16 14
16 14 17 14
16 16 14 15
2 2 1 1
2 3 3 3
5 5 5 4
3 3 4 3
4 4 4 4
14 13 12 15
17 14 16 16
2 2 2 2
3 4 4 4
18 17 18 20
17 20 18 17
4 4 4 3
4 4 4 3
4 5 4 5
6 6 7 7
7 9 8 8
14 18 18 15
4 5 5 4
3 2 2 3
7 8 9 8
7 8 7 7
16 15 16 15
11 13 13 13
15 12 13 12
21 21 16 17
2 1 2 2
11 10 11 9
17 17 16 19
7 7 7 7
12 12 13 13
1 1 1 1
4 5 4 4
9 11 9 8
11 13 13 12
2 3 3 3
19 16 16 19
19 19 18 19
8 8 8 7
12 11 10 9
15 17 17 14
8 7 7 8
2 3 3 2
6 5 5 6
20 19 19 20
13 13 13 14
10 9 12 10
8 7 7 7
5 5 5 5
1 2 1 1
1 2 2 2
15 13 14 15
18 14 14 14
5 6 6 6
5 5 5 5
14 16 14 13
17 19 16 18
13 12 12 12
14 16 15 14
13 14 16 13
7 8 7 8
14 17 14 17
12 13 13 13
6 5 5 5
17 17 17 16
7 8 7 8
4 5 5 5
17 15 18 18
15 12 13 15
9 10 10 9
12 10 9 9
8 9 8 9
14 15 17 16
11 13 11 14
3 3 3 2
4 5 4 4
8 9 9 8
10 9 11 11
8 8 7 8
4 5 5 4
14 15 13 14
10 12 13 11
13 16 16 15
7 7 7 8
7 8 7 7
9 11 12 12
17 18 16 19
9 8 9 7
14 12 12 12
11 14 11 14
13 11 11 14
10 11 11 12
20 18 18 20
12 13 13 12
6 7 6 6
18 19 19 20
16 18 15 14
17 17 16 14
15 15 14 17
17 15 16 15
5 6 6 6
12 12 14 11
6 6 5 6
9 7 7 7
6 6 6 7
14 16 14 18
11 10 10 8
15 18 15 17
7 7 7 6
15 13 12 12
4 4 4 3
13 13 14 13
15 15 13 16
13 16 13 14
17 16 18 16
16 16 15 15
15 17 16 15
5 5 6 5
11 9 9 10
11 14 14 13
12 13 12 12
12 10 13 12
7 7 9 9
4 3 4 3
3 2 3 2
18 18 15 16
2 2 2 2
14 13 12 15
4 3 3 3
15 14 13 16
3 2 2 2
18 19 20 16
3 3 3 4
14 14 14 14
6 5 6 6
5 4 5 4
2 3 2 2
9 8 9 9
18 15 16 18
4 4 3 4
8 8 8 7
4 4 5 5
16 17 18 17
2 1 2 1
10 11 10 11
19 18 21 16
6 6 6 6
11 13 12 11
16 14 16 18
1 2 1 1
11 8 8 11
3 4 4 4
20 19 19 19
16 14 14 16
13 11 12 12
13 15 13 15
15 15 20 15
12 10 10 11
14 15 16 16
4 4 5 5
14 14 14 11
13 11 12 13
10 10 8 8
19 15 17 20
14 14 17 17
21 21 20 21
16 18 19 20
20 21 21 18
12 10 13 11
2 2 3 2
6 6 7 7
7 7 7 8
6 6 7 6
12 14 11 12
12 13 11 10
8 9 7 9
1 2 2 1
3 2 3 3
10 9 10 11
14 13 14 15
13 11 12 11
14 11 12 14
15 14 16 15
3 3 4 3
19 18 19 18
9 8 7 8
18 18 16 20
17 17 17 14
7 8 7 8
8 7 7 7
12 11 10 13
16 16 14 17
13 14 11 14
12 13 11 12
6 6 5 5
7 6 6 6
13 14 16 16
7 8 8 8
5 5 5 6
14 15 15 16
4 5 5 4
6 7 7 6
1 1 1 2
13 13 13 13
10 11 12 10
19 15 16 15
11 12 12 10
16 17 16 17
15 14 16 16
8 8 7 7
6 6 6 6
12 11 14 12
8 10 9 11
18 18 20 21
5 5 5 5
10 9 10 9
18 16 15 15
13 12 13 13
10 13 10 13
18 21 16 18
6 6 7 7
16 15 15 13
12 11 11 13
2 1 1 2
6 5 5 5
4 4 4 3
7 7 6 6
8 7 8 8
18 16 14 16
10 11 12 11
14 13 14 14
12 12 12 10
12 12 11 14
18 15 16 18
11 9 12 12
11 12 13 14
8 8 8 7
16 15 16 16
3 4 4 4
1 1 2 2
17 14 15 17
7 6 6 6
21 21 16 21
5 5 5 5
12 13 12 15
7 7 8 7
15 16 15 16
13 12 10 13
1 2 1 2
13 14 14 16
17 17 18 18
14 13 14 12
14 16 17 16
3 2 2 2
6 5 5 6
9 11 10 8
19 18 19 20
14 14 13 14
7 7 7 7
2 3 2 2
20 16 19 20
10 11 12 11
9 10 10 11
3 3 4 4
14 16 13 13
9 9 10 11
4 5 4 5
15 14 16 16
7 9 7 7
4 4 5 4
9 8 9 8
14 11 14 14
18 18 20 15
4 4 5 5
4 5 5 5
9 8 8 8
11 11 13 13
4 5 5 5
5 5 5 4
7 7 7 7
2 1 2 2
2 2 2 1
6 6 5 5
7 8 7 8
15 15 16 13
6 6 5 6
13 14 16 13
15 16 14 16
5 5 6 5
3 3 3 4
10 13 10 10
19 18 17 18
17 14 14 16
7 7 9 8
2 1 2 2
13 12 11 12
10 12 12 12
7 7 8 7
19 16 20 16
2 2 1 2
11 11 13 12
5 6 6 5
5 5 5 5
17 18 17 14
4 4 3 4
10 9 9 9
16 17 16 16
8 10 9 9
12 9 12 10
17 17 15 14
10 10 10 11
3 3 3 3
6 5 5 5
5 5 6 5
3 2 3 2
6 5 5 6
18 17 20 20
12 9 12 11
16 16 18 20
7 7 6 7
4 3 3 4
11 11 12 10
20 21 16 19
12 10 10 10
3 3 3 3
7 8 8 7
13 12 14 15
4 5 5 5
9 11 11 10
13 12 13 12
10 11 8 10
7 7 7 8
16 19 16 18
8 7 8 7
2 2 2 2
18 18 15 15
8 9 11 10
13 14 15 16
15 15 19 17
13 11 11 11
5 5 4 5
14 13 15 13
19 19 20 19
15 17 15 19
3 2 3 3
17 15 14 16
8 7 7 8
4 5 5 4
16 13 14 16
2 2 2 3
6 6 6 7
6 6 5 6
5 4 5 4
4 5 4 5
4 4 4 5
11 9 11 10
2 3 2 3
13 14 13 14
5 5 4 5
6 7 6 6
18 16 19 21
15 18 17 14
21 20 19 16
7 9 7 7
9 10 8 9
3 3 3 3
3 3 3 4
20 15 19 17
9 9 8 7
8 11 10 10
2 2 3 3
5 5 4 5
7 6 7 6
11 9 12 12
14 17 15 14
8 10 9 11
17 18 18 16
11 11 11 8
5 6 5 6
16 14 18 18
3 4 3 4
17 18 19 19
3 3 3 2
5 6 5 5
7 7 8 7
10 13 11 13
8 7 8 8
11 9 10 12
3 4 4 4
10 9 9 9
15 14 14 15
10 12 10 11
12 12 14 12
13 11 13 13
11 8 8 8
2 3 2 2
15 14 16 14
14 15 15 13
2 1 1 1
17 19 17 17
15 17 15 19
1 2 1 1
2 1 1 2
3 3 2 3
14 17 14 14
4 3 4 3
16 16 14 14
10 11 9 10
5 4 4 4
12 13 10 12
1 2 1 1
14 14 14 14
5 6 5 5
18 20 21 21
6 5 5 6
14 14 13 13
1 1 1 1
15 15 14 16
2 3 2 2
3 3 2 2
2 2 1 1
9 10 12 10
11 8 10 9
14 17 16 17
7 8 7 8
8 8 8 8
6 6 6 7
14 15 15 16
8 7 8 7
14 12 15 12
9 9 9 7
7 7 7 7
6 7 6 6
18 16 14 15
3 3 3 3
17 17 20 17
14 11 14 12
11 13 14 12
7 6 6 6
8 9 11 9
5 5 5 5
13 13 14 15
3 4 4 3
12 12 13 13
1 1 1 1
3 3 3 3
10 13 11 10
18 17 17 19
11 12 14 14
4 4 4 3
3 3 3 3
7 7 6 7
11 14 12 12
15 17 16 14
15 13 14 15
5 6 5 6
3 3 3 4
1 2 2 2
9 11 9 8
4 5 4 5
16 15 17 17
20 17 19 20
14 12 13 13
9 9 7 8
8 8 7 7
7 7 7 8
8 7 7 7
15 19 18 15
13 10 12 12
4 5 4 4
18 14 15 14
8 8 8 7
12 11 9 9
13 13 12 12
2 3 2 2
11 10 10 8
15 16 15 16
5 5 5 5
17 18 17 16
15 17 17 15
21 16 21 18
14 15 17 18
12 13 13 13
5 5 5 6
9 8 9 9
3 2 3 3
8 7 8 8
2 2 2 2
6 5 5 6
7 8 7 7
4 4 4 4
17 20 20 20
4 4 5 5
13 15 14 15
15 15 15 15
12 12 13 13
2 2 2 3
15 13 13 12
12 10 10 10
4 4 3 4
7 9 8 7
7 6 7 6
6 6 6 6
11 11 12 11
17 17 20 19
8 8 7 8
19 19 17 17
3 3 3 4
3 3 3 3
16 13 13 14
4 4 4 5
3 3 3 3
2 2 2 1
10 13 11 11
15 14 16 15
1 2 1 2
4 5 5 5
11 10 8 9
3 3 4 4
9 8 10 9
13 12 14 12
19 16 17 16
12 11 9 11
15 15 14 17
16 14 16 15
13 14 12 14
8 8 9 9
19 18 19 18
8 9 7 9
17 18 17 20
16 16 13 16
7 8 9 7
9 10 10 9
2 1 1 1
13 13 14 14
7 7 6 7
10 11 11 11
3 3 4 4
1 2 1 2
13 12 12 14
3 2 3 2
11 14 13 13
9 9 12 12
20 17 20 18
14 12 14 12
10 10 10 10
11 10 10 10
1 2 2 2
18 20 17 17
8 11 9 8
14 11 11 14
13 14 14 15
20 17 16 18
1 1 2 2
7 7 7 8
7 9 7 9
14 12 15 12
14 14 16 13
12 13 12 14
2 2 1 2
11 10 10 13
5 6 6 6
4 3 4 4
7 8 7 7
8 9 7 7
4 4 3 4
19 16 19 16
2 1 2 1
2 2 2 3
14 11 13 14
6 6 6 6
18 18 20 20
3 3 3 4
9 11 9 9
8 7 8 8
8 8 8 7
15 17 15 17
3 3 4 3
12 14 13 11
14 13 13 12
12 10 11 10
6 6 6 6
3 3 2 3
3 4 4 4
3 3 4 4
12 14 12 11
4 4 5 5
1 1 2 1
3 3 3 4
5 6 6 5
14 11 11 14
7 8 8 8
13 13 11 12
9 8 9 7
8 7 8 9
14 15 14 13
14 14 12 13
20 17 18 20
16 14 14 17
6 6 5 5
15 14 16 14
14 14 13 11
3 4 3 4
14 17 14 16
17 15 14 15
12 9 10 12
7 6 6 7
16 16 15 14
8 10 8 8
17 15 16 16
15 15 15 14
6 6 7 7
15 15 14 14
9 8 9 7
8 7 7 7
2 2 1 1
9 9 9 9
7 7 8 7
9 10 9 9
2 3 3 2
11 10 9 9
21 21 19 16
19 21 18 21
11 10 10 11
7 9 8 8
7 7 7 6
4 4 5 5
12 14 13 13
11 12 11 10
14 12 13 15
10 9 8 11
17 18 15 15
15 14 17 15
13 15 15 16
1 2 2 2
14 14 18 15
7 6 7 6
11 13 12 13
14 11 11 13
17 16 16 15
15 14 16 15
5 4 5 5
7 7 8 8
2 1 2 1
16 15 14 16
14 15 15 15
9 8 8 10
16 16 16 16
15 14 14 13
10 10 9 9
3 3 3 2
13 12 14 11
8 8 8 8
18 16 16 20
14 14 18 14
6 5 5 5
11 11 10 9
4 5 5 4
14 18 18 18
8 7 7 7
8 8 8 7
10 12 11 12
6 6 6 7
10 9 9 8
5 6 5 5
4 5 5 5
13 14 14 14
9 7 7 7
8 9 7 9
14 13 13 14
6 6 6 7
14 18 14 14
9 9 11 10
6 6 7 7
4 3 3 4
