1 2 0 0 0 2 2 1 2 0 0 0 0 1 2 2
6 2 7 3 1 2 4 8 6 10 9 2 4 1 2 2
5 9 9 0 4 5 8 7 5 10 7 9 6 8 9 0
1 1 1 9 0 7 5 7 14 12 8 10 12 5 13 3
2 4 3 4 4 4 1 4 2 3 2 3 4 2 0 4
12 19 18 13 1 12 8 11 17 6 4 17 20 10 20 6
13 11 5 20 20 4 9 8 15 11 11 8 7 4 19 1
0 4 5 2 0 2 4 4 0 4 2 4 4 1 1 6
0 4 3 0 2 3 4 0 3 4 2 2 0 3 2 3
13 7 0 12 8 7 16 3 1 1 14 3 16 1 9 10
1 17 6 17 1 12 10 0 17 16 15 8 5 7 15 3
10 10 12 0 2 1 5 2 6 5 0 6 8 5 1 0
1 9 7 3 1 3 0 6 11 6 6 12 9 2 2 1
16 18 6 5 15 1 1 3 4 5 4 18 8 0 17 12
2 0 4 1 4 3 1 4 2 0 1 0 4 4 2 0
2 2 1 1 1 2 0 2 2 1 0 0 0 1 0 2
17 19 4 11 16 3 8 6 3 6 13 19 12 6 16 20
3 0 3 4 2 4 1 2 3 2 3 1 3 2 0 2
5 1 6 6 3 5 5 3 6 5 5 1 6 0 1 1
0 4 0 3 4 4 0 1 0 3 2 5 3 5 2 2
6 16 5 0 6 9 15 11 2 1 3 1 6 4 7 2
1 0 0 1 1 1 1 3 3 0 1 0 2 0 4 3
0 6 5 1 0 2 1 0 5 1 3 6 1 2 4 6
11 5 8 8 6 9 5 3 7 6 4 10 6 10 2 0
3 1 1 4 0 0 1 4 1 2 1 3 2 4 0 3
3 4 1 0 0 3 1 0 4 3 3 2 4 3 2 2
2 1 1 0 2 2 1 0 2 1 2 1 1 2 0 0
7 3 13 11 1 13 1 10 5 3 11 3 0 2 5 9
8 10 1 2 2 1 3 7 0 11 10 5 9 12 9 6
10 4 8 7 10 8 8 6 5 8 10 3 7 7 1 8
3 1 2 1 4 3 2 4 2 3 1 1 1 2 0 0
2 10 10 6 1 9 7 8 10 10 3 0 10 9 10 1
2 11 7 12 4 5 7 4 10 12 4 5 5 5 8 8
11 8 20 15 0 1 7 9 17 9 13 8 3 2 11 13
10 3 7 3 17 4 9 14 10 10 18 16 3 11 7 0
1 14 0 7 1 7 6 9 3 15 3 18 7 5 3 10
7 0 13 5 8 8 4 2 10 12 1 13 11 9 1 12
2 6 3 7 1 4 6 3 1 2 5 0 0 7 6 8
18 5 16 20 13 9 7 19 12 12 19 16 8 18 0 13
15 14 20 13 11 10 0 6 20 7 4 5 9 7 6 1
13 11 15 14 2 3 0 9 14 8 12 0 7 5 5 16
8 4 0 4 8 5 10 9 2 0 4 7 6 10 8 5
1 0 0 0 2 1 1 0 2 2 0 2 1 1 2 2
6 3 2 8 2 2 6 5 0 4 1 8 5 7 6 4
1 4 2 0 1 1 2 0 3 1 4 3 1 1 2 2
3 17 4 11 13 17 3 7 6 6 14 9 8 14 7 18
6 5 0 0 3 4 1 0 6 4 2 2 0 6 5 0
2 0 4 2 1 4 1 2 1 1 1 0 4 1 3 0
0 0 0 0 0 1 2 2 0 2 0 1 0 0 0 2
9 15 6 9 3 4 19 2 9 17 20 5 0 10 20 2
3 6 1 1 3 12 8 0 5 1 14 4 12 1 12 6
1 2 3 4 10 3 2 6 6 5 0 9 9 3 8 0
8 8 3 7 7 2 1 6 5 7 1 5 2 3 3 3
7 8 9 4 12 5 0 8 11 8 6 8 6 6 11 7
2 0 2 0 1 0 2 2 0 1 1 0 2 1 2 1
7 7 10 7 7 9 8 11 6 3 0 2 11 0 2 9
3 0 0 0 4 0 3 3 2 1 4 3 3 4 1 4
4 2 10 4 1 9 4 0 0 5 2 5 3 6 9 1
8 4 7 18 15 4 11 16 12 2 3 19 0 2 0 12
14 8 14 8 15 10 11 14 4 9 12 11 11 13 4 4
0 10 15 3 3 0 11 1 10 12 15 1 7 1 0 10
7 8 4 3 9 2 5 3 1 3 3 0 3 5 6 3
11 0 12 5 11 11 7 10 11 5 0 9 1 10 9 12
1 4 8 9 8 8 10 3 10 4 7 0 4 8 5 3
6 0 2 12 11 1 13 7 0 10 12 14 1 13 8 10
0 2 4 4 4 1 1 4 6 2 4 2 2 5 1 6
1 2 8 7 2 0 0 2 1 3 0 0 5 6 4 0
0 1 0 0 1 1 0 1 1 2 0 0 2 0 2 0
11 0 7 7 9 7 5 11 3 2 1 10 1 6 3 9
13 3 17 17 8 14 11 12 13 2 4 2 0 7 11 8
3 6 12 7 12 15 7 4 19 11 17 10 2 14 19 16
8 2 1 2 6 3 6 8 6 7 6 5 8 7 8 7
3 4 0 4 1 3 0 4 4 1 2 0 4 2 2 1
1 2 4 1 1 5 6 6 5 3 2 3 6 0 2 1
0 0 2 2 1 1 1 0 2 1 2 2 2 1 0 1
15 15 14 9 9 7 15 7 2 10 1 6 10 12 11 11
8 3 3 8 7 2 7 0 7 10 0 1 1 6 7 6
19 10 15 5 14 17 18 19 19 12 7 15 12 9 6 17
1 6 0 6 6 1 6 4 0 1 3 6 0 2 4 3
3 2 0 3 3 4 0 4 0 4 4 1 0 2 4 3
2 0 4 5 8 0 2 4 4 3 4 5 5 0 7 0
1 2 0 2 8 6 4 3 0 5 5 0 8 2 0 6
11 12 0 11 8 0 12 14 1 3 7 1 9 0 16 7
1 5 3 12 10 6 0 13 1 2 10 2 10 2 8 11
2 3 1 6 0 6 0 6 4 1 2 2 5 4 0 3
4 7 5 3 5 6 6 9 4 2 4 9 10 10 1 2
3 5 4 4 1 0 2 2 2 2 1 3 5 3 0 6
5 7 5 7 8 7 5 9 6 3 3 4 3 0 5 6
14 0 16 9 10 9 12 5 12 7 1 0 13 8 12 6
2 2 0 3 0 2 1 2 0 0 3 4 0 0 3 1
8 13 0 3 6 5 0 5 1 5 11 0 12 9 8 7
0 3 1 4 1 2 2 0 2 4 1 4 4 0 3 1
4 5 3 2 3 3 0 1 5 2 0 4 3 6 4 1
1 4 4 1 1 1 3 6 5 2 0 1 3 6 4 2
1 2 6 0 5 0 5 3 6 5 5 3 1 5 5 4
3 3 0 8 6 0 4 1 3 7 1 5 1 6 7 3
5 3 2 6 5 0 7 9 10 3 0 6 0 4 6 10
2 1 10 8 10 10 3 5 10 3 8 10 2 7 7 5
1 11 5 9 10 7 8 6 1 9 2 10 3 16 0 17
5 12 13 1 11 6 3 10 11 8 1 8 2 0 9 12
