0 1 3 1 3 4 3 1
0 0 2 2 1 1 1 1
2 8 10 10 10 4 10 3
19 6 9 18 8 7 10 4
28 14 26 29 16 25 21 15
1 0 0 1 0 0 2 2
0 9 5 11 0 9 2 4
6 25 3 23 31 6 20 11
2 8 21 7 10 1 3 21
4 5 0 3 13 4 6 4
19 10 11 8 18 4 27 17
7 10 10 4 9 2 5 4
1 1 1 1 1 1 1 1
18 21 3 6 25 1 13 31
9 5 8 3 4 3 8 6
14 10 12 16 5 16 11 14
7 1 2 3 2 5 5 6
14 10 0 20 15 2 3 11
1 10 11 8 21 23 6 28
3 12 14 15 9 8 22 8
9 2 1 9 6 13 13 12
8 19 31 24 25 25 0 10
9 8 0 7 4 6 13 0
3 0 6 5 6 4 6 6
5 5 0 6 5 0 2 2
12 10 16 19 24 23 22 11
13 29 27 0 22 1 15 20
17 26 4 8 1 16 3 13
0 8 1 1 7 12 2 13
1 10 9 14 4 8 12 6
15 14 3 10 11 8 15 6
20 5 0 1 4 16 13 5
14 9 13 1 19 14 12 5
6 8 23 16 11 3 6 7
2 5 5 9 9 14 12 11
6 5 1 2 8 1 6 1
2 5 7 20 7 10 9 2
15 1 13 21 11 13 14 10
9 3 1 1 10 3 4 1
21 26 16 14 4 23 12 2
11 2 11 21 6 23 12 21
12 1 1 0 4 10 6 0
20 12 27 17 25 2 17 14
8 10 12 3 23 27 28 26
4 0 3 9 2 1 4 3
15 7 10 15 18 9 1 14
0 1 2 3 3 4 1 1
7 3 0 5 17 16 6 0
1 1 2 7 2 2 0 1
4 1 19 16 9 11 2 8
1 0 6 6 8 0 8 4
2 0 6 7 8 2 8 0
5 6 2 4 2 5 0 2
5 7 2 8 4 2 4 4
8 3 10 13 1 16 12 2
13 2 0 11 7 14 8 1
1 2 3 2 4 0 0 0
3 7 7 20 23 14 3 8
28 20 17 18 11 27 16 17
2 6 4 8 13 0 11 2
12 4 11 7 17 18 16 7
14 15 11 5 18 17 8 10
3 8 7 0 4 5 2 3
2 0 2 0 1 0 1 2
9 10 4 25 26 11 3 29
13 33 10 25 9 10 19 28
16 6 19 16 16 2 4 10
28 29 32 6 21 9 29 27
1 5 8 7 6 12 8 0
10 28 12 2 24 0 25 33
11 2 12 7 12 10 6 11
20 0 28 3 2 17 3 20
13 3 6 0 10 14 15 5
2 4 0 6 3 0 3 5
1 6 6 6 1 7 2 6
7 17 9 11 14 34 10 2
5 22 20 19 1 18 25 15
4 2 3 4 5 5 4 4
22 18 3 28 11 22 30 19
13 16 21 36 0 11 28 29
34 19 35 9 14 1 16 19
14 10 17 9 14 20 5 6
7 0 7 9 5 11 4 0
0 10 5 6 8 10 2 2
21 34 6 12 22 22 32 10
0 6 5 7 4 0 3 7
2 6 18 7 6 11 6 9
7 5 18 19 24 23 3 27
5 4 4 6 2 1 3 5
4 0 6 2 4 6 10 3
21 30 24 11 5 20 23 0
4 2 21 19 24 28 3 4
0 11 9 14 15 0 8 10
30 20 26 35 26 9 33 16
6 24 16 27 6 3 22 29
15 3 4 17 7 11 17 2
4 3 3 6 1 10 10 2
0 2 2 0 0 1 0 2
0 7 5 2 4 7 2 4
4 8 7 3 10 6 6 5
16 18 3 4 16 11 8 12
2 2 0 0 1 3 2 1
10 13 4 19 6 15 8 13
22 19 5 14 0 7 17 5
0 4 4 3 2 1 4 1
6 5 9 18 4 10 7 10
0 1 0 1 1 2 0 0
28 7 27 5 18 3 3 6
0 0 6 13 14 8 12 12
1 4 0 4 4 1 4 0
22 32 12 17 24 28 2 23
11 10 13 6 9 16 9 13
20 34 0 1 30 0 10 28
0 7 13 18 28 13 20 18
1 15 20 21 18 21 7 5
1 4 1 6 6 1 2 6
5 7 11 3 11 12 11 7
6 2 6 0 5 4 1 2
4 0 4 4 3 0 1 0
20 8 16 26 1 9 5 13
6 1 6 3 14 14 10 1
5 15 4 16 7 9 4 14
22 3 24 8 17 28 23 6
0 17 13 11 14 1 13 11
11 11 2 6 11 3 11 4
7 12 22 8 16 12 15 15
11 5 22 27 20 25 30 10
15 1 11 5 13 8 9 3
16 3 18 13 2 11 7 9
6 8 17 16 3 0 15 12
1 6 0 7 8 4 8 6
0 0 1 1 0 1 1 2
4 16 16 4 14 2 18 9
1 6 1 1 8 7 5 7
4 5 25 14 11 17 20 6
25 19 6 20 6 22 9 1
18 10 11 5 17 15 7 19
4 14 20 17 21 8 12 16
0 16 13 4 5 3 6 6
23 14 0 31 13 11 31 19
4 0 0 3 8 14 3 13
5 9 30 27 3 11 2 7
15 11 3 16 11 16 15 7
17 2 15 2 4 15 10 15
4 20 13 6 7 4 10 18
0 18 15 0 9 9 18 8
3 1 5 10 9 10 8 1
16 9 13 10 22 8 23 2
26 2 19 25 4 24 27 6
3 1 4 7 1 5 5 2
2 0 0 0 0 2 2 2
4 19 26 10 18 1 22 11
4 1 3 0 2 1 4 2
13 6 23 32 15 14 13 29
1 10 8 8 1 0 4 7
2 11 20 5 13 5 16 21
14 21 22 15 14 3 9 13
8 18 13 11 18 9 7 6
15 0 18 5 17 8 16 1
14 13 9 0 16 25 10 14
0 4 3 1 11 5 3 1
5 3 5 4 2 3 5 4
3 3 3 2 0 0 1 4
8 7 7 0 5 0 7 5
20 1 11 18 12 10 6 3
8 4 23 18 1 23 16 5
0 6 6 7 3 10 10 9
17 1 10 22 21 30 31 19
8 0 0 8 5 5 6 4
0 7 3 1 1 2 3 1
13 9 30 5 14 11 27 20
5 6 30 8 7 1 24 19
3 16 14 2 0 15 3 5
6 8 12 12 9 11 2 11
2 5 18 3 19 18 21 7
0 0 4 0 3 3 0 3
12 8 7 7 12 7 11 0
2 11 10 14 16 20 1 13
21 15 16 20 16 18 24 18
11 1 3 0 12 7 1 2
4 2 2 17 3 16 6 3
2 1 6 3 7 7 1 6
7 10 6 13 16 4 13 15
0 1 0 1 2 1 2 2
3 3 1 0 1 3 1 4
0 8 5 9 7 7 0 0
8 5 8 3 7 0 4 6
3 7 4 9 10 4 3 5
3 11 17 3 2 19 20 1
4 1 7 10 10 3 9 6
6 5 1 10 7 3 11 10
1 0 0 0 0 0 0 1
7 5 3 24 29 0 30 10
24 19 25 17 3 10 7 22
3 1 4 8 8 8 3 0
6 6 0 8 0 6 1 3
7 11 11 9 13 2 11 3
12 12 13 5 6 5 12 4
23 26 13 14 11 7 26 1
12 4 17 8 11 21 9 9
