1 2 12
1 3 97
1 4 53
1 5 3
2 6 87
2 7 83
3 8 79
3 9 39
3 10 9
4 11 90
4 12 54
5 13 63
5 14 24
6 15 18
7 16 6
8 17 97
9 18 50
10 19 78
11 20 77
12 21 10
12 22 60
13 23 36
14 24 59
14 25 24
15 26 9
16 27 87
17 28 67
18 29 66
19 30 24
20 31 62
20 32 96
21 33 35
22 34 47
22 35 50
23 36 81
24 37 67
25 38 68
26 39 6
27 40 33
28 41 38
29 41 80
30 41 3
31 42 71
32 43 22
33 44 39
34 45 9
35 45 74
36 46 72
37 47 93
38 48 15
39 49 80
40 50 49
41 51 17
42 52 86
43 53 64
44 54 10
45 55 67
46 56 55
47 57 98
48 57 38
49 58 4
50 59 29
50 60 82
51 61 63
52 62 97
53 63 53
54 64 34
55 65 4
56 66 86
57 67 21
57 68 38
58 69 23
59 70 93
60 71 48
61 72 27
62 72 8
63 73 46
64 74 67
65 75 63
66 76 30
67 77 54
68 78 96
69 79 91
70 80 93
70 81 14
71 82 81
71 83 5
71 84 3
72 85 3
72 86 70
73 87 77
74 88 56
75 89 6
76 90 54
77 91 20
77 92 9
78 93 55
79 94 44
80 94 92
81 95 29
82 96 2
83 97 76
84 98 7
85 99 46
86 100 13
87 101 48
88 101 7
89 102 20
90 102 40
91 103 67
92 103 44
93 104 1
94 105 69
95 106 17
95 107 92
96 108 30
96 109 86
97 110 1
97 111 36
98 112 17
98 113 2
98 114 4
99 115 24
100 116 45
100 117 65
101 118 56
101 119 29
102 120 61
103 121 27
103 122 91
104 123 84
105 124 70
106 124 89
107 124 73
108 125 79
109 126 29
110 126 51
111 126 57
112 127 11
113 128 83
114 128 59
115 129 13
116 129 54
117 130 48
118 131 75
119 132 77
120 133 76
121 134 64
122 134 92
123 134 30
124 135 53
125 136 26
126 137 40
126 138 8
127 139 32
128 140 85
129 141 55
129 142 60
129 143 30
130 144 92
131 145 35
131 146 41
132 147 7
133 148 68
134 149 34
135 150 60
136 151 37
137 152 44
138 153 85
139 153 91
140 153 81
141 154 40
142 155 93
143 155 3
144 156 88
145 156 53
146 157 31
147 158 5
148 159 81
149 160 64
150 161 82
151 162 25
152 163 49
153 164 59
154 165 18
155 166 4
156 167 39
157 168 76
158 169 8
159 170 39
160 171 24
161 172 86
162 173 96
162 174 89
163 175 11
164 176 22
165 177 59
166 178 94
167 179 29
168 180 58
169 181 97
170 182 6
170 183 56
171 184 80
172 185 38
173 186 11
174 187 39
175 188 68
176 189 33
177 190 30
178 191 69
179 192 36
180 193 15
181 194 31
182 195 76
183 196 66
184 197 23
185 198 34
186 199 13
186 200 48
187 201 65
188 202 2
188 203 57
188 204 15
188 205 46
189 206 82
190 207 11
191 208 96
192 209 45
192 210 24
192 211 20
193 212 48
193 213 98
193 214 6
194 215 55
195 216 14
196 217 82
196 218 21
197 219 46
198 220 10
199 220 72
200 221 51
201 222 81
202 222 17
203 223 84
204 224 67
205 224 31
206 225 3
207 225 87
208 225 90
209 226 60
210 227 39
211 227 42
212 227 70
213 228 1
214 228 36
215 228 30
216 229 71
217 229 90
218 229 30
219 229 17
220 230 64
221 231 86
222 232 83
223 233 70
224 234 10
225 235 24
226 236 42
227 237 97
228 238 95
229 239 38
230 240 18
231 241 10
232 242 14
233 243 89
234 244 41
235 245 16
236 246 37
237 247 64
238 248 34
238 249 4
239 250 92
240 251 7
241 252 42
242 253 5
242 254 21
243 255 14
244 256 39
245 257 40
245 258 31
245 259 45
246 260 13
246 261 23
247 262 55
248 263 5
249 264 6
249 265 96
249 266 50
250 267 34
251 268 86
252 268 75
253 269 78
254 269 87
255 270 70
256 270 31
257 271 26
258 272 9
259 272 21
260 272 58
261 273 36
262 274 80
263 275 36
264 276 34
265 276 66
266 276 84
267 277 31
268 278 74
269 279 37
270 280 37
270 281 57
271 282 32
272 283 97
273 284 45
274 285 31
275 286 21
276 287 69
277 288 95
278 289 17
279 290 93
280 291 60
281 292 85
282 293 84
283 294 56
284 295 55
285 296 25
286 297 89
287 298 26
288 299 76
289 300 14
290 301 98
291 302 49
292 303 96
293 304 57
294 305 89
294 306 20
295 307 96
296 308 39
297 309 63
298 310 72
299 311 9
300 312 47
301 312 74
302 313 51
303 314 14
304 315 80
305 316 51
306 317 16
307 318 24
308 318 2
309 319 50
310 320 34
311 321 40
312 322 15
312 323 42
312 324 86
312 325 1
313 326 73
314 327 31
315 328 69
316 329 42
316 330 65
317 331 88
317 332 83
318 333 28
319 334 43
320 335 59
321 336 55
321 337 99
322 338 10
323 339 5
324 339 46
325 340 52
326 340 20
327 340 98
328 341 76
329 341 41
330 341 67
331 342 5
332 342 18
333 342 43
334 342 27
335 342 11
336 343 98
337 344 39
338 345 51
338 346 77
339 347 46
339 348 93
339 349 71
340 350 48
340 351 88
340 352 3
341 353 38
341 354 2
342 355 61
342 356 91
342 357 62
343 358 87
344 359 16
344 360 41
344 361 22
345 362 75
346 362 48
347 362 37
348 362 9
349 362 28
350 363 23
351 363 84
352 364 89
353 364 69
354 364 63
355 365 4
356 365 63
357 366 91
358 367 35
359 367 93
360 368 19
361 369 63
362 370 34
363 371 65
363 372 44
364 373 58
365 374 11
366 375 96
367 376 76
368 377 64
369 378 3
370 379 35
371 380 97
372 381 45
373 382 61
374 383 27
375 384 96
376 385 23
377 386 87
378 387 75
379 388 72
380 389 94
380 390 36
381 391 94
381 392 53
382 393 6
383 394 14
384 395 66
385 396 47
386 397 5
386 398 92
387 399 41
388 400 53
389 400 63
390 400 90
391 400 12
392 400 67
393 400 20
394 400 4
395 400 70
396 400 50
397 400 69
398 400 92
399 400 23
