1 2 21
1 3 1
1 4 55
1 5 20
1 6 48
2 7 47
2 8 27
2 9 40
2 10 36
2 11 53
3 12 52
3 13 42
3 14 59
3 15 56
3 16 4
4 17 39
4 18 3
5 19 55
5 20 20
5 21 19
5 22 45
6 23 20
6 24 15
6 25 37
6 26 34
7 27 10
8 28 31
9 29 10
10 30 4
11 31 1
12 32 56
13 32 56
14 33 28
15 34 5
16 35 25
17 35 44
18 35 29
19 36 52
20 37 9
21 38 12
22 39 27
23 40 8
24 41 59
25 42 5
26 43 51
27 44 23
28 45 11
29 46 45
30 46 42
31 47 41
32 48 53
33 49 1
34 50 24
35 51 49
36 52 24
37 53 2
38 54 4
39 54 49
40 55 53
41 56 37
42 57 46
43 58 21
44 59 32
45 60 31
46 60 50
47 61 26
48 61 57
49 61 45
50 62 34
51 63 41
52 63 22
53 64 9
54 65 51
55 66 19
56 67 23
57 68 19
58 69 53
59 70 31
60 71 21
60 72 44
61 73 51
61 74 54
62 75 50
62 76 1
63 77 12
64 78 24
65 79 47
66 80 39
67 81 55
68 82 15
69 83 56
70 84 49
70 85 28
70 86 3
70 87 27
70 88 58
71 89 47
72 90 19
73 91 55
74 92 13
75 93 15
76 94 54
76 95 17
77 96 19
77 97 48
78 98 51
79 99 42
79 100 29
79 101 45
79 102 6
80 103 37
80 104 48
81 105 50
82 106 11
82 107 32
83 108 36
84 109 20
85 109 40
86 110 4
87 110 50
88 110 56
89 110 13
90 111 4
91 112 14
92 112 14
93 112 51
94 113 38
95 114 2
96 114 37
97 115 20
98 115 17
99 116 10
100 116 36
101 116 12
102 116 22
103 117 42
104 118 37
105 119 30
106 119 5
107 119 29
108 119 5
109 120 47
110 121 28
111 122 43
112 123 36
113 124 17
114 125 32
115 126 27
116 127 3
117 128 12
118 129 54
119 130 50
119 131 16
120 132 27
120 133 34
121 134 56
122 135 48
123 136 27
123 137 7
124 138 1
124 139 17
125 140 38
125 141 13
126 142 21
126 143 2
127 144 7
128 145 48
128 146 48
129 147 57
130 148 37
131 149 33
132 150 28
133 151 56
134 152 54
135 153 42
136 154 22
137 155 9
137 156 7
137 157 18
138 158 29
139 159 57
140 160 34
141 161 32
142 162 39
143 163 47
144 164 20
145 165 51
145 166 17
146 167 25
147 168 45
148 169 20
149 170 38
150 171 27
151 171 45
152 172 14
153 173 15
154 173 27
155 174 13
156 174 8
157 175 48
158 176 23
159 177 18
160 177 13
161 178 24
162 179 25
163 180 8
164 180 21
165 181 39
166 181 27
167 182 48
168 182 28
169 183 11
170 184 51
171 185 37
172 186 35
173 187 18
174 188 59
175 189 4
176 190 54
177 191 41
178 192 54
179 193 22
180 194 15
181 195 35
182 196 5
183 197 6
184 198 12
184 199 10
185 200 57
186 200 52
187 200 6
188 200 54
189 200 11
190 200 46
191 200 14
192 200 20
193 200 8
194 200 6
195 200 22
196 200 37
197 200 46
198 200 28
199 200 55
