1 2 51
1 3 51
1 4 54
2 5 42
2 6 48
2 7 37
3 8 32
3 9 56
4 10 48
5 11 55
6 12 22
7 12 56
8 12 19
9 13 59
10 14 28
11 15 34
11 16 58
11 17 36
12 18 24
12 19 44
13 20 3
13 21 6
14 22 27
14 23 15
14 24 27
14 25 10
15 26 58
16 27 25
17 27 21
18 28 24
19 28 2
20 29 35
21 29 19
22 29 56
23 29 29
24 30 3
25 30 38
26 31 43
27 32 19
28 33 25
29 34 56
30 35 33
31 36 51
31 37 19
32 38 18
32 39 8
33 40 20
33 41 29
34 42 33
35 43 44
35 44 7
35 45 50
36 46 10
37 46 8
38 47 27
39 48 36
40 49 27
41 49 1
42 49 16
43 50 54
44 50 21
45 51 20
46 52 37
47 53 23
47 54 20
48 55 59
49 56 43
50 57 4
51 58 27
52 59 57
52 60 15
53 61 24
54 62 30
54 63 23
55 64 29
56 65 7
57 66 9
57 67 28
58 68 50
58 69 45
59 70 58
60 71 40
61 72 3
62 73 55
63 74 52
64 75 23
65 75 37
66 76 51
67 76 25
68 77 3
69 78 47
70 79 21
70 80 24
70 81 6
70 82 56
71 83 11
71 84 29
72 85 12
72 86 53
72 87 47
72 88 13
73 89 49
73 90 31
73 91 12
74 92 49
74 93 55
74 94 17
74 95 37
75 96 39
76 97 32
76 98 45
76 99 59
76 100 55
77 101 9
77 102 1
77 103 33
78 104 52
79 105 28
80 105 3
81 105 10
82 105 42
83 105 32
84 106 56
85 106 25
86 106 19
87 106 32
88 107 29
89 107 57
90 107 25
91 107 28
92 108 47
93 108 44
94 108 33
95 108 36
96 108 4
97 108 16
98 109 48
99 109 20
100 109 41
101 109 57
102 109 20
103 110 3
104 110 19
105 111 12
106 112 51
107 113 26
108 113 41
109 114 36
110 115 39
111 116 24
112 117 47
113 118 29
113 119 6
113 120 52
114 121 58
114 122 22
114 123 37
115 124 29
115 125 41
115 126 49
116 127 4
117 128 47
118 129 26
119 130 52
120 131 11
121 132 28
122 133 58
123 134 51
124 135 36
125 136 46
126 137 25
126 138 14
127 139 22
128 139 59
129 139 10
130 140 48
131 140 19
132 141 4
133 141 43
134 141 17
135 142 22
136 142 46
137 142 40
138 142 57
139 143 20
139 144 4
140 145 15
141 146 37
141 147 17
142 148 57
142 149 11
143 150 45
144 151 45
144 152 16
145 153 11
146 154 19
146 155 57
147 156 8
148 157 42
149 158 3
150 159 4
151 160 5
152 161 51
153 162 36
154 163 26
155 164 30
156 165 35
157 166 31
158 167 30
159 168 33
160 169 42
161 170 33
162 170 4
163 171 50
164 172 18
165 173 10
166 174 35
167 175 34
168 176 18
169 177 23
170 178 7
171 179 49
172 180 59
173 181 12
174 182 54
175 183 3
176 184 17
177 184 36
178 185 10
179 185 8
180 185 5
181 186 48
182 187 19
183 187 2
184 188 51
184 189 1
185 190 16
185 191 11
186 192 57
186 193 17
186 194 1
187 195 6
188 196 38
189 196 15
190 196 6
191 197 42
192 197 35
193 198 57
194 198 42
195 199 17
196 200 50
197 200 33
198 200 34
199 200 4
