1 2 97
1 3 74
1 4 93
2 5 59
2 6 62
2 7 68
2 8 36
3 9 58
3 10 68
4 11 54
4 12 33
4 13 26
4 14 59
4 15 89
5 16 30
6 17 64
7 18 38
8 19 57
9 19 44
10 20 62
11 20 56
12 21 1
13 22 80
14 23 12
15 24 61
16 25 85
17 26 20
18 27 79
19 28 96
20 29 26
21 30 22
22 30 93
23 31 15
24 32 66
25 33 93
26 34 13
26 35 6
27 36 15
27 37 84
28 38 55
28 39 6
29 40 68
30 41 10
31 42 97
31 43 69
32 44 66
33 45 88
34 46 67
34 47 76
35 48 16
36 49 47
36 50 70
37 51 91
38 52 52
38 53 56
38 54 81
39 55 45
39 56 39
40 57 33
41 58 17
41 59 8
42 60 63
42 61 42
43 62 48
44 63 38
45 64 87
46 65 58
47 66 58
48 67 50
49 67 6
50 68 9
51 69 84
52 70 17
53 70 20
54 70 15
55 71 93
56 71 96
57 72 68
58 73 58
59 74 70
60 75 45
61 75 35
62 76 90
63 77 68
64 78 39
65 79 84
66 80 32
67 80 5
68 81 4
69 82 20
70 83 14
71 84 26
72 84 33
73 85 63
74 86 96
75 86 12
76 87 21
77 87 27
78 88 70
79 89 6
79 90 99
80 91 6
81 92 35
81 93 20
82 94 97
83 95 78
84 96 29
85 97 32
86 98 20
87 99 75
88 100 80
89 101 82
90 101 55
91 102 1
92 102 75
93 103 84
94 103 43
95 103 78
96 104 25
97 104 15
98 105 2
99 105 87
100 106 6
100 107 2
101 108 84
101 109 95
101 110 36
102 111 24
103 112 26
104 113 1
104 114 57
104 115 2
105 116 62
105 117 49
106 118 37
107 119 97
108 120 22
109 121 55
110 122 83
111 123 45
112 124 50
113 124 68
114 125 19
115 126 36
116 127 27
117 128 46
118 129 85
119 130 1
120 131 10
121 132 9
121 133 17
122 134 1
123 135 16
124 136 35
124 137 75
124 138 83
125 139 24
125 140 63
125 141 64
126 142 85
126 143 30
127 144 63
128 145 1
129 146 59
130 147 86
131 148 30
132 149 85
132 150 22
133 151 90
133 152 10
134 153 77
134 154 64
135 155 25
135 156 63
135 157 62
136 158 36
137 159 42
138 160 67
139 161 38
140 162 21
141 163 33
142 164 57
143 165 70
144 166 34
145 167 96
146 168 29
147 168 6
148 168 47
149 169 68
150 169 14
151 169 77
152 169 20
153 170 73
154 170 4
155 171 88
156 171 85
157 171 82
158 172 39
159 172 2
160 172 81
161 172 97
162 173 65
163 173 88
164 174 79
165 175 36
166 175 4
167 176 72
168 177 68
169 178 78
170 179 22
171 180 30
172 181 39
173 182 3
173 183 35
174 184 66
174 185 8
175 186 54
175 187 14
176 188 89
177 189 11
177 190 98
178 191 8
179 192 92
179 193 84
180 194 43
181 195 38
182 196 32
183 197 4
184 198 80
185 199 61
186 200 1
187 201 68
188 202 55
189 203 24
190 204 67
191 205 46
192 206 19
192 207 98
193 208 71
194 209 76
195 210 54
196 211 74
197 212 25
198 213 17
199 214 56
199 215 7
200 216 46
201 217 23
201 218 75
202 219 30
203 220 94
204 221 41
205 221 19
206 222 46
207 222 82
208 223 57
209 224 92
210 224 46
211 224 51
212 224 32
213 225 60
214 225 49
215 226 17
216 227 8
217 227 15
218 228 35
219 228 96
220 229 80
221 230 46
222 231 99
223 232 65
224 233 10
225 234 82
226 235 49
227 236 44
228 237 77
229 238 47
230 239 42
231 240 35
232 241 13
233 242 69
234 243 14
235 244 19
236 245 19
237 246 55
238 247 37
239 248 61
240 249 30
241 250 93
241 251 37
242 252 14
243 253 9
244 254 12
244 255 80
245 256 33
246 257 51
247 258 90
248 259 8
249 259 88
250 259 74
251 260 78
252 260 39
253 261 35
254 261 27
255 262 72
256 262 82
257 262 11
258 263 8
258 264 49
259 265 50
260 266 20
261 267 28
261 268 89
261 269 69
261 270 21
262 271 39
263 272 60
264 273 72
264 274 1
265 275 9
266 276 93
267 277 55
268 278 8
268 279 9
268 280 14
269 281 78
269 282 25
270 283 2
271 284 94
272 285 69
273 286 31
274 287 30
275 288 21
276 289 18
277 290 79
278 291 51
279 292 51
279 293 61
280 294 70
281 295 30
282 296 70
283 297 81
284 298 81
284 299 47
285 300 4
286 300 64
287 300 79
288 300 42
289 300 87
290 300 31
291 300 64
292 300 68
293 300 31
294 300 91
295 300 80
296 300 52
297 300 58
298 300 75
299 300 69
