1 2 1
1 3 1
2 4 3
2 5 1
2 6 1
3 7 1
3 8 3
3 9 3
4 10 3
4 11 3
4 12 2
4 13 1
5 14 2
5 15 1
6 16 2
6 17 3
6 18 2
6 19 1
7 20 2
7 21 3
7 22 2
7 23 1
8 24 1
8 25 1
9 26 1
9 27 1
10 28 3
11 29 3
12 30 1
13 31 2
14 32 3
15 33 1
16 34 3
17 35 1
18 36 3
19 37 2
20 37 1
21 38 1
22 39 3
23 40 1
24 40 3
25 41 2
26 42 2
27 42 3
28 43 1
29 44 1
30 45 1
31 46 2
32 47 1
33 48 2
34 49 2
35 49 3
36 50 3
37 51 1
38 52 2
39 53 3
40 54 2
41 54 2
42 55 3
43 56 1
44 57 1
45 58 2
46 59 1
47 60 2
48 61 3
49 62 2
50 63 2
51 64 2
52 65 3
53 66 3
54 67 1
55 68 2
56 69 2
57 70 3
58 71 3
58 72 1
59 73 3
59 74 2
60 75 1
61 76 1
62 77 2
63 78 1
64 79 2
65 80 3
66 81 3
67 82 1
68 83 3
69 84 2
70 84 3
71 85 3
72 86 1
73 87 2
74 88 2
75 89 3
76 90 3
77 90 1
78 91 3
79 92 3
80 92 2
81 93 1
82 94 2
83 95 1
84 96 1
85 97 2
85 98 1
86 99 3
87 100 1
88 101 3
89 102 3
90 103 3
90 104 1
91 105 1
92 106 3
93 107 2
93 108 2
94 109 1
94 110 1
94 111 1
95 112 2
95 113 2
96 114 2
97 115 1
98 115 2
99 115 1
100 116 3
101 116 2
102 117 2
103 117 3
104 118 2
105 119 3
106 120 2
107 121 3
108 122 1
109 123 1
110 124 2
111 125 3
112 126 3
113 127 3
114 128 3
115 129 2
116 130 1
117 131 3
118 131 2
119 132 3
120 133 3
121 133 2
122 134 3
123 134 1
124 135 3
125 136 2
126 137 1
127 138 1
128 139 3
129 140 2
130 141 2
131 142 2
132 143 1
133 144 2
133 145 1
134 146 3
134 147 2
135 148 3
135 149 3
136 150 3
137 151 2
137 152 2
137 153 3
137 154 3
138 155 2
138 156 3
139 157 3
140 158 1
141 159 1
142 160 3
143 161 3
144 162 2
145 163 1
146 164 2
147 165 2
148 166 1
149 167 2
150 168 2
151 169 2
151 170 2
152 171 2
153 172 3
154 173 3
154 174 1
155 175 3
156 176 1
157 177 1
158 178 1
159 179 1
160 180 1
161 181 2
162 182 3
163 183 3
164 183 1
165 184 3
166 184 2
167 185 2
168 186 2
169 186 3
170 186 2
171 187 2
172 188 1
173 188 1
174 189 3
175 190 2
176 191 2
177 192 2
178 192 3
179 193 2
180 194 1
181 195 1
182 195 3
183 196 1
184 196 1
185 196 2
186 197 2
187 198 3
188 199 2
189 199 3
190 199 1
191 200 1
192 201 3
193 202 3
194 203 1
195 204 1
196 205 1
197 206 2
198 207 2
199 208 2
199 209 1
200 210 3
201 211 1
201 212 3
202 213 3
203 214 3
204 215 2
205 216 3
206 217 3
207 218 2
208 219 1
209 220 1
209 221 2
209 222 3
210 223 2
211 224 1
212 225 3
213 226 2
214 227 2
215 228 2
216 229 1
217 230 1
218 231 3
219 232 3
220 233 2
221 234 3
222 235 2
223 236 3
224 237 1
225 238 3
226 239 3
227 240 2
228 241 2
229 242 2
229 243 2
230 244 1
231 245 3
232 246 2
233 247 3
233 248 3
234 249 2
234 250 3
234 251 3
235 252 1
236 253 2
236 254 3
237 255 1
238 256 3
239 257 2
240 257 1
241 258 3
242 258 3
243 259 3
244 260 1
245 260 3
246 261 1
247 261 1
248 262 3
249 262 2
250 263 1
251 263 3
252 263 3
253 264 1
254 264 3
255 265 2
255 266 2
256 267 2
257 268 1
258 269 2
258 270 1
259 271 2
260 272 1
261 273 3
262 274 3
263 275 1
264 276 3
265 277 2
265 278 1
266 279 3
267 280 1
268 281 3
269 282 2
269 283 3
269 284 2
270 285 1
271 286 2
271 287 3
272 288 2
273 289 3
274 290 2
275 291 3
276 292 1
277 293 2
278 294 3
279 295 2
280 296 3
281 297 1
282 298 3
283 299 3
284 300 2
285 301 3
286 302 2
287 303 3
288 304 3
289 305 2
290 306 3
291 307 3
292 308 3
293 309 3
294 310 2
295 311 1
296 312 3
297 313 3
298 313 2
299 314 2
300 315 2
301 315 1
302 316 2
303 316 3
304 317 3
305 318 1
306 318 1
307 319 3
308 319 2
309 320 1
310 321 1
311 322 2
312 322 1
313 323 3
314 324 2
315 324 1
316 325 1
317 326 1
318 326 1
319 326 1
320 327 3
320 328 1
320 329 3
320 330 1
320 331 1
321 332 3
321 333 2
321 334 3
321 335 2
321 336 3
322 337 3
322 338 2
322 339 3
322 340 1
323 341 1
323 342 3
323 343 1
323 344 2
324 345 2
324 346 3
324 347 3
324 348 3
325 349 2
325 350 1
325 351 1
325 352 1
325 353 3
326 354 3
326 355 3
326 356 1
326 357 1
327 358 3
328 358 2
329 358 3
330 359 2
331 360 2
332 360 1
333 360 1
334 361 3
335 361 1
336 361 2
337 362 3
338 362 2
339 362 3
340 362 1
341 363 3
342 364 1
343 364 3
344 364 3
345 364 1
346 365 3
347 365 1
348 365 2
349 366 2
350 366 2
351 366 2
352 367 2
353 367 1
354 367 3
355 367 2
356 367 2
357 368 3
358 369 3
359 370 3
359 371 1
360 372 1
360 373 3
361 374 1
362 375 1
362 376 1
363 377 3
364 378 2
365 379 2
366 380 1
367 381 1
368 382 2
369 383 3
370 384 2
371 385 2
372 386 3
373 387 2
374 388 3
375 388 3
376 389 2
377 390 3
378 391 2
379 392 2
380 393 3
381 394 2
382 395 1
383 396 1
384 397 1
385 398 1
385 399 3
386 400 3
387 401 1
388 402 1
388 403 2
389 404 3
389 405 1
390 406 3
391 407 2
392 408 2
392 409 1
393 410 1
394 411 1
395 412 3
396 413 2
397 414 3
398 414 2
399 415 1
400 416 3
401 416 1
402 416 3
403 417 1
404 417 2
405 418 3
406 418 1
407 419 3
408 420 3
409 420 3
410 421 3
411 422 2
412 422 1
413 423 3
414 424 1
414 425 2
415 426 3
415 427 1
416 428 2
416 429 1
416 430 2
417 431 3
417 432 3
418 433 1
419 434 2
419 435 1
420 436 1
421 437 1
422 438 1
423 439 2
424 440 1
425 441 2
426 442 2
427 443 3
428 444 3
429 445 2
430 446 3
431 447 1
432 448 2
433 448 2
434 449 1
435 450 2
436 451 3
437 452 3
438 453 3
439 454 2
440 455 1
441 456 2
441 457 3
441 458 2
442 459 3
442 460 2
443 461 1
444 462 1
444 463 2
444 464 2
444 465 3
445 466 3
446 467 2
447 468 3
447 469 3
448 470 2
448 471 1
449 472 3
450 473 3
450 474 1
451 475 3
451 476 3
452 477 3
453 478 3
454 479 2
455 479 3
456 479 2
457 479 2
458 480 2
459 480 1
460 480 3
461 480 1
462 481 1
463 481 3
464 482 2
465 482 3
466 482 3
467 482 1
468 482 2
469 482 2
470 483 3
471 483 2
472 483 1
473 483 3
474 483 2
475 483 1
476 484 2
477 484 1
478 484 2
479 485 3
480 486 2
480 487 1
481 488 1
482 489 3
482 490 1
482 491 3
483 492 3
484 493 2
485 494 2
486 495 3
486 496 3
487 497 2
488 498 1
488 499 1
488 500 3
489 501 2
490 502 1
490 503 2
491 504 2
491 505 3
492 506 2
492 507 2
493 508 2
493 509 1
494 510 3
495 511 3
496 512 1
497 513 2
498 514 3
499 515 1
500 516 2
501 517 3
502 518 2
503 519 2
504 520 2
505 521 3
506 522 1
507 523 1
508 524 3
509 525 3
510 526 2
511 527 1
512 528 3
513 529 1
514 530 3
515 531 3
516 532 1
517 533 2
518 534 3
519 535 3
520 536 3
521 537 3
522 538 2
523 539 3
524 540 3
525 541 1
526 542 2
527 543 3
528 544 2
529 545 2
530 545 2
531 546 3
532 547 1
533 548 1
534 549 3
535 550 1
536 551 2
537 552 1
538 552 2
539 553 3
540 554 1
541 555 3
542 556 2
543 557 3
544 558 1
545 559 3
546 560 3
547 561 3
548 562 2
549 563 1
549 564 2
550 565 2
550 566 1
551 567 3
552 568 1
553 569 2
554 570 3
555 571 3
555 572 2
556 573 3
557 574 1
558 575 3
559 576 3
560 577 2
561 578 1
562 579 3
563 580 1
563 581 2
564 582 2
565 583 3
565 584 2
566 585 2
566 586 3
567 587 2
568 588 3
569 589 1
570 590 1
571 591 3
572 592 1
573 593 2
574 594 2
575 595 1
576 596 2
577 597 1
578 598 1
579 599 2
580 600 2
581 601 2
582 602 1
583 602 1
584 603 1
585 604 1
586 605 3
587 605 1
588 606 3
589 607 3
590 607 3
591 608 1
592 609 3
593 610 2
594 611 3
595 611 3
596 612 2
597 613 1
598 613 2
599 613 2
600 614 3
601 615 2
602 615 3
603 615 3
604 615 2
605 616 2
606 616 1
607 617 1
608 617 2
609 617 2
610 618 1
611 619 3
611 620 3
612 621 1
612 622 3
613 623 1
614 624 2
614 625 1
615 626 1
616 627 2
617 628 3
618 629 2
619 630 3
620 631 2
620 632 1
621 633 1
622 634 1
623 635 1
624 636 2
625 637 1
626 638 2
627 639 2
628 640 1
628 641 2
629 642 2
630 643 3
631 644 2
632 645 2
633 646 1
634 647 3
635 648 1
636 649 2
636 650 2
636 651 2
637 652 3
638 653 1
639 654 3
639 655 2
639 656 1
640 657 3
641 658 2
642 659 1
643 660 2
644 661 1
645 662 2
646 663 2
647 664 3
648 665 3
649 666 1
650 667 1
650 668 3
651 669 2
652 670 3
653 671 1
654 672 2
655 673 3
656 674 1
657 675 1
658 676 2
659 677 2
660 677 2
661 677 3
662 678 3
663 679 3
664 680 1
665 681 3
666 682 1
667 682 1
668 683 1
669 684 2
670 685 1
671 685 1
672 686 2
673 687 2
674 687 3
675 687 3
676 688 2
677 689 3
678 690 3
679 691 2
680 692 3
681 693 1
682 694 2
683 695 2
684 695 3
685 696 2
686 697 1
687 698 2
688 699 1
689 700 3
690 700 2
691 700 3
692 700 2
693 700 2
694 700 2
695 700 1
696 700 1
697 700 3
698 700 1
699 700 1
