1 2 1
1 3 1
1 4 1
2 5 1
2 6 1
2 7 1
2 8 1
2 9 1
3 10 1
3 11 1
3 12 1
4 13 1
4 14 1
4 15 1
4 16 1
4 17 1
5 18 1
6 19 1
7 20 1
8 21 1
9 22 1
10 23 1
11 23 1
12 24 1
13 24 1
14 25 1
15 26 1
16 27 1
17 28 1
18 29 1
18 30 1
18 31 1
19 32 1
20 33 1
21 34 1
22 35 1
23 36 1
23 37 1
23 38 1
24 39 1
25 40 1
26 41 1
27 42 1
27 43 1
27 44 1
27 45 1
28 46 1
28 47 1
29 48 1
30 49 1
31 50 1
32 50 1
33 50 1
34 51 1
35 52 1
36 52 1
37 53 1
38 54 1
39 54 1
40 54 1
41 55 1
42 55 1
43 56 1
44 57 1
45 57 1
46 58 1
47 59 1
48 60 1
49 61 1
50 62 1
51 63 1
52 63 1
53 64 1
54 65 1
55 66 1
56 67 1
57 68 1
58 69 1
59 70 1
60 71 1
61 72 1
62 73 1
62 74 1
63 75 1
63 76 1
64 77 1
65 78 1
66 79 1
67 80 1
68 81 1
69 82 1
70 83 1
71 84 1
72 85 1
72 86 1
73 87 1
73 88 1
74 89 1
75 90 1
76 91 1
76 92 1
76 93 1
77 94 1
77 95 1
78 96 1
78 97 1
79 98 1
80 99 1
80 100 1
81 101 1
81 102 1
82 103 1
83 104 1
84 105 1
85 105 1
86 106 1
87 107 1
88 108 1
89 109 1
90 109 1
91 110 1
92 110 1
93 111 1
94 112 1
95 113 1
96 114 1
97 115 1
98 116 1
99 117 1
100 117 1
101 117 1
102 118 1
103 119 1
104 120 1
105 121 1
106 122 1
106 123 1
107 124 1
107 125 1
108 126 1
108 127 1
109 128 1
110 129 1
111 130 1
112 131 1
112 132 1
113 133 1
113 134 1
114 135 1
114 136 1
115 137 1
115 138 1
116 139 1
116 140 1
117 141 1
118 142 1
119 143 1
119 144 1
119 145 1
120 146 1
121 147 1
122 147 1
123 147 1
124 148 1
125 148 1
126 149 1
127 150 1
128 150 1
129 151 1
130 151 1
131 152 1
132 152 1
133 153 1
134 153 1
135 154 1
136 154 1
137 155 1
138 155 1
139 155 1
140 155 1
141 156 1
142 156 1
143 156 1
144 157 1
145 158 1
146 158 1
147 159 1
148 160 1
148 161 1
149 162 1
149 163 1
150 164 1
151 165 1
152 166 1
153 167 1
154 168 1
154 169 1
155 170 1
155 171 1
155 172 1
156 173 1
157 174 1
157 175 1
158 176 1
159 177 1
160 178 1
161 179 1
161 180 1
162 181 1
162 182 1
163 183 1
164 184 1
165 185 1
166 186 1
167 187 1
167 188 1
168 189 1
169 190 1
170 191 1
171 192 1
172 193 1
173 194 1
173 195 1
174 196 1
175 197 1
176 198 1
177 199 1
178 200 1
179 201 1
180 202 1
181 203 1
182 204 1
183 205 1
184 206 1
184 207 1
185 208 1
186 209 1
187 210 1
188 211 1
189 212 1
190 213 1
191 214 1
192 215 1
193 216 1
194 217 1
195 218 1
196 219 1
197 220 1
198 221 1
199 222 1
200 223 1
201 224 1
202 225 1
203 226 1
204 227 1
205 228 1
206 229 1
207 230 1
208 231 1
209 232 1
210 233 1
211 234 1
212 235 1
213 236 1
214 236 1
215 237 1
216 238 1
217 239 1
218 240 1
219 241 1
220 242 1
221 242 1
222 243 1
223 244 1
224 245 1
225 246 1
226 246 1
227 246 1
228 247 1
229 247 1
230 247 1
231 247 1
232 248 1
233 248 1
234 249 1
235 250 1
236 250 1
237 251 1
238 251 1
239 251 1
240 252 1
241 253 1
242 253 1
243 254 1
243 255 1
244 256 1
245 257 1
246 258 1
247 259 1
248 260 1
248 261 1
249 262 1
249 263 1
249 264 1
249 265 1
249 266 1
250 267 1
250 268 1
251 269 1
251 270 1
252 271 1
252 272 1
252 273 1
252 274 1
253 275 1
254 276 1
255 277 1
256 277 1
257 278 1
258 279 1
259 279 1
260 280 1
261 281 1
262 281 1
263 282 1
264 282 1
265 283 1
266 284 1
267 285 1
268 286 1
269 287 1
270 288 1
271 289 1
272 289 1
273 290 1
274 291 1
275 291 1
276 292 1
277 293 1
278 294 1
279 295 1
280 296 1
281 297 1
282 298 1
283 299 1
284 300 1
285 301 1
286 302 1
287 303 1
288 304 1
289 305 1
289 306 1
290 307 1
291 308 1
292 309 1
293 310 1
294 311 1
295 312 1
296 313 1
297 314 1
298 315 1
299 315 1
300 316 1
301 317 1
302 318 1
303 319 1
304 320 1
305 321 1
306 322 1
307 322 1
308 323 1
309 324 1
310 325 1
310 326 1
311 327 1
312 328 1
312 329 1
313 330 1
314 331 1
315 332 1
315 333 1
316 334 1
316 335 1
317 336 1
317 337 1
318 338 1
318 339 1
319 340 1
319 341 1
320 342 1
321 343 1
322 344 1
323 345 1
323 346 1
323 347 1
324 348 1
325 349 1
326 350 1
327 350 1
328 350 1
329 351 1
330 352 1
331 353 1
332 353 1
333 354 1
334 355 1
335 356 1
336 356 1
337 357 1
338 357 1
339 358 1
340 358 1
341 359 1
342 359 1
343 360 1
344 360 1
345 360 1
346 361 1
347 361 1
348 362 1
348 363 1
349 364 1
349 365 1
350 366 1
351 367 1
352 368 1
353 369 1
354 370 1
354 371 1
354 372 1
355 373 1
356 374 1
357 375 1
357 376 1
358 377 1
358 378 1
359 379 1
359 380 1
360 381 1
360 382 1
361 383 1
362 384 1
363 385 1
364 386 1
365 386 1
366 387 1
367 388 1
368 389 1
369 390 1
370 391 1
371 392 1
372 392 1
373 393 1
374 394 1
375 395 1
376 396 1
377 397 1
378 397 1
379 398 1
380 399 1
381 400 1
382 401 1
383 402 1
384 403 1
384 404 1
384 405 1
384 406 1
385 407 1
385 408 1
385 409 1
385 410 1
385 411 1
386 412 1
386 413 1
387 414 1
387 415 1
388 416 1
388 417 1
388 418 1
389 419 1
390 420 1
390 421 1
391 422 1
391 423 1
391 424 1
391 425 1
392 426 1
392 427 1
392 428 1
393 429 1
393 430 1
394 431 1
394 432 1
395 433 1
395 434 1
396 435 1
396 436 1
397 437 1
398 438 1
398 439 1
398 440 1
398 441 1
399 442 1
399 443 1
399 444 1
399 445 1
399 446 1
400 447 1
400 448 1
400 449 1
400 450 1
400 451 1
401 452 1
401 453 1
401 454 1
402 455 1
402 456 1
402 457 1
402 458 1
402 459 1
403 460 1
404 460 1
405 461 1
406 462 1
407 462 1
408 463 1
409 464 1
410 464 1
411 464 1
412 465 1
413 465 1
414 466 1
415 466 1
416 467 1
417 467 1
418 468 1
419 468 1
420 469 1
421 469 1
422 470 1
423 470 1
424 470 1
425 470 1
426 470 1
427 471 1
428 471 1
429 472 1
430 472 1
431 473 1
432 474 1
433 474 1
434 475 1
435 475 1
436 476 1
437 476 1
438 476 1
439 476 1
440 476 1
441 477 1
442 477 1
443 478 1
444 478 1
445 479 1
446 479 1
447 480 1
448 481 1
449 481 1
450 481 1
451 481 1
452 481 1
453 482 1
454 482 1
455 482 1
456 483 1
457 484 1
458 484 1
459 484 1
460 485 1
461 486 1
462 487 1
463 488 1
464 489 1
465 490 1
466 491 1
467 492 1
468 493 1
469 494 1
470 495 1
471 496 1
472 497 1
473 498 1
474 499 1
475 500 1
476 501 1
477 502 1
478 503 1
479 504 1
480 505 1
481 506 1
482 507 1
483 508 1
484 508 1
485 509 1
486 509 1
487 510 1
488 510 1
489 511 1
490 512 1
491 513 1
492 513 1
493 514 1
494 515 1
495 516 1
496 517 1
497 518 1
498 518 1
499 519 1
500 520 1
501 521 1
502 521 1
503 521 1
504 522 1
505 523 1
506 524 1
507 524 1
508 525 1
509 526 1
510 526 1
511 527 1
512 527 1
513 528 1
514 529 1
515 530 1
516 530 1
517 531 1
518 532 1
519 533 1
520 533 1
521 533 1
522 534 1
523 534 1
524 534 1
525 534 1
526 535 1
526 536 1
527 537 1
528 538 1
528 539 1
529 540 1
530 541 1
530 542 1
531 543 1
532 544 1
532 545 1
532 546 1
533 547 1
534 548 1
535 549 1
536 550 1
537 551 1
538 552 1
539 553 1
540 554 1
541 555 1
542 556 1
543 557 1
544 558 1
545 559 1
546 560 1
547 561 1
548 562 1
549 563 1
550 564 1
550 565 1
550 566 1
551 567 1
551 568 1
552 569 1
553 570 1
554 571 1
554 572 1
555 573 1
555 574 1
556 575 1
557 576 1
557 577 1
558 578 1
559 579 1
559 580 1
560 581 1
560 582 1
560 583 1
560 584 1
561 585 1
561 586 1
562 587 1
563 588 1
564 589 1
565 590 1
566 590 1
567 591 1
568 591 1
569 592 1
570 593 1
571 593 1
572 594 1
573 595 1
574 595 1
575 596 1
576 596 1
577 596 1
578 597 1
579 598 1
580 599 1
581 600 1
582 601 1
583 601 1
584 601 1
585 602 1
586 603 1
587 603 1
588 604 1
589 605 1
590 606 1
591 607 1
592 608 1
593 608 1
594 609 1
595 610 1
596 611 1
597 612 1
598 613 1
599 614 1
600 615 1
601 616 1
602 617 1
603 618 1
604 619 1
605 620 1
606 621 1
607 622 1
608 623 1
608 624 1
609 625 1
609 626 1
610 627 1
611 628 1
612 629 1
613 630 1
613 631 1
614 632 1
615 633 1
615 634 1
616 635 1
617 636 1
618 637 1
619 638 1
620 639 1
620 640 1
621 641 1
622 642 1
623 643 1
623 644 1
624 645 1
625 646 1
626 647 1
627 648 1
628 649 1
629 650 1
630 651 1
631 652 1
632 653 1
633 654 1
634 655 1
634 656 1
635 657 1
636 658 1
637 659 1
637 660 1
638 661 1
639 662 1
640 663 1
641 664 1
642 664 1
643 665 1
644 666 1
645 667 1
646 668 1
647 669 1
648 670 1
649 670 1
650 671 1
651 671 1
652 672 1
653 672 1
654 673 1
655 673 1
656 674 1
657 675 1
658 675 1
659 675 1
660 676 1
661 677 1
662 678 1
663 679 1
664 680 1
665 681 1
666 682 1
667 683 1
668 684 1
669 685 1
669 686 1
670 687 1
671 688 1
672 689 1
673 690 1
674 691 1
675 692 1
676 693 1
677 694 1
678 695 1
679 696 1
680 697 1
681 698 1
682 699 1
683 700 1
684 701 1
685 702 1
686 703 1
687 703 1
688 704 1
689 705 1
690 706 1
691 707 1
692 708 1
693 709 1
694 710 1
694 711 1
695 712 1
695 713 1
696 714 1
697 715 1
698 716 1
699 717 1
700 718 1
701 719 1
702 720 1
703 721 1
704 722 1
705 723 1
706 724 1
707 725 1
708 726 1
709 727 1
710 728 1
711 728 1
712 729 1
713 730 1
714 731 1
715 732 1
716 732 1
717 733 1
718 733 1
719 734 1
720 735 1
721 735 1
722 736 1
723 737 1
724 738 1
725 739 1
726 740 1
727 740 1
728 741 1
728 742 1
729 743 1
729 744 1
730 745 1
731 746 1
731 747 1
732 748 1
733 749 1
733 750 1
734 751 1
734 752 1
734 753 1
735 754 1
736 755 1
736 756 1
737 757 1
737 758 1
737 759 1
737 760 1
737 761 1
738 762 1
738 763 1
738 764 1
739 765 1
739 766 1
740 767 1
740 768 1
741 769 1
742 770 1
743 770 1
744 771 1
745 772 1
746 773 1
747 774 1
748 775 1
749 775 1
750 776 1
751 777 1
752 778 1
753 779 1
754 779 1
755 779 1
756 780 1
757 781 1
758 782 1
759 783 1
760 784 1
761 785 1
762 785 1
763 786 1
764 787 1
765 788 1
766 789 1
767 790 1
768 791 1
769 792 1
770 793 1
771 794 1
772 795 1
773 796 1
774 797 1
775 797 1
776 798 1
777 799 1
778 800 1
779 801 1
780 802 1
781 803 1
782 803 1
783 804 1
784 805 1
785 806 1
786 807 1
787 808 1
788 809 1
789 810 1
790 810 1
791 811 1
792 812 1
793 813 1
794 814 1
795 815 1
796 816 1
797 817 1
798 818 1
799 819 1
800 820 1
800 821 1
801 822 1
802 823 1
803 824 1
804 825 1
805 826 1
805 827 1
806 828 1
807 829 1
808 830 1
809 831 1
810 832 1
811 833 1
812 834 1
813 834 1
814 835 1
815 836 1
816 837 1
817 838 1
818 838 1
819 839 1
820 839 1
821 840 1
822 841 1
823 842 1
824 843 1
825 844 1
826 845 1
827 846 1
828 847 1
829 848 1
830 849 1
831 850 1
832 851 1
833 852 1
834 853 1
835 854 1
836 855 1
837 856 1
838 857 1
839 858 1
840 859 1
841 860 1
842 861 1
843 862 1
844 863 1
845 864 1
846 865 1
847 866 1
848 867 1
849 868 1
850 869 1
851 870 1
852 871 1
853 872 1
854 872 1
855 872 1
856 873 1
857 873 1
858 874 1
859 875 1
860 875 1
861 876 1
862 876 1
863 877 1
864 877 1
865 878 1
866 879 1
867 880 1
868 881 1
869 882 1
870 882 1
871 882 1
872 883 1
873 884 1
874 885 1
875 886 1
875 887 1
876 888 1
877 889 1
878 890 1
878 891 1
879 892 1
880 893 1
880 894 1
881 895 1
882 896 1
882 897 1
882 898 1
882 899 1
883 900 1
884 900 1
885 900 1
886 900 1
887 900 1
888 900 1
889 900 1
890 900 1
891 900 1
892 900 1
893 900 1
894 900 1
895 900 1
896 900 1
897 900 1
898 900 1
899 900 1
