1 2 4
1 3 1
1 4 5
1 5 5
2 6 4
2 7 2
3 8 3
3 9 5
3 10 5
4 11 1
4 12 3
5 13 3
5 14 3
5 15 1
6 16 3
7 17 4
8 18 5
8 19 3
9 20 2
9 21 2
10 22 1
10 23 1
11 24 1
12 25 2
13 26 5
13 27 2
14 28 2
15 29 4
15 30 4
16 31 4
17 31 4
18 32 2
19 32 5
20 33 2
21 33 5
22 33 1
23 34 4
24 34 3
25 34 1
26 34 1
27 35 2
28 35 1
29 36 3
30 36 5
31 37 5
32 38 2
33 39 4
33 40 2
34 41 5
34 42 3
35 43 4
35 44 3
36 45 4
37 46 4
38 47 4
39 48 2
39 49 3
39 50 3
40 51 4
41 52 1
42 53 3
43 54 3
44 55 2
44 56 2
45 57 3
45 58 3
45 59 4
46 60 4
47 60 2
48 61 4
49 62 5
50 62 5
51 63 2
52 63 4
53 64 4
54 65 3
55 66 3
56 66 1
57 67 1
58 67 5
59 67 2
60 68 4
61 69 4
61 70 2
61 71 5
62 72 4
63 73 5
64 74 5
65 75 5
65 76 1
66 77 4
67 78 2
68 79 3
69 80 4
70 81 4
71 82 4
72 83 2
73 84 3
74 85 5
75 86 5
76 87 3
76 88 1
77 89 2
78 90 1
79 91 1
80 92 2
81 93 4
82 94 4
83 94 4
84 95 4
85 96 4
86 97 3
87 98 2
88 98 1
89 99 1
90 100 1
91 101 4
92 102 1
93 103 2
94 104 2
95 105 5
96 106 2
97 107 1
98 108 1
99 109 4
100 110 5
101 111 2
102 112 4
103 113 3
104 114 4
105 115 5
106 116 1
107 117 5
108 117 3
109 117 5
110 118 5
111 119 1
112 120 1
112 121 4
112 122 4
112 123 4
113 124 1
114 125 2
115 126 1
116 127 1
117 128 1
117 129 2
118 130 1
119 131 2
120 132 4
121 132 3
122 133 2
123 134 1
124 135 3
125 135 3
126 136 3
127 136 1
128 137 4
129 138 1
130 139 2
131 140 2
132 141 1
133 142 1
133 143 5
134 144 2
135 145 5
136 146 5
137 147 1
137 148 1
137 149 2
138 150 5
139 151 2
140 152 3
141 153 4
142 154 3
142 155 2
142 156 5
143 157 2
143 158 1
144 159 3
145 160 1
146 161 2
146 162 4
147 163 4
148 164 3
148 165 1
148 166 1
149 167 5
149 168 4
149 169 4
150 170 4
151 171 1
152 172 4
152 173 2
153 174 3
154 175 3
155 176 2
156 177 1
157 178 5
158 179 4
159 180 2
160 181 1
160 182 3
160 183 5
161 184 2
162 185 2
163 186 1
164 187 5
164 188 4
164 189 4
165 190 2
165 191 5
165 192 1
166 193 2
167 194 4
168 195 1
169 196 3
170 197 4
171 198 3
172 199 3
173 199 1
174 199 2
175 199 1
176 199 3
177 200 1
178 200 1
179 200 3
180 200 2
181 201 2
182 201 2
183 201 1
184 202 2
185 203 5
186 203 3
187 203 5
188 203 4
189 203 2
190 204 3
191 204 4
192 204 5
193 204 5
194 204 4
195 205 2
196 206 5
197 206 2
198 206 2
199 207 4
200 208 5
200 209 3
201 210 3
202 211 1
202 212 4
202 213 3
203 214 5
203 215 3
204 216 4
204 217 4
205 218 5
205 219 1
206 220 1
207 221 5
208 222 1
209 223 4
210 224 1
211 225 5
212 226 1
213 227 2
214 228 1
215 229 4
216 230 1
217 231 4
218 232 5
219 233 2
220 234 2
221 235 1
222 236 5
223 237 4
224 238 4
225 239 1
226 240 1
227 241 5
228 242 2
228 243 4
229 244 5
230 245 4
231 246 2
232 247 5
233 248 3
233 249 2
234 250 3
235 251 4
236 252 3
237 253 3
238 254 2
239 254 4
240 255 2
241 256 4
242 256 4
243 257 5
244 258 3
245 259 1
246 260 3
247 261 2
248 261 4
249 262 1
250 263 4
251 264 5
252 265 1
253 265 3
254 266 4
255 267 1
256 268 5
257 268 1
258 269 5
259 270 2
260 271 5
261 272 5
262 273 3
263 274 3
264 275 3
265 276 4
266 277 5
267 278 4
268 279 3
269 280 5
270 281 4
271 282 2
272 283 1
273 284 3
274 285 1
275 286 4
275 287 3
276 288 5
277 289 5
278 290 4
279 291 2
280 292 2
280 293 4
280 294 5
281 295 4
282 296 3
283 297 4
284 298 3
285 299 1
286 300 3
287 301 1
288 302 2
289 303 5
290 304 5
290 305 4
291 306 2
292 307 1
293 308 3
294 309 3
295 310 4
296 311 3
297 312 3
297 313 1
298 314 2
298 315 2
299 316 4
300 317 5
301 317 1
302 318 1
303 319 1
304 320 4
305 321 4
306 322 4
307 323 1
308 324 1
309 325 3
310 326 2
311 326 1
312 327 1
313 328 3
314 329 1
315 330 4
316 331 5
317 332 2
318 333 1
319 334 2
320 335 4
321 336 4
322 337 5
323 338 1
324 339 3
325 339 2
326 340 4
327 341 2
328 342 1
329 342 3
330 343 3
331 344 5
332 345 3
333 346 5
334 347 4
335 348 5
336 349 3
337 349 3
338 349 4
339 350 5
340 351 5
341 352 3
342 353 4
343 353 5
344 354 5
345 355 1
346 356 4
347 357 1
348 358 5
349 359 1
350 360 1
351 360 1
352 361 1
353 361 2
354 361 4
355 362 1
355 363 2
356 364 5
356 365 1
357 366 4
357 367 2
358 368 5
358 369 4
358 370 2
359 371 1
360 372 2
361 373 1
362 374 4
363 374 2
364 375 3
365 376 3
366 377 3
367 378 4
368 379 4
369 380 4
370 381 1
371 382 1
372 383 1
373 383 4
374 384 5
375 385 2
375 386 1
375 387 1
376 388 3
377 389 5
378 390 5
379 391 5
379 392 3
379 393 3
380 394 5
381 395 3
381 396 1
382 397 3
382 398 4
383 399 5
384 400 3
385 400 2
386 400 5
387 400 4
388 400 4
389 400 5
390 400 5
391 400 3
392 400 4
393 400 3
394 400 2
395 400 4
396 400 4
397 400 5
398 400 5
399 400 5
