3 5 1 1
10 1 27 12
4 2 1 9
2 5 7 7
30 22 15 22
4 5 4 9
0 13 1 5
25 8 7 8
1 3 0 2
7 0 5 0
26 18 16 6
20 10 15 0
4 12 5 0
0 4 1 2
9 27 29 5
4 0 35 18
24 0 2 37
10 31 32 7
24 7 13 27
28 11 28 14
10 13 6 7
18 3 17 4
0 2 1 1
11 3 0 5
14 20 7 8
13 16 5 15
27 25 23 18
10 0 10 14
0 0 2 0
21 19 16 19
6 1 17 31
24 8 19 37
0 16 24 14
21 11 18 28
4 3 11 2
7 2 4 11
2 5 4 4
18 16 31 11
0 0 2 0
10 5 5 2
8 30 15 34
18 30 0 8
2 12 15 5
3 19 34 23
16 16 5 13
0 5 8 4
32 0 24 28
13 15 15 1
1 2 12 0
1 0 3 1
11 8 10 16
0 4 3 2
0 4 1 2
0 1 3 5
16 18 27 9
18 10 12 16
24 5 17 1
9 7 29 21
2 18 9 2
6 12 14 8
13 30 25 24
0 1 10 12
16 6 18 26
2 8 12 12
8 18 2 16
0 0 2 0
18 10 9 3
4 10 9 12
22 5 6 6
36 24 10 2
40 20 10 8
12 10 8 3
12 6 35 36
3 10 8 22
28 10 11 26
10 4 12 12
1 3 3 3
14 9 23 30
7 20 12 16
7 0 6 5
2 14 9 15
2 3 3 4
9 0 13 15
12 3 17 17
4 17 6 22
24 8 4 8
4 10 1 12
7 8 14 0
6 4 15 9
0 7 3 7
2 2 1 0
13 6 14 21
34 11 35 26
1 8 2 4
5 4 13 7
18 12 19 6
5 0 3 5
6 7 17 2
2 6 7 6
24 6 14 16
11 15 8 8
0 9 11 5
9 27 9 20
35 36 35 23
10 11 2 0
4 2 6 3
11 9 5 7
16 2 13 8
2 3 3 23
10 4 10 5
4 8 7 2
1 0 8 7
3 21 30 7
4 16 13 0
0 3 0 0
1 8 1 8
9 6 10 1
2 7 7 15
8 8 8 6
20 24 2 0
10 12 5 13
16 31 22 19
0 23 14 3
14 9 0 7
5 3 7 5
6 9 14 8
3 3 3 2
22 10 3 7
19 15 29 10
31 20 31 5
33 10 27 34
0 1 4 8
17 26 4 25
26 6 11 18
3 1 4 8
16 28 21 1
3 9 6 1
1 4 4 2
15 19 8 8
5 10 9 6
4 1 2 17
1 1 2 2
3 1 1 0
22 13 3 17
0 2 0 2
4 12 8 16
10 3 14 16
31 30 16 18
2 0 2 1
10 1 15 24
5 4 5 2
28 4 16 17
14 12 21 22
2 0 3 9
8 29 36 9
33 34 8 20
10 10 9 7
21 23 7 1
3 9 17 8
10 1 1 6
4 2 2 4
14 11 12 2
2 16 1 23
34 33 22 31
15 27 31 4
15 8 26 13
20 4 15 10
5 1 19 6
9 4 24 1
3 0 1 2
4 0 0 15
3 4 0 3
8 15 7 17
20 16 24 21
2 2 1 1
10 18 16 4
1 6 10 23
27 19 32 19
3 7 7 2
17 1 1 0
17 22 31 21
10 3 2 0
11 24 22 16
7 5 0 16
10 5 26 6
17 17 4 13
4 2 2 3
20 15 16 12
6 6 0 3
2 8 1 2
33 28 19 30
0 2 0 14
9 12 12 12
15 15 4 27
2 15 4 11
16 23 23 6
10 4 3 6
12 3 1 2
3 0 0 0
5 8 10 8
4 25 0 25
29 2 12 26
0 13 13 5
4 9 4 6
0 22 13 15
4 15 5 17
2 1 0 0
21 3 22 11
7 12 1 2
12 2 0 9
11 19 15 5
11 3 1 11
26 24 19 16
14 9 15 7
11 6 20 6
3 31 1 23
5 5 3 4
0 12 23 7
1 2 13 10
14 26 4 16
19 9 19 12
32 34 12 6
10 2 7 6
11 23 17 21
7 3 12 8
4 9 10 7
8 7 2 14
32 18 9 40
0 1 3 3
0 2 0 2
7 1 2 9
3 8 6 12
3 24 32 12
9 13 14 18
19 2 0 8
10 8 14 5
5 25 6 11
16 12 7 9
2 2 2 2
35 3 32 19
2 4 1 8
27 13 4 0
0 0 2 1
13 3 4 0
9 6 1 0
14 1 5 15
8 24 3 8
4 4 12 11
2 5 2 1
4 2 1 1
30 26 11 3
4 3 25 9
18 23 24 33
2 1 2 1
6 9 12 0
0 0 0 1
20 3 7 21
4 0 7 8
5 31 18 30
12 8 17 0
1 1 0 0
29 33 26 13
5 7 11 11
2 1 6 4
2 1 0 6
5 6 3 6
12 13 3 13
12 4 17 3
7 17 6 15
2 13 2 5
6 13 12 3
14 14 18 3
0 1 1 1
6 4 3 7
26 15 3 18
15 9 14 1
26 26 8 14
5 0 8 5
21 5 0 13
5 1 8 1
17 8 1 14
5 9 20 17
4 2 6 3
31 23 24 2
11 10 25 7
32 10 30 2
2 1 2 0
10 13 17 6
13 16 0 15
32 5 21 18
17 16 13 8
17 6 17 12
5 2 4 4
30 1 24 1
6 5 6 5
4 3 4 1
6 6 2 0
26 8 21 30
13 5 23 28
8 20 9 24
11 1 7 12
0 0 2 1
18 14 10 12
4 8 7 2
0 4 1 2
10 9 16 19
6 8 3 5
2 9 0 9
7 4 16 8
0 2 0 2
7 12 13 9
24 32 1 3
1 0 5 0
22 18 21 22
11 9 9 17
10 24 6 20
7 11 2 3
28 2 11 21
6 6 30 33
1 0 1 2
15 10 0 6
20 15 18 0
11 22 18 21
1 2 0 2
2 1 38 2
1 0 2 1
15 20 12 8
19 12 4 6
18 22 9 26
2 4 4 5
13 3 5 15
27 1 15 24
3 5 1 1
31 1 27 32
8 31 10 22
29 30 23 2
6 8 4 7
2 2 6 6
12 21 21 25
5 34 15 10
18 1 11 26
17 15 5 8
4 7 10 9
6 34 36 22
3 5 7 16
0 6 8 7
12 5 11 22
26 5 10 28
0 4 12 4
13 16 28 29
1 0 1 2
2 5 3 3
23 6 16 4
8 11 14 9
13 18 11 16
9 19 0 19
29 0 25 34
8 13 3 9
20 5 8 20
0 0 1 3
14 10 3 2
8 1 11 8
5 7 0 4
0 10 4 19
29 21 34 33
5 5 7 7
9 8 2 23
2 7 8 4
14 16 9 12
1 3 0 4
0 16 17 1
0 2 2 1
9 3 9 12
19 3 36 32
5 14 15 19
35 26 6 20
1 1 2 2
13 27 25 21
11 12 15 15
1 4 4 10
30 34 8 4
13 17 6 18
1 1 3 4
9 0 6 10
5 3 3 5
4 7 32 2
24 29 22 6
3 3 30 34
10 3 5 4
3 13 26 25
22 3 6 28
31 17 25 22
35 23 37 3
20 8 5 2
5 25 7 13
23 22 9 1
3 3 1 3
15 22 9 15
0 2 4 0
4 13 11 0
