1 2 9
1 3 85
1 4 178
1 5 5
2 6 65
2 7 70
2 8 36
3 9 76
3 10 144
4 11 91
4 12 105
4 13 54
4 14 85
4 15 31
5 16 116
6 17 143
6 18 138
7 19 116
7 20 45
7 21 106
8 22 141
8 23 94
9 24 83
9 25 61
10 26 110
11 27 108
11 28 64
12 29 144
13 30 87
14 31 13
14 32 3
14 33 10
14 34 102
14 35 12
15 36 54
15 37 75
15 38 60
16 39 15
16 40 152
17 41 44
18 42 102
19 43 122
20 44 151
21 45 62
22 46 173
23 47 78
24 48 68
25 49 33
26 49 31
27 49 48
28 50 65
29 51 74
30 52 105
31 53 119
32 54 41
33 55 101
34 56 113
35 57 103
36 58 25
37 59 77
38 60 95
39 61 129
40 62 1
41 63 171
42 64 3
43 65 101
44 66 26
45 67 124
45 68 36
45 69 162
45 70 104
46 71 120
47 72 3
47 73 83
48 74 91
49 75 46
50 76 28
50 77 23
51 78 76
51 79 95
52 80 172
53 81 171
53 82 75
54 83 2
54 84 34
54 85 47
55 86 150
56 87 155
56 88 171
57 89 76
58 90 162
59 91 103
59 92 55
60 93 116
60 94 142
61 95 108
62 96 140
63 97 50
64 97 34
65 98 108
66 98 175
67 98 68
68 99 12
69 99 136
70 100 109
71 101 120
72 101 30
73 102 105
74 102 86
75 103 98
76 103 126
77 104 162
78 104 32
79 105 91
80 105 94
81 106 69
82 106 147
83 107 155
84 107 82
85 107 1
86 108 101
87 109 104
88 109 44
89 109 172
90 110 78
91 111 5
92 111 121
93 112 125
94 113 103
95 113 89
96 113 93
97 114 157
98 115 80
99 116 147
100 117 76
101 118 34
102 119 25
103 120 98
104 121 38
104 122 26
105 123 144
105 124 40
106 125 158
107 126 58
108 127 25
109 128 91
110 129 171
111 130 110
111 131 156
112 132 77
113 133 40
114 134 11
115 135 144
116 136 39
117 137 18
118 138 75
119 139 43
120 140 47
121 141 75
122 142 85
122 143 34
123 144 89
124 145 95
125 146 128
126 147 174
127 148 18
128 149 73
129 150 103
130 151 66
130 152 61
131 153 44
132 154 81
133 155 132
134 156 69
135 156 56
136 157 28
137 158 136
138 159 121
139 160 110
140 161 82
141 162 75
142 163 78
143 164 15
144 164 20
145 165 153
146 165 126
147 165 73
148 166 156
149 166 40
150 167 152
151 168 109
152 169 31
153 170 88
154 170 73
155 171 23
156 172 138
157 173 105
158 174 108
159 175 1
160 176 165
161 177 136
162 178 64
162 179 140
163 180 173
164 181 96
165 182 83
166 183 113
167 184 120
167 185 35
167 186 83
168 187 33
168 188 65
169 189 34
170 190 2
171 191 118
171 192 119
172 193 55
173 194 88
174 195 113
175 196 140
176 197 93
177 198 145
178 199 66
179 200 48
180 201 110
181 202 117
182 203 10
183 204 75
184 205 89
184 206 62
185 207 44
185 208 72
186 209 98
187 210 5
188 211 121
189 212 124
190 213 1
191 214 163
192 215 46
193 216 39
194 217 109
195 217 149
196 218 86
197 219 118
198 220 32
199 221 156
200 222 28
201 223 31
202 224 71
203 224 18
204 225 116
205 225 27
206 226 110
207 226 156
208 226 136
209 226 156
210 227 62
211 227 174
212 228 53
213 228 18
214 228 15
215 229 34
216 230 121
217 231 133
218 232 72
219 233 127
220 234 104
221 235 106
222 236 131
222 237 133
223 238 179
224 239 11
225 240 57
225 241 73
226 242 162
226 243 149
227 244 178
228 245 104
228 246 67
228 247 29
229 248 153
230 249 114
231 250 21
232 251 120
233 252 110
234 252 14
235 253 54
236 253 28
237 254 72
238 254 11
239 255 171
240 256 109
241 257 136
242 258 109
243 259 65
244 260 33
245 261 89
246 262 158
247 262 157
248 263 86
249 264 107
250 265 73
251 266 143
252 266 178
253 267 56
254 268 179
255 269 138
256 270 123
257 271 25
258 272 107
259 273 111
260 274 56
261 275 93
262 276 10
263 277 57
264 278 170
264 279 2
264 280 100
265 281 135
265 282 29
266 283 8
266 284 41
267 285 158
267 286 33
268 287 83
269 288 29
269 289 100
269 290 145
270 291 81
270 292 44
271 293 46
272 294 27
273 295 100
274 296 75
274 297 116
275 298 52
275 299 48
276 300 47
276 301 155
277 302 106
277 303 168
278 304 4
279 305 36
280 305 150
281 306 154
282 307 107
283 307 112
284 307 170
285 308 67
286 309 84
287 309 74
288 310 102
289 311 145
290 311 71
291 311 9
292 312 42
293 312 1
294 313 174
295 313 2
296 313 57
297 314 146
298 315 162
299 315 64
300 316 9
301 317 33
302 318 39
303 318 88
304 319 83
305 320 76
306 321 134
307 322 155
308 323 60
309 324 61
309 325 55
309 326 9
310 327 123
311 328 90
312 329 25
313 330 94
314 331 123
314 332 158
315 333 42
315 334 152
316 335 108
317 336 145
317 337 57
318 338 103
319 339 168
320 339 87
321 340 66
322 340 167
323 341 60
324 342 127
325 342 169
326 343 108
327 344 6
328 344 32
329 345 154
330 345 111
331 346 168
332 347 110
333 347 89
334 348 125
335 348 46
336 349 134
337 350 152
338 350 101
339 351 164
340 352 22
340 353 64
341 354 53
342 355 154
343 356 81
344 357 177
345 358 115
346 359 21
347 360 68
348 361 101
349 362 153
350 363 94
350 364 36
350 365 78
351 366 175
352 367 9
353 368 28
354 369 135
355 370 135
356 371 176
357 372 87
358 373 20
358 374 81
359 375 3
360 376 67
361 377 4
362 378 132
363 379 33
364 380 30
365 381 173
366 382 125
367 383 134
368 384 39
369 385 35
370 386 169
371 387 174
372 388 89
373 389 99
374 390 140
375 391 77
376 392 113
377 393 28
378 394 109
379 395 110
380 396 94
381 397 9
382 398 72
382 399 16
382 400 57
382 401 15
382 402 39
383 403 13
383 404 108
383 405 106
383 406 25
383 407 162
384 408 76
384 409 36
384 410 175
385 411 157
385 412 125
386 413 60
386 414 111
387 415 130
387 416 4
387 417 100
387 418 28
388 419 131
388 420 73
388 421 110
389 422 13
389 423 154
390 424 153
390 425 130
391 426 93
391 427 164
391 428 156
391 429 56
391 430 105
392 431 21
392 432 146
393 433 131
393 434 89
393 435 44
393 436 120
393 437 100
394 438 12
394 439 116
394 440 64
394 441 158
395 442 67
395 443 152
395 444 172
396 445 147
396 446 7
396 447 83
396 448 23
397 449 8
397 450 152
397 451 24
397 452 127
398 453 60
399 453 179
400 454 15
401 454 131
402 454 131
403 454 14
404 454 113
405 455 148
406 456 94
407 456 108
408 456 2
409 457 39
410 457 144
411 457 55
412 458 26
413 458 176
414 459 145
415 459 63
416 460 174
417 460 101
418 461 130
419 461 16
420 462 55
421 462 152
422 462 130
423 462 34
424 463 11
425 463 68
426 463 100
427 463 39
428 464 152
429 464 3
430 464 70
431 464 93
432 465 110
433 465 79
434 466 96
435 466 171
436 467 138
437 468 80
438 469 82
439 469 146
440 470 149
441 470 79
442 471 155
443 471 142
444 472 60
445 472 131
446 472 62
447 473 53
448 473 78
449 474 167
450 475 5
451 475 146
452 476 136
453 477 8
454 478 106
455 479 5
456 480 45
457 480 145
458 481 178
459 482 72
460 483 7
461 484 31
462 484 16
463 485 112
464 486 20
465 487 179
466 487 47
467 488 85
468 489 54
469 490 123
470 491 60
471 492 18
472 493 24
473 494 24
474 495 129
475 496 156
476 497 43
477 498 22
478 499 118
479 500 9
480 501 42
481 502 92
482 503 29
483 504 8
484 505 14
485 506 49
486 507 107
487 508 136
488 509 65
489 510 76
490 511 96
491 512 89
492 513 98
493 514 53
494 515 79
495 516 102
495 517 50
496 518 49
497 519 139
498 520 100
499 521 43
500 522 101
501 523 99
502 524 46
503 524 18
504 524 98
505 525 94
506 526 129
507 527 35
508 528 84
509 528 5
510 529 159
511 530 70
512 531 169
513 532 58
514 533 50
515 533 118
516 534 52
517 534 28
518 535 112
519 535 92
520 536 94
521 537 152
522 538 94
523 539 94
524 540 5
525 541 138
526 542 57
527 543 149
528 544 55
529 545 174
530 546 74
531 547 27
532 548 64
533 549 86
534 550 120
535 551 37
536 552 155
537 553 39
538 554 146
539 555 29
540 556 34
541 557 100
541 558 13
542 559 71
543 560 141
543 561 77
544 562 44
545 563 7
546 564 150
547 565 30
548 566 88
549 567 152
549 568 145
550 569 21
551 570 58
551 571 7
552 572 135
552 573 173
553 574 58
553 575 111
554 576 149
555 577 66
556 578 138
557 579 133
558 580 68
558 581 143
558 582 102
558 583 173
559 584 97
559 585 56
559 586 46
560 587 108
561 588 48
562 589 10
563 590 53
564 591 35
564 592 79
565 593 49
565 594 94
565 595 143
566 596 2
566 597 163
566 598 61
567 599 100
568 600 86
569 601 129
570 602 70
571 603 93
572 604 152
573 604 133
574 604 60
575 605 65
576 605 115
577 605 53
578 606 7
579 607 40
580 607 28
581 607 118
582 607 163
583 608 55
584 608 140
585 609 106
586 609 132
587 610 179
588 611 88
589 612 71
590 612 136
591 612 164
592 613 50
593 614 71
594 614 143
595 615 174
596 615 179
597 616 51
598 616 89
599 617 163
600 617 63
601 618 90
602 618 3
603 618 116
604 619 50
605 620 141
606 621 143
607 622 4
608 623 39
609 624 66
609 625 15
610 626 45
610 627 120
611 628 109
612 629 14
613 630 64
614 631 33
615 632 111
616 633 112
616 634 64
617 635 168
618 636 104
619 637 95
620 638 83
621 639 110
621 640 10
621 641 91
622 642 70
623 643 82
623 644 168
624 645 84
624 646 130
625 647 145
626 648 174
627 649 29
628 650 62
628 651 154
629 652 29
629 653 13
629 654 139
630 655 147
631 656 118
632 657 83
633 658 81
634 659 71
634 660 11
635 661 96
636 662 49
636 663 57
637 664 99
638 665 136
639 665 20
640 665 124
641 666 49
642 667 147
643 667 13
644 668 70
645 669 19
646 670 48
647 671 147
648 671 57
649 672 179
650 672 83
651 673 55
652 674 140
653 674 172
654 674 40
655 675 100
656 676 179
657 677 90
658 677 7
659 677 115
660 677 162
661 677 4
662 678 154
663 678 167
664 679 121
665 680 69
666 681 18
667 682 127
668 683 177
668 684 58
669 685 33
670 686 85
671 687 60
672 688 39
673 689 97
674 690 173
674 691 120
675 692 74
676 693 86
676 694 7
677 695 2
677 696 74
678 697 18
679 698 106
680 699 29
681 700 146
682 701 171
683 702 74
684 703 109
685 704 144
685 705 178
686 706 78
687 707 68
688 708 124
689 709 27
689 710 140
690 711 13
690 712 55
690 713 173
691 714 144
692 715 150
692 716 108
692 717 139
693 718 44
694 719 118
694 720 80
694 721 81
694 722 150
695 723 168
696 724 33
697 725 101
697 726 17
698 727 40
699 727 65
700 728 102
701 728 59
702 728 13
703 729 163
704 730 147
705 731 47
706 731 51
707 732 160
708 733 69
709 733 132
710 734 100
711 735 168
712 736 128
713 737 111
714 738 146
715 739 102
716 739 109
717 740 179
718 741 106
719 742 64
720 743 131
721 744 99
722 745 145
723 745 92
724 746 138
725 747 49
726 748 78
727 749 172
728 750 143
729 751 103
730 752 107
731 753 28
732 754 4
733 755 76
733 756 178
734 757 36
735 758 178
735 759 73
736 760 26
737 761 151
738 762 2
739 763 102
740 764 116
741 765 121
742 766 53
743 767 100
744 768 23
745 769 161
746 770 103
747 771 60
748 772 145
749 773 113
750 774 119
751 775 46
752 775 55
753 776 108
754 776 13
755 777 91
756 778 144
757 778 174
758 779 63
759 779 41
760 779 96
761 779 76
762 780 47
763 781 48
764 782 147
765 782 162
766 782 29
767 782 40
768 782 41
769 783 72
770 784 105
771 784 156
772 785 96
773 786 150
774 787 111
775 788 56
776 789 122
777 790 124
778 791 144
779 792 80
780 793 97
781 794 103
782 795 20
783 796 122
783 797 125
784 798 159
785 799 57
786 800 174
787 801 28
788 802 45
789 803 122
789 804 85
790 805 87
791 806 32
791 807 112
792 808 114
792 809 102
792 810 86
793 811 71
794 812 105
794 813 39
795 814 111
795 815 13
796 816 5
797 817 66
798 818 93
798 819 129
799 820 113
800 821 99
800 822 138
801 823 43
801 824 58
802 825 156
803 826 46
804 827 52
805 828 97
806 829 57
807 830 90
808 831 95
809 832 81
809 833 65
810 834 118
811 835 154
812 836 23
813 837 47
814 838 97
815 839 135
816 840 34
817 841 94
817 842 160
818 843 39
819 844 131
820 845 48
821 846 110
822 847 129
823 848 148
824 849 107
825 850 13
826 851 49
827 851 116
828 852 10
829 853 27
830 854 109
831 855 44
832 856 150
833 857 138
834 858 6
835 859 38
836 860 68
837 861 64
838 862 62
839 863 120
840 864 163
841 865 156
842 866 150
843 867 114
844 868 173
845 869 158
846 870 84
847 870 80
848 871 15
849 872 122
850 872 92
851 872 89
852 873 80
853 874 161
854 875 14
855 876 139
856 876 30
857 877 66
858 877 96
859 878 143
860 879 18
861 880 24
862 880 59
863 881 178
864 881 75
865 882 101
866 883 4
867 884 78
868 885 83
869 885 107
870 886 8
871 886 40
872 887 88
873 888 144
874 889 150
875 890 160
876 891 52
877 892 46
878 893 38
879 894 93
880 895 171
881 895 11
882 896 83
883 897 57
884 898 167
885 899 89
886 900 153
887 900 22
888 900 88
889 900 2
890 900 115
891 900 86
892 900 139
893 900 137
894 900 65
895 900 138
896 900 14
897 900 87
898 900 33
899 900 70
