1 2 1
1 3 3
1 4 1
1 5 2
1 6 2
2 7 5
2 8 2
2 9 5
2 10 4
3 11 1
3 12 1
3 13 3
3 14 4
4 15 2
4 16 5
4 17 2
5 18 5
5 19 5
5 20 4
6 21 2
6 22 1
6 23 2
6 24 3
6 25 4
7 26 3
8 27 3
9 28 5
10 29 4
11 30 2
12 31 1
13 32 5
14 33 2
15 34 2
15 35 4
16 36 3
17 37 1
18 38 4
19 39 4
20 40 2
21 41 2
22 42 1
23 43 1
24 44 1
25 45 4
25 46 4
26 47 4
27 48 3
28 48 2
29 48 3
30 49 5
31 50 4
32 51 1
33 52 5
34 53 1
35 54 3
36 55 2
37 55 3
38 56 3
39 57 5
40 57 4
41 58 3
42 59 1
43 60 1
44 61 5
45 62 3
46 63 1
47 64 1
48 65 2
49 65 3
50 66 1
51 67 3
52 67 2
53 68 1
54 69 3
55 70 2
56 71 1
57 72 4
58 73 5
59 74 1
60 74 4
61 74 3
62 74 1
63 75 2
64 76 1
65 77 2
65 78 1
66 79 4
67 80 3
67 81 4
68 82 3
69 83 5
70 84 1
70 85 4
71 86 5
71 87 1
72 88 3
73 89 2
74 90 3
75 91 4
75 92 2
76 93 1
77 93 1
78 94 1
79 94 2
80 94 2
81 94 1
82 94 3
83 95 4
84 96 3
85 97 1
86 98 3
87 99 2
88 99 2
89 100 2
90 101 2
91 102 4
92 102 5
93 103 5
94 104 2
95 105 1
95 106 2
95 107 4
96 108 4
97 109 1
97 110 1
98 111 5
98 112 2
99 113 4
100 114 2
101 115 5
102 116 1
102 117 5
103 118 3
104 119 1
105 120 5
106 121 3
107 122 1
108 123 4
109 124 1
110 125 2
111 126 3
112 127 1
113 127 3
114 128 2
115 129 2
116 130 3
117 131 1
118 132 1
119 133 2
120 134 3
121 135 1
121 136 3
122 137 5
122 138 2
123 139 5
124 140 3
124 141 4
125 142 5
125 143 4
126 144 1
127 145 4
128 146 4
128 147 4
129 148 1
129 149 5
130 150 2
130 151 1
131 152 4
131 153 5
131 154 2
131 155 5
132 156 5
133 157 1
134 157 2
135 158 1
136 159 2
137 160 1
138 161 2
139 162 5
140 163 5
141 163 1
142 164 4
143 164 3
144 165 2
145 166 5
146 167 2
147 168 5
148 169 4
149 170 4
150 171 1
151 172 2
152 173 3
153 174 3
154 174 3
155 174 4
156 175 3
157 176 3
158 177 1
159 178 2
160 179 5
161 180 1
162 181 2
163 182 5
164 183 2
165 184 2
166 185 3
167 186 3
168 187 4
169 188 2
170 189 2
171 190 1
172 191 5
173 192 2
174 193 4
175 194 2
176 195 1
177 195 4
178 195 5
179 195 1
180 196 5
181 196 5
182 197 4
183 198 4
184 198 1
185 198 2
186 198 1
187 199 4
188 200 3
189 200 4
190 201 3
191 202 1
192 203 3
193 204 3
194 205 2
194 206 4
194 207 2
195 208 4
195 209 1
196 210 1
197 211 5
198 212 3
198 213 4
199 214 3
199 215 5
200 216 3
200 217 2
201 218 5
202 219 1
203 220 4
204 221 1
204 222 4
205 223 5
206 223 3
207 224 4
208 224 4
209 225 1
210 226 3
211 226 3
212 227 1
213 228 5
214 229 4
215 230 2
216 231 3
217 232 1
218 233 1
219 234 4
220 234 4
221 235 3
222 236 3
223 237 5
224 238 1
224 239 3
225 240 4
226 241 3
226 242 3
227 243 3
228 244 5
228 245 3
229 246 3
229 247 5
230 248 1
231 249 1
231 250 3
232 251 4
233 252 1
233 253 1
234 254 4
235 255 3
235 256 3
235 257 3
235 258 5
236 259 4
236 260 1
236 261 4
237 262 5
238 262 5
239 263 3
240 263 5
241 264 5
242 265 3
243 265 5
244 266 5
245 266 2
246 267 2
247 267 5
248 268 2
249 269 2
250 269 1
251 270 1
252 270 2
253 271 4
254 272 5
255 273 1
256 273 2
257 274 2
258 274 1
259 275 2
260 275 2
261 275 1
262 276 5
262 277 5
262 278 1
262 279 1
263 280 3
263 281 2
264 282 1
265 283 2
265 284 3
266 285 2
267 286 1
267 287 5
268 288 3
269 289 1
269 290 5
270 291 1
271 292 2
271 293 2
272 294 2
273 295 2
274 296 1
274 297 3
275 298 1
275 299 1
276 300 4
277 300 4
278 300 1
279 300 3
280 301 3
281 302 5
282 303 1
283 303 4
284 304 5
285 305 2
286 305 1
287 306 4
288 306 4
289 307 5
290 307 1
291 308 1
292 308 1
293 309 2
294 309 4
295 309 4
296 310 1
297 311 2
298 312 1
299 312 2
300 313 1
301 314 2
301 315 1
302 316 5
302 317 2
303 318 1
304 319 4
305 320 2
306 321 3
307 322 3
308 323 2
309 324 4
310 325 5
311 326 4
312 327 2
313 328 3
314 329 5
314 330 3
315 331 5
316 332 1
317 333 3
318 334 1
319 335 4
320 336 3
321 337 4
322 338 3
323 339 4
324 340 4
325 341 4
325 342 4
326 343 1
326 344 2
327 345 1
328 346 4
329 347 1
330 348 3
331 348 4
332 349 5
333 350 1
334 351 3
335 352 5
336 353 2
337 354 2
338 355 2
339 356 1
340 357 1
341 358 3
342 359 5
343 360 5
344 361 1
345 362 2
346 363 2
347 364 4
348 365 2
349 366 2
350 366 1
351 367 2
352 368 3
353 368 2
354 369 5
355 370 1
356 371 3
357 372 2
358 373 3
359 373 4
360 374 3
361 375 3
362 375 1
363 376 1
363 377 1
363 378 5
363 379 2
363 380 5
364 381 1
364 382 5
364 383 1
364 384 3
365 385 5
365 386 2
366 387 5
366 388 1
366 389 5
367 390 2
367 391 2
367 392 5
367 393 1
368 394 5
368 395 5
368 396 4
369 397 2
369 398 1
369 399 5
370 400 3
370 401 5
371 402 5
371 403 3
371 404 2
371 405 3
372 406 4
372 407 2
372 408 1
372 409 1
372 410 3
373 411 3
373 412 2
373 413 3
373 414 3
374 415 5
374 416 1
374 417 4
375 418 1
375 419 2
375 420 5
375 421 5
376 422 2
377 422 2
378 422 1
379 422 2
380 422 2
381 423 1
382 423 4
383 423 4
384 424 2
385 425 3
386 425 2
387 425 1
388 425 1
389 425 4
390 425 3
391 426 2
392 426 3
393 426 4
394 426 2
395 426 1
396 426 5
397 426 3
398 427 1
399 427 4
400 428 5
401 428 1
402 429 4
403 429 1
404 429 3
405 429 3
406 430 4
407 430 5
408 430 1
409 430 3
410 430 1
411 431 3
412 431 2
413 432 4
414 432 2
415 432 4
416 432 4
417 432 5
418 432 4
419 433 4
420 433 3
421 433 2
422 434 1
423 435 3
424 436 5
425 437 5
426 438 3
427 439 3
428 439 3
429 440 4
430 441 3
431 441 3
432 441 5
433 442 1
434 443 1
434 444 4
435 445 1
436 446 2
436 447 1
437 448 3
437 449 4
438 450 5
438 451 3
439 452 3
439 453 1
440 454 3
441 455 1
442 456 4
442 457 4
443 458 2
444 459 4
445 460 4
446 461 5
447 462 1
448 463 1
449 464 4
450 465 4
451 466 1
452 467 5
453 468 3
454 468 2
455 469 4
456 470 1
457 471 5
458 472 4
459 473 3
459 474 1
460 475 1
461 476 3
461 477 4
461 478 4
462 479 2
463 480 3
463 481 5
464 482 5
465 483 4
466 484 4
467 485 4
467 486 3
468 487 1
468 488 2
469 489 5
469 490 3
470 491 4
471 492 2
472 493 3
473 494 1
474 495 3
475 495 2
476 496 2
477 497 3
478 497 1
479 498 1
480 498 1
481 499 2
482 500 2
483 501 1
484 501 4
485 502 5
486 503 4
487 503 3
488 504 5
489 504 4
490 505 1
491 505 4
492 505 3
493 506 4
494 507 5
495 508 2
496 509 5
497 510 3
498 511 4
499 511 5
500 512 2
501 513 5
502 514 4
503 515 5
504 516 2
505 516 5
506 517 5
507 518 1
508 519 4
508 520 2
509 521 1
510 522 3
510 523 5
510 524 5
510 525 4
510 526 5
511 527 3
511 528 1
511 529 3
511 530 1
511 531 3
512 532 2
513 533 3
513 534 1
513 535 4
513 536 2
514 537 5
515 538 5
515 539 1
515 540 3
516 541 1
516 542 4
516 543 1
517 544 4
518 544 1
519 545 5
520 545 4
521 546 4
522 546 1
523 547 2
524 548 3
525 548 4
526 549 2
527 549 2
528 549 4
529 549 5
530 550 2
531 551 5
532 552 1
533 552 4
534 553 4
535 553 3
536 554 3
537 555 3
538 555 1
539 556 1
540 556 1
541 557 2
542 557 2
543 558 3
544 559 3
545 560 2
546 561 4
547 562 5
548 563 5
549 564 2
550 565 2
551 566 2
552 567 3
553 568 5
554 569 1
555 570 3
556 571 3
557 572 1
558 573 1
559 574 2
560 575 4
561 576 5
561 577 4
562 578 2
562 579 5
563 580 2
563 581 5
564 582 5
565 583 3
566 584 5
566 585 1
566 586 3
567 587 3
568 588 2
569 589 4
570 590 2
570 591 4
570 592 1
571 593 4
571 594 3
571 595 1
571 596 4
572 597 2
573 598 4
574 599 1
575 600 2
576 601 4
577 602 2
578 603 4
579 604 4
580 605 3
581 605 2
582 605 1
583 606 2
584 607 2
585 608 4
586 609 5
587 609 4
588 610 5
589 611 5
590 612 2
591 612 5
592 613 1
593 614 3
594 614 5
595 615 1
596 616 4
597 617 5
598 617 4
599 618 1
600 619 2
601 620 2
601 621 2
602 622 3
603 623 3
604 624 3
605 625 2
606 626 3
607 627 3
608 628 3
609 629 5
609 630 3
610 631 2
611 632 5
612 633 1
612 634 5
613 635 4
614 636 1
615 637 1
616 638 5
617 639 5
618 640 3
619 640 5
620 641 5
621 642 5
622 643 5
623 643 5
624 644 5
625 645 5
626 645 4
627 646 3
628 647 1
629 648 2
630 649 1
631 649 3
632 650 3
633 651 4
634 651 3
635 651 3
636 652 4
637 653 2
638 654 4
639 655 2
640 656 4
641 656 2
642 657 2
643 658 1
644 659 5
645 660 5
646 661 3
647 662 5
648 662 2
649 663 1
650 664 2
651 665 1
652 666 3
653 667 1
654 668 3
655 669 3
656 670 4
657 671 2
658 672 1
659 673 5
660 674 2
661 675 3
662 676 5
662 677 1
662 678 2
663 679 2
664 680 3
665 681 4
666 682 1
667 683 4
668 684 2
669 685 2
670 686 2
671 687 3
672 688 3
673 689 1
674 689 5
675 690 4
676 691 4
677 692 1
678 693 3
679 694 5
680 695 4
681 696 5
682 696 1
683 697 1
684 698 5
685 698 2
686 699 2
687 700 3
688 701 4
689 702 3
690 703 5
691 704 5
692 705 1
693 705 4
694 706 3
695 707 2
696 708 4
697 709 5
698 710 4
699 711 5
700 712 4
700 713 4
700 714 1
701 715 5
702 716 4
702 717 2
703 718 4
704 719 1
704 720 2
705 721 2
705 722 2
706 723 5
707 724 2
707 725 2
708 726 2
708 727 5
708 728 1
709 729 3
709 730 4
710 731 4
710 732 5
711 733 2
712 734 2
713 735 2
714 736 4
715 736 2
716 737 4
717 738 1
718 738 5
719 739 1
720 740 4
721 741 2
722 742 4
723 743 2
724 744 4
725 745 3
726 746 1
727 747 3
728 748 3
729 748 2
730 748 3
731 749 4
732 750 4
733 751 2
734 752 2
735 753 4
736 754 4
737 755 5
738 756 1
739 757 1
740 758 4
741 759 1
742 760 5
743 761 1
744 762 5
745 763 1
746 764 5
747 765 3
748 766 1
749 766 1
750 767 4
751 768 5
752 769 4
753 770 3
754 771 4
755 772 5
756 773 4
757 774 1
758 775 5
759 776 1
760 777 1
761 778 5
762 779 3
763 780 3
764 781 2
765 782 5
766 783 3
766 784 4
767 785 2
768 786 2
769 787 1
770 788 4
771 789 1
772 790 3
773 791 2
774 791 1
775 791 4
776 791 5
777 792 1
778 793 1
779 794 4
780 795 5
781 796 4
782 797 4
783 797 1
784 798 3
785 799 2
786 800 3
787 800 1
788 800 1
789 800 5
790 800 5
791 800 1
792 800 2
793 800 1
794 800 4
795 800 4
796 800 1
797 800 1
798 800 3
799 800 2
