1 2 30
1 3 48
1 4 40
1 5 51
1 6 51
2 7 14
2 8 29
2 9 24
2 10 42
2 11 45
3 12 25
3 13 44
3 14 31
3 15 16
3 16 41
4 17 9
4 18 39
4 19 34
4 20 28
4 21 48
5 22 23
5 23 27
5 24 37
5 25 1
5 26 6
6 27 7
6 28 40
6 29 57
6 30 17
7 31 57
8 32 5
9 33 53
10 34 8
11 35 36
12 35 25
13 36 28
14 37 25
15 38 41
16 39 14
17 40 1
18 41 45
19 42 5
20 42 12
21 42 50
22 43 11
23 43 6
24 44 42
25 44 45
26 44 25
27 44 4
28 45 53
29 46 42
30 46 1
31 47 13
32 48 23
33 49 28
34 50 13
35 51 31
36 52 35
37 53 5
38 54 48
39 55 37
40 56 56
40 57 11
41 58 12
42 59 53
43 60 12
44 61 34
44 62 18
45 63 10
46 64 25
47 65 1
48 66 20
48 67 47
49 68 38
50 69 37
51 70 37
52 71 45
53 72 51
54 73 25
54 74 59
55 75 27
56 76 46
57 77 12
58 78 34
59 79 13
59 80 18
60 81 1
61 82 33
61 83 45
62 84 3
62 85 16
63 86 34
64 87 19
65 88 12
66 89 10
67 89 22
68 90 19
69 91 38
70 91 25
71 92 58
72 93 39
73 94 21
74 95 57
75 95 6
76 96 21
77 97 41
78 97 49
79 97 54
80 98 49
81 99 23
82 99 21
83 100 36
84 101 41
85 101 45
86 101 40
87 101 4
88 102 38
88 103 18
88 104 8
89 105 7
90 106 10
90 107 20
90 108 17
91 109 37
91 110 5
92 111 34
92 112 5
93 113 56
93 114 42
93 115 13
94 116 4
94 117 57
94 118 10
95 119 21
95 120 21
95 121 25
96 122 31
96 123 53
97 124 49
97 125 27
97 126 52
97 127 47
97 128 33
98 129 4
98 130 44
99 131 54
100 132 13
101 133 47
101 134 40
101 135 8
101 136 16
102 137 2
103 138 58
104 138 11
105 139 54
106 140 19
107 141 19
108 141 48
109 142 1
110 142 55
111 143 39
112 144 36
113 144 15
114 144 17
115 144 15
116 145 28
117 145 44
118 146 5
119 146 10
120 147 35
121 147 48
122 148 46
123 148 18
124 149 56
125 149 41
126 149 26
127 150 46
128 150 55
129 151 4
130 151 19
131 151 47
132 152 52
133 152 4
134 153 43
135 154 22
136 154 27
137 155 55
138 156 43
138 157 22
139 158 51
139 159 45
140 160 43
141 161 36
142 162 54
143 163 44
144 164 40
145 165 24
146 166 53
147 167 38
148 168 47
149 169 31
150 170 37
150 171 45
151 172 5
152 173 11
153 174 25
153 175 5
154 176 16
154 177 3
155 178 43
156 178 50
157 178 2
158 179 3
159 180 54
160 181 22
161 182 4
162 183 59
163 183 40
164 184 35
165 185 8
166 185 56
167 186 29
168 187 56
169 188 48
170 188 19
171 189 59
172 190 32
173 190 39
174 191 22
175 191 55
176 192 24
177 193 49
178 194 39
178 195 42
179 196 21
180 197 55
181 198 29
182 199 21
183 200 7
184 201 1
185 202 21
186 203 39
187 204 18
188 205 33
188 206 9
189 207 4
189 208 44
190 209 40
191 210 47
192 211 28
193 212 58
193 213 26
194 214 34
195 214 10
196 215 32
197 216 16
198 217 25
199 218 7
200 219 39
201 220 21
202 221 32
203 222 4
204 223 16
205 224 44
206 225 40
207 226 48
208 227 13
209 228 17
210 229 51
211 230 6
212 231 13
213 232 14
214 233 55
215 234 30
216 235 17
216 236 15
217 237 49
218 238 19
218 239 41
219 240 29
220 241 36
220 242 13
221 243 36
222 244 49
223 245 30
224 246 24
225 247 22
226 248 1
227 249 45
228 250 38
229 251 44
230 252 31
231 253 14
231 254 20
232 255 15
233 256 9
234 257 18
235 258 8
236 259 5
237 260 34
238 261 42
239 262 28
240 263 51
241 264 43
242 265 21
243 266 23
244 267 1
245 268 4
246 269 8
247 270 18
248 271 37
249 272 7
249 273 29
250 274 22
251 275 18
252 276 24
253 277 59
254 278 24
255 279 6
256 280 5
257 281 2
258 282 13
259 283 36
260 284 35
261 285 2
262 286 36
263 287 34
264 288 13
265 289 52
266 290 58
267 291 9
268 292 13
269 293 28
270 294 38
271 295 28
272 296 13
273 297 39
274 298 12
275 299 12
276 300 51
277 301 58
278 302 52
279 303 4
280 304 5
281 305 18
282 306 19
283 307 35
284 307 8
285 307 25
286 308 14
287 308 14
288 309 39
289 310 41
290 310 34
291 310 5
292 311 11
293 311 51
294 312 33
295 313 28
296 313 3
297 313 21
298 314 44
299 314 16
300 315 26
301 315 5
302 316 2
303 316 8
304 317 16
304 318 36
304 319 41
305 320 19
305 321 51
305 322 30
305 323 3
305 324 48
306 325 32
306 326 51
306 327 20
307 328 46
307 329 41
308 330 14
308 331 51
308 332 17
308 333 42
308 334 24
309 335 2
309 336 31
309 337 1
309 338 5
310 339 5
310 340 46
310 341 10
310 342 1
311 343 29
311 344 54
311 345 32
311 346 46
312 347 57
312 348 24
312 349 46
312 350 1
313 351 48
313 352 9
313 353 54
314 354 50
314 355 3
314 356 9
314 357 34
315 358 23
315 359 5
315 360 58
315 361 58
316 362 15
316 363 4
316 364 44
316 365 27
316 366 47
317 367 55
318 367 18
319 367 25
320 367 44
321 368 57
322 368 50
323 368 40
324 368 40
325 369 33
326 369 38
327 369 32
328 370 46
329 370 16
330 370 5
331 371 51
332 371 37
333 372 26
334 372 53
335 373 28
336 373 21
337 374 13
338 374 56
339 374 12
340 375 1
341 375 29
342 375 24
343 375 20
344 375 52
345 375 35
346 375 44
347 376 6
348 376 59
349 376 55
350 376 22
351 376 9
352 376 50
353 377 42
354 378 55
355 378 49
356 378 1
357 378 45
358 379 27
359 379 19
360 379 41
361 380 23
362 380 47
363 380 3
364 380 38
365 380 24
366 380 4
367 381 40
368 382 58
369 383 14
370 384 46
371 385 5
372 386 50
373 387 17
374 388 56
375 389 57
376 390 27
377 390 26
378 391 16
379 391 25
380 392 21
381 393 45
382 394 6
383 395 32
384 396 38
384 397 16
384 398 8
384 399 39
385 400 57
385 401 25
385 402 9
385 403 54
386 404 24
386 405 43
387 406 1
387 407 3
388 408 46
389 409 39
389 410 14
390 411 36
390 412 50
391 413 30
391 414 25
392 415 24
393 416 29
394 417 41
395 418 46
396 419 20
397 420 44
398 421 56
399 422 3
400 423 5
400 424 4
401 425 13
402 426 46
403 427 20
404 428 38
405 429 42
406 430 47
407 431 17
407 432 26
408 433 50
408 434 54
409 435 34
410 436 46
411 437 35
412 438 43
413 439 34
414 440 11
415 441 44
416 442 51
417 443 34
418 443 7
419 444 41
420 444 44
421 444 42
422 445 50
423 446 42
424 447 23
425 448 33
426 449 5
427 449 54
428 450 14
429 451 17
430 451 49
431 452 59
432 453 6
433 454 58
434 455 52
435 456 25
436 457 50
437 458 3
438 459 39
439 460 46
440 461 49
441 462 33
442 463 56
443 464 51
444 465 21
445 466 55
446 467 11
446 468 38
446 469 20
447 470 5
447 471 50
448 472 36
449 473 41
450 474 34
451 475 31
452 476 24
453 477 23
454 478 57
455 479 41
456 480 46
457 481 48
457 482 25
457 483 30
458 484 57
459 485 54
460 486 17
461 487 25
462 488 21
463 489 46
464 490 44
465 490 35
466 490 41
467 491 40
468 492 58
469 493 45
470 494 1
471 495 34
472 496 27
473 496 47
474 496 35
475 497 59
476 498 53
477 499 30
478 499 16
479 500 34
480 501 47
481 502 45
482 502 12
483 503 12
484 504 39
485 505 59
486 506 7
487 506 57
488 507 7
489 508 55
490 509 8
491 510 15
491 511 33
492 512 23
493 513 46
494 514 8
495 515 26
496 516 39
497 517 54
497 518 7
498 519 25
499 520 5
500 521 14
500 522 44
501 523 34
502 524 10
502 525 21
503 526 58
503 527 51
503 528 37
504 529 30
504 530 30
504 531 30
505 532 40
506 533 30
507 534 59
508 535 5
509 536 49
510 537 59
511 538 36
512 539 55
513 540 47
514 541 10
515 542 31
516 543 41
517 544 14
518 545 58
519 546 14
520 547 27
521 548 53
522 549 18
523 550 4
524 551 19
525 552 1
526 553 49
527 554 10
528 555 19
529 556 44
530 557 33
531 558 56
532 559 40
533 560 40
534 561 31
535 562 53
536 563 22
537 564 30
538 565 12
539 566 6
540 566 47
541 567 1
542 568 19
543 569 14
544 570 27
545 570 50
546 571 39
547 572 10
548 573 36
549 574 40
550 575 20
551 576 14
552 577 10
553 578 43
554 579 1
555 580 33
556 581 11
557 582 12
558 583 17
559 584 38
560 585 28
561 585 54
562 586 36
563 587 4
564 587 58
565 587 33
566 588 39
567 589 18
568 589 22
569 590 53
570 590 29
571 591 11
572 591 4
573 591 36
574 592 45
575 593 32
576 594 56
577 594 48
578 594 11
579 595 54
580 596 46
581 596 3
582 597 59
583 597 43
584 598 36
585 599 9
586 600 40
587 601 22
587 602 19
588 603 22
589 604 12
590 605 54
590 606 45
591 607 36
592 608 59
592 609 29
593 610 45
593 611 34
593 612 59
594 613 46
595 614 53
595 615 40
596 616 56
597 617 7
597 618 30
598 619 10
599 620 24
600 621 36
601 622 45
602 623 55
603 624 34
604 625 15
605 626 27
606 627 33
607 628 50
608 629 31
609 630 8
610 631 53
611 632 24
612 633 25
613 634 43
614 635 29
615 636 7
616 637 23
617 638 18
618 639 39
619 640 27
620 641 14
621 642 20
622 643 2
623 644 48
624 645 34
625 646 1
626 647 42
627 648 17
628 649 22
629 650 59
630 651 6
631 652 5
632 653 55
633 654 50
634 655 40
635 656 33
636 657 47
637 658 38
638 659 48
639 660 10
640 661 40
641 662 48
642 663 36
643 663 58
644 664 59
645 665 26
646 666 54
647 666 23
648 667 45
649 668 26
650 669 34
651 669 56
652 669 30
653 669 18
654 669 35
655 670 50
656 670 3
657 671 1
658 672 11
659 673 8
660 674 21
661 675 36
662 676 58
663 677 53
664 678 11
664 679 49
665 680 46
665 681 32
666 682 6
667 683 58
668 684 7
668 685 57
668 686 56
669 687 5
670 688 54
670 689 24
671 690 18
672 691 42
673 692 48
674 693 8
674 694 38
675 695 57
676 696 27
676 697 40
676 698 6
676 699 49
677 700 45
678 700 39
679 700 57
680 700 24
681 700 35
682 700 6
683 700 26
684 700 31
685 700 45
686 700 37
687 700 28
688 700 11
689 700 9
690 700 1
691 700 32
692 700 3
693 700 13
694 700 53
695 700 22
696 700 9
697 700 46
698 700 8
699 700 40
