1 2 4
1 3 47
1 4 6
2 5 49
2 6 27
2 7 44
2 8 44
3 9 20
3 10 39
3 11 27
3 12 48
4 13 46
4 14 37
4 15 21
4 16 29
5 17 47
6 18 44
6 19 25
7 20 10
8 21 25
9 22 30
9 23 3
10 24 10
10 25 17
11 26 43
12 27 35
13 28 4
13 29 26
14 30 35
15 31 5
16 32 42
17 33 37
18 33 44
19 34 2
20 35 16
21 36 28
22 37 13
23 38 29
24 39 45
25 39 44
26 40 2
27 41 4
28 42 36
29 43 35
30 44 6
31 45 34
32 46 31
33 47 39
34 48 4
35 49 25
36 50 27
37 51 46
38 52 37
39 53 35
40 54 15
41 55 46
42 56 40
43 57 38
44 58 13
45 59 33
46 60 21
47 61 49
48 62 13
49 63 24
50 64 30
50 65 27
51 66 20
52 67 24
53 68 1
54 69 31
54 70 31
55 71 7
56 72 32
57 73 39
57 74 47
58 75 5
59 76 37
60 77 17
61 78 10
62 79 16
63 80 20
64 81 29
65 82 43
66 83 38
67 84 25
68 85 11
69 86 16
70 87 18
71 87 27
72 88 35
73 89 46
74 90 3
75 90 7
76 91 22
77 92 6
78 93 25
79 94 11
80 95 37
81 96 38
82 97 6
83 98 28
84 99 25
85 100 2
86 101 10
87 102 2
87 103 37
88 104 2
89 105 43
90 106 20
91 107 24
92 108 2
93 109 22
94 110 7
94 111 29
94 112 20
95 113 13
96 114 31
97 115 13
98 116 25
98 117 14
99 118 5
100 119 31
101 120 36
102 121 4
103 122 48
104 123 41
104 124 38
105 125 20
106 126 41
107 127 20
107 128 36
108 129 26
109 130 7
110 131 32
111 131 5
112 131 22
113 131 14
114 132 12
115 133 10
116 134 23
117 135 12
118 136 37
119 136 48
120 137 22
121 138 27
122 139 29
123 139 25
124 140 25
125 141 1
126 142 49
127 143 36
128 144 10
129 145 9
130 146 8
130 147 48
131 148 48
132 149 10
133 150 11
134 151 32
135 152 9
136 153 18
137 154 4
138 155 28
139 156 3
140 157 27
141 158 34
141 159 44
142 160 9
143 161 22
144 162 38
145 163 42
146 164 48
146 165 15
147 166 9
148 167 48
149 168 2
150 169 29
151 170 5
152 171 46
153 172 3
154 173 21
155 174 18
156 175 40
157 176 47
158 177 20
159 178 40
160 179 2
160 180 4
161 181 24
162 182 26
163 183 16
164 184 40
165 185 12
166 186 11
167 187 25
168 188 19
169 188 35
170 188 21
171 188 8
172 189 4
173 190 19
174 191 5
175 192 8
176 193 11
177 194 18
178 195 10
179 196 32
180 197 39
181 197 40
182 198 17
183 199 24
184 200 31
185 201 34
186 202 14
187 202 47
188 203 43
189 204 22
190 205 17
191 206 15
192 207 29
193 208 26
194 209 16
195 209 34
196 210 30
197 211 49
198 212 46
199 212 24
200 213 17
201 214 39
202 215 47
202 216 10
203 217 25
204 218 5
204 219 20
205 220 36
205 221 28
206 222 39
207 223 30
207 224 22
208 225 21
208 226 15
208 227 39
209 228 42
210 229 11
210 230 9
211 231 18
212 232 16
213 233 45
214 234 23
215 234 14
216 235 33
217 236 6
218 236 21
219 237 15
220 238 24
221 238 4
222 239 4
223 239 21
224 240 37
225 240 20
226 241 11
227 241 44
228 242 29
229 242 46
230 243 39
231 243 23
232 244 10
233 245 22
234 246 14
234 247 36
235 248 7
236 249 9
237 250 18
238 251 24
239 252 9
240 253 22
241 254 36
242 255 18
243 256 31
244 257 26
245 258 25
246 259 18
246 260 2
247 261 13
247 262 36
248 263 2
249 264 32
249 265 14
250 266 10
251 267 14
251 268 38
252 269 29
253 270 3
254 271 19
255 272 14
256 273 27
257 274 5
258 275 28
258 276 44
259 277 29
260 278 39
261 279 39
262 280 1
263 281 25
264 282 6
265 283 39
265 284 45
266 285 42
267 286 6
268 287 19
269 288 2
269 289 3
270 290 18
271 291 31
272 292 16
273 293 49
273 294 20
274 295 11
275 296 31
276 297 18
277 298 14
278 299 22
279 300 3
280 301 17
281 302 13
282 302 1
283 303 5
284 304 49
285 305 15
286 306 31
287 307 41
288 308 7
289 308 29
290 309 9
291 310 2
292 311 35
293 312 20
294 313 43
295 314 33
296 315 20
297 316 12
298 317 20
299 318 24
300 319 48
301 320 38
302 321 17
303 321 5
304 322 44
305 323 6
306 324 49
307 324 34
308 325 17
309 326 13
310 327 7
311 327 23
312 328 14
313 329 24
314 330 9
315 331 8
316 332 38
317 333 27
318 334 27
318 335 40
319 336 41
319 337 29
319 338 10
320 339 10
321 340 29
322 341 35
323 342 29
324 343 32
325 344 32
326 345 9
326 346 16
327 347 24
328 348 24
329 349 1
330 350 45
331 351 34
332 352 11
333 353 28
334 354 42
335 355 46
336 356 27
337 357 36
338 358 19
339 359 30
340 360 30
341 361 14
342 362 48
343 363 41
344 364 12
345 365 28
346 366 9
347 367 29
348 368 48
349 369 48
350 370 23
351 371 10
352 372 46
353 373 1
354 374 47
355 375 47
356 376 23
357 377 36
358 378 9
359 379 40
360 380 13
361 381 29
362 382 31
363 383 41
364 383 29
365 384 41
366 385 42
367 386 24
368 387 35
369 388 43
370 389 47
371 390 3
372 391 32
373 391 43
374 392 16
375 392 33
376 392 41
377 393 20
378 393 10
379 393 22
380 394 6
381 395 21
382 396 14
383 397 29
384 398 20
385 398 15
386 398 42
387 399 9
388 400 41
389 400 44
390 401 9
391 402 21
391 403 18
391 404 7
392 405 24
393 406 43
393 407 7
393 408 2
393 409 40
394 410 44
395 411 38
395 412 26
395 413 22
396 414 25
397 415 5
398 416 33
399 417 20
400 418 11
400 419 16
401 420 30
402 421 16
403 422 18
404 423 7
405 424 33
406 425 31
407 426 12
408 427 45
409 428 12
410 429 48
411 430 45
412 431 30
413 432 23
414 433 16
415 433 13
416 434 28
417 435 34
418 436 1
419 437 34
420 438 48
421 439 6
422 440 44
423 441 14
424 442 42
425 443 11
426 444 13
427 444 46
428 445 21
429 446 19
430 447 33
431 448 37
432 448 43
433 449 45
434 450 28
435 451 17
436 452 49
437 453 13
438 454 27
439 455 32
440 455 45
441 456 25
442 456 11
443 457 30
444 457 31
445 457 33
446 458 14
447 459 49
448 459 15
449 459 4
450 460 37
451 461 12
452 462 21
453 463 22
454 464 13
455 465 27
455 466 21
456 467 35
457 468 32
458 469 43
458 470 4
459 471 41
459 472 48
460 473 27
461 474 48
461 475 11
462 476 1
463 477 31
463 478 30
463 479 45
463 480 44
464 481 48
465 482 23
466 483 26
467 484 24
467 485 33
468 486 37
469 487 14
469 488 2
470 489 25
471 490 49
472 491 12
473 492 24
474 493 27
475 494 24
476 495 21
477 496 49
478 497 49
479 498 34
480 499 18
480 500 44
480 501 32
481 502 4
482 503 37
483 504 7
484 505 2
485 506 34
486 507 7
487 508 18
488 509 5
489 510 41
490 511 8
491 512 31
492 513 29
493 513 28
494 514 31
495 515 29
496 515 23
497 516 29
498 516 12
499 517 22
500 518 25
501 519 32
502 520 4
503 520 32
504 521 43
505 521 40
506 522 27
507 523 41
508 523 34
509 524 43
510 525 28
511 526 45
512 526 25
513 527 16
514 528 31
515 528 16
516 529 23
517 530 20
518 530 23
519 531 43
520 532 38
520 533 31
521 534 24
522 535 3
522 536 11
523 537 46
524 538 6
524 539 48
525 540 20
526 541 42
527 542 23
528 543 11
528 544 23
529 545 19
530 546 31
531 547 44
531 548 20
532 549 14
533 550 4
533 551 5
534 552 29
535 553 43
535 554 45
536 555 48
536 556 34
537 557 17
538 558 24
539 559 13
540 560 27
540 561 29
541 562 12
542 563 7
543 564 21
544 565 39
545 566 29
546 567 7
547 568 13
548 569 13
549 570 16
550 571 8
551 572 2
552 573 1
553 574 17
554 575 29
555 575 18
556 576 23
557 576 41
558 577 22
559 578 14
560 578 25
561 579 9
562 579 19
563 580 38
564 581 11
565 582 5
566 582 40
567 583 35
568 584 7
569 584 4
570 585 7
571 586 40
572 587 2
573 588 13
574 589 42
575 590 29
576 591 26
577 592 36
578 593 45
579 594 36
580 595 46
581 596 25
582 597 5
583 598 40
584 599 37
585 600 1
586 600 40
587 600 35
588 600 18
589 600 12
590 600 29
591 600 45
592 600 3
593 600 1
594 600 22
595 600 18
596 600 32
597 600 23
598 600 41
599 600 24
