1 2 1
1 3 1
1 4 1
2 5 1
2 6 1
2 7 1
3 8 1
3 9 1
3 10 1
4 11 1
4 12 1
4 13 1
5 14 1
6 15 1
7 16 1
7 17 1
8 18 1
9 19 1
10 20 1
11 21 1
11 22 1
11 23 1
12 24 1
12 25 1
13 26 1
13 27 1
14 28 1
15 28 1
16 29 1
17 29 1
18 30 1
19 31 1
20 31 1
21 32 1
22 32 1
23 33 1
24 34 1
25 35 1
26 35 1
27 36 1
28 37 1
29 37 1
30 38 1
31 39 1
32 40 1
33 41 1
34 42 1
35 43 1
36 44 1
37 45 1
38 46 1
39 47 1
40 48 1
41 49 1
41 50 1
42 51 1
43 52 1
44 53 1
45 54 1
46 55 1
47 56 1
48 57 1
49 58 1
50 59 1
51 60 1
52 61 1
53 62 1
54 63 1
54 64 1
55 65 1
56 66 1
57 67 1
58 68 1
59 69 1
59 70 1
60 71 1
61 72 1
62 73 1
63 74 1
64 75 1
65 76 1
66 77 1
67 78 1
68 79 1
69 80 1
70 81 1
71 82 1
72 83 1
73 84 1
74 85 1
75 86 1
76 87 1
77 88 1
78 88 1
79 89 1
80 90 1
81 90 1
82 91 1
83 91 1
84 92 1
85 93 1
86 94 1
86 95 1
87 96 1
88 97 1
88 98 1
89 99 1
90 100 1
90 101 1
91 102 1
92 103 1
93 104 1
94 105 1
95 106 1
96 107 1
97 108 1
98 109 1
99 109 1
100 110 1
101 111 1
102 112 1
103 112 1
104 113 1
105 114 1
106 115 1
107 116 1
108 117 1
109 118 1
110 119 1
111 120 1
112 121 1
113 122 1
114 123 1
115 124 1
116 125 1
117 126 1
118 127 1
119 127 1
120 127 1
121 128 1
122 129 1
122 130 1
123 131 1
124 132 1
124 133 1
125 134 1
126 135 1
127 136 1
127 137 1
128 138 1
129 139 1
130 140 1
131 141 1
132 142 1
133 143 1
134 143 1
135 144 1
136 145 1
137 146 1
138 147 1
139 148 1
139 149 1
140 150 1
140 151 1
141 152 1
141 153 1
142 154 1
143 155 1
143 156 1
144 157 1
145 158 1
146 159 1
147 160 1
147 161 1
148 162 1
149 163 1
150 163 1
151 163 1
152 164 1
153 165 1
154 165 1
155 165 1
156 165 1
157 165 1
158 166 1
159 167 1
160 168 1
161 168 1
162 169 1
163 170 1
164 171 1
165 172 1
166 173 1
167 174 1
168 175 1
169 176 1
170 177 1
171 178 1
172 179 1
173 180 1
174 181 1
175 182 1
176 183 1
177 184 1
178 185 1
178 186 1
179 187 1
180 188 1
181 189 1
182 190 1
183 191 1
184 192 1
185 193 1
186 194 1
186 195 1
187 196 1
187 197 1
188 198 1
188 199 1
189 200 1
189 201 1
190 202 1
191 203 1
192 204 1
193 205 1
194 206 1
195 207 1
195 208 1
196 209 1
197 210 1
198 211 1
199 212 1
200 213 1
201 214 1
202 215 1
203 216 1
204 216 1
205 217 1
206 218 1
207 218 1
208 218 1
209 219 1
210 219 1
211 220 1
212 221 1
213 221 1
214 222 1
215 222 1
216 223 1
216 224 1
217 225 1
217 226 1
218 227 1
219 228 1
220 229 1
220 230 1
221 231 1
221 232 1
222 233 1
223 234 1
224 235 1
225 236 1
226 237 1
227 238 1
228 239 1
229 240 1
230 240 1
231 241 1
232 242 1
233 243 1
234 244 1
235 245 1
236 246 1
237 246 1
238 247 1
239 248 1
240 249 1
241 249 1
242 250 1
243 251 1
244 252 1
244 253 1
245 254 1
246 255 1
247 256 1
248 257 1
249 258 1
250 259 1
251 260 1
252 261 1
253 262 1
254 263 1
255 263 1
256 264 1
257 264 1
258 265 1
259 266 1
260 267 1
261 268 1
261 269 1
261 270 1
262 271 1
262 272 1
263 273 1
264 274 1
265 275 1
265 276 1
265 277 1
266 278 1
267 279 1
268 280 1
269 281 1
270 282 1
271 283 1
271 284 1
272 285 1
273 286 1
273 287 1
274 288 1
275 289 1
276 290 1
277 291 1
278 292 1
279 293 1
280 294 1
281 295 1
282 295 1
283 295 1
284 296 1
285 296 1
286 297 1
287 297 1
288 297 1
289 298 1
290 298 1
291 298 1
292 299 1
293 299 1
294 300 1
295 300 1
296 300 1
297 300 1
298 300 1
299 300 1
