1 2 1
1 3 1
1 4 1
1 5 1
2 6 1
2 7 1
2 8 1
2 9 1
3 10 1
3 11 1
4 12 1
4 13 1
4 14 1
4 15 1
4 16 1
5 17 1
5 18 1
5 19 1
6 20 1
7 20 1
8 21 1
9 21 1
10 21 1
11 21 1
12 21 1
13 22 1
14 22 1
15 23 1
16 24 1
17 25 1
18 25 1
19 25 1
20 26 1
20 27 1
21 28 1
21 29 1
21 30 1
22 31 1
23 32 1
24 33 1
25 34 1
25 35 1
26 36 1
27 37 1
28 38 1
28 39 1
29 40 1
30 41 1
31 42 1
32 43 1
33 44 1
34 45 1
35 46 1
36 47 1
37 47 1
38 48 1
39 49 1
40 50 1
41 51 1
42 51 1
43 51 1
44 52 1
45 53 1
46 54 1
47 55 1
47 56 1
48 57 1
49 58 1
49 59 1
50 60 1
51 61 1
52 62 1
53 63 1
54 64 1
54 65 1
55 66 1
56 67 1
57 67 1
58 68 1
59 69 1
60 70 1
61 71 1
62 72 1
63 72 1
64 73 1
65 74 1
66 75 1
67 76 1
68 77 1
69 78 1
70 79 1
71 80 1
72 81 1
73 82 1
74 83 1
75 84 1
76 85 1
77 86 1
78 86 1
79 87 1
80 88 1
81 89 1
82 90 1
83 91 1
84 92 1
85 92 1
86 93 1
87 93 1
88 94 1
89 95 1
90 95 1
91 96 1
92 97 1
92 98 1
92 99 1
93 100 1
93 101 1
94 102 1
95 103 1
95 104 1
95 105 1
96 106 1
96 107 1
96 108 1
97 109 1
98 109 1
99 110 1
100 111 1
101 112 1
102 113 1
103 113 1
104 114 1
105 114 1
106 115 1
107 116 1
108 116 1
109 117 1
109 118 1
110 119 1
111 120 1
112 121 1
113 122 1
113 123 1
114 124 1
115 125 1
116 126 1
117 127 1
118 128 1
119 129 1
120 130 1
121 130 1
122 131 1
123 132 1
124 133 1
125 134 1
126 135 1
127 136 1
127 137 1
128 138 1
129 139 1
130 140 1
130 141 1
131 142 1
132 143 1
132 144 1
133 145 1
133 146 1
134 147 1
134 148 1
134 149 1
135 150 1
136 151 1
137 151 1
138 152 1
139 152 1
140 153 1
141 154 1
142 154 1
143 155 1
144 155 1
145 155 1
146 155 1
147 156 1
148 157 1
149 158 1
150 159 1
151 160 1
152 161 1
153 162 1
154 163 1
155 164 1
156 165 1
157 166 1
158 167 1
159 168 1
160 169 1
161 170 1
162 171 1
163 172 1
164 173 1
164 174 1
165 175 1
166 176 1
167 177 1
168 178 1
169 179 1
170 180 1
171 181 1
172 182 1
173 183 1
174 184 1
175 185 1
176 186 1
177 187 1
178 188 1
179 189 1
180 190 1
181 191 1
182 191 1
183 192 1
184 192 1
185 193 1
186 193 1
187 194 1
188 194 1
189 195 1
189 196 1
189 197 1
190 198 1
190 199 1
191 200 1
192 201 1
192 202 1
193 203 1
193 204 1
193 205 1
194 206 1
194 207 1
195 208 1
196 209 1
196 210 1
197 211 1
198 212 1
199 213 1
200 214 1
201 215 1
202 216 1
203 217 1
204 218 1
205 219 1
206 220 1
207 221 1
208 222 1
209 223 1
210 223 1
211 224 1
212 224 1
213 224 1
214 225 1
215 226 1
216 227 1
217 228 1
218 229 1
219 230 1
220 231 1
221 231 1
222 232 1
223 233 1
224 234 1
225 235 1
226 236 1
227 237 1
228 238 1
229 239 1
230 240 1
231 240 1
232 241 1
233 242 1
234 243 1
235 244 1
236 245 1
236 246 1
237 247 1
238 248 1
239 249 1
240 250 1
240 251 1
240 252 1
241 253 1
242 253 1
243 254 1
244 254 1
245 255 1
246 256 1
247 256 1
248 257 1
249 258 1
250 259 1
251 260 1
252 260 1
253 261 1
254 262 1
254 263 1
255 264 1
256 265 1
256 266 1
257 267 1
258 268 1
258 269 1
259 270 1
260 271 1
261 272 1
262 273 1
263 274 1
264 275 1
265 276 1
266 277 1
267 278 1
268 279 1
269 280 1
270 281 1
271 282 1
272 283 1
273 284 1
274 285 1
275 285 1
276 285 1
277 286 1
278 287 1
279 288 1
280 289 1
281 290 1
282 290 1
283 291 1
284 292 1
284 293 1
285 294 1
286 295 1
287 296 1
288 297 1
289 298 1
290 299 1
291 300 1
292 300 1
293 300 1
294 300 1
295 300 1
296 300 1
297 300 1
298 300 1
299 300 1
