1 2 25
1 3 8
1 4 86
2 5 58
2 6 55
2 7 116
3 8 20
3 9 41
3 10 26
4 11 18
4 12 59
4 13 75
4 14 49
5 15 20
6 16 66
7 17 27
8 18 22
8 19 79
8 20 64
9 21 100
9 22 77
10 23 112
10 24 50
11 25 108
12 26 71
12 27 97
13 28 62
13 29 80
13 30 92
14 31 37
14 32 44
14 33 87
14 34 45
15 35 45
16 36 19
17 36 80
18 37 90
19 38 49
20 39 7
21 39 65
22 40 41
23 41 16
24 42 26
25 43 81
26 44 7
27 45 67
28 46 5
29 47 101
30 48 83
31 48 39
32 49 94
33 50 45
34 51 100
35 52 74
36 53 13
37 54 6
38 55 58
38 56 50
39 57 70
40 58 24
41 59 37
42 60 109
43 61 87
44 62 92
45 63 52
45 64 98
46 65 58
47 66 98
48 67 98
49 68 92
50 69 67
51 70 106
52 71 67
53 72 61
54 73 66
55 73 41
56 74 8
57 75 114
58 76 67
59 76 74
60 77 43
61 77 69
62 77 6
63 78 20
64 79 78
65 79 32
66 79 14
67 80 12
68 81 47
69 81 89
70 82 36
71 83 107
72 84 86
73 85 54
74 86 99
75 87 10
76 88 51
77 89 3
77 90 55
78 91 76
78 92 4
79 93 54
80 94 25
81 95 56
82 96 42
82 97 75
83 98 55
84 99 25
85 100 81
85 101 21
86 102 62
87 103 12
88 104 71
89 105 2
90 106 79
91 107 56
92 108 49
93 109 56
93 110 55
93 111 51
94 112 101
95 113 55
96 114 41
97 115 81
98 116 10
99 117 47
100 117 88
101 118 70
102 119 18
103 119 61
104 120 90
105 120 37
106 121 94
107 121 50
108 122 119
109 123 84
110 124 7
111 124 13
112 125 28
113 126 117
114 127 18
115 128 92
116 129 65
117 130 108
117 131 100
118 132 80
118 133 39
119 134 75
119 135 34
120 136 28
121 137 39
122 138 78
123 139 12
124 140 21
125 141 64
126 142 29
127 143 71
128 144 89
128 145 59
129 146 98
130 147 21
131 148 53
132 149 68
133 150 6
134 151 73
135 152 1
136 153 74
137 153 90
138 154 34
139 155 6
140 156 82
141 157 6
142 158 11
143 159 13
144 160 54
145 161 56
146 162 26
147 163 71
148 164 18
148 165 106
149 166 110
150 167 64
151 168 29
152 169 115
153 170 116
154 171 21
155 172 2
156 173 43
157 174 25
158 175 91
159 176 57
160 177 9
161 178 43
162 179 113
163 179 63
164 180 20
165 181 113
166 182 57
167 183 49
168 184 10
169 185 118
170 185 2
171 186 41
172 187 89
173 188 95
174 189 3
175 189 53
176 190 78
177 191 1
178 191 42
179 192 116
180 193 88
180 194 65
181 195 40
182 196 9
183 197 8
184 198 109
185 199 86
185 200 93
186 201 21
186 202 64
187 203 91
188 204 65
189 205 109
190 206 61
191 207 89
191 208 56
192 209 5
193 210 47
194 211 74
195 212 81
195 213 34
196 214 86
197 215 75
198 216 57
199 217 66
200 218 65
201 219 104
202 220 43
203 221 43
204 222 94
204 223 1
205 224 42
206 225 60
207 226 90
207 227 71
208 228 98
209 229 83
210 230 118
211 230 20
212 231 113
213 232 63
214 232 14
215 233 6
216 234 9
217 234 70
218 235 23
219 236 89
220 236 24
221 237 47
222 237 116
223 238 70
224 238 25
225 238 22
226 239 19
227 240 48
228 241 56
229 242 72
230 243 52
230 244 45
231 245 55
232 246 108
233 247 66
234 248 82
235 249 5
235 250 108
236 251 54
237 252 9
238 253 9
239 254 108
240 255 96
241 256 4
242 257 18
243 258 1
244 259 87
245 260 112
245 261 42
246 262 72
247 263 56
247 264 70
247 265 101
248 266 74
249 267 74
249 268 9
250 269 4
250 270 91
251 271 97
252 272 66
253 273 45
253 274 81
254 275 33
255 276 103
256 277 26
257 278 22
258 279 62
259 279 77
260 280 36
261 281 87
262 281 80
263 281 107
264 281 11
265 282 117
266 283 79
267 283 49
268 284 119
269 285 93
270 285 84
271 286 89
272 287 11
273 288 98
274 289 78
275 290 75
276 291 38
277 292 95
278 293 99
279 294 50
279 295 21
280 296 13
281 297 49
282 298 14
283 299 32
284 300 21
285 301 28
286 302 60
287 303 60
288 304 43
289 305 28
289 306 79
289 307 79
290 308 68
291 309 20
291 310 59
292 311 113
293 312 57
294 313 43
295 314 16
296 315 112
297 316 53
298 317 28
299 317 96
300 318 16
301 319 34
302 320 19
303 321 4
304 322 22
305 323 76
306 323 59
307 324 60
308 324 119
309 325 4
310 325 111
311 325 42
312 326 95
313 327 41
314 328 17
315 329 111
316 330 90
316 331 11
317 332 57
318 333 115
319 334 99
320 335 86
321 336 74
321 337 13
321 338 69
321 339 82
322 340 107
323 341 55
324 342 8
325 343 79
325 344 61
326 345 76
327 346 36
328 347 67
329 348 40
330 349 3
331 350 24
332 351 100
333 352 73
334 353 95
335 354 39
336 355 112
337 356 113
338 357 39
339 358 93
340 359 100
341 360 48
342 361 67
343 362 61
344 363 19
345 364 105
346 365 83
347 365 32
348 366 82
349 367 14
350 367 17
351 368 109
352 369 91
353 370 76
354 371 65
355 372 90
356 373 73
357 374 44
358 374 19
359 375 87
360 376 106
361 376 23
362 376 46
363 377 83
364 378 44
364 379 109
364 380 22
365 381 5
365 382 34
365 383 5
365 384 73
365 385 4
366 386 115
366 387 51
366 388 37
367 389 116
367 390 109
367 391 13
367 392 6
367 393 7
368 394 71
368 395 2
368 396 118
369 397 5
369 398 18
370 399 92
370 400 39
370 401 109
371 402 6
371 403 50
371 404 55
371 405 83
372 406 86
372 407 9
372 408 75
372 409 109
373 410 118
373 411 93
373 412 6
373 413 97
374 414 29
374 415 77
374 416 65
375 417 118
375 418 117
375 419 6
375 420 115
376 421 64
376 422 14
376 423 35
377 424 95
377 425 107
377 426 43
377 427 54
377 428 41
378 429 12
379 430 86
380 430 74
381 430 25
382 431 96
383 431 100
384 431 5
385 431 13
386 432 70
387 432 50
388 433 42
389 434 81
390 434 61
391 434 71
392 434 27
393 434 63
394 435 103
395 435 91
396 436 72
397 436 99
398 436 107
399 437 12
400 437 33
401 438 100
402 438 116
403 438 115
404 439 102
405 439 37
406 439 8
407 439 106
408 439 59
409 439 27
410 440 90
411 440 106
412 441 50
413 441 30
414 442 65
415 442 44
416 442 7
417 442 33
418 442 116
419 443 83
420 444 68
421 445 109
422 445 1
423 445 21
424 445 34
425 446 20
426 446 55
427 446 33
428 446 17
429 447 42
430 448 36
431 449 108
432 450 75
433 451 118
434 452 35
435 453 119
436 454 33
437 455 81
438 456 20
439 457 51
440 458 26
441 459 117
442 460 72
443 461 91
444 462 97
445 463 5
446 464 100
447 465 112
448 465 92
449 466 7
450 467 38
451 468 1
452 469 66
453 469 67
454 470 104
455 471 96
456 472 107
457 473 49
458 474 114
459 474 111
460 475 87
461 476 89
462 477 70
463 478 94
464 479 41
465 480 52
465 481 15
466 482 100
467 483 90
467 484 40
468 485 10
469 486 65
470 487 34
471 488 84
472 489 68
472 490 12
472 491 38
473 492 68
474 493 19
475 494 51
476 495 80
477 496 28
478 497 70
479 498 52
480 499 25
481 500 59
482 501 77
483 502 51
484 503 75
485 504 79
486 504 72
487 505 2
488 506 94
489 507 59
490 508 4
491 509 5
492 510 96
493 511 52
494 512 53
495 513 12
496 514 12
497 515 108
498 516 87
499 517 60
500 518 56
501 519 43
502 520 84
503 521 100
504 522 64
505 523 99
506 524 77
507 525 106
507 526 67
507 527 89
508 528 49
509 529 13
509 530 1
510 531 95
510 532 16
511 533 15
512 534 6
513 535 59
514 536 42
515 537 117
516 538 109
517 539 80
518 539 79
519 540 22
520 540 39
521 540 44
522 541 79
523 541 28
524 542 59
525 543 66
526 543 117
527 544 28
528 545 77
529 546 39
530 547 60
531 548 68
532 549 78
533 550 51
534 551 75
535 552 93
536 553 116
537 554 86
538 555 82
539 556 88
540 557 91
541 558 86
542 558 23
543 558 98
544 558 67
545 559 27
546 559 78
547 560 11
548 561 40
549 561 114
550 562 119
551 562 2
552 563 53
553 563 59
554 564 78
555 564 6
556 565 64
557 566 22
558 566 40
559 567 28
560 568 83
561 569 3
562 570 31
563 570 87
564 571 42
565 572 80
566 573 73
566 574 73
567 575 7
567 576 29
567 577 76
567 578 85
567 579 20
568 580 13
568 581 57
569 582 110
569 583 28
570 584 11
571 585 83
571 586 88
572 587 50
572 588 83
573 589 33
574 590 49
574 591 27
575 592 31
576 593 57
576 594 31
577 595 94
578 596 71
579 597 13
580 598 111
581 599 111
581 600 47
582 601 115
583 602 6
584 603 91
585 604 44
586 605 1
587 606 97
588 607 41
589 608 21
590 609 5
591 610 64
592 611 84
593 612 12
594 613 49
595 614 98
596 615 40
597 616 86
598 617 87
599 618 49
600 619 25
601 620 9
602 621 117
603 621 53
604 622 64
605 623 81
606 624 21
607 625 64
608 626 11
608 627 105
609 628 37
610 629 60
611 630 35
612 631 3
613 632 58
614 633 87
615 634 33
616 635 1
617 636 22
618 637 78
619 638 41
620 639 103
621 640 19
622 641 96
623 642 100
624 643 97
625 644 104
626 645 25
627 646 59
628 647 25
629 648 27
630 649 55
631 649 119
632 650 97
633 651 59
634 652 104
635 653 90
636 654 47
637 655 43
638 655 112
639 656 108
640 657 102
641 658 23
642 659 52
643 660 72
644 660 11
645 661 27
646 662 44
647 662 34
648 663 32
649 663 24
650 664 64
651 665 19
652 666 53
653 666 97
654 667 87
655 668 35
656 668 90
657 669 82
658 669 64
659 670 112
660 671 83
660 672 38
661 673 86
662 674 27
662 675 30
663 676 53
664 677 29
664 678 20
665 679 58
666 680 32
667 681 107
668 682 86
668 683 90
669 684 102
670 685 79
670 686 72
671 687 24
672 688 104
673 689 59
674 690 92
675 691 91
676 692 22
677 693 54
678 694 31
679 695 24
680 696 27
681 697 86
682 698 42
683 699 44
684 699 95
685 700 102
686 701 94
687 702 94
688 703 114
689 704 12
690 705 69
691 706 105
692 707 84
693 708 72
694 709 22
695 710 114
696 711 57
697 712 92
698 713 82
699 714 104
700 715 82
701 716 52
702 717 108
703 718 70
704 719 27
705 720 84
706 721 70
707 722 10
708 723 3
709 724 38
709 725 86
710 726 104
710 727 80
711 728 112
712 729 74
712 730 68
713 731 42
714 732 36
715 733 13
715 734 10
716 735 38
717 736 101
718 737 50
719 737 18
720 738 108
721 739 58
722 739 48
723 740 44
724 740 112
725 741 21
726 742 14
727 743 38
728 743 4
729 744 91
730 745 105
731 746 9
732 747 65
733 748 88
734 749 22
735 750 104
736 751 2
737 752 62
737 753 105
738 754 63
738 755 99
739 756 55
740 757 37
741 758 13
742 759 53
743 760 77
744 761 52
745 762 72
746 763 28
747 764 41
748 765 85
749 766 23
750 767 71
750 768 59
751 769 113
752 769 46
753 770 56
754 771 69
755 772 73
756 772 74
757 773 104
758 774 44
759 774 9
760 774 80
761 774 28
762 775 94
763 776 111
764 776 94
765 777 14
766 777 57
767 778 37
768 778 110
769 779 81
770 780 101
770 781 47
770 782 114
771 783 19
771 784 19
772 785 76
772 786 70
773 787 14
773 788 88
774 789 102
774 790 66
774 791 64
775 792 33
775 793 8
776 794 100
776 795 85
777 796 114
778 797 61
778 798 51
778 799 58
779 800 89
780 800 59
781 800 97
782 800 81
783 800 98
784 800 52
785 800 80
786 800 55
787 800 26
788 800 58
789 800 57
790 800 28
791 800 100
792 800 105
793 800 41
794 800 54
795 800 2
796 800 11
797 800 21
798 800 6
799 800 107
