1 2 9
1 3 5
1 4 13
1 5 9
2 6 1
2 7 12
2 8 10
2 9 4
3 10 2
3 11 1
3 12 11
3 13 10
4 14 3
4 15 1
4 16 8
5 17 6
5 18 5
5 19 7
6 20 2
7 21 11
7 22 4
8 23 5
9 24 9
10 25 11
11 26 4
12 27 12
13 28 3
14 29 12
15 30 9
16 31 8
17 32 10
18 33 11
19 34 11
19 35 10
20 36 8
20 37 8
21 38 1
21 39 8
22 40 11
23 41 5
24 42 3
24 43 7
24 44 10
24 45 4
25 46 4
25 47 11
26 48 11
27 49 4
28 50 13
28 51 4
28 52 7
29 53 8
30 54 10
31 55 5
31 56 10
32 57 4
32 58 10
33 59 5
33 60 5
33 61 8
34 62 1
34 63 13
34 64 3
35 65 10
35 66 1
36 67 13
37 67 1
38 68 1
39 68 2
40 69 5
41 69 1
42 69 3
43 70 10
44 70 13
45 71 6
46 71 10
47 72 5
48 73 1
49 74 3
50 74 13
51 75 3
52 76 5
53 77 1
54 77 12
55 77 8
56 78 9
57 79 2
58 79 13
59 79 1
60 79 9
61 79 4
62 79 12
63 80 3
64 80 10
65 81 3
66 82 4
67 83 4
68 84 12
69 85 4
70 86 3
71 87 6
72 88 6
73 89 12
73 90 7
74 91 8
75 92 9
76 93 1
77 94 12
78 95 10
79 96 1
80 97 2
81 98 2
82 99 7
83 100 13
84 100 2
85 100 10
86 100 8
87 100 8
88 100 12
89 100 7
90 100 1
91 100 3
92 100 2
93 100 11
94 100 11
95 100 1
96 100 9
97 100 7
98 100 2
99 100 2
