5 9 14 23 19 22 20 12
9 11 10 9 8 1 7 5
2 2 2 2 1 1 1 1
6 2 2 7 0 1 3 4
3 2 2 3 3 1 1 3
2 6 1 3 0 1 5 0
0 22 5 11 20 1 17 24
5 1 11 7 4 0 4 8
4 13 7 13 18 0 6 15
7 15 16 1 15 13 15 9
21 13 10 23 5 3 9 2
4 2 20 17 12 25 15 24
1 4 8 0 7 3 8 6
5 4 6 4 1 1 6 7
12 16 3 9 1 15 15 3
0 4 0 11 6 1 9 11
1 2 3 4 0 3 2 0
5 0 16 1 17 16 3 8
5 2 14 11 7 6 3 7
16 6 2 2 12 4 10 10
4 1 8 6 0 2 3 4
3 0 5 5 4 1 5 0
1 1 1 0 1 0 2 1
2 0 1 3 3 3 3 0
13 0 13 0 26 26 32 27
26 28 22 26 22 9 10 13
0 1 0 2 0 0 2 1
11 9 12 9 4 3 11 1
1 9 9 32 22 28 0 17
6 0 6 3 2 3 0 0
5 2 5 0 1 4 6 3
2 2 2 0 2 2 1 2
12 12 17 9 12 18 0 14
4 1 3 7 5 0 2 7
0 30 27 25 8 28 13 32
2 1 1 0 5 5 3 5
9 7 3 10 6 13 1 3
30 18 20 3 11 29 12 18
12 5 14 1 11 1 15 14
26 8 9 17 27 18 21 15
2 1 12 8 4 9 4 3
9 11 13 22 8 12 13 23
30 31 30 30 6 32 15 2
4 8 10 6 8 6 10 6
0 11 2 0 8 14 9 11
5 6 5 9 4 23 3 13
4 6 5 5 14 5 2 6
9 15 19 5 15 15 17 0
12 26 15 16 18 23 13 13
15 27 12 29 24 3 3 23
