1 2 8
1 3 11
1 4 4
1 5 5
2 6 12
2 7 12
2 8 4
2 9 3
3 10 12
3 11 8
3 12 3
3 13 4
3 14 10
4 15 13
4 16 12
4 17 6
4 18 9
5 19 8
5 20 11
5 21 11
5 22 12
6 23 8
7 23 7
8 23 12
9 24 2
10 24 12
11 25 9
12 26 4
13 26 4
14 27 1
15 28 4
16 29 11
17 30 1
18 31 1
19 31 11
20 31 1
21 32 4
22 33 11
23 34 9
23 35 13
24 36 6
25 37 9
26 38 7
27 39 3
28 40 9
28 41 3
29 42 6
30 43 7
31 44 6
32 45 3
33 46 13
34 47 2
35 48 13
36 49 13
37 50 6
38 51 8
39 52 11
40 53 3
41 54 6
42 55 2
43 56 2
44 57 4
45 58 4
46 58 11
47 59 5
48 60 12
49 60 5
50 60 12
51 61 5
52 62 11
53 63 5
54 64 2
55 65 8
56 65 9
57 66 6
58 67 8
59 68 13
60 69 3
61 70 7
62 71 10
63 72 5
64 73 8
65 74 2
66 75 2
66 76 5
67 77 11
68 78 8
68 79 8
69 80 4
69 81 2
70 82 7
70 83 7
70 84 3
71 85 9
72 86 3
72 87 5
73 88 10
73 89 10
74 90 8
74 91 13
75 92 11
76 93 6
76 94 13
77 95 5
77 96 10
78 97 12
79 98 11
80 99 6
81 100 7
82 101 1
83 102 12
84 103 8
85 104 12
86 105 9
87 105 7
88 106 8
89 107 6
90 107 13
91 108 1
92 109 1
93 110 11
94 111 6
95 112 12
96 113 11
97 114 12
98 115 11
99 116 12
100 117 4
101 118 12
102 119 2
103 120 6
104 121 13
105 122 7
106 123 9
107 124 1
108 125 7
109 126 12
110 127 3
111 128 3
112 129 2
113 130 8
114 131 12
115 132 12
116 133 9
117 134 5
118 135 2
119 136 4
120 137 10
121 138 10
122 139 4
123 140 9
124 141 9
125 142 9
126 143 2
127 144 11
128 145 7
129 146 9
130 146 2
131 147 5
132 148 3
133 149 4
134 150 7
135 151 4
136 152 11
137 153 6
138 154 1
139 155 7
140 156 13
141 157 12
142 158 1
143 159 7
144 160 1
145 161 3
146 162 5
147 163 7
148 164 10
149 164 10
150 164 11
151 164 1
152 165 12
153 166 12
154 167 6
155 168 9
156 169 7
157 170 7
158 170 9
159 171 2
160 172 12
161 172 5
162 173 8
163 174 6
164 175 11
164 176 4
165 177 5
166 178 5
167 179 5
168 180 6
169 181 6
170 182 9
170 183 13
171 184 13
172 185 1
173 186 9
174 187 5
174 188 6
175 189 11
176 190 7
177 191 10
177 192 3
178 193 12
179 194 4
180 195 3
181 196 7
182 197 10
183 198 4
183 199 2
183 200 2
184 201 9
185 202 10
186 203 6
187 204 5
188 205 9
189 205 5
190 206 10
191 206 6
192 207 13
193 208 10
194 209 5
195 209 10
196 210 6
197 211 2
198 211 7
199 212 9
200 212 8
201 212 11
202 213 4
203 214 7
204 215 2
205 216 2
206 217 13
207 218 10
208 219 11
209 220 10
210 221 4
211 222 11
212 223 2
213 224 13
214 225 1
215 226 3
215 227 7
216 228 12
217 229 13
218 230 1
219 231 4
220 232 6
221 233 13
222 234 2
223 235 7
224 236 4
225 237 3
226 238 8
227 239 7
228 240 10
229 241 2
230 242 7
231 243 13
232 244 11
233 245 7
234 246 5
235 247 9
236 248 4
237 249 7
238 250 3
239 250 2
240 251 2
241 252 11
242 253 10
243 254 10
244 255 3
245 256 8
246 257 5
247 258 6
248 259 2
249 260 10
250 261 11
251 262 9
252 263 3
253 264 12
254 265 8
255 266 1
256 267 7
257 268 10
257 269 4
258 270 9
259 271 2
260 272 1
261 273 11
262 274 4
263 275 13
264 276 2
264 277 8
265 278 3
266 279 8
267 280 4
268 281 9
268 282 5
269 283 8
270 284 11
271 285 8
272 286 10
273 287 13
274 288 4
274 289 1
274 290 7
275 291 6
276 292 6
277 293 3
277 294 11
278 295 2
279 296 12
280 297 6
281 298 3
282 299 9
283 300 11
284 301 1
285 302 5
286 303 13
287 304 10
288 305 6
289 306 5
290 307 7
291 308 9
292 308 8
293 309 8
294 310 4
295 311 12
296 312 2
297 313 10
298 314 2
299 315 10
300 316 6
301 317 10
302 318 6
303 319 8
304 320 5
304 321 7
304 322 2
304 323 13
305 324 4
305 325 1
306 326 3
306 327 13
307 328 11
307 329 5
307 330 11
307 331 1
307 332 4
308 333 1
308 334 4
308 335 6
309 336 10
309 337 11
310 338 9
310 339 13
310 340 6
311 341 11
311 342 10
312 343 13
313 344 11
313 345 10
313 346 8
314 347 10
314 348 10
314 349 8
315 350 9
315 351 8
316 352 3
316 353 11
316 354 12
316 355 8
317 356 3
317 357 7
317 358 7
318 359 6
318 360 9
318 361 5
318 362 6
319 363 5
319 364 5
320 365 13
321 365 11
322 366 13
323 367 1
324 367 10
325 367 1
326 367 1
327 367 1
328 368 4
329 368 3
330 368 3
331 368 9
332 368 10
333 369 3
334 369 7
335 369 10
336 370 13
337 370 1
338 370 13
339 370 7
340 370 13
341 370 6
342 371 1
343 371 11
344 371 10
345 371 6
346 371 1
347 372 4
348 373 10
349 373 11
350 373 7
351 373 1
352 374 10
353 374 1
354 375 3
355 375 3
356 375 2
357 375 2
358 375 3
359 376 2
360 376 8
361 376 1
362 376 3
363 376 2
364 376 4
365 377 9
366 378 10
366 379 5
366 380 8
367 381 3
367 382 6
368 383 3
369 384 6
370 385 8
370 386 13
371 387 4
372 388 13
373 389 13
374 390 9
374 391 2
375 392 11
375 393 8
376 394 7
377 395 10
378 396 3
379 397 6
380 398 2
381 399 10
382 400 13
383 401 13
384 402 2
385 403 11
386 403 4
387 404 6
388 404 11
389 405 9
390 406 2
391 407 3
392 408 8
393 408 12
394 409 9
395 410 2
396 411 1
396 412 11
397 413 5
398 414 3
399 415 4
400 416 4
401 417 10
402 418 1
403 419 11
403 420 1
404 421 8
405 422 13
406 423 5
407 424 9
408 425 2
409 426 7
410 427 1
411 428 8
412 429 5
413 430 9
414 431 12
415 432 4
416 433 8
417 434 10
418 435 13
419 436 12
420 437 1
421 438 13
422 439 11
423 440 2
424 441 10
425 442 9
426 443 10
427 444 9
428 445 4
429 446 11
430 447 4
431 448 4
432 449 2
433 450 3
434 451 8
435 452 1
436 453 5
437 454 7
438 455 12
439 456 4
440 457 3
441 458 5
442 458 11
443 459 3
444 460 7
445 460 3
446 461 1
447 461 1
448 462 5
449 463 3
450 464 10
451 464 8
452 465 10
453 466 10
454 467 1
455 468 11
456 469 7
457 470 1
458 471 12
459 471 12
460 472 10
461 473 4
462 474 13
463 475 9
464 476 4
465 477 13
465 478 8
466 479 3
467 480 5
467 481 13
468 482 3
469 483 11
470 484 9
471 485 2
472 486 4
473 487 11
474 488 12
475 489 5
476 490 8
477 491 4
478 492 3
479 493 5
480 494 8
481 495 8
482 496 13
483 497 7
484 498 3
485 499 7
486 500 12
487 501 4
488 502 4
488 503 12
489 504 5
490 505 13
491 506 6
492 507 5
492 508 6
493 509 13
493 510 12
494 511 8
495 512 7
496 513 10
497 514 13
498 515 13
499 516 3
500 517 4
501 518 2
502 519 9
503 520 12
504 521 6
505 521 11
506 521 3
507 521 3
508 522 2
509 523 8
510 523 12
511 524 4
512 525 11
513 526 1
514 527 11
515 528 4
516 528 5
517 529 4
518 530 12
519 531 8
520 532 10
521 532 11
522 533 8
523 534 7
524 535 1
525 536 9
526 537 7
527 538 6
528 539 8
529 540 12
529 541 9
529 542 8
530 543 10
531 544 9
532 545 5
533 546 12
534 547 7
534 548 3
535 549 11
535 550 3
536 551 13
537 552 4
538 553 5
539 554 9
539 555 8
540 556 12
541 556 6
542 557 9
543 558 3
544 558 4
545 559 8
546 559 10
547 559 9
548 560 13
549 560 9
550 560 11
551 561 10
552 562 13
553 563 4
554 564 1
555 564 2
556 565 2
556 566 10
556 567 5
557 568 4
557 569 13
558 570 13
558 571 10
559 572 4
559 573 6
560 574 8
560 575 3
560 576 2
561 577 12
561 578 13
561 579 5
562 580 2
562 581 10
563 582 11
563 583 3
563 584 6
564 585 3
564 586 11
565 587 9
566 587 13
567 588 6
568 589 11
569 589 1
570 590 13
571 591 4
572 591 1
573 592 10
574 592 12
575 593 4
576 594 12
577 594 2
578 595 13
579 596 12
580 597 7
581 598 2
582 599 6
583 599 9
584 600 7
585 600 1
586 601 2
587 602 3
588 603 1
589 604 12
590 605 13
591 606 11
592 607 10
593 608 7
594 609 6
595 610 12
596 611 1
597 612 1
598 613 4
599 614 7
600 615 11
601 616 10
602 617 4
603 618 9
604 618 6
605 619 10
606 620 1
607 620 7
608 620 13
609 620 1
610 620 1
611 621 6
612 621 5
613 621 6
614 622 5
615 622 13
616 623 8
617 624 2
618 625 3
619 626 13
619 627 11
619 628 12
620 629 13
621 630 1
622 631 7
623 632 13
624 633 6
624 634 7
625 635 11
625 636 13
626 637 8
627 638 13
628 639 1
629 640 7
629 641 4
630 642 12
631 643 6
631 644 7
632 645 2
632 646 12
633 647 8
634 648 12
635 649 9
636 650 4
637 650 12
638 651 6
639 652 6
640 653 4
641 654 10
642 655 8
643 656 2
644 656 5
645 657 13
646 658 2
647 659 7
648 660 13
649 661 11
649 662 13
650 663 7
651 664 3
652 665 2
653 666 13
653 667 6
653 668 13
654 669 9
655 670 4
656 671 11
657 672 11
657 673 1
658 674 9
658 675 6
659 676 7
660 677 10
661 678 11
662 679 3
663 680 8
664 681 8
665 682 8
666 683 13
667 683 4
668 684 6
669 685 1
670 686 9
671 687 2
672 687 1
673 688 3
674 689 11
675 689 10
676 690 3
677 690 11
678 691 6
679 692 5
680 692 13
681 693 4
682 694 9
683 694 13
684 695 4
685 696 2
686 696 1
687 697 12
688 698 13
689 699 4
690 700 1
691 700 4
692 700 6
693 700 3
694 700 2
695 700 13
696 700 6
697 700 13
698 700 11
699 700 13
