1 2 20
1 3 44
1 4 32
2 5 1
2 6 46
2 7 29
2 8 17
3 9 4
3 10 34
3 11 40
4 12 36
4 13 19
4 14 32
5 15 43
6 16 23
6 17 27
7 18 31
8 19 16
8 20 33
9 21 36
10 22 40
10 23 46
11 24 47
11 25 2
11 26 34
11 27 42
12 28 43
12 29 38
12 30 37
13 31 15
14 32 31
14 33 10
15 34 6
16 35 29
17 36 4
18 37 27
19 38 46
20 38 35
21 39 25
22 39 19
23 40 33
24 41 6
25 42 8
26 43 5
27 43 26
28 44 3
29 45 12
30 46 19
31 47 21
32 48 35
33 49 15
34 50 3
35 50 47
36 50 2
37 50 27
38 50 45
39 50 23
40 50 6
41 50 36
42 50 35
43 50 5
44 50 41
45 50 48
46 50 28
47 50 9
48 50 15
49 50 33
