1 2 19
1 3 7
1 4 15
1 5 24
2 6 27
2 7 7
2 8 2
3 9 8
3 10 16
3 11 12
3 12 2
4 13 24
4 14 27
4 15 27
4 16 26
5 17 10
5 18 27
5 19 18
6 20 17
7 21 13
8 22 23
9 23 6
9 24 24
9 25 13
10 26 10
11 27 9
11 28 24
12 29 27
13 30 14
14 31 5
14 32 14
15 33 7
15 34 27
16 35 8
16 36 1
17 37 13
18 38 21
19 39 16
20 40 1
21 41 10
22 42 7
23 43 14
24 44 5
25 45 11
26 46 17
27 47 11
28 48 7
29 49 24
30 50 23
31 51 9
32 52 29
33 53 29
34 54 20
35 55 7
36 56 10
37 57 1
37 58 12
38 59 8
39 60 8
40 61 23
41 62 29
41 63 17
42 64 21
43 65 28
44 66 11
45 67 24
46 68 18
47 69 17
48 70 17
49 71 13
50 72 6
51 73 7
52 74 17
53 75 2
54 76 21
55 77 5
56 78 26
57 79 24
58 80 29
59 81 19
60 82 6
61 83 17
62 84 2
63 85 9
64 86 18
65 87 29
66 88 4
67 89 23
68 90 12
69 91 9
70 92 1
71 93 10
72 94 4
73 95 6
74 95 9
75 95 15
76 96 22
77 97 12
78 98 22
79 99 11
80 100 28
81 100 18
82 101 8
83 102 1
84 103 1
85 104 9
86 105 28
87 106 23
88 107 1
89 108 12
90 109 21
91 110 8
92 111 25
93 112 15
94 113 9
95 114 20
96 115 12
96 116 11
96 117 22
97 118 3
98 119 2
99 120 13
100 121 27
101 122 22
102 123 18
103 124 23
104 125 8
105 126 19
106 127 12
107 128 22
108 129 25
109 130 2
110 131 10
111 132 21
112 133 23
112 134 6
113 135 26
114 136 8
115 137 18
116 138 13
117 139 4
118 140 25
119 141 28
120 142 20
121 143 17
122 144 20
123 145 23
124 146 14
125 147 3
126 148 1
127 149 7
128 150 24
129 151 11
130 152 7
131 153 4
132 154 17
133 155 9
134 156 8
135 157 7
136 158 19
137 158 29
138 159 27
139 160 8
140 161 18
141 162 10
142 163 8
143 164 25
144 165 26
145 166 20
145 167 20
146 168 12
146 169 13
146 170 27
147 171 25
147 172 15
148 173 9
148 174 28
148 175 3
149 176 20
150 177 21
150 178 24
151 179 7
151 180 8
151 181 10
152 182 3
152 183 9
153 184 13
153 185 26
154 186 6
155 187 5
155 188 14
156 189 1
156 190 18
156 191 27
157 192 4
158 193 5
159 194 5
160 195 1
160 196 17
161 197 14
162 198 2
162 199 14
163 200 23
164 201 26
165 202 15
165 203 28
166 204 25
167 204 23
168 204 26
169 204 14
170 205 27
171 205 9
172 205 28
173 205 12
174 205 12
175 206 9
176 207 16
177 207 16
178 208 3
179 208 24
180 209 1
181 210 20
182 210 17
183 211 8
184 211 24
185 211 27
186 212 22
187 213 22
188 214 11
189 214 24
190 214 28
191 215 6
192 216 24
193 216 10
194 216 22
195 217 27
196 217 8
197 218 18
198 219 23
199 220 23
200 220 6
201 221 4
202 222 14
203 222 11
204 223 8
205 224 3
206 225 22
207 226 7
208 227 8
209 228 7
210 229 17
211 230 6
212 231 6
213 232 4
214 233 9
215 234 25
216 235 1
217 236 2
218 237 25
219 238 23
220 239 8
221 240 29
221 241 15
222 242 26
223 243 22
224 244 18
225 245 26
226 246 22
227 247 23
228 248 5
229 249 12
230 250 20
231 251 9
232 252 29
233 253 22
234 254 20
235 255 6
236 255 25
237 256 26
238 257 25
239 258 12
240 259 9
241 260 21
242 261 24
243 262 25
244 263 18
245 264 24
245 265 11
246 266 19
246 267 19
246 268 7
247 269 22
248 270 29
249 271 11
249 272 5
250 273 27
251 274 2
251 275 22
252 276 28
253 277 21
254 278 9
254 279 6
255 280 16
256 281 19
257 282 21
258 283 6
259 284 3
260 285 9
261 286 3
262 287 25
263 288 7
264 289 26
265 289 24
266 290 12
267 290 18
268 290 16
269 290 4
270 291 23
271 292 23
272 293 17
273 294 6
274 295 23
275 296 21
276 297 9
277 298 5
278 299 26
279 299 22
280 300 2
281 301 13
282 301 27
283 302 29
284 303 12
285 304 18
286 305 18
287 306 13
288 307 13
289 308 15
290 309 21
291 310 27
292 311 8
293 312 24
294 313 5
295 314 4
296 315 4
297 316 17
298 317 25
299 318 11
300 319 10
301 320 27
302 321 7
303 322 5
304 323 4
305 324 21
306 325 27
307 326 18
308 327 6
308 328 28
309 329 28
310 330 5
311 331 7
311 332 7
312 333 3
312 334 25
313 335 6
313 336 19
314 337 23
315 338 22
316 339 19
316 340 17
317 341 25
317 342 10
318 343 2
318 344 29
319 345 16
320 346 26
321 347 21
322 348 23
323 349 13
324 350 26
325 351 4
326 351 29
327 351 22
328 352 23
329 352 11
330 352 18
331 353 4
332 354 1
333 354 4
334 354 27
335 355 19
336 355 20
337 355 5
338 356 28
339 357 26
340 357 21
341 358 13
342 358 16
343 359 24
344 360 9
345 360 8
346 361 10
347 362 17
348 363 19
349 364 14
350 365 29
351 366 28
351 367 17
351 368 24
351 369 10
352 370 12
352 371 5
352 372 23
353 373 28
353 374 6
353 375 13
354 376 17
354 377 28
354 378 24
354 379 9
355 380 27
356 381 24
356 382 14
356 383 26
357 384 7
358 385 27
359 386 7
360 387 22
360 388 9
361 389 16
362 390 24
362 391 10
362 392 4
363 393 22
363 394 4
363 395 22
364 396 16
364 397 16
365 398 21
365 399 29
366 400 17
367 400 8
368 400 24
369 400 22
370 400 29
371 400 13
372 400 11
373 400 2
374 400 23
375 400 29
376 400 22
377 400 19
378 400 6
379 400 1
380 400 27
381 400 5
382 400 1
383 400 18
384 400 19
385 400 24
386 400 21
387 400 23
388 400 9
389 400 29
390 400 21
391 400 21
392 400 23
393 400 4
394 400 10
395 400 7
396 400 27
397 400 3
398 400 20
399 400 9
