1 2 46
1 3 31
1 4 16
1 5 56
1 6 20
2 7 41
2 8 37
2 9 17
2 10 42
2 11 10
3 12 47
3 13 37
4 14 48
4 15 43
4 16 53
4 17 24
4 18 10
5 19 56
6 20 24
7 21 10
8 22 24
9 23 42
10 23 14
11 24 34
12 24 17
13 25 25
14 26 19
15 27 58
16 28 37
17 29 6
18 30 46
19 31 44
20 32 38
21 33 36
21 34 37
22 35 5
23 36 6
24 37 13
24 38 42
24 39 43
25 40 48
26 41 14
27 42 51
28 43 11
28 44 20
29 45 8
29 46 37
29 47 3
30 48 41
31 49 41
31 50 40
32 51 4
32 52 18
33 53 19
34 54 8
35 55 31
36 56 27
37 57 3
38 57 14
39 58 28
40 59 30
41 60 34
42 61 38
43 61 44
44 62 57
45 63 59
46 63 56
47 64 22
48 65 9
49 65 15
50 66 26
51 66 20
52 67 14
53 68 29
54 69 40
55 70 3
56 71 14
57 72 54
58 73 30
58 74 15
58 75 41
59 76 28
60 77 58
61 78 47
61 79 7
62 80 21
63 81 36
64 82 42
65 83 32
65 84 18
66 85 24
67 86 14
68 87 40
69 88 54
70 89 50
71 90 40
71 91 42
72 92 50
73 93 46
73 94 59
74 95 2
75 96 13
76 97 40
77 98 1
78 99 11
79 100 32
79 101 19
80 102 11
81 103 37
82 104 28
83 105 17
84 106 22
85 107 33
86 108 48
87 109 55
88 110 52
89 111 2
90 112 12
91 113 12
92 114 40
93 114 22
94 115 22
95 116 53
96 117 58
97 117 7
98 118 47
99 118 13
100 119 14
101 120 29
102 121 21
103 122 46
104 123 23
105 124 24
106 125 32
107 126 25
108 126 4
109 127 52
110 128 34
111 129 39
112 130 1
113 131 3
114 132 28
115 132 56
116 133 41
117 133 55
118 134 7
119 135 18
120 135 49
121 135 52
122 136 22
123 136 48
124 137 10
125 138 29
126 138 5
127 139 12
127 140 25
128 141 2
129 142 10
130 143 37
130 144 25
131 145 48
131 146 4
132 147 44
132 148 20
133 149 18
134 150 47
134 151 37
134 152 56
135 153 9
136 154 50
137 155 36
137 156 55
137 157 50
138 158 38
139 159 14
140 160 49
141 161 30
141 162 29
141 163 5
142 164 22
142 165 28
143 166 30
143 167 43
144 168 43
145 169 9
145 170 15
146 171 34
147 172 32
147 173 14
148 174 21
149 175 17
149 176 47
150 177 32
150 178 47
150 179 9
151 180 47
152 181 7
152 182 14
153 183 40
153 184 49
154 185 56
154 186 3
154 187 27
155 188 2
156 189 16
156 190 31
156 191 28
157 192 21
158 193 35
159 194 17
160 194 55
161 195 20
162 195 43
163 196 28
164 197 11
165 197 19
166 198 38
167 199 55
168 199 58
169 200 13
170 200 39
171 200 2
172 201 59
173 201 47
174 202 59
175 202 38
176 203 49
177 203 24
178 203 8
179 204 36
180 204 1
181 204 19
182 204 20
183 205 17
184 206 1
185 206 37
186 207 10
187 207 21
188 207 7
189 208 1
190 209 55
191 209 2
192 210 56
193 210 33
194 211 33
195 212 59
195 213 59
196 214 5
197 215 22
198 216 45
198 217 20
199 218 31
200 219 35
201 220 40
202 221 5
203 222 13
204 223 57
205 224 17
206 225 37
207 226 38
208 227 52
208 228 13
209 229 20
210 230 29
211 231 54
212 232 17
213 233 11
213 234 41
214 235 39
215 236 17
216 237 58
217 238 29
218 239 9
219 240 11
220 241 53
221 242 32
222 243 36
222 244 44
223 245 13
224 246 3
225 247 6
226 248 38
227 249 49
228 250 50
228 251 50
229 252 39
230 253 58
231 254 53
232 255 27
233 256 41
234 257 29
235 258 28
236 258 46
237 259 23
238 259 57
239 260 28
240 261 32
241 262 58
242 262 4
243 263 34
244 264 4
245 264 58
246 265 45
247 266 54
248 267 1
249 268 15
250 269 16
251 270 45
252 271 41
253 271 27
254 272 28
255 273 33
255 274 23
256 275 13
257 276 26
257 277 27
258 278 41
259 279 34
259 280 12
259 281 15
260 282 38
260 283 41
261 284 18
261 285 49
262 286 2
263 287 31
264 288 46
265 289 39
266 290 34
266 291 27
266 292 52
267 293 7
268 294 6
268 295 39
269 296 36
269 297 23
269 298 45
270 299 50
271 300 2
272 301 32
273 302 27
274 302 23
275 302 1
276 302 34
277 302 12
278 302 21
279 303 11
280 304 8
281 305 12
282 305 14
283 305 42
284 306 3
285 307 21
286 307 11
287 308 36
288 309 48
289 310 38
290 311 12
291 311 40
292 312 22
293 313 36
294 314 33
295 315 16
296 316 59
297 317 13
298 317 27
299 317 20
300 318 29
301 319 44
302 320 45
303 321 8
304 322 2
305 323 30
306 324 43
307 325 49
308 325 8
309 326 53
310 327 30
311 328 6
312 329 58
313 330 10
314 331 32
315 332 9
316 332 14
317 333 1
318 333 41
319 334 48
319 335 53
320 336 29
321 337 43
322 338 59
323 339 4
324 340 1
324 341 56
325 342 19
326 343 22
326 344 12
327 345 6
328 346 28
329 347 10
330 348 54
331 349 3
332 350 10
333 351 30
334 352 47
335 353 39
335 354 16
336 355 22
337 356 13
338 357 59
338 358 54
339 359 16
340 360 37
341 361 52
342 362 11
343 363 17
344 364 56
344 365 49
345 366 5
345 367 42
345 368 30
346 369 25
347 370 55
348 371 33
348 372 31
349 373 31
350 374 19
351 375 24
352 376 42
353 377 50
354 378 6
355 379 43
356 380 22
357 381 44
358 382 4
359 383 38
360 384 55
361 385 6
362 386 29
363 387 2
364 388 40
365 389 39
366 390 55
367 391 47
368 392 13
369 393 43
370 394 18
371 395 49
372 396 7
373 397 26
374 398 55
375 399 19
376 400 5
377 400 29
378 400 23
379 400 9
380 400 34
381 400 41
382 400 20
383 400 28
384 400 33
385 400 21
386 400 13
387 400 4
388 400 34
389 400 31
390 400 42
391 400 27
392 400 49
393 400 52
394 400 17
395 400 33
396 400 24
397 400 11
398 400 13
399 400 49
