3 4 6 1
8 11 4 14
0 11 1 5
9 0 4 7
1 4 4 3
2 0 1 2
4 4 5 0
2 1 0 3
17 13 9 6
8 23 17 24
1 5 2 2
7 0 3 2
2 4 4 1
0 10 2 8
11 0 0 10
1 2 5 2
12 7 2 9
8 2 8 6
6 1 14 13
14 0 20 4
1 1 2 2
2 0 1 2
19 1 14 18
3 9 10 0
1 0 0 2
6 7 8 3
0 2 4 5
20 13 7 15
6 7 7 3
10 9 1 12
9 5 4 14
2 16 15 9
6 1 15 9
7 11 10 7
17 10 5 9
4 2 1 1
8 7 0 14
8 8 5 11
2 7 2 6
0 11 4 8
2 7 4 14
13 3 3 2
6 3 4 2
1 2 1 2
22 9 2 8
8 7 5 0
12 5 12 8
9 1 11 8
4 7 8 7
0 6 9 6
3 2 1 0
2 4 3 1
4 10 16 9
10 12 10 3
7 0 5 2
6 10 0 10
3 3 2 4
3 6 9 2
6 6 4 5
21 20 3 17
11 4 11 5
2 12 4 9
3 2 3 7
3 1 7 15
17 16 0 9
16 14 6 13
3 6 3 4
12 10 12 17
10 7 0 12
0 2 3 0
1 2 2 2
4 8 2 3
2 6 10 0
2 2 1 6
3 10 2 11
5 7 22 20
3 14 8 7
2 1 1 1
3 0 0 2
11 4 5 18
2 16 15 11
0 1 3 1
3 3 4 4
18 10 5 3
0 2 1 2
21 7 0 20
2 1 0 0
16 3 9 5
6 0 2 6
11 6 9 6
22 20 16 1
0 0 4 4
3 7 3 7
13 14 5 10
10 21 21 5
19 13 13 2
11 3 3 13
0 1 0 1
1 0 2 0
9 9 0 8
14 8 8 11
1 0 2 2
18 18 2 1
0 4 3 2
0 3 1 3
1 0 2 3
20 1 3 3
8 14 12 3
9 9 2 0
16 0 0 4
17 8 0 11
7 2 0 6
2 0 0 2
2 1 2 0
0 2 1 0
3 6 0 2
13 5 9 0
2 3 4 2
1 8 7 3
8 6 6 0
14 15 8 7
18 14 6 18
9 20 2 10
10 11 4 16
1 0 0 7
2 3 10 8
1 1 4 0
7 0 7 3
11 17 18 1
8 6 1 7
6 1 0 10
1 4 2 10
2 0 14 4
1 2 2 1
14 15 7 5
10 16 8 14
9 4 7 7
0 13 12 16
0 0 5 8
7 10 11 6
5 11 11 12
9 5 8 9
2 7 6 1
3 2 6 0
1 16 7 9
17 5 13 16
2 0 2 5
8 4 1 17
5 2 1 2
0 3 5 1
0 1 1 0
8 1 0 0
2 2 2 1
17 17 8 3
10 0 8 7
0 4 1 4
10 0 7 13
5 8 12 12
4 9 2 9
0 1 0 1
8 19 14 12
4 6 6 2
10 14 6 10
1 0 1 2
5 5 0 1
6 3 2 6
17 19 8 16
11 3 2 3
17 17 7 9
5 1 21 17
5 2 0 13
17 10 2 2
0 1 1 1
7 1 6 11
11 10 16 22
5 5 2 3
5 5 0 0
2 1 2 0
11 0 7 10
3 5 0 3
8 7 8 9
21 2 14 0
10 2 12 4
14 2 1 4
2 1 1 2
6 11 1 12
6 10 8 0
16 2 11 2
18 20 19 15
0 7 0 8
2 1 11 9
19 9 2 15
13 13 4 18
14 5 9 6
0 12 12 3
11 4 7 16
3 11 11 3
1 4 3 3
3 3 17 19
10 0 3 10
0 1 1 3
14 6 0 16
6 10 3 10
2 4 3 2
13 1 0 13
17 2 8 15
2 0 0 2
0 0 2 2
0 2 2 4
13 10 7 1
8 1 2 10
6 5 6 10
6 8 2 0
3 4 0 4
1 6 7 8
11 4 13 8
0 8 9 3
7 7 3 4
3 7 2 6
15 0 17 18
9 5 6 7
0 3 8 7
15 0 8 5
1 2 4 3
3 4 2 2
0 5 5 0
18 3 18 18
10 5 3 10
11 23 14 22
4 2 4 3
23 19 12 21
10 3 2 15
5 10 1 10
18 12 15 12
0 4 3 7
9 8 7 7
7 2 0 3
0 12 13 19
21 22 0 13
12 0 11 5
3 8 12 0
11 9 0 7
4 10 13 12
0 15 5 9
1 0 0 2
8 4 11 2
10 0 8 14
4 1 0 9
10 7 2 9
3 4 11 8
11 8 6 10
1 4 6 1
13 19 6 17
1 17 1 9
11 17 12 9
20 0 14 18
0 8 9 7
6 9 2 19
19 19 8 17
16 14 18 7
8 10 5 3
0 14 7 7
0 1 1 1
21 7 14 0
23 0 23 16
3 3 4 4
1 10 5 3
0 0 3 6
4 4 0 12
0 10 15 8
16 9 14 0
11 2 8 8
2 0 1 2
0 6 2 3
0 0 0 1
7 4 5 2
5 8 22 20
19 10 13 2
10 9 7 2
18 3 21 18
5 6 6 4
5 12 3 14
20 7 11 22
8 5 7 0
2 1 0 1
6 4 9 0
6 18 15 14
15 9 5 5
3 0 10 5
2 4 0 4
3 1 7 10
18 5 6 3
3 0 2 0
2 7 0 5
7 7 8 15
4 8 6 5
5 3 4 16
0 0 2 2
12 12 7 8
13 7 7 10
0 0 0 14
4 2 2 1
3 24 8 22
9 4 2 4
0 1 1 0
9 2 14 6
17 4 6 9
2 11 5 3
2 1 0 0
2 5 10 7
21 2 6 19
5 3 4 4
7 7 21 15
2 5 6 5
14 17 14 4
1 0 2 4
3 0 3 2
12 6 0 2
1 11 9 0
8 6 2 3
13 14 15 7
13 18 11 16
16 4 12 12
13 16 5 1
4 3 0 0
12 13 4 6
4 3 0 4
21 20 15 5
8 7 7 1
4 13 3 11
7 20 6 19
1 0 1 0
10 5 5 3
5 18 14 17
6 2 12 3
4 4 3 0
5 10 4 6
3 3 6 3
12 13 18 15
0 11 11 10
11 11 4 12
2 2 2 0
11 12 11 2
7 20 7 6
8 11 16 2
2 1 5 4
4 7 4 11
4 9 6 6
8 0 6 16
0 0 4 5
1 5 4 5
0 1 1 2
11 7 8 4
7 2 8 2
3 3 3 10
19 0 6 13
12 11 9 3
6 1 1 8
1 0 2 1
3 4 1 1
12 8 4 6
2 11 0 3
1 12 11 10
1 17 5 9
3 13 13 14
14 4 16 3
8 4 10 2
6 12 6 17
6 9 3 6
3 2 5 7
8 4 10 5
14 4 5 4
6 18 7 8
20 11 7 9
3 6 0 11
21 7 19 9
9 6 10 10
13 18 3 13
0 2 0 2
6 16 7 7
2 4 7 9
6 5 4 5
12 13 9 15
12 10 4 7
4 16 13 11
11 9 5 14
3 1 0 4
13 17 7 8
8 7 3 1
3 5 5 12
2 2 1 1
18 14 5 1
16 3 13 8
4 0 1 1
8 7 8 7
22 20 21 5
0 5 6 2
13 10 1 8
11 10 4 13
10 8 2 15
0 1 2 1
2 1 1 0
10 14 12 5
9 15 7 12
4 0 2 6
13 1 2 7
7 3 7 2
15 13 13 5
5 15 22 6
15 8 20 1
2 7 0 6
3 8 2 10
21 7 2 1
4 0 0 2
0 12 17 6
24 7 16 8
21 7 6 11
20 12 19 20
3 8 11 12
0 2 0 2
0 13 13 6
19 4 18 17
3 2 2 3
4 0 0 6
1 2 1 0
0 1 2 0
9 14 12 1
6 3 6 7
8 9 2 12
22 4 13 15
10 11 2 3
1 15 13 2
11 2 16 14
2 8 7 3
2 3 2 1
14 0 17 21
5 1 0 1
8 5 18 1
5 8 18 5
10 4 3 12
0 3 4 8
10 2 0 15
7 8 1 1
17 4 5 8
1 2 2 6
2 1 0 0
5 12 15 14
3 7 5 14
1 9 8 2
8 3 3 12
2 1 3 4
0 0 0 1
8 6 11 13
3 4 3 3
8 12 8 13
10 4 4 4
6 1 6 7
0 12 1 9
3 5 6 2
1 3 3 4
22 17 1 13
6 1 0 0
2 5 1 3
1 4 3 10
2 2 8 16
1 4 3 1
2 14 6 3
1 8 12 0
0 15 13 12
2 6 6 15
10 3 3 1
4 0 1 3
18 14 3 0
3 8 3 8
2 9 4 20
6 5 7 10
17 0 2 19
8 2 8 13
3 11 15 14
3 11 14 14
2 2 2 1
3 2 18 17
0 5 12 0
13 24 2 6
3 0 3 1
1 6 2 5
3 0 9 6
16 1 6 7
7 7 0 9
11 1 6 16
10 4 4 0
8 1 3 7
4 2 3 2
18 0 9 10
14 5 8 11
9 16 1 21
1 0 2 2
15 1 22 10
14 17 12 7
4 5 8 18
0 17 3 15
3 8 2 5
6 4 4 13
16 6 2 17
2 0 0 0
3 2 3 5
6 4 5 5
6 4 7 7
14 3 4 8
2 2 2 0
7 1 19 19
2 2 13 2
22 7 19 21
18 12 19 5
3 18 2 14
8 16 8 21
1 1 2 0
0 0 2 3
1 0 1 0
0 19 17 20
9 15 6 13
2 1 1 0
2 0 3 8
3 5 4 6
7 15 5 1
7 11 12 12
12 18 7 9
2 2 2 0
1 2 3 4
1 2 3 2
22 22 9 1
1 4 1 1
6 22 3 21
0 1 0 14
6 13 20 15
16 14 0 10
4 1 1 2
1 19 22 18
6 6 1 3
15 5 14 7
7 13 0 2
2 5 8 1
2 4 2 0
1 0 5 0
17 9 24 24
1 1 0 1
0 7 13 1
10 15 0 6
8 0 10 9
3 1 3 2
17 5 17 18
8 0 7 8
8 0 7 7
20 5 8 8
2 2 2 1
19 1 1 7
8 2 11 9
12 1 0 18
22 22 16 14
4 17 17 13
12 1 14 2
9 14 10 9
12 9 8 14
20 13 3 8
5 12 6 9
12 16 11 18
1 2 1 2
6 6 6 1
1 2 0 2
5 6 5 3
7 9 7 7
10 0 1 12
6 12 12 5
1 15 14 3
12 18 24 13
15 4 4 14
0 4 1 6
12 6 8 10
0 4 1 2
0 1 0 1
0 0 1 1
9 14 10 12
1 7 1 0
5 1 7 3
2 0 0 6
2 3 1 3
0 0 2 5
2 12 0 8
6 0 1 2
8 5 2 2
11 7 12 3
17 3 6 19
6 2 8 1
6 6 4 5
8 5 7 8
6 16 0 24
6 14 16 2
7 2 2 17
3 0 4 3
14 8 11 13
1 10 16 19
10 14 11 17
2 0 1 1
3 3 0 9
18 8 15 10
3 4 3 2
6 5 9 1
0 6 11 1
10 3 10 1
3 13 7 21
6 9 9 7
18 19 1 6
10 8 5 6
2 0 1 1
0 2 1 2
1 8 13 7
0 3 1 8
5 0 7 9
0 4 9 11
11 4 0 12
5 19 12 20
3 2 0 1
15 16 6 20
7 8 3 3
4 1 3 0
16 5 21 16
5 10 0 0
0 2 4 4
14 17 7 18
3 6 1 2
0 0 1 2
14 10 12 15
14 11 10 5
8 2 8 3
6 5 2 1
7 2 8 0
0 0 13 2
4 0 3 0
0 5 4 7
7 13 20 13
3 3 8 6
0 2 2 2
3 3 1 3
13 5 16 10
5 2 1 9
10 0 9 7
7 12 4 6
4 3 7 13
3 2 4 2
14 5 9 6
8 3 0 8
4 5 8 4
7 9 10 11
2 2 1 2
2 6 11 13
1 5 4 8
2 6 18 3
10 6 3 4
6 6 1 1
12 15 1 9
7 1 0 10
7 7 2 6
18 10 20 4
8 7 4 3
19 4 18 22
5 3 4 6
10 9 3 7
4 1 5 0
4 4 3 5
0 9 1 14
17 15 10 3
2 4 1 2
4 19 0 13
11 7 17 8
7 14 7 1
21 20 5 3
8 7 2 14
19 6 0 14
9 15 4 16
0 0 1 0
0 17 21 0
3 4 4 6
5 4 3 5
9 4 2 13
0 6 8 7
13 9 10 5
6 7 1 1
6 10 0 3
3 3 4 1
11 0 0 10
4 9 13 8
3 12 8 8
3 1 1 6
13 13 8 5
3 2 2 3
13 16 19 4
9 16 10 9
0 2 7 7
2 7 2 5
0 3 2 2
18 17 7 16
2 4 6 0
9 11 6 13
1 9 0 7
1 7 1 1
1 1 2 0
0 0 1 2
1 2 1 1
13 8 1 10
10 4 4 8
1 0 17 4
0 2 4 1
2 0 1 1
0 10 2 2
1 0 0 0
16 8 3 6
2 2 0 3
14 14 14 2
15 12 21 3
12 15 20 2
6 14 4 13
11 1 8 10
0 1 0 0
4 4 4 1
6 7 6 13
14 12 8 6
7 5 8 6
10 18 18 0
8 8 11 10
4 3 8 6
9 0 14 10
0 2 1 0
8 10 1 0
12 0 2 10
4 4 11 6
1 5 0 4
10 11 7 5
11 10 14 14
3 0 8 1
4 6 8 7
3 9 15 0
17 5 15 13
2 4 2 1
5 2 8 5
13 13 12 7
0 6 9 9
2 6 1 6
17 5 18 5
4 6 0 2
11 13 4 10
0 5 1 4
1 2 2 0
3 4 4 2
2 5 3 6
18 16 17 8
6 2 0 6
1 9 12 2
7 15 20 0
6 14 9 4
1 7 4 1
6 17 20 15
1 10 4 8
2 15 12 9
5 7 3 4
18 0 13 13
4 0 3 0
1 10 5 1
6 4 6 2
7 4 3 4
0 6 5 2
10 14 11 12
16 13 3 14
4 7 2 4
3 5 4 1
4 2 5 5
9 5 19 22
1 8 4 3
4 14 18 13
1 1 1 0
3 5 6 6
2 9 0 7
3 10 8 19
13 5 2 0
2 9 11 5
14 11 9 6
20 8 14 4
14 3 14 12
2 2 6 11
0 1 0 2
10 20 14 12
5 7 6 2
5 6 8 4
7 18 21 4
0 0 1 4
7 12 5 14
0 4 0 0
22 7 5 21
8 4 15 13
8 4 4 0
3 13 24 0
17 12 3 6
3 16 7 16
0 15 1 5
0 21 22 16
5 7 1 7
4 1 5 9
1 0 2 3
3 9 2 9
15 5 16 2
7 7 5 9
4 9 4 4
5 3 0 0
11 10 5 3
20 14 2 13
1 0 2 1
10 2 14 1
4 2 19 2
2 2 1 4
1 5 5 8
15 16 0 13
18 6 1 11
5 6 0 3
4 3 4 0
2 11 9 9
5 4 6 15
3 6 9 0
10 12 7 5
2 5 7 7
12 10 9 12
8 8 0 19
2 2 1 2
11 11 1 13
0 7 5 7
20 2 16 8
1 2 2 0
4 4 0 0
4 4 7 7
6 2 6 2
18 20 2 16
22 3 4 10
14 14 8 19
2 4 5 9
2 2 4 0
0 9 7 8
9 4 15 16
18 4 13 2
8 8 3 0
0 1 1 1
15 10 7 19
14 16 15 7
0 9 11 7
9 10 7 4
10 7 12 10
7 9 0 10
3 13 1 17
17 10 19 8
0 0 2 0
6 7 8 7
0 0 1 3
1 8 5 7
2 17 6 14
4 7 11 4
1 14 18 20
2 5 5 5
2 0 0 0
1 12 10 10
9 13 16 16
2 2 7 1
5 11 13 22
7 8 4 3
14 7 3 4
2 3 5 1
12 8 9 7
7 22 21 12
11 2 7 1
3 11 10 4
3 5 4 6
9 3 5 10
3 4 1 4
15 1 4 13
9 7 0 7
2 4 4 2
11 7 17 5
1 1 3 4
18 14 13 20
1 0 1 0
17 4 16 3
22 11 10 20
17 4 17 20
1 0 2 12
9 11 5 10
15 4 12 13
2 7 2 18
1 6 19 12
1 2 2 1
7 3 1 8
12 10 8 8
2 3 3 3
4 3 5 3
6 1 1 2
