11 20 14 3
17 1 2 19
6 10 6 1
6 0 8 16
14 14 6 3
1 0 1 1
4 8 0 6
20 12 0 21
8 21 10 17
7 6 1 4
13 13 15 2
16 8 12 13
3 9 3 7
5 0 9 0
1 10 16 10
4 12 16 0
6 15 2 3
7 5 1 8
9 7 12 3
5 6 2 15
2 13 14 4
4 17 16 27
14 9 23 16
22 24 8 16
9 31 3 15
0 4 14 15
0 2 12 19
3 6 3 7
0 0 1 0
15 22 22 21
5 9 11 10
3 8 1 8
24 19 29 6
0 0 1 2
0 2 2 2
0 1 0 5
14 9 6 6
29 13 16 12
1 5 6 17
7 23 11 23
17 0 3 14
5 0 0 5
9 6 3 6
6 4 11 12
14 16 17 11
5 14 13 17
4 2 4 8
17 24 20 13
6 18 7 7
3 12 12 15
3 7 31 28
23 25 27 18
10 13 22 11
17 12 20 10
4 6 6 1
2 1 2 0
5 8 0 6
11 10 4 6
1 4 0 0
7 4 8 29
3 2 2 1
8 12 22 19
22 7 9 2
6 3 5 7
10 3 12 18
2 2 0 0
12 4 1 10
9 4 9 2
1 1 4 6
15 2 13 14
15 8 5 6
8 16 4 0
4 10 14 4
0 0 1 1
3 7 1 4
2 1 1 2
1 9 16 6
2 1 0 1
10 10 3 10
3 4 2 3
16 18 21 12
13 0 16 13
6 4 11 9
9 12 10 8
2 3 8 5
0 7 6 2
4 8 1 14
2 0 1 3
2 4 9 2
14 11 15 2
7 1 9 7
4 5 6 2
11 7 22 20
4 5 3 1
3 26 12 12
8 11 0 0
1 0 0 2
10 7 6 14
5 11 11 4
7 3 8 4
14 10 14 19
2 2 0 0
6 7 1 18
10 1 7 3
13 8 7 7
9 6 13 13
4 1 3 0
6 4 3 8
4 2 5 3
2 2 2 2
0 4 2 3
20 24 16 32
2 2 1 2
15 7 14 14
0 7 10 7
27 28 12 20
1 8 0 1
2 12 6 9
10 26 25 8
15 8 9 13
22 29 16 13
0 3 2 0
8 4 8 5
12 19 15 4
6 15 12 29
5 2 1 4
15 0 3 14
12 5 4 11
7 7 4 13
17 3 20 4
24 15 2 18
2 1 0 2
1 9 5 0
19 12 14 23
0 3 6 5
4 4 11 3
2 4 0 3
1 0 2 4
15 4 11 0
20 3 9 4
1 16 1 6
13 16 21 21
16 15 2 12
24 28 13 15
5 1 25 5
0 5 1 0
4 0 4 1
6 3 12 2
12 17 17 3
2 10 6 7
14 16 12 2
5 14 29 19
4 6 6 18
9 4 0 6
10 15 2 11
14 14 7 13
0 9 14 18
5 1 5 2
24 24 2 13
2 7 6 1
3 13 13 14
11 8 6 9
0 7 24 4
9 12 8 4
9 17 4 2
3 4 0 3
13 26 18 25
8 3 11 7
4 3 2 4
1 22 17 26
7 2 8 8
1 7 12 7
2 2 18 16
15 24 22 27
9 6 0 0
7 0 0 0
24 13 30 27
2 2 0 4
9 1 10 9
1 16 20 2
2 9 5 1
2 4 8 6
14 3 22 15
1 3 4 3
18 1 10 5
3 0 0 3
2 2 1 1
5 10 9 4
1 2 0 0
14 8 3 4
5 11 2 13
0 4 3 2
22 19 9 18
7 3 2 12
0 1 2 1
18 21 30 26
8 8 10 15
2 1 1 0
4 11 23 16
7 15 11 10
0 4 5 0
13 16 24 16
22 26 10 24
14 9 20 22
0 1 2 1
8 10 1 8
14 11 12 6
1 6 6 3
18 20 25 2
12 8 2 10
3 5 5 17
23 1 20 16
4 13 7 2
5 0 4 5
2 3 8 6
20 1 12 15
4 7 8 15
13 2 7 16
15 22 6 18
20 13 1 2
13 10 9 0
3 1 1 13
9 11 3 11
9 4 20 15
2 0 2 6
0 7 5 1
24 28 18 7
11 20 7 7
0 4 14 12
28 30 16 15
13 8 6 16
0 7 10 14
0 2 1 1
7 9 0 6
20 5 12 16
5 8 12 17
17 9 9 1
2 0 2 1
20 16 3 15
0 2 2 1
10 10 6 0
12 10 8 4
22 8 8 21
0 4 0 4
1 1 7 17
14 9 13 20
1 4 2 0
19 1 11 11
6 10 4 7
3 8 8 3
1 1 0 3
8 14 21 4
1 2 2 3
23 26 2 9
23 11 20 5
12 3 12 25
1 0 2 2
2 0 1 1
4 1 5 0
0 8 2 7
0 2 6 2
22 21 12 14
1 0 1 1
1 6 9 12
24 2 28 12
20 23 3 16
23 31 0 19
20 15 15 19
3 0 4 1
18 15 8 16
20 12 20 12
9 28 13 9
6 1 10 1
10 2 8 1
4 3 0 4
12 4 9 10
19 8 19 15
11 6 9 13
5 1 4 3
3 15 2 0
0 4 3 1
3 1 3 2
9 13 13 13
11 5 15 4
4 8 32 6
15 3 13 16
16 6 15 5
18 13 7 3
13 16 10 0
12 19 18 16
11 15 7 8
4 2 2 1
29 14 2 12
5 9 13 13
11 1 5 12
2 0 1 0
10 5 11 14
13 1 10 5
6 4 14 13
4 2 2 1
4 6 2 7
19 18 8 12
2 2 1 0
7 12 4 14
19 24 6 8
13 2 17 6
0 30 0 30
19 17 18 4
1 2 1 5
1 0 6 12
0 1 2 1
5 9 10 4
31 25 1 23
9 7 14 0
2 1 2 1
11 12 0 10
2 6 14 1
4 19 5 25
3 4 1 2
10 15 6 19
17 1 15 19
7 2 9 2
11 17 17 6
3 10 10 9
1 4 5 9
3 1 0 3
13 4 1 3
13 5 11 8
0 5 3 5
20 2 20 7
24 6 20 11
5 7 6 18
0 4 18 29
1 12 13 11
4 0 2 0
0 0 1 1
2 1 2 2
13 18 15 12
0 0 0 2
2 0 7 2
16 23 8 14
4 14 18 2
10 14 26 17
25 12 9 21
2 0 3 4
0 2 2 2
8 7 8 2
2 0 0 1
0 2 4 5
9 2 10 7
4 13 3 0
6 9 0 1
17 9 22 27
15 6 29 11
10 6 9 3
21 19 5 4
2 3 4 0
1 1 1 2
3 3 5 3
4 7 25 14
21 12 28 14
2 0 2 0
3 6 4 1
1 11 8 3
28 2 13 5
11 2 9 21
3 2 1 2
8 21 19 8
1 2 0 4
3 6 5 9
14 4 6 11
4 0 4 2
4 8 8 0
13 3 7 4
14 1 2 6
6 4 9 12
8 3 4 13
1 12 0 2
1 0 2 2
22 24 4 15
4 1 3 7
11 10 13 16
7 6 3 3
7 5 4 2
0 1 2 2
4 4 3 0
8 0 2 6
8 24 29 32
5 11 4 2
6 8 4 2
5 5 6 12
12 4 6 10
7 23 15 27
1 1 2 1
9 22 0 7
0 17 9 15
15 18 0 20
29 17 23 10
1 12 8 9
8 6 12 0
1 5 2 1
0 15 17 14
26 24 16 7
0 0 4 3
3 14 26 19
8 6 2 8
10 19 14 17
18 12 20 9
1 9 22 14
22 15 25 22
3 10 6 12
18 11 6 17
1 11 6 15
18 6 12 7
26 8 11 4
2 1 15 13
6 1 3 5
14 11 22 2
6 14 8 7
0 11 18 7
1 0 1 0
3 3 1 4
2 20 27 28
10 15 6 6
6 5 12 5
16 3 3 24
18 7 17 20
14 2 15 10
22 7 5 20
1 0 9 4
24 17 9 14
7 3 11 17
22 21 13 28
15 4 10 10
2 3 3 2
2 0 4 2
0 2 2 2
16 11 1 2
28 10 32 20
1 21 19 23
14 11 1 12
0 0 2 8
4 0 4 8
2 7 6 17
19 15 12 26
0 7 2 2
11 14 13 5
18 13 7 19
1 8 0 4
28 24 26 22
17 0 7 5
0 10 8 2
1 1 2 2
8 7 3 5
13 23 17 5
23 6 14 0
10 26 10 0
22 5 6 11
12 8 1 2
23 28 10 23
24 1 2 5
5 5 8 12
12 11 1 13
5 9 17 22
28 0 30 27
4 4 6 2
2 4 2 2
0 0 4 0
24 11 0 12
12 1 9 14
9 7 10 3
7 3 2 7
14 0 5 25
24 19 24 4
3 0 3 0
9 3 9 4
1 3 4 0
1 7 10 22
9 1 0 6
8 10 15 4
10 9 8 7
12 17 11 4
2 4 4 1
9 1 24 0
10 13 6 4
3 9 12 0
4 12 0 9
4 0 2 3
19 15 7 20
6 3 10 23
0 1 0 0
3 12 6 13
13 12 11 13
1 0 3 2
9 14 19 1
15 14 16 3
3 15 21 6
14 14 0 13
17 25 18 5
2 1 0 0
1 2 7 16
5 5 21 9
4 12 14 14
3 0 3 3
1 1 2 2
1 0 8 4
0 8 19 28
4 3 9 7
3 1 3 2
23 17 11 6
1 1 1 1
10 11 2 9
5 2 4 6
20 16 2 17
10 12 13 12
29 30 2 21
3 3 1 2
10 1 4 7
10 2 12 3
12 20 0 16
14 16 10 15
6 11 2 12
8 10 2 1
2 23 8 12
7 5 7 6
12 10 5 31
7 1 2 19
5 3 1 0
0 11 4 24
11 9 1 22
10 7 7 2
12 3 6 19
26 0 13 29
17 16 16 5
10 3 0 10
6 4 2 2
4 10 3 2
27 17 18 27
2 2 0 1
1 0 2 1
3 0 11 8
1 2 0 1
0 4 15 14
8 7 4 0
4 4 0 3
11 15 9 13
1 6 9 11
19 10 9 3
8 3 1 4
8 5 1 4
31 31 29 7
4 6 2 5
16 12 4 7
11 18 18 3
2 9 3 10
3 1 3 2
5 8 0 8
12 12 9 9
7 1 1 7
1 1 1 0
8 2 10 5
16 22 12 20
1 2 3 0
17 2 10 1
17 4 11 16
6 12 3 4
3 11 1 7
24 22 6 15
12 12 7 8
2 7 9 8
7 8 5 7
9 16 6 10
4 4 7 3
10 9 1 4
0 0 2 2
0 0 4 4
15 26 25 18
0 11 0 13
8 0 9 8
13 0 0 17
0 3 5 8
1 15 20 18
1 6 14 23
5 1 10 10
18 24 0 7
1 0 1 1
25 26 28 17
0 5 5 0
1 1 0 1
22 30 2 13
15 13 12 14
5 0 2 4
9 28 17 3
2 2 5 2
30 3 17 19
3 4 1 0
1 8 11 6
25 15 23 10
14 15 15 12
29 12 19 27
2 15 13 6
6 6 1 1
2 0 0 4
0 2 1 2
12 13 11 0
10 11 6 12
1 9 7 5
8 14 10 11
1 4 7 7
17 15 16 18
8 0 11 4
2 10 0 6
11 10 2 10
0 2 8 2
2 2 0 1
3 0 3 3
7 4 9 10
7 1 0 25
5 0 7 8
11 5 5 12
7 1 5 13
3 4 6 2
27 9 6 23
2 3 2 19
20 19 4 27
2 0 7 2
2 4 2 3
0 0 1 1
18 18 3 9
9 11 8 0
1 6 17 20
12 1 17 15
12 15 22 8
5 9 10 4
20 21 3 2
1 2 2 1
4 18 17 19
19 6 9 7
0 3 1 4
13 4 0 8
18 21 26 9
12 20 13 8
21 13 31 24
8 7 5 5
12 2 20 20
2 6 16 11
17 0 11 2
10 10 1 1
0 20 14 1
21 24 0 22
2 2 2 0
9 10 1 9
0 6 6 4
1 7 3 10
14 9 3 5
3 5 1 0
3 0 4 6
8 8 13 5
25 6 13 7
3 0 6 5
4 1 6 3
16 17 21 12
12 6 7 5
3 0 2 1
11 0 3 18
11 3 22 14
3 4 4 1
10 12 8 6
5 13 13 24
9 0 9 6
8 5 7 9
8 3 6 6
7 2 14 7
29 25 16 5
20 11 4 16
1 0 2 0
3 1 4 5
1 2 2 2
17 1 19 7
10 1 10 11
21 18 21 5
10 0 2 15
1 5 13 12
2 7 4 2
4 6 2 3
9 2 7 9
15 11 1 11
4 6 5 6
7 1 0 5
0 4 8 5
7 0 10 5
2 6 3 1
12 23 17 4
3 26 14 16
7 4 3 6
0 22 12 14
28 24 32 1
8 0 5 12
2 0 0 0
7 11 16 13
31 0 25 8
18 1 9 8
12 13 1 7
25 11 4 3
10 11 7 5
8 15 14 10
3 8 1 5
0 2 4 4
4 23 29 2
0 1 4 9
19 21 8 4
1 0 4 11
7 8 0 5
6 4 4 0
9 8 8 3
12 10 19 16
11 16 21 14
17 22 28 8
4 1 1 3
4 8 14 3
17 10 4 9
4 23 28 14
18 23 18 30
6 11 1 11
2 3 1 1
18 15 1 4
1 0 0 2
1 15 17 7
1 5 10 8
1 18 9 16
30 30 13 17
0 0 2 1
1 26 26 0
2 3 5 2
2 1 13 8
14 10 21 6
1 2 6 5
5 2 2 0
9 7 8 4
6 3 13 5
7 3 5 9
9 8 4 16
6 5 8 5
2 8 11 2
4 3 3 3
4 4 0 2
0 8 4 4
3 6 0 0
2 4 0 1
4 10 12 5
12 2 3 1
14 1 3 10
4 6 3 4
13 1 12 9
9 7 14 16
3 1 0 6
7 15 21 16
0 2 2 5
7 10 21 12
16 27 19 10
1 14 2 11
1 3 3 0
10 3 11 6
6 7 4 5
11 1 8 10
2 1 5 2
1 4 12 1
2 0 30 24
1 0 9 12
18 15 4 3
20 15 13 2
7 6 7 8
1 2 6 10
0 7 20 21
16 8 7 11
6 1 8 5
7 7 11 3
9 12 1 1
5 1 7 7
13 25 5 25
20 20 18 15
16 16 4 12
6 19 11 18
2 10 20 28
10 13 0 15
0 25 18 0
21 7 24 23
8 6 2 13
3 3 4 0
4 13 14 10
26 1 25 13
20 7 11 14
7 3 1 2
0 9 18 10
1 2 0 1
5 6 25 24
13 1 0 12
3 0 13 3
13 6 11 20
1 18 5 17
4 16 1 3
10 1 15 8
4 5 7 12
2 13 0 29
5 2 2 2
5 7 3 0
12 9 4 10
3 0 4 6
4 6 0 4
4 8 8 8
12 4 3 2
12 12 2 1
8 6 11 8
10 9 5 14
7 6 23 12
1 0 0 1
9 18 18 0
8 12 11 22
0 4 3 2
12 7 8 8
17 6 28 26
1 0 2 2
18 24 22 1
3 24 20 7
10 8 17 12
0 5 0 7
1 0 6 1
17 11 2 8
0 0 7 0
5 31 19 13
5 1 16 12
4 2 2 2
2 19 21 18
2 2 0 0
6 2 5 4
9 21 11 10
11 3 13 7
3 1 1 0
2 1 18 8
1 1 4 4
25 8 30 18
1 11 0 4
6 20 14 6
12 16 25 31
31 23 8 30
0 0 4 0
18 18 4 10
3 4 8 5
8 0 2 6
16 15 12 7
10 4 4 1
3 6 5 6
14 6 12 6
2 8 0 2
6 1 5 0
17 17 9 11
12 16 10 5
9 12 13 5
2 0 2 6
21 13 29 8
6 5 6 6
6 5 0 17
6 8 6 6
9 1 22 23
9 18 3 3
4 1 3 4
25 13 8 4
5 6 4 3
6 0 6 0
14 9 2 4
4 1 6 0
9 1 2 2
32 22 14 18
18 27 18 18
7 8 6 0
4 3 5 4
16 4 1 14
16 4 10 7
13 4 4 6
2 20 11 4
10 10 3 15
2 4 0 5
2 1 0 1
29 20 13 18
10 7 22 10
3 9 13 2
1 7 0 16
1 27 1 18
16 0 20 17
2 2 1 8
1 3 6 8
7 10 20 17
0 2 12 3
2 1 5 9
21 14 26 19
9 13 22 23
7 8 28 9
12 9 5 1
7 9 10 5
16 11 10 12
