1 2 1
1 3 1
1 4 3
1 5 2
1 6 3
2 7 1
2 8 1
2 9 2
3 10 2
3 11 1
4 12 2
4 13 1
4 14 3
4 15 1
5 16 1
5 17 3
5 18 2
6 19 1
6 20 1
7 21 1
8 22 1
9 23 1
10 24 1
11 25 3
11 26 2
12 27 2
13 28 2
14 29 1
15 30 1
16 31 2
17 32 2
17 33 1
18 34 1
19 35 2
20 36 2
21 37 3
22 38 2
23 38 1
24 38 1
25 39 2
26 40 3
27 41 3
28 42 1
29 43 2
30 44 1
31 45 3
32 45 3
33 45 2
34 46 1
35 47 2
36 48 1
37 49 2
38 50 2
39 51 2
40 52 3
41 53 2
42 54 3
43 55 3
44 56 2
45 57 2
46 58 1
47 59 1
48 60 3
49 61 3
50 62 1
51 63 1
52 64 2
53 65 1
54 65 2
55 66 2
56 67 1
57 68 3
58 69 3
59 69 3
60 70 2
61 71 1
61 72 1
61 73 2
62 74 2
63 75 2
63 76 3
64 77 2
65 78 2
66 79 3
66 80 2
67 81 1
68 82 3
68 83 2
69 84 3
70 85 3
71 86 3
72 87 2
73 88 3
74 89 2
75 90 1
76 91 1
77 92 1
78 93 2
79 94 3
80 95 1
81 95 1
82 96 3
83 97 1
84 98 2
85 98 3
86 99 3
87 99 2
88 99 2
89 100 2
90 101 1
91 102 3
92 102 1
93 103 2
94 104 1
95 104 3
96 105 2
97 106 3
98 106 1
99 107 1
99 108 1
100 109 1
101 110 3
102 111 3
103 112 2
104 113 3
105 114 1
106 115 1
107 116 1
108 117 2
108 118 1
109 119 2
110 120 1
110 121 3
111 122 2
112 123 2
113 124 2
113 125 3
113 126 3
113 127 2
113 128 3
114 129 2
115 130 3
116 131 2
117 131 1
118 131 3
119 132 1
120 132 3
121 132 2
122 133 1
123 133 1
124 133 1
125 134 2
126 134 1
127 135 3
128 136 1
129 136 2
130 137 3
131 138 1
132 139 2
133 140 1
133 141 1
133 142 3
134 143 1
134 144 3
134 145 1
135 146 3
135 147 1
136 148 2
136 149 2
137 150 2
137 151 3
138 152 3
139 153 2
140 154 1
140 155 3
141 156 3
142 157 3
143 158 1
144 159 1
145 160 3
145 161 3
146 162 3
147 163 2
148 164 2
149 165 2
149 166 3
150 167 1
151 168 3
151 169 3
151 170 2
152 171 2
153 171 3
154 172 2
155 173 1
156 174 3
157 174 1
158 175 2
159 176 1
160 176 3
161 176 1
162 177 3
163 177 2
164 178 3
165 179 1
166 180 1
167 180 3
168 180 1
169 181 3
170 181 2
171 182 2
172 183 3
173 184 2
174 185 3
175 186 1
176 186 2
177 187 1
178 188 2
179 189 2
180 190 1
181 191 3
182 192 2
183 193 1
184 194 2
185 195 2
186 196 1
187 197 1
188 198 1
189 198 2
190 199 1
191 200 2
192 201 1
193 202 3
194 203 2
195 204 2
195 205 3
196 206 3
196 207 1
196 208 2
197 209 1
198 210 1
199 211 2
199 212 2
200 213 3
201 214 1
202 214 2
203 215 3
204 216 2
205 217 1
206 217 1
207 218 1
208 219 3
209 220 2
210 221 1
211 221 2
212 222 2
213 222 3
214 223 1
215 224 1
216 225 3
217 226 1
218 227 1
218 228 1
219 229 1
219 230 2
219 231 1
220 232 1
221 233 1
222 234 2
222 235 3
223 236 3
224 236 1
225 237 2
226 238 3
227 239 2
228 239 3
229 240 1
230 241 2
231 242 3
232 242 2
233 243 1
234 243 3
235 243 2
236 244 3
236 245 1
236 246 2
237 247 1
237 248 3
238 249 2
238 250 3
238 251 3
238 252 1
238 253 2
239 254 2
239 255 3
240 256 1
240 257 1
241 258 2
242 259 2
242 260 1
242 261 2
243 262 2
243 263 2
244 264 1
245 264 1
246 265 3
247 266 3
248 267 1
249 267 3
250 267 1
251 267 2
252 268 2
253 269 1
254 269 1
255 269 2
256 270 2
257 270 3
258 271 1
259 272 2
260 273 1
261 273 1
262 273 2
263 273 3
264 274 2
265 275 2
266 276 1
267 277 2
268 278 2
269 279 1
270 280 2
271 281 2
272 282 2
272 283 3
273 284 1
274 285 2
275 286 3
275 287 2
276 288 2
277 289 3
278 290 1
278 291 3
279 292 2
280 293 3
280 294 1
280 295 2
281 296 3
282 297 1
282 298 2
283 299 1
283 300 2
284 301 2
285 302 3
286 302 2
287 303 3
288 303 1
289 304 1
290 305 1
291 305 1
292 305 2
293 306 3
294 306 3
295 307 1
296 307 1
297 308 1
298 309 3
299 310 1
300 310 2
301 310 2
302 311 2
302 312 1
303 313 1
304 314 2
305 315 3
306 316 3
307 317 2
308 318 2
308 319 1
309 320 2
310 321 1
310 322 2
311 323 2
312 324 2
313 325 2
314 326 3
315 327 2
316 328 1
317 329 1
318 330 3
319 331 1
320 332 3
321 333 3
322 334 3
323 335 2
324 336 2
325 337 3
326 338 3
327 339 2
328 339 1
329 340 3
330 341 2
331 342 2
332 342 2
333 343 1
334 344 2
335 345 1
335 346 1
336 347 2
337 348 1
338 349 2
339 350 2
340 351 1
341 352 1
342 353 2
343 354 2
344 355 1
345 356 3
346 357 1
347 358 3
348 359 1
349 359 3
350 359 1
351 359 2
352 360 2
353 361 1
354 361 3
355 362 1
356 363 3
357 364 3
358 365 1
359 366 2
360 367 2
361 368 1
362 369 1
363 370 1
363 371 2
364 372 1
364 373 2
364 374 1
365 375 3
365 376 1
366 377 2
366 378 2
366 379 3
367 380 3
368 381 2
369 382 3
370 383 3
371 384 3
372 384 2
373 385 1
374 386 1
375 386 3
376 387 3
377 388 3
378 389 2
379 390 1
380 391 1
381 391 3
382 391 3
383 392 3
384 393 3
384 394 2
384 395 3
385 396 3
386 397 3
387 398 2
387 399 2
388 400 1
388 401 3
388 402 2
389 403 2
390 404 3
391 405 1
391 406 3
392 407 3
393 408 3
393 409 1
394 410 2
395 411 2
395 412 2
395 413 1
396 414 2
396 415 1
397 416 1
398 417 1
399 418 3
400 419 1
401 420 1
402 421 3
403 422 1
404 423 1
405 424 2
406 425 2
406 426 3
407 427 1
408 427 1
409 428 2
410 429 1
411 429 2
412 429 1
413 430 3
414 431 2
415 431 3
416 432 1
417 432 3
418 433 3
419 434 1
420 434 2
421 435 3
422 435 2
423 436 3
424 437 1
425 437 3
426 437 1
427 438 1
428 439 2
429 440 3
430 441 3
431 442 3
432 442 2
433 443 3
434 444 2
435 445 2
436 446 3
437 447 3
438 448 3
439 449 2
440 450 3
441 451 2
442 452 2
443 453 3
444 454 3
445 455 1
446 456 3
447 457 3
448 458 1
449 459 3
450 460 2
451 461 1
452 462 3
452 463 1
453 464 2
454 465 2
455 466 1
456 467 2
456 468 2
457 469 2
457 470 1
458 471 2
459 472 3
460 473 1
461 474 3
461 475 1
462 476 2
463 477 3
464 478 1
465 479 1
466 480 3
467 481 2
468 482 2
469 483 2
469 484 1
469 485 3
470 486 2
471 487 3
472 487 2
473 488 3
474 489 1
475 490 1
476 491 2
477 492 2
478 493 1
479 494 3
480 495 1
481 496 1
482 496 2
483 497 1
484 497 3
485 498 3
486 499 3
487 500 3
488 500 2
489 500 2
490 500 3
491 500 1
492 500 3
493 500 2
494 500 2
495 500 2
496 500 1
497 500 2
498 500 1
499 500 1
