1 2 20
1 3 17
1 4 44
1 5 29
2 6 7
3 7 9
3 8 27
3 9 21
3 10 29
3 11 6
4 12 31
4 13 10
5 14 29
5 15 8
5 16 40
6 17 29
7 18 49
8 19 11
8 20 3
9 21 2
10 22 32
11 23 47
11 24 1
11 25 24
12 26 7
13 27 19
13 28 46
14 29 43
14 30 35
14 31 9
15 32 25
16 33 24
17 34 27
18 35 33
19 36 22
20 36 44
21 37 29
22 38 40
23 38 11
24 39 47
25 40 23
26 40 19
27 41 14
28 41 23
29 42 34
30 43 5
31 43 47
32 44 40
33 45 9
34 46 12
35 47 42
35 48 30
36 49 27
36 50 30
37 51 39
38 52 21
39 53 23
40 54 37
41 55 47
42 56 12
43 57 44
43 58 49
44 59 1
45 60 15
46 61 34
47 62 10
48 63 28
49 64 6
50 65 25
51 66 5
52 67 39
53 68 32
54 69 45
55 70 13
56 71 9
57 72 8
58 73 49
59 74 2
59 75 22
60 76 17
61 77 41
62 78 49
63 79 21
64 80 49
65 81 9
66 82 11
67 83 34
68 84 17
69 85 4
70 86 45
71 87 3
72 88 15
73 89 30
74 90 35
75 90 49
76 91 18
77 92 17
78 93 18
79 94 45
80 95 6
81 96 42
82 97 24
83 98 14
83 99 31
84 100 18
85 101 1
86 102 9
86 103 10
87 104 22
87 105 37
88 106 24
89 107 2
89 108 39
90 109 44
90 110 3
91 111 9
91 112 29
91 113 41
92 114 29
93 115 39
94 115 46
95 116 37
96 116 47
97 117 15
98 117 4
99 118 13
100 119 37
101 119 9
102 120 37
103 120 4
104 121 47
105 121 19
106 122 41
107 122 15
108 123 10
109 123 4
110 124 28
111 125 9
112 125 36
113 125 16
114 126 16
115 127 39
115 128 27
116 129 20
116 130 7
116 131 35
117 132 9
118 133 35
118 134 44
118 135 26
119 136 43
120 137 10
120 138 13
121 139 33
121 140 33
122 141 27
122 142 31
123 143 39
124 144 40
124 145 45
125 146 5
126 147 38
127 147 28
128 148 28
129 149 47
130 149 20
131 150 5
132 151 11
133 151 28
134 151 40
135 152 48
136 153 49
137 153 17
138 153 35
139 154 3
140 155 49
141 155 26
142 156 29
143 156 19
144 157 19
145 157 28
146 158 46
147 159 1
147 160 49
148 161 1
148 162 11
149 163 6
149 164 13
150 165 15
150 166 38
151 167 19
151 168 28
151 169 32
152 170 42
153 171 16
153 172 40
153 173 34
154 174 4
154 175 33
155 176 4
155 177 40
155 178 49
156 179 14
156 180 29
156 181 29
156 182 42
157 183 5
157 184 41
158 185 32
159 186 13
160 187 21
161 188 3
162 188 2
163 189 36
164 189 38
165 190 18
166 190 6
167 190 19
168 191 45
169 192 27
170 193 44
171 194 1
172 195 3
173 195 43
174 196 17
175 196 19
176 197 35
177 198 14
178 199 42
179 200 2
180 200 8
181 201 5
182 202 11
183 202 18
184 203 20
185 204 7
186 205 29
187 206 36
188 207 21
189 208 46
190 208 46
191 209 44
192 210 31
193 210 20
194 211 37
195 212 9
196 213 12
197 214 46
198 214 44
199 215 18
200 215 44
201 216 8
202 217 8
203 217 30
204 218 42
205 219 6
206 220 41
206 221 13
206 222 39
206 223 16
207 224 12
208 225 46
209 226 41
210 227 27
211 228 35
212 229 10
213 230 38
213 231 28
214 232 44
215 233 37
215 234 43
215 235 45
216 236 41
217 237 25
218 238 9
218 239 25
219 240 30
220 241 26
221 241 42
222 241 49
223 242 46
224 242 5
225 243 8
226 244 28
227 244 34
228 244 21
229 245 18
230 246 3
231 247 5
232 248 23
233 249 35
234 249 9
235 250 24
236 251 44
237 252 5
238 252 48
239 253 30
240 254 19
241 255 1
242 256 25
243 257 28
244 258 39
245 259 44
246 259 40
247 260 27
248 261 42
249 262 46
250 263 46
251 264 47
252 265 17
253 265 36
254 266 23
255 267 44
256 268 3
256 269 42
257 270 9
258 271 30
259 272 34
259 273 47
260 274 42
261 275 36
262 276 22
263 277 3
264 278 33
265 279 12
265 280 31
265 281 49
266 282 4
267 283 1
268 284 49
269 285 9
270 286 12
271 287 4
272 288 19
273 289 18
274 290 14
275 291 48
276 292 26
277 293 36
278 294 46
279 295 17
280 296 22
281 297 31
282 298 18
283 299 13
284 300 24
285 301 32
286 301 23
287 302 11
288 303 3
289 304 31
290 304 36
291 305 35
292 306 26
293 307 20
294 308 14
295 309 33
296 310 3
297 311 39
298 312 27
299 313 46
300 314 17
301 315 18
302 316 47
303 317 5
304 318 7
305 319 38
306 320 5
307 321 34
308 322 8
309 323 2
310 324 15
311 325 42
312 326 14
313 327 42
313 328 33
313 329 34
314 330 48
315 331 13
315 332 2
316 333 47
317 334 30
318 335 13
319 336 21
320 337 10
321 338 16
322 339 16
323 340 17
323 341 28
324 342 46
325 343 33
326 344 3
327 345 42
327 346 12
327 347 45
328 348 47
329 349 36
329 350 18
329 351 33
329 352 30
329 353 40
330 354 1
330 355 1
330 356 26
330 357 39
331 358 37
331 359 8
331 360 26
331 361 6
331 362 46
332 363 12
332 364 26
332 365 35
333 366 8
333 367 31
333 368 2
333 369 7
334 370 49
334 371 8
335 372 2
335 373 23
336 374 12
336 375 35
337 376 38
337 377 38
337 378 44
337 379 3
338 380 12
338 381 1
338 382 3
339 383 6
340 384 44
340 385 33
340 386 15
341 387 39
341 388 18
342 389 48
342 390 23
343 391 37
344 392 6
345 392 41
346 392 17
347 392 24
348 392 10
349 393 19
350 393 7
351 393 13
352 393 15
353 393 39
354 393 45
355 394 36
356 394 10
357 394 32
358 395 36
359 395 24
360 395 44
361 395 31
362 396 2
363 396 16
364 396 6
365 397 38
366 397 29
367 397 33
368 397 9
369 397 44
370 398 1
371 398 21
372 398 17
373 398 34
374 398 36
375 399 45
376 400 43
377 400 4
378 400 33
379 401 42
380 401 38
381 401 41
382 402 40
383 402 4
384 402 38
385 402 29
386 403 6
387 403 27
388 403 47
389 403 40
390 403 47
391 403 27
392 404 45
393 405 30
394 406 39
395 407 1
395 408 13
396 409 33
396 410 19
396 411 6
396 412 20
397 413 6
398 414 39
399 415 15
400 416 40
400 417 25
400 418 12
401 419 33
402 420 29
403 421 4
404 422 15
405 423 40
406 424 44
407 425 16
408 426 5
409 427 41
410 428 46
411 429 44
412 429 31
413 430 19
414 431 49
415 432 39
416 433 4
417 434 36
418 435 29
419 436 22
420 437 8
421 438 20
422 439 13
423 440 25
424 440 3
425 441 15
426 442 43
427 443 35
428 444 34
429 444 9
430 445 40
431 445 29
432 446 26
433 446 5
434 447 13
435 448 14
436 448 47
437 449 22
438 450 46
439 451 36
440 452 39
441 453 10
442 454 35
443 455 45
444 456 18
445 457 49
446 458 18
447 459 29
448 460 19
449 461 3
450 462 2
450 463 10
451 464 4
452 465 43
453 466 4
454 467 34
455 468 29
455 469 40
456 470 33
457 471 8
458 472 31
458 473 39
459 474 8
459 475 8
460 476 4
460 477 22
461 478 7
462 479 44
463 480 39
463 481 23
464 482 6
465 483 47
466 483 44
467 484 38
468 484 29
469 485 23
470 486 4
471 486 36
472 487 22
473 488 5
474 488 5
475 489 15
476 490 48
477 491 8
478 491 37
479 492 12
480 493 36
481 493 39
482 494 26
483 495 22
484 496 40
485 497 46
485 498 20
486 499 45
486 500 32
487 501 28
487 502 35
488 503 31
489 504 12
490 505 15
491 506 40
492 507 42
492 508 16
493 509 11
493 510 5
494 511 46
495 512 27
496 513 4
497 514 29
498 515 41
499 516 34
500 517 4
501 518 46
502 519 44
503 520 37
504 521 41
504 522 26
505 523 41
506 524 45
507 525 3
508 526 41
509 527 18
510 528 35
511 529 15
512 530 20
513 531 10
514 532 21
515 533 47
516 534 4
517 535 40
518 536 39
519 537 43
520 538 36
521 539 26
522 540 27
523 541 26
524 542 3
525 543 14
526 544 49
527 545 40
528 546 22
529 547 25
530 547 48
531 548 10
532 548 49
533 549 28
534 550 41
535 550 3
536 551 7
537 551 3
538 552 2
539 553 45
540 553 28
541 553 48
542 554 47
543 555 12
544 556 30
545 556 26
546 557 8
547 558 32
548 559 15
549 559 17
550 560 30
551 561 23
552 562 17
553 562 21
554 563 9
555 564 36
556 565 29
557 566 31
558 567 13
558 568 45
559 569 4
560 570 49
561 571 49
562 572 49
563 573 37
564 574 49
565 575 49
566 576 44
566 577 8
567 578 7
567 579 17
568 580 46
568 581 7
569 582 16
570 583 38
570 584 26
571 585 48
571 586 14
572 587 12
573 588 17
573 589 29
574 590 48
575 591 42
576 592 17
577 593 30
578 594 40
579 595 26
580 596 30
581 597 46
582 598 43
583 598 35
584 599 3
585 600 36
586 600 8
587 600 25
588 601 15
589 602 47
590 603 1
591 604 34
592 605 22
593 606 40
594 607 9
595 608 37
596 609 18
597 610 9
598 611 6
599 612 22
600 613 8
601 614 48
601 615 16
602 616 3
603 617 3
604 618 25
605 619 25
606 620 25
607 621 12
608 622 47
609 623 28
610 624 23
611 625 45
611 626 35
612 627 25
612 628 37
613 629 27
614 630 29
615 631 34
615 632 23
616 633 9
617 634 18
618 635 5
619 636 18
620 637 49
620 638 42
621 639 14
622 640 42
623 640 47
624 641 32
625 642 43
626 643 31
627 644 7
628 645 31
629 646 16
630 647 10
631 648 9
632 649 26
633 650 29
634 650 30
635 651 22
636 652 21
637 653 32
638 654 37
639 655 34
640 656 11
641 657 1
642 658 44
643 659 29
644 660 37
645 660 29
646 661 21
647 662 13
648 663 41
649 664 32
650 665 17
651 666 3
652 667 1
653 668 44
654 669 39
655 670 39
656 670 41
657 671 26
658 671 23
659 672 20
660 672 44
661 672 33
662 673 44
663 674 4
664 674 37
665 675 36
666 675 40
667 676 27
668 676 36
669 677 42
670 678 32
670 679 28
671 680 7
671 681 31
671 682 24
671 683 16
671 684 33
672 685 19
672 686 39
672 687 44
673 688 25
673 689 36
674 690 10
674 691 7
675 692 24
675 693 34
675 694 17
675 695 43
676 696 40
677 697 3
677 698 43
677 699 38
678 700 12
679 700 8
680 700 32
681 700 4
682 700 5
683 700 9
684 700 31
685 700 39
686 700 16
687 700 7
688 700 38
689 700 40
690 700 17
691 700 9
692 700 31
693 700 2
694 700 15
695 700 14
696 700 31
697 700 48
698 700 48
699 700 30
