8 8 9 8
19 19 20 20
7 7 8 7
18 18 17 18
19 18 18 18
7 7 7 8
9 9 9 9
12 11 12 11
14 14 14 14
9 9 9 9
21 20 19 21
12 12 13 12
10 11 10 10
6 5 5 5
14 14 15 14
13 14 13 14
6 6 6 6
16 15 15 16
13 14 13 13
9 9 8 9
5 5 4 5
5 5 6 6
14 15 14 15
15 15 15 15
4 5 4 4
11 12 11 12
3 3 3 4
20 19 20 19
2 1 2 1
13 12 13 13
9 8 9 8
18 18 18 17
14 15 14 15
10 10 10 10
11 12 11 11
12 12 13 13
15 14 15 15
5 6 5 6
11 10 10 10
2 1 1 2
5 5 6 5
14 14 14 14
20 21 19 21
13 12 13 12
11 10 11 10
8 7 8 7
11 11 11 10
17 16 17 16
7 7 8 8
16 16 16 16
18 18 18 17
11 11 10 10
13 13 13 14
20 20 20 20
15 16 15 15
4 3 4 3
21 21 21 21
5 5 6 6
17 17 17 18
1 1 2 1
3 3 3 4
9 10 9 9
9 9 9 9
9 10 9 10
6 5 6 6
21 20 21 19
7 7 7 7
4 4 4 4
14 13 14 14
2 2 2 2
3 2 3 3
3 4 4 4
11 11 11 10
18 18 18 18
3 2 3 3
8 8 9 9
15 14 15 15
10 9 10 9
3 3 3 3
16 16 17 17
6 7 7 6
13 14 13 14
6 6 5 6
21 21 21 20
12 11 12 11
13 14 14 14
6 5 5 6
7 6 6 6
15 15 16 16
18 19 18 18
10 10 9 10
10 9 10 9
17 17 17 17
11 11 11 10
11 11 10 11
3 4 3 3
10 11 10 10
3 4 3 4
14 15 15 15
8 9 8 8
19 20 20 19
18 19 19 18
7 6 7 7
7 8 8 7
17 17 16 16
15 15 14 14
8 8 8 9
3 2 2 2
3 3 4 3
9 9 9 8
7 8 8 7
12 12 12 12
11 12 12 11
18 18 17 18
17 17 16 17
17 16 16 17
13 13 13 12
11 10 10 11
8 7 7 8
1 1 1 2
4 4 3 3
13 13 14 13
19 19 19 19
3 3 3 2
14 13 14 13
3 3 2 2
21 20 19 21
13 14 13 14
5 6 6 6
11 12 11 11
15 15 16 16
1 1 1 2
13 12 13 12
9 10 10 9
12 13 12 13
13 14 14 13
14 14 15 15
7 8 7 8
18 18 17 17
6 7 6 7
18 18 19 19
4 5 5 5
17 17 16 17
2 3 3 2
10 9 9 10
4 3 4 3
7 8 7 7
4 4 4 4
7 7 7 6
15 14 15 15
3 4 4 3
19 18 18 18
13 14 13 13
3 2 2 3
3 3 2 2
16 17 17 17
7 7 7 6
3 2 3 3
8 7 7 8
15 15 14 14
8 8 8 9
16 16 16 15
14 14 14 15
7 7 8 8
4 3 4 3
16 17 17 17
13 13 13 12
2 2 1 1
9 9 9 10
5 5 5 6
18 18 18 18
3 2 3 3
16 16 16 16
18 17 17 18
20 20 19 19
19 20 19 20
19 19 20 19
13 12 13 13
5 6 6 6
15 15 15 15
11 10 11 11
3 3 2 3
13 13 14 14
8 8 7 7
7 7 7 6
5 6 5 6
14 15 15 15
4 3 4 4
19 19 19 18
5 5 6 6
6 7 7 7
10 11 11 10
18 17 18 18
7 6 6 7
18 19 18 19
2 2 1 1
16 15 16 15
19 20 19 20
1 1 2 1
15 15 15 16
6 5 6 5
12 13 12 12
2 2 2 3
19 18 18 18
12 11 11 11
10 10 11 11
6 7 6 6
19 20 19 20
4 4 4 4
8 9 9 8
6 5 5 5
13 13 13 14
16 15 15 15
6 6 7 6
8 8 8 9
15 16 16 15
9 9 9 9
5 5 5 5
19 19 18 19
21 19 19 21
10 9 9 10
6 7 7 6
5 4 4 5
9 8 9 8
7 7 7 7
16 17 17 17
13 12 12 13
20 19 19 20
2 2 1 1
4 4 5 5
12 13 13 12
3 4 3 3
6 7 6 7
19 18 19 19
8 9 8 8
7 7 6 6
14 14 13 13
13 13 14 13
19 20 21 20
19 18 18 19
19 19 19 20
11 11 10 10
7 7 8 8
6 5 5 6
10 10 10 10
17 16 17 16
2 2 1 2
12 11 11 12
5 5 4 4
11 12 12 12
12 13 12 12
3 3 3 3
6 7 7 6
2 2 2 2
20 19 21 20
19 20 20 19
10 10 11 11
14 15 14 14
17 16 17 17
5 5 6 6
4 3 4 3
13 14 13 14
17 16 16 17
15 14 14 14
17 16 17 17
15 14 14 15
7 8 7 8
8 8 8 7
2 2 1 1
15 16 15 16
15 15 15 15
19 19 19 19
5 5 5 4
4 3 4 3
16 16 15 16
3 3 4 3
13 12 12 12
13 14 13 13
9 8 8 9
20 20 19 20
8 8 7 7
17 16 17 16
1 2 1 2
11 12 12 11
16 15 15 16
15 16 15 15
4 4 4 5
1 1 1 1
17 18 17 17
18 17 17 18
17 17 18 17
10 9 10 9
17 16 16 16
15 15 16 15
3 3 4 4
11 11 12 11
16 15 16 16
6 5 6 6
19 19 19 18
3 3 4 4
