1 2 22
1 3 86
1 4 183
2 5 8
2 6 28
2 7 102
2 8 40
3 9 9
3 10 6
3 11 161
3 12 101
4 13 45
4 14 91
4 15 46
4 16 31
5 17 104
6 18 18
7 19 117
8 20 99
9 20 113
10 21 49
11 22 84
12 23 195
13 24 21
14 25 46
15 26 70
16 27 55
17 28 84
17 29 171
18 30 79
19 31 175
20 32 163
21 33 60
22 34 96
23 35 133
24 36 70
25 37 95
26 38 169
27 39 82
28 40 17
29 41 149
30 42 44
31 43 41
32 44 155
33 45 26
34 46 169
35 47 50
35 48 136
36 49 75
36 50 32
37 51 134
37 52 128
38 53 115
39 54 47
40 55 155
41 56 14
42 57 179
43 58 48
44 58 72
45 59 178
46 59 10
47 60 116
48 61 83
49 62 13
50 63 52
51 64 64
52 65 121
53 66 128
54 67 179
55 68 120
56 69 149
57 70 40
58 71 185
59 72 54
60 73 119
60 74 36
61 75 155
62 76 178
63 77 112
64 78 31
65 79 99
66 80 166
67 81 108
68 82 187
69 83 34
69 84 94
69 85 20
70 86 140
71 87 84
71 88 104
72 89 126
72 90 150
73 91 158
74 92 104
74 93 27
75 94 27
75 95 17
76 96 41
76 97 157
77 98 188
78 99 99
79 100 51
80 101 135
81 102 86
82 103 141
83 104 159
84 104 36
85 105 61
86 105 178
87 105 19
88 106 138
89 107 176
90 108 151
91 109 162
92 109 54
93 110 150
94 110 115
95 110 199
96 111 36
97 112 110
98 113 71
99 114 65
100 115 89
101 116 86
102 116 113
103 117 94
103 118 179
104 119 156
105 120 17
106 121 83
106 122 121
107 123 98
108 124 67
109 125 141
110 126 3
111 127 185
112 128 84
112 129 123
113 130 130
114 131 185
115 132 51
116 133 126
117 134 161
118 135 160
119 136 104
119 137 190
120 138 166
120 139 112
121 140 176
121 141 104
122 142 116
122 143 6
123 144 26
123 145 82
124 146 48
125 147 112
126 148 140
126 149 15
127 150 106
128 151 106
128 152 172
129 153 4
130 154 113
131 155 36
131 156 40
132 157 108
133 158 68
134 159 32
135 160 118
136 160 100
137 161 174
138 161 36
139 162 122
140 162 41
141 163 199
142 164 96
143 165 84
144 166 82
145 167 9
146 168 184
147 169 162
148 170 39
149 171 140
150 172 108
151 173 118
152 173 104
153 174 32
154 175 73
155 176 72
156 177 83
157 178 69
158 179 45
159 180 182
160 181 82
161 182 134
162 183 104
163 183 53
164 184 36
165 185 84
166 186 109
167 187 47
168 188 126
169 189 142
170 189 48
171 190 184
172 191 3
173 191 93
174 192 63
175 192 139
176 193 101
177 194 69
178 194 52
179 195 158
180 196 145
181 197 13
182 198 196
183 199 64
184 200 177
185 201 28
186 202 32
187 203 187
188 204 103
189 205 11
190 206 90
191 207 85
192 208 195
193 209 123
194 210 22
195 211 163
196 212 149
197 213 86
198 214 173
199 215 166
200 216 187
201 217 14
202 217 98
203 218 123
204 219 184
205 220 103
206 221 80
207 222 19
208 223 194
209 223 28
210 223 191
211 224 147
212 225 87
213 226 102
214 227 117
215 228 152
216 229 156
216 230 10
217 231 27
218 232 91
219 233 73
220 234 169
221 235 42
221 236 16
222 237 123
223 238 78
224 239 29
225 240 129
226 241 26
227 242 108
228 243 107
229 244 157
230 245 96
231 246 143
232 247 71
232 248 199
233 249 154
234 250 36
235 251 96
236 252 155
237 253 60
238 254 150
239 255 121
240 256 142
241 257 100
242 258 165
243 259 169
244 259 4
245 260 21
246 261 83
247 261 69
248 262 43
249 263 189
250 263 32
251 264 134
252 265 73
253 265 64
254 266 162
255 266 198
256 267 165
256 268 66
256 269 186
257 270 34
257 271 184
257 272 168
258 273 114
258 274 1
258 275 11
258 276 74
259 277 191
259 278 90
259 279 48
259 280 120
260 281 5
260 282 96
260 283 52
260 284 184
261 285 25
261 286 54
261 287 116
262 288 29
262 289 177
262 290 137
262 291 68
263 292 1
263 293 113
263 294 138
263 295 111
264 296 116
264 297 108
264 298 138
264 299 126
265 300 134
265 301 149
265 302 184
266 303 5
266 304 9
267 305 60
268 305 144
269 306 156
270 306 167
271 306 189
272 307 32
273 307 3
274 307 164
275 308 154
276 309 139
277 309 18
278 309 139
279 310 141
280 310 170
281 311 55
282 311 42
283 311 74
284 312 199
285 312 41
286 313 172
287 313 16
288 313 112
289 314 198
290 314 160
291 315 197
292 316 136
293 316 116
294 317 98
295 317 81
296 317 131
297 317 47
298 318 68
299 319 194
300 319 175
301 320 187
302 320 123
303 320 11
304 320 121
305 321 52
306 322 140
307 323 162
308 324 122
309 324 51
310 325 70
311 326 79
312 327 52
313 328 15
314 328 99
315 329 150
316 329 65
317 330 78
318 331 197
319 332 122
320 333 171
321 334 193
322 335 119
322 336 27
323 337 199
323 338 95
324 339 161
324 340 44
324 341 128
325 342 43
326 343 128
327 344 64
328 345 58
329 346 177
330 347 46
330 348 185
331 349 129
332 350 26
333 351 128
333 352 172
334 353 191
335 353 144
336 354 58
337 355 118
338 356 91
339 357 8
340 358 191
341 359 164
342 359 114
343 360 27
344 361 190
345 362 24
346 363 17
347 364 107
348 365 185
349 365 57
350 365 155
351 365 181
352 366 125
353 367 65
354 368 63
354 369 4
355 370 11
356 371 109
357 372 130
358 373 112
359 374 82
360 375 58
361 376 196
362 377 191
363 378 188
364 379 113
365 380 122
366 381 141
367 382 47
368 382 79
369 383 55
370 384 195
371 384 77
372 385 160
373 385 135
374 386 130
375 387 28
376 388 107
377 389 179
378 389 68
379 390 75
380 391 6
381 392 197
382 393 172
382 394 72
383 395 107
383 396 72
383 397 13
383 398 35
384 399 66
384 400 115
384 401 164
385 402 186
386 403 46
387 404 64
387 405 83
388 406 158
388 407 176
389 408 185
389 409 147
390 410 182
391 411 75
391 412 171
392 413 57
393 414 178
394 415 180
395 416 71
396 417 27
397 418 2
398 419 62
399 420 19
400 421 105
401 422 42
402 423 185
403 424 58
404 425 74
405 426 117
406 427 168
407 428 84
408 429 45
409 430 20
410 431 32
411 432 27
412 433 91
412 434 16
413 435 1
414 436 106
415 437 140
416 438 97
417 439 63
418 440 85
419 441 27
420 442 56
421 443 196
422 444 157
423 445 195
424 446 131
425 447 148
426 448 93
427 449 195
428 450 61
429 451 92
430 452 16
431 453 193
432 454 84
433 455 48
434 456 60
435 456 30
436 457 171
437 458 100
438 459 115
439 459 178
440 460 92
441 461 100
442 462 133
443 462 20
444 463 195
445 464 47
446 464 147
447 465 104
448 465 34
449 465 171
450 466 67
451 466 19
452 467 97
453 467 165
454 468 189
455 468 25
456 468 144
457 469 180
458 470 46
459 471 68
459 472 143
460 473 180
461 474 79
462 475 27
463 476 92
464 477 196
464 478 177
465 479 69
466 480 53
466 481 123
467 482 118
467 483 111
468 484 4
468 485 167
468 486 118
469 487 180
470 488 90
471 489 188
472 490 161
472 491 52
473 492 67
474 493 20
474 494 82
475 495 183
475 496 38
476 497 119
476 498 160
477 499 63
477 500 98
478 501 60
479 502 35
480 503 176
481 504 68
482 505 161
483 506 60
484 507 5
485 508 180
486 509 162
487 510 30
488 510 77
489 510 20
490 511 190
491 511 113
492 512 39
493 512 73
494 512 93
495 513 127
496 514 103
497 515 133
498 516 193
499 517 38
500 517 145
501 518 100
502 518 197
503 519 147
504 519 73
505 519 15
506 520 139
507 521 10
508 522 38
509 522 81
510 523 119
511 524 142
512 525 19
513 526 7
514 527 199
515 528 127
515 529 118
516 530 75
517 531 80
518 532 25
518 533 38
519 534 88
519 535 31
520 536 160
521 537 116
522 538 53
522 539 77
523 540 171
524 541 127
525 542 103
526 543 132
527 544 57
528 545 58
529 546 30
530 547 28
531 548 50
532 549 54
533 550 87
534 551 196
535 552 66
536 553 93
537 554 21
538 555 141
539 556 103
540 557 169
541 558 104
542 559 30
543 560 35
544 561 37
545 562 149
546 563 76
547 564 110
548 565 101
549 566 50
550 567 36
551 568 168
552 569 13
552 570 131
553 571 76
554 572 162
555 573 79
555 574 15
556 575 14
557 576 93
558 576 149
559 577 123
560 578 173
561 579 114
562 579 132
563 579 39
564 580 79
565 581 187
566 581 42
567 582 46
568 582 117
569 582 76
570 583 69
571 584 187
572 584 111
573 584 106
574 585 110
575 585 161
576 586 70
577 587 144
578 588 44
578 589 138
578 590 6
579 591 129
580 592 179
581 593 140
581 594 163
582 595 142
583 596 141
583 597 187
584 598 164
585 599 44
586 600 159
587 600 156
588 600 174
589 600 13
590 600 30
591 600 9
592 600 3
593 600 60
594 600 184
595 600 61
596 600 34
597 600 130
598 600 165
599 600 116
