21 11 22 10
22 21 19 24
3 4 3 2
12 6 17 12
5 7 7 8
9 10 12 8
7 5 7 7
6 6 5 8
21 28 23 21
22 14 17 22
1 2 1 2
3 9 4 8
10 9 12 12
18 17 19 11
2 2 2 1
23 8 20 15
7 10 11 8
6 4 8 8
14 14 7 12
8 7 6 7
15 9 7 17
16 23 24 24
2 3 4 3
8 7 3 5
6 5 10 4
4 3 4 4
8 6 8 3
2 1 2 1
7 9 10 9
5 3 3 4
4 3 2 4
6 8 7 9
5 5 4 6
6 11 13 8
2 2 2 2
13 7 15 7
9 10 21 15
14 13 17 16
14 26 14 14
6 3 5 9
10 8 5 8
12 10 14 11
3 3 4 4
18 13 16 16
21 22 24 25
11 20 12 11
11 19 11 12
14 23 26 16
9 21 16 11
2 3 4 3
6 5 9 7
10 11 7 8
11 6 14 7
16 18 13 11
22 14 20 18
11 13 10 14
16 10 6 17
22 20 24 22
15 10 14 17
15 26 18 26
14 10 6 14
10 9 14 16
14 11 5 13
12 5 15 13
20 20 9 17
13 12 21 18
21 11 25 25
10 13 16 20
3 2 4 4
4 2 5 2
15 9 17 7
12 14 17 11
14 8 11 14
3 1 1 2
9 9 5 11
9 6 12 11
16 15 11 12
8 6 8 8
13 11 11 8
6 9 7 10
17 20 25 15
9 7 5 5
5 4 5 2
2 4 2 2
16 24 21 26
6 4 3 2
9 4 10 4
14 9 12 15
6 6 6 6
15 27 22 24
4 5 5 6
2 1 2 1
11 9 6 13
1 1 2 2
9 4 11 7
6 6 7 7
4 4 5 4
16 24 18 22
3 3 5 3
14 26 22 25
5 9 11 11
19 18 14 18
19 11 12 20
14 17 8 8
21 23 20 28
14 17 14 14
9 5 9 4
14 10 11 7
25 28 13 29
9 3 5 7
13 15 7 8
6 14 12 13
2 2 2 1
8 8 7 5
17 9 7 11
2 6 6 4
14 12 10 7
3 4 3 3
11 11 6 9
6 3 4 6
1 1 2 1
12 5 10 9
8 8 4 5
16 12 10 19
9 9 7 7
9 16 10 18
12 15 13 14
12 26 22 21
26 27 18 18
11 5 5 11
8 8 6 9
5 8 5 9
9 18 12 9
10 7 13 14
7 13 13 11
15 14 15 12
19 13 20 19
1 2 1 1
17 20 25 16
13 16 12 21
14 5 5 6
8 4 8 6
3 7 7 4
24 16 11 10
12 18 23 17
8 12 14 16
11 4 9 6
13 9 17 10
7 3 9 3
17 15 12 19
25 15 22 24
15 8 11 16
14 20 23 15
15 7 20 12
10 8 10 10
5 8 12 12
7 10 11 6
6 5 12 12
1 2 1 1
6 4 4 3
5 6 5 4
2 2 1 2
13 14 16 16
3 2 1 1
13 9 11 8
4 11 6 7
23 14 17 28
17 27 15 17
1 2 2 3
18 12 15 14
12 15 14 15
4 5 6 2
10 14 13 12
4 5 4 2
7 16 11 9
14 11 7 20
21 22 23 21
5 4 2 4
10 12 26 17
21 21 13 17
5 3 4 3
18 12 16 13
26 20 28 15
17 24 18 12
1 1 3 3
7 14 9 12
10 4 8 11
18 11 13 21
4 4 5 4
15 14 17 19
20 10 11 10
7 10 18 15
26 25 10 15
7 5 5 8
22 26 9 23
11 10 9 11
1 2 3 3
14 14 9 9
10 24 18 12
18 11 11 14
6 5 14 9
23 21 8 8
21 9 17 10
9 13 11 11
3 3 1 2
26 16 16 10
13 12 10 6
10 19 7 8
3 1 1 1
4 6 2 6
4 4 2 4
20 19 16 17
13 11 10 11
4 4 5 10
21 27 19 20
27 27 19 19
20 8 14 21
24 27 20 23
12 14 9 7
12 18 18 23
2 1 2 2
3 2 1 3
18 19 14 24
8 13 9 15
10 20 19 19
22 26 14 23
3 2 4 3
25 10 10 10
6 17 11 8
14 6 9 14
4 4 2 3
20 22 16 14
17 9 20 12
1 1 2 1
5 2 2 4
9 5 3 9
1 2 2 1
8 10 12 11
7 5 15 15
15 14 17 14
19 25 22 23
17 16 20 21
9 15 6 15
4 11 11 12
24 15 20 12
2 3 2 1
9 4 10 9
12 27 24 17
19 21 14 20
4 5 8 4
9 11 12 14
4 2 5 3
3 1 3 2
2 2 3 3
14 13 25 23
10 28 23 10
7 7 6 3
9 17 17 10
3 8 9 6
1 1 3 2
24 13 13 20
18 11 7 11
17 12 9 12
11 15 6 6
1 1 1 2
10 14 18 29
8 6 6 6
14 6 14 8
7 13 10 10
25 27 21 26
22 10 17 19
9 11 11 8
6 15 7 15
9 7 5 6
4 9 9 5
17 12 10 12
19 20 24 22
22 23 17 17
28 17 15 28
2 1 1 2
3 2 3 4
16 8 8 11
12 27 16 10
6 6 9 6
2 3 2 1
8 11 8 12
12 12 4 6
18 14 14 17
21 17 9 21
16 9 6 7
16 12 22 29
10 7 4 10
8 12 11 11
10 9 8 9
6 12 13 11
15 10 8 10
4 2 5 2
8 5 6 3
8 7 4 6
11 13 29 23
17 18 21 9
14 22 25 11
1 2 2 2
12 10 9 14
6 6 7 3
17 16 11 10
19 18 15 9
6 3 6 5
7 8 5 10
9 18 22 21
23 10 9 8
4 5 4 5
15 23 11 14
24 24 19 25
7 6 6 3
1 2 2 3
2 2 2 1
6 10 14 6
4 7 4 5
8 6 7 3
4 9 3 3
1 1 1 1
13 13 16 18
18 9 23 25
23 24 16 17
3 1 1 1
19 15 15 23
17 11 21 21
13 14 14 13
10 26 13 25
13 13 12 15
26 20 9 17
5 2 2 3
3 1 1 1
7 9 12 8
13 8 18 14
8 6 4 4
4 4 4 3
9 7 8 5
2 1 1 2
6 2 3 4
21 17 17 10
12 15 16 10
11 27 15 13
25 17 11 17
30 25 16 29
23 21 29 25
12 7 20 11
13 11 18 23
8 11 10 13
22 16 19 25
2 5 2 3
20 24 12 23
11 15 15 20
4 5 5 2
1 2 2 2
4 3 5 3
6 8 6 6
18 15 16 16
4 5 5 6
9 9 8 11
15 14 9 13
3 5 4 4
3 3 2 2
9 5 7 8
3 2 2 1
13 12 8 18
8 12 9 7
11 24 22 12
10 6 15 6
1 2 2 2
18 19 16 12
3 6 2 3
27 12 27 26
15 21 9 19
6 14 8 14
15 11 7 11
11 9 12 11
3 2 1 1
10 5 6 5
4 6 5 2
5 5 5 2
15 17 12 18
6 3 8 3
23 8 20 13
14 13 6 7
16 10 20 18
17 19 10 19
5 2 2 4
15 19 7 20
24 15 25 23
1 2 2 2
9 24 11 9
19 8 13 18
7 4 4 7
29 23 28 20
3 1 3 1
27 30 26 17
10 4 4 8
3 2 3 3
14 20 21 9
5 3 4 3
9 13 12 8
27 24 19 24
6 4 5 4
1 2 2 2
2 2 2 1
25 21 16 29
21 23 13 16
17 16 16 12
6 5 6 9
11 6 10 9
9 16 22 14
7 9 15 7
9 7 5 9
4 3 2 4
21 22 9 19
5 8 7 7
20 17 22 8
15 9 9 12
10 12 17 13
4 3 2 2
4 2 4 2
14 23 11 19
4 8 3 6
3 5 6 3
2 1 2 1
8 19 10 7
5 3 2 2
2 3 4 6
7 6 11 14
1 2 2 1
5 13 7 12
25 24 20 10
20 20 14 11
12 11 10 6
20 12 20 24
2 2 1 1
4 3 3 5
7 3 8 4
10 5 9 10
5 4 4 6
14 17 11 16
10 17 11 16
20 12 20 8
5 2 5 3
8 9 7 6
21 23 11 21
13 11 12 11
12 14 10 10
10 18 13 11
13 19 10 25
24 17 24 9
5 6 10 6
2 1 2 1
10 18 10 14
11 5 5 12
18 6 17 6
23 26 25 20
9 12 5 4
10 16 8 11
9 8 23 22
29 23 28 19
8 16 19 14
8 9 6 8
3 5 7 5
6 8 7 7
8 9 12 8
2 3 3 3
2 5 6 2
13 11 8 6
8 3 3 8
2 1 2 1
21 24 23 14
6 11 17 7
9 18 22 15
2 2 1 1
2 2 2 2
19 15 16 10
3 5 9 7
8 6 7 8
22 21 14 19
11 23 11 28
17 24 20 16
6 9 8 8
8 5 4 5
16 18 16 8
19 9 18 23
23 23 11 21
3 6 5 5
21 23 20 17
3 8 8 4
6 7 6 6
1 1 2 2
6 7 6 8
25 22 24 11
19 20 24 23
5 6 2 6
4 11 10 11
18 19 10 14
1 2 1 1
6 12 5 6
6 9 8 6
6 6 4 6
4 3 2 4
6 5 10 7
4 5 3 3
28 30 27 27
10 11 16 10
16 8 20 8
12 6 10 10
8 3 7 8
11 12 12 10
12 5 10 13
11 8 8 11
1 1 2 1
14 8 7 12
10 20 18 8
6 8 8 8
26 16 9 22
17 14 9 20
16 19 16 16
10 12 16 13
14 22 12 10
9 10 11 5
4 8 3 7
12 14 19 20
11 12 5 7
12 10 27 19
26 15 23 11
12 15 15 14
17 19 24 10
28 20 22 20
7 20 10 17
11 10 9 12
6 6 5 7
9 10 6 13
20 13 20 12
14 17 16 11
7 15 17 9
9 10 22 24
7 5 8 5
6 5 4 4
11 11 18 18
5 2 3 4
12 7 8 9
9 14 9 6
2 2 2 1
18 23 11 18
13 18 16 15
3 1 1 1
4 4 3 4
2 2 3 2
2 6 5 2
13 13 14 10
16 12 17 8
15 7 11 6
13 17 11 22
9 6 9 4
9 18 23 24
6 5 9 4
8 15 18 21
9 11 13 12
2 1 1 2
13 15 18 15
17 12 29 10
7 20 18 7
8 6 10 11
26 20 17 26
2 2 1 1
7 7 8 7
11 19 21 23
10 7 12 8
6 7 6 7
20 10 17 11
7 10 4 5
23 9 18 12
4 4 5 3
2 3 1 2
16 13 17 21
3 6 3 2
2 1 2 1
9 24 11 17
22 19 22 20
7 6 12 15
11 10 9 19
18 10 8 10
14 14 8 11
15 14 15 11
11 15 28 29
11 16 12 11
4 8 11 9
11 6 5 7
2 2 3 1
5 10 12 11
13 14 15 14
19 14 12 11
3 3 2 4
14 23 15 24
7 9 14 19
13 18 17 18
10 11 10 14
6 13 7 5
26 23 20 11
5 5 4 5
6 5 6 2
5 4 3 5
16 10 20 11
7 12 13 10
3 1 3 2
10 11 6 6
14 15 19 15
5 2 3 5
11 8 13 12
5 10 9 12
1 1 3 2
1 1 1 2
7 5 4 7
3 1 3 3
21 20 19 26
12 13 13 17
6 13 15 5
7 3 8 3
8 7 7 9
1 3 1 2
16 22 12 9
23 10 15 10
8 17 16 12
12 7 6 10
13 18 19 20
6 3 2 4
15 13 9 7
13 9 12 16
3 8 3 7
6 7 10 7
8 9 14 9
4 6 8 9
10 12 12 23
1 3 3 2
5 8 12 8
8 12 9 10
2 1 3 3
1 2 2 1
25 16 17 24
6 6 5 15
17 15 14 13
25 30 20 12
7 13 15 9
29 22 12 22
24 13 19 10
11 14 13 13
16 8 8 13
11 11 12 11
2 3 2 1
12 27 30 22
3 4 5 2
1 1 2 2
3 2 4 3
1 1 2 1
12 13 14 8
18 21 23 17
12 10 7 17
9 24 14 24
3 2 1 2
2 2 1 2
23 15 25 27
8 6 12 12
11 10 8 8
1 1 1 2
16 18 18 18
1 1 2 1
6 9 6 4
18 19 16 20
25 26 21 17
19 14 10 12
12 16 13 16
5 2 5 2
18 20 11 24
12 14 17 7
1 2 1 2
9 6 3 4
2 3 2 2
6 11 4 9
4 10 11 11
18 13 9 15
5 4 9 7
9 12 9 12
10 13 9 6
4 4 12 8
6 6 13 11
9 8 11 16
3 3 9 9
14 26 12 15
3 3 5 7
1 2 1 1
17 7 17 13
4 2 6 4
14 14 7 12
18 9 16 14
10 8 5 4
18 13 11 11
7 6 13 11
9 11 4 10
6 10 11 11
24 9 9 11
10 10 14 23
5 7 5 9
16 23 20 9
9 12 13 10
9 13 8 8
11 18 12 14
14 18 8 13
9 8 7 4
1 3 2 1
21 12 8 17
4 8 6 8
3 4 7 4
18 8 18 15
18 16 8 21
9 22 23 14
11 10 13 11
9 5 3 9
1 1 2 1
19 13 27 19
18 8 15 21
17 15 9 11
25 17 19 26
17 16 6 17
2 3 5 3
17 19 11 22
6 13 15 13
16 23 20 23
9 5 6 8
16 18 20 13
12 4 10 8
26 20 21 25
18 15 20 17
10 14 14 14
9 7 11 15
4 4 3 4
11 12 22 20
3 2 1 1
18 23 15 11
22 16 14 15
19 13 15 20
2 1 2 1
2 2 2 1
17 9 7 8
3 8 3 8
10 17 21 13
2 4 4 5
23 21 14 13
19 17 18 25
8 7 8 7
8 7 5 7
20 7 10 21
17 12 12 19
2 2 2 2
2 2 3 2
1 2 3 2
17 19 13 20
18 23 14 18
1 3 3 1
10 10 6 13
1 1 2 2
2 2 2 5
14 16 19 19
16 11 27 17
3 9 8 6
11 7 16 13
24 22 17 16
19 20 24 28
25 23 17 29
15 15 9 17
13 11 11 7
6 13 8 14
5 5 6 5
27 9 20 16
15 12 17 12
1 1 3 1
17 22 19 13
3 4 2 2
6 9 4 9
10 11 10 5
7 11 7 7
2 3 3 3
8 7 8 5
15 7 12 14
4 11 12 11
13 12 8 16
7 17 8 9
4 6 2 2
7 18 17 16
21 9 23 13
4 5 8 7
24 17 21 11
19 12 21 14
23 9 18 12
2 2 2 2
9 9 13 20
