1 2 1
1 3 1
1 4 1
2 5 1
2 6 1
3 7 1
3 8 1
3 9 1
4 10 1
4 11 1
5 12 1
5 13 1
6 14 1
7 15 1
8 16 1
8 17 1
9 18 1
9 19 1
10 20 1
11 21 1
12 22 1
13 23 1
14 24 1
15 24 1
16 25 1
17 25 1
18 26 1
19 27 1
20 28 1
21 28 1
22 29 1
23 30 1
24 31 1
25 32 1
25 33 1
26 34 1
26 35 1
27 36 1
28 37 1
28 38 1
29 39 1
30 40 1
31 41 1
32 42 1
33 43 1
34 44 1
35 45 1
35 46 1
36 47 1
37 48 1
38 49 1
39 50 1
40 51 1
41 52 1
42 53 1
43 54 1
44 55 1
45 56 1
46 57 1
47 58 1
48 59 1
49 60 1
50 61 1
51 62 1
52 62 1
53 62 1
54 62 1
55 62 1
56 63 1
57 63 1
58 63 1
59 63 1
60 63 1
61 64 1
61 65 1
62 66 1
62 67 1
62 68 1
63 69 1
64 70 1
64 71 1
65 72 1
66 73 1
66 74 1
66 75 1
67 76 1
68 77 1
68 78 1
69 79 1
70 80 1
71 80 1
72 81 1
73 82 1
74 83 1
75 83 1
76 84 1
77 85 1
78 86 1
79 87 1
80 88 1
81 89 1
82 89 1
83 90 1
84 91 1
85 91 1
86 92 1
87 92 1
88 93 1
88 94 1
88 95 1
89 96 1
89 97 1
89 98 1
90 99 1
90 100 1
90 101 1
91 102 1
91 103 1
92 104 1
92 105 1
92 106 1
93 107 1
94 108 1
95 108 1
96 109 1
97 110 1
98 111 1
99 112 1
100 112 1
101 113 1
102 114 1
103 114 1
104 115 1
105 115 1
106 116 1
107 117 1
108 117 1
109 118 1
110 118 1
111 119 1
112 119 1
113 120 1
114 120 1
115 120 1
116 121 1
117 122 1
117 123 1
118 124 1
119 125 1
120 126 1
120 127 1
120 128 1
121 129 1
122 130 1
123 131 1
124 131 1
125 132 1
126 133 1
127 134 1
128 135 1
129 136 1
130 137 1
130 138 1
131 139 1
131 140 1
132 141 1
133 142 1
134 143 1
135 144 1
136 145 1
137 146 1
138 147 1
139 148 1
140 149 1
140 150 1
141 151 1
142 152 1
143 153 1
144 154 1
145 155 1
146 156 1
147 157 1
148 158 1
149 159 1
150 160 1
151 161 1
152 162 1
153 163 1
154 164 1
154 165 1
155 166 1
155 167 1
156 168 1
157 168 1
158 168 1
159 169 1
160 169 1
161 169 1
162 170 1
163 170 1
164 170 1
165 171 1
166 171 1
167 171 1
168 172 1
169 173 1
169 174 1
169 175 1
170 176 1
170 177 1
170 178 1
171 179 1
171 180 1
172 181 1
173 182 1
174 183 1
175 184 1
176 185 1
177 186 1
178 187 1
179 187 1
180 188 1
181 189 1
182 190 1
183 191 1
184 192 1
185 193 1
186 194 1
187 195 1
188 195 1
189 196 1
190 197 1
191 198 1
192 198 1
193 198 1
194 199 1
195 199 1
196 200 1
197 200 1
198 200 1
199 200 1
