1 2 1
1 3 1
1 4 1
2 5 1
2 6 1
2 7 1
3 8 1
3 9 1
4 10 1
5 11 1
6 12 1
7 13 1
8 14 1
9 15 1
10 16 1
11 17 1
12 18 1
13 19 1
14 20 1
15 21 1
16 22 1
17 23 1
18 24 1
19 25 1
20 26 1
21 27 1
22 28 1
23 29 1
23 30 1
23 31 1
24 32 1
24 33 1
24 34 1
25 35 1
26 36 1
26 37 1
27 38 1
27 39 1
28 40 1
28 41 1
29 42 1
30 42 1
31 43 1
32 44 1
33 45 1
34 45 1
35 45 1
36 45 1
37 46 1
38 47 1
39 47 1
40 47 1
41 48 1
42 49 1
43 50 1
44 51 1
45 52 1
46 53 1
47 54 1
48 55 1
49 56 1
49 57 1
50 58 1
51 59 1
52 60 1
53 61 1
53 62 1
54 63 1
55 64 1
56 65 1
57 66 1
58 67 1
59 68 1
60 69 1
61 70 1
62 71 1
63 71 1
64 72 1
65 73 1
66 74 1
67 75 1
68 76 1
69 76 1
70 77 1
71 78 1
72 79 1
73 80 1
74 81 1
75 82 1
75 83 1
76 84 1
77 85 1
78 86 1
79 87 1
80 88 1
81 89 1
82 90 1
83 91 1
84 92 1
85 93 1
85 94 1
86 95 1
87 96 1
88 97 1
89 98 1
89 99 1
89 100 1
90 101 1
90 102 1
90 103 1
91 104 1
91 105 1
91 106 1
92 107 1
93 108 1
93 109 1
94 110 1
94 111 1
95 112 1
95 113 1
95 114 1
96 115 1
96 116 1
96 117 1
97 118 1
98 118 1
99 118 1
100 118 1
101 118 1
102 119 1
103 119 1
104 119 1
105 120 1
106 120 1
107 120 1
108 120 1
109 120 1
110 121 1
111 121 1
112 121 1
113 121 1
114 121 1
115 121 1
116 122 1
117 122 1
118 123 1
119 124 1
120 125 1
121 126 1
122 127 1
123 128 1
124 129 1
125 130 1
125 131 1
126 132 1
126 133 1
127 134 1
128 135 1
129 135 1
130 135 1
131 136 1
132 137 1
133 137 1
134 138 1
135 139 1
135 140 1
136 141 1
136 142 1
137 143 1
138 144 1
139 145 1
139 146 1
140 147 1
141 148 1
141 149 1
142 150 1
143 151 1
144 152 1
144 153 1
145 154 1
146 155 1
147 156 1
148 156 1
149 157 1
150 158 1
151 159 1
152 160 1
153 161 1
154 162 1
155 162 1
156 163 1
157 163 1
158 164 1
159 164 1
160 165 1
161 165 1
162 166 1
163 167 1
163 168 1
163 169 1
163 170 1
164 171 1
165 172 1
166 173 1
167 174 1
168 175 1
169 176 1
170 177 1
171 178 1
172 179 1
173 180 1
174 181 1
174 182 1
175 183 1
176 184 1
177 185 1
178 186 1
179 187 1
179 188 1
180 189 1
181 190 1
182 191 1
183 192 1
184 192 1
185 193 1
186 193 1
187 194 1
188 194 1
189 195 1
190 196 1
191 197 1
192 197 1
193 198 1
194 199 1
195 200 1
196 200 1
197 200 1
198 200 1
199 200 1
