6 10 10 8
19 23 15 10
16 12 22 21
5 10 9 9
14 17 12 19
18 20 28 20
17 14 25 18
2 2 2 2
14 7 5 8
16 14 19 16
2 1 2 3
14 7 17 9
22 19 11 25
5 4 7 6
1 1 2 1
30 27 16 20
2 2 2 1
11 19 28 19
2 1 1 2
9 7 7 11
6 3 3 3
9 7 9 5
21 20 21 22
12 12 11 13
7 9 7 7
12 8 11 10
6 7 12 12
1 1 3 3
17 14 11 12
2 2 2 1
2 1 1 2
10 15 8 8
5 2 4 2
3 1 3 2
2 2 5 4
6 7 10 16
10 16 12 24
14 5 8 6
5 8 7 3
13 5 13 13
26 23 21 17
6 13 8 14
1 2 2 2
11 20 7 17
11 5 4 9
9 11 15 13
15 8 12 17
5 4 9 6
4 6 8 3
3 2 4 2
2 1 2 2
17 13 14 6
17 22 16 18
8 5 8 8
5 4 3 2
9 13 22 8
9 4 8 3
8 9 13 7
27 13 10 18
20 19 19 20
6 11 5 11
4 4 2 2
2 2 3 1
5 6 7 9
15 10 19 20
6 5 3 4
13 9 25 16
1 1 1 2
5 5 4 5
15 23 15 13
6 4 7 8
23 8 19 9
30 29 10 11
17 17 11 11
1 3 3 2
2 5 2 3
2 3 3 2
7 8 7 13
4 2 4 3
4 4 4 3
4 6 4 9
2 3 3 2
1 1 1 1
2 2 2 2
8 14 6 10
8 5 8 4
10 27 28 13
17 14 14 18
17 25 25 26
11 14 5 7
2 1 3 2
11 16 24 22
6 4 5 7
16 9 12 7
11 4 8 5
14 11 17 26
27 19 11 10
14 11 18 14
17 16 14 6
7 6 7 4
3 2 4 3
18 9 11 10
20 21 18 21
7 19 15 17
18 11 21 14
21 15 27 24
8 14 7 18
8 11 7 17
2 5 2 4
12 15 14 27
10 12 12 6
25 23 22 20
20 21 14 18
7 7 5 7
13 16 22 9
9 4 6 5
6 5 10 12
17 7 15 17
10 10 19 11
22 15 19 8
24 26 22 11
22 10 9 9
14 14 11 24
19 27 16 9
10 14 8 14
16 8 15 16
11 6 6 9
24 22 22 18
3 4 2 3
5 11 8 6
5 4 4 3
8 10 5 9
22 15 17 17
21 18 15 17
10 9 22 22
11 21 22 11
1 2 1 2
20 13 19 8
26 13 9 27
10 16 15 8
11 9 11 11
11 8 16 10
7 8 6 10
2 1 1 1
1 2 1 3
2 3 1 2
6 8 5 5
9 8 12 15
13 8 17 8
3 1 3 1
3 2 3 2
5 5 5 6
23 13 24 14
9 11 20 17
2 1 2 1
23 16 29 26
5 4 6 8
13 28 26 23
10 5 14 8
11 27 17 9
5 4 2 2
14 17 15 18
8 17 8 15
4 6 3 8
6 4 6 5
11 10 5 10
1 1 1 1
11 11 18 17
3 3 3 2
12 12 7 8
15 15 20 24
4 2 5 5
6 12 11 8
3 4 5 3
14 9 12 8
1 2 1 1
9 20 17 13
4 7 5 3
16 17 10 29
20 10 10 21
4 7 7 7
26 17 25 20
6 11 7 15
6 15 5 10
26 24 11 14
15 20 11 18
3 3 2 1
2 2 1 1
5 4 9 8
14 8 16 14
14 18 21 26
1 2 1 1
14 14 11 17
13 10 18 29
3 7 8 6
4 8 11 5
12 10 13 10
13 14 7 8
7 6 4 7
7 9 8 6
