1 2 1
1 3 1
1 4 1
2 5 1
2 6 1
2 7 1
2 8 1
2 9 1
3 10 1
3 11 1
3 12 1
3 13 1
3 14 1
4 15 1
4 16 1
4 17 1
4 18 1
5 19 1
6 20 1
7 21 1
8 22 1
9 23 1
10 24 1
11 25 1
12 26 1
13 27 1
14 28 1
15 29 1
16 30 1
17 31 1
18 32 1
19 33 1
20 34 1
21 35 1
22 36 1
23 37 1
23 38 1
23 39 1
24 40 1
25 41 1
26 42 1
26 43 1
27 44 1
28 45 1
28 46 1
29 47 1
30 48 1
31 49 1
32 50 1
33 51 1
34 52 1
35 53 1
36 54 1
37 55 1
38 55 1
39 56 1
40 57 1
41 58 1
42 59 1
43 59 1
44 60 1
45 61 1
46 62 1
47 62 1
48 63 1
49 64 1
50 65 1
51 66 1
52 67 1
53 68 1
54 69 1
55 70 1
56 71 1
57 72 1
58 73 1
59 74 1
60 75 1
60 76 1
61 77 1
62 78 1
62 79 1
63 80 1
63 81 1
64 82 1
65 83 1
66 84 1
67 85 1
68 86 1
69 87 1
70 88 1
71 89 1
72 90 1
73 91 1
74 92 1
75 93 1
76 94 1
77 95 1
78 96 1
79 97 1
80 98 1
81 99 1
82 100 1
83 101 1
84 102 1
85 103 1
86 103 1
87 104 1
88 105 1
89 106 1
90 107 1
91 108 1
92 109 1
93 110 1
94 111 1
95 112 1
96 113 1
97 114 1
98 115 1
99 116 1
100 116 1
101 117 1
102 118 1
103 119 1
104 120 1
105 121 1
106 122 1
107 123 1
108 124 1
109 125 1
110 126 1
111 127 1
111 128 1
112 129 1
112 130 1
113 131 1
114 132 1
115 133 1
116 134 1
117 135 1
118 136 1
119 137 1
120 138 1
121 139 1
122 140 1
123 141 1
124 142 1
125 143 1
126 144 1
127 145 1
128 146 1
129 147 1
130 148 1
131 149 1
132 150 1
133 151 1
134 152 1
135 153 1
136 154 1
137 155 1
138 155 1
139 156 1
140 157 1
141 158 1
142 159 1
143 160 1
144 161 1
145 161 1
146 161 1
147 162 1
148 163 1
149 164 1
150 165 1
151 166 1
152 167 1
153 168 1
154 169 1
155 170 1
156 171 1
157 172 1
158 173 1
159 173 1
160 174 1
161 175 1
162 176 1
163 177 1
164 178 1
165 179 1
166 180 1
167 181 1
168 181 1
169 182 1
170 183 1
170 184 1
171 185 1
172 186 1
172 187 1
173 188 1
174 189 1
175 190 1
176 191 1
176 192 1
177 193 1
177 194 1
178 195 1
179 196 1
180 197 1
181 198 1
181 199 1
182 200 1
183 200 1
184 200 1
185 200 1
186 200 1
187 200 1
188 200 1
189 200 1
190 200 1
191 200 1
192 200 1
193 200 1
194 200 1
195 200 1
196 200 1
197 200 1
198 200 1
199 200 1
