1 2 1
1 3 1
1 4 1
2 5 1
2 6 1
2 7 1
3 8 1
3 9 1
3 10 1
3 11 1
4 12 1
4 13 1
4 14 1
4 15 1
5 16 1
5 17 1
6 18 1
7 19 1
7 20 1
7 21 1
8 22 1
8 23 1
9 24 1
9 25 1
10 26 1
10 27 1
11 28 1
11 29 1
11 30 1
12 31 1
13 32 1
14 33 1
14 34 1
14 35 1
15 36 1
15 37 1
16 38 1
17 39 1
18 40 1
18 41 1
19 42 1
20 43 1
21 44 1
22 45 1
23 46 1
24 47 1
25 48 1
26 49 1
27 50 1
28 51 1
28 52 1
29 53 1
30 54 1
31 55 1
32 56 1
33 57 1
34 58 1
35 59 1
35 60 1
36 61 1
37 62 1
38 63 1
39 64 1
40 64 1
41 65 1
42 65 1
43 66 1
44 66 1
45 66 1
46 67 1
47 68 1
48 69 1
49 70 1
50 70 1
51 71 1
52 72 1
53 72 1
54 73 1
55 74 1
56 74 1
57 74 1
58 75 1
59 75 1
60 76 1
61 77 1
62 77 1
63 78 1
64 79 1
65 80 1
66 81 1
67 82 1
68 83 1
69 84 1
70 85 1
71 86 1
72 87 1
73 88 1
74 89 1
75 90 1
76 91 1
77 92 1
78 93 1
79 94 1
80 95 1
81 96 1
81 97 1
82 98 1
83 99 1
84 100 1
85 101 1
86 102 1
87 103 1
88 104 1
89 105 1
89 106 1
90 107 1
91 108 1
92 109 1
92 110 1
93 111 1
94 111 1
95 112 1
96 113 1
97 114 1
98 115 1
99 116 1
100 116 1
101 117 1
102 118 1
103 119 1
104 120 1
105 121 1
106 121 1
107 122 1
108 122 1
109 123 1
110 124 1
111 125 1
112 126 1
113 127 1
113 128 1
113 129 1
114 130 1
114 131 1
114 132 1
114 133 1
115 134 1
116 135 1
117 136 1
118 137 1
119 138 1
120 139 1
121 140 1
121 141 1
122 142 1
123 143 1
124 144 1
124 145 1
125 146 1
126 147 1
127 148 1
128 149 1
129 150 1
130 151 1
131 152 1
132 153 1
133 154 1
134 155 1
135 156 1
136 157 1
137 158 1
138 159 1
139 160 1
140 161 1
141 162 1
142 163 1
143 164 1
144 165 1
145 166 1
146 167 1
147 168 1
148 168 1
149 169 1
150 169 1
151 170 1
152 170 1
153 170 1
154 170 1
155 171 1
156 172 1
157 173 1
158 173 1
159 174 1
160 175 1
161 176 1
162 177 1
163 178 1
164 179 1
165 180 1
166 181 1
167 182 1
168 182 1
169 183 1
170 184 1
171 185 1
172 185 1
173 186 1
174 187 1
175 188 1
176 189 1
177 189 1
178 190 1
179 190 1
180 191 1
181 192 1
182 193 1
182 194 1
183 195 1
184 196 1
184 197 1
185 198 1
186 199 1
187 200 1
187 201 1
188 202 1
188 203 1
189 204 1
190 205 1
191 206 1
192 207 1
193 208 1
194 209 1
195 210 1
196 211 1
197 212 1
198 213 1
198 214 1
198 215 1
199 216 1
199 217 1
200 218 1
201 219 1
202 220 1
202 221 1
203 222 1
203 223 1
204 224 1
205 225 1
206 226 1
207 227 1
208 228 1
209 229 1
210 230 1
211 231 1
212 232 1
213 233 1
214 234 1
215 235 1
216 236 1
217 237 1
217 238 1
218 239 1
219 240 1
220 241 1
221 242 1
222 243 1
223 244 1
224 245 1
225 246 1
226 247 1
227 248 1
228 249 1
229 250 1
230 251 1
231 252 1
232 253 1
233 253 1
234 254 1
235 255 1
236 255 1
237 256 1
238 257 1
239 258 1
240 259 1
241 260 1
242 261 1
243 262 1
244 263 1
245 264 1
246 264 1
247 265 1
248 266 1
249 267 1
249 268 1
250 269 1
251 270 1
252 271 1
253 272 1
254 273 1
254 274 1
255 275 1
256 276 1
257 277 1
258 278 1
259 279 1
259 280 1
260 281 1
261 282 1
262 283 1
263 284 1
264 285 1
265 286 1
266 287 1
267 288 1
268 289 1
269 290 1
270 291 1
271 292 1
272 293 1
273 294 1
274 295 1
275 296 1
276 297 1
277 298 1
278 299 1
279 300 1
280 301 1
280 302 1
281 303 1
282 304 1
283 305 1
284 306 1
285 307 1
286 308 1
287 309 1
288 310 1
289 311 1
290 312 1
291 313 1
292 314 1
293 315 1
294 316 1
295 317 1
296 318 1
297 319 1
298 320 1
299 321 1
300 322 1
301 323 1
302 324 1
303 325 1
303 326 1
304 327 1
305 328 1
306 329 1
307 330 1
308 331 1
309 332 1
310 333 1
311 334 1
312 335 1
313 335 1
314 336 1
315 337 1
316 338 1
317 338 1
318 339 1
319 340 1
320 340 1
321 341 1
322 342 1
323 343 1
324 344 1
325 345 1
326 346 1
327 347 1
328 348 1
329 349 1
330 350 1
331 351 1
332 352 1
333 353 1
334 354 1
335 355 1
336 356 1
337 357 1
338 358 1
339 359 1
340 360 1
341 361 1
342 362 1
343 363 1
344 364 1
345 365 1
346 366 1
346 367 1
347 368 1
348 369 1
349 370 1
350 371 1
351 372 1
352 373 1
353 374 1
354 375 1
354 376 1
355 377 1
356 378 1
357 379 1
358 380 1
359 381 1
360 382 1
361 383 1
362 384 1
363 385 1
364 386 1
365 387 1
366 388 1
366 389 1
367 390 1
367 391 1
368 392 1
369 393 1
370 394 1
371 395 1
372 396 1
372 397 1
373 398 1
374 399 1
375 400 1
376 401 1
377 402 1
378 403 1
379 404 1
380 405 1
381 406 1
382 407 1
383 408 1
384 409 1
385 410 1
386 411 1
387 412 1
388 413 1
389 414 1
390 415 1
391 416 1
392 417 1
393 418 1
394 419 1
395 420 1
396 421 1
397 422 1
397 423 1
398 424 1
399 425 1
400 426 1
401 426 1
402 427 1
403 427 1
404 428 1
405 428 1
406 429 1
407 429 1
408 430 1
409 431 1
410 431 1
411 432 1
412 433 1
413 434 1
414 435 1
415 436 1
416 437 1
417 437 1
418 438 1
419 439 1
420 439 1
421 440 1
422 440 1
423 441 1
424 442 1
425 443 1
426 444 1
427 445 1
428 446 1
429 447 1
430 448 1
431 449 1
432 450 1
433 451 1
434 452 1
435 453 1
436 454 1
437 455 1
438 456 1
439 457 1
440 458 1
441 459 1
442 459 1
443 460 1
444 461 1
445 462 1
446 463 1
447 464 1
448 465 1
449 466 1
450 467 1
451 468 1
452 469 1
453 470 1
454 471 1
455 472 1
456 473 1
457 474 1
458 475 1
459 476 1
460 477 1
461 478 1
462 479 1
463 480 1
464 481 1
465 482 1
465 483 1
466 484 1
467 485 1
468 486 1
468 487 1
469 488 1
469 489 1
470 490 1
471 491 1
471 492 1
472 493 1
473 494 1
474 495 1
474 496 1
475 497 1
475 498 1
476 499 1
477 500 1
478 501 1
479 502 1
480 503 1
481 504 1
482 505 1
483 506 1
484 506 1
485 506 1
486 507 1
487 508 1
488 509 1
489 510 1
490 511 1
491 512 1
492 513 1
493 514 1
494 515 1
495 516 1
496 517 1
497 518 1
498 518 1
499 519 1
500 520 1
501 521 1
502 522 1
502 523 1
503 524 1
504 525 1
505 526 1
506 527 1
507 528 1
508 529 1
509 530 1
510 531 1
511 532 1
512 533 1
513 534 1
514 535 1
515 536 1
516 537 1
517 538 1
518 539 1
519 540 1
520 541 1
521 542 1
522 543 1
523 543 1
524 544 1
525 545 1
526 546 1
527 547 1
528 548 1
529 549 1
530 550 1
531 551 1
532 552 1
533 553 1
534 554 1
535 555 1
536 556 1
537 557 1
538 558 1
539 559 1
540 560 1
541 561 1
542 562 1
543 563 1
544 563 1
545 563 1
546 563 1
547 564 1
548 565 1
549 565 1
550 566 1
551 567 1
552 568 1
553 569 1
554 570 1
555 571 1
556 572 1
557 573 1
558 574 1
559 574 1
560 575 1
561 576 1
562 577 1
563 578 1
564 579 1
565 580 1
566 581 1
567 582 1
568 583 1
569 584 1
570 585 1
571 586 1
572 587 1
573 588 1
574 589 1
575 590 1
575 591 1
576 592 1
577 593 1
578 594 1
579 595 1
580 596 1
580 597 1
581 598 1
582 599 1
583 600 1
584 601 1
585 602 1
586 603 1
587 604 1
588 605 1
589 606 1
589 607 1
590 608 1
591 609 1
592 610 1
592 611 1
593 612 1
594 613 1
595 614 1
596 615 1
597 616 1
598 617 1
599 618 1
600 619 1
601 620 1
602 621 1
603 622 1
604 623 1
605 624 1
606 625 1
607 626 1
607 627 1
608 628 1
609 629 1
610 630 1
611 631 1
612 631 1
613 632 1
614 633 1
615 634 1
616 634 1
617 635 1
618 636 1
619 636 1
620 637 1
621 638 1
622 639 1
623 640 1
624 641 1
625 642 1
626 643 1
627 643 1
628 644 1
629 645 1
630 646 1
631 646 1
632 647 1
633 647 1
634 648 1
635 649 1
636 650 1
637 651 1
638 652 1
639 652 1
640 653 1
641 654 1
642 655 1
643 656 1
644 656 1
645 656 1
646 657 1
647 658 1
648 659 1
649 660 1
650 661 1
651 662 1
652 663 1
653 664 1
654 665 1
654 666 1
654 667 1
655 668 1
656 669 1
657 670 1
657 671 1
657 672 1
658 673 1
659 674 1
660 675 1
660 676 1
661 677 1
662 678 1
663 679 1
663 680 1
664 681 1
665 682 1
666 683 1
667 684 1
668 685 1
668 686 1
669 687 1
669 688 1
670 689 1
671 690 1
672 691 1
673 692 1
674 693 1
674 694 1
675 695 1
676 696 1
677 697 1
678 698 1
679 699 1
680 700 1
681 701 1
681 702 1
682 703 1
682 704 1
683 705 1
683 706 1
684 707 1
685 708 1
685 709 1
686 710 1
687 711 1
688 712 1
689 713 1
690 714 1
691 715 1
692 716 1
693 717 1
694 718 1
695 719 1
696 720 1
697 721 1
698 722 1
699 723 1
700 724 1
701 725 1
702 725 1
703 726 1
704 727 1
705 728 1
706 729 1
707 730 1
708 731 1
709 732 1
710 733 1
711 734 1
712 735 1
713 736 1
714 737 1
715 737 1
716 738 1
717 739 1
718 740 1
719 741 1
720 742 1
721 743 1
722 744 1
723 745 1
724 746 1
725 746 1
726 747 1
727 748 1
728 748 1
729 749 1
730 750 1
731 751 1
732 752 1
733 752 1
734 753 1
735 753 1
736 754 1
737 754 1
738 755 1
739 756 1
740 757 1
741 758 1
742 759 1
743 760 1
744 761 1
745 762 1
746 763 1
747 764 1
748 765 1
749 766 1
750 767 1
751 768 1
752 769 1
753 769 1
754 770 1
755 771 1
756 772 1
757 773 1
758 774 1
759 775 1
760 776 1
761 777 1
762 778 1
763 779 1
764 780 1
765 781 1
766 782 1
767 783 1
767 784 1
768 785 1
769 786 1
770 787 1
771 788 1
772 789 1
773 790 1
774 791 1
775 792 1
776 793 1
777 793 1
778 794 1
779 795 1
780 796 1
781 797 1
782 797 1
783 797 1
784 798 1
785 798 1
786 799 1
787 800 1
788 800 1
789 800 1
790 800 1
791 800 1
792 800 1
793 800 1
794 800 1
795 800 1
796 800 1
797 800 1
798 800 1
799 800 1
