1 2 1
1 3 1
1 4 1
1 5 1
2 6 1
3 7 1
3 8 1
3 9 1
3 10 1
3 11 1
4 12 1
4 13 1
4 14 1
5 15 1
5 16 1
5 17 1
5 18 1
6 19 1
7 20 1
8 21 1
9 22 1
10 23 1
11 24 1
12 25 1
13 26 1
14 27 1
15 27 1
16 27 1
17 28 1
18 28 1
19 29 1
19 30 1
20 31 1
21 32 1
21 33 1
22 34 1
23 35 1
24 36 1
24 37 1
24 38 1
25 39 1
25 40 1
25 41 1
25 42 1
26 43 1
26 44 1
27 45 1
27 46 1
28 47 1
29 48 1
30 49 1
31 50 1
32 51 1
33 52 1
34 52 1
35 53 1
36 54 1
37 54 1
38 55 1
39 56 1
40 57 1
41 58 1
42 59 1
43 59 1
44 60 1
45 60 1
46 61 1
47 62 1
48 63 1
49 64 1
49 65 1
50 66 1
51 67 1
52 68 1
53 69 1
53 70 1
54 71 1
55 72 1
56 73 1
57 74 1
58 75 1
59 76 1
60 77 1
60 78 1
61 79 1
62 80 1
62 81 1
62 82 1
63 83 1
64 84 1
65 85 1
66 86 1
67 87 1
68 88 1
69 89 1
70 90 1
71 91 1
72 92 1
73 93 1
74 94 1
75 95 1
76 96 1
77 97 1
78 98 1
79 99 1
80 100 1
81 101 1
82 101 1
83 102 1
84 102 1
85 102 1
86 103 1
87 104 1
88 105 1
89 105 1
90 106 1
91 106 1
92 106 1
93 106 1
94 107 1
95 107 1
96 108 1
97 109 1
98 110 1
99 110 1
100 110 1
101 111 1
102 112 1
103 113 1
104 114 1
105 115 1
106 116 1
107 117 1
108 118 1
109 119 1
110 120 1
111 121 1
112 122 1
113 123 1
114 124 1
115 125 1
116 126 1
116 127 1
117 128 1
118 129 1
119 130 1
120 131 1
121 132 1
122 133 1
123 134 1
124 135 1
125 136 1
125 137 1
125 138 1
126 139 1
126 140 1
127 141 1
127 142 1
128 143 1
128 144 1
129 145 1
130 146 1
131 147 1
131 148 1
132 149 1
133 150 1
133 151 1
134 152 1
135 153 1
136 154 1
137 155 1
138 156 1
139 157 1
139 158 1
140 159 1
141 160 1
142 161 1
142 162 1
143 163 1
144 164 1
145 165 1
145 166 1
146 167 1
147 168 1
148 169 1
149 170 1
150 171 1
151 171 1
152 172 1
153 173 1
154 173 1
155 173 1
156 174 1
157 175 1
158 176 1
159 177 1
160 178 1
161 179 1
162 179 1
163 180 1
164 181 1
165 181 1
166 182 1
167 183 1
168 184 1
169 185 1
170 186 1
171 187 1
172 187 1
173 188 1
174 189 1
175 190 1
176 190 1
177 191 1
178 191 1
179 192 1
180 193 1
181 194 1
182 195 1
183 195 1
184 196 1
185 196 1
186 197 1
187 198 1
188 199 1
189 200 1
190 201 1
190 202 1
190 203 1
191 204 1
191 205 1
192 206 1
193 207 1
194 208 1
195 209 1
196 210 1
197 211 1
198 212 1
199 213 1
200 214 1
200 215 1
201 216 1
202 217 1
203 218 1
204 219 1
205 220 1
206 221 1
207 222 1
208 223 1
209 224 1
210 225 1
211 226 1
212 227 1
213 228 1
214 229 1
215 230 1
216 231 1
217 232 1
218 233 1
219 234 1
220 235 1
221 236 1
222 236 1
223 237 1
224 238 1
225 239 1
226 240 1
227 241 1
228 242 1
229 243 1
230 243 1
231 244 1
232 245 1
233 246 1
234 246 1
235 247 1
236 248 1
237 249 1
238 250 1
239 251 1
240 252 1
241 253 1
242 254 1
243 255 1
244 256 1
245 257 1
246 258 1
247 259 1
248 260 1
249 261 1
250 262 1
251 263 1
252 264 1
253 265 1
254 266 1
255 267 1
256 268 1
256 269 1
257 270 1
258 271 1
258 272 1
258 273 1
259 274 1
259 275 1
260 276 1
260 277 1
260 278 1
261 279 1
261 280 1
262 281 1
263 282 1
263 283 1
264 284 1
265 285 1
266 286 1
267 286 1
268 286 1
269 287 1
270 287 1
271 288 1
272 288 1
273 288 1
274 288 1
275 288 1
276 288 1
277 289 1
278 290 1
279 290 1
280 290 1
281 290 1
282 291 1
283 291 1
284 291 1
285 292 1
285 293 1
286 294 1
286 295 1
286 296 1
287 297 1
287 298 1
287 299 1
288 300 1
288 301 1
288 302 1
288 303 1
289 304 1
290 305 1
290 306 1
290 307 1
290 308 1
291 309 1
292 310 1
293 311 1
294 312 1
295 313 1
296 314 1
297 315 1
298 316 1
299 317 1
300 318 1
301 319 1
302 320 1
303 321 1
304 322 1
305 323 1
306 324 1
307 325 1
308 326 1
309 327 1
310 328 1
311 329 1
312 330 1
313 331 1
314 332 1
315 333 1
316 334 1
317 335 1
318 336 1
319 336 1
320 337 1
321 338 1
322 339 1
323 340 1
324 341 1
325 342 1
326 342 1
327 343 1
328 344 1
329 345 1
330 345 1
331 346 1
332 347 1
333 347 1
334 347 1
335 348 1
336 348 1
337 348 1
338 349 1
339 350 1
340 351 1
341 351 1
342 351 1
343 352 1
344 353 1
344 354 1
344 355 1
344 356 1
344 357 1
345 358 1
346 359 1
347 360 1
348 361 1
348 362 1
348 363 1
349 364 1
349 365 1
350 366 1
350 367 1
351 368 1
351 369 1
352 370 1
352 371 1
353 372 1
354 372 1
355 373 1
356 373 1
357 374 1
358 375 1
359 376 1
360 377 1
361 378 1
362 379 1
363 380 1
364 381 1
365 381 1
366 382 1
367 382 1
368 383 1
369 383 1
370 384 1
371 385 1
372 386 1
372 387 1
372 388 1
372 389 1
373 390 1
374 391 1
374 392 1
374 393 1
374 394 1
375 395 1
375 396 1
375 397 1
375 398 1
375 399 1
376 400 1
376 401 1
377 402 1
377 403 1
377 404 1
378 405 1
378 406 1
378 407 1
378 408 1
379 409 1
379 410 1
379 411 1
380 412 1
380 413 1
380 414 1
381 415 1
381 416 1
382 417 1
383 418 1
383 419 1
383 420 1
384 421 1
384 422 1
385 423 1
385 424 1
385 425 1
385 426 1
386 427 1
387 427 1
388 427 1
389 427 1
390 427 1
391 428 1
392 428 1
393 429 1
394 429 1
395 430 1
396 430 1
397 430 1
398 430 1
399 431 1
400 431 1
401 431 1
402 431 1
403 432 1
404 432 1
405 432 1
406 433 1
407 433 1
408 433 1
409 434 1
410 434 1
411 434 1
412 435 1
413 435 1
414 435 1
415 435 1
416 435 1
417 435 1
418 435 1
419 436 1
420 436 1
421 436 1
422 436 1
423 436 1
424 436 1
425 436 1
426 437 1
427 438 1
428 439 1
428 440 1
429 441 1
430 442 1
431 443 1
432 444 1
433 445 1
434 446 1
435 447 1
436 448 1
437 449 1
438 450 1
439 451 1
440 452 1
441 453 1
442 454 1
443 455 1
444 456 1
445 457 1
446 457 1
447 458 1
448 459 1
449 460 1
450 461 1
451 462 1
452 463 1
453 464 1
453 465 1
454 466 1
455 467 1
456 468 1
457 469 1
458 470 1
459 471 1
460 472 1
461 473 1
462 474 1
463 475 1
464 476 1
465 477 1
466 478 1
467 479 1
468 480 1
469 481 1
470 482 1
471 483 1
472 484 1
473 485 1
474 486 1
475 487 1
476 488 1
477 489 1
478 490 1
479 491 1
480 492 1
481 493 1
482 494 1
483 495 1
483 496 1
484 497 1
485 498 1
485 499 1
486 500 1
487 501 1
487 502 1
488 503 1
489 504 1
490 505 1
491 506 1
491 507 1
492 508 1
493 509 1
494 510 1
494 511 1
495 512 1
496 513 1
497 514 1
498 515 1
499 516 1
500 517 1
501 518 1
502 519 1
503 520 1
504 521 1
505 522 1
506 523 1
507 524 1
508 525 1
509 526 1
510 527 1
510 528 1
511 529 1
512 530 1
513 531 1
514 532 1
515 533 1
516 533 1
517 533 1
518 533 1
519 534 1
520 534 1
521 535 1
522 536 1
523 536 1
524 536 1
525 537 1
526 538 1
527 539 1
528 539 1
529 540 1
530 541 1
531 541 1
532 542 1
533 543 1
534 544 1
534 545 1
535 546 1
536 547 1
537 548 1
538 549 1
539 550 1
540 551 1
541 552 1
542 553 1
542 554 1
542 555 1
543 556 1
544 557 1
545 557 1
546 558 1
547 559 1
548 560 1
549 561 1
550 562 1
551 562 1
552 563 1
553 564 1
554 565 1
555 565 1
556 566 1
557 567 1
557 568 1
558 569 1
559 570 1
560 571 1
561 572 1
562 573 1
563 574 1
563 575 1
564 576 1
564 577 1
565 578 1
565 579 1
566 580 1
567 581 1
568 582 1
569 583 1
570 584 1
571 585 1
572 586 1
573 587 1
574 588 1
575 589 1
575 590 1
576 591 1
577 592 1
578 593 1
579 594 1
579 595 1
580 596 1
581 597 1
581 598 1
582 599 1
583 600 1
584 601 1
585 602 1
586 603 1
587 604 1
587 605 1
587 606 1
588 607 1
589 608 1
590 609 1
591 610 1
592 611 1
593 612 1
594 613 1
595 614 1
596 615 1
597 616 1
598 617 1
599 617 1
600 617 1
601 618 1
602 619 1
603 619 1
604 619 1
605 620 1
606 621 1
607 622 1
608 623 1
609 624 1
610 625 1
611 626 1
612 627 1
613 627 1
614 628 1
615 629 1
616 630 1
617 631 1
618 632 1
619 633 1
620 634 1
621 635 1
621 636 1
621 637 1
622 638 1
623 639 1
624 640 1
625 641 1
625 642 1
626 643 1
627 644 1
628 645 1
629 646 1
630 647 1
631 648 1
631 649 1
632 650 1
633 651 1
634 652 1
635 653 1
636 654 1
637 655 1
638 656 1
639 657 1
640 658 1
641 659 1
641 660 1
642 661 1
643 662 1
644 663 1
645 664 1
646 665 1
647 666 1
648 667 1
649 668 1
650 668 1
651 669 1
652 670 1
653 671 1
654 671 1
655 672 1
656 673 1
657 674 1
658 675 1
659 675 1
660 676 1
661 676 1
662 677 1
663 677 1
664 678 1
665 679 1
666 680 1
667 681 1
668 682 1
669 683 1
670 684 1
671 685 1
672 686 1
673 687 1
674 688 1
674 689 1
675 690 1
676 691 1
677 692 1
678 693 1
678 694 1
679 695 1
680 696 1
681 697 1
682 698 1
683 699 1
684 700 1
685 701 1
686 702 1
687 703 1
688 704 1
689 705 1
690 706 1
691 707 1
692 708 1
693 708 1
694 709 1
695 710 1
696 711 1
697 712 1
698 713 1
699 714 1
700 715 1
701 716 1
702 717 1
703 718 1
704 719 1
705 720 1
706 721 1
707 722 1
708 723 1
709 724 1
710 725 1
711 726 1
712 727 1
713 728 1
713 729 1
714 730 1
715 731 1
716 732 1
717 733 1
718 734 1
719 735 1
720 736 1
721 737 1
721 738 1
722 739 1
723 740 1
724 741 1
725 742 1
726 742 1
727 743 1
728 743 1
729 744 1
730 745 1
731 745 1
732 746 1
733 747 1
734 747 1
735 748 1
736 749 1
737 750 1
738 751 1
739 751 1
740 752 1
741 753 1
742 754 1
743 755 1
743 756 1
744 757 1
745 758 1
746 759 1
747 760 1
748 761 1
749 762 1
750 763 1
750 764 1
750 765 1
751 766 1
751 767 1
752 768 1
753 769 1
754 770 1
755 771 1
756 772 1
757 773 1
758 774 1
759 774 1
760 775 1
761 776 1
762 777 1
763 778 1
764 779 1
765 779 1
766 780 1
767 781 1
768 782 1
769 783 1
770 784 1
771 785 1
772 786 1
772 787 1
773 788 1
773 789 1
774 790 1
775 791 1
776 792 1
777 793 1
778 794 1
779 795 1
780 796 1
781 797 1
782 798 1
783 799 1
784 800 1
785 800 1
786 800 1
787 800 1
788 800 1
789 800 1
790 800 1
791 800 1
792 800 1
793 800 1
794 800 1
795 800 1
796 800 1
797 800 1
798 800 1
799 800 1
