1 2 5
1 3 8
2 4 1
2 5 2
2 6 1
2 7 5
3 8 9
3 9 4
3 10 9
3 11 4
4 12 1
5 13 8
6 14 3
7 15 5
8 16 6
9 17 6
10 18 2
11 18 1
12 19 5
12 20 3
12 21 5
12 22 7
13 23 8
14 24 2
15 25 6
16 26 2
16 27 4
17 28 3
18 29 6
19 30 5
20 30 7
21 31 8
22 31 4
23 32 8
24 32 5
25 32 5
26 33 8
27 33 6
28 34 6
29 34 9
30 35 7
31 36 7
31 37 1
32 38 9
33 39 6
33 40 8
33 41 5
34 42 3
35 43 6
36 44 6
36 45 6
36 46 7
37 47 2
37 48 9
38 49 8
39 50 7
40 51 9
41 52 6
42 53 2
43 54 3
44 55 7
45 56 5
46 57 1
47 58 9
48 59 1
49 60 4
50 61 4
51 62 8
51 63 9
52 64 2
53 65 9
54 66 2
55 67 1
56 68 1
57 68 4
58 69 1
59 70 9
60 70 6
61 70 8
62 71 7
63 72 5
64 73 1
65 74 7
66 75 1
66 76 1
67 77 2
68 78 9
68 79 8
69 80 7
70 81 4
71 82 9
72 83 2
73 84 9
74 85 4
75 86 1
76 86 3
77 86 8
78 86 1
79 87 4
80 87 1
81 88 6
82 89 2
83 89 7
84 89 7
85 89 7
86 90 2
86 91 5
86 92 3
86 93 8
86 94 6
87 95 6
87 96 8
87 97 6
87 98 3
88 99 8
88 100 6
88 101 5
88 102 8
88 103 2
89 104 2
89 105 8
89 106 7
89 107 6
89 108 5
90 109 9
91 109 8
92 109 1
93 109 8
94 110 8
95 110 5
96 111 4
97 112 1
98 112 4
99 112 2
100 112 3
101 113 9
102 114 4
103 115 3
104 116 2
105 116 5
106 117 6
107 117 7
108 118 7
109 119 5
110 120 4
111 120 7
112 121 8
113 121 1
114 122 5
115 123 1
116 123 1
117 123 5
118 124 5
119 125 9
120 126 7
121 127 5
122 128 5
123 129 7
124 130 9
125 131 7
126 132 4
126 133 9
127 134 1
128 135 8
129 136 6
130 137 6
130 138 3
131 139 4
132 140 3
132 141 4
133 142 1
134 143 6
134 144 6
135 145 1
135 146 6
135 147 7
136 148 6
137 149 2
137 150 5
138 151 7
139 152 3
140 153 3
141 153 6
142 154 3
143 154 2
144 155 3
145 155 2
146 155 7
147 156 2
148 156 8
149 156 8
150 156 8
151 156 3
152 157 6
153 158 1
153 159 5
154 160 6
154 161 5
154 162 9
155 163 3
155 164 7
155 165 7
156 166 8
156 167 5
156 168 2
157 169 7
158 169 2
159 170 2
160 170 9
161 171 3
162 171 1
163 172 9
164 173 6
165 173 8
166 174 1
167 174 8
168 174 4
169 175 3
170 176 4
171 177 9
171 178 1
172 179 9
173 180 7
174 181 6
175 182 9
176 183 6
177 184 3
178 185 6
179 186 1
179 187 2
180 188 5
181 189 4
181 190 5
182 191 4
183 192 2
184 193 6
185 194 4
186 195 6
187 196 5
188 197 3
189 198 2
190 199 4
191 200 8
192 200 2
193 200 5
194 200 2
195 200 2
196 200 5
197 200 7
198 200 3
199 200 6
