1 2 5
1 3 20
2 4 45
2 5 5
2 6 45
3 7 22
3 8 42
3 9 49
3 10 9
3 11 21
4 12 25
5 13 3
6 13 23
7 14 2
8 15 34
9 16 23
10 17 1
11 18 18
12 19 35
13 20 6
14 21 20
15 22 16
16 23 44
17 24 23
18 25 8
19 26 19
20 27 38
20 28 16
21 29 18
21 30 27
22 31 46
23 32 20
24 33 1
25 34 5
26 35 43
27 36 20
28 37 22
29 38 6
30 39 16
31 40 30
32 41 39
33 42 11
34 43 29
35 44 14
36 45 16
37 46 9
38 47 13
39 48 7
40 49 7
41 50 21
42 51 43
43 52 33
44 53 8
45 54 34
46 55 45
47 56 20
48 57 8
49 58 49
50 59 6
51 60 32
52 61 42
53 62 30
54 63 49
55 64 14
56 65 5
56 66 9
57 67 1
58 68 21
59 69 8
60 70 39
61 71 14
62 72 28
63 72 4
64 72 22
65 72 17
66 73 41
67 73 35
68 73 17
69 73 2
70 74 18
71 74 44
72 75 35
72 76 25
72 77 13
72 78 40
72 79 24
73 80 46
73 81 35
73 82 1
73 83 45
73 84 33
74 85 10
74 86 15
75 87 41
75 88 2
76 89 13
76 90 26
76 91 16
77 92 46
78 93 14
79 94 10
80 95 3
80 96 10
81 97 37
81 98 9
81 99 12
82 100 44
83 101 15
83 102 37
83 103 15
84 104 38
85 105 26
86 106 27
86 107 31
86 108 6
87 109 8
88 109 48
89 109 27
90 110 19
91 110 37
92 110 27
93 110 17
94 111 11
95 111 42
96 111 41
97 112 31
98 112 25
99 112 14
100 112 20
101 113 40
102 113 29
103 113 21
104 113 24
105 114 21
106 114 49
107 114 33
108 114 7
109 115 31
109 116 30
109 117 21
110 118 14
110 119 26
111 120 12
112 121 16
112 122 6
112 123 20
112 124 22
113 125 40
113 126 11
114 127 3
115 128 26
116 129 35
117 129 42
118 130 40
119 130 32
120 130 14
121 130 49
122 130 1
123 131 48
124 131 41
125 131 34
126 131 20
127 132 10
128 133 10
128 134 41
129 135 24
129 136 6
129 137 9
130 138 11
131 139 40
132 140 34
133 141 37
134 142 25
135 143 17
136 144 41
137 145 40
138 146 10
139 147 37
140 147 18
141 148 20
142 149 44
143 150 18
144 151 28
145 152 2
146 153 47
147 154 6
148 155 39
149 156 32
150 157 16
150 158 41
151 159 39
152 160 32
152 161 47
153 162 42
154 163 27
155 164 17
156 165 21
156 166 35
157 167 48
157 168 49
158 169 4
159 170 12
159 171 1
160 172 35
161 173 48
162 174 39
163 175 6
164 176 9
165 177 20
166 178 18
167 179 21
168 179 3
169 180 12
170 181 1
171 181 13
172 182 37
173 183 46
174 184 34
175 184 38
176 185 45
177 185 27
178 186 44
179 187 14
180 188 19
181 189 35
182 190 17
183 191 18
184 192 3
185 193 46
186 194 25
187 195 1
188 196 19
189 197 10
190 197 11
191 198 2
192 199 2
193 200 7
194 200 27
195 200 42
196 200 18
197 200 38
198 200 24
199 200 49
