14 10 13 10
6 8 8 6
15 10 10 12
3 3 4 4
8 6 6 8
22 22 23 18
3 3 3 2
20 18 19 20
10 15 12 17
5 5 7 7
17 18 15 20
19 14 15 18
19 22 16 21
8 5 6 6
22 17 17 22
3 5 3 3
9 11 14 13
8 5 6 6
22 16 15 24
6 8 6 6
10 9 13 10
9 8 6 10
19 16 18 20
4 3 3 3
11 10 9 10
17 20 14 16
2 2 1 2
4 5 5 6
25 21 24 22
14 14 17 11
7 7 8 9
18 13 19 16
2 3 2 3
5 4 4 4
3 3 3 2
17 16 19 18
4 5 3 5
14 16 14 14
21 18 22 16
15 10 14 10
12 10 14 12
2 3 2 3
1 1 2 2
4 3 4 5
15 12 17 12
5 6 4 6
23 15 16 16
12 13 12 11
12 8 12 8
17 11 15 17
10 10 11 11
15 18 17 13
6 5 5 7
11 15 10 10
21 19 24 23
21 23 22 20
7 6 6 6
15 17 12 16
10 10 9 7
11 11 9 13
17 14 13 13
9 9 9 6
16 18 14 17
10 13 9 12
5 5 7 5
15 23 14 21
2 2 3 3
13 9 11 11
15 14 13 12
15 13 19 12
1 2 2 1
14 13 18 17
11 11 10 14
7 10 8 7
19 23 17 21
21 15 19 20
7 8 7 7
7 7 5 7
7 5 7 7
11 10 13 9
18 17 22 19
6 4 7 6
9 9 15 15
12 9 13 10
9 6 6 7
10 13 13 14
8 9 10 7
19 19 17 18
12 7 12 12
12 13 11 9
7 8 6 7
2 3 3 3
10 8 11 13
5 3 5 4
12 9 11 11
3 2 3 3
15 22 21 21
10 7 10 6
3 3 2 3
14 20 13 17
11 8 13 12
8 9 12 11
13 13 13 20
2 2 2 1
2 3 2 3
3 5 5 3
14 16 17 19
5 3 3 3
8 8 8 11
13 11 13 10
11 11 15 9
10 9 13 12
7 6 7 9
23 19 19 15
11 11 8 8
5 4 5 5
14 13 14 15
2 2 3 2
14 15 18 16
14 21 17 20
19 15 14 16
6 4 7 7
16 15 17 22
12 10 11 8
4 4 3 4
5 5 5 7
21 25 17 24
13 15 12 10
4 4 4 5
15 14 19 16
7 8 8 8
22 22 23 23
23 24 23 19
12 13 8 11
14 9 9 14
23 24 16 21
10 15 14 15
3 3 2 3
17 16 13 12
17 16 11 13
13 19 14 12
12 12 13 10
2 2 3 3
11 12 12 12
17 11 11 13
7 7 5 6
6 7 9 6
12 13 9 12
3 3 4 3
8 8 7 10
5 3 3 5
8 6 7 9
9 12 11 11
17 11 14 13
12 12 11 7
10 12 8 12
21 17 18 21
17 15 10 13
21 20 13 21
17 13 18 18
24 25 17 20
22 22 23 22
5 4 4 4
4 5 3 5
2 2 1 2
12 11 10 11
15 12 18 13
20 21 18 16
24 19 15 16
7 8 8 9
3 3 2 2
15 24 18 23
4 4 4 3
11 8 10 10
4 3 3 4
18 17 17 14
17 17 18 16
7 8 6 9
13 15 12 15
8 7 6 9
20 16 23 22
15 16 12 14
17 19 15 13
3 3 3 3
16 12 15 14
3 4 4 5
3 4 3 4
18 20 18 19
6 8 9 9
14 17 10 15
18 15 16 17
11 15 17 17
14 20 17 21
5 3 4 3
11 14 11 12
19 22 18 17
13 9 11 10
13 12 11 12
2 3 3 3
11 16 11 13
6 4 4 4
4 3 3 4
8 8 5 5
6 5 6 4
19 13 16 16
10 13 15 12
21 22 18 21
3 4 4 3
2 1 2 1
18 15 12 12
9 10 8 10
14 17 16 12
15 16 12 15
22 20 23 15
10 10 12 11
10 10 17 12
1 1 1 2
1 1 2 1
2 3 2 2
8 7 5 6
2 2 1 1
22 18 17 25
15 13 13 12
8 9 9 9
9 10 9 8
10 9 8 10
13 12 12 13
16 14 13 21
5 8 6 8
5 3 4 4
25 18 18 24
11 9 9 15
23 15 17 25
6 6 7 7
15 25 22 19
15 20 15 14
2 2 2 2
8 7 5 7
14 11 13 13
14 17 16 13
14 18 20 23
2 2 2 3
25 19 17 18
18 21 20 18
20 18 15 21
17 12 14 13
9 11 8 9
17 16 17 17
9 9 13 10
3 5 5 4
15 10 10 11
11 12 15 11
17 20 19 17
2 3 2 3
13 14 18 14
13 8 12 10
14 13 12 10
8 8 7 8
13 9 13 11
19 16 21 16
20 25 17 19
20 16 23 18
2 2 2 2
21 20 16 19
22 22 16 14
11 15 18 16
16 20 18 14
12 17 17 13
7 8 7 6
9 13 14 13
12 7 10 8
6 5 6 8
8 8 8 7
7 4 7 4
19 13 15 14
3 3 4 4
12 10 8 13
2 3 3 2
13 17 16 11
6 7 6 8
18 20 16 20
13 17 11 11
10 6 9 10
4 3 3 4
17 16 15 16
4 3 3 3
9 7 6 9
12 12 13 11
3 4 3 4
13 11 15 11
8 10 6 9
9 7 7 8
12 12 10 9
16 22 19 19
9 8 6 6
12 14 13 11
20 22 16 24
14 15 15 21
14 17 12 18
4 4 4 4
24 20 17 23
3 4 4 4
3 3 5 5
16 18 19 17
22 13 19 16
2 2 1 2
17 14 13 13
20 17 22 19
18 16 19 23
19 12 17 16
19 22 15 17
11 10 9 9
8 8 8 11
19 23 23 24
10 10 13 13
12 16 14 13
17 15 19 24
1 1 1 1
25 20 25 25
19 18 18 17
2 3 2 2
6 8 6 7
5 5 7 6
3 3 3 3
5 7 5 6
20 12 13 19
15 19 16 12
10 9 12 11
2 2 2 3
13 13 13 14
18 13 20 18
13 22 21 17
14 17 15 12
6 9 8 8
3 5 4 5
3 4 3 4
11 12 11 10
10 13 12 12
10 9 11 13
10 11 10 13
11 8 10 12
20 16 23 19
10 9 9 6
1 2 1 1
7 8 6 6
7 6 7 7
20 17 15 12
14 12 16 15
8 5 8 7
8 7 6 10
2 3 2 3
18 12 12 19
18 22 19 20
6 7 6 8
13 11 17 14
14 17 13 13
18 19 20 22
20 24 21 17
6 8 7 7
3 2 2 2
15 18 17 17
16 16 15 17
1 1 1 1
25 18 23 15
16 13 17 14
9 9 6 9
19 18 14 15
15 15 14 15
15 10 13 14
18 17 16 15
2 3 2 2
14 12 14 11
14 17 15 13
3 3 5 3
3 3 3 3
9 12 9 11
25 18 24 22
20 20 16 21
8 12 12 7
17 19 12 16
11 13 9 9
17 13 16 13
11 10 10 10
6 5 8 8
18 14 22 22
6 5 6 6
7 8 9 6
7 9 9 10
4 7 7 4
8 5 5 5
13 12 11 14
16 18 15 11
15 18 18 13
6 4 7 4
16 15 16 18
14 12 12 15
10 9 12 12
22 23 15 23
1 2 1 2
6 8 8 8
14 11 9 11
20 16 15 16
12 10 12 12
9 7 8 8
15 13 10 13
15 17 15 24
3 3 2 3
8 8 11 12
12 13 11 9
8 8 7 7
14 15 17 10
9 11 10 8
9 6 9 6
10 11 9 14
9 8 8 7
3 4 4 4
15 14 17 15
18 20 23 22
8 7 7 5
3 3 2 3
18 12 16 18
5 5 5 5
12 9 11 11
15 14 16 16
12 13 9 12
5 7 6 5
3 2 3 3
8 7 6 9
23 18 23 17
18 14 13 13
14 19 12 17
6 8 9 6
3 4 3 4
17 12 18 14
18 19 21 15
11 12 9 9
18 11 18 12
15 17 14 13
5 5 7 7
17 17 19 20
15 13 15 17
14 19 17 13
19 15 14 16
12 12 12 13
5 7 5 4
1 1 2 1
20 20 19 18
2 1 2 2
16 15 13 19
21 17 16 13
6 7 8 8
1 2 2 1
8 10 10 8
12 15 16 13
14 22 21 18
16 15 17 18
6 4 7 7
8 6 9 6
8 7 6 9
13 15 20 12
16 11 12 16
8 13 10 8
20 16 13 21
11 12 14 15
11 8 11 7
24 17 16 23
24 21 18 19
20 21 22 19
4 4 4 4
14 12 16 13
6 5 6 4
13 15 15 17
6 7 5 6
2 2 1 2
8 6 10 8
10 10 12 12
11 12 11 11
3 2 3 2
12 14 16 13
25 20 24 21
21 25 20 24
3 3 3 3
4 5 7 7
18 15 24 24
15 13 17 17
18 11 14 11
11 13 10 8
2 1 2 2
4 3 3 3
9 9 7 9
18 18 16 19
14 19 15 18
13 21 18 18
20 22 15 18
2 1 2 2
17 11 12 10
13 10 12 14
2 1 1 1
6 6 6 7
2 2 1 2
3 5 3 3
8 7 10 11
9 10 8 6
8 7 6 8
12 13 13 12
10 10 6 9
3 4 4 5
13 9 14 13
13 13 11 11
17 14 13 14
11 17 13 15
2 3 3 2
11 11 10 8
2 3 3 2
12 14 15 13
10 12 9 10
10 7 7 9
6 7 6 4
9 7 8 9
8 10 9 10
6 8 8 6
11 11 13 8
5 5 7 4
3 2 2 3
17 11 14 14
5 5 5 4
18 17 20 17
4 4 5 5
17 13 17 14
17 19 20 24
19 21 16 20
4 3 3 3
5 8 5 5
12 12 11 11
17 15 16 16
6 9 6 9
22 19 17 15
17 18 16 19
13 12 17 16
10 16 15 14
4 7 4 5
5 5 8 5
10 11 9 13
18 15 19 23
5 5 6 5
5 5 5 7
22 23 16 15
12 12 16 15
5 3 3 5
2 2 2 2
3 4 3 3
4 5 5 7
9 12 11 11
7 4 6 4
2 2 2 2
3 2 3 3
6 6 5 6
4 3 4 4
7 6 9 7
15 16 15 16
8 9 6 6
3 2 3 3
22 15 19 21
10 15 11 15
16 22 23 14
8 11 13 11
10 6 9 9
15 21 15 18
14 13 9 10
10 7 7 6
21 14 16 18
15 18 16 22
3 3 3 3
19 15 19 18
21 18 22 22
22 21 19 24
13 11 9 12
8 9 7 7
6 8 7 10
8 9 8 9
22 16 21 20
20 19 17 15
18 14 19 20
7 5 7 7
8 5 6 5
12 16 15 17
9 11 13 11
4 3 4 4
16 22 16 16
11 15 12 9
10 9 12 14
7 7 8 10
18 20 19 14
4 3 4 3
3 3 4 4
22 19 15 18
7 7 8 7
21 13 17 19
6 9 6 8
10 17 15 11
7 7 8 5
7 11 9 9
12 12 19 18
5 7 5 7
8 8 6 9
14 13 16 13
7 7 9 8
5 5 6 6
12 17 17 17
16 23 20 23
12 9 10 14
23 15 19 16
15 13 15 22
5 4 4 5
16 15 15 15
16 14 15 13
4 3 4 5
3 2 3 3
1 1 2 1
7 6 4 7
7 9 8 10
10 12 10 16
8 12 9 8
2 1 2 2
8 11 10 10
10 9 8 7
12 11 11 10
10 8 8 8
8 7 8 9
2 1 1 2
8 6 9 9
6 8 7 6
7 6 8 6
7 6 8 7
19 23 17 22
7 8 5 6
10 10 14 12
3 4 3 3
14 10 12 15
13 14 16 13
3 3 3 2
13 17 13 11
4 3 3 3
4 4 3 3
7 6 6 8
3 3 3 3
7 8 8 8
9 7 7 7
8 9 9 12
18 14 12 14
2 2 1 2
5 6 8 7
7 6 8 9
9 13 9 10
18 15 22 17
17 14 22 14
5 6 7 6
13 20 20 19
14 20 12 19
3 3 3 3
11 9 11 11
3 3 4 4
12 12 13 12
16 18 18 12
14 15 20 14
14 10 11 10
13 13 10 11
12 12 8 7
2 2 2 2
10 13 17 16
15 15 11 11
18 18 18 17
3 3 4 3
17 17 18 16
6 9 6 9
3 3 3 3
12 7 12 11
9 9 9 9
8 13 8 9
14 10 16 12
1 1 2 1
11 14 17 15
4 5 5 5
17 15 17 20
3 3 3 2
14 9 12 12
5 5 7 5
22 17 19 23
7 6 4 7
13 18 16 20
15 16 14 14
15 15 18 13
12 12 16 14
5 8 5 8
14 9 14 9
12 8 8 12
18 22 21 22
7 11 11 9
10 8 7 7
20 20 20 19
