1 2 1
1 3 1
1 4 2
2 5 4
2 6 1
2 7 4
2 8 4
3 9 5
3 10 5
3 11 2
3 12 5
4 13 1
4 14 3
4 15 2
4 16 5
5 17 3
5 18 1
6 19 4
7 20 2
8 21 2
9 22 2
10 23 1
11 24 4
12 25 5
13 26 4
13 27 1
14 28 4
15 29 2
16 30 3
16 31 2
17 32 3
17 33 4
18 34 2
19 35 2
20 36 4
21 37 1
22 38 2
23 39 3
24 40 1
25 41 2
25 42 1
26 43 3
26 44 2
27 45 5
28 46 3
29 47 1
30 48 3
31 49 4
32 50 4
33 51 3
34 52 1
35 52 1
36 53 5
37 54 4
38 55 4
39 56 2
40 56 5
41 57 5
42 58 2
43 58 3
44 59 4
45 60 2
46 61 3
47 62 5
48 63 1
49 64 2
50 65 4
51 66 4
52 66 4
53 67 1
54 68 3
55 69 2
56 69 2
57 70 3
58 71 1
59 72 2
60 73 3
61 73 5
62 74 2
63 74 3
64 75 5
65 76 4
66 77 2
67 78 5
68 79 3
69 80 2
70 81 3
71 82 3
72 83 3
73 84 5
74 85 1
75 86 1
75 87 5
76 88 2
77 89 4
78 90 1
79 91 2
80 91 1
81 92 4
82 92 4
83 93 5
84 94 1
85 95 5
86 96 1
87 97 1
88 98 2
89 99 4
90 100 1
91 101 2
92 102 3
92 103 5
93 104 3
94 105 1
95 106 3
95 107 4
96 108 5
96 109 3
97 110 3
97 111 3
98 112 2
99 113 5
100 114 3
101 115 3
102 116 4
103 117 2
104 118 1
104 119 3
105 120 5
106 121 2
107 122 4
108 123 2
109 124 1
110 125 3
111 126 3
112 127 1
113 128 5
114 129 1
115 130 5
116 131 4
117 132 5
118 133 1
119 134 3
120 135 3
121 136 4
122 137 1
123 138 2
124 139 4
125 140 5
126 141 4
127 142 2
128 143 1
129 144 5
130 145 1
131 145 4
132 146 2
133 147 4
134 148 1
135 148 2
136 148 2
137 149 5
138 149 5
139 150 4
140 151 4
141 152 2
142 153 5
143 154 2
144 155 2
144 156 1
145 157 4
145 158 1
146 159 1
147 160 3
148 161 1
148 162 5
149 163 1
150 164 4
150 165 2
151 166 3
151 167 3
152 168 1
153 169 2
154 169 4
155 170 4
156 170 3
157 171 1
158 172 1
159 173 4
160 174 5
161 175 5
162 176 5
163 177 2
164 178 1
165 179 1
166 180 4
167 180 3
168 181 3
169 182 5
170 183 4
171 184 2
172 185 2
173 186 5
174 187 5
175 188 5
176 188 1
177 189 1
178 189 4
179 190 1
180 190 2
181 191 3
182 192 3
183 193 5
184 194 1
185 195 2
186 196 5
187 197 2
187 198 3
188 199 2
189 200 2
190 201 3
191 202 3
192 203 5
192 204 3
193 205 2
193 206 5
194 207 4
195 208 2
196 209 1
196 210 2
197 211 5
197 212 4
198 213 1
199 214 2
200 215 2
201 216 1
201 217 2
202 218 2
203 219 2
204 220 1
205 221 5
206 222 3
207 222 5
208 223 5
209 224 5
210 224 1
211 225 4
212 225 2
213 226 3
214 227 4
215 228 5
216 229 1
217 230 5
218 230 3
219 231 1
220 232 4
221 233 3
222 234 4
223 235 5
224 236 3
225 237 1
226 238 3
227 239 3
228 240 4
229 241 5
229 242 2
230 243 2
231 244 5
232 245 5
232 246 1
233 247 5
234 248 2
235 249 3
236 250 1
237 251 2
238 252 1
239 253 1
240 254 2
241 255 4
242 256 1
243 257 1
244 258 4
245 259 2
246 260 4
247 261 1
248 262 4
249 263 2
250 264 3
250 265 3
251 266 5
252 267 1
253 268 1
254 269 4
255 270 1
256 271 1
257 272 5
258 273 5
259 274 4
260 275 1
261 276 2
262 277 2
263 278 2
264 279 5
264 280 5
265 281 5
266 282 4
267 283 4
268 284 4
269 285 1
270 286 5
271 287 2
272 288 1
273 289 2
274 290 3
275 291 1
276 292 4
277 293 5
277 294 5
278 295 2
279 296 2
280 297 2
281 298 2
282 299 2
283 300 1
284 301 4
284 302 4
285 303 5
286 304 3
287 305 4
288 306 4
289 307 3
290 308 3
291 309 5
292 309 1
293 310 4
294 310 1
295 311 4
296 311 5
297 312 5
298 312 3
299 313 1
300 314 4
301 315 5
302 315 1
303 315 3
304 316 2
305 316 1
306 317 1
307 318 2
308 319 5
309 320 3
310 321 4
311 322 3
312 323 4
313 324 5
314 325 5
315 326 3
316 327 1
316 328 1
317 329 1
318 330 4
318 331 1
319 332 2
320 333 3
321 334 1
322 335 3
322 336 1
322 337 2
322 338 3
323 339 2
324 340 4
325 341 4
326 342 4
327 343 4
328 344 2
328 345 3
328 346 5
329 347 5
330 348 1
331 349 1
332 350 3
333 350 3
334 350 4
335 351 5
336 352 2
337 353 1
338 353 5
339 354 3
340 355 2
341 356 4
342 356 3
343 357 2
344 358 5
345 358 2
346 359 3
347 360 1
348 361 5
349 361 5
350 362 4
351 363 1
352 364 4
353 365 2
354 366 5
355 367 1
356 368 4
357 369 2
358 369 1
359 370 2
360 371 3
361 372 1
362 373 5
363 374 2
364 375 2
364 376 4
365 377 1
366 378 2
367 379 4
368 380 5
369 381 5
370 382 1
371 383 1
372 384 3
373 385 3
374 386 3
375 387 4
376 388 2
377 389 3
378 390 5
379 391 3
380 392 1
381 393 2
382 394 3
383 395 2
383 396 5
384 397 2
385 398 4
386 399 3
387 400 3
388 401 1
389 401 3
390 402 5
391 403 5
392 404 4
393 405 4
394 406 1
395 407 2
396 408 3
397 409 2
398 410 1
399 411 5
400 412 1
401 413 1
401 414 3
402 415 5
403 416 2
404 417 5
404 418 1
405 419 3
406 420 2
407 421 3
408 422 2
409 423 1
410 424 2
411 425 1
412 426 4
413 427 5
414 428 4
415 429 2
416 430 1
417 431 3
417 432 1
418 433 1
419 434 3
420 435 4
421 436 2
421 437 4
422 438 1
423 439 3
424 440 4
425 441 5
426 442 5
427 443 4
428 444 2
429 445 5
430 446 4
431 447 4
432 447 3
433 448 3
434 449 2
435 450 3
436 450 2
437 450 5
438 451 3
439 452 5
440 453 3
440 454 1
441 455 5
441 456 1
442 457 5
443 458 5
444 459 2
445 460 4
446 461 5
447 462 5
448 463 3
449 464 1
450 465 1
451 466 1
452 467 1
452 468 5
453 469 4
454 470 5
455 471 2
456 472 4
457 473 4
457 474 4
458 475 4
459 476 3
460 477 2
461 478 5
462 479 4
463 480 1
464 481 2
464 482 4
465 483 3
466 484 1
467 485 2
468 486 4
469 487 4
470 488 3
471 488 5
472 488 3
473 489 1
474 490 4
475 491 3
476 491 5
477 492 2
478 492 2
479 492 2
480 493 3
481 494 4
482 495 3
483 495 1
484 496 4
485 497 2
486 498 3
486 499 2
487 500 5
488 501 3
489 502 1
490 503 3
491 504 3
492 505 3
493 506 2
494 507 4
495 508 3
495 509 4
495 510 1
496 511 5
497 512 4
498 513 5
499 514 2
500 515 2
501 516 1
502 516 4
503 517 3
504 518 5
505 519 5
506 520 4
507 520 5
508 521 2
509 522 3
510 523 4
511 524 4
512 525 4
513 526 1
514 527 2
515 528 5
516 528 3
517 529 4
518 530 5
519 531 1
520 532 3
521 532 4
522 533 2
523 534 1
524 534 2
525 535 1
526 536 5
527 537 1
528 538 5
529 539 1
530 540 2
531 541 5
532 542 3
533 543 1
534 544 3
535 545 2
535 546 2
536 547 3
537 548 3
537 549 3
538 550 3
538 551 1
539 552 5
539 553 3
539 554 2
540 555 2
541 556 2
542 557 4
542 558 5
543 559 3
543 560 2
544 561 3
544 562 4
545 563 3
546 564 1
547 565 2
548 566 3
549 567 2
550 568 4
551 569 3
552 570 4
553 571 4
554 572 4
555 573 5
556 574 2
557 575 1
558 575 5
559 576 1
560 577 3
561 578 1
562 579 1
563 580 1
564 580 3
565 581 1
566 582 1
567 582 5
568 583 4
569 584 4
570 585 3
571 585 5
572 586 3
573 586 2
574 587 1
575 588 2
576 589 1
577 590 1
578 591 5
579 591 4
580 592 3
581 593 1
581 594 3
581 595 4
582 596 5
583 597 1
584 598 3
585 599 4
585 600 1
586 601 2
586 602 5
587 603 5
588 604 2
588 605 3
589 606 4
589 607 5
590 608 4
591 609 5
592 610 2
593 611 4
594 612 2
595 613 3
596 614 2
597 614 3
598 615 4
599 616 4
600 617 4
601 618 5
602 619 2
603 620 1
604 620 1
605 621 5
606 622 1
607 623 5
608 623 5
609 623 2
610 624 5
610 625 3
611 626 1
612 627 1
613 628 2
614 629 1
615 630 4
615 631 3
616 632 3
616 633 4
617 634 1
618 635 1
619 636 5
620 637 3
621 638 1
621 639 1
622 640 5
623 641 5
624 642 1
625 643 2
626 644 2
627 645 5
628 646 5
629 647 3
630 648 2
631 649 2
632 650 1
633 650 4
634 651 3
635 652 2
636 653 4
637 654 3
638 655 5
639 656 1
640 656 2
641 657 1
642 658 3
643 658 1
644 659 5
645 660 3
646 661 4
647 661 2
648 662 3
649 663 4
650 664 5
651 665 5
652 665 1
653 666 5
654 667 4
655 667 1
656 668 2
657 669 5
658 670 3
659 671 4
660 672 5
661 673 4
662 674 1
663 675 3
664 676 2
665 677 3
665 678 5
665 679 1
666 680 2
667 681 5
667 682 2
668 683 4
668 684 3
668 685 2
669 686 2
669 687 1
670 688 4
671 689 5
672 689 5
673 690 1
674 691 1
675 691 4
676 692 3
677 693 5
678 693 2
679 694 4
680 695 2
681 696 4
682 696 3
683 697 5
684 697 3
685 698 4
686 699 1
687 699 5
688 700 5
689 700 3
690 700 5
691 700 3
692 700 5
693 700 4
694 700 3
695 700 4
696 700 1
697 700 1
698 700 3
699 700 4
