13 13 11 13 11 13 13 13
13 11 11 12 12 13 11 12
7 7 8 7 8 8 9 8
9 10 9 10 8 9 11 9
13 12 10 10 11 10 11 10
9 9 10 9 11 10 11 10
8 8 8 8 7 7 7 7
6 5 6 5 5 5 6 6
9 11 10 11 11 10 8 10
2 2 3 2 2 3 3 2
7 6 7 6 7 7 7 7
3 3 3 3 3 3 4 3
2 2 3 3 2 3 2 3
8 11 9 8 8 11 11 9
15 15 12 12 14 14 13 15
8 7 8 7 7 9 9 9
16 14 16 14 13 14 14 14
12 10 13 11 10 12 11 11
1 1 1 1 2 2 2 2
15 16 14 15 13 15 16 13
6 7 7 6 6 6 6 7
3 3 3 3 3 3 2 2
4 3 3 3 3 4 4 4
9 8 9 7 9 7 7 9
1 2 1 1 2 1 2 1
12 10 9 11 10 12 11 10
2 1 1 2 1 2 2 2
11 10 10 9 9 11 12 12
10 10 11 11 10 12 10 9
8 7 7 8 8 8 8 7
13 13 13 14 16 14 15 13
2 1 1 2 1 1 2 1
3 2 3 3 3 2 3 2
2 1 2 1 1 1 2 1
4 3 4 3 3 3 3 4
11 11 10 11 9 12 12 11
13 13 11 12 11 12 11 11
2 1 1 2 2 1 2 2
2 2 2 3 3 3 3 2
3 3 4 3 3 4 4 4
2 3 3 2 2 3 2 2
12 10 11 12 9 11 10 12
14 15 15 13 15 15 15 16
9 9 8 9 8 8 7 8
6 7 6 6 7 6 7 7
12 11 10 13 13 12 11 11
8 8 8 8 8 8 8 7
2 3 2 2 2 3 2 3
13 16 15 14 15 15 13 15
8 7 8 7 9 7 9 7
10 11 11 12 10 11 12 12
12 12 14 14 13 11 12 14
6 6 5 5 6 6 5 5
11 9 10 9 10 11 10 12
15 15 16 13 15 16 15 13
13 14 11 11 12 14 14 13
6 5 5 6 5 5 5 6
7 7 8 7 8 7 8 7
3 4 3 4 4 4 4 3
13 15 16 15 15 13 15 16
9 9 10 10 12 9 10 9
10 10 11 10 10 12 10 11
13 14 15 12 14 14 13 14
15 14 12 14 15 15 12 15
13 12 13 14 13 14 14 11
6 5 5 5 6 5 6 6
15 13 16 13 16 14 15 16
11 10 9 9 12 12 10 10
14 12 14 12 12 14 11 12
7 8 7 8 8 7 7 7
9 11 10 9 9 10 11 12
10 10 12 10 13 12 12 11
13 13 10 13 10 10 12 10
4 4 4 3 4 3 3 4
6 5 5 6 6 6 5 5
7 7 8 7 8 8 8 8
11 9 10 9 9 8 10 10
8 8 8 8 8 8 7 7
2 3 2 3 2 3 2 3
11 12 12 10 12 10 12 10
12 10 10 12 9 10 9 11
13 12 13 14 14 13 12 12
13 14 12 14 14 14 15 15
14 14 14 15 15 14 13 13
6 6 6 7 7 6 7 6
7 8 7 7 8 8 7 9
4 4 4 4 3 3 4 3
7 8 9 7 7 9 9 8
11 12 12 10 10 11 10 11
7 7 7 8 7 7 7 8
11 13 14 14 11 14 11 12
14 12 13 15 14 13 12 15
4 5 5 5 5 5 5 4
8 11 11 8 9 8 9 10
8 8 11 11 9 8 10 8
3 4 4 3 3 3 3 4
5 5 5 6 6 5 5 6
1 1 2 1 1 2 2 2
7 7 6 7 7 6 7 6
11 13 13 10 12 13 13 13
10 11 11 11 8 8 11 9
5 4 5 4 5 4 5 5
1 2 1 1 2 1 1 2
10 8 11 8 9 8 11 10
4 4 4 3 4 3 3 3
12 12 13 13 12 13 11 14
7 8 7 8 8 7 8 8
7 9 7 7 8 9 7 9
6 5 5 6 6 6 6 6
14 14 12 13 13 14 14 12
6 7 7 6 7 7 6 7
2 2 2 2 3 2 2 2
3 4 3 3 3 4 3 4
5 4 4 4 5 5 5 4
13 11 14 14 14 14 11 12
9 9 9 12 10 9 9 12
6 6 5 5 6 6 6 6
2 2 1 1 2 1 2 2
13 13 13 15 16 14 16 16
8 8 11 9 11 11 8 9
7 8 8 8 8 8 8 7
11 9 11 11 9 10 10 10
2 2 1 1 2 1 1 2
6 6 5 6 6 5 5 6
9 11 11 11 10 9 10 8
2 3 2 2 3 3 2 3
1 1 2 2 1 1 2 2
10 11 11 10 11 10 10 8
12 10 10 9 9 12 10 9
12 12 10 9 11 10 10 9
11 12 11 11 13 10 12 10
10 12 12 9 9 11 9 12
12 12 11 9 9 12 10 11
8 8 7 7 8 8 8 7
8 7 7 7 8 8 9 9
3 4 4 3 3 3 4 4
10 10 11 11 11 10 8 9
13 16 15 13 16 16 13 16
7 6 7 7 6 7 6 6
10 13 13 12 13 10 10 10
11 11 12 11 12 13 11 12
11 9 11 10 10 10 9 9
5 5 5 6 6 5 5 5
1 2 1 2 1 2 2 1
6 5 6 5 5 5 6 5
10 11 11 8 9 10 8 10
15 13 15 12 12 15 14 12
7 7 7 6 7 7 7 7
4 4 3 4 3 4 3 4
11 8 8 9 8 9 9 10
7 7 7 8 7 7 7 8
6 6 6 6 6 6 6 5
10 13 10 12 11 12 13 13
3 3 4 3 4 3 3 4
14 12 14 13 12 14 14 14
13 15 16 16 16 14 14 16
15 14 13 16 13 15 16 14
1 2 2 2 1 2 1 1
4 5 5 5 5 5 5 5
11 11 8 9 10 10 9 8
7 6 7 7 6 7 7 6
7 7 8 8 7 7 8 8
3 3 4 3 3 3 3 3
11 12 12 10 11 12 11 11
5 4 5 4 5 5 4 4
4 5 5 4 5 5 4 4
3 3 3 2 3 2 2 3
12 12 9 9 12 10 12 11
6 6 5 5 6 6 5 6
14 12 14 12 13 13 15 14
11 10 11 11 13 11 12 10
9 8 9 9 8 8 8 9
5 5 4 5 5 5 4 4
3 4 3 4 3 4 4 4
14 14 13 13 14 14 14 14
6 6 7 7 6 6 7 7
3 3 2 2 2 3 2 2
10 12 9 9 11 11 12 10
2 2 2 1 2 1 2 1
7 7 8 7 8 7 7 7
8 8 8 8 7 8 7 7
12 13 11 13 12 14 11 11
8 7 7 7 7 8 7 8
3 3 4 3 3 3 4 4
1 2 1 2 1 1 2 1
12 9 9 11 11 9 12 11
6 6 6 7 7 7 6 7
10 12 12 9 11 11 10 10
13 13 14 13 14 15 12 15
12 13 10 10 11 13 10 10
7 8 8 7 8 7 7 7
3 3 3 3 2 2 2 3
7 8 7 8 7 8 7 8
15 14 16 13 16 13 14 15
4 4 3 3 4 3 3 3
2 3 3 3 2 3 2 3
8 7 7 8 7 8 7 8
5 4 5 4 5 5 4 4
6 6 5 6 6 6 5 5
13 11 12 11 13 12 12 13
